0 2.164534 118
1 1.072746 118
2 1.001432 118
3 0.831712 118
4 0.742017 118
5 18.753703 118
6 1.481034 118
7 1.792593 118
8 1.433254 118
9 0.885500 118
10 1.573178 118
11 1.394525 118
12 5.750169 118
13 1.945178 118
14 3.023610 118
15 1.326975 118
16 1.780881 118
17 1.889763 118
18 1.595407 118
19 0.597931 116
20 0.717316 117
21 1.567551 118
22 0.562009 117
23 1.664754 118
24 0.963586 116
25 1.426737 118
26 1.937500 118
27 1.820339 118
28 1.576525 118
29 4.774356 118
30 5.542195 118
31 7.391856 118
32 1.245627 118
33 1.509805 118
34 0.930043 117
35 0.901672 116
36 1.022786 117
37 1.486644 118
38 0.481440 116
39 0.445761 117
40 0.446009 117
41 1.315686 118
42 1.455085 118
43 1.324424 118
44 0.540983 118
45 1.348305 118
46 0.605610 118
47 0.646966 118
48 0.201288 118
49 1.026144 118
50 1.396492 118
51 1.557110 118
52 1.331720 118
53 1.394593 118
54 2.584669 118
55 2.599881 118
56 1.371898 118
57 1.451737 118
58 2.129076 118
59 1.463085 118
60 9.490551 118
61 1.800983 118
62 1.695932 118
63 1.637178 118
64 1.608949 118
65 1.710483 118
66 1.589619 118
67 2.197339 118
68 2.368839 118
69 1.117169 118
70 0.394716 116
71 0.355845 116
72 0.348436 117
73 1.632246 118
74 1.039254 118
75 0.958992 118
76 0.764483 118
77 0.587763 118
78 0.630678 118
79 0.730102 118
80 0.507322 118
81 0.531237 118
82 1.131966 118
83 1.137331 118
84 0.516585 118
85 1.303898 118
86 0.497393 117
87 0.470585 118
88 0.383974 117
89 18.399322 118
90 0.922568 118
91 19.763754 118
92 1.517034 118
93 0.700975 118
94 0.708246 118
95 0.728051 118
96 1.979814 118
97 2.168466 118
98 0.220703 118
99 0.248441 118
100 0.523074 95
101 0.247084 95
102 0.293347 95
103 0.330042 95
104 1.152189 95
105 0.454779 95
106 0.420421 95
107 1.131211 95
108 0.325537 95
109 1.492032 95
110 0.970442 95
111 1.932600 95
112 2.978505 95
113 1.090179 95
114 0.371547 95
115 0.323021 95
116 0.969295 95
117 0.989863 95
118 0.329747 95
119 0.329042 95
120 0.938463 95
121 0.968989 95
122 14.384463 95
123 1.294674 95
124 1.303632 95
125 1.372842 95
126 1.327032 95
127 1.376295 95
128 1.198726 95
129 2.052189 95
130 1.140021 95
131 0.979768 95
132 1.159505 95
133 2.384747 95
134 0.774691 94
135 0.712710 93
136 1.471253 95
137 1.549053 95
138 0.482968 93
139 0.461935 93
140 1.084883 94
141 1.628537 95
142 0.510316 95
143 1.489789 95
144 1.358063 95
145 1.508779 95
146 2.430495 95
147 1.180284 95
148 1.734979 95
149 2.006884 95
150 1.035953 107
151 0.400720 107
152 1.987393 107
153 2.074056 107
154 1.415953 107
155 0.976393 107
156 2.235729 107
157 1.164346 107
158 1.291262 107
159 1.558084 107
160 13.984346 107
161 1.393196 107
162 2.481121 107
163 2.615654 107
164 1.483103 107
165 0.337774 106
166 0.350057 105
167 0.959832 107
168 0.323302 106
169 1.592953 107
170 0.600495 105
171 2.850738 107
172 16.361710 107
173 14.261121 107
174 12.046755 106
175 11.066198 106
176 10.142047 106
177 9.193311 106
178 8.003236 106
179 12.860953 107
180 6.779632 106
181 5.873679 106
182 5.288887 106
183 4.178352 105
184 3.810990 105
185 2.034037 107
186 1.482519 106
187 10.347519 106
188 0.911048 105
189 0.558886 105
190 0.567505 105
191 9.511771 105
192 0.515557 106
193 0.184000 107
194 0.184352 105
195 9.749971 105
196 0.523425 106
197 0.179689 106
198 0.370519 106
199 0.374217 106
200 16.580350 103
201 15.155379 103
202 14.635039 103
203 14.223136 103
204 12.667146 103
205 12.143767 103
206 11.346204 103
207 10.771583 103
208 14.174417 103
209 9.932184 103
210 8.827602 103
211 8.436913 103
212 7.662155 103
213 6.675408 103
214 5.730699 103
215 4.970612 103
216 3.822000 103
217 3.076126 103
218 2.848641 103
219 2.265699 103
220 1.117835 103
221 0.390087 103
222 0.260680 103
223 0.314757 103
224 0.432660 103
225 0.587330 103
226 0.211291 103
227 9.455631 103
228 0.569757 103
229 0.407903 103
230 0.402252 103
231 9.689874 103
232 0.729243 103
233 0.378825 103
234 0.581010 103
235 0.556553 103
236 0.388709 103
237 0.399291 103
238 0.185291 103
239 0.577709 103
240 0.578029 103
241 0.379165 103
242 0.396359 103
243 0.202350 103
244 0.188495 103
245 0.376010 103
246 0.394981 103
247 9.333165 103
248 0.689650 103
249 0.392087 103
250 16.631064 109
251 15.073936 109
252 14.054771 109
253 15.545532 109
254 13.356954 109
255 12.548266 109
256 11.304835 109
257 10.711119 109
258 9.651844 109
259 9.668450 109
260 9.120119 109
261 8.576661 109
262 7.485220 109
263 5.451367 109
264 4.715532 109
265 3.573339 109
266 3.133287 108
267 2.580815 108
268 1.686833 108
269 1.470324 108
270 0.741862 109
271 9.388486 109
272 9.836220 109
273 9.824541 109
274 9.947880 108
275 9.815380 108
276 0.529881 109
277 0.233440 109
278 0.243722 108
279 8.558185 108
280 0.558870 108
281 0.230333 108
282 0.513426 108
283 0.583248 109
284 0.569651 109
285 0.570385 109
286 0.388073 109
287 0.433394 109
288 0.395633 109
289 0.210852 108
290 0.206648 108
291 8.515324 108
292 0.523852 108
293 0.206676 108
294 0.190593 108
295 0.208385 109
296 0.198704 108
297 0.205963 109
298 0.239389 108
299 0.215583 108
300 16.565730 111
301 15.323495 111
302 14.684757 111
303 13.452613 111
304 12.877514 111
305 11.479216 111
306 10.906207 111
307 9.975784 111
308 9.127901 111
309 9.145622 111
310 8.923063 111
311 7.861532 111
312 6.772928 111
313 6.090315 111
314 6.122099 111
315 4.927658 111
316 4.323473 110
317 3.373351 111
318 3.133964 110
319 2.513645 110
320 1.458109 110
321 0.368282 110
322 0.248937 111
323 0.244491 110
324 0.416209 110
325 0.376577 111
326 0.457919 111
327 0.396405 111
328 0.309764 110
329 0.384514 111
330 0.197919 111
331 0.200345 110
332 0.389536 110
333 0.377018 111
334 0.216045 111
335 0.224109 110
336 0.240216 111
337 0.401739 111
338 8.967892 111
339 0.688727 110
340 0.377891 110
341 0.470491 110
342 0.396591 110
343 0.209427 110
344 0.217645 110
345 0.205545 110
346 0.411604 111
347 0.578054 111
348 0.778382 110
349 0.552445 110
350 17.578915 117
351 16.080735 117
352 15.439368 117
353 14.272769 117
354 13.712624 117
355 15.258641 117
356 15.374308 117
357 15.397684 117
358 15.186231 117
359 10.480701 117
360 9.844761 117
361 8.659026 117
362 13.438162 117
363 7.033051 117
364 12.667291 117
365 5.760103 117
366 11.676880 117
367 11.746164 116
368 3.089328 116
369 1.833129 116
370 10.061259 116
371 10.646914 116
372 10.055534 116
373 0.667871 116
374 9.803690 116
375 0.708017 116
376 0.368641 117
377 0.379504 117
378 9.578103 116
379 9.903733 116
380 0.893741 116
381 0.543586 116
382 0.598026 116
383 9.143769 117
384 9.519802 116
385 0.646776 116
386 0.343922 116
387 0.335483 116
388 8.965641 117
389 8.910436 117
390 8.795405 116
391 8.547197 117
392 0.665405 116
393 0.368198 116
394 8.140828 116
395 8.187983 116
396 0.584500 116
397 7.491164 116
398 7.687078 116
399 7.315086 116
400 16.738189 111
401 15.551946 111
402 15.200820 111
403 14.174306 111
404 15.324171 111
405 15.413757 111
406 15.524892 111
407 15.416532 111
408 11.767514 111
409 14.950631 111
410 19.999820 111
411 19.999802 111
412 19.999874 111
413 19.999745 110
414 19.999927 110
415 19.817973 110
416 19.818091 110
417 19.999752 109
418 19.999862 109
419 19.817936 110
420 19.999798 109
421 19.999806 108
422 19.645019 108
423 19.999815 108
424 19.999880 108
425 13.882926 108
426 19.814565 108
427 19.999860 107
428 17.975196 107
429 19.999748 107
430 19.999766 107
431 18.211794 107
432 16.249832 107
433 12.108757 107
434 19.999748 107
435 19.999879 107
436 19.632844 109
437 5.942776 107
438 19.629407 108
439 19.999792 106
440 19.999840 106
441 8.290722 108
442 19.999698 106
443 19.999783 106
444 19.999783 106
445 15.508896 106
446 19.629565 108
447 15.071150 107
448 19.449349 109
449 19.132355 107
450 19.999820 111
451 19.999829 111
452 19.999775 111
453 19.999755 110
454 19.999745 110
455 19.999844 109
456 19.817973 110
457 19.999807 109
458 19.999752 109
459 19.026036 111
460 1.512486 111
461 1.321901 111
462 0.525838 111
463 1.265036 111
464 0.995264 110
465 1.395541 111
466 0.583798 109
467 0.643727 110
468 0.592147 109
469 0.350872 109
470 0.583183 109
471 0.611661 109
472 0.582800 110
473 0.567972 109
474 0.593873 110
475 0.639523 109
476 0.585679 109
477 0.539844 109
478 0.526771 109
479 0.525855 110
480 0.519972 109
481 0.494651 109
482 19.747099 111
483 0.872676 111
484 0.310082 110
485 0.189881 109
486 0.934658 111
487 0.191418 110
488 0.201259 108
489 1.102081 111
490 0.962928 111
491 0.198330 109
492 0.177074 108
493 13.260396 111
494 5.213380 108
495 0.631187 107
496 1.918721 111
497 0.157917 109
498 1.056162 111
499 19.642270 111
500 19.832729 118
501 1.732212 118
502 0.363207 116
503 2.619992 118
504 1.850127 118
505 0.728171 117
506 0.924932 118
507 0.785675 117
508 1.506644 118
509 0.456864 118
510 3.106831 118
511 1.352203 118
512 1.178297 118
513 5.274856 118
514 2.299686 118
515 1.187831 118
516 1.974763 118
517 1.201924 118
518 1.256373 118
519 1.268780 118
520 1.146559 118
521 1.208305 118
522 1.077093 118
523 1.324678 118
524 1.835212 118
525 1.417754 118
526 1.321415 118
527 1.601169 118
528 1.353746 118
529 1.155992 118
530 2.848280 118
531 2.226190 116
532 1.786686 118
533 0.603339 118
534 0.640026 116
535 0.663008 118
536 0.586231 117
537 0.671110 118
538 1.581602 118
539 0.679410 117
540 1.157034 117
541 0.607222 117
542 1.304415 118
543 2.406907 118
544 0.742991 117
545 0.747602 118
546 0.893466 118
547 1.354017 118
548 1.760763 118
549 1.216949 117
550 2.842736 106
551 3.324849 106
552 1.012821 106
553 0.795849 106
554 0.839443 106
555 0.853000 106
556 0.638094 106
557 0.856755 106
558 0.929726 106
559 1.556726 106
560 0.658208 106
561 0.780170 106
562 0.609491 106
563 0.538113 106
564 0.682858 106
565 1.040509 106
566 0.732160 106
567 6.801708 106
568 1.717519 106
569 2.405321 106
570 0.923162 105
571 2.319028 106
572 0.861408 103
573 0.841699 103
574 0.781175 103
575 0.813534 103
576 0.674632 106
577 0.633369 103
578 1.697783 106
579 1.180821 106
580 1.142972 106
581 1.103981 106
582 1.191764 106
583 1.214302 106
584 1.015594 106
585 0.973604 106
586 1.880481 106
587 2.219887 106
588 2.254708 106
589 1.229538 106
590 0.902654 104
591 1.666745 106
592 2.409274 106
593 2.235868 106
594 1.692075 106
595 1.793217 106
596 1.857462 106
597 1.740623 106
598 2.317047 106
599 1.654660 106
600 2.248060 117
601 1.754974 117
602 1.688675 117
603 3.039667 117
604 1.638509 116
605 1.620043 117
606 1.795974 116
607 1.773164 116
608 2.869171 117
609 2.348410 117
610 1.192034 117
611 2.912137 117
612 1.839638 116
613 1.951940 116
614 1.790629 116
615 1.592154 117
616 4.279077 117
617 3.358871 116
618 3.431120 117
619 1.159625 112
620 2.824821 117
621 2.697949 117
622 9.848974 117
623 8.834596 114
624 2.973197 117
625 2.482843 115
626 1.813564 117
627 1.394470 115
628 1.576509 114
629 1.311719 114
630 2.564530 117
631 1.946553 114
632 0.470319 116
633 0.519947 114
634 2.014675 117
635 1.430548 115
636 1.806085 117
637 2.519265 117
638 2.777632 117
639 2.552470 117
640 2.364077 117
641 2.601250 116
642 2.615607 117
643 2.467197 117
644 2.887504 117
645 2.333829 117
646 1.559684 117
647 1.419222 117
648 1.297957 117
649 1.716855 117
650 18.190345 113
651 2.041292 113
652 0.809768 112
653 1.663000 113
654 2.116283 113
655 4.103080 113
656 1.248885 113
657 2.890867 113
658 1.716602 113
659 10.017504 113
660 1.701155 110
661 2.238743 113
662 1.102441 111
663 1.909425 113
664 2.056876 113
665 2.943327 113
666 3.292354 113
667 2.694487 113
668 0.785342 111
669 1.736000 113
670 0.870786 112
671 1.886336 113
672 1.689398 113
673 1.633216 111
674 2.704381 113
675 3.020159 113
676 3.621487 113
677 1.454044 113
678 2.660009 113
679 3.214469 113
680 2.431319 113
681 4.908646 113
682 3.254947 113
683 19.744434 113
684 1.281053 113
685 1.451071 113
686 1.774071 113
687 2.380009 113
688 2.203265 113
689 1.507743 113
690 1.222947 113
691 2.475823 113
692 4.065894 113
693 3.870009 113
694 2.434451 113
695 1.884292 113
696 1.234991 113
697 14.302336 113
698 2.911558 113
699 1.639044 113
700 4.049981 104
701 2.971529 104
702 3.291913 104
703 2.558817 104
704 2.700644 104
705 5.170058 104
706 3.295913 104
707 2.804231 104
708 2.393904 104
709 2.073106 104
710 3.922423 104
711 3.161577 104
712 2.961221 104
713 1.995625 104
714 5.065221 104
715 2.359337 104
716 7.601404 104
717 3.106481 104
718 3.419500 104
719 2.280577 104
720 3.537154 104
721 3.587885 104
722 1.882317 104
723 2.222721 104
724 2.161317 104
725 3.238769 104
726 6.551433 104
727 6.015175 103
728 5.912686 102
729 4.910119 101
730 8.200612 103
731 9.531158 101
732 7.672882 102
733 8.529510 102
734 4.876208 101
735 8.908451 102
736 1.049404 104
737 1.304538 104
738 1.700865 104
739 0.659137 102
740 0.707608 102
741 1.097115 104
742 0.286663 101
743 0.245356 101
744 6.724885 104
745 1.292875 104
746 1.480644 104
747 0.621757 103
748 0.664117 103
749 1.210135 104
750 1.864212 104
751 1.432721 104
752 1.237385 104
753 0.451952 104
754 1.180144 104
755 2.225817 104
756 1.891709 103
757 4.691262 103
758 0.685902 102
759 1.028990 102
760 0.713069 101
761 1.006950 101
762 2.872233 103
763 0.419186 102
764 0.488696 102
765 1.862883 103
766 1.433190 100
767 0.652554 101
768 1.611709 103
769 1.380260 100
770 0.455784 102
771 3.905447 103
772 5.881697 99
773 5.834767 103
774 1.802398 103
775 1.439990 103
776 1.780971 103
777 1.300602 103
778 4.449641 103
779 1.834155 103
780 1.319971 103
781 1.244621 103
782 1.158388 103
783 1.647660 103
784 1.006981 103
785 1.529126 103
786 0.424636 99
787 1.730816 103
788 0.525802 101
789 1.508544 103
790 1.285893 103
791 2.182117 103
792 0.357019 103
793 1.103485 103
794 1.241738 103
795 0.944087 103
796 0.965709 103
797 1.205534 103
798 1.160981 103
799 1.000379 103
800 2.946776 116
801 1.192034 116
802 1.075474 116
803 18.056810 116
804 6.339635 115
805 1.670293 116
806 1.101354 113
807 1.513879 116
808 1.472095 116
809 1.704853 116
810 0.412850 113
811 1.253267 116
812 1.810517 116
813 0.387611 113
814 1.245466 116
815 1.398371 116
816 2.324690 116
817 11.459431 116
818 14.138957 116
819 15.610931 116
820 15.402612 116
821 13.723095 116
822 1.001862 116
823 1.182750 116
824 7.674560 116
825 1.289509 116
826 1.397879 116
827 1.143466 116
828 1.073353 116
829 1.409509 116
830 2.186336 116
831 2.157698 116
832 3.836216 116
833 1.049664 116
834 0.929957 116
835 1.003853 116
836 0.955871 116
837 1.125026 116
838 0.790793 116
839 0.720302 116
840 1.713862 116
841 3.494819 116
842 0.905845 116
843 0.862802 116
844 0.962948 116
845 0.935388 116
846 2.004000 116
847 0.702379 116
848 0.873353 116
849 0.657991 116
850 8.039357 115
851 1.632617 115
852 0.670842 114
853 1.212165 115
854 1.033913 115
855 0.421096 114
856 0.433561 114
857 1.360209 115
858 0.499237 114
859 0.373518 114
860 1.174922 115
861 1.158070 115
862 1.226435 115
863 1.827713 115
864 1.329157 115
865 1.502200 115
866 18.774913 115
867 19.546345 113
868 19.635009 113
869 19.725354 113
870 19.662167 114
871 19.681781 114
872 19.920655 113
873 19.902487 113
874 19.823035 113
875 19.822876 113
876 19.823053 113
877 19.649053 114
878 19.823044 113
879 19.823000 113
880 19.823115 113
881 19.822903 113
882 19.823097 113
883 19.649140 114
884 19.823088 113
885 19.822938 113
886 19.822982 113
887 19.823053 113
888 19.823044 113
889 19.649114 114
890 19.649175 114
891 19.535779 113
892 15.994009 115
893 18.995491 114
894 17.122526 114
895 1.441435 115
896 0.134658 114
897 0.139442 113
898 0.381965 115
899 0.133835 115
900 0.823500 110
901 1.572964 110
902 2.902109 110
903 1.285615 109
904 1.471422 109
905 10.621491 110
906 9.651083 109
907 8.510455 110
908 1.472336 110
909 0.317065 107
910 0.407654 107
911 1.360218 110
912 0.530280 107
913 0.359607 107
914 1.561964 110
915 0.377406 106
916 1.280855 110
917 19.819191 110
918 19.814565 108
919 19.999991 107
920 19.999701 107
921 19.999944 107
922 19.999664 107
923 19.999953 107
924 19.999692 107
925 19.999897 107
926 19.814565 108
927 19.999897 107
928 19.999710 107
929 19.632954 109
930 19.999701 107
931 0.882564 110
932 1.048891 110
933 0.234269 108
934 0.196352 108
935 0.207327 107
936 0.634944 108
937 0.194550 109
938 0.197769 108
939 1.238273 110
940 0.173411 107
941 0.172389 108
942 0.153897 107
943 0.174832 107
944 1.229027 110
945 0.810927 110
946 0.403436 110
947 0.239787 108
948 0.601609 110
949 0.162119 109
950 0.668541 109
951 0.461881 109
952 1.360147 109
953 1.009843 108
954 1.655872 109
955 0.618009 109
956 1.260046 109
957 0.358981 108
958 0.367556 108
959 0.437519 108
960 1.327477 109
961 0.422074 108
962 0.425741 108
963 0.488266 109
964 1.302037 109
965 1.506183 109
966 0.381206 107
967 4.572284 109
968 3.416028 108
969 3.406315 108
970 3.290398 108
971 3.397778 108
972 2.259927 109
973 1.399853 109
974 1.556339 109
975 0.529514 107
976 1.694257 109
977 1.539174 109
978 1.207954 109
979 1.258679 109
980 1.411037 109
981 11.362110 109
982 1.474486 107
983 1.700771 109
984 1.323615 109
985 2.749211 109
986 0.632651 109
987 0.963257 109
988 1.039229 109
989 19.999945 109
990 1.045569 109
991 1.130550 109
992 0.762642 109
993 0.990615 109
994 1.051239 109
995 1.259578 109
996 0.701138 109
997 1.054954 109
998 0.716101 109
999 1.002917 109
1000 1.140307 88
1001 1.226011 88
1002 2.396011 88
1003 1.433182 88
1004 1.181977 88
1005 1.057148 88
1006 1.112977 88
1007 1.245795 88
1008 2.203818 88
1009 1.348443 88
1010 0.957761 88
1011 1.203932 88
1012 1.018909 88
1013 1.498330 88
1014 1.215114 88
1015 1.863102 88
1016 1.378636 88
1017 0.406558 86
1018 0.402558 86
1019 0.367360 86
1020 0.432174 86
1021 0.421233 86
1022 0.409081 86
1023 0.402977 87
1024 0.430895 86
1025 0.421198 86
1026 0.515919 86
1027 0.421736 87
1028 0.399593 86
1029 0.400105 86
1030 0.482907 86
1031 0.364035 86
1032 1.389625 88
1033 0.308635 85
1034 0.411442 86
1035 1.080886 88
1036 0.271989 88
1037 1.021761 88
1038 0.309000 87
1039 0.409138 87
1040 0.919057 88
1041 0.299534 88
1042 0.987284 88
1043 4.621648 88
1044 0.563636 88
1045 0.432784 88
1046 1.283943 88
1047 0.386767 86
1048 0.312176 85
1049 9.031682 88
1050 8.766121 107
1051 8.664299 107
1052 8.078311 106
1053 1.172299 107
1054 0.324811 106
1055 1.212561 107
1056 0.417781 105
1057 0.293638 105
1058 1.347692 107
1059 0.544448 105
1060 0.493324 105
1061 1.775336 107
1062 1.104657 105
1063 0.813562 105
1064 0.737105 105
1065 0.434411 107
1066 1.418981 105
1067 0.488352 105
1068 0.898714 105
1069 0.517274 106
1070 0.689362 105
1071 1.000648 105
1072 0.630038 106
1073 0.721895 105
1074 2.340037 107
1075 0.436385 104
1076 0.805448 105
1077 0.557202 104
1078 0.803962 104
1079 1.480942 104
1080 0.464238 105
1081 0.398733 105
1082 0.704298 104
1083 0.667385 104
1084 0.683067 104
1085 0.440952 104
1086 0.468057 105
1087 2.753009 107
1088 2.174236 106
1089 2.270943 105
1090 2.961056 107
1091 2.596112 107
1092 2.299085 106
1093 2.370695 105
1094 1.504206 107
1095 2.551579 107
1096 1.064486 107
1097 0.399368 106
1098 0.472217 106
1099 0.489689 106
1100 1.028705 122
1101 1.261484 122
1102 6.974050 121
1103 3.212672 122
1104 1.887541 122
1105 2.354820 122
1106 2.515566 122
1107 2.190303 122
1108 1.389402 122
1109 0.285892 120
1110 0.376370 119
1111 0.386210 119
1112 6.292574 122
1113 1.723149 121
1114 2.038139 122
1115 2.373852 122
1116 2.196139 122
1117 1.087820 122
1118 1.221943 122
1119 1.295475 122
1120 0.745545 121
1121 0.626050 121
1122 1.070811 122
1123 0.403702 121
1124 0.415000 121
1125 10.551967 122
1126 0.959574 122
1127 0.259892 120
1128 0.283442 120
1129 1.098025 122
1130 0.983918 122
1131 0.992861 122
1132 1.087344 122
1133 0.371000 121
1134 1.188992 122
1135 1.018074 122
1136 0.979256 121
1137 1.197984 122
1138 0.411636 121
1139 2.148057 122
1140 1.164221 122
1141 1.027884 121
1142 0.921943 122
1143 1.480049 122
1144 0.616190 121
1145 1.142795 122
1146 0.805189 122
1147 0.870198 121
1148 0.868590 122
1149 0.704033 122
1150 0.624441 111
1151 0.315559 111
1152 0.293063 111
1153 1.424658 111
1154 0.645459 111
1155 0.575264 110
1156 0.996162 111
1157 0.356216 111
1158 1.096640 111
1159 0.377645 110
1160 2.845279 111
1161 0.906881 109
1162 1.216829 111
1163 0.544000 110
1164 0.286155 110
1165 1.103847 111
1166 1.245126 111
1167 1.335901 111
1168 1.049207 111
1169 0.434198 111
1170 1.794432 111
1171 0.506550 109
1172 1.479423 111
1173 0.627881 109
1174 1.315865 111
1175 0.688355 110
1176 1.741126 111
1177 0.557852 108
1178 1.536820 111
1179 0.778843 108
1180 1.559477 111
1181 0.958294 109
1182 1.149955 111
1183 1.375171 111
1184 1.054072 111
1185 0.362191 110
1186 1.106883 111
1187 1.406523 111
1188 15.750604 111
1189 16.163991 111
1190 2.014712 111
1191 1.042126 111
1192 2.077586 111
1193 1.036090 111
1194 0.274527 110
1195 1.086423 111
1196 0.331209 110
1197 1.096360 111
1198 1.444820 111
1199 0.292835 109
1200 2.511664 113
1201 1.061531 113
1202 1.360699 113
1203 0.343115 113
1204 1.355442 113
1205 0.372168 113
1206 2.257142 113
1207 0.748788 113
1208 1.038761 113
1209 0.767982 113
1210 12.335841 113
1211 3.092743 113
1212 12.194752 113
1213 1.346575 113
1214 2.935549 113
1215 1.890097 113
1216 1.203071 113
1217 1.250894 113
1218 1.367195 113
1219 1.044655 113
1220 1.379655 113
1221 14.101575 113
1222 1.534956 113
1223 1.238761 113
1224 1.091195 113
1225 0.855894 113
1226 0.850885 113
1227 3.576168 113
1228 1.085283 113
1229 0.777416 113
1230 2.305035 113
1231 1.216310 113
1232 1.025115 113
1233 0.836566 113
1234 0.980018 113
1235 2.168779 113
1236 0.825265 113
1237 0.933823 113
1238 0.800035 113
1239 0.995752 113
1240 0.362690 113
1241 2.023575 113
1242 0.794947 113
1243 4.637336 113
1244 0.822142 113
1245 0.889283 113
1246 0.808115 113
1247 1.338947 113
1248 1.324434 113
1249 1.128319 113
1250 3.247879 116
1251 1.279362 116
1252 0.422319 116
1253 0.353862 116
1254 1.713578 116
1255 1.385483 116
1256 0.492052 115
1257 4.152664 116
1258 0.934914 116
1259 1.308422 116
1260 1.470216 116
1261 1.180000 116
1262 1.898819 116
1263 1.256543 116
1264 1.713017 116
1265 1.367414 116
1266 0.444365 115
1267 1.568983 116
1268 2.417078 116
1269 1.237638 116
1270 0.495851 114
1271 0.368478 113
1272 0.384088 113
1273 0.355658 114
1274 0.341212 113
1275 0.375640 114
1276 0.355632 114
1277 3.338483 116
1278 19.828000 116
1279 2.048319 116
1280 2.199819 116
1281 4.090345 116
1282 6.695991 116
1283 1.690216 116
1284 1.698241 116
1285 1.873302 116
1286 0.245877 114
1287 0.231202 114
1288 0.429267 116
1289 0.186207 116
1290 5.503922 116
1291 1.285000 116
1292 1.264534 116
1293 0.915681 116
1294 0.994017 116
1295 5.541284 116
1296 0.900457 116
1297 0.850000 116
1298 2.229112 116
1299 0.736009 116
1300 1.573360 111
1301 0.817514 111
1302 0.729342 111
1303 3.686261 111
1304 0.906802 111
1305 1.862640 111
1306 2.734459 111
1307 1.589243 111
1308 0.542736 110
1309 0.554918 110
1310 1.195153 111
1311 0.328064 110
1312 0.335385 109
1313 0.324853 109
1314 2.215027 111
1315 1.254649 111
1316 0.356640 111
1317 1.417901 111
1318 1.255973 111
1319 0.381204 108
1320 1.391018 111
1321 0.341139 108
1322 4.803351 111
1323 7.362651 109
1324 1.407955 111
1325 1.524018 111
1326 1.328667 111
1327 4.773928 111
1328 1.468351 111
1329 5.202928 111
1330 1.642468 111
1331 1.073108 111
1332 0.895937 111
1333 1.242658 111
1334 2.346514 111
1335 1.490564 110
1336 1.336718 110
1337 2.115300 110
1338 1.554355 110
1339 1.346757 111
1340 1.055845 110
1341 1.544209 110
1342 1.524373 110
1343 0.984545 110
1344 1.171055 110
1345 0.928209 110
1346 1.182064 110
1347 1.259865 111
1348 0.764318 110
1349 0.605173 110
1350 2.119590 100
1351 1.595140 100
1352 1.500960 100
1353 2.273010 100
1354 1.654510 100
1355 1.190080 100
1356 1.838310 100
1357 1.252300 100
1358 1.796240 100
1359 1.896420 100
1360 1.882360 100
1361 1.715390 100
1362 1.539460 100
1363 1.278780 100
1364 1.299810 100
1365 0.929860 100
1366 1.102140 100
1367 1.222140 100
1368 0.559690 100
1369 0.710390 100
1370 0.691970 100
1371 0.951000 100
1372 0.933630 100
1373 0.915870 100
1374 1.314890 100
1375 0.823700 100
1376 0.714250 100
1377 0.617200 100
1378 0.873390 100
1379 0.641030 100
1380 0.786890 100
1381 1.023480 100
1382 0.885360 100
1383 0.660840 100
1384 0.613790 100
1385 1.002700 100
1386 1.348490 100
1387 1.215760 100
1388 0.537470 100
1389 0.552970 100
1390 0.474040 100
1391 0.649040 100
1392 0.593010 100
1393 1.265670 100
1394 0.647850 100
1395 0.704620 100
1396 0.415070 100
1397 0.676140 100
1398 0.499330 100
1399 0.534040 100
1400 1.356505 101
1401 0.812822 101
1402 2.346733 101
1403 0.523740 100
1404 0.711390 100
1405 0.585620 100
1406 0.527580 100
1407 1.502990 101
1408 0.464320 100
1409 0.493990 100
1410 0.692240 100
1411 0.739250 100
1412 0.555610 100
1413 0.834790 100
1414 0.799590 100
1415 0.485000 100
1416 0.678574 101
1417 1.384673 101
1418 1.089990 100
1419 0.664540 100
1420 0.700267 101
1421 0.468750 100
1422 0.490900 100
1423 0.343250 100
1424 1.223640 100
1425 0.548110 100
1426 0.581790 100
1427 0.703861 101
1428 0.606750 100
1429 0.672410 100
1430 0.465560 100
1431 0.426950 100
1432 0.681650 100
1433 1.182099 101
1434 0.287330 100
1435 14.198960 101
1436 9.194190 100
1437 9.346460 100
1438 9.167470 100
1439 8.272590 100
1440 3.813871 101
1441 0.293620 100
1442 0.961000 101
1443 8.993257 101
1444 0.609280 100
1445 0.502010 100
1446 0.337790 100
1447 0.510740 100
1448 0.546310 100
1449 1.215099 101
1450 1.025570 93
1451 0.502710 93
1452 0.487140 93
1453 0.364172 93
1454 12.979516 93
1455 0.961473 93
1456 0.671183 93
1457 2.009935 93
1458 1.572258 93
1459 1.677806 93
1460 1.124935 93
1461 0.411043 92
1462 1.412247 93
1463 0.530109 92
1464 2.102484 93
1465 0.875225 89
1466 0.399292 89
1467 0.427467 90
1468 1.465968 93
1469 1.410946 93
1470 1.676043 93
1471 1.434710 93
1472 0.445319 91
1473 0.378505 91
1474 1.102806 93
1475 0.447161 93
1476 1.646462 93
1477 0.467267 90
1478 1.726839 93
1479 2.037505 93
1480 1.840742 93
1481 2.075075 93
1482 2.338183 93
1483 3.162882 93
1484 1.307312 93
1485 2.103720 93
1486 1.100581 93
1487 1.218323 93
1488 1.286204 93
1489 1.469634 93
1490 2.926237 93
1491 1.664667 93
1492 1.655000 93
1493 1.315570 93
1494 1.430301 93
1495 3.465323 93
1496 1.281258 93
1497 1.709000 93
1498 1.336118 93
1499 1.326957 93
1500 3.507409 110
1501 2.871991 110
1502 2.432309 110
1503 1.262400 110
1504 1.110527 110
1505 1.218200 110
1506 1.200427 110
1507 1.018036 110
1508 1.195755 110
1509 1.383109 110
1510 1.270100 110
1511 4.664527 110
1512 1.826100 110
1513 1.903845 110
1514 1.789664 110
1515 1.445627 110
1516 0.468074 108
1517 2.356055 110
1518 4.443477 107
1519 6.532546 108
1520 19.984533 107
1521 1.980600 110
1522 0.746566 106
1523 0.794870 108
1524 0.289349 106
1525 0.425963 107
1526 0.840583 108
1527 0.357421 107
1528 0.702727 110
1529 0.625827 110
1530 0.679027 110
1531 0.754500 110
1532 0.844155 110
1533 0.282633 109
1534 0.262119 109
1535 0.306523 109
1536 5.076809 110
1537 0.490587 109
1538 0.495606 109
1539 0.499266 109
1540 1.421291 110
1541 1.110110 109
1542 1.061000 109
1543 1.164294 109
1544 1.145771 109
1545 1.250145 110
1546 1.901727 110
1547 0.743518 110
1548 1.669500 110
1549 0.287972 107
1550 1.091115 122
1551 1.783279 122
1552 1.540836 122
1553 1.544967 122
1554 1.258311 122
1555 1.719975 122
1556 3.491762 122
1557 1.186156 122
1558 1.153885 122
1559 1.160615 122
1560 1.308590 122
1561 1.618525 122
1562 1.108311 122
1563 1.705680 122
1564 1.303459 122
1565 0.380339 121
1566 0.343463 121
1567 0.351475 122
1568 7.142680 122
1569 6.149802 121
1570 7.943689 122
1571 1.413328 122
1572 1.762417 120
1573 1.420279 122
1574 0.848869 122
1575 12.439082 122
1576 1.401418 122
1577 4.419795 122
1578 1.781959 122
1579 1.266066 122
1580 1.316836 122
1581 0.361339 121
1582 0.455383 120
1583 0.332033 120
1584 3.003885 122
1585 1.966874 119
1586 1.731098 122
1587 0.623613 119
1588 2.353992 119
1589 0.729303 119
1590 0.812109 119
1591 0.816849 119
1592 0.947467 120
1593 0.737458 120
1594 0.745271 118
1595 4.588619 118
1596 0.583907 118
1597 0.572814 118
1598 0.860934 122
1599 0.236711 121
1600 0.573342 114
1601 1.142368 114
1602 0.381381 113
1603 0.405246 114
1604 0.325000 114
1605 1.091921 114
1606 0.311535 114
1607 0.426283 113
1608 1.223553 114
1609 0.305062 113
1610 0.331965 114
1611 1.041868 114
1612 0.333425 113
1613 0.972211 114
1614 0.266372 113
1615 1.190842 114
1616 0.511061 114
1617 0.530850 113
1618 0.492867 113
1619 0.569823 113
1620 1.062763 114
1621 0.356491 114
1622 0.375939 114
1623 1.149509 114
1624 1.460965 114
1625 0.396876 113
1626 1.396333 114
1627 0.613124 113
1628 1.312202 114
1629 0.465062 113
1630 2.021044 114
1631 1.009027 111
1632 1.507684 114
1633 0.604161 112
1634 0.732054 111
1635 7.367386 114
1636 19.825614 114
1637 19.646035 113
1638 20.000000 111
1639 1.018386 114
1640 1.716316 114
1641 1.123842 114
1642 0.890623 114
1643 0.228684 114
1644 0.739860 114
1645 0.222327 113
1646 1.040939 114
1647 0.239469 113
1648 1.237140 114
1649 1.028140 114
1650 0.919717 106
1651 1.457198 106
1652 1.384726 106
1653 1.473311 106
1654 19.523292 106
1655 2.686792 106
1656 0.857981 106
1657 1.770311 106
1658 2.591292 106
1659 1.537274 106
1660 1.218198 106
1661 0.763792 106
1662 1.160500 106
1663 0.696972 106
1664 2.407792 106
1665 0.362019 105
1666 0.375800 105
1667 1.583396 106
1668 0.474029 104
1669 0.526029 105
1670 1.254943 106
1671 0.357885 104
1672 15.498594 106
1673 15.424400 105
1674 16.382632 106
1675 17.061314 105
1676 16.946076 105
1677 16.638543 105
1678 16.499248 105
1679 13.879810 105
1680 16.304019 105
1681 1.698519 106
1682 0.752991 106
1683 0.346352 105
1684 0.447495 105
1685 1.223528 106
1686 0.626623 106
1687 1.906236 106
1688 0.992594 106
1689 1.157858 106
1690 3.592142 106
1691 0.919774 106
1692 3.536972 106
1693 1.514528 106
1694 0.636425 106
1695 0.182000 105
1696 0.654330 106
1697 0.162302 106
1698 0.803953 106
1699 0.164528 106
1700 1.030041 98
1701 0.432847 98
1702 0.393837 98
1703 1.551296 98
1704 0.774918 97
1705 1.335571 98
1706 0.337021 97
1707 0.311629 97
1708 0.284876 97
1709 0.294959 98
1710 1.579041 98
1711 0.453990 97
1712 0.485825 97
1713 0.498794 97
1714 1.650000 98
1715 1.359439 98
1716 1.752469 98
1717 0.383765 98
1718 0.327643 98
1719 1.588561 98
1720 1.671500 98
1721 1.564082 98
1722 1.907500 98
1723 1.302796 98
1724 1.314020 98
1725 1.504235 98
1726 9.578592 98
1727 2.935990 98
1728 1.383385 96
1729 1.932418 98
1730 1.746867 98
1731 1.371592 98
1732 1.485480 98
1733 2.240949 98
1734 1.105959 98
1735 1.280724 98
1736 1.223724 98
1737 1.244949 98
1738 1.163429 98
1739 1.814531 98
1740 2.067031 98
1741 1.459459 98
1742 5.417867 98
1743 1.763378 98
1744 1.049551 98
1745 1.018367 98
1746 1.053786 98
1747 2.666776 98
1748 3.623286 98
1749 1.815612 98
1750 1.641472 123
1751 1.101764 123
1752 0.949634 123
1753 1.972472 123
1754 1.281902 123
1755 1.642236 123
1756 1.735106 123
1757 0.948528 123
1758 1.292073 123
1759 2.710220 123
1760 1.469350 123
1761 1.587016 123
1762 1.298325 123
1763 1.552715 123
1764 0.790846 123
1765 0.876976 123
1766 0.998748 123
1767 1.076642 123
1768 1.340293 123
1769 1.506220 123
1770 0.642400 120
1771 1.016545 123
1772 1.928309 123
1773 1.138813 123
1774 1.598659 123
1775 1.416366 123
1776 2.117618 123
1777 1.039868 121
1778 0.699281 121
1779 1.186886 123
1780 1.017537 123
1781 1.495846 123
1782 1.344016 123
1783 0.408868 121
1784 1.323268 123
1785 5.379057 123
1786 7.469358 123
1787 12.305333 123
1788 1.009943 123
1789 0.956000 123
1790 0.786203 123
1791 14.630439 123
1792 0.892276 123
1793 0.273820 122
1794 0.235582 122
1795 1.079366 123
1796 1.095951 123
1797 0.419317 123
1798 1.609114 123
1799 1.012211 123
1800 1.427924 118
1801 0.763695 118
1802 1.891525 118
1803 1.724042 118
1804 0.629569 116
1805 1.437407 118
1806 1.564712 118
1807 1.566881 118
1808 1.584517 118
1809 1.839017 118
1810 1.657941 118
1811 16.557958 118
1812 2.237314 118
1813 1.970831 118
1814 0.424983 116
1815 0.462217 115
1816 1.795941 118
1817 0.822042 118
1818 1.259992 118
1819 1.454280 118
1820 1.324068 118
1821 4.273991 115
1822 2.374609 115
1823 0.455784 116
1824 0.413922 115
1825 1.478339 118
1826 1.336729 118
1827 8.612136 118
1828 9.186383 115
1829 8.963440 116
1830 1.353568 118
1831 1.791314 118
1832 0.664845 116
1833 1.327559 118
1834 1.764559 118
1835 1.061178 118
1836 0.311573 117
1837 1.287610 118
1838 1.265805 118
1839 0.882737 118
1840 1.092983 118
1841 1.510729 118
1842 1.374025 118
1843 1.287136 118
1844 1.099890 118
1845 0.950695 118
1846 1.182492 118
1847 1.046619 118
1848 1.122025 118
1849 1.130593 118
1850 1.197580 112
1851 2.138634 112
1852 1.501384 112
1853 1.525902 112
1854 0.582937 111
1855 0.581793 111
1856 1.834223 112
1857 1.935241 112
1858 1.442330 112
1859 0.701125 112
1860 1.128286 112
1861 1.248795 112
1862 11.207964 112
1863 2.701857 112
1864 0.598789 109
1865 0.576367 109
1866 1.806393 112
1867 0.564422 109
1868 13.358955 112
1869 6.828532 111
1870 2.123768 112
1871 1.759125 112
1872 17.502563 112
1873 17.772866 112
1874 19.177902 112
1875 1.330313 112
1876 2.109973 112
1877 1.087170 112
1878 0.338658 111
1879 0.351946 111
1880 0.959393 112
1881 0.572295 112
1882 0.681468 111
1883 0.294730 111
1884 1.432795 112
1885 0.350405 111
1886 0.398892 111
1887 2.890304 112
1888 2.302321 112
1889 0.796946 112
1890 2.082812 112
1891 0.993991 112
1892 1.084018 112
1893 1.177875 112
1894 1.183188 112
1895 0.408135 111
1896 0.409459 111
1897 1.595920 112
1898 1.054857 112
1899 1.103563 112
1900 10.025982 111
1901 1.087613 111
1902 1.500811 111
1903 19.674658 111
1904 2.322604 111
1905 12.300315 111
1906 15.184330 109
1907 17.333881 109
1908 17.730369 111
1909 18.442018 110
1910 18.885284 109
1911 19.057963 109
1912 1.485928 111
1913 0.624835 109
1914 0.611636 110
1915 0.638596 109
1916 0.639330 109
1917 0.655908 109
1918 0.252127 110
1919 0.239523 109
1920 0.254257 109
1921 0.240303 109
1922 0.255275 109
1923 0.248991 110
1924 0.253709 110
1925 0.292918 110
1926 0.269882 110
1927 0.300908 109
1928 0.270569 109
1929 0.264862 109
1930 0.263191 110
1931 0.225083 109
1932 0.270807 109
1933 0.249239 109
1934 0.430890 109
1935 0.238682 110
1936 1.011874 111
1937 0.246791 110
1938 0.276573 110
1939 1.152604 111
1940 0.296703 111
1941 0.288064 110
1942 2.767532 111
1943 1.192378 111
1944 0.480991 111
1945 0.580600 110
1946 0.501636 110
1947 1.031910 111
1948 0.264009 110
1949 13.384342 111
1950 0.868538 106
1951 14.763755 106
1952 1.197123 106
1953 1.088689 106
1954 1.225425 106
1955 0.396695 105
1956 1.583170 106
1957 1.938066 106
1958 1.423443 106
1959 0.497019 104
1960 0.677594 106
1961 0.790094 106
1962 19.999755 106
1963 19.999698 106
1964 1.393462 106
1965 3.431500 106
1966 1.080009 106
1967 1.792557 106
1968 1.244566 106
1969 1.034642 106
1970 1.466321 106
1971 18.877179 106
1972 1.586745 106
1973 1.394236 106
1974 1.882802 106
1975 1.249330 106
1976 1.201368 106
1977 1.120179 106
1978 1.116509 106
1979 2.691047 106
1980 1.775594 106
1981 1.051660 106
1982 0.251257 105
1983 0.257752 105
1984 0.218726 106
1985 1.726972 106
1986 0.971000 105
1987 1.039857 105
1988 19.999915 106
1989 19.999571 105
1990 1.064264 106
1991 0.233010 104
1992 0.366490 104
1993 0.237740 104
1994 1.312038 106
1995 0.763295 105
1996 0.621171 105
1997 3.191972 106
1998 2.478829 105
1999 1.938189 106
2000 3.993000 118
2001 4.259542 118
2002 4.181797 118
2003 4.136508 118
2004 1.771136 118
2005 1.336085 118
2006 0.809641 117
2007 1.468797 118
2008 0.635966 118
2009 1.336254 118
2010 1.669576 118
2011 1.323127 118
2012 0.350350 117
2013 0.411009 116
2014 9.749288 118
2015 1.070525 118
2016 2.488941 118
2017 2.408780 118
2018 1.322059 118
2019 1.981576 118
2020 2.029914 116
2021 1.460280 118
2022 1.123000 118
2023 1.570153 118
2024 1.938415 118
2025 1.641466 118
2026 1.026297 118
2027 1.299136 118
2028 1.018373 118
2029 6.292958 118
2030 1.302178 118
2031 1.500915 118
2032 0.833932 118
2033 1.291712 118
2034 2.454475 118
2035 1.490178 118
2036 1.212619 118
2037 4.226136 118
2038 0.969347 118
2039 0.966551 118
2040 1.004025 118
2041 0.415595 116
2042 0.426664 116
2043 2.154585 118
2044 1.483214 117
2045 0.693042 118
2046 0.231932 117
2047 0.200017 117
2048 0.206205 117
2049 0.694551 118
2050 1.156653 121
2051 0.374802 121
2052 0.407140 121
2053 1.575554 121
2054 0.411496 119
2055 0.478126 119
2056 1.095281 121
2057 1.390125 120
2058 0.345810 121
2059 0.368700 120
2060 0.446100 120
2061 0.352483 120
2062 1.816934 121
2063 1.716595 121
2064 1.740866 119
2065 0.503815 119
2066 1.249661 121
2067 6.208091 121
2068 1.318471 121
2069 1.324455 121
2070 1.970909 121
2071 2.085298 121
2072 1.351041 121
2073 1.878983 121
2074 1.376521 121
2075 2.995017 121
2076 1.722298 121
2077 0.458417 120
2078 2.218793 121
2079 0.639017 119
2080 1.090771 118
2081 1.426661 121
2082 1.584455 121
2083 1.823967 121
2084 1.571901 121
2085 1.481198 121
2086 1.576397 121
2087 1.777669 121
2088 1.720306 121
2089 1.919174 121
2090 1.373256 121
2091 1.464231 121
2092 2.549678 121
2093 1.183856 118
2094 1.597050 121
2095 1.597281 121
2096 18.282380 121
2097 17.254868 121
2098 16.645851 121
2099 15.491752 121
2100 7.957045 110
2101 10.547955 110
2102 19.448982 110
2103 14.467009 110
2104 7.448523 107
2105 0.830766 107
2106 1.722827 110
2107 2.447300 110
2108 1.622764 110
2109 2.199673 110
2110 2.014000 110
2111 1.718891 110
2112 1.563818 110
2113 2.204891 110
2114 0.902038 105
2115 0.567849 106
2116 0.559181 105
2117 0.420811 106
2118 0.463491 106
2119 0.541906 106
2120 0.362562 105
2121 0.364086 105
2122 0.484972 107
2123 0.316381 105
2124 0.896714 105
2125 0.327411 107
2126 3.807891 110
2127 1.803382 110
2128 1.047855 110
2129 0.602741 108
2130 0.658120 108
2131 0.876945 110
2132 0.633573 110
2133 1.191782 110
2134 1.090418 110
2135 0.260398 108
2136 1.628391 110
2137 0.321402 107
2138 3.561391 110
2139 1.209982 110
2140 1.096882 110
2141 0.935336 110
2142 2.862100 110
2143 1.128373 110
2144 3.408791 110
2145 2.164236 110
2146 0.630689 106
2147 2.029500 110
2148 0.754771 109
2149 1.069964 110
2150 2.462934 106
2151 1.839991 106
2152 2.221349 106
2153 1.539686 105
2154 1.764029 105
2155 2.451604 106
2156 2.062434 106
2157 0.956600 105
2158 2.018292 106
2159 1.919113 106
2160 19.661858 106
2161 7.546896 106
2162 5.794679 106
2163 6.210311 106
2164 6.291245 106
2165 5.359519 106
2166 5.820840 106
2167 5.816371 105
2168 5.485038 105
2169 5.862219 105
2170 5.780642 106
2171 5.227686 105
2172 5.263752 105
2173 6.300629 105
2174 4.876381 105
2175 5.699286 105
2176 4.445434 106
2177 4.298914 105
2178 4.411590 105
2179 4.586962 106
2180 3.957648 105
2181 4.098410 105
2182 3.833095 105
2183 4.222229 105
2184 3.967952 105
2185 3.822257 105
2186 3.022623 106
2187 4.539410 105
2188 3.039810 105
2189 2.658689 106
2190 3.657619 105
2191 2.541419 105
2192 2.267038 105
2193 2.786105 105
2194 2.786562 105
2195 2.951733 105
2196 2.288781 105
2197 1.895915 106
2198 2.039838 105
2199 2.420248 105
2200 3.503371 105
2201 3.734171 105
2202 3.255038 105
2203 4.570886 105
2204 4.576600 105
2205 3.625410 105
2206 5.266724 105
2207 5.470600 105
2208 4.351533 105
2209 5.524867 105
2210 6.085895 105
2211 5.431619 105
2212 5.015314 105
2213 5.978019 105
2214 5.926629 105
2215 5.895857 105
2216 5.401800 105
2217 5.950829 105
2218 5.411648 105
2219 4.575143 105
2220 5.083514 105
2221 3.780162 105
2222 5.755467 105
2223 4.062610 105
2224 4.620533 105
2225 3.285114 105
2226 4.212305 105
2227 3.590562 105
2228 3.423448 105
2229 3.638076 105
2230 2.818200 105
2231 4.477600 105
2232 3.386438 105
2233 3.170848 105
2234 2.864362 105
2235 2.665257 105
2236 2.783210 105
2237 2.992476 105
2238 2.433990 105
2239 2.556914 105
2240 2.097543 105
2241 2.155010 105
2242 2.443190 105
2243 2.065571 105
2244 2.139695 105
2245 1.368838 105
2246 1.702971 105
2247 1.343333 105
2248 1.158819 105
2249 1.532114 105
2250 4.087762 105
2251 3.888143 105
2252 4.498238 105
2253 4.598419 105
2254 4.765181 105
2255 5.939943 105
2256 5.834648 105
2257 5.654505 105
2258 4.351686 105
2259 5.351514 105
2260 6.151210 105
2261 5.636476 105
2262 5.777800 105
2263 6.273743 105
2264 4.972505 105
2265 5.239381 105
2266 5.599981 105
2267 5.653210 105
2268 5.500190 105
2269 5.056952 105
2270 4.252962 105
2271 4.130438 105
2272 4.512495 105
2273 4.379114 105
2274 3.728705 105
2275 3.921933 105
2276 4.016352 105
2277 3.935657 105
2278 3.547048 105
2279 3.484552 105
2280 2.860752 105
2281 3.031857 105
2282 2.923686 105
2283 3.577952 105
2284 3.124933 105
2285 3.258124 105
2286 3.027019 105
2287 2.230810 105
2288 1.926610 105
2289 2.434648 105
2290 2.376076 105
2291 1.905524 105
2292 2.140343 105
2293 1.820733 105
2294 1.415133 105
2295 1.369486 105
2296 1.630143 105
2297 1.476829 105
2298 1.778752 105
2299 1.046229 105
2300 4.224375 104
2301 3.254183 104
2302 4.336359 103
2303 3.995039 103
2304 4.410165 103
2305 5.193893 103
2306 6.388146 103
2307 6.107553 103
2308 6.258262 103
2309 5.109515 103
2310 5.607476 103
2311 4.765699 103
2312 5.361097 103
2313 5.069398 103
2314 5.745699 103
2315 4.662592 103
2316 4.517417 103
2317 5.231398 103
2318 4.616243 103
2319 4.584553 103
2320 4.353359 103
2321 4.979252 103
2322 4.875058 103
2323 4.564883 103
2324 3.283087 103
2325 4.025816 103
2326 3.947738 103
2327 3.718427 103
2328 3.062476 103
2329 3.115602 103
2330 3.229777 103
2331 3.936223 103
2332 3.071515 103
2333 2.848670 103
2334 3.401252 103
2335 2.653136 103
2336 3.240913 103
2337 2.285544 103
2338 2.501495 103
2339 2.410680 103
2340 2.852029 103
2341 2.657408 103
2342 2.223602 103
2343 1.799029 103
2344 1.936291 103
2345 1.958476 103
2346 1.415534 103
2347 1.248068 103
2348 1.418272 103
2349 0.924117 103
2350 3.260092 87
2351 1.456586 87
2352 0.808826 86
2353 0.478314 86
2354 0.411058 86
2355 0.353802 86
2356 1.140356 87
2357 1.412360 86
2358 0.689000 86
2359 1.398965 86
2360 0.545174 86
2361 0.849023 86
2362 2.088826 86
2363 0.617326 86
2364 0.510253 87
2365 0.395395 86
2366 1.408356 87
2367 0.901115 87
2368 1.765384 86
2369 0.372907 86
2370 2.132791 86
2371 0.823488 86
2372 0.501523 86
2373 0.996256 86
2374 0.441302 86
2375 1.751035 86
2376 0.457793 87
2377 0.678736 87
2378 0.420895 86
2379 0.849430 86
2380 0.361837 86
2381 0.577047 86
2382 0.455628 86
2383 1.211483 87
2384 0.261267 86
2385 0.317047 85
2386 1.446747 87
2387 0.366082 85
2388 0.252024 85
2389 1.911264 87
2390 0.286430 86
2391 0.284733 86
2392 1.248690 87
2393 0.321907 86
2394 0.312895 86
2395 1.080345 87
2396 0.273291 86
2397 0.294430 86
2398 1.028195 87
2399 0.241628 86
2400 0.736563 119
2401 0.397975 119
2402 0.372218 119
2403 0.321118 119
2404 0.352597 119
2405 0.352311 119
2406 0.316689 119
2407 0.327454 119
2408 0.352639 119
2409 0.320857 119
2410 1.267513 119
2411 1.185492 118
2412 0.696042 118
2413 0.473797 118
2414 1.280748 119
2415 1.074597 119
2416 0.766356 118
2417 0.390881 118
2418 0.474051 118
2419 0.327941 118
2420 1.276622 119
2421 2.034126 119
2422 0.573424 118
2423 0.838991 117
2424 0.841573 117
2425 0.475684 117
2426 0.331624 117
2427 0.485855 117
2428 0.505744 117
2429 0.520444 117
2430 0.877496 117
2431 1.606134 119
2432 1.020339 118
2433 1.049746 118
2434 1.176840 119
2435 0.826647 119
2436 1.260227 119
2437 1.942361 119
2438 0.559983 118
2439 1.187798 119
2440 0.681957 116
2441 18.219874 119
2442 17.679227 119
2443 17.645458 118
2444 1.449109 119
2445 0.334754 118
2446 0.356042 118
2447 5.024395 119
2448 0.246826 115
2449 0.251530 117
2450 5.151043 116
2451 2.258672 116
2452 2.282336 116
2453 1.590586 116
2454 0.351278 115
2455 3.164095 116
2456 2.012200 115
2457 0.982339 115
2458 10.814991 116
2459 10.773284 116
2460 19.505483 116
2461 2.232422 116
2462 1.232158 114
2463 1.418112 116
2464 1.485052 116
2465 0.326193 114
2466 1.113026 116
2467 1.455569 116
2468 0.803816 114
2469 1.937138 116
2470 1.134086 116
2471 0.891684 114
2472 1.507052 116
2473 1.065553 114
2474 1.082431 116
2475 1.659647 116
2476 0.867500 116
2477 14.257664 116
2478 4.046259 116
2479 0.746207 116
2480 3.472183 115
2481 0.849259 116
2482 1.431371 116
2483 0.686713 115
2484 0.857457 116
2485 0.209548 115
2486 0.847560 116
2487 1.075776 116
2488 0.780879 116
2489 0.201957 115
2490 0.936690 116
2491 0.331956 114
2492 0.748241 116
2493 0.589198 116
2494 0.445845 116
2495 0.738672 116
2496 0.422698 116
2497 2.403750 116
2498 0.569121 116
2499 0.512526 116
2500 1.012250 112
2501 1.134688 112
2502 19.075616 112
2503 1.812929 112
2504 1.318036 112
2505 1.086518 112
2506 1.026652 112
2507 1.383875 112
2508 2.090375 112
2509 19.868330 112
2510 1.399304 112
2511 1.112116 112
2512 1.273295 112
2513 2.445473 112
2514 1.231089 112
2515 0.946839 112
2516 0.249288 111
2517 1.108732 112
2518 1.017125 112
2519 1.211027 112
2520 0.971964 112
2521 1.389366 112
2522 1.196688 112
2523 0.893902 112
2524 1.071991 112
2525 1.113384 112
2526 0.975223 112
2527 1.187696 112
2528 14.407107 112
2529 1.048187 112
2530 0.958420 112
2531 1.123687 112
2532 1.412929 112
2533 2.692616 112
2534 1.374080 112
2535 0.802420 112
2536 0.772384 112
2537 0.713955 112
2538 1.261982 112
2539 1.089170 112
2540 0.880152 112
2541 0.870241 112
2542 0.841973 112
2543 0.822589 112
2544 0.822348 112
2545 0.713634 112
2546 0.690964 112
2547 0.805214 112
2548 0.965625 112
2549 0.717125 112
2550 0.798686 105
2551 1.075124 105
2552 3.519229 105
2553 1.192143 105
2554 19.420552 105
2555 1.538848 105
2556 1.253952 105
2557 1.151390 105
2558 2.086067 105
2559 1.346000 105
2560 2.389381 105
2561 1.260324 105
2562 1.548790 105
2563 9.727333 105
2564 4.810724 105
2565 4.227686 105
2566 5.677267 105
2567 4.545924 105
2568 3.425457 105
2569 3.206571 105
2570 2.966686 105
2571 2.679552 105
2572 2.712486 105
2573 2.439733 105
2574 2.333248 105
2575 2.026010 105
2576 2.216019 105
2577 1.509552 105
2578 2.145495 105
2579 1.759657 105
2580 2.662771 105
2581 2.696133 105
2582 1.777886 105
2583 0.986914 105
2584 1.840600 105
2585 2.266790 105
2586 1.519448 105
2587 2.362048 105
2588 1.773543 105
2589 1.783543 105
2590 1.814038 105
2591 2.119467 105
2592 1.649943 105
2593 2.138971 105
2594 1.861000 105
2595 1.184905 105
2596 1.748590 105
2597 1.305419 105
2598 1.443476 105
2599 1.701067 105
2600 4.634037 109
2601 5.540826 109
2602 5.220697 109
2603 5.012495 109
2604 5.196927 109
2605 4.624963 109
2606 4.711128 109
2607 5.433028 109
2608 4.489128 109
2609 3.812404 109
2610 4.795119 109
2611 3.000743 109
2612 2.057422 109
2613 2.641211 109
2614 2.552633 109
2615 2.839165 109
2616 2.189147 109
2617 2.165486 109
2618 2.634101 109
2619 4.937321 109
2620 2.616532 109
2621 2.712716 109
2622 2.847211 109
2623 1.772945 109
2624 2.663890 109
2625 3.289321 109
2626 2.100807 109
2627 1.984440 109
2628 2.032514 109
2629 2.152565 108
2630 2.008463 108
2631 2.780055 109
2632 2.244296 108
2633 1.733009 108
2634 1.182056 108
2635 1.959963 108
2636 2.376472 108
2637 2.002120 108
2638 1.497583 108
2639 1.685583 108
2640 1.790963 108
2641 2.632266 109
2642 1.586139 108
2643 2.356231 108
2644 1.772064 109
2645 2.089620 108
2646 1.491963 108
2647 1.535519 108
2648 0.990917 108
2649 0.861537 108
2650 5.264902 112
2651 7.337634 112
2652 5.558589 112
2653 5.650179 112
2654 4.407241 112
2655 4.215571 112
2656 5.050982 112
2657 4.004330 112
2658 4.082938 112
2659 3.806402 112
2660 6.004348 112
2661 5.063313 112
2662 3.340232 112
2663 1.393696 112
2664 0.345595 111
2665 1.259429 112
2666 1.222482 112
2667 4.720098 112
2668 2.400063 111
2669 1.292775 111
2670 1.807929 112
2671 2.291234 111
2672 2.810883 111
2673 2.293270 111
2674 1.420063 111
2675 1.965045 111
2676 2.281730 111
2677 2.437486 111
2678 2.076973 111
2679 1.975847 111
2680 1.791438 112
2681 1.639955 111
2682 1.412811 111
2683 1.070162 111
2684 2.020081 111
2685 0.669243 111
2686 1.496441 111
2687 1.511982 112
2688 1.303405 111
2689 0.747459 111
2690 1.216838 111
2691 1.515360 111
2692 1.759162 111
2693 1.238679 112
2694 1.513450 111
2695 2.039306 111
2696 1.468955 111
2697 1.473820 111
2698 2.472559 111
2699 2.315099 111
2700 2.499505 109
2701 2.004101 109
2702 1.348670 109
2703 1.389018 109
2704 1.775881 109
2705 2.231523 109
2706 1.265578 109
2707 1.897927 109
2708 1.891165 109
2709 2.610266 109
2710 2.258477 109
2711 1.180266 109
2712 0.630550 109
2713 0.743185 108
2714 1.632679 109
2715 0.770444 108
2716 5.468407 108
2717 1.047500 108
2718 2.029796 108
2719 0.701908 109
2720 0.680505 109
2721 2.373491 108
2722 0.710843 108
2723 0.858852 108
2724 0.688306 108
2725 0.700444 108
2726 0.694780 109
2727 0.862731 108
2728 0.762917 108
2729 0.991454 108
2730 2.937861 108
2731 0.720935 108
2732 0.741250 108
2733 3.361546 108
2734 0.673435 108
2735 0.551611 108
2736 0.464815 108
2737 0.552324 108
2738 0.570872 109
2739 0.559343 108
2740 0.551204 108
2741 0.469324 108
2742 0.651185 108
2743 1.027037 108
2744 0.701722 108
2745 0.817065 107
2746 0.673822 107
2747 0.500028 107
2748 1.645673 107
2749 0.399972 108
2750 2.145708 96
2751 0.895135 96
2752 0.839896 96
2753 1.086042 96
2754 1.220948 96
2755 0.401168 95
2756 1.224365 96
2757 1.388625 96
2758 1.299302 96
2759 1.676583 96
2760 1.671885 96
2761 1.295863 95
2762 1.434747 95
2763 1.932232 95
2764 1.731579 95
2765 1.415084 95
2766 1.731705 95
2767 1.928021 95
2768 1.690389 95
2769 1.567484 95
2770 1.310115 96
2771 1.576242 95
2772 1.743200 95
2773 1.169263 95
2774 1.633611 95
2775 1.216316 95
2776 1.430240 96
2777 0.920053 95
2778 1.386179 95
2779 0.968937 95
2780 1.338168 95
2781 1.381232 95
2782 1.254365 96
2783 1.167063 95
2784 1.581147 95
2785 1.486146 96
2786 1.443896 96
2787 0.914453 95
2788 0.800085 94
2789 1.319667 96
2790 0.558400 95
2791 0.512781 96
2792 0.487568 95
2793 0.478126 95
2794 0.536747 95
2795 0.546053 95
2796 0.500284 95
2797 0.519589 95
2798 0.509474 95
2799 0.583295 95
2800 1.122309 110
2801 0.738809 110
2802 0.753755 110
2803 0.672964 110
2804 0.666191 110
2805 0.695709 110
2806 0.622245 110
2807 0.659173 110
2808 0.699418 110
2809 0.600327 110
2810 0.631127 110
2811 0.579000 110
2812 0.618900 110
2813 0.720736 110
2814 0.601455 110
2815 1.197000 110
2816 0.343073 109
2817 0.336890 109
2818 0.301945 109
2819 2.966582 110
2820 1.597945 109
2821 2.663761 109
2822 2.038266 109
2823 1.888908 109
2824 2.130138 109
2825 2.045927 109
2826 2.703083 109
2827 2.459606 109
2828 2.183532 109
2829 2.268725 109
2830 1.964400 110
2831 1.937844 109
2832 1.305440 109
2833 1.832835 109
2834 1.888752 109
2835 1.489284 109
2836 1.190688 109
2837 1.560882 110
2838 1.355771 109
2839 0.954573 110
2840 0.268472 108
2841 0.244750 108
2842 1.226936 110
2843 0.250139 108
2844 0.280542 107
2845 0.248889 108
2846 0.864027 110
2847 0.218881 109
2848 0.223073 109
2849 0.263725 109
2850 1.054591 110
2851 0.375436 110
2852 0.429000 110
2853 0.346736 110
2854 1.100664 110
2855 0.318908 109
2856 0.305284 109
2857 1.868373 110
2858 1.102385 109
2859 1.021927 109
2860 1.127275 109
2861 1.730391 110
2862 0.412624 109
2863 1.328600 110
2864 0.320312 109
2865 0.369486 109
2866 1.024182 110
2867 2.694627 110
2868 0.886382 110
2869 1.079191 110
2870 0.386118 110
2871 0.358761 109
2872 0.344422 109
2873 10.101773 110
2874 9.909514 109
2875 7.848532 109
2876 8.100624 109
2877 7.591670 109
2878 6.965321 109
2879 5.426864 110
2880 4.135991 109
2881 3.216000 109
2882 2.559679 109
2883 2.527697 109
2884 2.995339 109
2885 2.943798 109
2886 3.023464 110
2887 3.480982 109
2888 3.456101 109
2889 3.315155 110
2890 2.677606 109
2891 2.564413 109
2892 1.718083 109
2893 1.961100 110
2894 0.334710 107
2895 0.256843 108
2896 1.360564 110
2897 2.936495 109
2898 0.358505 109
2899 0.441651 109
2900 1.680682 88
2901 1.144523 88
2902 0.923830 88
2903 0.996898 88
2904 1.504318 88
2905 0.390012 86
2906 0.310384 86
2907 0.419395 86
2908 1.411511 88
2909 0.451314 86
2910 0.481523 86
2911 2.081659 88
2912 0.802580 88
2913 0.805138 87
2914 0.594195 87
2915 0.586517 87
2916 1.188943 88
2917 0.440506 87
2918 0.388816 87
2919 0.389057 87
2920 1.585818 88
2921 0.351598 87
2922 0.379989 87
2923 1.237534 88
2924 0.305299 87
2925 0.445839 87
2926 0.513184 87
2927 1.343625 88
2928 0.346736 87
2929 0.310448 87
2930 0.308736 87
2931 1.530057 88
2932 0.399552 87
2933 0.553011 87
2934 0.344563 87
2935 2.276261 88
2936 0.628655 87
2937 0.939230 87
2938 1.119716 88
2939 0.472805 87
2940 0.308632 87
2941 0.274264 87
2942 0.367886 88
2943 0.303264 87
2944 1.128977 88
2945 0.460184 87
2946 0.505069 87
2947 0.558253 87
2948 1.380011 88
2949 0.626103 87
2950 1.627460 100
2951 0.612890 100
2952 0.588260 100
2953 1.362470 100
2954 0.406061 99
2955 1.276590 100
2956 0.317899 99
2957 1.107190 100
2958 3.042190 100
2959 0.689630 100
2960 0.609808 99
2961 0.406263 99
2962 1.034510 100
2963 0.406343 99
2964 0.354081 99
2965 1.016560 100
2966 0.369515 99
2967 0.322394 99
2968 0.388101 99
2969 3.565100 100
2970 2.472273 99
2971 1.387410 100
2972 1.769110 100
2973 0.809030 100
2974 0.391758 99
2975 1.194990 100
2976 0.429404 99
2977 0.402596 99
2978 1.077270 100
2979 0.397101 99
2980 0.436980 99
2981 1.472100 100
2982 0.393010 98
2983 1.450660 100
2984 0.553222 99
2985 1.243280 100
2986 0.346082 98
2987 0.329443 97
2988 1.373180 100
2989 0.323255 98
2990 1.208680 100
2991 1.487020 100
2992 0.441133 98
2993 1.270890 100
2994 0.348184 98
2995 19.505550 100
2996 18.390644 87
2997 0.910830 100
2998 0.283273 99
2999 19.800020 100
3000 19.811368 106
3001 19.811349 106
3002 19.811368 106
3003 19.807712 104
3004 19.807721 104
3005 19.807856 104
3006 19.807712 104
3007 19.807740 104
3008 1.500047 106
3009 1.086438 105
3010 0.313876 105
3011 0.775076 105
3012 0.470390 105
3013 0.940857 105
3014 0.434600 105
3015 0.541143 105
3016 0.589528 106
3017 0.736132 106
3018 0.315514 105
3019 0.321067 105
3020 0.301657 105
3021 0.533324 105
3022 1.151566 106
3023 0.284255 106
3024 0.301208 106
3025 1.512717 106
3026 0.234272 103
3027 0.974217 106
3028 0.487800 105
3029 0.536709 103
3030 1.626755 106
3031 1.018029 105
3032 1.369292 106
3033 0.580895 105
3034 0.808811 106
3035 0.189800 105
3036 2.632047 106
3037 1.892632 106
3038 1.997724 105
3039 0.564057 106
3040 0.154830 106
3041 1.170057 106
3042 0.406385 104
3043 1.283811 106
3044 0.130317 104
3045 0.768255 106
3046 0.142171 105
3047 0.158311 103
3048 0.771302 106
3049 0.136337 104
3050 0.814344 96
3051 0.218000 96
3052 0.869042 96
3053 0.463615 96
3054 0.293260 96
3055 0.655219 96
3056 0.219354 96
3057 2.183323 96
3058 0.897500 96
3059 0.909760 96
3060 0.821031 96
3061 0.314792 96
3062 0.803219 96
3063 0.552521 96
3064 0.601438 96
3065 0.971438 96
3066 0.978687 96
3067 0.788781 96
3068 0.287375 96
3069 2.047125 96
3070 1.219156 96
3071 0.464854 96
3072 0.549219 96
3073 0.572250 96
3074 0.658083 96
3075 0.640344 96
3076 0.582708 96
3077 0.661740 96
3078 0.505948 96
3079 0.710729 96
3080 0.772927 96
3081 0.561104 96
3082 0.562792 96
3083 0.575573 96
3084 0.849865 96
3085 0.713219 96
3086 0.924844 96
3087 0.234747 95
3088 0.364074 95
3089 0.196926 95
3090 0.266895 95
3091 0.213625 96
3092 0.281832 95
3093 0.224495 95
3094 0.210811 95
3095 0.238789 95
3096 0.231323 96
3097 1.089729 96
3098 0.345969 96
3099 0.317656 96
3100 2.632190 100
3101 0.626450 100
3102 0.417000 100
3103 0.409130 100
3104 0.464360 100
3105 0.434520 100
3106 0.465780 100
3107 0.433000 100
3108 0.414110 100
3109 0.923730 100
3110 1.555960 100
3111 0.249120 100
3112 1.181810 100
3113 5.664162 99
3114 0.309535 99
3115 0.908280 100
3116 0.392364 99
3117 0.260747 99
3118 0.279071 99
3119 1.413180 100
3120 0.307856 97
3121 1.155740 100
3122 0.425357 98
3123 0.303255 98
3124 0.794283 99
3125 1.416520 100
3126 0.462439 98
3127 0.304347 98
3128 0.288500 98
3129 0.364980 99
3130 0.412949 99
3131 0.295571 98
3132 1.013010 100
3133 1.398270 100
3134 0.723111 99
3135 0.648418 98
3136 0.756755 98
3137 0.865657 99
3138 0.722343 99
3139 0.909490 100
3140 0.265081 99
3141 0.352970 99
3142 0.253737 99
3143 19.795673 98
3144 0.476265 98
3145 0.224663 98
3146 0.219694 98
3147 0.497470 100
3148 0.489110 100
3149 0.444210 100
3150 0.753345 110
3151 1.104955 110
3152 0.581055 110
3153 2.474518 110
3154 0.393036 110
3155 0.398536 110
3156 0.337055 110
3157 0.830655 110
3158 0.339182 110
3159 0.340082 110
3160 0.276709 110
3161 0.275600 110
3162 0.281745 110
3163 7.032109 110
3164 0.355491 110
3165 1.369191 110
3166 1.009318 110
3167 0.902673 110
3168 0.924355 110
3169 0.303339 109
3170 0.656700 110
3171 0.437945 110
3172 0.294182 110
3173 0.285773 110
3174 0.261100 110
3175 0.281882 110
3176 0.298718 110
3177 0.297245 110
3178 0.925400 110
3179 0.859336 110
3180 0.475578 109
3181 0.463236 110
3182 0.502633 109
3183 0.544771 109
3184 0.685376 109
3185 0.891364 110
3186 19.727782 110
3187 19.636936 110
3188 19.816468 109
3189 19.632780 109
3190 19.814741 108
3191 19.814704 108
3192 1.139273 110
3193 0.753404 109
3194 0.814073 110
3195 0.388091 110
3196 0.743291 110
3197 0.458545 110
3198 0.179164 110
3199 0.186027 110
3200 0.938793 111
3201 1.050081 111
3202 0.348514 111
3203 0.319099 111
3204 0.365991 110
3205 0.375245 110
3206 1.245360 111
3207 0.395514 111
3208 1.178550 111
3209 0.317436 110
3210 1.141586 111
3211 4.481545 110
3212 1.025874 111
3213 0.767667 111
3214 0.338766 111
3215 1.159775 111
3216 1.044360 111
3217 0.358100 110
3218 0.524045 110
3219 0.309676 111
3220 0.255509 110
3221 0.329145 110
3222 1.109946 111
3223 0.351936 110
3224 0.346209 110
3225 0.543300 110
3226 1.026279 111
3227 0.376673 110
3228 0.312218 110
3229 0.280927 110
3230 0.408874 111
3231 1.050955 111
3232 0.951712 111
3233 0.290234 111
3234 2.398536 110
3235 1.094883 111
3236 1.122225 111
3237 1.094315 111
3238 0.441336 110
3239 0.426173 110
3240 0.937270 111
3241 0.281847 111
3242 0.327491 110
3243 0.266118 110
3244 1.505351 111
3245 14.999333 111
3246 14.745409 110
3247 13.791414 111
3248 9.333982 111
3249 4.894712 111
3250 1.249917 109
3251 0.353642 109
3252 0.398165 109
3253 0.339284 109
3254 1.384899 109
3255 1.232872 109
3256 1.159266 109
3257 0.827269 108
3258 0.719119 109
3259 0.620602 108
3260 0.513926 108
3261 2.231389 108
3262 0.747083 108
3263 2.133651 109
3264 1.445826 109
3265 1.155780 109
3266 1.449330 109
3267 0.290752 109
3268 0.298569 109
3269 0.381370 108
3270 0.281926 108
3271 0.284639 108
3272 2.305789 109
3273 1.651881 109
3274 0.384636 107
3275 2.007661 109
3276 0.558731 108
3277 0.353241 108
3278 1.299275 109
3279 0.298370 108
3280 1.213670 109
3281 1.138440 109
3282 1.254361 108
3283 0.355771 109
3284 0.335769 108
3285 0.946661 109
3286 0.303065 108
3287 0.279167 108
3288 0.233046 109
3289 1.122761 109
3290 1.789156 109
3291 0.299083 108
3292 0.402491 108
3293 0.287783 106
3294 0.314495 107
3295 2.951294 109
3296 1.029358 109
3297 1.150541 109
3298 1.058220 109
3299 0.402944 108
3300 0.944437 119
3301 1.349328 119
3302 3.664269 119
3303 2.918483 118
3304 2.870076 119
3305 2.982729 118
3306 5.333437 119
3307 9.106076 118
3308 8.906381 118
3309 5.122067 119
3310 4.371559 118
3311 1.376118 119
3312 0.387282 117
3313 0.306835 115
3314 1.392874 119
3315 0.280836 116
3316 1.241521 119
3317 2.081675 117
3318 2.960966 119
3319 2.014655 116
3320 1.935120 117
3321 1.900405 116
3322 1.212462 119
3323 0.796462 117
3324 1.179546 119
3325 0.278316 117
3326 1.259874 119
3327 1.465151 119
3328 1.150563 119
3329 3.601622 119
3330 0.378761 117
3331 1.790210 119
3332 1.092975 119
3333 0.851370 119
3334 0.255585 118
3335 3.196395 119
3336 0.771235 119
3337 0.236161 118
3338 0.921748 119
3339 0.646076 118
3340 0.721025 118
3341 3.324218 119
3342 1.673672 119
3343 0.908193 119
3344 1.059546 119
3345 0.985067 119
3346 0.410966 118
3347 0.409882 119
3348 1.122008 119
3349 3.261176 119
3350 4.313988 86
3351 1.431070 86
3352 1.650372 86
3353 1.407384 86
3354 1.403360 86
3355 0.401459 85
3356 1.339907 86
3357 0.446872 86
3358 0.541071 85
3359 1.023442 86
3360 1.021651 86
3361 0.498694 85
3362 1.725977 86
3363 0.994477 86
3364 0.296471 85
3365 0.471200 85
3366 0.309212 85
3367 1.166023 86
3368 0.316024 85
3369 2.217671 85
3370 1.411453 86
3371 1.349442 86
3372 0.371482 85
3373 0.360326 86
3374 1.734605 86
3375 0.297884 86
3376 1.361547 86
3377 1.187477 86
3378 1.233174 86
3379 0.321400 85
3380 0.312612 85
3381 1.876512 86
3382 0.457012 85
3383 0.339756 86
3384 1.339419 86
3385 0.273893 84
3386 0.250776 85
3387 1.735081 86
3388 1.444560 84
3389 1.087058 86
3390 1.260407 86
3391 2.074186 86
3392 1.533059 85
3393 1.819812 85
3394 2.232465 86
3395 2.429616 86
3396 1.604000 84
3397 1.577500 84
3398 1.408081 86
3399 1.119198 86
3400 0.976619 97
3401 1.413124 97
3402 1.408773 97
3403 0.375134 97
3404 1.241546 97
3405 0.594281 96
3406 0.530823 96
3407 1.624680 97
3408 0.731594 96
3409 1.043680 97
3410 0.311563 96
3411 0.339146 96
3412 0.922845 97
3413 1.597165 97
3414 0.697708 96
3415 0.403177 96
3416 1.108237 97
3417 1.329649 97
3418 0.295062 96
3419 0.338667 96
3420 1.295856 97
3421 0.369917 96
3422 0.338604 96
3423 2.315577 97
3424 1.641771 96
3425 1.573177 96
3426 4.653485 97
3427 4.071885 96
3428 1.619722 97
3429 1.608041 97
3430 1.471794 97
3431 0.297896 96
3432 0.394905 95
3433 1.277340 97
3434 0.331358 95
3435 0.360330 94
3436 1.284629 97
3437 0.323719 96
3438 0.355516 95
3439 1.195753 97
3440 0.454149 94
3441 1.450629 97
3442 0.323042 95
3443 0.291925 93
3444 3.558165 97
3445 0.297453 95
3446 1.351845 97
3447 1.991453 95
3448 2.971526 97
3449 0.304128 94
3450 3.373957 117
3451 1.400453 117
3452 2.315923 117
3453 1.397879 116
3454 1.262479 117
3455 1.188154 117
3456 0.272190 116
3457 0.366517 116
3458 2.010043 117
3459 1.560726 117
3460 0.386085 117
3461 1.094162 117
3462 1.463897 117
3463 0.934379 116
3464 1.611009 117
3465 0.653845 116
3466 1.335692 117
3467 0.662374 115
3468 0.589491 116
3469 1.471410 117
3470 0.385431 116
3471 1.189513 117
3472 5.348385 117
3473 18.630291 117
3474 1.185838 117
3475 1.304547 117
3476 0.261348 115
3477 0.249526 114
3478 1.952949 117
3479 1.146368 114
3480 1.013470 117
3481 1.468376 117
3482 0.612888 116
3483 1.220487 117
3484 0.310214 117
3485 0.381678 115
3486 1.887214 117
3487 0.818359 117
3488 0.474509 116
3489 0.460733 116
3490 0.830060 117
3491 0.422733 116
3492 0.874376 117
3493 0.237897 116
3494 0.215509 116
3495 0.843385 117
3496 0.213759 116
3497 0.272560 116
3498 0.746111 117
3499 0.250612 116
3500 1.459711 97
3501 1.652082 97
3502 0.443701 97
3503 0.375344 96
3504 1.467423 97
3505 0.394979 96
3506 0.376402 97
3507 1.435443 97
3508 0.607125 96
3509 0.484010 97
3510 1.196670 97
3511 0.392146 96
3512 0.363396 96
3513 3.978845 97
3514 3.570701 97
3515 3.454417 96
3516 1.161134 97
3517 1.617546 97
3518 0.338989 95
3519 0.327897 97
3520 6.772320 97
3521 1.476155 97
3522 0.292564 94
3523 0.299573 96
3524 1.400639 97
3525 0.379905 95
3526 0.380768 95
3527 1.473629 97
3528 1.554402 97
3529 0.593684 95
3530 0.605691 94
3531 1.285825 97
3532 0.342149 94
3533 0.365670 94
3534 3.516856 97
3535 1.486526 97
3536 0.297436 94
3537 0.250989 94
3538 1.130247 97
3539 1.572093 97
3540 0.755773 97
3541 0.886732 97
3542 1.274010 97
3543 0.800052 97
3544 1.015918 97
3545 1.603732 97
3546 0.225032 95
3547 0.760660 97
3548 1.077722 97
3549 0.761753 97
3550 1.118167 108
3551 1.235667 108
3552 1.807000 108
3553 1.114944 108
3554 0.313766 107
3555 1.167222 108
3556 1.278731 108
3557 1.826130 108
3558 1.188019 108
3559 1.161250 108
3560 1.359185 108
3561 2.785486 107
3562 1.327519 108
3563 0.405113 106
3564 1.278046 108
3565 1.060907 108
3566 1.979352 108
3567 0.779963 107
3568 1.314602 108
3569 1.289019 108
3570 1.563611 108
3571 0.383593 108
3572 1.343944 108
3573 2.107111 108
3574 1.896389 108
3575 0.357708 106
3576 1.264398 108
3577 1.331750 108
3578 2.147324 108
3579 13.162278 108
3580 1.348074 108
3581 1.195444 108
3582 1.507472 108
3583 1.122083 108
3584 1.031787 108
3585 1.515241 108
3586 1.668952 104
3587 0.958500 108
3588 0.193636 107
3589 1.331333 108
3590 0.401840 106
3591 1.302167 108
3592 0.985685 108
3593 1.146654 107
3594 0.964250 108
3595 0.876028 108
3596 0.914389 108
3597 0.882546 108
3598 0.894741 108
3599 0.195178 107
3600 3.643558 95
3601 1.193516 95
3602 1.106674 95
3603 1.332063 95
3604 13.063284 95
3605 1.708568 95
3606 1.269516 95
3607 0.972011 95
3608 0.291958 95
3609 1.509842 95
3610 0.763558 95
3611 1.459295 95
3612 1.198200 95
3613 1.349337 95
3614 1.174789 95
3615 0.305158 95
3616 0.985011 95
3617 0.343284 95
3618 1.171926 95
3619 0.788863 95
3620 0.322505 95
3621 1.148074 95
3622 0.379453 95
3623 0.928526 95
3624 0.363589 95
3625 0.907758 95
3626 1.329874 95
3627 1.297368 95
3628 1.566126 95
3629 1.556168 95
3630 1.963505 95
3631 1.368358 95
3632 1.777074 95
3633 1.757042 95
3634 1.322253 95
3635 0.369905 95
3636 1.165853 95
3637 1.170158 95
3638 1.659337 95
3639 0.511326 95
3640 0.730674 95
3641 0.451842 95
3642 0.932400 95
3643 0.550389 95
3644 1.684263 95
3645 0.550674 95
3646 1.028011 95
3647 1.198874 95
3648 15.385495 95
3649 0.379737 95
3650 0.988478 115
3651 2.557252 115
3652 2.189626 115
3653 1.111609 115
3654 1.648783 115
3655 1.398313 115
3656 1.003452 115
3657 1.217330 115
3658 1.370304 115
3659 3.406835 115
3660 1.473200 115
3661 1.740391 115
3662 2.096922 115
3663 1.221478 115
3664 19.901043 115
3665 1.282200 115
3666 3.023539 115
3667 1.317991 115
3668 2.000852 115
3669 0.928061 115
3670 2.512322 115
3671 0.951783 115
3672 1.189600 115
3673 1.141052 115
3674 0.966504 115
3675 1.121052 115
3676 1.619304 115
3677 1.707252 115
3678 0.931678 115
3679 1.360757 115
3680 0.940728 114
3681 0.902526 114
3682 0.924043 115
3683 0.788609 115
3684 0.891557 115
3685 0.975087 115
3686 1.183991 115
3687 1.306609 115
3688 0.837348 115
3689 1.686304 115
3690 0.829991 115
3691 3.016339 115
3692 0.946417 115
3693 0.796096 115
3694 0.708809 115
3695 0.736835 115
3696 1.036174 115
3697 0.665843 115
3698 1.899791 115
3699 0.924896 115
3700 1.291000 102
3701 1.481373 102
3702 1.296441 102
3703 1.281010 102
3704 1.403804 102
3705 1.342098 102
3706 1.705196 102
3707 1.592500 102
3708 2.142235 102
3709 1.447657 102
3710 1.272490 102
3711 3.081980 102
3712 1.074118 102
3713 1.477441 102
3714 1.416804 102
3715 2.205725 102
3716 1.105765 102
3717 1.297990 102
3718 1.151706 102
3719 1.315725 102
3720 18.745520 102
3721 1.659245 102
3722 1.889265 102
3723 1.798853 102
3724 1.197039 102
3725 1.381324 102
3726 1.082706 102
3727 1.366922 102
3728 2.099559 102
3729 1.369706 102
3730 1.482853 102
3731 1.287775 102
3732 2.538559 102
3733 1.366931 102
3734 1.193725 102
3735 1.332373 102
3736 1.276265 102
3737 1.026137 102
3738 2.337422 102
3739 1.002814 102
3740 0.923294 102
3741 0.965676 102
3742 1.044853 102
3743 0.927127 102
3744 1.829343 102
3745 0.862490 102
3746 1.075843 102
3747 0.851971 102
3748 1.040245 102
3749 0.944784 102
3750 1.036744 117
3751 1.406803 117
3752 1.950274 117
3753 1.897692 117
3754 0.923043 117
3755 1.004085 117
3756 1.597496 117
3757 1.020821 117
3758 1.166034 117
3759 1.232222 117
3760 1.089675 117
3761 1.105274 117
3762 1.887872 117
3763 1.401581 117
3764 0.989667 117
3765 0.964863 117
3766 1.714983 117
3767 6.627940 117
3768 3.341769 117
3769 1.548128 117
3770 1.771453 117
3771 1.214026 117
3772 1.306111 117
3773 1.409923 117
3774 1.270479 117
3775 1.509256 117
3776 19.467855 117
3777 1.181872 117
3778 4.976410 117
3779 10.459530 117
3780 0.874214 117
3781 2.278607 117
3782 13.301795 117
3783 1.491436 117
3784 0.728479 117
3785 0.731675 117
3786 19.914547 117
3787 0.927573 117
3788 0.843103 117
3789 0.800385 117
3790 0.735453 117
3791 0.684855 117
3792 0.777564 117
3793 0.806991 117
3794 0.851094 117
3795 0.624838 117
3796 0.795786 117
3797 0.710393 117
3798 0.505966 117
3799 0.550957 117
3800 0.949495 109
3801 1.318881 109
3802 14.998009 109
3803 1.313211 109
3804 6.691257 109
3805 1.647495 109
3806 1.350752 109
3807 1.428679 109
3808 1.602771 109
3809 2.038661 109
3810 5.482514 109
3811 1.292982 109
3812 1.321312 109
3813 1.246844 109
3814 1.423927 109
3815 1.271431 109
3816 1.371734 109
3817 1.346431 109
3818 1.484138 109
3819 1.158789 109
3820 1.079872 109
3821 17.800339 109
3822 1.213046 109
3823 1.153083 109
3824 1.660514 109
3825 2.340982 109
3826 2.163945 109
3827 0.748110 109
3828 1.390413 109
3829 1.517468 109
3830 1.171890 109
3831 1.247018 109
3832 1.149872 109
3833 1.040697 109
3834 0.972514 109
3835 0.844073 109
3836 1.048046 109
3837 2.648927 109
3838 2.854853 109
3839 0.737110 109
3840 1.011991 109
3841 0.805211 109
3842 0.983220 109
3843 0.878789 109
3844 1.108862 109
3845 0.765651 109
3846 0.676835 109
3847 0.764706 109
3848 0.697165 109
3849 0.878257 109
3850 1.037459 109
3851 3.475761 109
3852 1.268312 109
3853 1.567073 109
3854 1.291284 109
3855 1.382890 109
3856 1.279835 109
3857 1.418661 109
3858 20.000000 109
3859 1.394193 109
3860 2.071743 109
3861 1.402761 109
3862 1.394000 109
3863 1.658486 109
3864 1.770110 109
3865 3.253817 109
3866 1.835844 109
3867 1.309018 109
3868 1.220394 109
3869 1.691991 109
3870 1.168899 109
3871 1.132963 109
3872 1.325477 109
3873 2.400339 109
3874 1.160954 109
3875 1.273532 109
3876 1.496055 109
3877 1.654312 109
3878 1.275202 109
3879 1.314826 109
3880 1.153477 109
3881 1.533422 109
3882 1.172367 109
3883 0.978275 109
3884 0.977073 109
3885 1.405376 109
3886 2.341523 109
3887 1.089661 109
3888 2.135376 109
3889 1.584284 109
3890 1.127339 109
3891 0.809349 109
3892 0.877651 109
3893 0.820679 109
3894 0.879550 109
3895 1.028697 109
3896 0.333944 108
3897 1.077000 109
3898 0.859028 109
3899 0.809028 109
3900 3.794377 114
3901 1.362956 114
3902 1.008491 114
3903 0.975702 114
3904 1.278132 114
3905 1.042728 114
3906 9.202588 114
3907 1.593781 114
3908 1.043632 114
3909 2.116035 114
3910 0.991746 114
3911 1.781500 114
3912 1.124237 114
3913 1.252333 114
3914 0.984798 114
3915 1.035395 114
3916 0.925781 114
3917 1.020781 114
3918 1.124482 114
3919 1.417789 114
3920 1.047930 114
3921 1.604228 114
3922 1.240658 114
3923 1.146658 114
3924 0.894325 114
3925 1.209044 114
3926 2.127632 114
3927 1.710149 114
3928 0.838105 114
3929 2.255570 114
3930 0.665035 114
3931 0.878982 114
3932 1.257184 114
3933 0.800658 114
3934 0.708746 114
3935 0.724026 114
3936 0.708588 114
3937 0.626272 114
3938 0.894702 114
3939 1.339316 114
3940 11.033588 114
3941 0.655579 114
3942 0.889877 114
3943 0.964026 114
3944 0.790298 114
3945 2.299447 114
3946 0.624658 114
3947 0.846193 114
3948 0.674965 114
3949 1.215535 114
3950 1.403516 122
3951 1.328820 122
3952 1.307238 122
3953 3.406115 122
3954 1.111844 122
3955 4.538861 122
3956 2.680402 122
3957 1.505180 122
3958 1.257811 122
3959 1.702107 122
3960 1.464164 122
3961 1.171525 122
3962 1.291385 122
3963 1.074156 122
3964 1.199131 122
3965 2.295557 122
3966 1.302574 122
3967 19.739074 122
3968 1.410902 122
3969 1.714410 122
3970 1.262631 122
3971 1.458893 122
3972 0.875926 122
3973 1.097746 122
3974 1.027557 122
3975 19.919049 122
3976 1.048492 122
3977 1.442156 122
3978 1.292967 122
3979 1.134943 122
3980 19.919295 122
3981 1.067262 122
3982 0.954197 122
3983 0.744746 122
3984 0.840311 122
3985 2.380352 122
3986 9.211434 122
3987 0.936459 122
3988 7.940074 121
3989 2.034508 122
3990 1.465721 122
3991 1.515131 122
3992 2.065492 122
3993 1.406811 122
3994 1.052033 122
3995 1.157803 122
3996 1.357402 122
3997 0.848590 122
3998 2.526385 122
3999 1.291533 122
4000 5.069215 121
4001 1.378207 121
4002 1.400628 121
4003 0.931711 121
4004 16.545408 120
4005 1.740158 120
4006 1.475067 120
4007 1.857767 120
4008 1.813300 120
4009 0.544908 120
4010 1.975158 120
4011 1.195092 120
4012 1.057575 120
4013 1.732783 120
4014 3.297942 120
4015 3.019550 120
4016 1.990633 120
4017 2.786275 120
4018 3.713000 120
4019 1.521825 120
4020 1.055167 120
4021 1.145458 120
4022 0.970683 120
4023 0.787167 120
4024 1.023675 120
4025 1.060400 120
4026 1.120442 120
4027 3.437558 120
4028 0.964442 120
4029 0.894908 120
4030 0.916658 120
4031 5.089475 120
4032 2.077283 120
4033 1.158217 120
4034 1.352633 120
4035 11.747750 120
4036 0.529883 120
4037 0.784133 120
4038 0.581808 120
4039 0.604150 120
4040 20.000000 120
4041 0.436467 120
4042 0.626383 120
4043 0.395825 120
4044 0.806508 120
4045 1.288908 120
4046 0.832433 120
4047 0.426658 120
4048 0.648217 120
4049 0.394225 120
4050 1.816500 122
4051 1.492311 122
4052 4.812623 122
4053 1.881992 122
4054 1.010107 122
4055 0.991352 122
4056 1.003557 122
4057 1.268336 122
4058 18.238951 122
4059 1.651320 122
4060 4.019287 122
4061 1.139156 122
4062 0.835557 122
4063 1.032656 122
4064 2.175836 122
4065 0.965025 122
4066 2.130820 122
4067 1.600826 121
4068 1.192213 122
4069 1.815525 122
4070 1.142426 122
4071 0.297504 121
4072 1.171467 122
4073 1.125197 122
4074 9.482992 122
4075 1.034926 122
4076 0.256322 121
4077 0.937336 122
4078 1.785852 122
4079 0.958361 122
4080 0.965008 122
4081 1.364984 122
4082 1.296541 122
4083 0.842631 122
4084 1.073910 122
4085 1.042869 122
4086 1.771016 122
4087 1.383475 122
4088 1.079893 122
4089 0.645951 122
4090 0.643811 122
4091 1.453197 122
4092 1.111254 122
4093 13.580516 122
4094 0.918738 122
4095 0.631115 122
4096 2.550164 122
4097 0.746549 122
4098 0.669721 122
4099 0.612221 122
4100 0.943102 118
4101 8.252839 118
4102 9.868333 117
4103 1.174297 118
4104 1.043246 118
4105 0.330222 117
4106 2.826407 118
4107 19.830534 118
4108 1.501246 118
4109 1.253144 118
4110 1.369263 118
4111 0.989627 118
4112 2.341407 118
4113 1.232814 118
4114 1.248653 118
4115 0.995932 118
4116 0.486644 118
4117 1.702686 118
4118 1.233042 118
4119 1.269712 118
4120 1.034339 118
4121 19.606161 118
4122 1.022441 118
4123 1.378669 118
4124 0.760695 118
4125 0.276299 117
4126 0.971254 118
4127 0.817212 118
4128 0.983153 118
4129 0.975517 118
4130 0.859907 118
4131 0.259598 117
4132 1.092314 118
4133 0.828466 118
4134 0.742364 118
4135 0.948949 118
4136 0.885695 118
4137 0.873966 118
4138 0.765729 118
4139 1.010364 118
4140 0.728034 118
4141 0.200513 117
4142 0.194923 117
4143 0.691992 118
4144 0.836314 118
4145 0.866644 118
4146 0.750432 118
4147 0.664593 118
4148 0.690568 118
4149 0.219195 118
4150 1.970583 115
4151 1.805496 115
4152 1.448209 115
4153 1.402774 115
4154 0.851087 115
4155 1.249800 115
4156 4.884774 115
4157 1.280609 115
4158 1.176965 115
4159 0.472304 115
4160 1.218861 115
4161 3.556322 115
4162 0.535096 114
4163 1.120809 115
4164 1.077739 115
4165 5.435765 115
4166 1.726052 115
4167 2.465522 115
4168 1.238852 115
4169 1.439835 115
4170 1.187565 115
4171 1.146496 115
4172 0.563261 115
4173 0.513035 115
4174 1.127000 115
4175 1.101104 115
4176 0.738263 114
4177 6.429530 115
4178 4.895053 114
4179 1.528583 115
4180 1.249696 115
4181 1.637304 115
4182 0.689770 113
4183 2.645322 115
4184 0.385938 113
4185 1.052713 115
4186 1.246974 115
4187 1.181948 115
4188 0.264558 113
4189 1.863922 115
4190 0.998304 115
4191 0.355465 114
4192 0.956852 115
4193 1.127209 115
4194 1.135478 115
4195 0.379858 113
4196 1.529243 115
4197 0.825591 115
4198 0.925991 115
4199 0.822061 115
4200 1.318541 122
4201 1.359697 122
4202 1.211631 122
4203 1.071656 122
4204 1.755926 122
4205 1.211180 122
4206 0.699719 121
4207 1.168598 122
4208 0.958314 121
4209 2.142418 122
4210 1.113902 122
4211 0.325570 121
4212 1.014377 122
4213 1.337492 122
4214 0.331488 121
4215 1.459820 122
4216 0.487541 122
4217 1.914811 122
4218 0.868198 121
4219 2.058008 122
4220 1.232549 122
4221 1.011787 122
4222 2.296975 122
4223 1.348689 122
4224 0.671164 122
4225 1.340180 122
4226 1.474738 122
4227 1.317959 122
4228 1.160902 122
4229 0.991107 122
4230 1.083762 122
4231 0.995443 122
4232 1.155041 122
4233 0.887197 122
4234 1.209664 122
4235 1.474738 122
4236 1.447902 122
4237 1.668615 122
4238 0.597034 119
4239 1.174918 122
4240 0.334686 121
4241 0.313283 120
4242 7.758221 122
4243 0.318587 121
4244 0.305193 119
4245 0.339529 119
4246 1.133279 122
4247 1.424451 122
4248 1.360492 122
4249 17.427295 122
4250 17.389436 110
4251 18.732964 110
4252 16.700882 110
4253 15.573636 110
4254 16.576973 110
4255 18.188100 110
4256 15.304709 110
4257 13.653100 110
4258 17.932327 110
4259 17.068282 110
4260 16.384736 110
4261 14.557055 110
4262 16.474964 110
4263 17.093700 110
4264 14.650780 109
4265 15.449275 109
4266 12.243385 109
4267 17.044009 109
4268 13.795404 109
4269 11.181422 109
4270 7.334303 109
4271 4.583569 109
4272 2.574532 109
4273 1.445642 109
4274 19.999727 110
4275 19.999688 109
4276 19.460220 109
4277 19.817882 110
4278 10.047800 110
4279 0.822045 110
4280 0.213472 108
4281 0.704826 109
4282 1.725633 109
4283 0.727560 109
4284 0.768789 109
4285 0.973881 109
4286 0.738046 109
4287 4.831193 109
4288 1.329028 109
4289 1.188073 109
4290 0.581349 109
4291 0.146241 108
4292 0.235991 108
4293 0.148422 109
4294 0.160367 109
4295 0.144306 108
4296 0.165111 108
4297 0.150898 108
4298 19.816321 109
4299 0.554486 109
4300 0.920224 107
4301 0.353047 107
4302 0.463121 107
4303 0.389178 107
4304 0.365888 107
4305 0.442607 107
4306 1.141449 107
4307 1.366467 107
4308 0.343037 107
4309 0.462075 106
4310 1.179701 107
4311 1.089065 107
4312 0.438321 106
4313 0.417547 106
4314 0.443056 107
4315 0.460443 106
4316 0.424726 106
4317 2.173075 107
4318 5.013327 107
4319 1.449645 107
4320 2.265991 107
4321 1.173585 106
4322 1.301406 106
4323 1.636519 106
4324 1.887906 106
4325 1.256570 107
4326 2.433944 107
4327 0.517181 105
4328 0.575654 104
4329 1.699495 107
4330 1.447841 107
4331 0.861886 105
4332 1.689299 107
4333 1.291084 107
4334 1.485243 107
4335 1.206178 107
4336 1.463364 107
4337 1.791916 107
4338 0.952262 107
4339 0.270604 106
4340 1.015047 107
4341 1.297243 107
4342 1.129290 107
4343 0.942738 107
4344 6.583065 107
4345 5.587748 107
4346 5.465349 106
4347 5.538019 107
4348 5.488415 106
4349 5.552783 106
4350 3.476673 110
4351 1.458236 110
4352 1.469273 110
4353 1.492955 110
4354 12.272327 110
4355 13.754982 110
4356 1.311436 110
4357 1.185291 110
4358 13.384709 110
4359 13.439045 110
4360 11.645582 110
4361 6.381380 108
4362 4.988491 108
4363 3.393657 108
4364 3.122250 108
4365 2.542167 108
4366 2.658743 109
4367 2.508843 108
4368 2.448806 108
4369 3.590333 108
4370 2.449500 108
4371 3.891481 108
4372 1.490111 108
4373 1.961185 108
4374 3.398315 108
4375 2.559807 109
4376 1.939569 109
4377 1.360459 109
4378 1.199722 108
4379 0.870582 110
4380 0.190945 110
4381 0.232518 110
4382 0.177679 109
4383 0.213173 110
4384 0.186881 109
4385 0.203945 109
4386 0.257382 110
4387 0.220073 109
4388 10.382800 110
4389 0.837764 110
4390 0.715445 110
4391 0.153364 110
4392 0.291073 109
4393 0.171855 110
4394 0.653345 110
4395 0.254555 110
4396 0.276495 109
4397 0.171101 109
4398 0.243327 110
4399 0.168789 109
4400 1.207440 91
4401 0.367253 91
4402 0.419538 91
4403 0.432121 91
4404 0.439451 91
4405 0.365385 91
4406 1.267593 91
4407 0.702956 91
4408 0.627418 91
4409 0.618422 90
4410 0.578678 90
4411 0.803367 90
4412 1.162593 91
4413 1.150176 91
4414 0.779538 91
4415 0.358222 90
4416 0.448444 90
4417 1.662714 91
4418 0.683989 90
4419 0.625856 90
4420 0.330722 90
4421 1.232637 91
4422 0.744111 90
4423 0.512278 90
4424 0.337533 90
4425 1.329505 91
4426 0.640560 91
4427 0.596495 91
4428 0.344100 90
4429 2.038736 91
4430 0.448180 89
4431 0.308281 89
4432 0.539900 90
4433 2.000692 91
4434 0.322933 90
4435 0.589478 90
4436 0.509033 90
4437 1.370747 91
4438 0.788222 90
4439 0.658289 90
4440 0.491822 90
4441 1.297220 91
4442 0.993689 90
4443 0.301567 90
4444 0.520167 90
4445 1.298692 91
4446 0.648824 91
4447 0.493056 90
4448 0.608478 90
4449 1.297154 91
4450 1.292075 106
4451 0.726934 106
4452 0.412698 106
4453 1.358632 106
4454 1.334236 106
4455 0.537429 105
4456 1.230590 105
4457 0.286845 103
4458 7.915867 105
4459 0.884962 104
4460 1.598648 105
4461 0.459038 104
4462 1.108143 105
4463 0.338019 105
4464 1.094381 105
4465 0.286743 105
4466 0.977667 105
4467 0.957981 105
4468 1.076857 105
4469 0.249943 105
4470 1.271257 105
4471 1.328838 105
4472 0.425346 104
4473 1.985390 105
4474 2.282476 103
4475 1.430429 105
4476 1.239257 105
4477 0.347971 102
4478 1.390105 105
4479 1.209533 105
4480 1.861486 105
4481 1.053105 105
4482 0.686856 104
4483 19.683524 105
4484 1.011419 105
4485 1.005371 105
4486 1.038295 105
4487 0.676381 105
4488 1.361390 105
4489 1.145990 105
4490 1.077571 105
4491 1.039838 105
4492 1.406324 105
4493 1.070400 105
4494 0.816952 105
4495 1.119943 105
4496 1.299562 105
4497 0.886019 105
4498 1.149143 105
4499 1.284371 105
