0 0.441614 118
1 1.797948 118
2 2.069715 118
3 0.942082 118
4 0.984204 118
5 0.000000 118
6 0.534615 118
7 13.632291 118
8 0.617813 118
9 0.574454 118
10 0.547613 118
11 0.547867 118
12 16.068566 118
13 1.805140 118
14 0.397831 118
15 0.551417 118
16 1.359409 118
17 1.406014 118
18 0.648837 118
19 1.318289 118
20 1.402002 118
21 0.458709 118
22 1.110283 118
23 0.626831 118
24 0.862222 118
25 0.983321 118
26 0.895106 118
27 5.535182 118
28 0.807509 118
29 0.426673 118
30 0.957099 118
31 0.389436 118
32 0.433245 118
33 1.247029 118
34 1.282451 118
35 0.735930 118
36 1.267659 118
37 0.482020 118
38 1.039395 118
39 1.009751 118
40 1.202481 118
41 0.999925 118
42 0.890216 118
43 0.846551 118
44 1.538815 118
45 0.774331 118
46 1.361773 118
47 1.784664 118
48 3.370199 118
49 0.636063 118
50 0.448722 116
51 0.573841 116
52 0.639716 116
53 0.696806 116
54 0.311331 116
55 0.360913 116
56 0.564040 116
57 0.528176 116
58 0.385012 116
59 0.000000 116
60 0.038251 116
61 3.088871 116
62 0.555458 116
63 0.601745 116
64 0.548816 116
65 0.779130 116
66 0.477980 116
67 0.504085 116
68 1.887287 116
69 1.361324 116
70 3.348870 116
71 3.300506 116
72 3.345541 116
73 0.763868 116
74 1.642799 116
75 1.636767 116
76 2.147431 116
77 2.693853 116
78 2.025859 116
79 2.239104 116
80 2.046459 116
81 1.902628 116
82 1.992111 116
83 0.767310 116
84 0.959057 116
85 0.755855 116
86 1.380995 116
87 2.210844 116
88 1.353976 116
89 3.005596 116
90 0.000000 116
91 0.481690 116
92 2.030124 116
93 1.834782 116
94 6.350025 116
95 0.000000 116
96 0.213820 116
97 2.433498 116
98 4.964126 116
99 5.329933 116
100 2.233626 93
101 4.331118 93
102 4.076190 93
103 4.369744 93
104 1.459198 93
105 3.180674 93
106 3.437825 93
107 1.864979 93
108 4.389995 93
109 0.763473 93
110 3.982983 93
111 29.572532 93
112 37.630093 93
113 1.585726 93
114 3.843042 93
115 3.824024 93
116 1.233166 93
117 1.522785 93
118 3.545722 93
119 4.082985 93
120 1.642690 93
121 1.479313 93
122 2.915011 93
123 1.340563 93
124 0.913638 93
125 2.396167 93
126 6.778179 93
127 3.085099 93
128 1.501616 93
129 24.173024 93
130 0.981293 93
131 1.387410 93
132 1.579350 93
133 0.354324 93
134 1.317091 93
135 1.752233 93
136 6.736303 93
137 1.111339 93
138 1.828772 93
139 2.022546 93
140 20.260646 93
141 0.958192 93
142 2.829506 93
143 0.658061 93
144 0.609892 93
145 1.128718 93
146 2.891366 93
147 1.600078 93
148 0.792859 93
149 1.838488 93
150 0.881058 100
151 1.797149 100
152 1.173027 100
153 0.342566 100
154 0.645358 100
155 1.674393 100
156 1.727449 100
157 0.588715 100
158 0.945813 100
159 1.420640 100
160 26.483405 100
161 0.604596 100
162 0.716878 99
163 0.896396 99
164 3.750233 99
165 3.284234 99
166 3.451228 99
167 1.586568 99
168 3.578189 99
169 0.000000 99
170 0.000000 99
171 26.685180 99
172 2.163050 99
173 3.638923 99
174 3.890879 99
175 4.563493 99
176 4.409445 99
177 6.208246 99
178 5.406549 99
179 0.064684 99
180 1.071764 99
181 6.067514 99
182 6.337650 99
183 6.785640 99
184 6.636567 99
185 7.282779 99
186 6.930826 99
187 0.107165 99
188 1.774418 99
189 7.795686 99
190 7.493393 99
191 0.116322 99
192 1.846674 99
193 7.879338 99
194 8.008980 99
195 0.124060 99
196 2.060604 99
197 7.939643 99
198 7.646539 99
199 7.756755 99
200 0.117100 96
201 2.683286 96
202 3.471561 96
203 4.024669 96
204 4.000536 96
205 4.247011 96
206 3.909732 96
207 3.923574 96
208 0.128849 96
209 1.731041 96
210 5.228937 96
211 5.276136 96
212 5.438355 96
213 5.999428 96
214 5.437295 96
215 5.848457 96
216 5.967005 96
217 6.652637 96
218 6.799093 96
219 6.924635 96
220 7.499509 96
221 7.007332 96
222 7.028560 96
223 7.257677 96
224 7.288856 96
225 7.136861 96
226 7.100664 96
227 0.163456 96
228 2.081765 96
229 7.652739 96
230 7.436873 96
231 0.146006 96
232 2.486266 96
233 7.391563 96
234 7.338076 96
235 7.471970 96
236 7.494429 96
237 7.014031 96
238 7.670006 96
239 7.397945 96
240 7.552082 96
241 7.605506 96
242 7.404331 96
243 7.552287 96
244 7.315695 96
245 7.326871 96
246 7.789233 96
247 0.146569 96
248 1.976827 96
249 7.758555 96
250 0.109761 99
251 2.189796 99
252 3.037635 99
253 0.133865 99
254 1.886004 99
255 4.650707 99
256 4.293238 99
257 4.288942 99
258 3.995388 99
259 4.200052 99
260 4.515355 99
261 4.727573 99
262 5.088734 99
263 5.648967 99
264 7.357365 99
265 6.493200 99
266 6.705637 99
267 6.636094 99
268 6.885300 99
269 7.335486 99
270 6.953033 99
271 0.148814 99
272 0.139251 99
273 0.134021 99
274 0.130686 99
275 0.129833 99
276 2.033889 99
277 7.916097 99
278 7.548231 99
279 0.142026 99
280 2.036996 99
281 7.661288 99
282 7.610167 99
283 7.959379 99
284 7.877628 99
285 7.731844 99
286 7.179253 99
287 7.397958 99
288 7.612548 99
289 7.030710 99
290 7.123436 99
291 0.142358 99
292 2.034125 99
293 7.436708 99
294 7.292915 99
295 8.136883 99
296 7.695100 99
297 7.541408 99
298 7.611048 99
299 7.592383 99
300 0.116499 101
301 2.176821 101
302 2.705203 101
303 3.385383 101
304 4.504463 101
305 3.820060 101
306 3.675344 101
307 3.757345 101
308 4.289585 101
309 4.111342 101
310 4.363928 101
311 4.695741 101
312 5.510123 101
313 5.039366 101
314 5.737996 101
315 5.958766 101
316 5.712465 101
317 6.356576 101
318 7.025579 101
319 6.931407 101
320 7.122741 101
321 7.266681 101
322 7.417063 101
323 7.403743 101
324 7.572455 101
325 6.836687 101
326 7.126683 101
327 7.573423 101
328 7.608289 101
329 7.281657 101
330 7.612749 101
331 7.513717 101
332 7.355016 101
333 7.293738 101
334 7.188066 101
335 7.433305 101
336 7.298339 101
337 7.367424 101
338 0.166599 101
339 2.414421 101
340 7.611726 101
341 7.685402 101
342 7.098553 101
343 7.572781 101
344 7.529248 101
345 7.528950 101
346 7.303628 101
347 7.399982 101
348 7.059464 101
349 7.012515 101
350 0.054722 108
351 1.133551 108
352 2.097330 108
353 2.560264 108
354 2.716245 108
355 0.090929 108
356 0.077871 108
357 0.070080 108
358 0.069114 108
359 1.004476 108
360 4.390279 108
361 5.114208 108
362 0.080838 108
363 1.188351 108
364 0.089323 108
365 1.568142 108
366 0.100918 108
367 0.087366 108
368 1.601221 108
369 7.115289 108
370 0.109227 108
371 0.105555 108
372 0.107164 108
373 1.910031 108
374 0.110991 108
375 2.116026 108
376 7.130143 108
377 6.730282 108
378 0.141410 108
379 0.137826 108
380 2.095507 108
381 7.056577 108
382 7.014539 108
383 0.145747 108
384 0.141426 108
385 1.936790 108
386 7.445153 108
387 7.974896 108
388 0.155414 108
389 0.154129 108
390 0.164842 108
391 0.182410 108
392 2.225960 108
393 7.192560 108
394 0.201647 108
395 0.208571 108
396 2.496652 108
397 0.238942 108
398 0.259654 108
399 0.299287 108
400 0.144351 101
401 2.742652 101
402 3.301738 101
403 4.401112 101
404 0.132285 101
405 0.116849 101
406 0.097532 101
407 0.087074 101
408 1.436792 101
409 0.085063 101
410 0.000000 101
411 0.000000 101
412 0.000000 101
413 0.000000 101
414 0.000000 101
415 0.000000 101
416 0.000000 101
417 0.000000 101
418 0.000000 101
419 0.000000 101
420 0.000000 101
421 0.000000 101
422 0.000000 101
423 0.000000 101
424 0.000000 101
425 0.000000 101
426 0.000000 101
427 0.000000 101
428 0.000000 101
429 0.000000 101
430 0.000000 101
431 0.000000 101
432 0.000000 101
433 0.000000 101
434 0.000000 101
435 0.000000 101
436 0.000000 101
437 0.000000 101
438 0.000000 101
439 0.000000 101
440 0.000000 101
441 0.000000 101
442 0.000000 101
443 0.000000 101
444 0.000000 101
445 0.000000 101
446 0.000000 101
447 0.000000 101
448 0.000000 101
449 0.000000 101
450 0.000000 106
451 0.000000 106
452 0.000000 106
453 0.000000 106
454 0.000000 106
455 0.000000 106
456 0.000000 106
457 0.000000 106
458 0.000000 106
459 0.016727 106
460 13.459713 106
461 2.072154 106
462 5.064220 106
463 4.862158 106
464 5.328465 106
465 8.291968 106
466 1.529671 106
467 2.424778 106
468 5.197983 106
469 12.462380 106
470 1.802592 106
471 1.551066 106
472 1.414398 106
473 2.246733 106
474 3.327932 106
475 1.521181 106
476 1.471545 106
477 1.492701 106
478 1.692943 106
479 1.585832 106
480 4.365302 106
481 1.809641 106
482 0.002632 106
483 2.727741 106
484 7.776218 106
485 5.592507 106
486 2.934586 106
487 6.369899 106
488 6.494823 106
489 2.694116 106
490 3.554425 106
491 7.328055 106
492 8.003915 106
493 1.839746 106
494 3.664940 106
495 3.932954 106
496 1.800115 106
497 7.303201 106
498 4.631975 106
499 1.639598 106
500 0.565244 115
501 3.659531 115
502 12.346896 115
503 4.735180 115
504 1.026567 115
505 1.590285 115
506 1.542767 115
507 1.537528 115
508 0.381543 115
509 2.715979 115
510 17.410354 115
511 0.684355 115
512 1.393968 115
513 0.000000 115
514 0.826316 115
515 2.400135 115
516 1.182109 115
517 1.904276 115
518 2.372843 115
519 2.676277 115
520 2.066083 115
521 1.765603 115
522 3.432122 115
523 11.176767 115
524 1.675777 115
525 2.488831 115
526 0.000000 115
527 15.215969 115
528 1.162394 115
529 2.124604 115
530 0.841329 115
531 1.652763 115
532 1.626775 115
533 2.232790 115
534 4.878789 115
535 2.655465 115
536 3.845630 115
537 1.983960 115
538 2.027867 115
539 4.718650 115
540 5.029584 115
541 3.313187 115
542 1.918187 115
543 0.299704 115
544 0.516571 115
545 1.714940 115
546 0.000000 115
547 1.030962 115
548 0.855816 115
549 10.650650 115
550 11.158024 102
551 73.889973 102
552 15.510239 102
553 2.101018 102
554 1.284449 102
555 1.202338 102
556 1.358558 102
557 18.272559 102
558 1.351414 102
559 85.306004 102
560 1.239469 102
561 24.308702 102
562 6.143248 102
563 3.775296 102
564 1.495411 102
565 42.761159 102
566 1.621838 102
567 163.085337 102
568 2.830823 102
569 0.535127 102
570 1.103433 102
571 0.663394 102
572 1.350171 102
573 1.476524 102
574 1.337755 102
575 1.358793 102
576 1.300299 102
577 1.796126 102
578 1.125266 102
579 1.881519 102
580 1.741374 102
581 1.680181 102
582 1.639271 102
583 1.523137 102
584 1.669893 102
585 1.605494 102
586 0.628240 102
587 0.717785 102
588 0.698002 102
589 1.825890 102
590 1.107283 102
591 0.589887 102
592 0.000000 102
593 0.431319 102
594 0.894455 102
595 1.146035 102
596 1.055737 102
597 0.987583 102
598 0.466091 102
599 0.828574 102
600 0.554312 111
601 1.122641 111
602 0.997740 111
603 0.364629 111
604 0.868455 111
605 1.074548 111
606 0.963133 111
607 1.060458 111
608 3.075713 111
609 0.484972 111
610 0.977108 111
611 0.392610 111
612 0.889405 111
613 1.018443 111
614 1.086517 111
615 1.091620 111
616 2.927691 111
617 4.058182 111
618 0.314111 111
619 1.425324 111
620 0.850456 111
621 0.423710 111
622 24.380535 111
623 28.564015 111
624 0.000000 111
625 0.822468 111
626 0.118029 111
627 0.149307 111
628 0.155619 111
629 0.159374 111
630 0.541752 111
631 0.409143 111
632 2.850086 111
633 2.887060 111
634 0.805729 111
635 1.014779 111
636 0.582143 111
637 0.649311 111
638 0.521477 111
639 0.704991 111
640 0.477211 111
641 1.028634 111
642 0.485749 111
643 0.478850 111
644 0.356996 111
645 0.868758 111
646 0.517721 111
647 0.660988 111
648 0.579872 111
649 2.240289 111
650 0.210374 107
651 0.736856 107
652 1.769901 107
653 0.579235 107
654 0.354581 107
655 7.285870 107
656 1.224388 107
657 0.541026 107
658 0.534604 107
659 0.137694 107
660 1.178742 107
661 0.449339 107
662 1.038963 107
663 0.546678 107
664 0.572605 107
665 0.500567 107
666 0.428463 107
667 0.839962 107
668 1.825928 107
669 0.696889 107
670 1.390625 107
671 0.829074 107
672 0.493437 107
673 0.667990 107
674 0.466103 107
675 0.499196 107
676 0.000000 107
677 0.735116 107
678 0.000000 107
679 0.000000 107
680 0.395337 107
681 5.307948 107
682 2.053775 107
683 0.029347 107
684 0.626877 107
685 1.073949 107
686 0.403280 107
687 0.365041 107
688 0.559296 107
689 1.428910 107
690 0.846804 107
691 0.347694 107
692 0.301333 107
693 0.660077 107
694 0.693557 107
695 0.450309 107
696 0.607284 107
697 198.633124 107
698 0.307982 107
699 0.709017 107
700 0.628986 96
701 2.324241 96
702 0.407638 96
703 1.231456 96
704 0.684517 96
705 0.274031 96
706 0.371539 96
707 0.449871 96
708 0.400257 96
709 0.714665 96
710 0.617084 96
711 0.428734 96
712 0.748299 96
713 0.486093 96
714 13.292163 96
715 5.072189 96
716 13.299987 96
717 6.681880 96
718 0.773869 96
719 0.835699 96
720 0.402523 96
721 0.432505 96
722 0.623721 96
723 0.576304 96
724 0.521074 96
725 0.330463 96
726 0.011871 96
727 0.017468 96
728 0.060941 96
729 0.194552 96
730 0.047558 96
731 0.000000 96
732 0.000000 96
733 0.000000 96
734 0.000000 96
735 0.000000 96
736 3.218430 96
737 0.620572 96
738 41.242852 96
739 76.089638 96
740 79.390328 96
741 1.000666 96
742 1.941004 96
743 2.058045 96
744 1.647501 96
745 3.394666 96
746 1.033305 96
747 2.370433 96
748 2.811828 96
749 1.598911 96
750 8.166622 97
751 1.661584 97
752 1.118124 97
753 3.073976 97
754 1.443535 97
755 14.922858 97
756 9.241987 97
757 65.905713 97
758 0.947168 97
759 11.100422 97
760 1.122545 97
761 18.911100 97
762 0.544221 97
763 3.604806 97
764 4.605320 97
765 1.595589 97
766 0.766287 97
767 3.919973 97
768 1.375729 97
769 0.770815 97
770 4.835371 97
771 0.615573 97
772 0.377987 97
773 0.286596 97
774 0.742474 97
775 1.788502 97
776 0.000000 97
777 1.411114 97
778 0.985975 97
779 0.756205 97
780 1.319722 97
781 2.657736 97
782 4.810646 97
783 0.999038 97
784 1.735065 97
785 1.237493 97
786 3.080629 97
787 1.054934 97
788 2.594560 97
789 0.491822 97
790 0.645789 97
791 46.069316 97
792 1.610577 97
793 1.257844 97
794 0.786929 97
795 0.798980 97
796 0.707614 97
797 0.483064 97
798 0.626470 97
799 0.807691 97
800 44.641381 108
801 3.214308 108
802 1.264647 108
803 25.807880 108
804 3.117716 108
805 1.051717 108
806 16.729367 108
807 1.463476 108
808 1.332543 108
809 3.559751 108
810 7.153948 108
811 1.251753 108
812 1.001845 108
813 3.788615 108
814 2.133476 108
815 0.773780 108
816 7.847210 108
817 5.454751 108
818 4.273540 108
819 3.380933 108
820 2.780987 108
821 2.493427 108
822 1.402811 108
823 1.348172 108
824 0.061966 108
825 5.555496 108
826 1.279621 108
827 3.417233 108
828 1.750474 108
829 6.128931 108
830 16.563483 108
831 11.891789 108
832 67.123385 108
833 1.478681 108
834 1.631892 108
835 1.044986 108
836 1.164492 108
837 0.772980 108
838 1.594717 108
839 7.438907 108
840 18.263479 108
841 0.232400 108
842 2.838963 108
843 2.218017 108
844 1.427139 108
845 2.023511 108
846 171.358353 108
847 1.839390 108
848 2.338604 108
849 1.125287 108
850 24.095812 106
851 0.883887 106
852 2.249286 106
853 1.554180 106
854 1.786753 106
855 4.385461 106
856 4.504280 106
857 1.786136 106
858 5.843027 106
859 3.911045 106
860 2.869240 106
861 3.041198 106
862 1.360789 106
863 1.563571 106
864 0.988761 106
865 1.706023 106
866 0.000000 106
867 0.074996 106
868 0.000000 106
869 0.000000 106
870 0.033969 106
871 0.000000 106
872 0.028182 106
873 0.000000 106
874 0.000000 106
875 0.000000 106
876 0.000000 106
877 0.000000 106
878 0.000000 106
879 0.000000 106
880 0.000000 106
881 0.000000 106
882 0.000000 106
883 0.000000 106
884 0.000000 106
885 0.000000 106
886 0.000000 106
887 0.000000 106
888 0.000000 106
889 0.000000 106
890 0.000000 106
891 0.000000 106
892 0.185010 106
893 0.002096 106
894 0.213475 106
895 1.439517 106
896 5.138851 106
897 5.013496 106
898 2.261276 106
899 5.164152 106
900 1.541621 100
901 0.562976 100
902 8.958304 100
903 21.081034 100
904 19.219149 100
905 6.425803 100
906 2.982451 100
907 2.782492 100
908 6.510631 100
909 2.727026 100
910 2.879919 100
911 6.604020 100
912 2.845047 100
913 2.796369 100
914 1.277298 100
915 3.045506 100
916 2.313023 100
917 0.000000 100
918 0.000000 100
919 0.000000 100
920 0.000000 100
921 0.000000 100
922 0.000000 100
923 0.000000 100
924 0.000000 100
925 0.000000 100
926 0.000000 100
927 0.000000 100
928 0.000000 100
929 0.000000 100
930 0.000000 100
931 3.367573 100
932 2.721412 100
933 2.335710 100
934 4.434061 100
935 4.838768 100
936 9.280278 100
937 3.947317 100
938 3.951022 100
939 1.157426 100
940 3.744140 100
941 3.711894 100
942 3.459606 100
943 4.353913 100
944 2.121774 100
945 1.385617 100
946 1.997322 100
947 2.688400 100
948 2.147875 100
949 5.023730 100
950 2.169360 103
951 37.015091 103
952 1.668536 103
953 2.212829 103
954 1.641599 103
955 2.789408 103
956 1.478968 103
957 3.318821 103
958 4.460173 103
959 4.387706 103
960 1.391020 103
961 4.215252 103
962 3.085505 103
963 3.783651 103
964 1.459261 103
965 2.783715 103
966 3.623442 103
967 22.606494 103
968 31.557523 103
969 30.779616 103
970 35.759828 103
971 36.393982 103
972 2.181666 103
973 1.821826 103
974 2.273521 103
975 4.037789 103
976 1.239449 103
977 1.138064 103
978 2.423669 103
979 1.082473 103
980 1.202670 103
981 15.529408 103
982 2.117726 103
983 1.541007 103
984 1.922929 103
985 8.153207 103
986 1.406811 103
987 3.951686 103
988 1.533621 103
989 0.129104 103
990 1.996877 103
991 0.001543 103
992 1.632383 103
993 1.898378 103
994 0.861968 103
995 0.924870 103
996 1.438110 103
997 2.818160 103
998 3.242768 103
999 0.580339 103
1000 1.527629 81
1001 1.581361 81
1002 0.898312 81
1003 2.441634 81
1004 0.968977 81
1005 1.134137 81
1006 4.829083 81
1007 1.462621 81
1008 0.832911 81
1009 1.172504 81
1010 1.366713 81
1011 1.151569 81
1012 4.511101 81
1013 15.152395 81
1014 1.693240 81
1015 1.454645 81
1016 2.923210 81
1017 6.115694 81
1018 4.740511 81
1019 5.348568 81
1020 5.243352 81
1021 4.930026 81
1022 4.578246 81
1023 4.915830 81
1024 5.222497 81
1025 5.285735 81
1026 5.129681 81
1027 4.506471 81
1028 4.967858 81
1029 4.486879 81
1030 4.847658 81
1031 4.904265 81
1032 1.531301 81
1033 3.388390 81
1034 3.483771 81
1035 1.773486 81
1036 4.522501 81
1037 1.494041 81
1038 3.738358 81
1039 2.720332 81
1040 1.732187 81
1041 4.669202 81
1042 2.376469 81
1043 1.014150 81
1044 4.728913 81
1045 4.967729 81
1046 1.135784 81
1047 2.505061 81
1048 2.453482 81
1049 5.864241 81
1050 9.561619 103
1051 10.587382 103
1052 10.700890 103
1053 1.905888 103
1054 4.393536 103
1055 2.183958 103
1056 4.794009 103
1057 5.049525 103
1058 2.236611 103
1059 5.718231 103
1060 6.512214 103
1061 23.131246 103
1062 93.577818 103
1063 119.252351 103
1064 161.653626 103
1065 61.440251 103
1066 211.620920 103
1067 40.291587 103
1068 134.861505 103
1069 64.241338 103
1070 68.844472 103
1071 155.647360 103
1072 86.491485 103
1073 135.506308 103
1074 44.947318 103
1075 64.730753 103
1076 124.096571 103
1077 92.776950 103
1078 157.507470 103
1079 229.509756 103
1080 68.564946 103
1081 81.911951 103
1082 178.834736 103
1083 140.938289 103
1084 136.080396 103
1085 41.468535 103
1086 92.157940 103
1087 0.691227 103
1088 1.538220 103
1089 1.184485 103
1090 0.758189 103
1091 1.485813 103
1092 1.130772 103
1093 0.870587 103
1094 1.774907 103
1095 1.123726 103
1096 2.462544 103
1097 3.815776 103
1098 3.999121 103
1099 5.729978 103
1100 2.364379 116
1101 1.599705 116
1102 249.426764 116
1103 0.931700 116
1104 0.973588 116
1105 1.091982 116
1106 0.926288 116
1107 0.976689 116
1108 1.650595 116
1109 5.025494 116
1110 6.651368 116
1111 5.484870 116
1112 0.058055 116
1113 21.895494 116
1114 1.066008 116
1115 1.156394 116
1116 1.147473 116
1117 2.609668 116
1118 1.843634 116
1119 1.568763 116
1120 2.716608 116
1121 3.063970 116
1122 0.397837 116
1123 1.103036 116
1124 1.035779 116
1125 0.465538 116
1126 2.393762 116
1127 5.538958 116
1128 5.511295 116
1129 2.170718 116
1130 1.986977 116
1131 2.823218 116
1132 0.000000 116
1133 0.000000 116
1134 3.326629 116
1135 10.174437 116
1136 66.348772 116
1137 2.302959 116
1138 6.427975 116
1139 0.188887 116
1140 0.981500 116
1141 0.830084 116
1142 0.000000 116
1143 0.498436 116
1144 0.750276 116
1145 5.498859 116
1146 10.298864 116
1147 67.584877 116
1148 7.494251 116
1149 2.903775 116
1150 1.694735 106
1151 4.571753 106
1152 4.740258 106
1153 1.743211 106
1154 2.542598 106
1155 2.512433 106
1156 0.000000 106
1157 0.000000 106
1158 1.425242 106
1159 3.008339 106
1160 26.810000 106
1161 61.862121 106
1162 9.179690 106
1163 27.612400 106
1164 7.650866 106
1165 4.559291 106
1166 7.351507 106
1167 1.879928 106
1168 1.739623 106
1169 6.520643 106
1170 0.484845 106
1171 1.304591 106
1172 0.620478 106
1173 1.013088 106
1174 0.639386 106
1175 0.990236 106
1176 0.576859 106
1177 1.341562 106
1178 0.582386 106
1179 1.033413 106
1180 0.607889 106
1181 1.027579 106
1182 2.124980 106
1183 0.784229 106
1184 6.645608 106
1185 15.135027 106
1186 0.957889 106
1187 1.779524 106
1188 0.000000 106
1189 0.000000 106
1190 7.303164 106
1191 7.624405 106
1192 46.164342 106
1193 1.123537 106
1194 1.998683 106
1195 2.427577 106
1196 5.531370 106
1197 4.666867 106
1198 2.429648 106
1199 4.126572 106
1200 21.109673 107
1201 42.982116 107
1202 1.374841 107
1203 5.721620 107
1204 0.000000 107
1205 3.085913 107
1206 12.044740 107
1207 5.360888 107
1208 1.772692 107
1209 2.780951 107
1210 0.265417 107
1211 32.558748 107
1212 27.679553 107
1213 6.160301 107
1214 3.960076 107
1215 0.341682 107
1216 1.305544 107
1217 1.107503 107
1218 3.471493 107
1219 1.619874 107
1220 0.936663 107
1221 1.960146 107
1222 1.478986 107
1223 6.387160 107
1224 7.833351 107
1225 0.201106 107
1226 1.374987 107
1227 13.098779 107
1228 2.148237 107
1229 2.193544 107
1230 36.818659 107
1231 1.463858 107
1232 4.111455 107
1233 1.996406 107
1234 4.417378 107
1235 35.028025 107
1236 0.461892 107
1237 1.053364 107
1238 3.180152 107
1239 1.346372 107
1240 2.610888 107
1241 4.931799 107
1242 1.056414 107
1243 0.145751 107
1244 1.970414 107
1245 8.239453 107
1246 55.860392 107
1247 1.029217 107
1248 0.482932 107
1249 0.629248 107
1250 23.813736 107
1251 1.404187 107
1252 3.959543 107
1253 4.811512 107
1254 16.969137 107
1255 4.143591 107
1256 1.342549 107
1257 7.890149 107
1258 2.959068 107
1259 0.483371 107
1260 2.406938 107
1261 1.270338 107
1262 5.541382 107
1263 6.511826 107
1264 0.818668 107
1265 0.838026 107
1266 2.417746 107
1267 1.731657 107
1268 15.680741 107
1269 2.194746 107
1270 3.059363 107
1271 6.095627 107
1272 6.439820 107
1273 6.097046 107
1274 6.409299 107
1275 5.964012 107
1276 6.390224 107
1277 4.761989 107
1278 2.262285 107
1279 0.652236 107
1280 0.726291 107
1281 0.958162 107
1282 0.000000 107
1283 0.603120 107
1284 0.703839 107
1285 7.853786 107
1286 4.805577 107
1287 17.235948 107
1288 2.137003 107
1289 4.583916 107
1290 0.163275 107
1291 18.316533 107
1292 18.509221 107
1293 1.711280 107
1294 2.092448 107
1295 16.064588 107
1296 1.991731 107
1297 1.735243 107
1298 416.325717 107
1299 0.000000 107
1300 0.515945 108
1301 1.142700 108
1302 1.066861 108
1303 0.629027 108
1304 1.496052 108
1305 0.441698 108
1306 2.666703 108
1307 0.764856 108
1308 1.894010 108
1309 1.981971 108
1310 1.032658 108
1311 2.362715 108
1312 2.412617 108
1313 1.851956 108
1314 7.052669 108
1315 0.740626 108
1316 1.681408 108
1317 1.047088 108
1318 0.725592 108
1319 1.869709 108
1320 1.118004 108
1321 3.384013 108
1322 0.070543 108
1323 0.864413 108
1324 1.445802 108
1325 0.951619 108
1326 1.058820 108
1327 0.409599 108
1328 1.211197 108
1329 0.127636 108
1330 29.075224 108
1331 1.635907 108
1332 2.231656 108
1333 0.946108 108
1334 1.587526 108
1335 1.820387 108
1336 2.046843 108
1337 1.779325 108
1338 2.050593 108
1339 2.031556 108
1340 1.839435 108
1341 2.020481 108
1342 1.730822 108
1343 2.310204 108
1344 1.954183 108
1345 2.049975 108
1346 2.214500 108
1347 2.141077 108
1348 2.314709 108
1349 2.177577 108
1350 1.893788 99
1351 2.323169 99
1352 2.262172 99
1353 2.268815 99
1354 2.174229 99
1355 2.433904 99
1356 2.454532 99
1357 2.335138 99
1358 2.401308 99
1359 2.301293 99
1360 2.658017 99
1361 2.194701 99
1362 2.595531 99
1363 2.581015 99
1364 3.804603 99
1365 2.706112 99
1366 2.502672 99
1367 2.238411 99
1368 2.557941 99
1369 2.494789 99
1370 2.382365 99
1371 2.692435 99
1372 2.732781 99
1373 2.658460 99
1374 2.532411 99
1375 2.457961 99
1376 2.393397 99
1377 2.761989 99
1378 2.701717 99
1379 2.574289 99
1380 2.275037 99
1381 2.569960 99
1382 2.382369 99
1383 2.862482 99
1384 2.512611 99
1385 2.587236 99
1386 20.651059 99
1387 86.646293 99
1388 52.878738 99
1389 46.021073 99
1390 50.934840 99
1391 91.358879 99
1392 110.626581 99
1393 239.001569 99
1394 93.645957 99
1395 115.217756 99
1396 27.840898 99
1397 65.920561 99
1398 52.634780 99
1399 99.229770 99
1400 15.698083 96
1401 71.807871 96
1402 38.684190 96
1403 47.159873 96
1404 54.936338 96
1405 84.611352 96
1406 45.305554 96
1407 194.746827 96
1408 39.133833 96
1409 55.257717 96
1410 81.913985 96
1411 90.600884 96
1412 48.506440 96
1413 109.535679 96
1414 103.846673 96
1415 44.194791 96
1416 103.414734 96
1417 15.826498 96
1418 73.798814 96
1419 94.887797 96
1420 115.305046 96
1421 42.154714 96
1422 47.878179 96
1423 28.504319 96
1424 210.147555 96
1425 88.100545 96
1426 44.341951 96
1427 88.787132 96
1428 51.452096 96
1429 97.998557 96
1430 64.536922 96
1431 49.978234 96
1432 109.931519 96
1433 1.166691 96
1434 3.845044 96
1435 0.000000 96
1436 0.000742 96
1437 0.000000 96
1438 0.000000 96
1439 0.000000 96
1440 0.197809 96
1441 3.831184 96
1442 3.024507 96
1443 0.242188 96
1444 1.385417 96
1445 2.494436 96
1446 19.943125 96
1447 1.400793 96
1448 1.336649 96
1449 2.457354 96
1450 1.562307 90
1451 2.533593 90
1452 2.835342 90
1453 2.936162 90
1454 0.003465 90
1455 1.707633 90
1456 0.000000 90
1457 2.134800 90
1458 2.143907 90
1459 2.377368 90
1460 2.099545 90
1461 3.793431 90
1462 1.674234 90
1463 3.495174 90
1464 2.875835 90
1465 1.033651 90
1466 2.052934 90
1467 2.162053 90
1468 2.456945 90
1469 2.428993 90
1470 1.428155 90
1471 1.952212 90
1472 4.651352 90
1473 7.836274 90
1474 2.772139 90
1475 5.234634 90
1476 1.943242 90
1477 4.043229 90
1478 1.264273 90
1479 2.259980 90
1480 1.619522 90
1481 1.521317 90
1482 4.855461 90
1483 1.341777 90
1484 1.635470 90
1485 0.804189 90
1486 5.324505 90
1487 2.409976 90
1488 0.833269 90
1489 2.600862 90
1490 1.526641 90
1491 2.318736 90
1492 3.801103 90
1493 1.652687 90
1494 2.114375 90
1495 26.171766 90
1496 1.822101 90
1497 1.090045 90
1498 1.236401 90
1499 1.009423 90
1500 0.890881 103
1501 1.165267 103
1502 4.505774 103
1503 1.459404 103
1504 1.250004 103
1505 1.327419 103
1506 1.264940 103
1507 1.180314 103
1508 1.282489 103
1509 1.147502 103
1510 1.323975 103
1511 0.830884 103
1512 0.711699 103
1513 0.944267 103
1514 1.474331 103
1515 1.372359 103
1516 1.883944 103
1517 0.663193 103
1518 0.554505 103
1519 11.046912 103
1520 55.031387 103
1521 0.371676 103
1522 1.143108 103
1523 0.648872 103
1524 2.737738 103
1525 1.277281 103
1526 3.437576 103
1527 2.923172 103
1528 0.000000 103
1529 0.000000 103
1530 0.000000 103
1531 0.000000 103
1532 1.362545 103
1533 2.059199 103
1534 2.400228 103
1535 2.304326 103
1536 123.445849 103
1537 1.055513 103
1538 1.045951 103
1539 0.875232 103
1540 0.990157 103
1541 1.018518 103
1542 1.004589 103
1543 1.019205 103
1544 1.008293 103
1545 1.225638 103
1546 1.756581 103
1547 0.000000 103
1548 1.261098 103
1549 2.632319 103
1550 1.738531 118
1551 0.964770 118
1552 0.646706 118
1553 2.255609 118
1554 5.744428 118
1555 0.612238 118
1556 1.061561 118
1557 0.802419 118
1558 2.069839 118
1559 1.472755 118
1560 1.210731 118
1561 1.569972 118
1562 1.245486 118
1563 0.467704 118
1564 1.119028 118
1565 2.445205 118
1566 2.263206 118
1567 2.684082 118
1568 0.590951 118
1569 0.573878 118
1570 0.053716 118
1571 1.633614 118
1572 1.249082 118
1573 1.635295 118
1574 1.227001 118
1575 0.184239 118
1576 8.728129 118
1577 0.988994 118
1578 0.777067 118
1579 1.021936 118
1580 1.623291 118
1581 2.950584 118
1582 2.837941 118
1583 3.043517 118
1584 8.167197 118
1585 10.674383 118
1586 0.000000 118
1587 0.000000 118
1588 0.000000 118
1589 0.000000 118
1590 0.000000 118
1591 0.000000 118
1592 0.000000 118
1593 0.000000 118
1594 0.000000 118
1595 0.000000 118
1596 0.000000 118
1597 0.000000 118
1598 2.455991 118
1599 5.427261 118
1600 1.855912 111
1601 1.816548 111
1602 4.012570 111
1603 3.525581 111
1604 4.261888 111
1605 1.390770 111
1606 4.133063 111
1607 4.123149 111
1608 1.409094 111
1609 3.811888 111
1610 4.225188 111
1611 1.493169 111
1612 4.240422 111
1613 1.483601 111
1614 3.967310 111
1615 1.992194 111
1616 4.310430 111
1617 4.634549 111
1618 4.464403 111
1619 5.133497 111
1620 0.969937 111
1621 10.961411 111
1622 1.709928 111
1623 1.258759 111
1624 1.754966 111
1625 2.933976 111
1626 1.678081 111
1627 2.920104 111
1628 1.769707 111
1629 2.907197 111
1630 28.489912 111
1631 89.536354 111
1632 2.191848 111
1633 1.151084 111
1634 33.352199 111
1635 1.540478 111
1636 0.000000 111
1637 0.000000 111
1638 0.000000 111
1639 3.937072 111
1640 1.344482 111
1641 1.297053 111
1642 2.004612 111
1643 4.548109 111
1644 2.527373 111
1645 6.149164 111
1646 1.205701 111
1647 2.833580 111
1648 0.506975 111
1649 1.033542 111
1650 1.995370 95
1651 2.595395 95
1652 1.420707 95
1653 1.363829 95
1654 62.547399 95
1655 14.256811 95
1656 1.950920 95
1657 1.899460 95
1658 1.286475 95
1659 1.192066 95
1660 1.410618 95
1661 2.737861 95
1662 2.043130 95
1663 2.236424 95
1664 0.257856 95
1665 1.588024 95
1666 1.660616 95
1667 0.669608 95
1668 1.265184 95
1669 1.526218 95
1670 0.618491 95
1671 1.457708 95
1672 0.033759 95
1673 0.021847 95
1674 0.017452 95
1675 0.020812 95
1676 0.015861 95
1677 0.015678 95
1678 0.011584 95
1679 0.203469 95
1680 0.018711 95
1681 0.346416 95
1682 1.912196 95
1683 4.456895 95
1684 4.004213 95
1685 0.512236 95
1686 0.690311 95
1687 3.497150 95
1688 1.628172 95
1689 0.946789 95
1690 106.108728 95
1691 2.089358 95
1692 100.903719 95
1693 0.581699 95
1694 1.714982 95
1695 3.819930 95
1696 1.744889 95
1697 3.887557 95
1698 1.333656 95
1699 3.599028 95
1700 1.167123 95
1701 2.503104 95
1702 2.236515 95
1703 0.598591 95
1704 0.582184 95
1705 2.253627 95
1706 4.649029 94
1707 4.919832 95
1708 3.860465 95
1709 4.082873 95
1710 9.733190 95
1711 30.079913 95
1712 28.420798 95
1713 29.974668 95
1714 0.855339 95
1715 1.324004 95
1716 0.645287 95
1717 1.781304 95
1718 8.437450 95
1719 0.992050 95
1720 0.805818 95
1721 0.770610 95
1722 1.196941 95
1723 3.626841 95
1724 1.060658 95
1725 0.782165 95
1726 42.096456 95
1727 9.575972 95
1728 15.441938 95
1729 0.769068 95
1730 0.849725 95
1731 1.456853 95
1732 3.429334 95
1733 29.724137 95
1734 1.310333 95
1735 1.211974 95
1736 1.359725 95
1737 1.657859 95
1738 1.409295 95
1739 0.146523 95
1740 1.415953 95
1741 0.967986 95
1742 138.800553 95
1743 3.413177 95
1744 2.115188 95
1745 1.397153 95
1746 0.999994 95
1747 26.337527 95
1748 0.270246 95
1749 7.384214 95
1750 3.138777 119
1751 1.973849 119
1752 0.722707 119
1753 1.040870 119
1754 2.877133 119
1755 3.024710 119
1756 20.422082 119
1757 1.184855 119
1758 0.942417 119
1759 27.837484 119
1760 1.634676 119
1761 1.992091 119
1762 2.678719 119
1763 1.873750 119
1764 2.383664 119
1765 2.641606 119
1766 2.033682 119
1767 2.765402 119
1768 2.930707 119
1769 0.000000 119
1770 0.000000 119
1771 0.693103 119
1772 1.179032 119
1773 5.067985 119
1774 1.476269 119
1775 4.296013 119
1776 0.342314 119
1777 0.559822 119
1778 0.608791 119
1779 1.147406 119
1780 1.114093 119
1781 7.299655 119
1782 7.928452 119
1783 19.366721 119
1784 12.366564 119
1785 0.778658 119
1786 2.727392 119
1787 0.000000 119
1788 1.065755 119
1789 1.336366 119
1790 2.359455 119
1791 0.140537 119
1792 1.589124 119
1793 3.423549 119
1794 3.649777 119
1795 0.948800 119
1796 0.888687 119
1797 2.069289 119
1798 0.868917 119
1799 0.920391 119
1800 0.579606 115
1801 2.812558 115
1802 0.540338 115
1803 0.735822 115
1804 1.806122 115
1805 0.701565 115
1806 0.765633 115
1807 0.000000 115
1808 1.725449 115
1809 2.088769 115
1810 0.584888 115
1811 0.054043 115
1812 0.556616 115
1813 2.275141 115
1814 3.087624 115
1815 3.105755 115
1816 12.749351 115
1817 1.109451 115
1818 1.048170 115
1819 1.303860 115
1820 1.209656 115
1821 138.604518 115
1822 176.573135 115
1823 1.823367 115
1824 2.330078 115
1825 0.854723 115
1826 0.947074 115
1827 6.893319 115
1828 8.500944 115
1829 8.663656 115
1830 1.125843 115
1831 23.624850 115
1832 87.337987 115
1833 1.271440 115
1834 14.027915 115
1835 1.156223 115
1836 13.091140 115
1837 1.076845 115
1838 0.596606 115
1839 1.864644 115
1840 1.061104 115
1841 7.037720 115
1842 14.762657 115
1843 6.648106 115
1844 1.922797 115
1845 1.196297 115
1846 1.215841 115
1847 0.012611 115
1848 0.022372 115
1849 0.845588 115
1850 1.095737 107
1851 10.511554 107
1852 0.000000 107
1853 0.755853 107
1854 1.687841 107
1855 1.760793 107
1856 0.506884 107
1857 0.615190 107
1858 1.762757 107
1859 1.821189 107
1860 1.314980 107
1861 1.084318 107
1862 148.778255 107
1863 0.365435 107
1864 1.086334 107
1865 1.429586 107
1866 0.631156 107
1867 1.278126 107
1868 0.543049 107
1869 0.574943 107
1870 0.718545 107
1871 1.094329 107
1872 0.064080 107
1873 0.070100 107
1874 0.021916 107
1875 0.682207 107
1876 0.710656 107
1877 1.681252 107
1878 15.719735 107
1879 3.431892 107
1880 4.859667 107
1881 3.275211 107
1882 41.851983 107
1883 3.181711 107
1884 19.373670 107
1885 3.642526 107
1886 3.793363 107
1887 76.011024 107
1888 8.181835 107
1889 18.985837 107
1890 4.717105 107
1891 1.700168 107
1892 1.717377 107
1893 1.478066 107
1894 0.642893 107
1895 1.247077 107
1896 1.215046 107
1897 0.721448 107
1898 0.882169 107
1899 1.958408 107
1900 0.783684 108
1901 5.410485 108
1902 0.545565 108
1903 0.348503 108
1904 0.409441 108
1905 0.000000 108
1906 0.000000 108
1907 0.000000 108
1908 0.000000 108
1909 0.000000 108
1910 0.000000 108
1911 0.000000 108
1912 3.131663 108
1913 6.351607 108
1914 6.315457 106
1915 6.109978 108
1916 6.447914 108
1917 6.500460 108
1918 6.271381 108
1919 6.139077 108
1920 6.532124 108
1921 6.423505 108
1922 6.566607 108
1923 6.482350 108
1924 6.143718 108
1925 6.307226 108
1926 6.063592 108
1927 6.213715 108
1928 6.181975 108
1929 6.351748 108
1930 6.626279 108
1931 6.040035 108
1932 5.803240 108
1933 6.260657 108
1934 6.335690 108
1935 6.046645 108
1936 1.399759 108
1937 3.332593 108
1938 2.723926 108
1939 1.434352 108
1940 3.402963 108
1941 3.114307 108
1942 0.156189 108
1943 0.995769 108
1944 2.119661 108
1945 1.362948 108
1946 2.114529 108
1947 2.781091 108
1948 6.455363 107
1949 0.000000 108
1950 2.052792 103
1951 0.562062 103
1952 1.229175 103
1953 1.771474 103
1954 1.538313 103
1955 3.991312 103
1956 1.403034 103
1957 12.980495 103
1958 1.190722 103
1959 2.577739 103
1960 4.285218 103
1961 1.386225 103
1962 0.000000 103
1963 0.000000 103
1964 1.190096 103
1965 25.743931 103
1966 1.232899 103
1967 0.515446 103
1968 1.744218 103
1969 1.371011 103
1970 0.638904 103
1971 0.000000 103
1972 0.662120 103
1973 1.262573 103
1974 1.061012 103
1975 1.183068 103
1976 1.705091 103
1977 1.765984 103
1978 1.459729 103
1979 0.558290 103
1980 21.493598 103
1981 1.713315 103
1982 3.837446 103
1983 3.553218 103
1984 3.771812 103
1985 11.254682 103
1986 11.097166 103
1987 10.993940 103
1988 1.462980 103
1989 3.656688 103
1990 1.203434 103
1991 3.439830 103
1992 2.202148 103
1993 3.137604 103
1994 1.761221 103
1995 3.443763 103
1996 3.585091 103
1997 103.039847 103
1998 112.821666 103
1999 114.733548 103
2000 74.496484 115
2001 85.661880 115
2002 87.049197 115
2003 90.956559 115
2004 3.490465 115
2005 3.168790 115
2006 4.861297 115
2007 1.104611 115
2008 1.705338 115
2009 1.783950 115
2010 61.669037 115
2011 1.119771 115
2012 2.339195 115
2013 14.612203 115
2014 0.000000 115
2015 1.939054 115
2016 1.049979 115
2017 0.982173 115
2018 1.302280 115
2019 0.690351 115
2020 3.349581 115
2021 1.302712 115
2022 1.842830 115
2023 1.198996 115
2024 10.428629 115
2025 5.181077 115
2026 1.447567 115
2027 1.157593 115
2028 1.278825 115
2029 0.000000 115
2030 1.442403 115
2031 1.335615 115
2032 1.554128 115
2033 2.231085 115
2034 14.997539 115
2035 1.973100 115
2036 1.053345 115
2037 237.346558 115
2038 1.714431 115
2039 1.444934 115
2040 0.648179 115
2041 1.086030 115
2042 1.007237 115
2043 8.003148 115
2044 9.815636 115
2045 2.370333 115
2046 4.830884 115
2047 5.189329 115
2048 4.651840 115
2049 3.682648 115
2050 2.397488 115
2051 6.209430 115
2052 5.766197 115
2053 1.401488 115
2054 2.892316 115
2055 3.072018 115
2056 2.023022 115
2057 63.455430 115
2058 7.380913 115
2059 6.200668 115
2060 7.083449 115
2061 7.231926 115
2062 3.336047 115
2063 1.841498 115
2064 0.267440 115
2065 3.626363 115
2066 1.920337 115
2067 0.294023 115
2068 3.301333 115
2069 0.935215 115
2070 25.286457 115
2071 27.212564 115
2072 10.711316 115
2073 1.014361 115
2074 2.290429 115
2075 33.290012 115
2076 1.454117 115
2077 3.529713 115
2078 0.472188 115
2079 1.336816 115
2080 12.506493 115
2081 0.815106 115
2082 2.357799 115
2083 0.223378 115
2084 0.584456 115
2085 0.550185 115
2086 0.585656 115
2087 0.524736 115
2088 0.518148 115
2089 0.748046 115
2090 1.327251 115
2091 0.821523 115
2092 0.196112 115
2093 0.422836 115
2094 0.370433 115
2095 0.462268 115
2096 0.033400 115
2097 0.271409 115
2098 0.543816 115
2099 0.670766 115
2100 0.593946 106
2101 0.864600 106
2102 0.011627 106
2103 35.274690 106
2104 48.162123 106
2105 0.944754 106
2106 0.510044 106
2107 0.256878 106
2108 0.771361 106
2109 1.337774 106
2110 2.901771 106
2111 0.801496 106
2112 0.991905 106
2113 13.100165 106
2114 58.774733 106
2115 111.322343 106
2116 99.742775 106
2117 22.543304 106
2118 49.476774 106
2119 49.342884 106
2120 39.873014 106
2121 41.225395 106
2122 86.086604 106
2123 39.442685 106
2124 246.527104 106
2125 2.008751 106
2126 25.879365 106
2127 14.901718 106
2128 1.351006 106
2129 1.488913 106
2130 1.485145 106
2131 1.246237 106
2132 1.972208 106
2133 0.872868 106
2134 1.487178 106
2135 1.608195 106
2136 0.000000 106
2137 0.000000 106
2138 1.163618 106
2139 0.843659 106
2140 0.983124 106
2141 4.384254 106
2142 1.748537 106
2143 1.930478 106
2144 9.578388 106
2145 20.006803 106
2146 72.864101 106
2147 16.313420 106
2148 2.204142 106
2149 1.005479 106
2150 16.056844 99
2151 5.794706 99
2152 0.521706 99
2153 1.387641 99
2154 1.366296 99
2155 1.416610 99
2156 5.958497 99
2157 15.200274 99
2158 5.700517 99
2159 5.373270 99
2160 0.003025 99
2161 0.000000 99
2162 0.000000 99
2163 0.000000 99
2164 0.000000 99
2165 0.000000 99
2166 0.000000 99
2167 0.000000 99
2168 0.000000 99
2169 0.000000 99
2170 0.000000 99
2171 0.000000 99
2172 0.000000 99
2173 0.000000 99
2174 0.000000 99
2175 0.000000 99
2176 0.000000 99
2177 0.000000 99
2178 0.000000 99
2179 0.000000 99
2180 0.000000 99
2181 0.000000 99
2182 0.000000 99
2183 0.000000 99
2184 0.000000 99
2185 0.000000 99
2186 0.000000 99
2187 0.000000 99
2188 0.000000 99
2189 0.000000 99
2190 0.000000 99
2191 0.000000 99
2192 0.000000 99
2193 0.000000 99
2194 0.000000 99
2195 0.000000 99
2196 0.000000 99
2197 0.000000 99
2198 0.000000 99
2199 0.000000 99
2200 0.000000 99
2201 0.000000 99
2202 0.000000 99
2203 0.000000 99
2204 0.000000 99
2205 0.000000 99
2206 0.000000 99
2207 0.000000 99
2208 0.000000 99
2209 0.000000 99
2210 0.000000 99
2211 0.000000 99
2212 0.000000 99
2213 0.000000 99
2214 0.000000 99
2215 0.000000 99
2216 0.000000 99
2217 0.000000 99
2218 0.000000 99
2219 0.000000 99
2220 0.000000 99
2221 0.000000 99
2222 0.000000 99
2223 0.000000 99
2224 0.000000 99
2225 0.000000 99
2226 0.000000 99
2227 0.000000 99
2228 0.000000 99
2229 0.000000 99
2230 0.000000 99
2231 0.000000 99
2232 0.000000 99
2233 0.000000 99
2234 0.000000 99
2235 0.000000 99
2236 0.000000 99
2237 0.000000 99
2238 0.000000 99
2239 0.000000 99
2240 0.000000 99
2241 0.000000 99
2242 0.000000 99
2243 0.000000 99
2244 0.000000 99
2245 0.000000 99
2246 0.000000 99
2247 0.000000 99
2248 0.000000 99
2249 0.000000 99
2250 0.000000 98
2251 0.000000 98
2252 0.000000 98
2253 0.000000 98
2254 0.000000 98
2255 0.000000 98
2256 0.000000 98
2257 0.000000 98
2258 0.000000 98
2259 0.000000 98
2260 0.000000 98
2261 0.000000 98
2262 0.000000 98
2263 0.000000 98
2264 0.000000 98
2265 0.000000 98
2266 0.000000 98
2267 0.000000 98
2268 0.000000 98
2269 0.000000 98
2270 0.000000 98
2271 0.000000 98
2272 0.000000 98
2273 0.000000 98
2274 0.000000 98
2275 0.000000 98
2276 0.000000 98
2277 0.000000 98
2278 0.000000 98
2279 0.000000 98
2280 0.000000 98
2281 0.000000 98
2282 0.000000 98
2283 0.000000 98
2284 0.000000 98
2285 0.000000 98
2286 0.000000 98
2287 0.000000 98
2288 0.000000 98
2289 0.000000 98
2290 0.000000 98
2291 0.000000 98
2292 0.000000 98
2293 0.000000 98
2294 0.000000 98
2295 0.000000 98
2296 0.000000 98
2297 0.000000 98
2298 0.000000 98
2299 0.000000 98
2300 0.000000 96
2301 0.000000 96
2302 0.000000 96
2303 0.000000 96
2304 0.000000 96
2305 0.000000 96
2306 0.000000 96
2307 0.000000 96
2308 0.000000 96
2309 0.000000 96
2310 0.000000 96
2311 0.000000 96
2312 0.000000 96
2313 0.000000 96
2314 0.000000 96
2315 0.000000 96
2316 0.000000 96
2317 0.000000 96
2318 0.000000 96
2319 0.000000 96
2320 0.000000 96
2321 0.000000 96
2322 0.000000 96
2323 0.000000 96
2324 0.000000 96
2325 0.000000 96
2326 0.000000 96
2327 0.000000 96
2328 0.000000 96
2329 0.000000 96
2330 0.000000 96
2331 0.000000 96
2332 0.000000 96
2333 0.000000 96
2334 0.000000 96
2335 0.000000 96
2336 0.000000 96
2337 0.000000 96
2338 0.000000 96
2339 0.000000 96
2340 0.000000 96
2341 0.000000 96
2342 0.000000 96
2343 0.000000 96
2344 0.000000 96
2345 0.000000 96
2346 0.000000 96
2347 0.000000 96
2348 0.000000 96
2349 0.000000 96
2350 0.000000 84
2351 2.023728 84
2352 1.492159 84
2353 21.978577 84
2354 3.640065 84
2355 3.234650 84
2356 26.248276 84
2357 112.677602 84
2358 84.621862 84
2359 171.023027 84
2360 48.018513 84
2361 129.978299 84
2362 192.521290 84
2363 109.629956 84
2364 88.019298 84
2365 82.761116 84
2366 181.719376 84
2367 139.658082 84
2368 222.172394 84
2369 37.801394 84
2370 217.815539 84
2371 139.225396 84
2372 43.135810 84
2373 163.004824 84
2374 76.141758 84
2375 216.146922 84
2376 92.769192 84
2377 141.840199 84
2378 81.803025 84
2379 171.986784 84
2380 54.699245 84
2381 166.585264 84
2382 58.908117 84
2383 2.173751 84
2384 4.746639 84
2385 5.140453 84
2386 2.276067 84
2387 4.861429 84
2388 5.344368 84
2389 34.678187 84
2390 4.636108 84
2391 4.884632 84
2392 1.000990 84
2393 3.077604 84
2394 3.346648 84
2395 1.937355 84
2396 3.792668 84
2397 4.867531 84
2398 1.763972 84
2399 4.323856 84
2400 2.034051 114
2401 5.322764 114
2402 5.018432 114
2403 5.283150 114
2404 5.345895 114
2405 5.257221 114
2406 4.859131 114
2407 4.845702 114
2408 6.023410 114
2409 5.028042 114
2410 1.054207 114
2411 0.011101 114
2412 1.550033 114
2413 2.515225 114
2414 2.067452 114
2415 2.694977 114
2416 2.010629 114
2417 3.787165 114
2418 4.113210 114
2419 4.746937 114
2420 2.282450 114
2421 0.000000 114
2422 0.000000 114
2423 0.000000 114
2424 0.000000 114
2425 0.000000 114
2426 0.000000 114
2427 0.000000 114
2428 0.000000 114
2429 0.000000 114
2430 0.000000 114
2431 0.000000 114
2432 1.108260 114
2433 0.858474 114
2434 2.380919 114
2435 16.825328 114
2436 3.118012 114
2437 1.214361 114
2438 1.930655 114
2439 2.269532 114
2440 2.694909 114
2441 0.024207 114
2442 0.025345 114
2443 0.029713 114
2444 1.887357 114
2445 4.908598 114
2446 12.998889 114
2447 259.063267 114
2448 4.170578 114
2449 3.681930 114
2450 0.324233 112
2451 0.442019 112
2452 0.475487 112
2453 1.094541 112
2454 3.740595 112
2455 63.367090 112
2456 141.696204 112
2457 0.100069 112
2458 1.133706 112
2459 3.078736 112
2460 0.873383 112
2461 9.114715 112
2462 16.115170 112
2463 4.734897 112
2464 0.402192 112
2465 3.396637 112
2466 1.758918 112
2467 2.405388 112
2468 4.719184 112
2469 1.577844 112
2470 0.914445 112
2471 0.397796 112
2472 1.095645 112
2473 0.010895 112
2474 1.376974 112
2475 0.944106 112
2476 1.547954 112
2477 2.595171 112
2478 17.124310 112
2479 3.685219 112
2480 0.319248 112
2481 3.552612 112
2482 1.552455 112
2483 1.920813 112
2484 1.031451 112
2485 3.089668 112
2486 1.983965 112
2487 19.118507 112
2488 1.412985 112
2489 7.436803 112
2490 0.970337 112
2491 3.573459 112
2492 1.868784 112
2493 0.765579 112
2494 1.805274 112
2495 1.741982 112
2496 1.229086 112
2497 73.629302 112
2498 1.303994 112
2499 2.212810 112
2500 1.275506 106
2501 1.714128 106
2502 0.006840 106
2503 0.238149 106
2504 2.023970 106
2505 4.569470 106
2506 1.914889 106
2507 7.309013 106
2508 1.447219 106
2509 0.000000 106
2510 2.297888 106
2511 2.432322 106
2512 1.565736 106
2513 16.890703 106
2514 1.393668 106
2515 1.770190 106
2516 4.692590 106
2517 1.414445 106
2518 2.253170 106
2519 0.000000 106
2520 1.923525 106
2521 1.776830 106
2522 2.140876 106
2523 1.679851 106
2524 1.261974 106
2525 1.300707 106
2526 1.792914 106
2527 1.512352 106
2528 6.939394 106
2529 5.306869 106
2530 4.397558 106
2531 1.148993 106
2532 41.601439 106
2533 49.846147 106
2534 1.439992 106
2535 2.391482 106
2536 2.451825 106
2537 1.636288 106
2538 1.561636 106
2539 2.132530 106
2540 2.164157 106
2541 1.793654 106
2542 2.121821 106
2543 0.541803 106
2544 0.923970 106
2545 2.510982 106
2546 2.456557 106
2547 1.851666 106
2548 25.641345 106
2549 1.864185 106
2550 1.358609 101
2551 1.335015 101
2552 0.207895 101
2553 2.130013 101
2554 0.020046 101
2555 3.674294 101
2556 1.545145 101
2557 1.712503 101
2558 1.273166 101
2559 0.898880 101
2560 1.129687 101
2561 1.393378 101
2562 1.009906 101
2563 0.000000 101
2564 0.000000 101
2565 0.000000 101
2566 0.000000 101
2567 0.000000 101
2568 0.000000 101
2569 0.000000 101
2570 0.000000 101
2571 0.000000 101
2572 0.000000 101
2573 0.000000 101
2574 0.000000 101
2575 0.000000 101
2576 0.000000 101
2577 0.000000 101
2578 0.000000 101
2579 0.000000 101
2580 0.000000 101
2581 0.000000 101
2582 0.000000 101
2583 0.000000 101
2584 0.000000 101
2585 0.000000 101
2586 0.000000 101
2587 0.000000 101
2588 0.000000 101
2589 0.000000 101
2590 0.000000 101
2591 0.000000 101
2592 0.000000 101
2593 0.000000 101
2594 0.000000 101
2595 0.000000 101
2596 0.000000 101
2597 0.000000 101
2598 0.000000 101
2599 0.000000 101
2600 0.000000 101
2601 0.000000 101
2602 0.000000 101
2603 0.000000 101
2604 0.000000 101
2605 0.000000 101
2606 0.000000 101
2607 0.000000 101
2608 0.000000 101
2609 0.000000 101
2610 0.000000 101
2611 0.000000 101
2612 0.000000 101
2613 0.000000 101
2614 0.000000 101
2615 0.000000 101
2616 0.000000 101
2617 0.000000 101
2618 0.000000 101
2619 0.000000 101
2620 0.000000 101
2621 0.000000 101
2622 0.000000 101
2623 0.000000 101
2624 0.000000 101
2625 0.000000 101
2626 0.000000 101
2627 0.000000 101
2628 0.000000 101
2629 0.000000 101
2630 0.000000 101
2631 0.000000 101
2632 0.000000 101
2633 0.000000 101
2634 0.000000 101
2635 0.000000 101
2636 0.000000 101
2637 0.000000 101
2638 0.000000 101
2639 0.000000 101
2640 0.000000 101
2641 0.000000 101
2642 0.000000 101
2643 0.000000 101
2644 0.000000 101
2645 0.000000 101
2646 0.000000 101
2647 0.000000 101
2648 0.000000 101
2649 0.000000 101
2650 0.000000 102
2651 0.000000 102
2652 0.000000 102
2653 0.000000 102
2654 0.000000 102
2655 0.000000 102
2656 0.000000 102
2657 0.000000 102
2658 0.000000 102
2659 0.000000 102
2660 0.000000 102
2661 0.000000 102
2662 0.000000 102
2663 4.248193 102
2664 6.841095 102
2665 2.355133 102
2666 7.053295 102
2667 0.000000 102
2668 0.000000 102
2669 0.000000 102
2670 0.000000 102
2671 0.000000 102
2672 0.000000 102
2673 0.000000 102
2674 0.000000 102
2675 0.000000 102
2676 0.000000 102
2677 0.000000 102
2678 0.000000 102
2679 0.000000 102
2680 0.000000 102
2681 0.000000 102
2682 0.000000 102
2683 0.000000 102
2684 0.000000 102
2685 0.000000 102
2686 0.000000 102
2687 0.000000 102
2688 0.000244 102
2689 0.000000 102
2690 0.000000 102
2691 0.000933 102
2692 0.000719 102
2693 0.000967 102
2694 0.000390 102
2695 0.001105 102
2696 0.000353 102
2697 0.000510 102
2698 0.001188 102
2699 0.001201 102
2700 0.000000 100
2701 0.000000 100
2702 0.000000 100
2703 0.000000 100
2704 0.000000 100
2705 0.000000 100
2706 0.000000 100
2707 0.000000 100
2708 0.000000 100
2709 0.000000 100
2710 0.000000 100
2711 3.626599 100
2712 2.541229 100
2713 3.201334 100
2714 36.131678 100
2715 2.844845 100
2716 239.331460 100
2717 3.592185 100
2718 63.097462 100
2719 1.745110 100
2720 1.942920 100
2721 23.010647 100
2722 3.589755 100
2723 2.536501 100
2724 3.612366 100
2725 4.010026 100
2726 3.953525 100
2727 4.033497 100
2728 4.617976 100
2729 14.352457 100
2730 145.836660 100
2731 3.977587 100
2732 3.655906 100
2733 204.557982 100
2734 3.750920 100
2735 6.601932 100
2736 2.699430 100
2737 6.553009 100
2738 5.817500 100
2739 4.711102 100
2740 3.856292 100
2741 3.752906 100
2742 4.718273 100
2743 42.645908 100
2744 4.222737 100
2745 4.016876 100
2746 14.031098 100
2747 2.578271 100
2748 25.251399 100
2749 2.384252 100
2750 8.106305 94
2751 4.469363 94
2752 7.353990 94
2753 3.830861 94
2754 1.879303 94
2755 5.510211 94
2756 2.103636 94
2757 2.864222 94
2758 2.796412 94
2759 1.953537 94
2760 0.982190 94
2761 0.987037 94
2762 0.938699 94
2763 1.223396 94
2764 1.136642 94
2765 1.053624 94
2766 0.953974 94
2767 1.160824 94
2768 1.047080 94
2769 1.076684 94
2770 1.201529 94
2771 1.337095 94
2772 1.410304 94
2773 1.275599 94
2774 1.111851 94
2775 1.017116 94
2776 1.459771 94
2777 0.997352 94
2778 1.442209 94
2779 1.190326 94
2780 1.190492 94
2781 1.042542 94
2782 1.283443 94
2783 1.218663 94
2784 1.225052 94
2785 1.690230 94
2786 1.599997 94
2787 1.006364 94
2788 3.359078 94
2789 1.285643 94
2790 1.734027 94
2791 1.884748 94
2792 2.462543 94
2793 2.371935 94
2794 2.094862 94
2795 1.938714 94
2796 1.699384 94
2797 1.731229 94
2798 1.671188 94
2799 2.024345 94
2800 1.359200 99
2801 2.280498 99
2802 1.887414 99
2803 2.380493 99
2804 2.252511 99
2805 2.067133 99
2806 2.061756 99
2807 2.651027 99
2808 1.757861 99
2809 2.503217 99
2810 2.020637 99
2811 1.947015 99
2812 1.702563 99
2813 2.005249 99
2814 1.975601 99
2815 1.959644 99
2816 4.582497 99
2817 3.548374 99
2818 4.985044 99
2819 0.000000 99
2820 0.000000 99
2821 0.000000 99
2822 0.000000 99
2823 0.000000 99
2824 0.000000 99
2825 0.000000 99
2826 0.000000 99
2827 0.000000 99
2828 0.000000 99
2829 0.000000 99
2830 0.000000 99
2831 0.000000 99
2832 0.000000 99
2833 0.000000 99
2834 0.000000 99
2835 0.000000 99
2836 0.000000 99
2837 0.000000 99
2838 0.000000 99
2839 3.709484 99
2840 7.672784 99
2841 7.932577 99
2842 2.970824 99
2843 5.964476 99
2844 8.064213 99
2845 6.970207 99
2846 2.357037 99
2847 4.402992 99
2848 4.558640 99
2849 4.559934 99
2850 1.907583 103
2851 4.524087 103
2852 4.304629 103
2853 4.093767 103
2854 3.753749 103
2855 8.033605 103
2856 8.773129 103
2857 4.017398 103
2858 5.886553 103
2859 5.948658 103
2860 5.854722 103
2861 1.123545 103
2862 3.745247 103
2863 1.571373 103
2864 3.385400 103
2865 3.822751 103
2866 7.538689 103
2867 27.803765 103
2868 8.211346 103
2869 2.910171 103
2870 5.840927 103
2871 5.788993 103
2872 6.670520 103
2873 1.710482 103
2874 1.804200 103
2875 1.852252 103
2876 1.771268 103
2877 2.127159 103
2878 1.739270 103
2879 1.794247 103
2880 1.800137 103
2881 1.797692 103
2882 1.929962 103
2883 1.990609 103
2884 1.686919 103
2885 1.835694 103
2886 1.629000 103
2887 1.597696 103
2888 1.771574 103
2889 2.218605 103
2890 1.608689 103
2891 2.097178 103
2892 2.398564 103
2893 0.973727 103
2894 3.436884 103
2895 3.177614 103
2896 10.452342 103
2897 99.159485 103
2898 4.090851 103
2899 4.688095 103
2900 1.447409 84
2901 2.906535 84
2902 3.329474 84
2903 3.147901 84
2904 1.750726 84
2905 4.230177 84
2906 4.088762 84
2907 3.987872 84
2908 2.203713 84
2909 4.389463 84
2910 4.641146 84
2911 2.010997 84
2912 4.606073 84
2913 4.824045 84
2914 4.396442 84
2915 4.663520 84
2916 2.999588 84
2917 7.060001 84
2918 7.658201 84
2919 7.410901 84
2920 1.501703 84
2921 4.514268 84
2922 5.115697 84
2923 1.400329 84
2924 3.425797 84
2925 3.645983 84
2926 2.904330 84
2927 2.536669 84
2928 7.811414 84
2929 7.187525 84
2930 8.242993 84
2931 1.013532 84
2932 4.158778 84
2933 4.301602 84
2934 3.857045 84
2935 1.025395 84
2936 2.786344 84
2937 2.975682 84
2938 8.053201 84
2939 9.748324 84
2940 9.684505 84
2941 9.831395 84
2942 9.836257 84
2943 10.658583 84
2944 2.900265 84
2945 5.105360 84
2946 5.286188 84
2947 5.355412 84
2948 3.939219 84
2949 4.903218 84
2950 1.862388 96
2951 3.898421 96
2952 4.081094 96
2953 1.427549 96
2954 3.599485 96
2955 1.591625 96
2956 3.813677 96
2957 3.319382 96
2958 1.395439 96
2959 3.931188 96
2960 3.765127 96
2961 3.496996 96
2962 1.856946 96
2963 5.287847 96
2964 4.888795 96
2965 2.210401 96
2966 6.992455 96
2967 6.728243 96
2968 6.774868 96
2969 26.215039 96
2970 29.857556 96
2971 1.788080 96
2972 0.683380 96
2973 4.371663 96
2974 3.567766 96
2975 2.624731 96
2976 4.557321 96
2977 5.061677 96
2978 2.465335 96
2979 5.238982 96
2980 4.991446 96
2981 0.980622 96
2982 2.408031 96
2983 1.375469 96
2984 4.606407 96
2985 1.785576 96
2986 3.832906 96
2987 4.493849 96
2988 1.908537 96
2989 4.034171 96
2990 1.464429 96
2991 2.594384 96
2992 5.384808 96
2993 3.586406 96
2994 11.213357 96
2995 2.132323 96
2996 5.871849 96
2997 2.250278 96
2998 6.819227 96
2999 0.000000 96
3000 0.040983 100
3001 0.000000 100
3002 0.000000 100
3003 0.000000 100
3004 0.000000 100
3005 0.000000 100
3006 0.000000 100
3007 0.000000 100
3008 39.032702 100
3009 250.895791 100
3010 101.079398 100
3011 485.200132 100
3012 144.486542 100
3013 444.565968 100
3014 216.643539 100
3015 264.423015 100
3016 336.160812 100
3017 449.311056 100
3018 95.166538 100
3019 114.488904 100
3020 59.153964 100
3021 243.308601 100
3022 1.173723 100
3023 2.410692 100
3024 2.576831 100
3025 2.301551 100
3026 6.764143 100
3027 0.000000 100
3028 0.000000 100
3029 0.000000 100
3030 1.144889 100
3031 3.462663 100
3032 1.908114 100
3033 5.028565 100
3034 2.821092 100
3035 7.487015 100
3036 59.819003 100
3037 76.073196 100
3038 79.533762 100
3039 3.992840 100
3040 9.744473 100
3041 2.199417 100
3042 5.787802 100
3043 2.315593 100
3044 9.713015 100
3045 3.144573 100
3046 8.314469 100
3047 7.692797 100
3048 2.808402 100
3049 7.825814 100
3050 2.223737 91
3051 6.197971 91
3052 1.774373 91
3053 4.540985 91
3054 3.399213 91
3055 2.336210 91
3056 6.281264 91
3057 1.106278 91
3058 2.700122 91
3059 2.214224 91
3060 1.410853 91
3061 3.842143 91
3062 0.000000 91
3063 0.000000 91
3064 0.000000 91
3065 0.000000 91
3066 0.000000 91
3067 3.093339 91
3068 8.459893 91
3069 4.311019 91
3070 2.876926 91
3071 4.161796 91
3072 4.360740 91
3073 4.339264 91
3074 4.190941 91
3075 4.121464 91
3076 4.303793 91
3077 4.218390 91
3078 4.173523 91
3079 4.413837 91
3080 4.006250 91
3081 4.279488 91
3082 4.214099 91
3083 4.387374 91
3084 4.463417 91
3085 4.531789 91
3086 4.746898 91
3087 7.959071 91
3088 6.251647 91
3089 11.835687 91
3090 106.158646 91
3091 17.154413 91
3092 7.425642 91
3093 6.861442 91
3094 10.540946 91
3095 12.834015 91
3096 8.929789 91
3097 0.679491 91
3098 1.008250 91
3099 0.966705 91
3100 0.246836 97
3101 0.801946 97
3102 0.880831 97
3103 0.825204 97
3104 0.868276 97
3105 0.884524 97
3106 0.904453 97
3107 0.877900 97
3108 0.748743 97
3109 1.945449 97
3110 1.539682 97
3111 24.764458 97
3112 1.791686 97
3113 480.710414 97
3114 18.240360 97
3115 2.209753 97
3116 3.775306 97
3117 5.870508 97
3118 4.232795 97
3119 5.285091 97
3120 38.293280 97
3121 1.498132 97
3122 4.263711 97
3123 3.675632 97
3124 1.309934 97
3125 1.055317 97
3126 3.824035 97
3127 4.287876 97
3128 3.390702 97
3129 3.356181 97
3130 3.543119 97
3131 3.821907 97
3132 1.236130 97
3133 4.481768 97
3134 7.917065 97
3135 7.756967 97
3136 7.364062 97
3137 7.567863 97
3138 7.339382 97
3139 4.458800 97
3140 6.955830 97
3141 6.861845 97
3142 11.121735 97
3143 10.202601 97
3144 10.424827 97
3145 13.838105 97
3146 6.924222 97
3147 2.924306 97
3148 3.723900 97
3149 3.787359 97
3150 2.892779 103
3151 5.090432 103
3152 3.287149 103
3153 5.685921 103
3154 26.177779 103
3155 6.987068 103
3156 4.626099 103
3157 30.472928 103
3158 8.530333 103
3159 9.060930 103
3160 4.845689 103
3161 3.292154 103
3162 5.521050 103
3163 310.091506 103
3164 10.307421 103
3165 16.776453 103
3166 2.782182 103
3167 2.730001 103
3168 3.826435 103
3169 5.156118 103
3170 4.733732 103
3171 9.872773 103
3172 8.565547 103
3173 10.557309 103
3174 6.555758 103
3175 4.971316 103
3176 5.592538 103
3177 11.110642 103
3178 4.779199 103
3179 5.823216 103
3180 7.100685 103
3181 7.446326 103
3182 7.480473 103
3183 7.004241 103
3184 6.573352 103
3185 5.438638 103
3186 0.000000 103
3187 0.000000 103
3188 0.000000 103
3189 0.000000 103
3190 0.000000 103
3191 0.000000 103
3192 2.960633 103
3193 84.615404 103
3194 8.287944 103
3195 6.687693 103
3196 2.234363 103
3197 5.135399 103
3198 5.346294 103
3199 4.030027 103
3200 3.287812 108
3201 6.132445 108
3202 15.084486 108
3203 15.442748 108
3204 14.275442 108
3205 14.727604 108
3206 3.832057 108
3207 12.868245 108
3208 3.862850 108
3209 10.018604 108
3210 1.666275 108
3211 132.752105 108
3212 2.803786 108
3213 2.885921 108
3214 17.877747 108
3215 3.332033 108
3216 6.706703 108
3217 9.476068 108
3218 11.582518 108
3219 11.408093 106
3220 16.863784 108
3221 13.022991 108
3222 4.651977 108
3223 9.742369 108
3224 9.880206 108
3225 9.551899 108
3226 1.406698 108
3227 2.016550 108
3228 1.920783 108
3229 3.899661 108
3230 1.865784 108
3231 1.626903 108
3232 3.287390 108
3233 5.958306 108
3234 52.481064 108
3235 2.403087 108
3236 2.375007 108
3237 1.339241 108
3238 3.444342 108
3239 2.601151 108
3240 2.115201 108
3241 6.073261 108
3242 8.942335 108
3243 5.137878 107
3244 1.899760 108
3245 1.386238 108
3246 0.139917 108
3247 0.184250 108
3248 0.264285 108
3249 5.865919 108
3250 1.377433 107
3251 3.153144 107
3252 3.481036 107
3253 3.524450 107
3254 2.269579 107
3255 3.763596 107
3256 1.140577 107
3257 2.282910 107
3258 2.354412 107
3259 2.237285 107
3260 2.258861 107
3261 11.957898 107
3262 2.250360 107
3263 0.749196 107
3264 1.708079 107
3265 4.692312 107
3266 2.311100 107
3267 3.755898 107
3268 4.754856 107
3269 3.601175 107
3270 4.211291 107
3271 4.133425 107
3272 0.536063 107
3273 9.016830 107
3274 5.410714 107
3275 26.441922 107
3276 1.974408 107
3277 3.270218 107
3278 3.649701 107
3279 9.516021 107
3280 2.702736 107
3281 1.780277 107
3282 30.547462 107
3283 4.475588 107
3284 5.072513 107
3285 1.911742 107
3286 4.783485 107
3287 5.020566 107
3288 5.462762 107
3289 6.362324 107
3290 1.338866 107
3291 4.615917 107
3292 2.668593 107
3293 4.262436 107
3294 2.536536 107
3295 34.977774 107
3296 4.369514 107
3297 1.563203 107
3298 14.243118 107
3299 1.514301 107
3300 2.099901 117
3301 0.980663 117
3302 93.510554 117
3303 179.556278 117
3304 179.865445 117
3305 182.820822 117
3306 0.221105 117
3307 0.194521 117
3308 0.211875 117
3309 0.286844 117
3310 0.335486 117
3311 3.587909 117
3312 5.383876 117
3313 6.322485 117
3314 4.493996 117
3315 7.268528 117
3316 8.087092 117
3317 69.965881 117
3318 39.365988 117
3319 69.175419 117
3320 71.089819 117
3321 75.629587 117
3322 3.172772 117
3323 4.361996 117
3324 6.683699 117
3325 11.174715 117
3326 5.338145 117
3327 1.797775 117
3328 2.593424 117
3329 33.969899 117
3330 2.949761 117
3331 43.679286 117
3332 3.139484 117
3333 2.887127 117
3334 8.858073 117
3335 0.171634 117
3336 7.223576 117
3337 4.002343 117
3338 7.001342 117
3339 2.500405 117
3340 17.287211 117
3341 1.745534 117
3342 1.344524 117
3343 4.387900 117
3344 4.459719 117
3345 2.947666 117
3346 8.419175 117
3347 8.676472 117
3348 3.972712 117
3349 1.436895 117
3350 4.299559 82
3351 1.134466 82
3352 1.501011 82
3353 1.964636 82
3354 2.019602 82
3355 6.059104 82
3356 9.558263 82
3357 18.674745 82
3358 20.728719 82
3359 3.759329 82
3360 1.456352 82
3361 5.839833 82
3362 1.412814 82
3363 5.710294 82
3364 12.070326 82
3365 12.202203 82
3366 11.548884 82
3367 6.922881 82
3368 5.514812 82
3369 212.745044 82
3370 1.980602 82
3371 2.429954 82
3372 5.995494 82
3373 5.332495 82
3374 1.612009 82
3375 3.657089 82
3376 6.695866 82
3377 4.104800 82
3378 2.410464 82
3379 6.281412 82
3380 5.062158 82
3381 1.596949 82
3382 3.324372 82
3383 3.398383 82
3384 2.385132 82
3385 5.610389 82
3386 6.499992 82
3387 1.234103 82
3388 1.525311 82
3389 3.414989 82
3390 3.600382 82
3391 66.656388 82
3392 189.766454 82
3393 234.125775 82
3394 9.056680 82
3395 14.642614 82
3396 18.799305 82
3397 19.636456 82
3398 0.000000 82
3399 2.402314 82
3400 2.989649 93
3401 2.208495 93
3402 1.531532 93
3403 7.403517 93
3404 2.241028 93
3405 6.844353 93
3406 5.159621 93
3407 1.439175 93
3408 1.251648 93
3409 2.374133 93
3410 5.892489 93
3411 5.469758 93
3412 3.614900 93
3413 2.443900 93
3414 4.763080 93
3415 5.884689 93
3416 4.354392 93
3417 2.548813 93
3418 6.398625 93
3419 5.453357 93
3420 2.240573 93
3421 5.418528 93
3422 4.865404 93
3423 25.671414 93
3424 57.203228 93
3425 63.145198 93
3426 4.083011 93
3427 4.971757 93
3428 3.394148 93
3429 3.539534 93
3430 2.698196 93
3431 5.640930 93
3432 6.634441 93
3433 2.595796 93
3434 6.763551 93
3435 5.465130 93
3436 2.568708 93
3437 7.162921 93
3438 5.262583 93
3439 1.647750 93
3440 4.042790 93
3441 2.519072 93
3442 5.928768 93
3443 5.538274 93
3444 34.872448 93
3445 20.073237 93
3446 5.118709 93
3447 37.960809 93
3448 34.185645 93
3449 17.223806 93
3450 33.887597 113
3451 3.032236 113
3452 6.534999 113
3453 12.952989 113
3454 11.184002 113
3455 3.238268 113
3456 6.933924 113
3457 6.503717 113
3458 2.047891 113
3459 1.959394 113
3460 6.141323 113
3461 1.416480 113
3462 1.814867 113
3463 1.562796 113
3464 1.187334 113
3465 2.738216 113
3466 1.664660 113
3467 2.183306 113
3468 1.932217 113
3469 5.321957 113
3470 12.082347 113
3471 3.548102 113
3472 0.000000 113
3473 0.000000 113
3474 3.099632 113
3475 2.411241 113
3476 4.917976 113
3477 6.505540 113
3478 0.467757 113
3479 0.689593 113
3480 6.998068 113
3481 17.227489 113
3482 16.526400 113
3483 2.385269 113
3484 5.396548 113
3485 6.428671 113
3486 12.353662 113
3487 1.703589 113
3488 2.361131 113
3489 2.604424 113
3490 4.506924 113
3491 15.187751 113
3492 2.456031 113
3493 6.401442 113
3494 5.311411 113
3495 2.670253 113
3496 6.552811 113
3497 4.908300 113
3498 2.726426 113
3499 6.524347 113
3500 2.100141 94
3501 2.165791 94
3502 6.420571 94
3503 6.022981 94
3504 2.453245 94
3505 4.919814 94
3506 6.661705 94
3507 2.353349 94
3508 4.839216 94
3509 6.273025 94
3510 2.159743 94
3511 6.298623 94
3512 4.809352 94
3513 17.962026 94
3514 20.792810 94
3515 22.262579 94
3516 3.874683 94
3517 1.785893 94
3518 6.381024 94
3519 5.049346 94
3520 391.212777 94
3521 2.680105 94
3522 5.465414 94
3523 7.257735 94
3524 2.641156 94
3525 6.976158 94
3526 5.624567 94
3527 0.845779 94
3528 1.028693 94
3529 1.489023 94
3530 1.300522 94
3531 2.827344 94
3532 5.826174 94
3533 7.325846 94
3534 16.431938 94
3535 2.231642 94
3536 5.841514 94
3537 7.027057 94
3538 6.012043 94
3539 1.315593 94
3540 1.538904 94
3541 7.954220 94
3542 2.042896 94
3543 2.003248 94
3544 2.951757 94
3545 1.718347 94
3546 4.956777 94
3547 4.093980 94
3548 3.604640 94
3549 2.116572 94
3550 1.882210 104
3551 3.257266 104
3552 2.205257 104
3553 2.680121 104
3554 31.414370 104
3555 4.013872 104
3556 5.144609 104
3557 29.142470 104
3558 1.782007 104
3559 2.261764 104
3560 12.541964 104
3561 149.619064 104
3562 1.702196 104
3563 4.472555 104
3564 10.811020 104
3565 1.643444 104
3566 0.265785 104
3567 4.500445 104
3568 1.789570 104
3569 4.811466 104
3570 2.303765 104
3571 4.795774 104
3572 1.797149 104
3573 0.643240 104
3574 1.860710 104
3575 6.314037 104
3576 4.780245 104
3577 1.994371 104
3578 11.534064 104
3579 148.955034 104
3580 1.764684 104
3581 13.911258 104
3582 0.614268 104
3583 1.100448 104
3584 3.066398 104
3585 17.889641 104
3586 41.182921 104
3587 3.455955 104
3588 4.981268 104
3589 1.672667 104
3590 2.260952 104
3591 1.095038 104
3592 11.973853 104
3593 33.359861 104
3594 2.053449 104
3595 8.028295 104
3596 1.849472 104
3597 5.247586 104
3598 1.344454 104
3599 4.118776 104
3600 4.586075 93
3601 15.655170 93
3602 1.670697 93
3603 2.418184 93
3604 0.408601 93
3605 1.042099 93
3606 0.831362 93
3607 1.752991 93
3608 8.467219 93
3609 1.401020 93
3610 3.438532 93
3611 0.000000 93
3612 1.856419 93
3613 1.747248 93
3614 2.914055 93
3615 9.242114 93
3616 6.657141 93
3617 11.638133 93
3618 1.334636 93
3619 3.247920 93
3620 18.310463 93
3621 2.461687 93
3622 18.380369 93
3623 2.556563 93
3624 19.204210 93
3625 3.150863 93
3626 3.305511 93
3627 2.764892 93
3628 1.559309 93
3629 1.617910 93
3630 13.623328 93
3631 4.856330 93
3632 1.587170 93
3633 1.799611 93
3634 3.911761 93
3635 5.939478 93
3636 0.918034 93
3637 1.942674 93
3638 92.597772 93
3639 3.787636 93
3640 16.133710 93
3641 4.073592 93
3642 4.378874 93
3643 2.849062 93
3644 0.191522 93
3645 2.918209 93
3646 1.444610 93
3647 53.612829 93
3648 1.882605 93
3649 3.173871 93
3650 3.699676 112
3651 3.861803 112
3652 0.979578 112
3653 2.606628 112
3654 0.809368 112
3655 0.545257 112
3656 2.070293 112
3657 8.531205 112
3658 0.466817 112
3659 14.004033 112
3660 48.634621 112
3661 3.466375 112
3662 15.301545 112
3663 4.299185 112
3664 3.211519 112
3665 2.084360 112
3666 12.006792 112
3667 8.154817 112
3668 10.451301 112
3669 2.061678 112
3670 26.522958 112
3671 5.057814 112
3672 0.826873 112
3673 3.743896 112
3674 2.391484 112
3675 3.390103 112
3676 33.788043 112
3677 88.034616 112
3678 0.029255 112
3679 1.366191 112
3680 1.695817 112
3681 2.123503 112
3682 2.773841 112
3683 2.234024 112
3684 0.000000 112
3685 1.346631 112
3686 0.937349 112
3687 14.633839 112
3688 2.196323 112
3689 0.214591 112
3690 2.592947 112
3691 234.449188 112
3692 0.742297 112
3693 2.613366 112
3694 1.909007 112
3695 19.592730 112
3696 1.756296 112
3697 5.595880 112
3698 2.146353 112
3699 0.732304 112
3700 0.803984 99
3701 2.094933 99
3702 7.065745 99
3703 2.652128 99
3704 2.360476 99
3705 1.900434 99
3706 0.890779 99
3707 6.156093 99
3708 0.416679 99
3709 2.725869 99
3710 3.764428 99
3711 0.171795 99
3712 8.704769 99
3713 1.745617 99
3714 3.731389 99
3715 3.950158 99
3716 2.004753 99
3717 1.531020 99
3718 1.728774 99
3719 2.264288 99
3720 0.014451 99
3721 2.158683 99
3722 10.765775 99
3723 0.630073 99
3724 2.392022 99
3725 1.879906 99
3726 2.464159 99
3727 2.059828 99
3728 1.718550 99
3729 0.000000 99
3730 2.239274 99
3731 5.872215 99
3732 12.924001 99
3733 2.695220 99
3734 2.548284 99
3735 20.206961 99
3736 2.154105 99
3737 1.354463 99
3738 92.981195 99
3739 1.401270 99
3740 2.500889 99
3741 2.893112 99
3742 2.463940 99
3743 2.427742 99
3744 18.122264 99
3745 7.480468 99
3746 1.288081 99
3747 3.044515 99
3748 1.819376 99
3749 0.000000 99
3750 7.654698 110
3751 2.342168 110
3752 6.891593 110
3753 0.706829 110
3754 1.838203 110
3755 1.538144 110
3756 13.098279 110
3757 2.464781 110
3758 3.372511 110
3759 1.341171 110
3760 1.599934 110
3761 1.957902 110
3762 0.012750 110
3763 1.833876 110
3764 2.169687 110
3765 2.375169 110
3766 1.065215 110
3767 0.000000 110
3768 17.174947 110
3769 2.209120 110
3770 3.815562 110
3771 1.370775 110
3772 2.138404 110
3773 3.988377 110
3774 5.862377 110
3775 1.667179 110
3776 0.035142 110
3777 2.719188 110
3778 386.737613 110
3779 2.484679 110
3780 2.280488 110
3781 19.786822 110
3782 74.097187 110
3783 61.955284 110
3784 2.174956 110
3785 2.481956 110
3786 0.000000 110
3787 2.384079 110
3788 1.553838 110
3789 15.691948 110
3790 2.307337 110
3791 2.407191 110
3792 2.191516 110
3793 2.898257 110
3794 2.525416 110
3795 4.544354 110
3796 1.166006 110
3797 3.258328 110
3798 3.169622 110
3799 2.839893 110
3800 1.447128 107
3801 2.312915 107
3802 0.077033 107
3803 3.724091 107
3804 1.680719 107
3805 3.667531 107
3806 2.669975 107
3807 1.208708 107
3808 3.178771 107
3809 8.649363 107
3810 1.513248 107
3811 1.970309 107
3812 1.895219 107
3813 0.588435 107
3814 3.523079 107
3815 3.443136 107
3816 2.028171 107
3817 1.722798 107
3818 2.239793 107
3819 2.645104 107
3820 6.165018 107
3821 0.363915 107
3822 6.841675 107
3823 2.337237 107
3824 15.378419 107
3825 15.867973 107
3826 0.483314 107
3827 2.943664 107
3828 1.431615 107
3829 0.934758 107
3830 19.227779 107
3831 2.383597 107
3832 20.305179 107
3833 1.499585 107
3834 3.176816 107
3835 2.083546 107
3836 2.986518 107
3837 35.060314 107
3838 55.073034 107
3839 3.607600 107
3840 0.000000 107
3841 2.601659 107
3842 39.030574 107
3843 4.319282 107
3844 1.407090 107
3845 2.566554 107
3846 2.477540 107
3847 15.060456 107
3848 2.296237 107
3849 0.000000 107
3850 1.837949 105
3851 4.160275 105
3852 1.676709 105
3853 1.761746 105
3854 1.695774 105
3855 1.959927 105
3856 1.494712 105
3857 1.832179 105
3858 0.036439 105
3859 4.008735 105
3860 3.329412 105
3861 3.194875 105
3862 1.286415 105
3863 1.831013 105
3864 2.918502 105
3865 28.878539 105
3866 2.440920 105
3867 4.783257 105
3868 2.572303 105
3869 2.166589 105
3870 3.105630 105
3871 1.629101 105
3872 1.011256 105
3873 2.154802 105
3874 1.982783 105
3875 1.987644 105
3876 1.111978 105
3877 4.121876 105
3878 3.961296 105
3879 2.400667 105
3880 2.106589 105
3881 2.074241 105
3882 6.071490 105
3883 2.039003 105
3884 3.328997 105
3885 0.839263 105
3886 0.552443 105
3887 3.421453 105
3888 44.392694 105
3889 18.148497 105
3890 6.248307 105
3891 7.573414 105
3892 2.159034 105
3893 2.642170 105
3894 1.489086 105
3895 4.369682 105
3896 8.043325 105
3897 3.712302 105
3898 1.565569 105
3899 2.929345 105
3900 104.273614 111
3901 1.561909 111
3902 3.068223 111
3903 2.510731 111
3904 1.449795 111
3905 1.592436 111
3906 0.000000 111
3907 1.118425 111
3908 3.241223 111
3909 0.278221 111
3910 2.450139 111
3911 1.641081 111
3912 1.216755 111
3913 2.569548 111
3914 2.419744 111
3915 2.189042 111
3916 1.770418 111
3917 2.130225 111
3918 1.000284 111
3919 1.200351 111
3920 1.772033 111
3921 0.901212 111
3922 0.926549 111
3923 1.815062 111
3924 6.830294 111
3925 1.693637 111
3926 32.889696 111
3927 12.081362 111
3928 2.038278 111
3929 48.934618 111
3930 1.658980 111
3931 3.053914 111
3932 1.337724 111
3933 1.480508 111
3934 2.881138 111
3935 2.038502 111
3936 2.328120 111
3937 2.356978 111
3938 1.093325 111
3939 13.850647 111
3940 0.032627 111
3941 3.322337 111
3942 2.339392 111
3943 0.939159 111
3944 1.914001 111
3945 34.234589 111
3946 1.666633 111
3947 2.176489 111
3948 2.045249 111
3949 14.395908 111
3950 0.824082 118
3951 2.006649 118
3952 5.695456 118
3953 0.426289 118
3954 1.405975 118
3955 42.729665 118
3956 54.928358 118
3957 2.041844 118
3958 1.763886 118
3959 5.856320 118
3960 0.000000 118
3961 1.644550 118
3962 1.577440 118
3963 4.685459 117
3964 5.529266 118
3965 18.001376 118
3966 2.388502 118
3967 12.819028 118
3968 0.962567 118
3969 0.426674 118
3970 14.975373 118
3971 2.476897 118
3972 2.380833 118
3973 0.000000 118
3974 3.568656 118
3975 2.259398 118
3976 2.037299 118
3977 0.866304 118
3978 2.870163 118
3979 1.731837 118
3980 0.000000 118
3981 4.429002 118
3982 3.115482 118
3983 3.557785 118
3984 2.489054 118
3985 1.121646 118
3986 0.190491 118
3987 1.573662 118
3988 4.652186 118
3989 0.809272 118
3990 3.410857 118
3991 0.496316 118
3992 11.648274 118
3993 0.584453 118
3994 0.513278 118
3995 0.720642 118
3996 0.790449 118
3997 0.673868 118
3998 1.706846 118
3999 1.025023 118
4000 0.232739 112
4001 0.459922 112
4002 3.106134 112
4003 1.469590 112
4004 2.857109 112
4005 2.117117 112
4006 8.635455 112
4007 4.779856 112
4008 0.564700 112
4009 2.013351 112
4010 0.594918 112
4011 1.416570 112
4012 2.776789 112
4013 6.533113 112
4014 4.231396 112
4015 0.391089 112
4016 0.509863 112
4017 1.240335 112
4018 1.175302 112
4019 0.387227 112
4020 3.046505 112
4021 1.511722 112
4022 2.947018 112
4023 3.852922 112
4024 1.293724 112
4025 3.125887 112
4026 1.927018 112
4027 30.959632 112
4028 1.597250 112
4029 1.600495 112
4030 1.783320 112
4031 334.288614 112
4032 128.529308 112
4033 40.351970 112
4034 4.841672 112
4035 32.525436 112
4036 2.343550 112
4037 1.455865 112
4038 8.168601 112
4039 0.820757 112
4040 0.000000 112
4041 3.288410 112
4042 0.840163 112
4043 2.061492 112
4044 1.058206 112
4045 8.414788 112
4046 23.960565 112
4047 2.191025 112
4048 1.520920 112
4049 2.005853 112
4050 2.994847 119
4051 1.391591 119
4052 0.766809 119
4053 2.307649 119
4054 0.838163 119
4055 1.626155 119
4056 1.706062 119
4057 1.161833 119
4058 0.018699 119
4059 0.592917 119
4060 129.511599 119
4061 1.903337 119
4062 1.811146 119
4063 1.579316 119
4064 1.603656 119
4065 2.713811 119
4066 29.262782 119
4067 0.463229 119
4068 8.323244 119
4069 2.786779 119
4070 1.319710 119
4071 2.912076 119
4072 0.931932 119
4073 1.264126 119
4074 0.000000 119
4075 2.631131 119
4076 5.336353 119
4077 1.978086 119
4078 0.223604 119
4079 0.631703 119
4080 2.243784 119
4081 2.652502 119
4082 2.420688 119
4083 2.892521 119
4084 7.870487 119
4085 0.734232 119
4086 2.286377 119
4087 0.848998 119
4088 4.014777 119
4089 3.325305 119
4090 3.530500 119
4091 4.477720 119
4092 13.365628 119
4093 0.074254 119
4094 8.644106 119
4095 3.162411 119
4096 3.783181 119
4097 2.516845 119
4098 1.860611 119
4099 3.594944 119
4100 2.893405 114
4101 1.308249 114
4102 2.651197 114
4103 2.169138 114
4104 2.085099 114
4105 3.484603 114
4106 23.793910 114
4107 0.002691 114
4108 3.708642 114
4109 4.970003 114
4110 0.433864 114
4111 15.297861 114
4112 106.437134 114
4113 1.715651 114
4114 2.098764 114
4115 3.112040 114
4116 6.288927 114
4117 10.348856 113
4118 3.852930 114
4119 22.335212 114
4120 4.815151 114
4121 0.000000 114
4122 7.694300 114
4123 2.145405 114
4124 2.573583 114
4125 6.009609 114
4126 7.774710 114
4127 2.871193 114
4128 2.012014 114
4129 5.616401 114
4130 3.039539 114
4131 4.108918 114
4132 0.782771 114
4133 1.732500 114
4134 0.000000 114
4135 0.000000 114
4136 3.752115 114
4137 2.969151 114
4138 4.123293 114
4139 4.645518 114
4140 3.151940 113
4141 7.982614 114
4142 6.905371 114
4143 3.560360 114
4144 1.069155 114
4145 2.478584 114
4146 2.875216 114
4147 2.078247 114
4148 2.675260 114
4149 5.858719 114
4150 0.999797 112
4151 4.614186 112
4152 1.396165 112
4153 1.024749 112
4154 5.148648 112
4155 4.158622 112
4156 3.875747 112
4157 2.097317 112
4158 3.649500 112
4159 10.086936 112
4160 1.657226 112
4161 30.788108 112
4162 15.116178 112
4163 12.901680 112
4164 3.419081 112
4165 0.000000 112
4166 9.784525 112
4167 5.210811 112
4168 2.645714 112
4169 0.875952 112
4170 1.721372 112
4171 1.932669 112
4172 8.013598 112
4173 14.071426 112
4174 2.611532 112
4175 3.073655 112
4176 11.284601 112
4177 1.006145 112
4178 1.504411 112
4179 3.056227 112
4180 2.791172 112
4181 3.968445 112
4182 3.893196 112
4183 37.389080 112
4184 10.014803 112
4185 5.307592 112
4186 2.319772 112
4187 3.166115 112
4188 9.099139 112
4189 0.775266 112
4190 7.051450 112
4191 17.147761 112
4192 2.061117 112
4193 2.199088 112
4194 1.085135 112
4195 3.742533 112
4196 0.573650 112
4197 5.548282 112
4198 2.966959 112
4199 3.161360 112
4200 1.253020 116
4201 3.141483 116
4202 2.151573 116
4203 3.280228 116
4204 9.300597 116
4205 5.884608 116
4206 5.251235 116
4207 4.982838 116
4208 6.037391 116
4209 8.479123 116
4210 1.177070 116
4211 4.885002 116
4212 4.888892 116
4213 1.552797 116
4214 5.193375 116
4215 8.522038 116
4216 5.160253 116
4217 1.233320 116
4218 3.400694 116
4219 8.696415 116
4220 1.182746 116
4221 1.882274 116
4222 98.357226 116
4223 0.000000 116
4224 2.298261 116
4225 1.833561 116
4226 1.541527 116
4227 4.216257 116
4228 4.417228 115
4229 2.122421 116
4230 1.731134 116
4231 5.003290 116
4232 1.638633 116
4233 1.502400 116
4234 1.905710 116
4235 2.802094 116
4236 0.574013 116
4237 0.610627 116
4238 2.031738 116
4239 1.694887 116
4240 3.431972 116
4241 3.150610 116
4242 1.156717 116
4243 3.726078 116
4244 3.928236 116
4245 3.719493 116
4246 1.629680 116
4247 0.509631 116
4248 1.017829 116
4249 0.941551 116
4250 0.182096 101
4251 0.120947 101
4252 1.280167 101
4253 2.236337 101
4254 1.239013 101
4255 1.264370 101
4256 2.689200 101
4257 3.506682 101
4258 1.873408 101
4259 2.726464 101
4260 2.933054 101
4261 3.637908 101
4262 1.878091 101
4263 1.731938 101
4264 2.827224 101
4265 2.291151 101
4266 4.170026 101
4267 2.156012 101
4268 4.400823 101
4269 4.932001 101
4270 7.196465 101
4271 7.804996 101
4272 8.671131 101
4273 9.517511 101
4274 0.000000 101
4275 0.000000 101
4276 0.000000 101
4277 0.000000 101
4278 0.312680 101
4279 1.704520 101
4280 4.300566 101
4281 3.793319 101
4282 0.383020 101
4283 2.702705 101
4284 1.279600 101
4285 16.140608 101
4286 1.274626 101
4287 3.541407 101
4288 0.517452 101
4289 12.250935 101
4290 5.586568 101
4291 13.363848 101
4292 12.376100 101
4293 12.967132 101
4294 13.056829 101
4295 13.482832 101
4296 13.233718 101
4297 12.742505 101
4298 0.000000 101
4299 11.847259 101
4300 2.747680 105
4301 7.772992 105
4302 6.845671 105
4303 7.125121 105
4304 6.993664 105
4305 6.802656 105
4306 0.994608 105
4307 3.885615 105
4308 9.045957 105
4309 9.350807 105
4310 3.059063 105
4311 3.434970 105
4312 6.273523 105
4313 6.477047 105
4314 6.404134 105
4315 5.938740 105
4316 5.750044 105
4317 3.700838 105
4318 26.844878 105
4319 1.623212 105
4320 1.805854 105
4321 2.321909 105
4322 2.160874 105
4323 2.395507 105
4324 2.412193 105
4325 0.944722 105
4326 12.856410 105
4327 3.004554 105
4328 7.535068 105
4329 0.729448 105
4330 11.954324 105
4331 1.249617 105
4332 1.645900 105
4333 1.094854 105
4334 3.593638 105
4335 1.279037 105
4336 0.547517 105
4337 1.070386 105
4338 1.453009 105
4339 3.453785 105
4340 1.992887 105
4341 1.268846 105
4342 1.674276 105
4343 1.077855 105
4344 0.000000 105
4345 0.000000 105
4346 0.000000 105
4347 0.000000 105
4348 0.000000 105
4349 0.000000 105
4350 0.000000 104
4351 1.708364 104
4352 0.527620 104
4353 1.736243 104
4354 2.522038 104
4355 2.056772 104
4356 2.825113 104
4357 2.105426 104
4358 1.212940 104
4359 1.053210 104
4360 0.000000 104
4361 0.000000 104
4362 0.000000 104
4363 0.000000 104
4364 0.000000 104
4365 0.000000 104
4366 0.000000 104
4367 0.000000 104
4368 0.000000 104
4369 0.000000 104
4370 0.000000 104
4371 0.000000 104
4372 0.000000 104
4373 0.000000 104
4374 0.000000 104
4375 0.000000 104
4376 0.000000 104
4377 0.000000 104
4378 0.000000 104
4379 4.107804 104
4380 6.969970 104
4381 17.080878 104
4382 8.729680 104
4383 15.355185 104
4384 5.859407 104
4385 5.557470 104
4386 8.696620 104
4387 6.180089 104
4388 404.209022 104
4389 2.504895 104
4390 5.063751 104
4391 11.555856 104
4392 79.548790 104
4393 11.728655 104
4394 2.971907 104
4395 5.913445 104
4396 5.204224 104
4397 7.037106 104
4398 6.271619 104
4399 6.193692 104
4400 2.284047 87
4401 4.580004 87
4402 5.216425 87
4403 6.375799 87
4404 4.937482 87
4405 6.414257 87
4406 3.661910 87
4407 3.484694 87
4408 3.514426 87
4409 4.113801 87
4410 3.372759 87
4411 2.788268 87
4412 2.815443 87
4413 2.034165 87
4414 21.659138 87
4415 4.410345 87
4416 95.153780 87
4417 1.843203 87
4418 26.251079 87
4419 80.226119 87
4420 5.434836 87
4421 2.076713 87
4422 38.596552 87
4423 42.993079 87
4424 5.031817 87
4425 2.337004 87
4426 26.455294 87
4427 87.468786 87
4428 4.648865 87
4429 17.474811 87
4430 5.063346 87
4431 4.612022 87
4432 96.131896 87
4433 17.393295 87
4434 4.298325 87
4435 91.802790 87
4436 4.877821 87
4437 2.200981 87
4438 43.800639 87
4439 59.311307 87
4440 5.175521 87
4441 2.162575 87
4442 43.632908 87
4443 5.284660 87
4444 65.786989 87
4445 2.135234 87
4446 25.921718 87
4447 5.432529 87
4448 102.858656 87
4449 3.375506 87
4450 13.151276 101
4451 81.190223 101
4452 4.928212 101
4453 1.852602 101
4454 0.901561 101
4455 1.987614 101
4456 1.691652 101
4457 4.917993 101
4458 2.327020 101
4459 5.252477 101
4460 3.864753 101
4461 10.073761 101
4462 2.691677 101
4463 4.960355 101
4464 1.277373 101
4465 3.329598 101
4466 2.831932 101
4467 2.421298 101
4468 2.427467 101
4469 5.973905 101
4470 1.577034 101
4471 2.681972 101
4472 4.505870 101
4473 21.180544 101
4474 44.453326 101
4475 2.759229 101
4476 6.475358 101
4477 12.830533 101
4478 1.507091 101
4479 1.534493 101
4480 7.680012 101
4481 1.338135 101
4482 1.396772 101
4483 0.002559 101
4484 1.974367 101
4485 2.382324 101
4486 2.779274 101
4487 3.347194 101
4488 3.188543 101
4489 1.976674 101
4490 3.305084 101
4491 3.467630 101
4492 18.562379 101
4493 3.562388 101
4494 2.971941 101
4495 0.523000 101
4496 5.003109 101
4497 3.375825 101
4498 3.752066 101
4499 18.250857 101
