0 1.869906 117
1 1.172590 117
2 1.254795 117
3 0.916598 117
4 0.909974 117
5 18.953641 117
6 1.540222 117
7 1.734095 116
8 1.514282 117
9 1.091385 117
10 1.826547 117
11 1.418752 117
12 5.839128 117
13 2.074479 117
14 1.437632 117
15 1.255829 117
16 1.562436 117
17 1.731838 117
18 1.429479 117
19 0.572043 117
20 0.593154 117
21 1.735863 117
22 0.518538 117
23 1.736521 117
24 1.085197 117
25 1.533111 117
26 1.969009 117
27 1.975778 117
28 1.464419 117
29 1.687573 117
30 0.539026 117
31 1.513590 117
32 1.243470 117
33 1.322513 117
34 0.994598 117
35 0.971906 117
36 0.884248 117
37 1.124615 117
38 0.501017 117
39 0.479085 117
40 0.458726 117
41 1.219752 117
42 1.436915 117
43 1.271410 117
44 0.471915 117
45 1.073248 117
46 0.453991 117
47 0.631726 117
48 0.249590 117
49 1.232436 117
50 1.163222 117
51 2.089060 117
52 1.098157 115
53 1.773111 117
54 2.328165 115
55 2.809017 117
56 1.163983 115
57 1.757521 117
58 2.432376 117
59 1.695838 117
60 10.258197 117
61 2.172342 117
62 1.710513 117
63 1.818812 117
64 1.571949 117
65 1.643880 117
66 1.693197 117
67 2.131538 117
68 2.586274 117
69 1.350838 117
70 0.377664 116
71 0.409690 116
72 0.352379 116
73 2.231735 117
74 1.087436 117
75 0.925333 117
76 0.521974 117
77 0.686983 117
78 0.599624 117
79 0.670009 117
80 0.428923 117
81 0.405872 117
82 1.085350 117
83 1.295513 117
84 0.457655 116
85 1.107906 117
86 0.388086 116
87 0.446802 116
88 0.519224 116
89 5.401538 117
90 1.157538 117
91 19.564171 117
92 1.481376 117
93 0.837462 117
94 0.865453 117
95 0.978795 117
96 2.105137 117
97 0.935282 117
98 0.202000 116
99 0.205748 115
100 0.449147 95
101 0.243137 95
102 0.500747 95
103 0.329926 95
104 1.397442 95
105 0.508032 94
106 0.367362 94
107 1.493326 95
108 0.415511 94
109 1.582989 95
110 1.442274 95
111 2.136747 95
112 4.442800 95
113 1.149484 95
114 0.347021 94
115 0.351537 95
116 1.195284 95
117 1.328832 95
118 0.368777 94
119 0.340723 94
120 2.030379 95
121 1.509505 95
122 3.067389 95
123 1.540147 95
124 1.522884 95
125 1.238474 95
126 1.612926 95
127 1.236684 95
128 1.418000 95
129 2.150789 95
130 1.383832 95
131 1.459832 95
132 1.264547 95
133 1.929453 95
134 0.390126 95
135 0.376200 95
136 1.627189 95
137 1.414326 95
138 0.416723 94
139 0.453043 94
140 0.942457 94
141 1.460126 95
142 0.482213 94
143 1.457095 95
144 1.391432 95
145 1.395442 95
146 2.322274 95
147 1.379453 95
148 1.904568 95
149 1.967442 95
150 0.894673 104
151 0.453750 104
152 2.283692 104
153 2.384952 104
154 1.793442 104
155 1.271663 104
156 2.897548 104
157 1.562587 104
158 1.613606 104
159 1.667740 104
160 14.245548 104
161 1.682519 104
162 2.536365 104
163 2.384471 104
164 1.676279 104
165 0.350330 103
166 0.342814 102
167 1.053298 104
168 0.322369 103
169 19.999942 104
170 19.807385 104
171 2.455577 104
172 16.268029 104
173 12.997558 104
174 11.538942 103
175 10.006010 104
176 9.127087 103
177 8.325796 103
178 7.567854 103
179 13.435631 103
180 6.996010 103
181 5.666447 103
182 5.046175 103
183 4.056961 103
184 3.110466 103
185 2.360524 103
186 1.534019 104
187 10.323981 103
188 1.333214 103
189 0.400126 103
190 0.593689 103
191 9.725000 103
192 0.794631 103
193 0.603981 103
194 0.583359 103
195 10.080262 103
196 0.782709 103
197 0.406175 103
198 0.401359 103
199 0.482553 103
200 16.232316 98
201 14.170827 98
202 13.499680 97
203 12.611490 96
204 12.080299 97
205 11.171573 96
206 10.458758 95
207 9.320313 96
208 13.169604 96
209 8.080510 96
210 7.790454 97
211 7.571216 97
212 7.437240 96
213 5.981719 96
214 4.801337 95
215 4.304732 97
216 3.537875 96
217 3.296448 96
218 2.699917 96
219 2.103104 96
220 0.664958 96
221 0.362000 96
222 0.277094 96
223 0.296302 96
224 0.254906 96
225 0.274802 96
226 0.259928 97
227 9.416649 97
228 0.589542 96
229 0.268260 96
230 0.259289 97
231 9.745750 96
232 0.798250 96
233 0.502351 97
234 0.484448 96
235 0.513742 97
236 0.490884 95
237 0.500670 97
238 0.488448 96
239 0.479284 95
240 0.636771 96
241 0.297113 97
242 0.292062 96
243 0.256802 96
244 0.270371 97
245 0.294052 97
246 0.258698 96
247 9.301144 97
248 0.581649 97
249 0.236104 96
250 16.227155 103
251 14.055291 103
252 12.661343 102
253 14.732574 101
254 11.622363 102
255 10.715735 102
256 9.487922 103
257 9.290881 101
258 8.665069 101
259 7.896158 101
260 7.699465 101
261 6.985630 100
262 6.272294 102
263 5.320706 102
264 4.555465 101
265 3.871150 100
266 2.627150 100
267 2.386500 102
268 2.189810 100
269 1.818194 103
270 0.802627 102
271 9.612020 101
272 9.817637 102
273 9.799881 101
274 9.775406 101
275 9.652777 103
276 0.710250 100
277 0.468150 100
278 0.473950 100
279 8.787287 101
280 1.091277 101
281 0.893525 101
282 0.691900 100
283 0.504990 100
284 0.288010 102
285 0.502347 101
286 0.321663 101
287 0.480515 101
288 0.453961 102
289 0.265792 101
290 0.264792 101
291 8.619951 102
292 0.576386 101
293 0.259070 100
294 0.269441 102
295 0.269030 101
296 0.242634 101
297 0.236564 101
298 0.223683 101
299 0.271892 102
300 16.381229 105
301 14.529000 105
302 13.967029 105
303 12.563173 104
304 12.696767 103
305 11.730408 103
306 10.961117 103
307 10.773534 103
308 10.294750 104
309 10.117854 103
310 9.901294 102
311 9.115500 102
312 7.671961 103
313 6.732466 103
314 5.568971 103
315 4.817757 103
316 4.031654 104
317 3.287408 103
318 2.206108 102
319 1.930874 103
320 0.948019 103
321 0.341108 102
322 0.489010 101
323 0.281874 103
324 0.290412 102
325 0.335709 103
326 0.289427 103
327 0.369194 103
328 0.291686 102
329 0.287755 102
330 0.458204 103
331 0.453353 102
332 0.498553 103
333 0.439676 102
334 0.497451 102
335 0.436412 102
336 0.461431 102
337 0.444417 103
338 9.062970 101
339 0.790863 102
340 0.460578 102
341 0.439743 101
342 0.269431 102
343 0.379873 102
344 0.233592 103
345 0.247320 103
346 0.440176 102
347 0.845667 102
348 0.839020 102
349 0.890670 103
350 17.610482 110
351 15.534164 110
352 14.045873 110
353 13.146897 107
354 12.484083 108
355 15.127602 108
356 15.140927 109
357 15.050193 109
358 14.922046 109
359 10.619222 108
360 9.336074 108
361 8.483102 108
362 13.726889 108
363 7.279083 109
364 13.325306 108
365 6.669806 108
366 12.637826 109
367 12.683505 107
368 3.896222 108
369 2.365824 108
370 10.423231 108
371 10.388917 108
372 10.277028 107
373 0.771780 109
374 9.777394 109
375 1.076155 110
376 0.630065 108
377 0.741954 108
378 9.528495 109
379 9.948259 108
380 0.739889 108
381 0.263222 108
382 0.257450 109
383 9.097917 108
384 9.566598 107
385 0.641394 109
386 0.498167 108
387 0.229798 109
388 8.768204 108
389 8.795514 109
390 8.663667 108
391 8.416028 108
392 0.689676 108
393 0.268778 108
394 7.797019 107
395 7.860083 108
396 0.504093 107
397 7.279306 108
398 7.323463 108
399 7.037157 108
400 16.391298 104
401 14.458769 104
402 12.948010 104
403 12.890466 103
404 14.859777 103
405 15.163854 103
406 15.412340 103
407 15.665544 103
408 12.005272 103
409 14.825466 103
410 11.340635 104
411 19.999767 103
412 19.999825 103
413 16.940777 103
414 12.860466 103
415 19.999835 103
416 6.824883 103
417 19.999748 103
418 6.414903 103
419 5.880456 103
420 19.895058 103
421 14.006765 102
422 13.853294 102
423 19.805544 103
424 19.999794 102
425 18.592892 102
426 19.805641 103
427 19.999824 102
428 18.247000 102
429 19.615183 104
430 19.999824 102
431 18.661893 103
432 18.485824 102
433 18.134049 103
434 19.999814 102
435 19.999812 101
436 19.999790 100
437 16.587386 101
438 19.607657 102
439 19.999730 100
440 19.801851 101
441 9.197090 100
442 19.801782 101
443 19.999810 100
444 19.801832 101
445 12.284090 100
446 19.799790 100
447 16.628879 99
448 19.799840 100
449 14.386843 102
450 19.999972 108
451 19.817148 108
452 19.954056 108
453 19.999692 107
454 19.363575 106
455 19.999736 106
456 8.821613 106
457 1.482830 106
458 19.933811 106
459 19.162972 107
460 1.257870 108
461 1.132611 108
462 0.425121 107
463 0.692167 108
464 0.276953 107
465 1.455981 108
466 0.591626 107
467 0.632140 107
468 0.608206 107
469 0.368213 108
470 0.599271 107
471 0.621131 107
472 0.559579 107
473 0.568533 107
474 0.561355 107
475 0.589925 107
476 0.585280 107
477 0.572879 107
478 0.557822 107
479 0.570187 107
480 0.540159 107
481 0.565766 107
482 19.814750 108
483 0.804509 108
484 0.233841 107
485 0.245766 107
486 0.915000 108
487 0.240393 107
488 0.203869 107
489 1.067472 108
490 0.692130 108
491 0.217495 107
492 0.219935 107
493 0.743463 108
494 0.258435 108
495 0.254454 108
496 1.814491 108
497 0.177579 107
498 0.765741 108
499 1.469861 108
500 3.687069 116
501 1.827112 116
502 0.374404 114
503 2.142026 116
504 1.774397 116
505 0.711649 114
506 0.702675 114
507 0.751588 114
508 1.475681 116
509 0.601184 114
510 3.748793 116
511 1.412336 116
512 3.633974 116
513 1.283319 116
514 1.970147 116
515 1.388103 116
516 2.304379 116
517 1.987353 116
518 1.795310 116
519 1.844379 116
520 1.434155 116
521 1.073112 116
522 1.255741 116
523 1.734543 116
524 1.693629 116
525 1.505698 116
526 1.488517 116
527 1.521750 116
528 1.276500 116
529 1.347379 116
530 1.628233 116
531 1.278252 115
532 1.361828 116
533 0.589043 116
534 0.652276 116
535 0.651707 116
536 0.654707 116
537 0.644250 116
538 3.010172 116
539 0.848791 115
540 1.373267 116
541 0.882113 115
542 1.724638 116
543 2.612017 116
544 0.876553 114
545 0.846922 116
546 20.000000 116
547 1.281112 116
548 1.349871 116
549 1.084595 116
550 2.322933 104
551 2.724221 104
552 0.631125 104
553 0.739404 104
554 0.661933 104
555 0.531577 104
556 0.498827 104
557 0.708894 104
558 0.639692 104
559 1.229769 104
560 0.579394 104
561 0.721740 104
562 0.506404 104
563 0.531702 104
564 0.588644 104
565 0.979308 104
566 0.668644 104
567 6.333317 104
568 2.069404 104
569 2.681163 104
570 1.217650 103
571 2.267990 104
572 0.962520 102
573 0.971941 102
574 1.016941 102
575 0.744980 102
576 0.934382 102
577 0.594951 102
578 1.793135 104
579 1.090192 104
580 1.010000 104
581 1.154510 104
582 1.088750 104
583 1.154875 104
584 1.319413 104
585 1.241433 104
586 2.502356 104
587 1.885298 104
588 2.827327 104
589 1.299524 103
590 0.805382 102
591 2.192471 104
592 2.364798 104
593 3.057433 104
594 1.888356 104
595 2.254635 104
596 1.919962 104
597 1.883269 104
598 2.686000 104
599 1.837067 104
600 2.432830 112
601 1.738625 112
602 1.709929 112
603 3.729616 112
604 2.074845 110
605 1.844227 110
606 2.014018 110
607 1.775255 110
608 2.882330 112
609 2.542196 112
610 1.303170 112
611 3.806813 112
612 1.761165 109
613 1.778468 109
614 2.148110 109
615 1.943773 110
616 4.534750 112
617 2.905982 111
618 4.494705 112
619 1.064670 94
620 3.673536 112
621 2.422393 112
622 19.828964 112
623 19.826604 111
624 3.082929 112
625 3.209847 111
626 3.263411 112
627 2.006275 109
628 2.879789 109
629 2.607330 109
630 2.053929 112
631 1.353586 111
632 0.524189 111
633 0.506315 111
634 2.212741 112
635 1.541450 109
636 1.501098 112
637 2.301330 112
638 2.435821 112
639 3.279571 112
640 2.733616 112
641 2.870964 112
642 3.297187 112
643 2.588937 112
644 2.765250 112
645 2.421821 112
646 1.352536 112
647 1.471991 112
648 1.180750 112
649 1.892893 112
650 18.556101 109
651 2.157459 109
652 0.699748 107
653 1.652229 109
654 2.422853 109
655 4.150165 109
656 1.378766 107
657 2.926771 109
658 1.654147 109
659 9.978266 109
660 1.097213 108
661 2.285468 109
662 0.798954 108
663 1.503734 109
664 1.646908 109
665 2.944183 109
666 2.930688 109
667 2.309110 109
668 0.999303 109
669 1.751468 109
670 0.526402 107
671 2.064807 109
672 2.191367 109
673 1.558607 107
674 3.204110 109
675 3.071587 109
676 3.152193 109
677 1.809000 109
678 2.221789 109
679 2.742275 109
680 2.684606 109
681 5.225119 109
682 3.968725 109
683 15.679532 109
684 1.451064 109
685 1.663798 109
686 1.881257 109
687 3.323083 109
688 2.690385 109
689 1.552789 109
690 1.211028 109
691 2.180092 109
692 3.750128 109
693 3.675679 109
694 2.507321 109
695 1.792358 109
696 1.135853 109
697 12.723706 109
698 3.019275 109
699 1.507257 109
700 4.336657 99
701 4.047030 99
702 3.185111 99
703 2.748606 99
704 2.311182 99
705 4.620929 99
706 3.388313 99
707 2.865828 99
708 2.758606 99
709 2.627040 99
710 4.751293 99
711 3.607040 99
712 3.361384 99
713 1.931111 99
714 5.629747 99
715 2.403414 99
716 7.618455 99
717 2.527313 99
718 3.622263 99
719 1.826848 99
720 3.898040 99
721 3.946808 99
722 1.526273 99
723 1.727202 99
724 1.874424 99
725 3.274071 99
726 12.723990 99
727 14.346990 98
728 14.919969 98
729 13.951153 98
730 15.914082 98
731 16.553347 98
732 17.363847 98
733 17.686480 98
734 17.263092 98
735 18.030561 98
736 0.602727 99
737 1.282475 99
738 1.331929 99
739 0.424293 99
740 0.450122 98
741 0.910242 99
742 0.232990 99
743 0.248162 99
744 0.689677 99
745 0.968657 99
746 0.563253 99
747 0.193384 99
748 0.191303 99
749 0.643384 99
750 1.671657 99
751 2.089535 99
752 1.539798 99
753 0.385629 97
754 1.448374 99
755 2.566677 99
756 2.091889 99
757 4.889333 99
758 0.752633 98
759 0.917162 99
760 0.841082 98
761 1.196745 98
762 2.967364 99
763 0.582541 98
764 0.468112 98
765 2.069929 99
766 1.595694 98
767 0.656454 97
768 1.695384 99
769 1.512673 98
770 0.553551 98
771 2.754172 99
772 5.174296 98
773 3.706667 99
774 1.880727 99
775 1.491111 99
776 1.691414 99
777 1.436182 99
778 3.952263 99
779 1.707909 99
780 1.006606 99
781 0.930808 99
782 1.058101 99
783 1.763333 99
784 1.417182 99
785 1.053515 99
786 0.374908 98
787 1.108444 99
788 0.471040 99
789 1.493131 99
790 1.314717 99
791 2.297374 99
792 0.328418 98
793 1.125626 99
794 1.018121 99
795 1.048434 99
796 0.992808 99
797 1.163525 99
798 1.099525 99
799 0.648172 99
800 3.845420 112
801 1.438384 112
802 1.279696 112
803 17.468973 112
804 1.632802 111
805 1.648875 112
806 1.377955 111
807 1.579196 112
808 1.441268 112
809 1.631982 112
810 0.527595 111
811 1.300027 112
812 1.805518 112
813 0.354696 112
814 1.342125 112
815 1.333839 112
816 2.413598 112
817 11.006839 112
818 13.334518 112
819 14.458330 112
820 14.258045 112
821 12.584687 112
822 1.029946 112
823 1.168982 112
824 8.645250 112
825 1.924321 112
826 1.204821 112
827 0.932795 112
828 0.768830 112
829 0.914250 112
830 1.799384 112
831 2.210625 112
832 1.592714 112
833 0.900839 112
834 0.870545 112
835 0.906348 112
836 0.853000 112
837 0.810313 112
838 0.747937 112
839 0.675750 112
840 1.700696 112
841 3.489866 112
842 0.693054 112
843 0.615786 112
844 1.002214 112
845 0.831839 112
846 1.955973 112
847 0.809786 112
848 0.790313 112
849 0.726562 112
850 19.833927 110
851 1.438182 110
852 0.444722 108
853 1.459136 110
854 1.588245 110
855 0.389065 108
856 0.421794 107
857 1.235818 110
858 0.442101 109
859 0.457817 109
860 1.439318 110
861 1.135700 110
862 1.133918 110
863 1.825591 110
864 1.305073 110
865 1.156709 110
866 3.846827 110
867 17.720413 109
868 6.115202 109
869 7.058670 109
870 18.577679 109
871 8.987495 109
872 18.832679 109
873 11.328083 109
874 11.545927 109
875 10.121055 109
876 8.794697 109
877 7.416651 109
878 6.198367 109
879 5.258505 109
880 4.465312 109
881 4.163275 109
882 3.845156 109
883 3.399156 109
884 3.310092 109
885 3.031202 109
886 2.899156 109
887 3.030514 109
888 2.968119 109
889 2.845174 109
890 2.374771 109
891 2.105473 110
892 17.172991 110
893 18.868330 109
894 17.355642 109
895 1.577636 110
896 0.181382 110
897 0.188367 109
898 0.666364 110
899 0.167119 109
900 1.096961 103
901 2.804641 103
902 2.975058 103
903 1.545574 101
904 1.462545 101
905 1.783379 103
906 0.376050 101
907 0.360861 101
908 1.768748 103
909 0.397287 101
910 0.444594 101
911 1.390932 103
912 0.385099 101
913 0.359050 101
914 1.390583 103
915 0.353451 102
916 1.625874 103
917 19.999932 103
918 19.999713 101
919 19.999941 101
920 19.999673 101
921 19.999911 101
922 19.999772 101
923 19.999970 101
924 19.999703 101
925 19.999941 101
926 19.803637 102
927 19.999941 101
928 19.999644 101
929 19.611592 103
930 19.803696 102
931 0.909379 103
932 1.227777 103
933 0.296912 102
934 0.253235 102
935 0.206137 102
936 0.697451 102
937 0.241127 102
938 0.238941 102
939 1.382621 103
940 0.220118 102
941 0.193786 103
942 0.195835 103
943 0.217755 102
944 1.245641 103
945 1.277806 103
946 0.308534 103
947 0.410775 102
948 0.740000 103
949 0.224667 102
950 0.551644 104
951 0.465846 104
952 1.361894 104
953 0.760490 102
954 1.585067 104
955 0.584686 102
956 1.284500 104
957 0.403515 103
958 0.300255 102
959 0.426941 102
960 1.236385 104
961 0.426882 102
962 0.298392 102
963 0.268673 104
964 1.270827 104
965 1.450202 104
966 0.392816 103
967 4.606048 104
968 3.076942 103
969 3.325223 103
970 3.289058 104
971 3.108155 103
972 1.939913 104
973 1.042788 104
974 1.252317 104
975 0.273621 103
976 1.274298 104
977 1.581125 104
978 0.895702 104
979 1.411750 104
980 1.072971 104
981 12.015808 104
982 1.935252 103
983 1.425519 104
984 1.096327 104
985 2.187212 104
986 0.630433 104
987 1.619135 104
988 0.921519 104
989 2.656173 104
990 0.664856 104
991 1.160837 104
992 0.742712 104
993 1.557615 104
994 1.270615 104
995 1.112413 104
996 0.770000 104
997 1.043317 104
998 0.605298 104
999 0.708115 104
1000 0.938953 85
1001 1.097894 85
1002 2.756871 85
1003 1.299071 85
1004 1.212847 85
1005 1.121012 85
1006 1.143141 85
1007 1.803506 85
1008 2.260612 85
1009 1.483741 85
1010 1.158294 85
1011 1.467918 85
1012 1.635988 85
1013 1.408235 85
1014 1.292553 85
1015 1.495518 85
1016 0.756271 85
1017 0.382694 85
1018 0.450906 85
1019 0.444588 85
1020 0.443729 85
1021 0.435859 85
1022 0.424071 85
1023 0.389141 85
1024 0.380529 85
1025 0.389529 85
1026 0.418929 85
1027 0.391365 85
1028 0.391059 85
1029 0.420435 85
1030 0.410424 85
1031 0.435906 85
1032 1.384412 85
1033 0.302663 83
1034 0.341518 83
1035 1.006035 85
1036 0.274560 84
1037 1.312129 85
1038 0.301012 84
1039 0.260143 84
1040 1.075188 85
1041 0.249783 83
1042 1.029259 85
1043 0.798682 85
1044 0.287500 84
1045 0.286357 84
1046 0.949035 85
1047 0.332765 85
1048 0.285762 84
1049 7.993353 85
1050 7.709123 106
1051 7.149868 106
1052 5.789333 105
1053 1.052896 106
1054 0.421991 106
1055 1.167745 106
1056 0.381848 105
1057 0.537552 105
1058 1.462906 106
1059 0.445257 105
1060 0.403686 105
1061 2.144132 106
1062 1.145779 104
1063 0.930625 104
1064 0.904686 105
1065 0.460752 105
1066 1.645740 104
1067 0.492010 105
1068 0.806923 104
1069 0.679173 104
1070 0.602654 104
1071 0.806219 105
1072 0.502067 104
1073 0.691913 104
1074 2.042038 106
1075 0.530724 105
1076 0.714076 105
1077 0.661705 105
1078 0.775419 105
1079 1.407019 105
1080 0.403667 105
1081 0.388581 105
1082 0.820114 105
1083 0.659533 105
1084 0.610686 105
1085 0.348886 105
1086 0.505657 105
1087 2.063132 106
1088 1.270590 105
1089 1.294705 105
1090 2.170387 106
1091 1.582792 106
1092 1.320029 105
1093 1.300821 106
1094 1.380623 106
1095 1.436453 106
1096 1.183264 106
1097 0.398362 105
1098 0.492838 105
1099 0.291590 105
1100 0.800466 118
1101 1.132203 118
1102 7.368923 117
1103 1.561161 118
1104 1.311432 118
1105 1.352805 118
1106 1.333153 118
1107 1.248390 118
1108 1.087619 118
1109 0.311314 118
1110 0.349436 117
1111 0.290675 117
1112 6.689068 118
1113 1.879530 117
1114 1.119144 118
1115 1.216229 118
1116 1.394458 118
1117 1.228212 118
1118 1.378822 118
1119 1.173390 118
1120 0.880214 117
1121 0.693690 116
1122 1.011525 118
1123 0.382644 118
1124 0.289342 117
1125 10.522500 118
1126 0.945297 118
1127 0.498111 117
1128 0.315590 117
1129 0.954203 118
1130 1.064246 118
1131 0.993144 118
1132 19.999932 118
1133 19.999624 117
1134 1.467220 118
1135 0.849169 118
1136 0.920154 117
1137 0.880619 118
1138 0.226658 117
1139 3.008890 118
1140 0.950347 118
1141 1.114812 117
1142 0.764873 118
1143 1.494949 118
1144 0.766458 118
1145 0.915347 118
1146 0.663822 118
1147 0.693487 117
1148 0.561059 118
1149 0.631780 118
1150 0.826573 110
1151 0.487064 110
1152 0.343418 110
1153 1.628409 110
1154 0.607444 108
1155 0.658380 108
1156 19.954900 110
1157 19.999806 108
1158 1.314600 110
1159 0.503376 109
1160 2.091664 110
1161 0.905435 108
1162 1.415464 110
1163 0.573367 109
1164 0.329055 109
1165 1.119255 110
1166 1.035818 110
1167 1.076091 110
1168 1.005627 110
1169 0.343100 110
1170 2.025164 110
1171 0.647440 109
1172 1.464045 110
1173 0.578697 109
1174 1.510009 110
1175 0.550266 109
1176 1.772382 110
1177 0.427560 109
1178 1.649282 110
1179 0.501468 109
1180 1.395727 110
1181 0.520422 109
1182 0.901282 110
1183 0.891927 110
1184 1.212236 110
1185 0.328138 109
1186 1.188700 110
1187 0.900818 110
1188 1.450945 110
1189 1.045248 109
1190 4.004445 110
1191 0.990709 110
1192 1.650091 110
1193 0.878917 109
1194 0.249296 108
1195 0.873330 109
1196 0.311579 107
1197 0.835165 109
1198 0.908266 109
1199 0.254843 108
1200 1.702360 111
1201 1.175396 111
1202 1.328991 111
1203 0.368800 110
1204 1.138865 111
1205 0.397436 110
1206 2.094595 111
1207 0.972865 111
1208 0.767820 111
1209 0.800586 111
1210 11.354847 111
1211 2.976009 111
1212 7.365018 111
1213 1.410559 111
1214 3.069703 111
1215 2.197198 111
1216 1.257306 111
1217 1.043757 111
1218 1.167144 111
1219 1.171486 111
1220 1.229568 111
1221 14.920883 111
1222 1.381009 111
1223 1.154784 111
1224 1.233450 111
1225 0.904856 111
1226 0.869784 111
1227 3.542919 111
1228 1.054937 111
1229 0.850802 111
1230 2.300892 111
1231 1.091901 111
1232 0.828171 111
1233 0.801108 111
1234 0.986189 111
1235 2.272505 111
1236 0.738243 111
1237 0.998811 111
1238 0.794820 111
1239 1.106667 111
1240 0.258928 111
1241 1.349703 111
1242 1.144838 111
1243 16.145396 111
1244 1.233117 111
1245 1.037829 111
1246 0.890631 111
1247 1.312838 111
1248 1.411838 111
1249 1.558162 111
1250 3.601795 112
1251 1.444277 112
1252 0.360036 110
1253 0.438709 110
1254 1.880420 112
1255 1.478929 112
1256 0.538364 110
1257 3.931830 112
1258 0.585170 112
1259 1.465625 112
1260 1.408295 112
1261 1.640089 112
1262 1.922652 112
1263 1.353464 112
1264 1.974295 112
1265 1.856143 112
1266 0.471685 111
1267 1.929536 112
1268 2.546670 112
1269 1.539643 112
1270 0.409143 112
1271 0.338687 112
1272 0.467705 112
1273 0.420643 112
1274 0.325455 112
1275 0.352848 112
1276 0.360723 112
1277 3.478402 112
1278 20.000000 112
1279 0.948643 112
1280 1.399241 112
1281 1.343536 112
1282 1.637955 112
1283 1.640786 112
1284 1.177973 112
1285 1.115196 112
1286 0.225189 111
1287 0.235955 111
1288 0.457313 112
1289 0.197330 112
1290 5.753045 112
1291 1.086696 112
1292 1.091821 112
1293 0.584321 112
1294 0.841607 112
1295 9.769929 112
1296 0.710964 112
1297 0.669705 112
1298 1.942759 112
1299 0.484429 112
1300 1.614009 109
1301 0.608241 108
1302 0.564881 109
1303 2.536073 109
1304 1.010796 108
1305 2.035101 109
1306 4.398110 109
1307 1.923917 109
1308 0.719907 108
1309 0.737000 108
1310 1.129000 109
1311 0.319333 108
1312 0.310422 109
1313 0.430806 108
1314 2.504339 109
1315 1.852119 109
1316 0.493185 108
1317 1.420349 109
1318 1.676936 109
1319 0.712157 108
1320 1.256431 109
1321 0.369213 108
1322 8.005211 109
1323 7.814047 107
1324 1.168037 109
1325 1.370578 109
1326 12.169670 109
1327 13.070532 109
1328 1.420376 109
1329 5.662211 109
1330 1.713706 109
1331 1.467853 109
1332 1.382174 109
1333 0.993028 109
1334 1.593789 109
1335 0.538257 109
1336 0.604176 108
1337 0.585630 108
1338 0.982596 109
1339 0.972296 108
1340 0.765231 108
1341 0.622102 108
1342 0.842324 108
1343 0.549394 109
1344 0.858324 108
1345 0.719194 108
1346 0.382889 108
1347 0.513204 108
1348 0.647343 108
1349 0.456741 108
1350 1.453000 99
1351 0.930051 99
1352 1.161495 99
1353 0.928909 99
1354 1.268606 99
1355 0.781606 99
1356 1.048576 99
1357 0.688929 99
1358 0.673253 99
1359 0.946323 99
1360 0.808808 99
1361 0.904323 99
1362 1.173758 99
1363 1.046293 99
1364 1.052121 99
1365 1.433414 99
1366 1.040929 99
1367 0.836909 99
1368 1.072707 99
1369 0.906626 99
1370 1.283192 99
1371 1.015788 99
1372 0.963061 99
1373 1.167657 99
1374 1.001788 99
1375 1.024970 99
1376 1.288283 99
1377 0.865354 99
1378 0.529879 99
1379 0.541687 99
1380 0.677657 99
1381 0.893000 99
1382 0.723141 99
1383 0.820939 99
1384 0.875111 99
1385 0.673081 99
1386 1.483263 99
1387 1.268485 99
1388 0.598071 99
1389 0.456697 99
1390 0.479788 99
1391 0.585071 99
1392 0.603434 99
1393 1.318707 99
1394 0.720576 99
1395 0.677697 99
1396 0.393253 99
1397 0.587051 99
1398 0.577364 99
1399 0.659828 99
1400 1.451146 96
1401 0.958406 96
1402 2.105552 96
1403 0.457821 95
1404 0.515747 95
1405 0.517442 95
1406 0.662979 95
1407 1.150179 95
1408 0.476895 95
1409 0.608189 95
1410 0.555495 95
1411 0.712558 95
1412 0.527253 95
1413 0.892011 95
1414 0.825474 95
1415 0.444463 95
1416 0.829779 95
1417 1.662823 96
1418 0.999916 95
1419 0.506589 95
1420 0.970365 96
1421 0.607989 95
1422 0.659760 96
1423 0.556674 95
1424 1.609579 95
1425 0.937453 95
1426 0.536295 95
1427 0.863611 95
1428 0.532947 95
1429 0.756558 95
1430 0.424400 95
1431 0.463221 95
1432 0.724505 95
1433 1.451302 96
1434 0.367606 94
1435 20.000000 96
1436 19.252368 95
1437 19.999905 95
1438 19.999684 95
1439 19.999895 95
1440 3.990781 96
1441 0.260253 95
1442 0.809750 96
1443 8.164417 96
1444 0.618656 96
1445 0.480758 95
1446 0.227158 95
1447 0.460147 95
1448 0.492074 95
1449 4.098906 96
1450 0.917846 91
1451 0.491220 91
1452 0.642703 91
1453 0.460209 91
1454 19.544176 91
1455 4.981681 91
1456 1.864978 91
1457 1.852440 91
1458 1.024404 89
1459 1.628901 91
1460 1.396516 91
1461 0.344811 90
1462 1.207835 91
1463 0.463333 90
1464 2.775714 91
1465 1.592462 91
1466 0.592222 90
1467 0.471600 90
1468 1.550857 91
1469 1.630824 91
1470 1.676736 91
1471 1.699209 91
1472 0.365444 90
1473 0.430955 89
1474 0.884198 91
1475 0.492879 91
1476 1.455835 91
1477 0.508722 90
1478 1.288473 91
1479 1.326725 91
1480 1.985253 91
1481 2.732538 91
1482 1.394187 91
1483 2.226165 91
1484 1.180604 91
1485 2.039945 91
1486 1.216868 91
1487 1.115143 91
1488 1.398429 91
1489 1.201758 91
1490 1.150901 91
1491 1.103527 91
1492 1.359253 91
1493 1.201198 91
1494 1.612626 91
1495 2.896055 91
1496 1.050088 91
1497 1.354714 91
1498 1.188923 91
1499 0.957571 91
1500 2.974906 106
1501 1.477189 106
1502 2.846887 106
1503 1.339528 106
1504 1.279604 106
1505 1.163028 106
1506 1.361575 106
1507 1.348726 106
1508 1.253802 106
1509 1.428972 106
1510 1.364868 106
1511 2.393160 106
1512 2.105264 106
1513 2.128736 106
1514 1.896170 106
1515 1.596651 106
1516 0.529657 105
1517 2.385113 106
1518 4.813543 105
1519 6.375829 105
1520 20.000000 105
1521 1.425849 106
1522 0.465010 105
1523 0.549581 105
1524 0.369181 105
1525 0.406286 105
1526 0.838381 105
1527 0.317733 105
1528 0.632415 106
1529 0.590651 106
1530 0.671726 106
1531 0.555009 106
1532 1.059189 106
1533 0.308981 105
1534 0.306533 105
1535 0.321800 105
1536 5.092736 106
1537 0.539019 105
1538 0.527648 105
1539 0.525905 105
1540 1.537764 106
1541 1.103400 105
1542 1.290819 105
1543 1.089229 105
1544 1.156971 105
1545 1.318613 106
1546 1.177802 106
1547 1.015283 106
1548 1.548311 106
1549 0.293029 104
1550 0.975200 120
1551 1.922792 120
1552 1.685700 120
1553 1.643083 120
1554 1.391825 120
1555 2.048650 120
1556 3.729350 120
1557 1.344342 120
1558 1.358108 120
1559 1.291217 120
1560 1.333758 120
1561 1.551358 120
1562 0.941467 120
1563 1.710192 120
1564 1.526392 120
1565 0.628958 120
1566 0.698067 119
1567 0.713658 120
1568 8.224767 120
1569 6.385101 119
1570 7.357672 119
1571 1.841092 120
1572 1.096390 118
1573 1.338275 120
1574 0.822967 120
1575 13.690308 120
1576 1.453092 120
1577 1.314142 120
1578 1.497667 120
1579 1.053917 120
1580 1.107683 120
1581 0.363084 119
1582 0.381916 119
1583 0.337899 119
1584 2.741075 120
1585 1.716353 119
1586 8.432933 120
1587 8.291427 117
1588 16.172008 118
1589 12.353701 117
1590 12.631924 118
1591 10.338729 118
1592 9.783246 118
1593 10.926761 117
1594 11.847822 118
1595 18.994390 118
1596 14.533731 119
1597 16.242684 117
1598 0.686992 120
1599 0.158058 120
1600 1.123607 112
1601 1.102214 112
1602 0.368495 111
1603 0.504928 111
1604 0.333946 111
1605 1.357598 112
1606 0.333189 111
1607 0.317829 111
1608 1.235250 112
1609 0.390232 112
1610 0.311739 111
1611 1.374545 112
1612 0.337658 111
1613 0.965089 112
1614 0.269054 112
1615 1.348679 112
1616 0.462838 111
1617 0.481473 112
1618 0.517901 111
1619 0.490324 111
1620 0.947339 112
1621 0.419964 112
1622 0.352321 112
1623 1.459527 112
1624 1.223071 112
1625 0.331062 112
1626 1.032348 112
1627 0.361161 112
1628 0.979607 112
1629 0.456670 112
1630 2.039071 112
1631 0.952518 112
1632 1.582598 112
1633 0.676911 112
1634 0.891437 112
1635 1.819714 112
1636 1.482652 112
1637 0.646000 112
1638 0.662455 112
1639 0.937607 112
1640 0.963786 112
1641 0.924875 112
1642 0.914196 112
1643 0.454027 112
1644 0.714982 112
1645 0.283152 112
1646 1.020795 112
1647 0.286207 111
1648 1.210161 112
1649 0.883241 112
1650 0.818485 97
1651 1.706722 97
1652 1.723928 97
1653 3.245557 97
1654 19.297258 97
1655 1.755443 97
1656 1.036660 97
1657 1.771835 97
1658 1.734186 97
1659 2.717990 97
1660 0.884082 97
1661 0.930206 97
1662 1.926021 97
1663 0.949206 97
1664 2.985124 97
1665 1.068302 96
1666 0.884500 96
1667 1.784000 97
1668 0.440021 95
1669 0.376031 96
1670 1.391299 97
1671 0.356208 96
1672 16.870052 97
1673 16.733552 96
1674 17.457469 96
1675 18.251392 97
1676 18.403583 96
1677 17.966115 96
1678 18.224010 96
1679 14.554844 96
1680 18.536729 96
1681 3.810732 97
1682 0.769495 97
1683 0.215781 96
1684 0.319854 96
1685 1.390546 97
1686 0.733917 96
1687 2.500412 97
1688 1.101784 97
1689 0.930433 97
1690 4.150639 97
1691 2.445072 97
1692 3.870969 97
1693 2.287000 97
1694 0.649330 97
1695 0.167177 96
1696 0.544361 97
1697 0.182330 97
1698 0.865804 97
1699 0.201875 96
1700 1.047611 95
1701 0.452295 95
1702 0.376147 95
1703 1.377895 95
1704 0.781204 93
1705 1.618484 95
1706 0.343457 94
1707 0.327097 93
1708 0.319495 93
1709 0.308140 93
1710 1.783621 95
1711 0.501516 93
1712 0.785882 93
1713 0.658376 93
1714 1.567726 95
1715 1.419232 95
1716 1.401347 95
1717 0.398766 94
1718 0.524723 94
1719 1.721579 95
1720 1.938147 95
1721 1.727779 95
1722 1.821147 95
1723 1.293800 95
1724 1.494000 95
1725 1.910368 95
1726 10.228179 95
1727 2.544211 95
1728 1.527305 95
1729 1.846537 95
1730 1.607453 95
1731 2.028126 95
1732 1.346568 95
1733 2.091000 95
1734 0.933337 95
1735 1.363232 95
1736 1.017368 95
1737 0.856916 95
1738 1.036284 95
1739 1.571884 95
1740 1.498126 95
1741 1.639937 95
1742 5.693021 95
1743 1.982621 95
1744 0.903726 95
1745 0.678116 95
1746 1.252484 95
1747 2.700579 95
1748 3.779158 95
1749 1.668463 95
1750 1.640150 120
1751 3.282342 120
1752 1.685492 120
1753 1.379492 120
1754 0.338874 119
1755 0.383714 119
1756 2.068750 120
1757 1.244083 120
1758 1.438808 120
1759 3.027592 120
1760 1.086017 119
1761 1.239367 120
1762 1.104739 119
1763 1.014008 119
1764 0.841504 119
1765 1.156311 119
1766 1.100622 119
1767 1.231261 119
1768 1.086437 119
1769 1.057408 120
1770 0.744217 120
1771 2.147000 120
1772 2.541008 120
1773 1.045158 120
1774 1.533858 120
1775 1.424358 120
1776 6.816975 120
1777 1.386675 120
1778 0.651383 120
1779 1.283933 120
1780 1.158667 120
1781 1.702167 120
1782 1.469883 120
1783 0.430158 120
1784 1.373417 120
1785 1.168258 120
1786 5.879008 120
1787 12.362467 120
1788 0.960217 120
1789 0.989508 120
1790 0.864667 120
1791 14.994058 120
1792 1.143000 120
1793 0.338712 118
1794 0.282683 120
1795 1.313567 120
1796 1.171292 120
1797 0.555678 118
1798 1.487608 120
1799 0.986967 120
1800 1.227235 115
1801 0.649348 115
1802 2.582617 115
1803 1.869070 115
1804 0.552018 113
1805 1.766974 115
1806 1.906957 115
1807 1.685643 115
1808 1.659070 115
1809 2.056713 115
1810 1.722130 115
1811 16.582374 115
1812 1.380565 115
1813 1.645000 115
1814 0.368842 114
1815 0.591623 114
1816 1.789435 115
1817 0.817383 115
1818 1.456122 115
1819 1.267783 115
1820 1.343017 115
1821 4.202193 114
1822 2.265447 114
1823 0.348167 114
1824 0.425675 114
1825 1.275122 115
1826 1.177130 115
1827 10.394739 115
1828 11.039737 114
1829 11.246748 115
1830 1.258522 115
1831 1.593357 115
1832 0.739868 114
1833 0.903887 115
1834 1.366113 115
1835 0.904826 115
1836 0.326658 114
1837 0.909017 115
1838 1.548452 115
1839 0.924539 115
1840 0.992191 115
1841 0.999391 115
1842 1.238887 115
1843 1.075200 115
1844 0.761765 115
1845 1.090539 115
1846 0.684826 115
1847 1.365609 115
1848 1.098757 115
1849 1.070783 115
1850 1.201794 107
1851 1.928000 107
1852 1.752019 107
1853 1.503477 107
1854 0.457714 105
1855 0.567000 105
1856 2.007953 107
1857 1.851477 107
1858 1.567000 107
1859 0.680869 107
1860 1.336822 107
1861 1.366748 107
1862 12.995439 107
1863 2.912178 107
1864 0.599519 106
1865 0.465613 106
1866 1.875196 107
1867 0.487990 105
1868 2.627953 107
1869 1.845500 106
1870 1.540374 107
1871 1.396178 107
1872 18.475187 107
1873 19.206542 107
1874 19.501963 107
1875 1.219981 107
1876 1.043037 107
1877 0.940121 107
1878 0.264462 106
1879 0.412745 106
1880 0.877093 107
1881 0.485654 107
1882 0.755888 107
1883 0.293449 107
1884 1.172308 107
1885 0.283802 106
1886 0.312557 106
1887 2.758383 107
1888 2.051729 107
1889 0.656848 105
1890 1.893916 107
1891 0.748364 107
1892 0.574206 107
1893 0.945804 107
1894 0.861897 107
1895 0.397991 107
1896 0.420495 107
1897 1.895103 107
1898 0.985570 107
1899 19.198991 107
1900 1.881165 109
1901 1.434624 109
1902 1.774220 109
1903 3.770229 109
1904 2.367211 109
1905 2.806156 109
1906 2.185824 108
1907 2.210352 108
1908 2.059806 108
1909 1.958843 108
1910 1.927296 108
1911 1.952324 108
1912 1.532064 109
1913 0.320346 107
1914 0.471038 106
1915 0.380547 106
1916 0.419243 107
1917 0.389710 107
1918 0.333528 106
1919 0.390178 107
1920 0.560632 106
1921 0.417308 107
1922 0.553870 108
1923 0.636336 107
1924 0.342140 107
1925 0.303151 106
1926 0.299632 106
1927 0.282252 107
1928 0.318858 106
1929 0.294411 107
1930 0.308449 107
1931 0.312245 106
1932 0.348150 107
1933 0.355094 106
1934 0.393028 106
1935 0.318083 108
1936 1.203853 109
1937 0.297630 108
1938 0.323176 108
1939 1.799303 109
1940 0.509306 108
1941 0.443889 108
1942 8.454596 109
1943 1.434303 109
1944 0.385935 108
1945 0.421056 108
1946 0.368602 108
1947 1.061248 109
1948 0.313407 108
1949 16.011472 108
1950 0.718248 105
1951 14.916743 105
1952 1.312086 105
1953 1.291105 105
1954 1.581324 105
1955 0.407476 103
1956 1.354829 105
1957 1.777971 105
1958 1.109848 105
1959 0.339644 104
1960 0.895524 105
1961 0.885305 105
1962 19.999743 105
1963 19.999667 105
1964 1.185143 105
1965 3.154962 105
1966 1.056114 105
1967 1.423524 105
1968 1.037724 105
1969 0.973305 105
1970 1.439048 105
1971 7.020724 105
1972 1.573200 105
1973 1.366581 105
1974 1.866286 105
1975 1.555914 105
1976 0.982981 105
1977 1.287152 105
1978 0.940286 105
1979 2.169924 105
1980 1.458248 105
1981 1.051276 105
1982 0.468039 103
1983 0.254365 104
1984 0.248165 103
1985 1.783343 105
1986 0.935495 103
1987 0.884705 105
1988 0.852848 105
1989 0.255135 104
1990 0.851971 105
1991 0.222610 105
1992 0.454779 104
1993 0.276333 105
1994 0.931352 105
1995 0.307173 104
1996 0.215078 103
1997 2.853524 105
1998 2.014010 104
1999 2.024721 104
2000 3.826626 115
2001 3.557087 115
2002 3.938009 115
2003 3.995974 115
2004 1.631383 115
2005 1.771939 115
2006 1.174482 114
2007 1.517122 115
2008 0.565026 115
2009 1.465122 115
2010 1.708319 113
2011 1.714009 115
2012 0.489202 114
2013 0.390237 114
2014 1.489670 115
2015 1.212939 115
2016 2.720783 115
2017 2.471243 115
2018 1.041965 115
2019 5.759678 115
2020 10.485386 114
2021 1.439296 115
2022 0.923843 115
2023 1.874722 115
2024 1.755478 115
2025 1.856017 115
2026 1.251670 115
2027 1.140035 115
2028 1.205043 115
2029 9.477522 115
2030 1.112035 115
2031 1.592400 115
2032 0.902904 115
2033 1.158017 115
2034 2.573209 115
2035 1.216704 115
2036 1.286513 115
2037 4.617809 115
2038 1.150304 115
2039 0.636826 115
2040 1.003374 115
2041 0.430009 114
2042 0.398114 114
2043 2.160270 115
2044 1.294982 114
2045 0.810878 115
2046 0.346409 115
2047 0.306596 114
2048 0.220939 114
2049 0.509400 115
2050 0.895259 116
2051 0.569405 116
2052 0.361405 116
2053 1.555078 116
2054 0.386947 113
2055 0.367061 114
2056 1.216147 116
2057 1.108237 114
2058 0.345632 114
2059 0.371325 114
2060 0.474667 114
2061 0.347877 114
2062 1.767302 116
2063 1.709353 116
2064 1.397748 115
2065 0.358800 115
2066 1.434940 116
2067 4.560595 116
2068 1.148698 116
2069 1.390388 116
2070 1.891724 116
2071 2.252043 116
2072 1.685681 116
2073 1.801595 116
2074 1.238897 116
2075 2.871284 116
2076 1.462431 116
2077 0.484767 116
2078 2.119543 116
2079 0.757452 115
2080 1.164219 114
2081 1.408302 116
2082 2.082000 116
2083 1.549103 116
2084 2.294121 116
2085 1.545672 116
2086 1.362457 116
2087 1.470966 116
2088 1.384836 116
2089 1.710931 116
2090 1.504621 116
2091 1.206698 116
2092 2.900009 116
2093 1.057386 114
2094 1.509241 116
2095 1.407113 115
2096 18.923310 116
2097 17.478791 115
2098 16.484810 116
2099 15.643096 115
2100 10.022785 107
2101 10.986308 107
2102 19.550439 107
2103 11.835664 107
2104 5.885673 104
2105 0.920010 104
2106 2.006692 107
2107 2.560168 107
2108 1.754178 107
2109 2.302645 107
2110 1.685944 107
2111 1.934000 107
2112 1.455318 107
2113 2.379243 107
2114 0.967990 105
2115 0.796779 104
2116 0.719538 104
2117 0.353619 105
2118 0.418924 105
2119 0.445600 105
2120 0.386190 105
2121 0.526857 105
2122 0.494057 105
2123 0.416019 104
2124 1.152635 104
2125 0.368692 104
2126 3.871748 107
2127 2.010860 107
2128 1.109822 107
2129 0.762000 106
2130 0.703869 107
2131 0.923449 107
2132 0.671551 107
2133 0.907206 107
2134 1.418056 107
2135 0.283356 104
2136 1.580636 107
2137 0.303387 106
2138 2.053196 107
2139 1.233495 107
2140 1.144813 107
2141 0.936056 107
2142 2.912421 107
2143 0.884346 107
2144 14.808514 107
2145 2.752636 107
2146 0.962019 106
2147 1.832224 107
2148 0.520542 107
2149 1.068589 107
2150 2.592158 101
2151 2.040743 101
2152 1.588327 101
2153 0.482323 99
2154 0.456687 99
2155 2.791891 101
2156 2.127020 101
2157 1.032210 100
2158 2.505069 101
2159 2.236673 101
2160 19.791475 101
2161 19.582317 101
2162 19.543574 101
2163 19.851158 101
2164 19.801861 101
2165 19.999752 101
2166 19.999800 100
2167 19.999850 100
2168 19.999750 100
2169 19.901420 100
2170 19.758130 100
2171 19.934350 100
2172 19.955380 100
2173 19.990460 100
2174 19.935080 100
2175 19.640930 100
2176 19.294990 100
2177 18.800280 100
2178 18.944460 100
2179 19.255280 100
2180 18.901720 100
2181 19.311040 100
2182 19.030376 101
2183 18.861280 100
2184 18.381440 100
2185 17.283610 100
2186 17.315610 100
2187 17.018740 100
2188 16.052940 100
2189 16.288270 100
2190 15.304030 101
2191 15.790010 101
2192 15.874000 100
2193 15.419860 100
2194 15.487240 100
2195 15.367050 100
2196 15.810535 99
2197 16.227202 99
2198 16.111121 99
2199 15.123273 99
2200 19.639210 100
2201 19.873520 100
2202 19.164570 100
2203 19.768680 97
2204 19.792082 98
2205 19.795765 98
2206 19.795776 98
2207 19.795755 98
2208 19.999742 97
2209 19.999711 97
2210 19.831897 97
2211 19.971722 97
2212 19.992320 97
2213 19.788745 98
2214 19.593576 99
2215 19.884629 97
2216 19.211907 97
2217 18.675184 98
2218 18.738449 98
2219 18.689306 98
2220 18.591459 98
2221 19.434103 97
2222 18.712636 99
2223 19.256340 97
2224 18.338561 98
2225 17.747596 99
2226 16.409464 97
2227 16.807381 97
2228 16.859722 97
2229 15.492072 97
2230 16.042351 97
2231 16.525247 97
2232 15.916515 99
2233 15.958323 99
2234 16.598742 97
2235 15.319082 97
2236 14.467680 97
2237 14.600115 96
2238 15.000245 98
2239 14.598546 97
2240 15.132371 97
2241 15.220649 97
2242 14.494194 98
2243 14.782990 98
2244 14.666071 98
2245 14.563299 97
2246 14.752958 96
2247 14.731371 97
2248 14.828561 98
2249 15.375629 97
2250 19.823218 101
2251 19.950515 101
2252 19.251990 100
2253 19.771367 98
2254 19.994561 98
2255 19.797758 99
2256 19.999847 98
2257 19.999806 98
2258 19.797879 99
2259 19.974296 98
2260 19.914684 98
2261 19.970520 98
2262 19.595000 100
2263 19.994327 98
2264 19.997653 98
2265 19.735808 99
2266 19.172808 99
2267 18.592515 99
2268 18.908102 98
2269 18.469280 100
2270 18.915697 99
2271 19.462153 98
2272 18.632121 99
2273 19.055602 98
2274 18.247404 99
2275 17.298414 99
2276 16.172640 100
2277 16.732204 98
2278 17.027364 99
2279 15.389531 98
2280 16.098162 99
2281 16.519418 98
2282 16.144141 99
2283 16.649113 97
2284 15.838643 98
2285 15.201620 100
2286 16.362402 97
2287 15.888235 98
2288 15.938141 99
2289 16.723330 97
2290 16.084867 98
2291 16.187327 98
2292 15.222103 97
2293 14.579879 99
2294 15.532907 97
2295 15.240289 97
2296 14.819394 99
2297 15.857398 98
2298 14.779567 97
2299 14.795687 99
2300 19.631276 98
2301 19.832245 98
2302 19.360635 96
2303 19.431227 97
2304 19.786198 96
2305 19.999832 95
2306 19.999779 95
2307 19.791521 96
2308 19.999737 95
2309 19.510186 97
2310 19.863842 95
2311 19.972295 95
2312 19.997495 95
2313 19.997168 95
2314 19.788740 96
2315 19.959063 95
2316 19.302177 96
2317 18.845344 96
2318 18.547887 97
2319 18.745240 96
2320 19.293021 95
2321 19.514126 95
2322 19.202158 95
2323 19.349968 95
2324 18.781800 95
2325 17.840906 96
2326 16.342000 95
2327 17.224779 95
2328 16.477853 95
2329 15.989442 95
2330 15.976604 96
2331 16.571705 95
2332 16.388989 95
2333 16.229179 95
2334 16.592362 94
2335 15.549340 94
2336 15.169600 95
2337 15.270468 94
2338 16.255853 95
2339 15.927125 96
2340 16.002755 94
2341 15.031330 94
2342 15.674574 94
2343 14.447032 94
2344 14.430947 94
2345 14.276242 95
2346 14.178074 95
2347 15.071000 94
2348 14.861323 96
2349 15.348453 95
2350 19.583976 85
2351 1.150294 85
2352 0.559835 85
2353 0.410153 85
2354 0.392141 85
2355 0.524635 85
2356 1.519388 85
2357 1.243084 83
2358 0.732699 83
2359 1.354084 83
2360 0.452675 83
2361 0.900048 83
2362 2.209855 83
2363 0.762807 83
2364 0.473458 83
2365 0.555518 83
2366 1.376012 83
2367 0.762464 84
2368 1.779783 83
2369 0.467349 83
2370 2.025771 83
2371 0.634855 83
2372 0.366506 83
2373 0.795506 83
2374 0.573512 84
2375 1.371024 83
2376 0.638072 83
2377 0.709417 84
2378 0.438867 83
2379 0.716759 83
2380 0.448229 83
2381 0.597434 83
2382 0.325679 84
2383 1.286871 85
2384 0.393190 84
2385 0.264643 84
2386 1.045118 85
2387 0.258095 84
2388 0.364631 84
2389 2.413412 85
2390 0.334235 85
2391 0.247155 84
2392 1.227953 85
2393 0.300798 84
2394 0.500393 84
2395 1.302576 85
2396 0.235429 84
2397 0.254412 85
2398 0.952529 85
2399 0.238060 84
2400 0.766578 116
2401 0.465241 116
2402 0.326276 116
2403 0.336328 116
2404 0.394448 116
2405 0.340121 116
2406 0.326371 116
2407 0.465836 116
2408 0.331922 116
2409 0.283716 116
2410 1.227241 116
2411 1.368974 114
2412 0.677623 114
2413 0.452553 114
2414 1.175250 116
2415 1.242371 116
2416 0.548412 114
2417 0.354281 114
2418 0.545913 115
2419 0.393018 114
2420 1.147629 116
2421 9.443267 116
2422 9.413991 114
2423 10.350730 115
2424 11.504412 114
2425 12.122833 114
2426 11.999816 114
2427 12.327719 114
2428 12.464184 114
2429 12.809632 114
2430 13.423904 115
2431 1.271060 116
2432 0.876609 115
2433 0.875078 115
2434 0.738052 116
2435 0.754233 116
2436 0.764388 116
2437 0.812207 116
2438 0.387817 115
2439 0.850155 116
2440 0.502939 115
2441 17.415353 116
2442 16.756426 115
2443 16.071765 115
2444 0.805034 116
2445 0.192322 115
2446 0.245060 116
2447 3.977621 116
2448 0.212629 116
2449 0.222913 115
2450 4.909991 113
2451 2.127416 113
2452 2.074929 113
2453 1.633673 113
2454 0.359441 111
2455 3.745018 113
2456 2.369387 111
2457 1.255856 111
2458 0.991009 113
2459 0.351593 113
2460 0.705504 113
2461 2.788973 113
2462 1.316929 112
2463 1.158053 113
2464 1.397947 113
2465 0.296929 112
2466 2.337035 113
2467 1.741292 113
2468 1.350938 112
2469 1.311327 113
2470 9.760628 113
2471 8.032912 113
2472 1.431442 113
2473 1.467791 110
2474 1.226655 113
2475 1.414575 113
2476 1.139159 113
2477 17.348779 113
2478 4.729027 113
2479 0.790912 113
2480 4.176098 112
2481 0.818053 113
2482 1.171673 113
2483 0.479761 113
2484 1.140558 113
2485 0.264152 112
2486 0.705973 113
2487 0.960920 113
2488 0.682204 113
2489 0.223274 113
2490 1.118991 113
2491 0.290640 111
2492 0.873761 113
2493 1.041770 113
2494 0.514549 113
2495 0.860301 113
2496 0.585177 113
2497 2.185850 113
2498 0.907283 113
2499 0.693062 113
2500 1.185769 108
2501 1.121944 108
2502 18.855731 108
2503 2.142574 108
2504 1.134824 108
2505 2.063704 108
2506 0.990231 108
2507 2.617648 108
2508 2.243074 108
2509 19.828852 108
2510 1.435481 108
2511 1.082093 108
2512 1.153556 108
2513 2.551176 108
2514 1.137287 108
2515 0.867963 108
2516 0.246925 107
2517 1.067778 108
2518 1.077657 108
2519 1.140944 108
2520 1.009287 108
2521 1.237685 108
2522 1.072324 108
2523 0.758694 108
2524 1.181926 108
2525 0.905546 108
2526 0.932065 108
2527 1.107463 108
2528 12.588463 108
2529 0.652583 108
2530 0.848528 108
2531 0.799935 108
2532 2.071713 108
2533 3.190741 108
2534 1.452750 108
2535 0.656287 108
2536 1.828981 108
2537 0.717981 108
2538 1.389463 108
2539 0.981417 108
2540 0.710194 108
2541 0.875556 108
2542 0.630278 108
2543 1.124963 108
2544 1.001759 108
2545 0.618528 108
2546 0.598139 108
2547 0.789361 108
2548 0.988722 108
2549 0.737148 108
2550 1.304099 101
2551 1.441911 101
2552 3.643673 101
2553 1.663980 101
2554 19.952099 101
2555 1.311426 101
2556 1.372881 101
2557 1.060693 101
2558 2.314554 101
2559 1.557376 101
2560 2.207030 101
2561 1.344713 101
2562 1.713386 101
2563 9.109040 101
2564 4.459356 101
2565 2.912356 101
2566 3.399436 101
2567 2.813733 101
2568 2.754990 101
2569 2.579554 101
2570 3.184366 101
2571 2.629931 101
2572 2.191525 101
2573 2.613455 101
2574 2.040752 101
2575 1.519149 101
2576 1.803990 101
2577 2.072050 101
2578 1.953703 101
2579 1.899455 101
2580 2.051752 101
2581 2.160901 101
2582 2.180891 101
2583 1.828990 101
2584 1.941515 101
2585 1.924535 101
2586 2.098545 101
2587 1.553842 101
2588 1.303970 101
2589 1.598931 101
2590 1.840178 101
2591 1.584891 101
2592 1.383238 101
2593 1.283386 101
2594 1.527030 101
2595 1.090960 101
2596 0.756624 101
2597 0.821881 101
2598 1.134446 101
2599 1.680188 101
2600 8.437255 106
2601 7.340991 106
2602 3.314821 106
2603 2.641667 105
2604 3.353495 105
2605 3.261876 105
2606 3.594410 105
2607 3.489295 105
2608 3.300600 105
2609 3.745648 105
2610 2.701486 105
2611 2.459547 106
2612 3.136151 106
2613 2.091895 105
2614 2.487876 105
2615 2.132705 105
2616 2.217400 105
2617 1.600519 106
2618 2.256800 105
2619 1.830538 104
2620 1.913000 104
2621 2.308904 104
2622 1.993010 104
2623 1.458423 104
2624 1.541702 104
2625 1.711692 104
2626 1.794298 104
2627 1.518462 104
2628 1.267514 105
2629 1.541952 105
2630 1.531125 104
2631 1.715106 104
2632 1.703552 105
2633 1.466733 105
2634 1.553048 104
2635 1.395673 104
2636 1.778724 105
2637 1.639529 104
2638 1.402495 105
2639 1.126904 104
2640 1.022876 105
2641 1.228731 104
2642 1.251481 104
2643 0.926058 104
2644 1.298552 105
2645 1.374362 105
2646 1.095913 104
2647 1.289433 104
2648 1.202029 105
2649 1.205048 104
2650 8.625552 105
2651 8.734762 105
2652 3.947267 105
2653 4.054865 104
2654 3.138676 105
2655 3.731048 104
2656 3.731452 104
2657 3.844067 104
2658 4.253365 104
2659 2.863308 104
2660 2.562173 104
2661 2.065279 104
2662 2.694923 104
2663 1.515676 105
2664 0.466635 104
2665 1.494743 105
2666 1.282610 105
2667 20.000000 104
2668 20.000000 103
2669 20.000000 103
2670 19.807702 104
2671 20.000000 103
2672 20.000000 103
2673 20.000000 103
2674 20.000000 103
2675 20.000000 103
2676 20.000000 103
2677 20.000000 103
2678 20.000000 103
2679 19.805845 103
2680 19.805835 103
2681 19.805835 103
2682 19.805835 103
2683 19.615413 104
2684 19.805845 103
2685 19.615433 104
2686 19.805835 103
2687 19.805845 103
2688 19.615413 104
2689 19.615413 104
2690 19.805845 103
2691 19.805845 103
2692 19.805845 103
2693 19.615413 104
2694 19.803941 102
2695 19.803941 102
2696 19.423135 104
2697 19.803951 102
2698 19.681218 101
2699 19.385765 102
2700 20.000000 103
2701 19.999990 103
2702 19.951893 103
2703 20.000000 101
2704 20.000000 101
2705 20.000000 101
2706 20.000000 101
2707 19.803931 102
2708 19.803931 102
2709 19.999990 101
2710 20.000000 101
2711 1.420689 103
2712 0.735216 102
2713 0.839843 102
2714 1.619500 102
2715 0.859892 102
2716 4.804529 102
2717 0.640647 102
2718 1.813863 102
2719 0.576216 102
2720 0.586282 103
2721 2.131333 102
2722 0.637255 102
2723 0.448333 102
2724 0.462490 102
2725 0.569941 102
2726 0.676118 102
2727 0.456627 102
2728 0.520118 102
2729 0.747176 102
2730 1.955569 102
2731 0.461931 102
2732 0.385402 102
2733 2.456069 102
2734 0.436235 102
2735 0.469775 102
2736 0.485892 102
2737 0.479549 102
2738 0.486951 102
2739 0.354363 102
2740 0.436775 102
2741 0.432490 102
2742 0.508627 102
2743 0.835314 102
2744 0.406932 103
2745 0.375961 102
2746 0.689667 102
2747 0.457657 102
2748 1.354980 102
2749 0.437696 102
2750 1.983032 95
2751 0.994811 95
2752 1.009042 95
2753 0.802905 95
2754 1.513916 95
2755 0.320926 94
2756 1.857042 95
2757 1.871221 95
2758 1.441916 95
2759 1.935863 95
2760 1.352096 94
2761 1.264628 94
2762 1.533677 93
2763 1.493745 94
2764 1.227581 93
2765 1.461140 93
2766 1.414172 93
2767 1.586191 94
2768 1.402043 93
2769 1.936882 93
2770 1.524183 93
2771 1.458527 93
2772 1.209430 93
2773 1.251872 94
2774 1.032000 94
2775 1.183319 94
2776 1.175957 93
2777 1.301194 93
2778 1.508602 93
2779 1.416290 93
2780 1.134191 94
2781 1.195667 93
2782 1.216226 93
2783 1.215379 95
2784 1.306806 93
2785 0.943316 95
2786 0.983404 94
2787 0.991436 94
2788 0.681716 95
2789 1.056905 95
2790 0.399670 94
2791 0.553755 94
2792 0.453149 94
2793 0.433266 94
2794 0.492660 94
2795 0.464000 94
2796 0.551489 94
2797 0.454436 94
2798 0.463170 94
2799 0.412766 94
2800 1.262396 101
2801 0.657396 101
2802 0.885465 101
2803 0.839693 101
2804 0.695297 101
2805 0.728287 101
2806 0.642871 101
2807 0.680851 101
2808 0.690347 101
2809 0.643644 101
2810 0.646416 101
2811 0.655881 101
2812 0.778950 101
2813 0.696099 101
2814 0.738980 101
2815 1.351792 101
2816 0.326354 99
2817 0.286800 100
2818 0.351121 99
2819 19.950970 101
2820 19.800040 100
2821 20.000000 99
2822 20.000000 99
2823 19.800010 100
2824 19.799980 100
2825 20.000000 99
2826 20.000000 99
2827 19.800010 100
2828 20.000000 99
2829 20.000000 99
2830 19.800010 100
2831 19.798030 99
2832 19.798000 99
2833 19.798000 99
2834 19.600180 100
2835 19.600060 100
2836 19.600040 100
2837 19.798000 99
2838 19.600030 100
2839 0.665634 101
2840 0.112909 99
2841 0.116081 99
2842 0.835317 101
2843 0.176121 99
2844 0.105828 99
2845 0.102970 99
2846 1.126703 101
2847 0.145571 98
2848 0.130643 98
2849 0.175602 98
2850 1.228613 106
2851 0.538311 106
2852 0.304481 106
2853 0.306745 106
2854 1.269868 106
2855 0.348779 104
2856 0.282721 104
2857 2.094283 106
2858 1.225538 104
2859 1.198202 104
2860 1.337390 105
2861 1.873113 106
2862 0.343308 104
2863 1.301349 106
2864 0.384365 104
2865 0.373385 104
2866 0.894170 106
2867 2.936774 106
2868 0.875340 106
2869 1.397292 106
2870 0.618762 105
2871 0.352248 105
2872 0.360476 105
2873 2.563217 106
2874 1.444189 106
2875 1.498538 106
2876 1.878519 106
2877 1.902679 106
2878 1.335443 106
2879 1.474792 106
2880 1.596406 106
2881 2.611170 106
2882 1.401349 106
2883 1.122302 106
2884 1.413000 106
2885 1.299585 106
2886 1.128066 106
2887 1.170292 106
2888 1.077057 106
2889 0.696736 106
2890 0.735019 106
2891 0.814368 106
2892 0.648547 106
2893 2.180189 106
2894 0.423352 105
2895 0.437510 104
2896 1.386689 106
2897 3.361771 105
2898 0.306714 105
2899 0.258676 105
2900 1.201200 85
2901 0.425259 85
2902 0.416565 85
2903 0.579753 85
2904 1.642235 85
2905 0.338583 84
2906 0.326274 84
2907 0.378857 84
2908 1.519671 85
2909 0.480964 84
2910 0.602167 84
2911 1.897906 85
2912 0.652096 83
2913 0.543345 84
2914 0.647687 83
2915 0.699084 83
2916 1.280671 85
2917 0.356821 84
2918 0.365774 84
2919 0.331417 84
2920 1.399341 85
2921 0.356452 84
2922 0.297529 85
2923 1.566224 85
2924 0.564440 84
2925 0.366167 84
2926 0.337357 84
2927 1.378812 85
2928 0.387682 85
2929 0.438282 85
2930 0.410412 85
2931 1.908024 85
2932 0.570333 84
2933 0.493512 84
2934 0.376881 84
2935 2.192129 85
2936 0.669094 85
2937 0.915869 84
2938 1.137706 85
2939 0.445226 84
2940 0.535224 85
2941 0.434500 84
2942 0.550729 85
2943 0.363560 84
2944 1.432035 85
2945 0.664624 85
2946 0.636647 85
2947 0.612459 85
2948 1.587353 85
2949 0.596262 84
2950 1.328072 97
2951 0.730072 97
2952 0.578423 97
2953 1.244649 97
2954 0.364579 95
2955 1.523124 97
2956 0.347000 96
2957 1.316124 97
2958 3.194990 97
2959 1.230684 95
2960 0.760853 95
2961 0.441526 95
2962 1.290093 97
2963 0.403344 96
2964 0.353885 96
2965 1.327144 97
2966 0.320354 96
2967 0.325396 96
2968 0.366490 96
2969 2.827021 97
2970 2.460177 96
2971 1.479691 97
2972 13.407423 97
2973 0.917598 97
2974 0.490740 96
2975 1.570206 97
2976 0.599458 96
2977 0.513302 96
2978 1.193742 97
2979 0.375333 96
2980 0.324760 96
2981 1.201845 97
2982 0.416469 96
2983 1.724773 97
2984 0.300479 96
2985 1.223619 97
2986 0.367802 96
2987 0.351854 96
2988 1.069082 97
2989 0.354833 96
2990 0.877691 97
2991 0.991577 97
2992 0.320866 97
2993 1.135320 97
2994 0.360365 96
2995 1.024186 97
2996 0.473396 96
2997 1.065082 97
2998 0.317268 97
2999 20.000000 97
3000 20.000000 102
3001 20.000000 102
3002 19.951441 102
3003 20.000000 100
3004 20.000000 100
3005 20.000000 100
3006 20.000000 100
3007 19.800020 100
3008 1.832667 102
3009 1.390475 101
3010 0.542861 101
3011 0.764545 101
3012 0.524267 101
3013 0.954475 101
3014 0.771228 101
3015 0.718188 101
3016 0.602941 101
3017 0.821861 101
3018 0.318040 101
3019 0.363832 101
3020 0.351416 101
3021 0.627386 101
3022 1.211392 102
3023 0.334168 101
3024 0.319386 101
3025 0.971098 102
3026 0.289495 101
3027 1.154235 102
3028 0.482000 101
3029 0.464178 101
3030 0.962765 102
3031 0.428535 101
3032 0.646863 102
3033 0.225765 102
3034 0.928284 102
3035 0.222396 101
3036 3.208745 102
3037 2.204406 101
3038 2.059446 101
3039 0.715804 102
3040 0.178554 101
3041 1.026167 102
3042 0.374735 102
3043 1.366814 102
3044 0.164248 101
3045 0.593529 102
3046 0.173902 102
3047 0.170069 102
3048 0.871510 102
3049 0.183139 101
3050 0.604280 93
3051 0.299946 93
3052 0.976054 93
3053 0.274602 93
3054 0.290183 93
3055 0.938065 93
3056 0.271634 93
3057 1.708634 93
3058 0.577075 93
3059 0.515634 93
3060 0.918828 93
3061 0.339591 93
3062 0.875570 93
3063 0.709355 93
3064 0.650785 93
3065 0.768968 93
3066 0.633366 93
3067 0.903785 93
3068 0.302462 93
3069 2.336043 93
3070 1.339323 93
3071 1.046793 92
3072 0.727882 93
3073 0.670837 92
3074 0.901054 93
3075 0.909793 92
3076 0.717815 92
3077 0.848348 92
3078 0.824478 92
3079 0.710728 92
3080 0.616076 92
3081 0.529826 92
3082 0.619602 93
3083 0.714141 92
3084 0.649500 92
3085 0.813348 92
3086 0.792817 93
3087 0.233656 93
3088 0.392763 93
3089 0.192086 93
3090 0.263118 93
3091 0.233968 93
3092 0.362097 93
3093 0.193892 93
3094 0.242602 93
3095 0.207194 93
3096 0.201140 93
3097 2.552484 93
3098 0.454924 92
3099 0.410576 92
3100 4.037867 98
3101 0.888347 98
3102 0.674592 98
3103 0.733153 98
3104 0.542714 98
3105 0.543429 98
3106 0.582510 98
3107 0.598837 98
3108 0.718500 98
3109 1.190418 98
3110 1.554367 98
3111 0.287918 97
3112 0.937153 98
3113 5.731010 98
3114 0.332866 97
3115 0.735082 98
3116 0.555714 98
3117 0.332133 98
3118 0.400794 97
3119 0.850122 98
3120 0.337847 98
3121 1.473633 98
3122 0.383557 97
3123 0.593309 97
3124 0.998102 98
3125 1.300765 98
3126 0.308309 97
3127 0.298887 97
3128 0.284608 97
3129 0.326144 97
3130 0.308299 97
3131 0.330898 98
3132 0.907684 98
3133 1.326663 98
3134 0.706602 98
3135 0.863122 98
3136 0.699490 98
3137 0.769337 98
3138 0.864837 98
3139 1.199276 98
3140 0.300378 98
3141 0.315133 98
3142 0.309500 98
3143 0.293316 98
3144 0.247173 98
3145 0.236367 98
3146 0.254337 98
3147 0.650867 98
3148 0.658663 98
3149 0.486571 98
3150 0.985019 103
3151 1.580243 103
3152 0.625107 103
3153 2.336864 103
3154 0.531422 102
3155 0.313078 102
3156 0.415186 102
3157 1.005549 102
3158 0.374745 102
3159 0.365098 102
3160 0.333294 102
3161 0.380235 102
3162 0.502265 102
3163 7.073641 103
3164 0.499275 102
3165 0.981515 103
3166 1.292427 103
3167 1.205311 103
3168 0.810864 103
3169 0.420039 103
3170 1.050291 103
3171 0.371233 103
3172 0.332282 103
3173 0.334427 103
3174 0.363466 103
3175 0.309282 103
3176 0.334641 103
3177 0.324233 103
3178 0.985379 103
3179 1.004602 103
3180 0.631942 103
3181 0.505524 103
3182 0.608379 103
3183 0.759019 103
3184 0.711485 103
3185 1.161534 103
3186 19.999971 103
3187 19.999728 103
3188 19.999874 103
3189 19.999806 103
3190 19.999932 103
3191 19.999757 103
3192 0.345748 103
3193 0.612466 103
3194 0.593466 103
3195 0.177223 103
3196 0.526272 103
3197 0.205437 103
3198 0.161117 103
3199 0.169515 103
3200 0.889532 109
3201 1.147972 109
3202 0.294636 107
3203 0.368925 107
3204 0.333523 107
3205 0.420411 107
3206 1.274183 109
3207 0.346037 107
3208 1.079569 109
3209 0.280551 107
3210 1.516908 109
3211 5.240065 107
3212 1.162560 109
3213 1.118899 109
3214 0.310620 108
3215 0.960321 109
3216 0.569936 109
3217 0.228743 109
3218 0.266444 108
3219 0.298602 108
3220 0.340222 108
3221 0.375787 108
3222 1.117459 109
3223 0.397119 109
3224 0.374074 108
3225 0.310908 109
3226 1.151936 109
3227 0.659343 108
3228 0.550231 108
3229 0.486019 108
3230 0.723213 108
3231 1.450220 109
3232 0.997394 109
3233 0.299750 108
3234 2.329417 108
3235 0.860908 109
3236 0.567935 108
3237 1.003945 109
3238 0.278806 108
3239 0.295935 108
3240 0.970734 109
3241 0.212321 109
3242 0.227495 109
3243 0.242376 109
3244 1.794569 109
3245 14.729459 109
3246 14.738630 108
3247 13.235148 108
3248 8.004620 108
3249 7.184587 109
3250 0.961231 108
3251 0.612213 108
3252 0.496574 108
3253 0.403269 108
3254 1.256148 108
3255 1.544222 108
3256 1.925667 108
3257 1.206208 106
3258 0.948925 107
3259 1.043453 106
3260 1.021495 107
3261 3.829514 107
3262 1.005019 107
3263 2.051269 108
3264 1.593037 108
3265 1.271824 108
3266 0.971269 108
3267 0.321741 108
3268 0.346472 108
3269 0.422657 108
3270 0.378602 108
3271 0.341963 108
3272 2.426880 108
3273 1.694370 108
3274 0.304112 107
3275 2.092361 108
3276 0.566757 107
3277 0.420907 107
3278 1.180676 108
3279 0.378430 107
3280 1.262620 108
3281 1.018435 108
3282 0.597815 108
3283 0.263954 108
3284 0.270611 108
3285 1.125065 108
3286 0.284327 107
3287 0.309234 107
3288 0.232178 107
3289 0.922556 108
3290 1.399407 108
3291 0.268491 108
3292 0.292477 107
3293 0.264916 107
3294 0.364159 107
3295 2.774565 108
3296 1.046519 108
3297 1.080972 108
3298 1.051074 108
3299 0.377084 107
3300 1.234356 118
3301 1.712415 118
3302 4.038178 118
3303 2.847069 116
3304 2.908750 116
3305 2.996948 116
3306 5.986661 118
3307 7.960569 116
3308 7.676644 118
3309 5.016658 117
3310 3.974350 117
3311 1.397017 118
3312 0.479422 116
3313 0.455397 116
3314 1.126483 118
3315 0.467178 118
3316 1.359220 118
3317 2.249873 118
3318 2.977636 118
3319 1.939795 117
3320 1.766607 117
3321 1.924795 117
3322 1.118771 118
3323 0.732385 117
3324 0.959059 118
3325 0.303407 118
3326 1.136237 118
3327 1.111542 118
3328 1.251669 118
3329 3.597322 118
3330 0.488136 118
3331 16.467856 118
3332 1.086508 118
3333 1.192356 118
3334 0.246752 117
3335 7.190017 118
3336 0.968280 118
3337 0.206393 117
3338 0.886703 118
3339 0.606975 118
3340 0.680356 118
3341 7.797407 118
3342 6.099190 116
3343 0.795678 118
3344 0.698017 118
3345 0.874356 118
3346 0.359414 116
3347 0.354282 117
3348 0.677263 118
3349 0.838627 118
3350 1.296321 84
3351 2.075179 84
3352 1.330833 84
3353 1.341774 84
3354 1.349024 84
3355 0.399265 83
3356 1.516583 84
3357 0.368687 83
3358 0.336145 83
3359 0.873107 84
3360 1.228488 84
3361 0.284774 84
3362 1.682488 84
3363 0.810310 84
3364 0.323060 84
3365 0.280917 84
3366 0.383095 84
3367 1.155917 84
3368 0.321024 83
3369 2.084602 83
3370 1.383476 84
3371 1.347417 84
3372 0.350675 83
3373 0.308157 83
3374 1.371155 84
3375 0.367578 83
3376 1.344000 84
3377 1.231929 84
3378 1.638381 84
3379 0.453855 83
3380 0.304518 83
3381 1.225226 84
3382 0.385226 84
3383 0.268714 84
3384 1.454083 84
3385 0.270759 83
3386 0.306843 83
3387 1.394060 84
3388 0.588893 84
3389 1.354607 84
3390 1.332405 84
3391 1.712929 84
3392 1.402083 84
3393 1.523274 84
3394 1.706369 84
3395 2.471048 84
3396 1.334205 83
3397 1.372193 83
3398 19.761940 84
3399 0.739810 84
3400 1.006957 93
3401 1.241097 93
3402 1.188946 93
3403 0.410591 93
3404 1.104161 93
3405 0.334783 92
3406 0.352326 92
3407 1.304860 93
3408 0.874333 93
3409 1.108452 93
3410 0.331717 92
3411 0.344098 92
3412 0.935957 93
3413 1.184667 93
3414 0.318598 92
3415 0.349710 93
3416 0.917022 93
3417 1.077645 93
3418 0.438554 92
3419 0.274033 92
3420 1.234817 93
3421 0.287239 92
3422 0.328717 92
3423 2.638720 93
3424 1.631304 92
3425 1.489250 92
3426 4.915161 93
3427 4.361129 93
3428 0.942968 93
3429 1.155882 93
3430 1.058871 93
3431 0.405527 93
3432 0.262065 92
3433 1.038000 93
3434 0.228098 92
3435 0.292380 92
3436 0.988344 93
3437 0.458098 92
3438 0.323424 92
3439 0.816022 93
3440 0.229796 93
3441 0.865129 93
3442 0.248462 93
3443 0.289570 93
3444 2.919613 93
3445 0.241707 92
3446 1.183172 93
3447 1.737370 92
3448 2.559839 93
3449 0.378772 92
3450 3.571868 114
3451 1.537368 114
3452 2.308298 114
3453 1.215221 113
3454 1.260643 112
3455 1.410535 114
3456 0.325207 111
3457 0.300919 111
3458 2.194912 114
3459 1.201816 114
3460 0.375062 113
3461 1.348114 114
3462 1.416386 114
3463 1.074743 113
3464 2.123675 114
3465 0.807301 113
3466 1.338254 114
3467 0.740832 113
3468 0.865708 113
3469 1.593360 114
3470 0.571442 113
3471 1.308579 114
3472 1.036088 114
3473 0.334579 114
3474 1.209711 114
3475 1.333553 114
3476 0.503973 113
3477 0.441708 113
3478 3.862868 114
3479 2.106416 113
3480 1.253211 114
3481 1.541158 114
3482 0.642681 113
3483 1.073579 114
3484 0.446265 113
3485 0.289965 113
3486 1.855193 114
3487 1.221333 114
3488 1.010062 113
3489 1.058938 113
3490 1.078219 114
3491 0.596132 114
3492 1.002263 114
3493 0.262667 114
3494 0.280360 114
3495 0.863851 114
3496 0.269237 114
3497 0.281728 114
3498 0.784868 114
3499 0.340965 114
3500 1.011701 97
3501 1.736526 97
3502 0.411443 97
3503 0.451875 96
3504 1.444309 97
3505 0.332219 96
3506 0.494010 96
3507 1.289835 97
3508 0.389771 96
3509 0.562402 97
3510 1.519237 97
3511 0.500701 97
3512 0.324115 96
3513 19.887577 97
3514 19.793670 97
3515 18.999825 97
3516 1.140103 97
3517 1.332784 97
3518 0.360361 97
3519 0.322062 97
3520 5.935113 97
3521 1.195856 97
3522 0.293958 96
3523 0.329594 96
3524 1.190072 97
3525 0.355177 96
3526 0.304333 96
3527 1.289670 97
3528 1.558320 97
3529 0.624804 97
3530 0.662708 96
3531 1.208196 97
3532 0.301115 96
3533 0.452635 96
3534 3.735887 97
3535 1.340309 97
3536 0.312948 96
3537 0.279917 96
3538 1.220629 97
3539 1.175031 97
3540 1.098330 97
3541 0.988701 97
3542 0.932072 97
3543 1.039454 97
3544 1.003608 97
3545 1.704052 97
3546 0.291596 94
3547 0.994794 97
3548 0.664794 97
3549 0.900485 97
3550 1.123638 105
3551 1.942733 105
3552 2.024686 105
3553 1.581905 105
3554 0.358212 104
3555 1.344390 105
3556 1.433829 105
3557 1.914152 105
3558 1.471724 105
3559 1.370076 105
3560 1.756057 105
3561 2.845654 104
3562 1.340124 105
3563 0.359356 104
3564 1.042486 105
3565 1.406819 105
3566 3.240190 105
3567 0.880875 104
3568 1.477552 105
3569 1.571943 105
3570 1.456133 105
3571 0.461712 104
3572 1.974743 105
3573 2.384619 105
3574 1.860390 105
3575 0.319923 104
3576 1.066943 105
3577 1.112552 105
3578 2.242229 105
3579 16.028086 105
3580 1.212610 105
3581 0.947343 105
3582 1.387200 105
3583 1.152362 105
3584 0.682276 105
3585 1.289029 105
3586 1.585864 103
3587 0.970924 105
3588 0.164864 103
3589 0.989152 105
3590 0.524567 104
3591 9.627990 105
3592 0.902152 105
3593 0.530333 102
3594 0.911333 105
3595 0.594657 105
3596 0.889257 105
3597 0.768648 105
3598 0.922219 105
3599 0.191088 102
3600 3.663053 94
3601 1.201670 94
3602 1.305426 94
3603 1.571904 94
3604 13.030128 94
3605 1.875521 94
3606 1.416085 94
3607 1.433649 94
3608 0.373372 94
3609 1.349787 94
3610 1.036691 94
3611 1.841777 94
3612 1.395266 94
3613 1.442617 94
3614 1.076372 94
3615 0.356819 94
3616 1.202606 94
3617 0.363527 93
3618 1.465574 94
3619 1.076777 94
3620 0.394787 94
3621 1.222606 94
3622 0.343170 94
3623 1.196202 94
3624 0.356617 94
3625 0.905362 94
3626 1.009798 94
3627 0.965755 94
3628 1.759383 94
3629 1.742213 94
3630 1.881117 94
3631 0.936160 94
3632 1.074021 94
3633 1.407979 94
3634 0.943521 94
3635 0.318585 94
3636 1.515021 94
3637 1.582574 94
3638 1.728840 94
3639 0.650777 94
3640 0.473500 94
3641 0.405351 94
3642 0.621894 94
3643 0.543234 94
3644 2.420713 94
3645 0.558170 94
3646 0.762351 94
3647 0.879319 94
3648 18.566362 94
3649 0.376617 94
3650 0.989018 113
3651 2.492593 113
3652 0.790743 113
3653 1.114478 113
3654 1.785212 113
3655 1.387841 113
3656 1.157088 113
3657 16.130903 113
3658 2.971248 113
3659 3.508938 113
3660 1.414442 113
3661 1.810699 113
3662 2.010841 113
3663 1.175124 113
3664 19.822796 113
3665 1.729558 113
3666 2.631292 113
3667 1.106673 113
3668 1.816867 113
3669 0.856398 113
3670 4.489027 113
3671 0.566372 113
3672 1.021283 113
3673 0.931274 113
3674 0.973912 113
3675 0.885619 113
3676 1.301221 113
3677 1.324513 113
3678 0.537133 113
3679 1.123292 113
3680 0.803478 113
3681 0.649850 113
3682 0.676558 113
3683 0.844195 113
3684 0.491336 113
3685 1.097513 113
3686 1.020947 113
3687 0.660159 113
3688 0.460451 113
3689 1.313673 113
3690 0.567398 113
3691 2.452841 113
3692 0.645867 113
3693 0.505204 113
3694 0.412805 113
3695 0.480832 113
3696 0.871982 113
3697 0.459460 113
3698 0.999805 113
3699 0.751442 113
3700 1.597980 101
3701 1.670109 101
3702 1.556366 101
3703 1.533495 101
3704 1.705980 101
3705 1.471198 101
3706 1.780564 101
3707 1.762604 101
3708 1.547079 101
3709 1.251931 101
3710 1.366188 101
3711 2.890317 101
3712 1.232198 101
3713 1.337802 101
3714 1.385653 101
3715 2.153673 101
3716 1.573842 101
3717 2.001505 101
3718 1.594248 101
3719 1.296465 101
3720 18.586396 101
3721 1.323762 101
3722 2.094782 101
3723 1.766168 101
3724 1.495168 101
3725 1.250950 101
3726 0.897406 101
3727 1.112545 101
3728 1.811347 101
3729 1.059020 101
3730 1.155307 101
3731 0.888307 101
3732 2.156842 101
3733 0.802683 101
3734 0.957109 101
3735 1.059465 101
3736 0.764149 101
3737 1.041317 101
3738 2.172614 101
3739 1.040446 101
3740 0.890554 101
3741 11.783802 101
3742 0.954317 101
3743 0.970347 101
3744 1.722931 101
3745 1.074267 101
3746 1.825030 101
3747 0.719198 101
3748 0.863337 101
3749 0.822792 101
3750 1.310232 112
3751 1.311170 112
3752 2.305446 112
3753 2.379232 112
3754 1.177357 112
3755 1.038429 112
3756 1.976455 112
3757 1.010705 112
3758 1.210286 112
3759 0.997920 112
3760 1.363571 112
3761 1.164857 112
3762 7.368929 112
3763 1.201866 112
3764 1.018759 112
3765 1.052812 112
3766 6.081821 112
3767 19.531670 112
3768 2.901893 112
3769 1.259411 112
3770 1.477929 112
3771 1.218420 112
3772 1.168661 112
3773 0.809071 112
3774 1.070625 112
3775 0.979393 112
3776 9.526420 112
3777 0.744161 112
3778 4.133286 112
3779 7.853482 112
3780 0.660134 112
3781 2.917179 112
3782 13.537848 112
3783 2.190777 112
3784 0.654455 112
3785 0.520295 112
3786 20.000000 112
3787 0.670625 112
3788 0.897598 112
3789 0.637429 112
3790 0.425571 112
3791 0.493473 112
3792 0.443250 112
3793 0.572098 112
3794 0.744045 112
3795 0.547875 112
3796 0.637455 112
3797 0.903688 112
3798 0.372250 112
3799 0.604268 112
3800 1.336215 107
3801 1.548505 107
3802 13.215131 107
3803 1.445495 107
3804 1.265178 107
3805 1.085168 107
3806 1.572729 107
3807 1.439533 107
3808 1.573439 107
3809 3.036879 107
3810 2.369056 107
3811 1.457019 107
3812 1.129495 107
3813 1.380252 107
3814 1.191860 107
3815 1.198944 107
3816 1.364710 107
3817 1.428972 107
3818 1.287682 107
3819 1.310206 107
3820 1.284065 107
3821 16.418327 107
3822 1.016224 107
3823 1.125925 107
3824 1.445738 107
3825 2.167944 107
3826 2.384411 107
3827 0.964579 107
3828 1.713916 107
3829 1.301748 107
3830 1.077028 107
3831 0.936150 107
3832 1.250766 107
3833 1.015000 107
3834 0.910701 107
3835 1.114925 107
3836 1.115421 107
3837 2.396187 107
3838 2.890103 107
3839 0.904374 107
3840 1.097607 107
3841 0.806047 107
3842 1.060308 107
3843 0.735280 107
3844 0.988944 107
3845 0.740075 107
3846 0.769243 107
3847 0.713290 107
3848 0.751140 107
3849 0.999907 107
3850 1.405286 105
3851 4.040924 105
3852 1.461352 105
3853 1.801676 105
3854 1.443771 105
3855 1.301229 105
3856 1.300162 105
3857 1.285781 105
3858 3.526667 105
3859 1.163057 105
3860 1.923762 105
3861 1.361619 105
3862 1.519886 105
3863 1.802714 105
3864 1.638514 105
3865 3.532952 105
3866 1.872190 105
3867 1.602286 105
3868 1.101914 105
3869 1.377190 105
3870 1.425829 105
3871 0.872638 105
3872 1.610429 105
3873 3.363305 105
3874 1.035810 105
3875 0.941295 105
3876 1.309210 105
3877 1.768705 105
3878 0.872562 105
3879 1.103562 105
3880 1.128524 105
3881 1.051533 105
3882 1.273962 105
3883 1.058990 105
3884 0.821181 105
3885 1.557362 105
3886 2.213086 105
3887 0.618429 105
3888 1.673229 105
3889 1.322457 105
3890 1.545057 105
3891 0.858933 105
3892 0.772362 105
3893 0.712543 105
3894 19.660448 105
3895 1.609371 105
3896 0.530291 103
3897 0.983495 105
3898 0.797505 105
3899 0.671190 105
3900 5.766053 113
3901 1.475044 113
3902 1.189442 113
3903 1.097584 113
3904 1.218071 113
3905 1.224239 113
3906 5.805770 113
3907 1.387912 113
3908 0.951664 113
3909 2.059708 113
3910 0.816885 113
3911 1.884000 113
3912 1.485469 113
3913 1.173000 113
3914 1.051460 113
3915 1.084646 113
3916 0.948965 113
3917 0.996257 113
3918 1.043708 113
3919 1.607903 113
3920 19.553991 113
3921 18.972496 113
3922 1.185124 113
3923 1.102088 113
3924 0.786000 113
3925 2.088442 113
3926 1.865274 113
3927 1.554354 113
3928 0.630956 113
3929 1.707956 113
3930 0.581850 113
3931 0.831929 113
3932 0.933372 113
3933 0.631283 113
3934 0.570832 113
3935 0.589416 113
3936 0.579681 113
3937 0.584982 113
3938 0.886398 113
3939 1.209221 113
3940 14.086982 113
3941 0.520965 113
3942 0.784566 113
3943 0.672265 113
3944 0.754310 113
3945 2.047336 113
3946 0.823628 113
3947 0.527743 113
3948 0.619850 113
3949 1.094115 113
3950 1.375625 120
3951 1.585367 120
3952 1.373892 120
3953 3.302142 120
3954 1.523867 120
3955 5.615483 120
3956 2.210042 120
3957 1.231033 120
3958 1.115892 120
3959 2.356817 120
3960 1.891342 120
3961 1.213158 120
3962 1.367333 120
3963 1.262442 120
3964 1.223133 120
3965 2.478633 120
3966 1.288883 120
3967 1.592283 120
3968 1.800900 120
3969 2.156967 120
3970 1.368000 120
3971 1.515225 120
3972 0.960508 120
3973 1.000908 120
3974 1.352308 120
3975 5.097983 120
3976 1.050083 120
3977 1.401900 120
3978 0.778792 120
3979 1.192833 120
3980 19.999908 120
3981 0.961800 120
3982 0.782600 120
3983 0.631283 120
3984 0.788408 120
3985 2.265167 120
3986 12.411325 120
3987 0.646533 120
3988 7.773858 120
3989 1.477008 120
3990 1.259392 120
3991 1.891525 120
3992 2.118667 120
3993 2.745133 120
3994 1.114733 120
3995 1.262983 120
3996 1.571375 120
3997 0.895617 120
3998 1.061458 120
3999 1.640125 120
4000 4.769912 114
4001 1.589947 114
4002 1.763421 114
4003 1.129684 114
4004 16.597930 114
4005 1.282491 114
4006 1.825404 114
4007 1.880298 114
4008 2.665763 114
4009 0.902202 114
4010 2.205763 114
4011 1.346719 114
4012 0.930132 114
4013 1.699561 114
4014 1.431421 114
4015 4.725412 114
4016 1.757956 114
4017 3.264947 114
4018 1.195789 114
4019 1.378140 114
4020 1.027789 114
4021 0.961711 114
4022 0.917991 114
4023 0.848974 114
4024 0.797325 114
4025 1.178693 114
4026 0.928737 114
4027 3.163079 114
4028 0.848009 114
4029 1.001000 114
4030 1.169167 114
4031 4.768904 114
4032 1.990588 114
4033 1.004351 114
4034 1.073289 114
4035 6.488009 114
4036 0.520570 114
4037 0.737342 114
4038 0.499228 114
4039 0.689807 114
4040 20.000000 114
4041 0.563018 114
4042 0.691246 114
4043 0.398219 114
4044 1.295482 114
4045 1.226500 114
4046 0.699693 114
4047 0.597807 114
4048 0.622842 114
4049 0.473842 114
4050 1.271223 121
4051 0.658909 121
4052 3.235992 121
4053 1.915752 121
4054 0.976397 121
4055 1.592165 121
4056 1.373430 121
4057 2.430595 121
4058 18.406603 121
4059 1.341091 121
4060 4.504322 121
4061 1.131942 121
4062 0.773207 121
4063 0.904570 121
4064 1.780425 120
4065 1.673736 121
4066 1.702496 121
4067 1.257642 120
4068 1.536033 121
4069 1.699620 121
4070 1.110190 121
4071 0.417901 121
4072 1.101231 121
4073 1.265901 121
4074 10.627620 121
4075 0.733884 121
4076 0.300322 121
4077 0.926306 121
4078 1.480190 121
4079 0.885041 121
4080 0.984331 121
4081 1.333868 121
4082 0.685058 121
4083 0.752529 121
4084 0.804917 121
4085 1.150165 121
4086 1.572793 121
4087 2.399620 121
4088 1.690397 121
4089 0.588595 121
4090 0.685678 121
4091 1.816504 121
4092 0.931512 121
4093 12.189711 121
4094 0.768157 121
4095 0.694025 121
4096 0.666810 121
4097 0.915810 121
4098 0.779488 121
4099 0.600843 121
4100 1.095574 115
4101 2.100400 115
4102 0.848504 113
4103 0.837435 115
4104 1.027261 115
4105 0.349667 114
4106 2.983713 115
4107 19.895365 115
4108 1.211357 115
4109 6.385104 115
4110 3.893461 115
4111 1.043122 115
4112 2.620148 115
4113 1.350565 115
4114 1.292252 115
4115 1.008339 115
4116 0.480833 114
4117 1.477252 115
4118 1.199183 115
4119 1.437139 115
4120 0.931522 115
4121 19.999809 115
4122 0.711809 115
4123 1.081713 115
4124 0.835913 115
4125 0.224939 114
4126 0.929052 115
4127 0.927887 115
4128 1.363957 115
4129 0.797435 115
4130 0.921870 115
4131 0.227404 114
4132 0.956304 115
4133 0.787017 115
4134 0.805696 115
4135 0.916409 115
4136 0.551478 115
4137 0.807583 115
4138 0.649348 115
4139 0.788226 115
4140 17.001600 115
4141 11.983948 115
4142 9.915522 115
4143 0.718626 115
4144 0.860887 115
4145 0.720939 115
4146 0.585530 115
4147 0.854504 115
4148 0.726417 115
4149 0.189193 114
4150 2.113150 113
4151 2.077248 113
4152 1.565929 113
4153 1.381133 113
4154 0.809761 113
4155 1.132319 113
4156 5.482540 113
4157 1.289381 113
4158 0.930000 113
4159 0.295027 112
4160 1.174832 113
4161 3.755726 113
4162 0.425348 112
4163 1.197469 113
4164 1.311699 113
4165 0.933097 113
4166 1.998239 113
4167 2.266805 113
4168 1.636186 113
4169 1.418000 113
4170 1.510920 113
4171 1.164726 113
4172 0.735655 113
4173 0.744558 113
4174 1.384319 113
4175 1.123115 113
4176 0.977230 113
4177 1.257142 113
4178 0.598690 113
4179 1.142788 113
4180 1.224637 113
4181 1.251991 113
4182 0.319381 113
4183 2.435982 113
4184 0.377261 111
4185 0.883982 113
4186 0.987628 113
4187 0.699097 113
4188 0.286814 113
4189 1.585487 113
4190 0.789770 113
4191 0.228469 113
4192 0.734965 113
4193 1.073858 113
4194 0.800310 113
4195 0.356973 113
4196 1.744504 113
4197 0.724619 113
4198 0.857097 113
4199 0.844265 113
4200 1.120916 119
4201 1.816395 119
4202 1.546798 119
4203 0.978076 119
4204 2.078765 119
4205 1.338193 119
4206 0.818178 118
4207 1.087580 119
4208 0.763754 118
4209 2.165555 119
4210 1.178521 119
4211 0.419319 119
4212 1.114185 119
4213 1.366017 119
4214 0.493381 118
4215 1.063202 119
4216 0.431588 119
4217 1.892244 119
4218 0.739076 118
4219 1.692639 119
4220 1.738067 119
4221 1.292739 119
4222 2.183092 119
4223 1.347092 119
4224 0.787832 119
4225 1.240286 119
4226 1.510748 119
4227 1.208714 119
4228 0.961244 119
4229 1.032513 119
4230 1.249244 119
4231 1.235866 119
4232 1.011613 119
4233 0.894714 119
4234 1.533588 119
4235 1.504571 119
4236 1.453975 119
4237 1.175176 119
4238 0.580134 119
4239 0.858454 119
4240 0.261487 119
4241 0.319000 118
4242 1.343563 119
4243 0.286017 118
4244 0.271415 118
4245 0.270311 119
4246 0.816815 119
4247 1.664975 119
4248 1.194328 119
4249 17.712824 119
4250 16.475524 103
4251 18.305961 103
4252 16.645353 102
4253 15.679733 101
4254 16.840864 103
4255 17.594408 103
4256 14.509243 103
4257 13.059544 103
4258 17.300291 103
4259 16.864078 102
4260 15.868980 102
4261 14.936343 102
4262 15.949427 103
4263 17.453892 102
4264 16.441147 102
4265 15.186039 103
4266 11.271680 103
4267 16.892235 102
4268 12.340441 102
4269 9.505549 102
4270 6.573245 102
4271 3.983696 102
4272 1.945165 103
4273 1.344186 102
4274 16.540485 103
4275 19.999667 102
4276 17.658108 102
4277 19.999696 102
4278 9.025951 103
4279 1.035311 103
4280 0.414108 102
4281 0.633311 103
4282 1.495039 103
4283 0.524495 103
4284 0.753126 103
4285 0.791379 103
4286 0.547447 103
4287 3.479029 103
4288 1.724126 103
4289 1.316689 103
4290 0.556485 103
4291 0.163039 102
4292 0.158324 102
4293 0.154490 102
4294 0.164098 102
4295 0.173892 102
4296 0.166333 102
4297 0.148118 102
4298 1.644087 103
4299 0.347660 103
4300 0.956771 105
4301 0.491895 105
4302 0.480667 105
4303 0.295657 105
4304 0.348971 105
4305 0.305333 105
4306 1.328495 105
4307 1.852276 105
4308 0.356903 103
4309 0.384427 103
4310 1.217619 105
4311 1.328219 105
4312 0.576683 104
4313 0.452184 103
4314 0.565748 103
4315 0.396904 104
4316 0.399010 103
4317 1.356324 105
4318 3.498524 105
4319 0.913295 105
4320 1.454305 105
4321 1.068183 104
4322 1.218663 104
4323 1.128279 104
4324 1.466702 104
4325 1.196105 105
4326 2.658343 105
4327 0.488379 103
4328 0.708311 103
4329 1.361181 105
4330 1.193096 104
4331 0.541308 104
4332 1.431486 105
4333 1.072171 105
4334 1.238838 105
4335 1.251514 105
4336 1.556848 105
4337 1.637390 105
4338 0.900762 105
4339 0.379990 104
4340 0.974295 105
4341 1.161695 105
4342 0.773048 105
4343 0.981124 105
4344 19.890952 105
4345 19.627771 105
4346 19.775010 105
4347 19.999705 105
4348 19.996219 105
4349 19.999810 105
4350 19.432390 105
4351 1.121000 105
4352 1.660362 105
4353 0.921848 105
4354 14.042324 105
4355 15.451267 105
4356 1.341133 105
4357 1.180495 105
4358 16.573152 105
4359 17.719743 105
4360 9.237352 105
4361 8.218856 104
4362 5.041596 104
4363 4.588423 104
4364 3.204471 104
4365 2.780779 104
4366 1.696481 104
4367 1.566529 104
4368 1.575990 104
4369 1.552923 104
4370 1.865933 104
4371 1.470115 104
4372 1.148587 104
4373 1.293010 104
4374 0.950317 104
4375 1.125798 104
4376 1.348567 104
4377 1.687625 104
4378 1.709144 104
4379 0.719800 105
4380 0.197356 104
4381 0.174692 104
4382 0.181904 104
4383 0.200904 104
4384 0.164558 104
4385 0.233029 104
4386 0.176846 104
4387 0.151495 105
4388 10.598771 105
4389 0.658448 105
4390 0.849971 105
4391 0.209885 104
4392 0.604298 104
4393 0.365385 104
4394 0.433848 105
4395 0.221533 105
4396 0.136952 105
4397 0.151781 105
4398 0.144086 105
4399 0.173467 105
4400 1.210807 88
4401 0.418011 88
4402 0.391352 88
4403 0.420068 88
4404 0.380489 88
4405 0.350500 88
4406 1.305489 88
4407 0.642563 87
4408 0.708115 87
4409 0.719092 87
4410 0.859655 87
4411 0.639678 87
4412 1.552170 88
4413 1.335341 88
4414 0.792841 88
4415 0.400609 87
4416 0.727759 87
4417 1.880943 88
4418 0.962000 87
4419 0.995782 87
4420 0.553172 87
4421 1.966432 88
4422 1.244517 87
4423 0.785920 87
4424 0.780092 87
4425 2.017205 88
4426 1.190011 87
4427 1.237954 87
4428 0.554253 87
4429 2.329284 88
4430 0.507943 88
4431 0.662477 88
4432 1.012705 88
4433 2.996011 88
4434 0.607430 86
4435 0.916128 86
4436 0.606368 87
4437 1.582102 88
4438 1.001460 87
4439 0.712218 87
4440 0.596563 87
4441 1.551807 88
4442 0.863310 87
4443 0.379241 87
4444 0.602460 87
4445 1.704239 88
4446 1.100115 87
4447 0.595103 87
4448 0.764517 87
4449 1.379307 88
4450 1.940812 101
4451 0.830574 101
4452 0.681901 101
4453 1.748644 101
4454 1.412455 101
4455 0.409720 100
4456 1.560851 101
4457 0.253808 99
4458 1.152020 101
4459 0.381400 100
4460 1.242911 101
4461 0.287424 99
4462 1.326198 101
4463 0.340323 99
4464 1.038149 101
4465 0.305406 101
4466 1.197802 101
4467 1.098743 101
4468 1.054446 101
4469 0.270390 100
4470 1.331208 101
4471 1.108307 101
4472 0.388960 100
4473 1.878446 101
4474 2.509950 100
4475 1.241644 101
4476 1.469089 101
4477 0.306121 99
4478 1.136327 101
4479 1.078505 101
4480 1.641139 101
4481 1.232782 101
4482 0.670090 100
4483 19.641960 101
4484 1.547644 101
4485 0.696119 101
4486 0.809416 101
4487 0.775644 101
4488 1.560168 101
4489 1.007733 101
4490 1.026059 101
4491 0.781644 101
4492 1.162149 101
4493 0.776762 101
4494 0.828505 101
4495 1.008624 101
4496 1.268089 101
4497 1.005257 101
4498 1.176426 101
4499 1.830376 101
