0 1.684585 118
1 0.952373 118
2 1.168322 118
3 0.776500 118
4 1.141178 118
5 18.769737 118
6 1.603254 118
7 1.827492 118
8 1.445992 118
9 0.949297 118
10 2.036576 118
11 1.259839 118
12 5.300500 118
13 2.275568 118
14 5.592593 118
15 1.210703 118
16 1.475568 118
17 1.384669 118
18 1.645602 118
19 0.629051 118
20 0.685814 118
21 1.664500 118
22 0.713551 118
23 1.510297 118
24 0.917737 118
25 1.275415 118
26 1.987331 118
27 1.941729 118
28 1.356602 118
29 1.855008 118
30 0.547178 118
31 1.620992 118
32 1.365949 118
33 1.567381 118
34 1.138034 117
35 1.151709 117
36 1.121508 118
37 1.581483 118
38 0.480195 118
39 0.460153 118
40 0.459763 118
41 1.378483 118
42 1.404551 118
43 1.294381 118
44 0.521720 118
45 1.273136 118
46 0.551500 118
47 0.615042 118
48 0.243720 118
49 1.088254 118
50 1.330197 117
51 1.718410 117
52 1.519308 117
53 1.649342 117
54 2.449615 117
55 2.681479 117
56 1.417940 117
57 1.505504 117
58 2.611658 117
59 8.140436 117
60 10.751043 117
61 2.265308 117
62 1.444376 117
63 1.363607 117
64 1.275598 117
65 1.401530 117
66 1.338128 117
67 1.574188 117
68 2.023940 117
69 1.046744 117
70 0.494376 117
71 0.427359 117
72 0.318940 117
73 1.620291 117
74 0.811684 117
75 0.743017 117
76 0.597573 117
77 0.396060 117
78 0.469564 117
79 0.519350 117
80 0.388538 117
81 0.398051 117
82 0.814299 117
83 0.988291 117
84 0.435735 117
85 1.053829 117
86 0.380701 117
87 0.370769 117
88 0.416487 117
89 4.660983 117
90 0.907120 117
91 19.749231 117
92 1.016761 117
93 0.828932 117
94 1.061291 117
95 0.780641 117
96 2.222923 117
97 0.749479 117
98 0.222812 117
99 0.226573 117
100 0.599740 96
101 0.356510 96
102 0.311250 96
103 0.354385 96
104 1.500833 96
105 0.566802 96
106 0.405458 96
107 1.255615 96
108 0.428323 96
109 1.614646 96
110 1.036469 96
111 2.152833 96
112 4.578708 96
113 0.967656 96
114 0.381240 96
115 0.369229 96
116 1.032813 96
117 0.870792 96
118 0.326625 96
119 0.361844 96
120 1.360417 96
121 1.083188 96
122 2.876229 96
123 0.960885 96
124 1.142479 96
125 0.976594 96
126 0.985521 96
127 1.203833 96
128 0.997719 96
129 1.876813 96
130 1.227979 96
131 1.022240 96
132 0.953396 96
133 1.669042 96
134 0.364229 96
135 0.394125 96
136 1.293083 96
137 1.178229 96
138 0.417188 96
139 0.436375 96
140 0.981240 96
141 1.372156 96
142 0.551552 96
143 1.280271 96
144 1.121354 96
145 1.203552 96
146 2.145542 96
147 1.256302 96
148 1.711531 96
149 1.884812 96
150 0.829952 105
151 0.449686 105
152 1.787410 105
153 2.105686 105
154 1.723438 105
155 1.317190 105
156 2.894619 105
157 1.634210 105
158 1.700238 105
159 1.687571 105
160 14.263571 105
161 1.118714 105
162 2.065752 105
163 2.293390 105
164 1.511876 105
165 0.355238 105
166 0.359423 104
167 0.789943 105
168 0.323286 105
169 19.809514 105
170 19.809162 105
171 2.375362 105
172 16.335410 105
173 14.138457 105
174 13.231276 105
175 11.533152 105
176 10.820057 105
177 10.057514 105
178 9.059524 105
179 14.321200 105
180 7.962781 105
181 6.075495 105
182 5.888733 105
183 4.500048 105
184 3.238695 105
185 2.459448 105
186 1.819571 105
187 10.813857 105
188 1.538105 105
189 0.702886 105
190 0.469752 105
191 9.872819 105
192 0.578343 105
193 0.241210 105
194 0.230267 105
195 9.982571 105
196 0.631771 105
197 0.290800 105
198 0.262286 105
199 0.446324 105
200 16.194770 100
201 14.642280 100
202 13.989090 100
203 12.672700 100
204 12.311620 100
205 12.095180 100
206 11.683490 100
207 10.692350 100
208 14.373720 100
209 10.493260 100
210 9.688200 100
211 9.466370 100
212 8.280620 100
213 7.695630 100
214 6.715130 100
215 5.515730 100
216 3.912420 100
217 3.063510 100
218 2.237330 100
219 1.179400 100
220 0.622060 100
221 0.507090 100
222 0.437250 100
223 0.271690 100
224 0.568370 100
225 0.292520 100
226 0.258350 100
227 9.491280 100
228 0.596440 100
229 0.254420 100
230 0.338440 100
231 9.698480 100
232 0.637760 100
233 0.325680 100
234 0.247350 100
235 0.277050 100
236 0.263140 100
237 0.228180 100
238 0.226880 100
239 0.244810 100
240 0.267210 100
241 0.434740 100
242 0.439370 100
243 0.332110 100
244 0.255780 100
245 0.226310 100
246 0.252710 100
247 9.349720 100
248 0.622440 100
249 0.226490 100
250 16.247333 105
251 14.494200 105
252 13.964248 105
253 15.469238 105
254 13.317219 105
255 12.625029 105
256 11.307924 105
257 10.386876 105
258 10.205371 105
259 9.422952 105
260 9.060657 105
261 7.598010 105
262 7.044467 105
263 6.066790 105
264 5.493619 105
265 4.015876 105
266 3.935714 105
267 3.148333 105
268 2.227343 105
269 1.746790 105
270 1.413514 105
271 9.999610 105
272 10.282390 105
273 10.030314 105
274 9.947590 105
275 10.069771 105
276 0.581981 105
277 0.419229 105
278 0.225133 105
279 8.829476 105
280 0.634648 105
281 0.240162 105
282 0.238610 105
283 0.440467 105
284 0.585429 105
285 0.419248 105
286 0.444257 105
287 0.429876 105
288 0.800248 105
289 0.607610 105
290 0.403457 105
291 8.888238 105
292 0.832629 105
293 0.403867 105
294 0.203762 105
295 0.312095 105
296 0.301943 105
297 0.205019 105
298 0.212524 105
299 0.197771 105
300 16.238219 105
301 14.481162 105
302 13.709829 105
303 13.059124 105
304 13.058200 105
305 12.846324 105
306 12.465362 105
307 11.868448 105
308 11.128467 105
309 10.046362 105
310 9.272876 105
311 8.471276 105
312 7.598410 105
313 7.174305 105
314 6.795314 105
315 5.123210 105
316 4.886600 105
317 4.127619 105
318 3.793400 105
319 2.343686 105
320 1.226390 105
321 0.860886 105
322 0.535762 105
323 0.295267 105
324 0.292667 105
325 0.279029 105
326 0.265629 105
327 0.282790 105
328 0.260333 105
329 0.284943 105
330 0.253886 105
331 0.277600 105
332 0.306867 105
333 0.250762 105
334 0.274267 105
335 0.272238 105
336 0.258933 105
337 0.383600 105
338 9.167171 105
339 0.804543 105
340 0.449990 105
341 0.426095 105
342 0.442371 105
343 0.272762 105
344 0.266648 105
345 0.258886 105
346 0.270686 105
347 0.336762 105
348 0.459343 105
349 0.246133 105
350 17.529009 111
351 15.551387 111
352 14.421748 111
353 13.886360 111
354 13.399099 111
355 15.631009 111
356 15.667063 111
357 15.757081 111
358 15.489090 111
359 10.541793 111
360 8.556613 111
361 7.850865 111
362 13.831676 111
363 7.370324 111
364 13.431604 111
365 5.783982 111
366 12.344252 111
367 12.760793 111
368 3.825486 111
369 2.720090 111
370 10.876973 111
371 11.021396 111
372 10.541459 111
373 0.833432 111
374 9.928261 111
375 0.683730 111
376 0.216757 111
377 0.236153 111
378 9.658252 111
379 9.971450 111
380 0.555793 111
381 0.229775 111
382 0.242640 111
383 9.132045 111
384 9.551063 111
385 0.769243 111
386 0.225135 111
387 0.249595 111
388 8.893919 111
389 9.042550 111
390 8.974468 111
391 8.685234 111
392 0.709072 111
393 0.403099 111
394 8.018991 111
395 8.122198 111
396 0.796550 111
397 7.412694 111
398 7.473955 111
399 7.234712 111
400 16.381038 104
401 14.650740 104
402 13.990010 104
403 12.979904 104
404 15.035913 104
405 15.330827 104
406 15.354144 104
407 15.352288 104
408 11.356356 104
409 14.696038 104
410 2.858000 104
411 19.999683 104
412 19.807462 104
413 3.887689 103
414 1.610882 102
415 19.999755 102
416 3.580942 103
417 19.999706 102
418 1.746363 102
419 1.074337 104
420 19.999765 102
421 4.936657 102
422 1.331137 102
423 19.999755 102
424 19.999873 102
425 6.112520 102
426 19.805583 103
427 19.999765 102
428 2.288650 103
429 19.805563 103
430 19.999814 102
431 3.262255 102
432 2.474825 103
433 2.500745 102
434 19.999725 102
435 19.999775 102
436 19.805641 103
437 12.561059 102
438 19.999775 102
439 19.999794 102
440 19.999833 102
441 15.968422 102
442 19.805680 103
443 19.999745 102
444 19.999912 102
445 17.632553 103
446 19.999902 102
447 18.068784 102
448 19.999794 102
449 18.162788 104
450 19.999844 109
451 1.813138 109
452 19.999789 109
453 19.907972 109
454 2.489889 108
455 19.999741 108
456 7.897463 108
457 1.750528 108
458 19.999738 107
459 18.162367 109
460 1.009431 109
461 0.972404 109
462 0.327550 109
463 0.564220 109
464 0.487853 109
465 1.142908 109
466 0.704239 109
467 0.818312 109
468 0.590413 109
469 0.465670 109
470 0.659229 109
471 0.870312 109
472 0.756000 109
473 0.605560 109
474 0.855165 109
475 0.593073 109
476 0.739000 109
477 0.664523 109
478 0.589294 109
479 0.699624 109
480 0.833936 109
481 0.625385 109
482 19.670495 109
483 0.958394 109
484 0.384211 109
485 0.307852 108
486 0.781440 109
487 0.259578 109
488 0.225394 109
489 0.881936 109
490 0.564523 109
491 0.200982 109
492 0.252862 109
493 0.576385 109
494 0.283330 109
495 0.367440 109
496 1.803028 109
497 0.215835 109
498 0.809349 109
499 1.015578 109
500 0.999000 116
501 1.230491 116
502 0.373095 116
503 2.407224 116
504 1.689388 116
505 0.882793 116
506 0.786284 116
507 0.796164 116
508 1.391543 116
509 0.491302 116
510 3.191957 116
511 1.303267 116
512 1.593966 116
513 1.253500 116
514 1.504164 116
515 0.947655 116
516 1.787353 116
517 1.037966 116
518 1.092216 116
519 0.889534 116
520 1.436948 116
521 1.191147 116
522 0.941974 116
523 1.010776 116
524 1.425707 116
525 0.987397 116
526 1.285716 116
527 1.571431 116
528 1.193302 116
529 1.082784 116
530 2.863259 116
531 2.190310 116
532 1.216724 116
533 0.507328 116
534 0.890043 116
535 0.515431 116
536 0.597681 116
537 0.530267 116
538 2.638560 116
539 1.009517 116
540 1.436603 116
541 0.885345 116
542 1.243810 116
543 2.520353 116
544 0.945274 113
545 0.738259 116
546 19.827750 116
547 0.975741 116
548 1.714121 116
549 0.937681 116
550 2.869667 105
551 4.080667 105
552 1.028029 105
553 0.758505 105
554 0.803190 105
555 0.675686 105
556 0.600000 105
557 0.724695 105
558 0.820457 105
559 1.609762 105
560 0.615124 105
561 0.723695 105
562 0.682705 105
563 0.666762 105
564 0.625552 105
565 1.100810 105
566 0.572524 105
567 6.833143 105
568 1.737762 105
569 2.474981 105
570 1.047212 104
571 2.453971 105
572 0.909924 105
573 0.882762 105
574 0.886781 105
575 0.820286 105
576 0.887514 105
577 0.748086 105
578 1.951552 105
579 1.233838 105
580 1.254343 105
581 1.563962 105
582 1.204990 105
583 1.239838 105
584 1.137314 105
585 1.281457 105
586 2.550352 105
587 2.504619 105
588 2.010943 105
589 0.873029 105
590 0.811333 105
591 2.076086 105
592 2.493981 105
593 3.399886 105
594 2.141152 105
595 2.268029 105
596 2.367924 105
597 1.775105 105
598 2.765343 105
599 2.038114 105
600 3.616886 114
601 2.628368 114
602 2.557114 114
603 4.104070 114
604 2.399412 114
605 2.403377 114
606 2.302307 114
607 2.007675 114
608 2.920482 114
609 2.556360 114
610 1.302544 114
611 3.379789 114
612 2.379974 114
613 1.945228 114
614 2.055395 114
615 1.942325 114
616 4.698026 114
617 3.201640 114
618 3.914965 114
619 0.886141 92
620 3.247851 114
621 2.507254 114
622 20.000000 114
623 20.000000 114
624 3.239140 114
625 2.546142 113
626 1.709026 114
627 1.096895 114
628 1.314772 114
629 1.436044 114
630 1.989675 114
631 1.749430 114
632 0.544772 114
633 0.608614 114
634 2.229202 114
635 1.915447 114
636 1.800833 114
637 2.583746 114
638 2.042904 114
639 3.208342 114
640 3.010649 114
641 4.585412 114
642 3.479904 114
643 3.169237 114
644 3.160816 114
645 2.779421 114
646 1.689175 114
647 1.413132 114
648 1.673719 114
649 1.819991 114
650 18.066312 109
651 2.252817 109
652 0.865615 109
653 1.859872 109
654 1.949927 109
655 3.417385 109
656 1.061624 109
657 3.008037 109
658 1.517266 109
659 11.080853 109
660 0.959018 109
661 2.476193 109
662 1.423633 109
663 1.757541 109
664 1.334046 109
665 3.010927 109
666 3.431367 109
667 2.462716 109
668 0.823633 109
669 1.753972 109
670 0.717294 109
671 1.946569 109
672 1.695486 109
673 1.495211 109
674 2.514890 109
675 2.856229 109
676 3.629495 109
677 1.860761 109
678 2.260211 109
679 2.628468 109
680 2.258440 109
681 4.396101 109
682 3.736459 109
683 12.214569 109
684 1.564312 109
685 1.926615 109
686 1.709128 109
687 2.507119 109
688 2.339495 109
689 1.975670 109
690 1.517358 109
691 3.046321 109
692 3.342862 109
693 3.518376 109
694 2.827495 109
695 1.702394 109
696 1.405294 109
697 12.197183 109
698 2.975358 109
699 1.782734 109
700 4.252364 99
701 4.720606 99
702 3.996303 99
703 2.493899 99
704 2.453273 99
705 4.589000 99
706 3.711677 99
707 2.855677 99
708 2.214444 99
709 2.440535 99
710 4.688828 99
711 3.176848 99
712 3.245162 99
713 2.017697 99
714 5.182212 99
715 1.827616 99
716 6.779343 99
717 2.759616 99
718 3.123626 99
719 1.730889 99
720 3.253798 99
721 3.361354 99
722 1.134343 99
723 1.254808 99
724 1.823323 99
725 3.326576 99
726 14.305808 99
727 15.819374 99
728 15.126293 99
729 15.112313 99
730 17.161919 99
731 18.128960 99
732 18.976755 98
733 19.129561 98
734 19.204378 98
735 19.469082 98
736 0.821475 99
737 1.235778 99
738 1.586121 99
739 0.545020 99
740 0.652051 99
741 0.730434 99
742 0.330152 99
743 0.312374 99
744 0.632313 99
745 0.973040 99
746 0.693616 99
747 0.213212 99
748 0.262111 99
749 0.605566 99
750 1.788590 100
751 1.614370 100
752 1.370700 100
753 0.639150 100
754 1.193830 100
755 2.218070 100
756 2.355960 100
757 4.977160 100
758 0.702525 99
759 0.889919 99
760 0.679313 99
761 1.047515 99
762 2.728550 100
763 0.437010 100
764 0.525950 100
765 1.485840 100
766 1.419260 100
767 0.479110 100
768 1.492590 100
769 1.403900 100
770 0.407410 100
771 2.248310 100
772 4.369050 100
773 4.742230 100
774 1.546340 100
775 1.212720 100
776 1.576710 100
777 1.165820 100
778 3.260180 100
779 1.645290 100
780 0.913370 100
781 0.959680 100
782 0.927640 100
783 1.298730 100
784 1.129060 100
785 0.869670 100
786 0.370220 100
787 0.910020 100
788 0.391340 100
789 1.064900 100
790 0.958850 100
791 2.000700 100
792 0.367270 100
793 0.904180 100
794 0.849770 100
795 0.949470 100
796 1.126000 100
797 1.049900 100
798 1.192400 100
799 1.113300 100
800 2.791708 113
801 1.086761 113
802 1.033690 113
803 17.948504 113
804 1.426434 113
805 1.370230 113
806 1.301938 112
807 0.982044 113
808 2.124867 113
809 1.434991 113
810 0.505204 113
811 1.031053 113
812 1.703717 113
813 0.310982 113
814 1.203947 113
815 1.279558 113
816 2.213602 113
817 10.375619 113
818 12.965805 113
819 14.760912 113
820 14.654336 113
821 13.265071 113
822 1.040611 113
823 0.910540 113
824 9.258673 113
825 1.149133 113
826 1.141858 113
827 1.557522 113
828 0.865044 113
829 1.152876 113
830 2.490381 113
831 2.573327 113
832 1.708841 113
833 0.950867 113
834 0.701673 113
835 1.119027 113
836 0.842726 113
837 0.909416 113
838 0.938018 113
839 0.604389 113
840 2.180018 113
841 3.603637 113
842 0.639593 113
843 0.614646 113
844 0.770504 113
845 0.704327 113
846 2.046230 113
847 0.685381 113
848 0.539195 113
849 0.907929 113
850 13.706764 110
851 2.090773 110
852 0.657073 110
853 1.089627 110
854 1.027364 110
855 0.363327 110
856 0.356382 110
857 0.952509 110
858 0.350855 110
859 0.449927 110
860 0.894264 110
861 0.995136 110
862 1.459227 110
863 1.563882 110
864 1.016327 110
865 1.177509 110
866 2.229373 110
867 16.092945 110
868 3.458864 110
869 3.921673 110
870 16.904827 110
871 5.507282 110
872 17.145218 110
873 6.189409 110
874 6.149127 110
875 5.797982 110
876 5.400673 110
877 5.092473 110
878 4.690436 110
879 4.370027 110
880 3.941109 110
881 3.599655 110
882 3.233109 110
883 2.969582 110
884 2.937227 110
885 2.847009 110
886 2.284891 110
887 2.112055 110
888 1.986291 110
889 1.872318 110
890 1.640500 110
891 1.451045 110
892 17.014164 110
893 19.076761 109
894 16.243211 109
895 1.287536 110
896 0.220227 110
897 0.261782 110
898 0.586064 110
899 0.239136 110
900 0.672238 105
901 1.687695 105
902 2.802752 105
903 1.629933 105
904 1.777629 105
905 1.444276 105
906 0.503352 105
907 0.501657 105
908 1.213343 105
909 0.333019 105
910 0.351352 105
911 1.345438 105
912 0.370086 105
913 0.419781 105
914 1.114114 105
915 0.559781 105
916 1.240229 105
917 19.999943 105
918 19.999667 105
919 19.999876 105
920 19.999714 105
921 19.999933 105
922 19.999648 105
923 19.999895 105
924 19.999644 104
925 19.999942 104
926 19.999615 104
927 19.999904 104
928 19.999654 104
929 19.999952 104
930 19.999663 104
931 0.797762 105
932 1.050714 105
933 0.367019 105
934 0.272838 105
935 0.235562 105
936 0.794219 105
937 0.295810 105
938 0.250733 105
939 1.234524 105
940 0.389610 105
941 0.239333 105
942 0.226581 105
943 0.226400 105
944 0.955210 105
945 0.663552 105
946 0.380514 105
947 0.234581 105
948 0.605476 105
949 0.194343 105
950 0.570657 105
951 0.529943 105
952 1.036733 105
953 0.783314 105
954 1.242724 105
955 0.601619 105
956 1.012371 105
957 0.435038 105
958 0.389848 105
959 0.444962 105
960 0.943152 105
961 0.474190 105
962 0.292105 105
963 0.348314 105
964 1.087733 105
965 1.227543 105
966 0.362838 105
967 5.947600 105
968 3.732648 105
969 4.342629 105
970 4.065914 105
971 3.336419 105
972 1.808990 105
973 0.836733 105
974 1.238962 105
975 0.280829 105
976 1.116810 105
977 1.143010 105
978 0.653000 105
979 0.750105 105
980 0.824771 105
981 11.671724 105
982 2.909619 105
983 1.412048 105
984 0.838057 105
985 2.489762 105
986 1.029638 105
987 1.021876 105
988 0.842638 105
989 2.705390 105
990 1.372257 105
991 1.153362 105
992 0.712943 105
993 1.092457 105
994 1.105476 105
995 1.116238 105
996 0.721571 105
997 1.533695 105
998 0.895057 105
999 0.788200 105
1000 0.618233 86
1001 1.140326 86
1002 2.111698 86
1003 1.434221 86
1004 1.129930 86
1005 0.956384 86
1006 0.856779 86
1007 0.940512 86
1008 2.080942 86
1009 1.340930 86
1010 0.765326 86
1011 1.189919 86
1012 0.843907 86
1013 1.170779 86
1014 1.035744 86
1015 1.532209 86
1016 0.976628 86
1017 0.317733 86
1018 0.325953 86
1019 0.329872 86
1020 0.394477 86
1021 0.319093 86
1022 0.314174 86
1023 0.339314 86
1024 0.346733 86
1025 0.391535 86
1026 0.371419 86
1027 0.401465 86
1028 0.339558 86
1029 0.391884 86
1030 0.365395 86
1031 0.346430 86
1032 0.844419 86
1033 0.382849 86
1034 0.336919 86
1035 0.694360 86
1036 0.316698 86
1037 0.837198 86
1038 0.268779 86
1039 0.298651 86
1040 1.052837 86
1041 0.317337 86
1042 0.931372 86
1043 0.465628 86
1044 0.356942 86
1045 0.273233 86
1046 0.789581 86
1047 0.348942 86
1048 0.305721 86
1049 7.570570 86
1050 7.185462 106
1051 7.229019 106
1052 5.937708 106
1053 1.126821 106
1054 0.453547 106
1055 0.994019 106
1056 0.523321 106
1057 0.369708 106
1058 0.891189 106
1059 0.415736 106
1060 0.396340 106
1061 1.709594 106
1062 1.054264 106
1063 0.564075 106
1064 0.857632 106
1065 0.513245 106
1066 1.673792 106
1067 0.430755 106
1068 0.632840 106
1069 0.392321 106
1070 0.481632 106
1071 0.789208 106
1072 0.487943 106
1073 0.581462 106
1074 2.083915 106
1075 0.614302 106
1076 0.757425 106
1077 0.480453 106
1078 0.834736 106
1079 1.330849 106
1080 0.412377 106
1081 0.367491 106
1082 0.736642 106
1083 0.614491 106
1084 0.707075 106
1085 0.343830 106
1086 0.438160 106
1087 1.973991 106
1088 1.219651 106
1089 1.319800 105
1090 1.845472 106
1091 1.487971 105
1092 1.327667 105
1093 1.301924 105
1094 1.324491 106
1095 1.238906 106
1096 1.131642 106
1097 0.575311 106
1098 0.485425 106
1099 0.366151 106
1100 0.850697 119
1101 1.073008 119
1102 8.258429 119
1103 1.197471 119
1104 1.725647 119
1105 1.719378 119
1106 1.455210 119
1107 1.292118 119
1108 0.802176 119
1109 0.391109 119
1110 0.333151 119
1111 0.344160 119
1112 6.238034 119
1113 1.930849 119
1114 1.418471 119
1115 1.185412 119
1116 1.378866 119
1117 1.039294 119
1118 0.924294 119
1119 0.923807 119
1120 0.635479 119
1121 0.655891 119
1122 0.941210 119
1123 0.282286 119
1124 0.327891 119
1125 10.624983 119
1126 0.895941 119
1127 0.250407 118
1128 0.238195 118
1129 0.749387 119
1130 0.822597 119
1131 0.990101 119
1132 3.880395 119
1133 3.725000 119
1134 1.052395 119
1135 0.704042 119
1136 1.074647 119
1137 1.126555 119
1138 0.538908 119
1139 2.477597 119
1140 0.958571 119
1141 1.095748 119
1142 1.176076 119
1143 1.541731 119
1144 0.687950 119
1145 1.001286 119
1146 0.651924 119
1147 0.876832 119
1148 0.776958 119
1149 0.638420 119
1150 0.610909 110
1151 0.369082 110
1152 0.354300 110
1153 1.319009 110
1154 0.812145 110
1155 0.695073 110
1156 2.440927 110
1157 1.793627 110
1158 0.988882 110
1159 0.363491 110
1160 2.327082 110
1161 0.949164 110
1162 1.072418 110
1163 0.749727 110
1164 0.445382 110
1165 1.237209 110
1166 1.167127 110
1167 1.130345 110
1168 0.741145 110
1169 0.400582 110
1170 1.604073 110
1171 0.570336 110
1172 1.234936 110
1173 0.839600 110
1174 1.292255 110
1175 0.718664 110
1176 1.300427 110
1177 0.481155 110
1178 1.329082 110
1179 0.756518 110
1180 1.354145 110
1181 0.841964 110
1182 1.061609 110
1183 1.202264 110
1184 0.837745 110
1185 0.320755 110
1186 0.984927 110
1187 0.842136 110
1188 1.481364 110
1189 1.071664 110
1190 1.808782 110
1191 0.958364 110
1192 1.464400 110
1193 0.846464 110
1194 0.408400 110
1195 1.116355 110
1196 0.345973 110
1197 0.886809 110
1198 1.192445 110
1199 0.343000 110
1200 2.153054 111
1201 0.972811 111
1202 1.195144 111
1203 0.388514 111
1204 1.265117 111
1205 0.433685 111
1206 2.387261 111
1207 1.132306 111
1208 0.793847 111
1209 0.846369 111
1210 11.828847 111
1211 3.124631 111
1212 7.206261 111
1213 1.213459 111
1214 2.687279 111
1215 2.035847 111
1216 1.389694 111
1217 1.152595 111
1218 0.929297 111
1219 1.001604 111
1220 1.446306 111
1221 20.000000 111
1222 1.753468 111
1223 0.860712 111
1224 0.928631 111
1225 0.961973 111
1226 0.944883 111
1227 5.507982 111
1228 0.985820 111
1229 0.908811 111
1230 2.422108 111
1231 1.164910 111
1232 1.001856 111
1233 0.959622 111
1234 1.231441 111
1235 2.436189 111
1236 1.091432 111
1237 1.053459 111
1238 1.041225 111
1239 1.134694 111
1240 0.339063 111
1241 1.767532 111
1242 1.913874 111
1243 17.151468 111
1244 1.597306 111
1245 1.062261 111
1246 0.854640 111
1247 1.324306 111
1248 1.425189 111
1249 1.952018 111
1250 3.320115 113
1251 1.184248 113
1252 0.427044 113
1253 0.516788 113
1254 1.735929 113
1255 1.377779 113
1256 0.704053 113
1257 4.539336 113
1258 0.692442 113
1259 1.273407 113
1260 1.295354 113
1261 1.233274 113
1262 1.745354 113
1263 1.201982 113
1264 1.692434 113
1265 1.455336 113
1266 0.393885 113
1267 1.657363 113
1268 2.024018 113
1269 1.017681 113
1270 0.402823 113
1271 0.364150 113
1272 0.312823 113
1273 0.377558 113
1274 0.312805 113
1275 0.340858 113
1276 0.293991 113
1277 3.056451 113
1278 19.963655 113
1279 0.949850 113
1280 1.493115 113
1281 1.678363 113
1282 1.297735 113
1283 1.968681 113
1284 1.261239 113
1285 0.997133 113
1286 0.236681 113
1287 0.215522 113
1288 0.436221 113
1289 0.216097 113
1290 5.417876 113
1291 1.006575 113
1292 0.978381 113
1293 0.669407 113
1294 0.646876 113
1295 13.667912 113
1296 0.553434 113
1297 0.528726 113
1298 1.905885 113
1299 0.543159 113
1300 1.035633 109
1301 0.593807 109
1302 0.673963 109
1303 2.775486 109
1304 1.111550 109
1305 2.191495 109
1306 4.369119 109
1307 1.643606 109
1308 0.714028 109
1309 0.826459 109
1310 1.252789 109
1311 0.330440 109
1312 0.347826 109
1313 0.438761 109
1314 2.160642 109
1315 1.356165 109
1316 0.584807 109
1317 1.175495 109
1318 1.495028 109
1319 0.644018 109
1320 0.932165 109
1321 0.314706 109
1322 7.772661 109
1323 7.132092 109
1324 0.990284 109
1325 1.008587 109
1326 7.539284 109
1327 17.831743 109
1328 1.267229 109
1329 8.876165 109
1330 1.468826 109
1331 1.302862 109
1332 0.914294 109
1333 0.954193 109
1334 1.458706 109
1335 1.485407 108
1336 1.183269 108
1337 1.151239 109
1338 1.370269 108
1339 0.930936 109
1340 0.830389 108
1341 1.213806 108
1342 0.859165 109
1343 0.799064 109
1344 0.740138 109
1345 0.806843 108
1346 0.591037 108
1347 0.686500 108
1348 0.455321 109
1349 0.864220 109
1350 1.257240 100
1351 1.470190 100
1352 1.563210 100
1353 1.249840 100
1354 1.297550 100
1355 1.378020 100
1356 1.041330 100
1357 1.321610 100
1358 1.192340 100
1359 1.399440 100
1360 1.403320 100
1361 1.394340 100
1362 2.100530 100
1363 1.645860 100
1364 0.844580 100
1365 1.600420 100
1366 1.035500 100
1367 1.285250 100
1368 1.383470 100
1369 1.384520 100
1370 0.996990 100
1371 0.863390 100
1372 0.936650 100
1373 1.273700 100
1374 1.199280 100
1375 1.167980 100
1376 1.177980 100
1377 1.165720 100
1378 0.892430 100
1379 1.139360 100
1380 1.419110 100
1381 1.185300 100
1382 1.328230 100
1383 0.869330 100
1384 1.173670 100
1385 0.725800 100
1386 1.229870 100
1387 1.150620 100
1388 0.544520 100
1389 0.402980 100
1390 0.447930 100
1391 0.540020 100
1392 0.611810 100
1393 1.215850 100
1394 0.818460 100
1395 0.736780 100
1396 0.342710 100
1397 0.461460 100
1398 0.610720 100
1399 0.542660 100
1400 1.344541 98
1401 0.960908 98
1402 2.110857 98
1403 0.476051 98
1404 0.697357 98
1405 0.884694 98
1406 0.632000 98
1407 1.848837 98
1408 0.455847 98
1409 0.561010 98
1410 0.677929 98
1411 0.820378 98
1412 0.510827 98
1413 0.763888 98
1414 0.801551 98
1415 0.475204 98
1416 0.885898 98
1417 1.393673 98
1418 1.227827 98
1419 0.731429 98
1420 0.795837 98
1421 0.451592 98
1422 0.726347 98
1423 0.503582 98
1424 1.506796 98
1425 0.796612 98
1426 0.482480 98
1427 0.688602 98
1428 0.506041 98
1429 0.531776 98
1430 0.424541 98
1431 0.537592 98
1432 0.769990 98
1433 1.113520 98
1434 0.294990 98
1435 20.000000 98
1436 19.360969 98
1437 19.999898 98
1438 19.999714 98
1439 19.999898 98
1440 4.004949 98
1441 0.353938 97
1442 0.792306 98
1443 8.310480 98
1444 0.775490 98
1445 0.492918 98
1446 0.257276 98
1447 0.657367 98
1448 0.899765 98
1449 0.853071 98
1450 0.694359 92
1451 0.476783 92
1452 0.491467 92
1453 0.622576 92
1454 19.525348 92
1455 14.535630 92
1456 4.283620 92
1457 1.340413 92
1458 0.966747 91
1459 1.481163 92
1460 1.258348 92
1461 0.459250 92
1462 1.141728 92
1463 0.362750 92
1464 2.162239 92
1465 1.344598 92
1466 0.535022 92
1467 0.532859 92
1468 1.118370 92
1469 1.032924 92
1470 1.214130 92
1471 1.082696 92
1472 0.387511 92
1473 0.399315 92
1474 0.787424 92
1475 0.324967 92
1476 0.853739 92
1477 0.389533 92
1478 1.130120 92
1479 1.197370 92
1480 1.592152 92
1481 2.726717 92
1482 1.169783 92
1483 1.459935 92
1484 1.493446 92
1485 1.748543 92
1486 1.159446 92
1487 1.235783 92
1488 1.197848 92
1489 1.008076 92
1490 1.395750 92
1491 1.137337 92
1492 1.253554 92
1493 1.122511 92
1494 1.019402 92
1495 3.080141 92
1496 1.070728 92
1497 1.310315 92
1498 0.990880 92
1499 1.354511 92
1500 2.722710 107
1501 1.503813 107
1502 2.297794 107
1503 1.384626 107
1504 1.179336 107
1505 1.037523 107
1506 1.139262 107
1507 1.078000 107
1508 1.096439 107
1509 1.207879 107
1510 0.968617 107
1511 2.881047 107
1512 3.494766 107
1513 1.895570 107
1514 1.775121 107
1515 1.451729 107
1516 0.537579 107
1517 2.146234 107
1518 3.487104 106
1519 5.827613 106
1520 20.000000 106
1521 1.361542 107
1522 0.466953 107
1523 0.582458 107
1524 0.322262 107
1525 0.405692 107
1526 0.991533 107
1527 0.299551 107
1528 0.571458 107
1529 0.777150 107
1530 0.609551 107
1531 0.599701 107
1532 0.871832 107
1533 0.319617 107
1534 0.305383 107
1535 0.295374 107
1536 5.904766 107
1537 0.550738 107
1538 0.561486 107
1539 0.557729 107
1540 1.334346 107
1541 1.168131 107
1542 1.178888 107
1543 1.067093 107
1544 1.141393 107
1545 1.009271 107
1546 0.941579 107
1547 0.970617 107
1548 1.540131 107
1549 0.324579 107
1550 1.140455 121
1551 1.494851 121
1552 1.618058 121
1553 1.274901 121
1554 1.512000 121
1555 1.621322 121
1556 3.719149 121
1557 1.076661 121
1558 1.445669 121
1559 0.982174 121
1560 1.166876 121
1561 1.212050 121
1562 1.256140 121
1563 1.482347 121
1564 1.569835 121
1565 0.560479 121
1566 0.413223 121
1567 0.632149 121
1568 5.867860 121
1569 6.062826 121
1570 7.192934 121
1571 1.154339 121
1572 0.849992 121
1573 1.356140 121
1574 0.792950 121
1575 14.014975 121
1576 1.538331 121
1577 1.049421 121
1578 1.462215 121
1579 0.861645 121
1580 1.068339 121
1581 0.338240 121
1582 0.371767 120
1583 0.364642 120
1584 2.815289 121
1585 1.774967 121
1586 19.738488 121
1587 19.656025 121
1588 19.433959 121
1589 19.565240 121
1590 19.437967 120
1591 19.337342 120
1592 19.412717 120
1593 19.360924 119
1594 19.377790 119
1595 19.232125 120
1596 18.816617 120
1597 18.764429 119
1598 0.908711 121
1599 0.355463 121
1600 0.688257 113
1601 0.875726 113
1602 0.350558 113
1603 0.349204 113
1604 0.303150 113
1605 1.020230 113
1606 0.379071 113
1607 0.421389 113
1608 1.284274 113
1609 0.453735 113
1610 0.373673 113
1611 0.892540 113
1612 0.506920 113
1613 1.150522 113
1614 0.361230 113
1615 0.994416 113
1616 0.516274 113
1617 0.564027 113
1618 0.563035 113
1619 0.611549 113
1620 1.142221 113
1621 0.441310 113
1622 0.375956 113
1623 1.599097 113
1624 1.497540 113
1625 0.507761 113
1626 1.265912 113
1627 0.432903 113
1628 1.448575 113
1629 0.439336 113
1630 1.929549 113
1631 0.951598 112
1632 1.487823 113
1633 0.622699 113
1634 0.862946 112
1635 2.510929 113
1636 1.090885 113
1637 0.593531 113
1638 0.698230 113
1639 1.027248 113
1640 1.418938 113
1641 1.281867 113
1642 0.779168 113
1643 0.284549 113
1644 0.898319 113
1645 0.521602 113
1646 0.850973 113
1647 0.287469 113
1648 1.199752 113
1649 0.906823 113
1650 0.880818 99
1651 1.410980 99
1652 1.121687 99
1653 2.253253 99
1654 19.442172 99
1655 1.545313 99
1656 0.668040 99
1657 1.289586 99
1658 1.549929 99
1659 0.903202 99
1660 0.724495 99
1661 0.881808 99
1662 1.409909 99
1663 1.149455 99
1664 2.227091 99
1665 0.370838 99
1666 0.361162 99
1667 1.719758 99
1668 0.450194 98
1669 0.365571 98
1670 1.766173 98
1671 0.395629 97
1672 16.702296 98
1673 17.413990 98
1674 16.799010 98
1675 17.482357 98
1676 18.611724 98
1677 17.964928 97
1678 17.666639 97
1679 14.354938 97
1680 17.776144 97
1681 1.846990 98
1682 0.617398 98
1683 0.178969 98
1684 0.170857 98
1685 1.255847 98
1686 0.814643 98
1687 1.669837 98
1688 1.060857 98
1689 0.901704 98
1690 4.032092 98
1691 0.966214 98
1692 3.925439 98
1693 1.580020 98
1694 0.558500 98
1695 0.181184 98
1696 0.517010 98
1697 0.350469 98
1698 0.750796 98
1699 0.171602 98
1700 1.257531 96
1701 0.474688 96
1702 0.483146 96
1703 1.081083 96
1704 0.832031 96
1705 0.969198 96
1706 0.409271 96
1707 0.532615 96
1708 0.425052 96
1709 0.439562 96
1710 1.631240 96
1711 0.478083 96
1712 0.670823 96
1713 0.478479 96
1714 1.043823 96
1715 1.234698 96
1716 1.443000 96
1717 0.408865 96
1718 0.601740 96
1719 1.224438 96
1720 1.532906 96
1721 1.532802 96
1722 1.432010 96
1723 1.088292 96
1724 1.460969 96
1725 1.530167 96
1726 9.750510 96
1727 2.365010 96
1728 1.272074 95
1729 1.609979 96
1730 1.245354 96
1731 1.365865 96
1732 0.937115 96
1733 2.357375 96
1734 0.957115 96
1735 1.075969 96
1736 1.039448 96
1737 0.845510 96
1738 0.984938 96
1739 1.410740 96
1740 2.015156 96
1741 1.018500 96
1742 5.510906 96
1743 1.880521 96
1744 0.846188 96
1745 0.810948 96
1746 0.704406 96
1747 2.796125 96
1748 2.375646 96
1749 1.684563 96
1750 1.709633 120
1751 1.303250 120
1752 1.254717 120
1753 1.353858 120
1754 0.480210 119
1755 0.436504 119
1756 1.932467 120
1757 1.256008 120
1758 1.549642 120
1759 2.607592 120
1760 0.964150 120
1761 0.934817 120
1762 0.958583 120
1763 0.707467 120
1764 0.716983 120
1765 0.791350 120
1766 0.661500 120
1767 0.814042 120
1768 0.739150 120
1769 1.286575 120
1770 0.830717 120
1771 1.307308 120
1772 2.151333 120
1773 1.185925 120
1774 1.469392 120
1775 1.381292 120
1776 8.371425 120
1777 3.900042 120
1778 0.669858 120
1779 1.010475 120
1780 1.018658 120
1781 1.306292 120
1782 1.526817 120
1783 0.497900 120
1784 1.329775 120
1785 1.712075 120
1786 7.227542 120
1787 14.747900 120
1788 1.098233 120
1789 1.013108 120
1790 0.997242 120
1791 16.484683 120
1792 0.948608 120
1793 0.363900 120
1794 0.427192 120
1795 1.131842 120
1796 1.094317 120
1797 0.399750 120
1798 1.350442 120
1799 1.559375 120
1800 1.530552 116
1801 0.830233 116
1802 1.727569 116
1803 1.601043 116
1804 0.726741 116
1805 1.956664 116
1806 1.649112 116
1807 1.576414 116
1808 1.641095 116
1809 1.947733 116
1810 1.398009 116
1811 16.599060 116
1812 1.992034 116
1813 1.762655 116
1814 0.423000 116
1815 0.432845 116
1816 1.849293 116
1817 0.924569 116
1818 1.100784 116
1819 1.212612 116
1820 1.095250 116
1821 4.175888 116
1822 2.529405 116
1823 0.364716 116
1824 0.364293 116
1825 1.131310 116
1826 1.009345 116
1827 8.795776 116
1828 9.331250 116
1829 9.517690 116
1830 1.035888 116
1831 1.813603 116
1832 0.853819 116
1833 1.303897 116
1834 1.506112 116
1835 1.009810 116
1836 0.361888 116
1837 1.245819 116
1838 1.364259 116
1839 0.928759 116
1840 0.876147 116
1841 1.288198 116
1842 1.224905 116
1843 0.928017 116
1844 0.867603 116
1845 0.985655 116
1846 0.679526 116
1847 1.059267 116
1848 1.211879 116
1849 1.052897 116
1850 1.220880 108
1851 1.644037 108
1852 1.812194 108
1853 1.314019 108
1854 0.712694 108
1855 0.533546 108
1856 1.663093 108
1857 1.767898 108
1858 1.595463 108
1859 0.762796 108
1860 1.176435 108
1861 1.509611 108
1862 13.652880 108
1863 2.101546 108
1864 0.581750 108
1865 0.492222 108
1866 1.218954 108
1867 0.463204 108
1868 2.038593 108
1869 1.751093 108
1870 1.272963 108
1871 1.449157 108
1872 16.389750 108
1873 17.393222 108
1874 17.591741 108
1875 1.657296 108
1876 0.983731 108
1877 1.130343 108
1878 0.309083 108
1879 0.314880 108
1880 0.795602 108
1881 0.678528 108
1882 0.985593 108
1883 0.324537 108
1884 1.473676 108
1885 0.350954 108
1886 0.394602 108
1887 3.186667 108
1888 1.982824 108
1889 0.922222 108
1890 1.818250 108
1891 0.794426 108
1892 1.347093 108
1893 0.663880 108
1894 1.189787 108
1895 0.582426 108
1896 0.495046 108
1897 1.112389 108
1898 1.041852 108
1899 18.009750 108
1900 1.964773 110
1901 0.991309 110
1902 1.334136 110
1903 3.769500 110
1904 2.479682 110
1905 2.772964 110
1906 2.629191 110
1907 2.381618 110
1908 2.325618 110
1909 2.447409 110
1910 2.231082 110
1911 2.106064 110
1912 0.976800 110
1913 0.329136 110
1914 0.349303 109
1915 0.425771 109
1916 0.359743 109
1917 0.421532 109
1918 0.324118 110
1919 0.318615 109
1920 0.290527 110
1921 0.273373 110
1922 0.415376 109
1923 0.292642 109
1924 0.305691 110
1925 0.312864 110
1926 0.365591 110
1927 0.306963 109
1928 0.287464 110
1929 0.270101 109
1930 0.291509 110
1931 0.316682 110
1932 0.326028 109
1933 0.319569 109
1934 0.296119 109
1935 0.308459 109
1936 1.053882 110
1937 0.334264 110
1938 0.307727 110
1939 1.322909 110
1940 0.295855 110
1941 0.342364 110
1942 11.236782 110
1943 1.144518 110
1944 0.440073 110
1945 0.476318 110
1946 0.343300 110
1947 0.802300 110
1948 0.287209 110
1949 17.134209 110
1950 0.853962 105
1951 14.829838 105
1952 0.939238 105
1953 1.021695 105
1954 0.968190 105
1955 0.536800 105
1956 1.079848 105
1957 1.586343 105
1958 1.019743 105
1959 0.383981 105
1960 0.992733 105
1961 0.662019 105
1962 19.999657 105
1963 19.999657 105
1964 1.193743 105
1965 3.147210 105
1966 1.313010 105
1967 1.544581 105
1968 1.069676 105
1969 0.896352 105
1970 1.324010 105
1971 8.936095 105
1972 1.347733 105
1973 1.174057 105
1974 1.750771 105
1975 0.981410 105
1976 0.829400 105
1977 1.211114 105
1978 0.942181 105
1979 2.586143 105
1980 1.705762 105
1981 0.962257 105
1982 0.272952 105
1983 0.286962 105
1984 0.265771 105
1985 1.895324 105
1986 1.207210 105
1987 1.164552 105
1988 0.678686 105
1989 0.243381 105
1990 0.941543 105
1991 0.296105 105
1992 0.544943 105
1993 0.362257 105
1994 0.740752 105
1995 0.235838 105
1996 0.269371 105
1997 2.890429 105
1998 2.178800 105
1999 2.162943 105
2000 3.878871 116
2001 3.690491 116
2002 3.723052 116
2003 3.687802 116
2004 1.618603 116
2005 1.645647 116
2006 1.076509 116
2007 1.232043 116
2008 0.551155 116
2009 1.333543 116
2010 1.564157 115
2011 1.078397 116
2012 0.354181 116
2013 0.362698 116
2014 1.075345 116
2015 1.151509 116
2016 2.223147 116
2017 2.276293 116
2018 1.164491 116
2019 2.094509 116
2020 1.583948 116
2021 1.245828 116
2022 1.080483 116
2023 1.404741 116
2024 1.610914 116
2025 1.685638 116
2026 1.392560 116
2027 0.963845 116
2028 1.219422 116
2029 13.935284 116
2030 1.483862 116
2031 1.372983 116
2032 0.836172 116
2033 0.997147 116
2034 2.807750 116
2035 1.468276 116
2036 1.371526 116
2037 4.728552 116
2038 1.251862 116
2039 0.708491 116
2040 0.913759 116
2041 0.431914 116
2042 0.405569 116
2043 2.614198 116
2044 1.486310 116
2045 0.763319 116
2046 0.199379 116
2047 0.205543 116
2048 0.225336 116
2049 0.511181 116
2050 0.936092 119
2051 0.410050 119
2052 0.384647 119
2053 1.222824 119
2054 0.460678 118
2055 0.430246 118
2056 1.023588 119
2057 1.350092 119
2058 0.411176 119
2059 0.466017 119
2060 0.401109 119
2061 0.398076 119
2062 1.611630 119
2063 1.352151 119
2064 1.431521 119
2065 0.355109 119
2066 1.042874 119
2067 4.523319 119
2068 1.221034 119
2069 1.533756 119
2070 2.145361 119
2071 1.999353 119
2072 1.280647 119
2073 1.384101 119
2074 1.073748 119
2075 2.459076 119
2076 1.212395 119
2077 0.546487 119
2078 1.874235 119
2079 0.616126 119
2080 1.025748 119
2081 1.283303 119
2082 1.956361 119
2083 1.299387 119
2084 1.587597 119
2085 1.281681 119
2086 1.228101 119
2087 1.555471 119
2088 1.472487 119
2089 1.351773 119
2090 1.292445 119
2091 1.085563 119
2092 3.244294 119
2093 1.133403 119
2094 1.341445 119
2095 1.194840 119
2096 18.737773 119
2097 17.275580 119
2098 16.437319 119
2099 15.376370 119
2100 8.881872 109
2101 10.533312 109
2102 19.201358 109
2103 11.205450 109
2104 5.602731 108
2105 0.794509 108
2106 1.413330 109
2107 2.049018 109
2108 1.260578 109
2109 1.769046 109
2110 1.195303 109
2111 1.363239 109
2112 1.142780 109
2113 1.888110 109
2114 0.789550 109
2115 0.632312 109
2116 0.557908 109
2117 0.362165 109
2118 0.396927 109
2119 0.389661 109
2120 0.419413 109
2121 0.385193 109
2122 0.674495 109
2123 0.449752 109
2124 1.129193 109
2125 0.328211 109
2126 3.385486 109
2127 1.946587 109
2128 1.181294 109
2129 0.767120 108
2130 0.916833 108
2131 0.980174 109
2132 0.654266 109
2133 0.837532 109
2134 1.122633 109
2135 0.292670 109
2136 1.624367 109
2137 0.414514 109
2138 1.647815 108
2139 1.478148 108
2140 0.963880 108
2141 0.900546 108
2142 3.104213 108
2143 0.881824 108
2144 3.738704 108
2145 3.125417 108
2146 1.966617 107
2147 2.192148 108
2148 0.656561 107
2149 1.110093 108
2150 3.521716 102
2151 1.777696 102
2152 1.370314 102
2153 0.646618 102
2154 0.515520 102
2155 2.340618 102
2156 1.898784 102
2157 1.073971 102
2158 2.015363 102
2159 1.799422 102
2160 19.252588 102
2161 18.731382 102
2162 17.929500 102
2163 17.843382 102
2164 17.950912 102
2165 17.137863 102
2166 17.533267 101
2167 16.370594 101
2168 16.141980 101
2169 15.490461 102
2170 15.860861 101
2171 14.512228 101
2172 13.822588 102
2173 13.796647 102
2174 14.260465 101
2175 14.467356 101
2176 15.013218 101
2177 14.648188 101
2178 14.621584 101
2179 14.883317 101
2180 15.493950 101
2181 15.760505 101
2182 16.474050 101
2183 15.980782 101
2184 16.078059 101
2185 17.309376 101
2186 17.013304 102
2187 16.960267 101
2188 17.302535 101
2189 17.816515 101
2190 18.182307 101
2191 18.416520 102
2192 18.819812 101
2193 19.347554 101
2194 19.721327 101
2195 19.767624 101
2196 19.716851 101
2197 19.713317 101
2198 19.675287 101
2199 19.572225 102
2200 13.600545 101
2201 13.987337 101
2202 14.421426 101
2203 16.576238 101
2204 16.761040 101
2205 16.995861 101
2206 16.416564 101
2207 16.982574 101
2208 17.864752 101
2209 16.802535 101
2210 16.091800 100
2211 15.448440 100
2212 15.023640 100
2213 14.635790 100
2214 14.421812 101
2215 13.941020 100
2216 13.275670 100
2217 13.715270 100
2218 14.538800 100
2219 14.256470 100
2220 14.944540 100
2221 14.649400 100
2222 15.722640 100
2223 15.689420 100
2224 15.163010 100
2225 15.684390 100
2226 14.933090 100
2227 16.042100 100
2228 16.373320 100
2229 16.480470 100
2230 17.010554 101
2231 17.945170 100
2232 17.531850 100
2233 17.903317 101
2234 18.737120 100
2235 18.621290 100
2236 18.535140 100
2237 18.757450 100
2238 18.968930 100
2239 19.306330 100
2240 19.202911 101
2241 19.195070 100
2242 19.311677 99
2243 19.183919 99
2244 19.752293 99
2245 19.440687 99
2246 19.446704 98
2247 19.680263 99
2248 19.759480 98
2249 19.019949 98
2250 14.354871 101
2251 14.445129 101
2252 15.540752 101
2253 16.196505 101
2254 16.906000 101
2255 17.136762 101
2256 15.931426 101
2257 16.604340 100
2258 16.691360 100
2259 15.858267 101
2260 15.258614 101
2261 15.645000 100
2262 14.773610 100
2263 13.843287 101
2264 14.422250 100
2265 14.357740 100
2266 13.762560 100
2267 14.239416 101
2268 14.180180 100
2269 14.992446 101
2270 15.321930 100
2271 14.891550 100
2272 16.091600 100
2273 16.279500 100
2274 16.003650 100
2275 15.364160 100
2276 15.705450 100
2277 16.766673 101
2278 17.025970 100
2279 17.689820 100
2280 17.963230 100
2281 17.727400 100
2282 17.942670 100
2283 18.917690 100
2284 18.425760 100
2285 18.505560 100
2286 18.933020 100
2287 19.360440 100
2288 19.364920 100
2289 19.310500 100
2290 19.279842 101
2291 19.639180 100
2292 19.698071 99
2293 19.640606 99
2294 19.593755 98
2295 19.053408 98
2296 19.237898 98
2297 19.207470 100
2298 19.898990 98
2299 19.407717 99
2300 14.429120 100
2301 15.082230 100
2302 15.033750 100
2303 17.145410 100
2304 16.984350 100
2305 17.245090 100
2306 16.307530 100
2307 17.150360 100
2308 16.510900 100
2309 15.874606 99
2310 16.276758 99
2311 15.331940 100
2312 15.451424 99
2313 15.115182 99
2314 14.710677 99
2315 14.925303 99
2316 13.991051 99
2317 13.817808 99
2318 14.082939 99
2319 14.570424 99
2320 15.000687 99
2321 15.137690 100
2322 15.342990 99
2323 16.093980 99
2324 16.140263 99
2325 15.993808 99
2326 16.946071 99
2327 16.405303 99
2328 16.774212 99
2329 17.588360 100
2330 17.330949 99
2331 17.901606 99
2332 17.567657 99
2333 18.156780 100
2334 18.376455 99
2335 18.330788 99
2336 18.943455 99
2337 18.929172 99
2338 19.339333 99
2339 19.399020 99
2340 19.435747 99
2341 19.615990 99
2342 19.284949 98
2343 19.408041 98
2344 19.233929 99
2345 19.599510 98
2346 19.502918 98
2347 19.440337 98
2348 19.348216 97
2349 19.166306 98
2350 14.370337 86
2351 1.097221 86
2352 0.778895 86
2353 0.494395 86
2354 0.526744 86
2355 0.515105 86
2356 1.376488 86
2357 1.569767 86
2358 0.807824 85
2359 1.507235 85
2360 0.651188 85
2361 0.957824 85
2362 2.052259 85
2363 0.909576 85
2364 0.632859 85
2365 0.643012 85
2366 1.328000 85
2367 0.933965 86
2368 1.534988 86
2369 0.385094 85
2370 2.110291 86
2371 0.758459 85
2372 0.384788 85
2373 0.679686 86
2374 0.532435 85
2375 1.225706 85
2376 0.389518 85
2377 0.561686 86
2378 0.547765 85
2379 0.733718 85
2380 0.312302 86
2381 0.589165 85
2382 0.336529 85
2383 1.024291 86
2384 0.294395 86
2385 0.259140 86
2386 0.789209 86
2387 0.258826 86
2388 0.255314 86
2389 1.649035 86
2390 0.292616 86
2391 0.299570 86
2392 1.087244 86
2393 0.323663 86
2394 0.287128 86
2395 0.752244 86
2396 0.246291 86
2397 0.247872 86
2398 0.716605 86
2399 0.284419 86
2400 0.757060 117
2401 0.362675 117
2402 0.450838 117
2403 0.509239 117
2404 0.361419 117
2405 0.473521 117
2406 0.369744 117
2407 0.369479 117
2408 0.364427 117
2409 0.321034 117
2410 1.205231 117
2411 1.632368 117
2412 0.755538 117
2413 0.779393 117
2414 1.185256 117
2415 1.135786 117
2416 0.902487 117
2417 0.381265 117
2418 0.657744 117
2419 0.437590 117
2420 0.805838 117
2421 1.427675 117
2422 0.481402 117
2423 0.806393 117
2424 0.833650 117
2425 0.670735 117
2426 0.384573 117
2427 0.435325 117
2428 0.430590 117
2429 0.433718 117
2430 0.539162 117
2431 1.469838 117
2432 0.982402 117
2433 0.837521 117
2434 0.946068 117
2435 0.983786 117
2436 0.978427 117
2437 1.967718 117
2438 0.501342 117
2439 1.150376 117
2440 0.891932 117
2441 17.582256 117
2442 17.707658 117
2443 17.764085 117
2444 1.002607 117
2445 0.290595 116
2446 0.295319 116
2447 5.140932 117
2448 0.384556 117
2449 0.363496 117
2450 4.538500 114
2451 2.662351 114
2452 2.507465 114
2453 1.538921 114
2454 0.436407 113
2455 3.170105 114
2456 1.851430 114
2457 1.051719 114
2458 0.888912 114
2459 0.381868 114
2460 1.106947 114
2461 2.201219 114
2462 1.216711 114
2463 0.990649 114
2464 0.939061 114
2465 0.324675 114
2466 1.093035 114
2467 1.527877 114
2468 0.893070 114
2469 5.176395 114
2470 1.502991 114
2471 1.240342 114
2472 1.013912 114
2473 1.274754 114
2474 1.348114 114
2475 1.362807 114
2476 0.784658 114
2477 16.391658 114
2478 3.844588 114
2479 0.695307 114
2480 4.980614 114
2481 1.065509 114
2482 3.572009 114
2483 1.740930 114
2484 1.138579 114
2485 0.513675 114
2486 1.190974 114
2487 1.153781 114
2488 0.863096 114
2489 0.306421 114
2490 1.045728 114
2491 0.358140 114
2492 0.860009 114
2493 1.180693 114
2494 0.539956 114
2495 0.887886 114
2496 0.567974 114
2497 2.825904 114
2498 1.038658 114
2499 0.952947 114
2500 1.043550 109
2501 1.157505 109
2502 18.859495 109
2503 1.682037 109
2504 0.988743 109
2505 1.077917 109
2506 1.145578 109
2507 7.031624 109
2508 1.800046 109
2509 20.000000 109
2510 1.331826 109
2511 0.871633 109
2512 0.910982 109
2513 2.028890 109
2514 1.104000 109
2515 0.653798 109
2516 0.314275 109
2517 1.156550 109
2518 0.661211 109
2519 0.965440 109
2520 1.001092 109
2521 1.234450 109
2522 0.853183 109
2523 0.671303 109
2524 1.171138 109
2525 0.969339 109
2526 0.776789 109
2527 0.941440 109
2528 7.122890 109
2529 0.866578 109
2530 1.090560 109
2531 1.283853 109
2532 1.940284 109
2533 4.905468 109
2534 1.356000 109
2535 0.820505 109
2536 1.393679 109
2537 0.681394 109
2538 0.720569 109
2539 0.761266 109
2540 0.716385 109
2541 0.588404 109
2542 0.572789 109
2543 0.769055 109
2544 0.936349 109
2545 0.689661 109
2546 0.550284 109
2547 0.622358 109
2548 0.876147 109
2549 0.640284 109
2550 1.024441 102
2551 1.272618 102
2552 4.665147 102
2553 1.211010 102
2554 20.000000 102
2555 1.491990 102
2556 1.051245 102
2557 1.154520 102
2558 2.157461 102
2559 1.179706 102
2560 1.959863 102
2561 1.348990 102
2562 1.201392 102
2563 11.898059 102
2564 6.237569 102
2565 3.685363 102
2566 3.638255 102
2567 3.894578 102
2568 3.836912 102
2569 3.081627 102
2570 3.028020 102
2571 2.765667 102
2572 3.029804 102
2573 2.472275 102
2574 2.563206 102
2575 2.465176 102
2576 2.117500 102
2577 1.855000 102
2578 1.661608 102
2579 1.944284 102
2580 1.928539 102
2581 2.249559 102
2582 1.732186 102
2583 1.671971 102
2584 1.894304 102
2585 1.430284 102
2586 1.454510 102
2587 1.672275 102
2588 1.450363 102
2589 1.447353 102
2590 2.376922 102
2591 2.891912 102
2592 2.408824 102
2593 1.682892 102
2594 1.385039 102
2595 2.202941 102
2596 1.942363 102
2597 1.535137 102
2598 1.590716 102
2599 1.680500 102
2600 8.891112 107
2601 9.604131 107
2602 4.429579 107
2603 4.435178 107
2604 4.205710 107
2605 3.742710 107
2606 3.015187 107
2607 3.821860 107
2608 3.872776 107
2609 2.986850 107
2610 2.691841 107
2611 2.641991 107
2612 2.601598 107
2613 2.396533 107
2614 2.086673 107
2615 1.992953 107
2616 1.893832 107
2617 2.086570 107
2618 2.122907 107
2619 2.228748 107
2620 2.036991 107
2621 1.918654 107
2622 2.576308 107
2623 2.597178 107
2624 2.700206 107
2625 2.224869 107
2626 1.763551 107
2627 1.890467 107
2628 2.191299 107
2629 2.073598 107
2630 2.414234 107
2631 1.907383 107
2632 1.957308 107
2633 1.834047 107
2634 1.037477 107
2635 1.189178 107
2636 1.287243 107
2637 1.437056 107
2638 1.360280 107
2639 1.271748 107
2640 1.718888 107
2641 1.624336 107
2642 1.658617 107
2643 1.670019 107
2644 1.689523 107
2645 1.570196 107
2646 1.697832 107
2647 1.272364 107
2648 1.267617 107
2649 1.456495 107
2650 9.580010 105
2651 10.487552 105
2652 4.697124 105
2653 4.164648 105
2654 3.994381 105
2655 3.442610 105
2656 3.360905 105
2657 3.617905 105
2658 3.335838 105
2659 3.100390 105
2660 2.817714 105
2661 2.466448 105
2662 2.592295 105
2663 1.160686 105
2664 0.286752 105
2665 1.260514 105
2666 0.824343 105
2667 19.620029 105
2668 19.619990 105
2669 19.620010 105
2670 19.620019 105
2671 19.620010 105
2672 19.620010 105
2673 19.620000 105
2674 19.620057 105
2675 19.620514 105
2676 19.620276 105
2677 19.620029 105
2678 19.619990 105
2679 19.620000 105
2680 19.619990 105
2681 19.620200 105
2682 19.620200 105
2683 19.620429 105
2684 19.809543 105
2685 19.640952 105
2686 19.809543 105
2687 19.809552 105
2688 19.809571 105
2689 19.809533 105
2690 19.807712 104
2691 19.632077 104
2692 19.205856 104
2693 19.676375 104
2694 19.517827 104
2695 19.782587 104
2696 19.133481 104
2697 19.791558 104
2698 19.689144 104
2699 19.591942 104
2700 19.618346 104
2701 19.616519 104
2702 19.616596 104
2703 19.616827 104
2704 19.616635 104
2705 19.617202 104
2706 19.617029 104
2707 19.617298 104
2708 19.616846 104
2709 19.807865 104
2710 19.807885 104
2711 0.899808 104
2712 0.928019 104
2713 0.837529 104
2714 1.645019 104
2715 0.675596 104
2716 4.294721 104
2717 0.757808 104
2718 1.711904 104
2719 0.689712 104
2720 0.592615 104
2721 2.241183 104
2722 0.844779 104
2723 0.624308 104
2724 0.571019 104
2725 0.628337 104
2726 0.635846 104
2727 0.811221 104
2728 0.490375 104
2729 0.786952 104
2730 2.353769 104
2731 0.569010 104
2732 0.551923 104
2733 2.705067 104
2734 0.542798 104
2735 0.482404 104
2736 0.431788 104
2737 0.483837 104
2738 0.512606 104
2739 0.434981 104
2740 0.473375 104
2741 0.380442 104
2742 0.452692 104
2743 0.766663 104
2744 0.389000 104
2745 0.509067 104
2746 0.588760 104
2747 0.395183 104
2748 1.439923 104
2749 0.447538 104
2750 2.031758 95
2751 0.783798 94
2752 0.972000 95
2753 0.801372 94
2754 1.176611 95
2755 0.460611 95
2756 1.440937 95
2757 1.545453 95
2758 1.648379 95
2759 1.566011 95
2760 1.489779 95
2761 1.440663 95
2762 1.594074 95
2763 1.529389 95
2764 1.458021 95
2765 1.315695 95
2766 1.340947 95
2767 1.306789 95
2768 1.829800 95
2769 1.557842 95
2770 1.480253 95
2771 1.350442 95
2772 1.283453 95
2773 1.532242 95
2774 1.357421 95
2775 1.189326 95
2776 1.534821 95
2777 1.140905 95
2778 1.311537 95
2779 1.473147 95
2780 1.454516 95
2781 1.569295 95
2782 1.262895 95
2783 1.111158 95
2784 1.248611 95
2785 0.864937 95
2786 1.450358 95
2787 1.912316 95
2788 0.536789 95
2789 1.085253 95
2790 0.440811 95
2791 0.542063 95
2792 0.446642 95
2793 0.514484 95
2794 0.614537 95
2795 0.570726 95
2796 0.480916 95
2797 0.522200 95
2798 0.519705 95
2799 0.454284 95
2800 1.213825 103
2801 0.676932 103
2802 0.822029 103
2803 0.727631 103
2804 0.651379 103
2805 0.792117 103
2806 0.794835 103
2807 0.658728 103
2808 0.678252 103
2809 0.652942 103
2810 0.810806 103
2811 0.733709 103
2812 0.695320 103
2813 0.657718 103
2814 0.656184 103
2815 1.118515 103
2816 0.392117 103
2817 0.361068 103
2818 0.361699 103
2819 19.614883 103
2820 19.613136 103
2821 19.613097 103
2822 19.641796 103
2823 19.612767 103
2824 19.418728 103
2825 19.608833 102
2826 19.608863 102
2827 19.608922 102
2828 19.608941 102
2829 19.418466 103
2830 19.609118 102
2831 19.608824 102
2832 19.608863 102
2833 19.609010 102
2834 19.609000 102
2835 19.609598 102
2836 19.611176 102
2837 19.609029 102
2838 19.418505 103
2839 0.357233 103
2840 0.118369 103
2841 0.124252 103
2842 0.622563 103
2843 0.143883 103
2844 0.191539 102
2845 0.128990 102
2846 0.545922 103
2847 0.179718 103
2848 0.314767 103
2849 0.169340 103
2850 1.105574 108
2851 0.405722 108
2852 0.385389 108
2853 0.411787 108
2854 0.954019 108
2855 0.421046 108
2856 0.320991 108
2857 1.853278 108
2858 1.519537 108
2859 1.208741 108
2860 1.364519 108
2861 1.882981 108
2862 0.356620 108
2863 1.502389 108
2864 0.362806 108
2865 0.414963 108
2866 0.863778 108
2867 2.474028 108
2868 0.948435 108
2869 1.057769 108
2870 0.310213 108
2871 0.369561 107
2872 0.351308 107
2873 4.587991 107
2874 3.361495 107
2875 4.363944 107
2876 4.737009 107
2877 3.763009 107
2878 5.146000 107
2879 5.645841 107
2880 5.102710 107
2881 4.700850 107
2882 5.457813 107
2883 4.491841 107
2884 5.860224 107
2885 6.977682 107
2886 7.703542 107
2887 7.707850 107
2888 6.863991 107
2889 5.033430 107
2890 3.582505 107
2891 3.459738 107
2892 4.415075 107
2893 1.781972 107
2894 0.279523 107
2895 0.268066 106
2896 2.756710 107
2897 2.385942 104
2898 0.249905 105
2899 0.369733 105
2900 0.947140 86
2901 0.442988 86
2902 0.436395 86
2903 0.423791 86
2904 1.483140 86
2905 0.395860 86
2906 0.330412 85
2907 0.531282 85
2908 1.398209 86
2909 0.361600 85
2910 0.441318 85
2911 1.570593 86
2912 0.598419 86
2913 0.806384 86
2914 0.668826 86
2915 0.602767 86
2916 1.452965 86
2917 0.375965 86
2918 0.461035 86
2919 0.347000 86
2920 1.247337 86
2921 0.327000 86
2922 0.361419 86
2923 1.232291 86
2924 0.471349 86
2925 0.377279 86
2926 0.363837 86
2927 1.169419 86
2928 0.341105 86
2929 0.389581 86
2930 0.393500 86
2931 1.439942 86
2932 0.387453 86
2933 0.390523 86
2934 0.401884 86
2935 1.617360 86
2936 0.750198 86
2937 0.799570 86
2938 0.881442 86
2939 0.357686 86
2940 0.331837 86
2941 0.425930 86
2942 0.427407 86
2943 0.360163 86
2944 1.294756 86
2945 0.539372 86
2946 0.489860 86
2947 0.619186 86
2948 1.185453 86
2949 0.524314 86
2950 1.398093 97
2951 0.609515 97
2952 0.554320 97
2953 1.128258 97
2954 0.636763 97
2955 1.178103 97
2956 0.402072 97
2957 1.187608 97
2958 1.910299 97
2959 0.772485 97
2960 0.460938 97
2961 0.449680 97
2962 1.492649 97
2963 0.416320 97
2964 0.347505 97
2965 1.018619 97
2966 0.363485 97
2967 0.465361 97
2968 0.364485 97
2969 2.892495 97
2970 2.609732 97
2971 1.029670 97
2972 15.031979 97
2973 0.708536 97
2974 0.346299 97
2975 1.352557 97
2976 0.297458 96
2977 0.375165 97
2978 0.798082 97
2979 0.427330 97
2980 0.454402 97
2981 1.090278 97
2982 0.429206 97
2983 1.098340 97
2984 0.360196 97
2985 1.115351 97
2986 0.313948 97
2987 0.314948 97
2988 0.891402 97
2989 0.316660 97
2990 0.932082 97
2991 1.046309 97
2992 0.337330 97
2993 0.856113 97
2994 0.303773 97
2995 1.165794 97
2996 0.294577 97
2997 0.776186 97
2998 0.299309 97
2999 19.589443 97
3000 19.705165 103
3001 19.805845 103
3002 19.653233 103
3003 19.658165 103
3004 19.621689 103
3005 19.619544 103
3006 19.621505 103
3007 19.614903 103
3008 1.836757 103
3009 1.138903 103
3010 0.520485 103
3011 1.048194 103
3012 0.552660 103
3013 1.359233 103
3014 0.628874 103
3015 0.639262 103
3016 0.822757 103
3017 0.920680 103
3018 0.497408 103
3019 0.327573 103
3020 0.393903 103
3021 0.633126 103
3022 0.987709 103
3023 0.345515 103
3024 0.466117 103
3025 0.921350 103
3026 0.245437 103
3027 0.676476 103
3028 0.681903 103
3029 0.472874 103
3030 1.251301 103
3031 0.565883 103
3032 0.883757 103
3033 0.304029 103
3034 0.693175 103
3035 0.211252 103
3036 2.186350 103
3037 1.951340 103
3038 1.846864 103
3039 0.553495 103
3040 0.168165 103
3041 0.869223 103
3042 0.549019 103
3043 1.132340 103
3044 0.149243 103
3045 0.444068 103
3046 0.151359 103
3047 0.163767 103
3048 0.544087 103
3049 0.143738 103
3050 0.693809 94
3051 0.343926 94
3052 0.930362 94
3053 0.330245 94
3054 0.322245 94
3055 0.770777 94
3056 0.284266 94
3057 1.651287 94
3058 0.598839 93
3059 0.494559 93
3060 0.917511 94
3061 0.368521 94
3062 1.047543 94
3063 0.713213 94
3064 0.645596 94
3065 0.843596 94
3066 0.733649 94
3067 0.981149 94
3068 0.390585 94
3069 2.043000 94
3070 1.230404 94
3071 0.892372 94
3072 0.670638 94
3073 0.638511 94
3074 0.527787 94
3075 0.673564 94
3076 0.629223 94
3077 0.860255 94
3078 0.918851 94
3079 0.797904 94
3080 0.892128 94
3081 0.734840 94
3082 0.678404 94
3083 1.024777 94
3084 0.809309 94
3085 0.958745 94
3086 1.068245 94
3087 0.227946 93
3088 0.409570 93
3089 0.479074 94
3090 0.394247 93
3091 0.194710 93
3092 0.248849 93
3093 0.178409 93
3094 0.206734 94
3095 0.225223 94
3096 0.243796 93
3097 1.325394 94
3098 0.407022 93
3099 0.485032 93
3100 2.078364 99
3101 0.642071 99
3102 0.659354 99
3103 0.672616 99
3104 0.549828 99
3105 0.567162 99
3106 0.788929 99
3107 0.577788 99
3108 0.650596 99
3109 1.197303 99
3110 1.509737 99
3111 0.380566 99
3112 0.904364 99
3113 6.053040 99
3114 0.345606 99
3115 0.918020 99
3116 0.516444 99
3117 0.374465 99
3118 0.359939 99
3119 0.860465 99
3120 0.298768 99
3121 0.921626 99
3122 0.310313 99
3123 0.313525 99
3124 1.186101 99
3125 1.670020 99
3126 0.390253 99
3127 0.417778 99
3128 0.490626 99
3129 0.355485 99
3130 0.487192 99
3131 0.464899 99
3132 1.266000 99
3133 1.101687 99
3134 0.695121 99
3135 0.711455 99
3136 0.656333 99
3137 0.713828 99
3138 0.830707 99
3139 0.943545 99
3140 0.250707 99
3141 0.288576 99
3142 0.245455 99
3143 0.262606 99
3144 0.279859 99
3145 0.243444 99
3146 0.262434 99
3147 0.755495 99
3148 0.472364 99
3149 0.495495 99
3150 0.971673 104
3151 1.342596 104
3152 0.729212 104
3153 2.038394 104
3154 0.423529 104
3155 0.599462 104
3156 0.444625 104
3157 1.095606 104
3158 0.412010 104
3159 0.343038 104
3160 0.334202 104
3161 0.348760 104
3162 0.408144 104
3163 6.937250 104
3164 0.405490 104
3165 0.829317 104
3166 1.066269 104
3167 0.887500 104
3168 0.981510 104
3169 0.346375 104
3170 0.573212 104
3171 0.306654 104
3172 0.321288 104
3173 0.339625 104
3174 0.280990 104
3175 0.416740 104
3176 0.359106 104
3177 0.346548 104
3178 0.726654 104
3179 0.789077 104
3180 0.498798 104
3181 0.753654 104
3182 0.634798 104
3183 0.730808 104
3184 0.718337 104
3185 0.940317 104
3186 19.807654 104
3187 19.807423 104
3188 19.807567 104
3189 19.807365 104
3190 19.807606 104
3191 19.807413 104
3192 0.587904 104
3193 0.967740 104
3194 0.467038 104
3195 0.303750 104
3196 0.739635 104
3197 0.269096 104
3198 0.255413 104
3199 0.212827 104
3200 0.888101 109
3201 0.971697 109
3202 0.462119 109
3203 0.383807 109
3204 0.377110 109
3205 0.382560 109
3206 0.930495 109
3207 0.362835 109
3208 0.886826 109
3209 0.430688 109
3210 1.307807 109
3211 4.866229 109
3212 1.056624 109
3213 0.800018 109
3214 0.285000 109
3215 0.822954 109
3216 0.339789 109
3217 0.262413 109
3218 0.445431 109
3219 0.259862 109
3220 0.275174 109
3221 0.426661 109
3222 0.847193 109
3223 0.320404 109
3224 0.342028 109
3225 0.320330 109
3226 0.978807 109
3227 1.135413 109
3228 0.791083 109
3229 0.272028 109
3230 1.021606 109
3231 1.045229 109
3232 0.870165 109
3233 0.261853 109
3234 2.267972 109
3235 0.805009 109
3236 0.684734 109
3237 0.869220 109
3238 0.263367 109
3239 0.371807 109
3240 0.650450 109
3241 0.229908 109
3242 0.236706 109
3243 0.283615 109
3244 1.389312 109
3245 14.157972 109
3246 13.742725 109
3247 12.719266 109
3248 8.750780 109
3249 5.019367 109
3250 1.211065 108
3251 0.345222 108
3252 0.344500 108
3253 0.418176 108
3254 1.027028 108
3255 1.170500 108
3256 1.317093 108
3257 1.045148 108
3258 1.445250 108
3259 1.330093 108
3260 1.320250 108
3261 5.726593 108
3262 1.152731 108
3263 1.884852 108
3264 1.459139 108
3265 0.792472 108
3266 1.329907 108
3267 0.309444 108
3268 0.295065 108
3269 0.339954 108
3270 0.335926 108
3271 0.302870 108
3272 2.082241 108
3273 1.418852 108
3274 0.281682 107
3275 2.137935 108
3276 0.749694 108
3277 0.429556 108
3278 0.980713 108
3279 0.274860 107
3280 0.889324 108
3281 0.875861 108
3282 0.662306 108
3283 0.296111 108
3284 0.253065 108
3285 0.746935 108
3286 0.282370 108
3287 0.310213 108
3288 0.266185 108
3289 0.694574 108
3290 1.487019 108
3291 0.242556 108
3292 0.327130 108
3293 0.271009 108
3294 0.305222 108
3295 2.339833 108
3296 0.753537 108
3297 1.101269 108
3298 0.745620 108
3299 0.424407 108
3300 1.078235 119
3301 1.369487 119
3302 4.271403 119
3303 2.984899 119
3304 2.841429 119
3305 3.228697 119
3306 5.172647 119
3307 7.763479 119
3308 8.420252 119
3309 5.586034 119
3310 4.113966 119
3311 0.823496 119
3312 0.421193 119
3313 0.385899 119
3314 0.907420 119
3315 0.353353 119
3316 1.293630 119
3317 2.048168 119
3318 2.793286 119
3319 1.921857 119
3320 1.851202 119
3321 1.923706 119
3322 1.022160 119
3323 0.665655 119
3324 1.000857 119
3325 0.252034 118
3326 1.095630 119
3327 1.116958 119
3328 0.883529 119
3329 3.686706 119
3330 0.388529 119
3331 10.446714 119
3332 0.931546 119
3333 1.113059 119
3334 0.328479 119
3335 4.212664 119
3336 0.903084 119
3337 0.230538 119
3338 0.852437 119
3339 0.684563 119
3340 0.790176 119
3341 5.138076 119
3342 3.034898 118
3343 0.774866 119
3344 0.778832 119
3345 1.076210 119
3346 0.710269 119
3347 0.828454 119
3348 0.521227 119
3349 0.864496 119
3350 2.866412 85
3351 1.026224 85
3352 1.252459 85
3353 1.050376 85
3354 1.329212 85
3355 0.408988 85
3356 1.488835 85
3357 0.326447 85
3358 0.336694 85
3359 0.945012 85
3360 0.947059 85
3361 0.296565 85
3362 1.215647 85
3363 0.835529 85
3364 0.304918 85
3365 0.279165 85
3366 0.356071 85
3367 0.937447 85
3368 0.527153 85
3369 2.079388 85
3370 1.014071 85
3371 0.827094 85
3372 0.274129 85
3373 0.273188 85
3374 1.224918 85
3375 0.328788 85
3376 1.134271 85
3377 0.814094 85
3378 1.138000 85
3379 0.282429 84
3380 0.285048 84
3381 0.895494 85
3382 0.325224 85
3383 0.337200 85
3384 0.907494 85
3385 0.267271 85
3386 0.251506 85
3387 0.963741 85
3388 0.675588 85
3389 0.933329 85
3390 0.913906 85
3391 1.983729 85
3392 1.360118 85
3393 1.565941 85
3394 1.450235 85
3395 2.459953 85
3396 1.557271 85
3397 1.531671 85
3398 19.999976 85
3399 0.743929 85
3400 0.877632 95
3401 0.835495 95
3402 0.917284 95
3403 0.267684 95
3404 1.163958 95
3405 0.341147 95
3406 0.535842 95
3407 1.197926 95
3408 0.844526 95
3409 0.764211 95
3410 0.348705 95
3411 0.262811 95
3412 0.636432 95
3413 0.997389 95
3414 0.293663 95
3415 0.270126 95
3416 0.822242 95
3417 0.976253 95
3418 0.355737 95
3419 0.331505 95
3420 1.170842 95
3421 0.320000 95
3422 0.340684 95
3423 2.133253 95
3424 1.346968 95
3425 1.391474 95
3426 4.658116 95
3427 4.016242 95
3428 0.687863 95
3429 0.866063 95
3430 0.876474 95
3431 0.220442 95
3432 0.249474 95
3433 0.972695 95
3434 0.444442 95
3435 0.250779 95
3436 0.883884 95
3437 0.479516 95
3438 0.576747 95
3439 1.811832 95
3440 0.632372 94
3441 0.777958 95
3442 0.221863 95
3443 0.188484 95
3444 2.612737 95
3445 0.287347 95
3446 0.797253 95
3447 1.847326 95
3448 2.447726 95
3449 0.311495 95
3450 3.566000 115
3451 1.449704 115
3452 2.179461 115
3453 1.254043 115
3454 1.272139 115
3455 1.072478 115
3456 0.398635 115
3457 0.343009 115
3458 1.864365 115
3459 1.136939 115
3460 0.399887 115
3461 1.611226 115
3462 1.268791 115
3463 0.758461 115
3464 2.286826 115
3465 0.649270 115
3466 0.996826 115
3467 0.734191 115
3468 0.815165 115
3469 1.060626 115
3470 0.363487 115
3471 1.037652 115
3472 0.688539 115
3473 0.352913 115
3474 0.745304 115
3475 0.845539 115
3476 0.358391 115
3477 0.420643 115
3478 4.555739 115
3479 3.928357 115
3480 0.925139 115
3481 1.571130 115
3482 0.777330 115
3483 1.254243 115
3484 0.392313 115
3485 0.328478 115
3486 1.849322 115
3487 1.309487 115
3488 0.718678 115
3489 0.885304 115
3490 1.013452 115
3491 0.623330 115
3492 1.218896 115
3493 0.327565 115
3494 0.282365 115
3495 0.814409 115
3496 0.335052 115
3497 0.304522 115
3498 0.770174 115
3499 0.290417 115
3500 1.059907 97
3501 1.434000 97
3502 0.597309 97
3503 0.335227 97
3504 1.300660 97
3505 0.575134 97
3506 0.608237 97
3507 1.206928 97
3508 0.631041 97
3509 0.472000 97
3510 1.200814 97
3511 0.723938 97
3512 0.356732 97
3513 19.595124 97
3514 19.414804 97
3515 19.590876 97
3516 1.126990 97
3517 1.136845 97
3518 0.381495 97
3519 0.371784 97
3520 6.276361 97
3521 0.903124 97
3522 0.511866 97
3523 0.545897 97
3524 0.954969 97
3525 0.346031 97
3526 0.299196 97
3527 1.409825 97
3528 1.218887 97
3529 0.669237 97
3530 0.707918 97
3531 1.117144 97
3532 0.296417 96
3533 0.352552 96
3534 3.493309 97
3535 1.051443 97
3536 0.381216 97
3537 0.403062 97
3538 1.145649 97
3539 1.102320 97
3540 1.144464 97
3541 0.985175 97
3542 0.910082 97
3543 1.011897 97
3544 1.074814 97
3545 1.450938 97
3546 0.308794 97
3547 0.791742 97
3548 0.960330 97
3549 0.855351 97
3550 1.140406 106
3551 1.202019 106
3552 1.639075 106
3553 1.150557 106
3554 0.450500 106
3555 1.216358 106
3556 1.372019 106
3557 2.239387 106
3558 1.027604 106
3559 1.519377 106
3560 1.368547 106
3561 2.901377 106
3562 1.454368 106
3563 0.397086 105
3564 1.612651 106
3565 1.120057 106
3566 3.154962 106
3567 0.808434 106
3568 1.027623 106
3569 1.902066 106
3570 1.191896 106
3571 0.366075 106
3572 0.996811 106
3573 1.872104 106
3574 1.579585 106
3575 0.449358 106
3576 0.734821 106
3577 1.068481 106
3578 1.957887 106
3579 13.972623 106
3580 1.214519 106
3581 1.182274 106
3582 1.449255 106
3583 1.095123 106
3584 0.640670 106
3585 1.039151 106
3586 1.701443 106
3587 0.649858 106
3588 0.199519 106
3589 1.163349 106
3590 0.485368 106
3591 6.178509 106
3592 1.246962 106
3593 0.614792 106
3594 0.773604 106
3595 0.609491 106
3596 0.768189 106
3597 0.783887 106
3598 0.746019 106
3599 0.190029 105
3600 3.844442 95
3601 1.273316 95
3602 1.163368 95
3603 1.344421 95
3604 13.260095 95
3605 1.436032 95
3606 1.416821 95
3607 1.047989 95
3608 0.326474 95
3609 1.322947 95
3610 1.122579 95
3611 1.081389 95
3612 1.127032 95
3613 1.443768 95
3614 1.292326 95
3615 0.301074 95
3616 1.006705 95
3617 0.421989 95
3618 1.268389 95
3619 0.993358 95
3620 0.445840 94
3621 1.062305 95
3622 0.391842 95
3623 1.087642 95
3624 0.531684 95
3625 0.993421 95
3626 1.014768 95
3627 1.039832 95
3628 1.668895 95
3629 1.540021 95
3630 1.747832 95
3631 0.960758 95
3632 1.220684 95
3633 1.690684 95
3634 0.915168 95
3635 0.365305 95
3636 3.686316 95
3637 0.773926 95
3638 2.148621 95
3639 0.516411 95
3640 0.701147 95
3641 0.509358 95
3642 0.740895 95
3643 0.531821 95
3644 2.328084 95
3645 0.783884 95
3646 0.882053 95
3647 1.236147 95
3648 18.875905 95
3649 0.431474 95
3650 1.095465 114
3651 2.689684 114
3652 1.609535 114
3653 1.154684 114
3654 1.713851 114
3655 1.756509 114
3656 0.882912 114
3657 20.000000 114
3658 3.341816 114
3659 3.253763 114
3660 1.318711 114
3661 1.532535 114
3662 1.746158 114
3663 1.082991 114
3664 20.000000 114
3665 1.054807 114
3666 2.781175 114
3667 1.262605 114
3668 1.757509 114
3669 0.819447 114
3670 3.619719 114
3671 0.568140 114
3672 0.903491 114
3673 0.947377 114
3674 0.960351 114
3675 0.921070 114
3676 1.516570 114
3677 1.616491 114
3678 0.648325 114
3679 1.361298 114
3680 1.112526 114
3681 0.868105 114
3682 0.846684 114
3683 0.642237 114
3684 0.532228 114
3685 0.935132 114
3686 1.049579 114
3687 0.755640 114
3688 0.460219 114
3689 1.593877 114
3690 0.610605 114
3691 2.556325 114
3692 0.782351 114
3693 0.541368 114
3694 0.742561 114
3695 0.649263 114
3696 0.925342 114
3697 0.631912 114
3698 1.307395 114
3699 1.025149 114
3700 1.339471 102
3701 1.163608 102
3702 1.396549 102
3703 1.275647 102
3704 1.925412 102
3705 1.276324 102
3706 1.603422 102
3707 1.912275 102
3708 1.615853 102
3709 1.032422 102
3710 1.414422 102
3711 2.740206 102
3712 0.952667 102
3713 1.164235 102
3714 1.107353 102
3715 2.068314 102
3716 0.975265 102
3717 1.572373 102
3718 1.320255 102
3719 1.123745 102
3720 18.495971 102
3721 1.288186 102
3722 1.710765 102
3723 1.397990 102
3724 1.009824 102
3725 0.893892 102
3726 1.534755 102
3727 1.009049 102
3728 1.558912 102
3729 0.758902 102
3730 1.024137 102
3731 0.821206 102
3732 2.026294 102
3733 0.867990 102
3734 0.838892 102
3735 1.163373 102
3736 0.906755 102
3737 1.020559 102
3738 1.849618 102
3739 1.042039 102
3740 0.747549 102
3741 0.762127 102
3742 0.740471 102
3743 0.717176 102
3744 1.498098 102
3745 0.598431 102
3746 0.864480 102
3747 0.709098 102
3748 0.638745 102
3749 0.670039 102
3750 1.044746 114
3751 1.320772 114
3752 2.097851 114
3753 2.943781 114
3754 1.141281 114
3755 1.198728 114
3756 1.902702 114
3757 0.944596 114
3758 1.183202 114
3759 1.084263 114
3760 1.003289 114
3761 0.908351 114
3762 2.829726 113
3763 1.452991 113
3764 0.961487 113
3765 0.899053 113
3766 2.153265 113
3767 19.531000 113
3768 3.125673 113
3769 1.493071 113
3770 1.423761 113
3771 1.224796 113
3772 1.019717 113
3773 0.735832 113
3774 0.886442 113
3775 1.158204 113
3776 8.956248 113
3777 0.735327 113
3778 4.407956 113
3779 8.041469 113
3780 0.917080 113
3781 2.444027 113
3782 14.892558 113
3783 2.189487 113
3784 0.574602 113
3785 0.553735 113
3786 20.000000 113
3787 0.838708 113
3788 0.867513 113
3789 0.928124 113
3790 0.640619 113
3791 0.605858 113
3792 0.763628 113
3793 0.628204 113
3794 1.037292 113
3795 0.516159 113
3796 0.766690 113
3797 0.828398 113
3798 0.636469 113
3799 0.591354 113
3800 1.096542 107
3801 1.082514 107
3802 13.614981 107
3803 1.116252 107
3804 3.038710 107
3805 0.987112 107
3806 1.558907 107
3807 1.232972 107
3808 1.604028 107
3809 2.813570 107
3810 1.654178 107
3811 1.222822 107
3812 1.259869 107
3813 1.415748 107
3814 1.219617 107
3815 1.106439 107
3816 1.073794 107
3817 1.371570 107
3818 1.206813 107
3819 1.064523 107
3820 0.915430 107
3821 18.296626 107
3822 1.036879 107
3823 0.853065 107
3824 1.382009 107
3825 2.091617 107
3826 1.766252 107
3827 1.131206 107
3828 1.390570 107
3829 1.289850 107
3830 0.813374 107
3831 1.254804 107
3832 1.152551 107
3833 0.953234 107
3834 0.797393 107
3835 0.875748 107
3836 0.867206 107
3837 2.561477 107
3838 2.757280 107
3839 0.889150 107
3840 1.321794 107
3841 0.711570 107
3842 1.021393 107
3843 0.596374 107
3844 0.800299 107
3845 0.625579 107
3846 0.635813 107
3847 0.726206 107
3848 0.792897 107
3849 0.710757 107
3850 1.112066 106
3851 3.456774 106
3852 1.304519 106
3853 1.664943 106
3854 1.568170 106
3855 1.279821 106
3856 1.183858 106
3857 1.291057 106
3858 12.372887 106
3859 1.376792 106
3860 1.751349 106
3861 1.289519 106
3862 1.294679 106
3863 1.741453 106
3864 1.188934 106
3865 3.003085 106
3866 1.720575 106
3867 0.960821 106
3868 1.080406 106
3869 1.380585 106
3870 1.322094 106
3871 1.013858 106
3872 1.919991 106
3873 2.912217 106
3874 0.948528 106
3875 1.080198 106
3876 1.105915 106
3877 1.464538 106
3878 1.126745 106
3879 1.314915 106
3880 1.054792 106
3881 1.207774 106
3882 1.488651 106
3883 1.179189 106
3884 0.911151 106
3885 1.103811 106
3886 2.370679 106
3887 0.968557 106
3888 1.805764 106
3889 1.656651 106
3890 1.060415 106
3891 0.744094 106
3892 0.907274 106
3893 0.712792 106
3894 19.834000 106
3895 1.476613 106
3896 0.518962 106
3897 2.064783 106
3898 0.784255 106
3899 0.523783 106
3900 5.081336 113
3901 1.095195 113
3902 0.920611 113
3903 0.975779 113
3904 0.916248 113
3905 0.873628 113
3906 6.619124 113
3907 1.135097 113
3908 1.130991 113
3909 1.704504 113
3910 0.703885 113
3911 1.733584 113
3912 1.112531 113
3913 1.077088 113
3914 0.778770 113
3915 0.684381 113
3916 0.824000 113
3917 0.694363 113
3918 0.988469 113
3919 1.609965 113
3920 19.527053 113
3921 19.190150 113
3922 1.446947 113
3923 1.274407 113
3924 0.700071 113
3925 16.381850 113
3926 2.203655 113
3927 1.779673 113
3928 1.178425 113
3929 2.274991 113
3930 0.934035 113
3931 0.634593 113
3932 1.051540 113
3933 0.647230 113
3934 0.719168 113
3935 0.767389 113
3936 0.519310 113
3937 0.598097 113
3938 0.742407 113
3939 1.146088 113
3940 6.860469 113
3941 0.735000 113
3942 0.757487 113
3943 0.672549 113
3944 0.816425 113
3945 2.184310 113
3946 0.717071 113
3947 0.502407 113
3948 0.541540 113
3949 1.223549 113
3950 1.175182 121
3951 1.082545 121
3952 1.046099 121
3953 3.320570 121
3954 1.343223 121
3955 4.680884 121
3956 2.221636 121
3957 1.260983 121
3958 1.203289 121
3959 1.731463 121
3960 1.423446 121
3961 0.828314 121
3962 1.148397 121
3963 1.130314 121
3964 0.867066 121
3965 2.102818 121
3966 1.025521 121
3967 1.720719 121
3968 1.145884 121
3969 1.713702 121
3970 1.248992 121
3971 1.328496 121
3972 0.968107 121
3973 0.774124 121
3974 0.814636 121
3975 6.197496 121
3976 0.983868 121
3977 1.092744 121
3978 2.219785 121
3979 1.301884 121
3980 19.999934 121
3981 1.117686 121
3982 0.694438 121
3983 0.718438 121
3984 1.179950 121
3985 2.263603 121
3986 11.654066 121
3987 0.964372 121
3988 5.550289 121
3989 3.782620 121
3990 1.656050 121
3991 2.474182 121
3992 2.156455 121
3993 1.803149 121
3994 1.368950 121
3995 1.353545 121
3996 1.577017 121
3997 1.017132 121
3998 1.061058 121
3999 1.273942 121
4000 4.747791 115
4001 1.339530 115
4002 1.626513 115
4003 1.197513 115
4004 16.488217 115
4005 1.102730 115
4006 1.788809 115
4007 1.740930 115
4008 2.630591 115
4009 0.786635 115
4010 2.160870 115
4011 1.207983 115
4012 0.790861 115
4013 1.507739 115
4014 1.519157 115
4015 4.476896 115
4016 1.726548 115
4017 3.207504 115
4018 1.391478 115
4019 1.349809 115
4020 0.868896 115
4021 1.205583 115
4022 0.807043 115
4023 0.757183 115
4024 0.922504 115
4025 0.932061 115
4026 0.936852 115
4027 3.864104 115
4028 0.865009 115
4029 0.892870 115
4030 1.210000 115
4031 4.991304 115
4032 2.186478 115
4033 1.401061 115
4034 1.105165 115
4035 5.253122 115
4036 0.551391 115
4037 0.776609 115
4038 0.596426 115
4039 0.664165 115
4040 20.000000 115
4041 0.743078 115
4042 0.689339 115
4043 0.484652 115
4044 1.252539 115
4045 1.556061 115
4046 0.943591 115
4047 0.611157 115
4048 0.800826 115
4049 0.632000 115
4050 1.330769 121
4051 0.940521 121
4052 3.177702 121
4053 1.760165 121
4054 1.212983 121
4055 1.200587 121
4056 1.145686 121
4057 1.766355 121
4058 18.160926 121
4059 1.413174 121
4060 3.666719 121
4061 0.713992 121
4062 0.684562 121
4063 1.056570 121
4064 2.234347 121
4065 0.604025 121
4066 1.645364 121
4067 1.582802 121
4068 1.201107 121
4069 2.074231 121
4070 0.782421 121
4071 0.359430 121
4072 0.905099 121
4073 0.955132 121
4074 7.799289 121
4075 0.645157 121
4076 0.322612 121
4077 0.948760 121
4078 5.434455 121
4079 0.872562 121
4080 1.053926 121
4081 1.147041 121
4082 1.082471 121
4083 0.797512 121
4084 1.319347 121
4085 1.131083 121
4086 1.913876 121
4087 1.231579 121
4088 1.702959 121
4089 0.618250 120
4090 0.852669 121
4091 1.987413 121
4092 1.276727 121
4093 15.614116 121
4094 0.882752 121
4095 0.605413 121
4096 0.690760 121
4097 1.072645 121
4098 0.687256 121
4099 0.432380 121
4100 1.198784 116
4101 3.250905 116
4102 2.250664 116
4103 0.620448 116
4104 0.738345 116
4105 0.533500 116
4106 3.331302 116
4107 19.738052 116
4108 1.177664 116
4109 9.326629 116
4110 2.015284 116
4111 0.982070 115
4112 2.201509 116
4113 1.193345 116
4114 1.065879 116
4115 0.745293 116
4116 0.293138 116
4117 1.428095 116
4118 1.070207 116
4119 1.105500 116
4120 0.857017 116
4121 19.827405 116
4122 0.968759 116
4123 1.059767 116
4124 0.702664 116
4125 0.245983 116
4126 0.850310 116
4127 0.752664 116
4128 0.964379 116
4129 0.691000 116
4130 0.644707 116
4131 0.232310 116
4132 0.729026 116
4133 3.782595 116
4134 0.761164 116
4135 0.857147 116
4136 0.626690 116
4137 1.124991 116
4138 0.666250 116
4139 1.148741 116
4140 14.850905 116
4141 13.680345 116
4142 9.435802 116
4143 0.694509 116
4144 0.741310 116
4145 0.956336 116
4146 0.881871 116
4147 0.834897 116
4148 0.700647 116
4149 0.199681 116
4150 2.170588 114
4151 1.709175 114
4152 1.361219 114
4153 1.595105 114
4154 0.849211 114
4155 1.300614 114
4156 5.380649 114
4157 0.958430 114
4158 1.071456 114
4159 0.266991 114
4160 1.605684 114
4161 2.973719 114
4162 0.380070 114
4163 1.099991 114
4164 0.881395 114
4165 0.651886 114
4166 2.426798 114
4167 1.731693 114
4168 1.083605 114
4169 1.289395 114
4170 1.481588 114
4171 1.017860 114
4172 0.535816 114
4173 0.248702 114
4174 0.919965 114
4175 0.802728 114
4176 0.829167 114
4177 1.278711 114
4178 0.677123 114
4179 0.934053 114
4180 0.945439 114
4181 0.884237 114
4182 0.275351 114
4183 2.259570 114
4184 0.353158 114
4185 1.174070 114
4186 0.726123 114
4187 0.898535 114
4188 0.263895 114
4189 1.232368 114
4190 0.754798 114
4191 0.296430 114
4192 0.966482 114
4193 0.981684 114
4194 0.895140 114
4195 0.406851 114
4196 2.008237 114
4197 0.879044 114
4198 0.855237 114
4199 0.663018 114
4200 1.356417 120
4201 1.250767 120
4202 1.099775 120
4203 1.166442 120
4204 1.807967 120
4205 1.123800 120
4206 0.856358 120
4207 1.164300 120
4208 0.872200 120
4209 2.094017 120
4210 1.053408 120
4211 0.352350 120
4212 1.321692 120
4213 1.241767 120
4214 0.470142 120
4215 1.024733 120
4216 0.345233 120
4217 2.130675 120
4218 1.016733 120
4219 1.540983 120
4220 1.494583 120
4221 0.752817 120
4222 2.420650 120
4223 1.065642 120
4224 0.812558 120
4225 1.352942 120
4226 1.215183 120
4227 1.041042 120
4228 0.792592 120
4229 0.877992 120
4230 0.984600 120
4231 0.917467 120
4232 0.955983 120
4233 0.788675 120
4234 0.821792 120
4235 1.372508 120
4236 1.179658 120
4237 1.575625 120
4238 0.630375 120
4239 0.865650 120
4240 0.357575 120
4241 0.394550 120
4242 1.114958 120
4243 0.338308 120
4244 0.309317 120
4245 0.317767 120
4246 0.768858 120
4247 1.155908 120
4248 1.229758 120
4249 17.442342 120
4250 16.626904 104
4251 18.187721 104
4252 17.029067 104
4253 15.967125 104
4254 15.992740 104
4255 17.493423 104
4256 14.847702 104
4257 12.745635 104
4258 16.929865 104
4259 16.173856 104
4260 15.572048 104
4261 15.015231 104
4262 14.962404 104
4263 16.149250 104
4264 14.951779 104
4265 14.422135 104
4266 10.434779 104
4267 15.505010 104
4268 13.235433 104
4269 10.187175 103
4270 6.438447 103
4271 4.418903 103
4272 2.620961 103
4273 2.020058 104
4274 3.765356 104
4275 19.999641 103
4276 2.605107 103
4277 19.999718 103
4278 13.443702 104
4279 1.659692 104
4280 1.023019 104
4281 0.426990 104
4282 2.008308 104
4283 0.738712 104
4284 0.670933 104
4285 1.386096 104
4286 1.110837 104
4287 3.914154 104
4288 1.708058 104
4289 1.321375 104
4290 0.443548 104
4291 0.264048 104
4292 0.303048 104
4293 0.340702 104
4294 0.178058 104
4295 0.172817 104
4296 0.160452 104
4297 0.184750 104
4298 1.220827 104
4299 0.221519 104
4300 0.929651 106
4301 0.346000 106
4302 0.341943 106
4303 0.485236 106
4304 0.393434 106
4305 0.361660 106
4306 1.055151 106
4307 1.713972 106
4308 0.409528 106
4309 0.356689 106
4310 1.069491 106
4311 1.011132 106
4312 0.438981 106
4313 0.433519 106
4314 0.501755 106
4315 0.591377 106
4316 0.433575 106
4317 1.696226 106
4318 3.633142 106
4319 1.028208 106
4320 1.634868 106
4321 1.317745 106
4322 1.065632 106
4323 1.092000 106
4324 1.747585 106
4325 1.080981 106
4326 1.915821 106
4327 0.490840 106
4328 0.628736 106
4329 1.199057 106
4330 1.249906 106
4331 0.632642 106
4332 1.182264 106
4333 1.101462 106
4334 1.149349 106
4335 1.149642 106
4336 1.151925 106
4337 1.637519 106
4338 0.768755 106
4339 0.391500 106
4340 0.667745 106
4341 0.705708 106
4342 1.074226 106
4343 0.878264 106
4344 18.119849 106
4345 17.720829 105
4346 17.397689 106
4347 17.322495 105
4348 16.546274 106
4349 17.420762 105
4350 15.278849 106
4351 1.209538 106
4352 1.628670 106
4353 0.930915 106
4354 12.808755 106
4355 15.314547 106
4356 1.166085 106
4357 1.079953 106
4358 16.273736 106
4359 16.700377 106
4360 10.571396 106
4361 6.377642 106
4362 5.220519 106
4363 4.229198 106
4364 2.979557 106
4365 2.528726 106
4366 2.156821 106
4367 2.394858 106
4368 2.224952 105
4369 2.127943 106
4370 1.774651 106
4371 1.475726 106
4372 1.424438 105
4373 1.847790 105
4374 1.959067 105
4375 1.970848 105
4376 1.939486 105
4377 1.249667 105
4378 1.468783 106
4379 0.708962 106
4380 0.273094 106
4381 0.239632 106
4382 0.286396 106
4383 0.363057 106
4384 0.319821 106
4385 0.211047 106
4386 0.199170 106
4387 0.191755 106
4388 8.100849 106
4389 0.560255 106
4390 0.599028 106
4391 0.244368 106
4392 0.321726 106
4393 0.137066 106
4394 0.465840 106
4395 0.200104 106
4396 0.259311 106
4397 0.170736 106
4398 0.188113 106
4399 0.158972 106
4400 1.247326 89
4401 0.345865 89
4402 0.329146 89
4403 0.378663 89
4404 0.415798 89
4405 0.375236 89
4406 1.073326 89
4407 0.849539 89
4408 0.727955 89
4409 0.745067 89
4410 0.644079 89
4411 0.700966 89
4412 1.289854 89
4413 1.365708 89
4414 0.890618 89
4415 0.468225 89
4416 0.540966 89
4417 1.350584 89
4418 0.802056 89
4419 0.740640 89
4420 0.412730 89
4421 1.111112 89
4422 1.042000 89
4423 0.545045 89
4424 0.499427 89
4425 1.413112 89
4426 0.643202 89
4427 0.619659 88
4428 0.361898 88
4429 1.580584 89
4430 0.400573 89
4431 0.358876 89
4432 0.498292 89
4433 1.456169 89
4434 0.419180 89
4435 0.578607 89
4436 0.321618 89
4437 0.952348 89
4438 1.021225 89
4439 0.561876 89
4440 0.297663 89
4441 0.898090 89
4442 0.780180 89
4443 0.279629 89
4444 0.564101 89
4445 1.205393 89
4446 0.873045 89
4447 0.293809 89
4448 0.598685 89
4449 1.383225 89
4450 1.523422 102
4451 0.596804 102
4452 0.329382 102
4453 1.546676 102
4454 1.216569 102
4455 0.403733 101
4456 1.123118 102
4457 0.306647 102
4458 1.000471 102
4459 0.347627 102
4460 0.987471 102
4461 0.292716 102
4462 0.969971 102
4463 0.277118 102
4464 1.192627 102
4465 0.349951 102
4466 1.158775 102
4467 0.958657 102
4468 0.787578 102
4469 0.274275 102
4470 1.353059 102
4471 0.950314 102
4472 0.339980 102
4473 1.779167 102
4474 2.374422 102
4475 1.256814 102
4476 1.074804 102
4477 0.287637 102
4478 0.850529 102
4479 1.097657 102
4480 1.638216 102
4481 1.008500 102
4482 0.712794 102
4483 19.594451 102
4484 1.002500 102
4485 0.930255 102
4486 0.743235 102
4487 0.722824 102
4488 1.457755 102
4489 0.909078 102
4490 0.726275 102
4491 0.652431 102
4492 1.082735 102
4493 0.652294 102
4494 0.945775 102
4495 0.858922 102
4496 0.857971 102
4497 0.713186 102
4498 0.831206 102
4499 1.251971 102
