0 0.230286 120
1 1.707295 120
2 2.167758 120
3 0.986146 120
4 1.022695 120
5 0.000000 120
6 0.380539 120
7 13.749420 120
8 0.431170 119
9 0.578226 119
10 0.464670 119
11 0.448404 119
12 14.767515 119
13 1.123342 119
14 0.373242 119
15 0.357986 119
16 1.142541 119
17 1.145934 119
18 0.204692 119
19 0.576948 119
20 0.912977 119
21 0.375592 119
22 0.943795 119
23 0.306369 119
24 0.801412 119
25 0.603402 119
26 0.282632 119
27 4.532111 119
28 0.812241 119
29 0.121919 119
30 0.234227 119
31 0.040917 119
32 0.313540 119
33 1.194993 119
34 1.315933 119
35 0.807761 119
36 1.359985 119
37 0.362828 119
38 1.070504 119
39 1.036779 119
40 1.259439 119
41 0.840796 119
42 0.618465 119
43 0.781507 119
44 1.666412 119
45 0.587524 119
46 1.366291 119
47 1.226116 119
48 4.253948 119
49 0.684371 119
50 0.205789 119
51 0.420031 119
52 0.622668 119
53 0.573110 119
54 0.067564 119
55 0.277696 119
56 0.594207 119
57 0.377655 119
58 0.416240 119
59 0.004978 119
60 0.092461 119
61 2.061772 119
62 0.430164 119
63 0.266050 119
64 0.388209 119
65 0.613904 119
66 0.334777 119
67 0.474732 119
68 1.620799 119
69 1.066662 119
70 4.371009 119
71 4.393831 119
72 4.439732 119
73 1.118377 119
74 1.131129 119
75 2.819249 119
76 3.072944 119
77 3.668147 119
78 3.637774 119
79 3.798532 119
80 3.479151 119
81 2.849129 119
82 1.492074 119
83 0.836532 119
84 1.040675 119
85 1.354016 119
86 2.178034 119
87 4.667619 119
88 2.770312 119
89 0.000000 119
90 0.000000 119
91 1.685131 119
92 1.770511 119
93 1.187604 119
94 4.592856 119
95 0.000000 119
96 0.216602 119
97 1.214250 119
98 3.887109 119
99 4.353603 119
100 0.437394 98
101 3.499354 98
102 3.498792 98
103 3.656323 98
104 0.408439 98
105 1.456301 98
106 1.548832 98
107 1.098785 98
108 4.134286 96
109 0.492834 96
110 3.209908 96
111 11.461585 96
112 5.029039 96
113 1.144927 96
114 3.657965 96
115 3.432382 96
116 0.648496 96
117 1.109363 96
118 3.462138 96
119 4.246127 96
120 1.494471 96
121 1.342599 96
122 9.307397 96
123 0.803145 96
124 0.637228 96
125 1.600353 96
126 3.674634 96
127 1.783288 96
128 0.838739 96
129 19.396325 96
130 0.713211 96
131 0.835086 96
132 1.010928 96
133 0.819663 96
134 2.735592 96
135 2.843434 96
136 5.199424 96
137 0.890854 96
138 1.922002 96
139 2.010590 96
140 20.580530 96
141 0.889121 96
142 3.120032 96
143 0.448170 96
144 0.306033 96
145 0.578050 96
146 2.144326 96
147 1.058753 96
148 0.553634 96
149 1.886591 96
150 0.280507 113
151 1.674867 113
152 0.911161 113
153 0.334985 113
154 0.533188 113
155 0.673564 113
156 2.216984 113
157 0.399951 113
158 0.764768 108
159 0.685377 108
160 23.341677 108
161 0.462807 108
162 0.196781 108
163 0.133969 108
164 2.303397 108
165 2.706314 108
166 2.956199 108
167 0.978764 108
168 3.318167 108
169 0.251517 108
170 0.224430 108
171 25.174425 108
172 0.000000 108
173 0.000000 108
174 0.000000 108
175 0.000000 108
176 0.000000 108
177 0.000000 108
178 0.000000 108
179 0.000543 108
180 0.014097 108
181 0.040206 108
182 0.070927 108
183 0.057056 108
184 0.214175 108
185 0.327056 108
186 0.303159 108
187 0.007758 108
188 0.154525 108
189 0.485289 108
190 1.104380 108
191 0.024185 108
192 0.474606 108
193 2.878403 108
194 4.625956 108
195 0.072762 108
196 1.180804 108
197 5.598339 108
198 5.990631 108
199 6.839679 108
200 0.167186 110
201 1.589489 110
202 1.822026 110
203 1.865621 110
204 1.885824 110
205 2.059359 106
206 2.022877 106
207 1.895467 106
208 0.088048 105
209 0.930645 105
210 1.508870 105
211 1.500275 105
212 1.479251 105
213 1.574642 105
214 1.588823 105
215 1.708683 105
216 1.680175 105
217 1.682018 105
218 1.832601 105
219 1.866858 105
220 1.872167 105
221 1.850821 105
222 2.214997 105
223 2.868785 105
224 4.084057 105
225 4.118787 105
226 4.327055 105
227 0.104017 105
228 1.626932 105
229 5.235347 105
230 5.794805 105
231 0.099816 105
232 1.754471 105
233 5.817652 105
234 6.350902 105
235 6.408330 105
236 6.458148 105
237 6.605073 105
238 6.884975 105
239 6.793109 105
240 6.809704 105
241 6.555123 105
242 6.184536 105
243 6.974839 105
244 6.390429 105
245 7.043350 105
246 6.963500 105
247 0.130748 105
248 1.667277 105
249 6.702439 105
250 0.088508 118
251 2.322748 118
252 3.064422 118
253 0.086977 118
254 1.004231 115
255 3.272018 112
256 2.855197 112
257 2.670449 112
258 2.428422 112
259 2.595634 112
260 2.901376 112
261 2.798562 112
262 2.267398 112
263 2.710128 112
264 3.252833 112
265 2.432366 112
266 2.642239 112
267 2.954165 112
268 2.753308 112
269 2.870636 112
270 2.748595 112
271 0.071416 112
272 0.056897 112
273 0.039709 112
274 0.043399 112
275 0.049541 112
276 1.051017 112
277 3.792867 112
278 4.621404 112
279 0.078058 112
280 1.192417 112
281 6.418569 112
282 6.587056 112
283 7.631866 112
284 7.774362 112
285 6.600513 112
286 7.187477 112
287 7.094699 112
288 6.881247 111
289 6.742562 111
290 6.572850 111
291 0.127407 111
292 1.672013 111
293 6.483177 111
294 6.768911 111
295 6.734809 111
296 6.558620 111
297 6.711757 111
298 6.612798 111
299 6.820126 111
300 0.091176 117
301 2.398259 117
302 2.646146 117
303 2.820371 117
304 3.579724 115
305 2.164442 112
306 2.473981 112
307 2.545465 112
308 3.037615 112
309 3.315492 112
310 2.851721 112
311 2.771548 112
312 2.188828 112
313 2.820678 112
314 2.977836 112
315 3.251598 112
316 2.935024 112
317 3.314529 112
318 2.698630 112
319 2.984700 112
320 2.986140 112
321 2.997119 112
322 3.561592 112
323 4.146205 112
324 5.023328 112
325 5.302877 112
326 5.895839 112
327 6.484999 112
328 6.761037 112
329 7.008331 112
330 7.268407 112
331 8.376664 112
332 8.546581 112
333 8.734177 112
334 8.644055 112
335 9.043681 112
336 8.942017 112
337 9.171648 112
338 0.135094 112
339 1.939381 112
340 7.434446 112
341 7.827477 111
342 7.697841 111
343 8.192997 111
344 8.431148 111
345 8.213866 111
346 8.112509 111
347 7.575317 111
348 7.880544 111
349 7.698790 111
350 0.038389 123
351 1.172314 123
352 2.149042 123
353 2.651219 123
354 2.619070 122
355 0.061964 118
356 0.050244 118
357 0.032845 118
358 0.015273 118
359 0.190863 118
360 1.391903 118
361 1.544244 118
362 0.014531 118
363 0.364119 118
364 0.032859 118
365 0.284119 118
366 0.028001 118
367 0.023231 118
368 0.224239 118
369 0.318336 118
370 0.025523 118
371 0.024379 118
372 0.024055 118
373 0.337644 118
374 0.043847 118
375 0.972585 118
376 3.136871 118
377 3.345838 118
378 0.074929 118
379 0.077952 118
380 1.228942 118
381 5.542256 118
382 5.933592 118
383 0.122411 118
384 0.122261 118
385 1.662357 118
386 6.687223 118
387 6.824405 118
388 0.134003 118
389 0.131268 118
390 0.142632 118
391 0.159363 118
392 2.130624 118
393 7.034637 118
394 0.187385 118
395 0.207451 118
396 2.346985 118
397 0.234891 118
398 0.295570 118
399 0.301801 118
400 0.104181 116
401 2.270771 116
402 3.155566 116
403 3.266367 116
404 0.084684 114
405 0.068371 111
406 0.052264 111
407 0.037897 111
408 0.287486 111
409 0.017012 111
410 0.002716 111
411 0.471381 111
412 0.733170 111
413 0.000000 111
414 0.000000 111
415 0.000000 111
416 0.000000 111
417 0.000000 111
418 0.000000 111
419 0.000000 111
420 0.000000 111
421 0.000000 111
422 0.000000 111
423 0.000000 111
424 0.000000 111
425 0.000000 111
426 0.000000 111
427 0.000000 111
428 0.000000 111
429 0.000000 111
430 0.000000 111
431 0.000000 111
432 0.000000 111
433 0.000000 111
434 0.000000 111
435 0.000000 111
436 0.000000 111
437 0.000000 111
438 0.000000 111
439 0.000000 111
440 0.000000 111
441 0.000000 111
442 0.000000 111
443 0.000000 111
444 0.000000 111
445 0.000000 111
446 0.000000 111
447 0.000000 111
448 0.000000 111
449 0.000000 111
450 1.273530 112
451 0.036471 112
452 3.984892 112
453 7.553626 112
454 0.016992 112
455 0.825069 111
456 0.009695 111
457 0.004655 111
458 0.232662 111
459 0.005439 111
460 10.173510 111
461 1.479512 111
462 5.444190 111
463 4.820815 111
464 5.151291 111
465 7.473336 111
466 1.632295 111
467 2.549200 111
468 5.584324 111
469 12.912776 111
470 1.897003 111
471 1.628501 111
472 1.458806 111
473 2.368974 111
474 3.513659 111
475 1.595082 111
476 1.545442 111
477 1.579211 111
478 1.794025 111
479 1.678337 111
480 4.604032 111
481 1.939309 111
482 0.001599 111
483 2.321528 111
484 7.782733 111
485 5.691974 111
486 2.235500 111
487 6.270740 111
488 6.742177 111
489 2.124090 111
490 2.084331 111
491 8.381353 111
492 9.010315 111
493 1.453240 111
494 3.875605 111
495 4.138928 111
496 1.592002 111
497 7.407706 111
498 3.749824 111
499 0.000000 111
500 0.000000 120
501 2.981330 120
502 12.418777 120
503 4.670059 120
504 0.782314 120
505 1.637400 120
506 1.633675 120
507 1.669200 119
508 0.628728 119
509 3.950673 119
510 15.715519 119
511 0.565517 119
512 1.098243 119
513 0.795731 119
514 0.818295 119
515 1.537135 119
516 1.499145 119
517 1.172926 119
518 1.556369 119
519 2.057426 119
520 1.259742 119
521 1.677200 119
522 1.925208 119
523 8.806073 119
524 1.789795 119
525 1.509078 119
526 3.112741 119
527 8.951714 119
528 0.822175 119
529 0.532035 119
530 0.588505 119
531 1.833848 119
532 1.198277 119
533 2.353700 119
534 5.491716 119
535 2.734423 119
536 3.922130 119
537 2.091596 119
538 1.716099 119
539 5.246577 118
540 5.318093 118
541 3.586927 118
542 1.320668 118
543 0.361183 118
544 0.725848 118
545 1.085182 118
546 0.837743 118
547 0.683061 118
548 0.740076 118
549 10.143308 118
550 4.721615 106
551 69.488847 106
552 13.178611 106
553 1.753188 106
554 1.057591 106
555 1.054712 106
556 1.182125 106
557 16.457808 106
558 1.028254 106
559 73.679061 106
560 1.024033 106
561 20.932144 106
562 5.614995 106
563 3.332389 106
564 1.309059 106
565 40.865423 106
566 1.504545 106
567 165.929384 106
568 1.812315 106
569 0.258894 106
570 0.787355 106
571 0.358245 106
572 1.111203 106
573 1.260938 106
574 1.065620 106
575 1.163547 106
576 1.110449 106
577 1.611681 106
578 0.959194 106
579 1.647927 106
580 1.470346 106
581 1.374612 106
582 1.402575 106
583 1.420892 106
584 1.468315 106
585 1.393254 106
586 0.410265 106
587 0.477353 106
588 0.462050 106
589 1.494752 106
590 0.921839 106
591 0.355287 106
592 0.000000 106
593 0.399892 106
594 0.841380 106
595 0.939445 106
596 0.984830 106
597 0.919540 106
598 0.421754 106
599 0.853465 106
600 0.274976 119
601 0.942489 119
602 0.864591 119
603 0.194786 119
604 0.769094 119
605 0.937690 118
606 0.850081 118
607 0.926219 118
608 2.025547 117
609 0.319787 117
610 0.821871 117
611 0.209275 117
612 0.738884 117
613 0.857664 117
614 0.932507 117
615 0.939696 117
616 1.947886 117
617 3.046716 117
618 0.222355 117
619 1.370159 117
620 0.491843 117
621 0.169584 117
622 9.902033 117
623 8.065333 117
624 0.001506 117
625 0.724158 117
626 0.086167 117
627 0.169978 117
628 0.173221 117
629 0.165578 117
630 0.300575 117
631 0.370426 117
632 2.921531 117
633 2.958588 117
634 0.485735 117
635 0.808211 117
636 0.360707 117
637 0.358558 117
638 0.275459 117
639 0.472738 117
640 0.346826 117
641 0.715156 117
642 0.346664 117
643 0.380052 117
644 0.252857 117
645 0.540584 117
646 0.341965 117
647 0.461768 117
648 0.448165 117
649 1.339776 117
650 0.135604 115
651 0.434835 115
652 1.492418 115
653 0.363125 115
654 0.225226 115
655 1.468589 115
656 0.857055 114
657 0.350130 113
658 0.253328 113
659 0.101218 113
660 0.941927 113
661 0.291698 113
662 0.887458 113
663 0.124118 113
664 0.189834 113
665 0.301426 113
666 0.315026 113
667 0.498217 113
668 1.603207 113
669 0.184988 113
670 1.241533 113
671 0.486552 113
672 0.227521 113
673 0.570025 113
674 0.299521 113
675 0.000000 113
676 0.000000 113
677 0.606979 113
678 1.984129 113
679 0.000000 113
680 0.294027 113
681 3.466986 113
682 1.085799 113
683 0.044669 113
684 0.371241 113
685 0.557060 113
686 0.251381 113
687 0.192662 113
688 0.349609 113
689 0.866411 113
690 0.527464 113
691 0.285053 113
692 0.185632 113
693 0.491889 113
694 0.438727 113
695 0.369812 113
696 0.345000 113
697 204.370974 113
698 0.251532 113
699 0.452244 113
700 0.399102 108
701 1.056596 108
702 0.228190 108
703 0.735082 108
704 0.338256 108
705 0.212853 108
706 0.225694 108
707 0.273250 106
708 0.227041 105
709 0.444878 105
710 0.554479 105
711 0.255097 105
712 0.434757 105
713 0.295660 105
714 10.646666 105
715 3.876138 105
716 11.055540 105
717 0.012333 105
718 0.476565 105
719 0.661594 105
720 0.222465 105
721 0.250370 105
722 0.407692 105
723 0.302219 105
724 0.407341 105
725 0.184644 105
726 0.100279 105
727 0.079490 105
728 0.058214 105
729 0.134545 105
730 0.110346 105
731 0.083366 105
732 0.068273 105
733 0.293600 105
734 0.169780 105
735 0.415983 105
736 2.511265 105
737 0.528819 105
738 29.053313 105
739 80.177137 104
740 79.222991 104
741 0.813234 104
742 2.068505 104
743 2.152077 104
744 1.105550 104
745 2.010711 104
746 0.912752 104
747 2.432459 104
748 2.891035 104
749 1.154259 104
750 3.996921 104
751 1.109308 104
752 0.634665 104
753 2.593895 104
754 0.688745 104
755 9.472623 104
756 6.519674 104
757 35.921644 104
758 0.798666 104
759 9.161926 104
760 1.077773 104
761 18.325582 104
762 0.518470 104
763 3.401907 104
764 4.156043 104
765 1.191326 104
766 0.759892 104
767 3.166062 104
768 1.072569 104
769 0.772543 104
770 4.336474 104
771 0.484670 104
772 0.459092 104
773 0.183782 104
774 0.432703 104
775 1.010853 104
776 0.000000 104
777 0.886073 104
778 0.380372 104
779 0.541378 104
780 0.974876 104
781 1.068050 104
782 2.441956 104
783 0.952435 104
784 0.740945 104
785 0.763490 104
786 2.572985 104
787 0.816221 104
788 2.621780 104
789 0.541632 104
790 0.669838 104
791 47.470116 104
792 1.859479 104
793 0.842775 104
794 0.644399 104
795 0.623264 104
796 0.639599 104
797 0.664650 104
798 0.652570 104
799 0.685072 104
800 18.267695 120
801 1.653140 120
802 0.799329 120
803 26.519057 120
804 0.999587 120
805 0.913181 120
806 15.343445 120
807 1.031819 119
808 1.441945 116
809 3.354499 116
810 7.366683 115
811 1.120946 116
812 0.457538 116
813 3.896601 116
814 1.690349 116
815 0.611521 116
816 6.802937 116
817 4.445920 116
818 4.899064 116
819 4.621509 116
820 4.579894 116
821 5.417444 116
822 1.045885 116
823 1.097598 116
824 0.054588 116
825 3.199483 116
826 1.132345 116
827 0.971552 116
828 0.209867 116
829 3.947938 116
830 14.565385 116
831 7.212045 116
832 52.474291 116
833 0.991527 116
834 1.345049 116
835 0.817372 116
836 0.833410 116
837 0.793843 116
838 1.059972 116
839 4.226654 116
840 12.238570 116
841 0.224640 116
842 1.699753 116
843 1.437369 116
844 1.041798 116
845 1.500436 116
846 148.548293 116
847 1.258598 116
848 1.116061 116
849 1.305730 116
850 23.556307 118
851 0.597656 118
852 2.083801 118
853 1.248990 118
854 0.800297 118
855 4.409061 118
856 4.237291 118
857 0.920785 118
858 3.322476 115
859 2.314973 115
860 1.938100 115
861 1.522010 115
862 0.788728 115
863 0.266563 115
864 0.746558 115
865 0.967724 115
866 0.048463 115
867 0.023125 115
868 0.027574 115
869 0.026176 115
870 0.013676 115
871 0.006389 115
872 0.001685 115
873 0.000000 115
874 0.000000 115
875 0.000000 115
876 0.000000 115
877 0.000000 115
878 0.000000 115
879 0.000000 115
880 0.000000 115
881 0.000000 115
882 0.000000 115
883 0.000397 115
884 0.003147 115
885 0.002382 115
886 0.002894 115
887 0.009550 115
888 0.009903 115
889 0.024432 115
890 0.031782 115
891 0.039525 115
892 0.092791 115
893 0.019064 115
894 0.096715 115
895 1.590166 115
896 5.650174 115
897 5.616716 115
898 2.606378 115
899 5.739421 115
900 0.395999 114
901 0.582253 114
902 7.495037 114
903 18.593504 114
904 17.405196 114
905 4.778159 114
906 2.596707 114
907 2.891923 113
908 5.701337 110
909 3.028571 110
910 2.793841 110
911 4.874038 110
912 2.438942 110
913 2.833609 110
914 0.778535 110
915 3.113989 110
916 1.547936 110
917 0.153635 110
918 0.166903 110
919 0.169257 110
920 0.143528 110
921 0.041716 110
922 0.042833 110
923 0.067409 110
924 0.038631 110
925 0.012699 110
926 0.013004 110
927 0.040865 110
928 0.013783 110
929 0.008049 110
930 0.020432 110
931 3.529482 110
932 3.535162 110
933 3.028677 110
934 5.001353 110
935 6.278183 110
936 13.497778 110
937 5.045936 110
938 4.304276 110
939 1.088323 110
940 3.750698 110
941 3.776777 110
942 3.460366 110
943 3.838490 110
944 1.826112 110
945 0.935703 110
946 1.853879 110
947 2.341614 110
948 2.358378 110
949 5.441871 109
950 0.343497 110
951 25.389854 110
952 0.995915 110
953 1.684547 110
954 1.075825 110
955 2.616324 110
956 0.808957 110
957 2.804521 110
958 3.897461 109
959 4.000316 109
960 0.845814 109
961 3.991492 109
962 2.681534 109
963 3.764821 109
964 0.723553 109
965 1.841997 109
966 3.059944 109
967 14.694607 109
968 28.431478 109
969 31.070089 109
970 31.400802 109
971 32.044618 109
972 1.664493 109
973 0.962033 109
974 1.720943 109
975 4.344938 109
976 0.179894 109
977 0.318237 109
978 1.655365 109
979 0.892594 109
980 1.317727 109
981 23.998460 109
982 3.497748 109
983 1.814300 109
984 2.369874 109
985 7.732726 109
986 1.547380 109
987 3.283782 109
988 1.088144 109
989 0.055358 109
990 1.397187 109
991 1.225325 109
992 1.105590 109
993 1.202498 109
994 0.775714 109
995 0.853687 109
996 0.914636 109
997 1.997648 109
998 2.030610 109
999 0.512671 109
1000 0.365350 88
1001 0.557059 88
1002 0.422725 88
1003 1.784007 88
1004 0.696856 88
1005 0.703110 88
1006 2.189298 88
1007 0.289890 88
1008 0.245561 88
1009 0.238039 88
1010 0.751953 88
1011 0.808580 88
1012 3.078443 88
1013 8.068387 88
1014 1.172970 88
1015 1.108549 88
1016 3.236343 88
1017 6.849633 88
1018 6.041869 88
1019 6.170794 88
1020 6.632842 88
1021 6.916526 88
1022 5.865518 88
1023 6.360901 88
1024 6.396139 88
1025 6.824286 88
1026 6.116582 88
1027 6.353815 88
1028 6.332351 88
1029 5.964782 88
1030 6.299979 88
1031 6.478741 88
1032 0.931285 88
1033 2.659957 88
1034 2.901174 88
1035 0.907118 88
1036 3.450266 88
1037 0.757940 88
1038 2.975455 88
1039 2.771990 88
1040 1.159952 88
1041 4.333575 88
1042 2.428559 88
1043 0.215248 88
1044 3.137604 88
1045 3.839810 88
1046 0.901957 88
1047 2.468114 88
1048 2.632669 88
1049 14.718606 88
1050 4.951658 107
1051 6.476639 107
1052 9.629863 107
1053 1.128655 107
1054 4.092886 107
1055 1.475901 107
1056 4.472322 107
1057 4.294310 107
1058 1.405072 107
1059 5.559250 107
1060 6.066429 107
1061 17.513849 107
1062 83.676956 107
1063 108.915604 107
1064 148.413330 107
1065 56.326700 107
1066 186.912977 107
1067 36.588912 107
1068 131.410672 107
1069 74.444651 107
1070 69.050830 107
1071 151.608732 107
1072 86.799200 107
1073 127.872776 107
1074 31.156129 107
1075 60.952077 107
1076 113.303515 107
1077 85.593481 107
1078 161.783654 107
1079 227.103925 107
1080 63.793054 107
1081 62.263777 107
1082 172.551746 107
1083 131.463651 107
1084 133.210398 107
1085 41.958250 107
1086 88.922514 107
1087 0.296616 107
1088 0.905549 107
1089 0.627341 107
1090 0.345271 107
1091 0.750259 107
1092 0.552374 107
1093 0.500264 107
1094 2.144892 107
1095 0.691249 107
1096 2.743850 107
1097 4.337549 107
1098 4.394079 107
1099 6.351430 107
1100 0.532295 122
1101 0.552076 122
1102 229.712407 122
1103 0.419331 122
1104 0.527635 122
1105 0.464466 122
1106 0.398145 122
1107 0.490060 122
1108 8.344533 122
1109 0.234499 122
1110 0.472960 122
1111 0.464721 122
1112 0.059183 122
1113 24.956736 122
1114 0.896990 122
1115 0.915438 122
1116 0.879898 122
1117 2.412707 122
1118 2.304373 122
1119 1.886518 122
1120 3.684390 122
1121 3.704308 122
1122 0.322072 122
1123 1.297866 122
1124 1.248259 122
1125 0.462324 122
1126 2.061159 122
1127 5.905214 122
1128 6.088931 122
1129 1.985041 122
1130 1.510487 122
1131 2.243934 122
1132 1.253839 122
1133 2.439512 122
1134 1.722746 122
1135 7.365200 122
1136 66.033246 122
1137 1.926756 122
1138 6.596257 122
1139 0.253429 122
1140 0.920718 122
1141 0.837386 122
1142 0.000000 122
1143 0.296028 122
1144 0.743294 122
1145 4.648832 122
1146 6.980119 121
1147 64.705120 122
1148 5.269005 122
1149 2.214547 122
1150 0.286053 112
1151 1.793956 112
1152 1.482265 112
1153 1.129641 112
1154 2.250709 112
1155 2.108843 112
1156 0.887918 112
1157 3.021230 112
1158 0.759125 111
1159 2.434144 111
1160 7.524187 111
1161 34.227917 111
1162 3.881463 111
1163 19.019745 111
1164 5.185086 111
1165 1.529960 111
1166 2.910778 111
1167 0.889417 111
1168 1.388395 111
1169 4.825549 111
1170 0.281118 111
1171 1.158621 111
1172 0.427765 111
1173 0.754340 111
1174 0.414214 111
1175 0.884761 111
1176 0.328013 111
1177 1.157342 111
1178 0.420541 111
1179 0.814002 111
1180 0.416181 111
1181 0.817136 111
1182 1.094365 111
1183 0.904706 111
1184 4.258484 111
1185 14.718565 111
1186 0.568242 111
1187 1.161273 111
1188 0.053805 111
1189 0.288832 111
1190 8.560346 111
1191 7.445808 111
1192 43.718919 111
1193 1.344568 111
1194 3.580782 111
1195 2.765713 111
1196 7.368693 111
1197 3.376188 111
1198 2.045881 111
1199 4.024815 111
1200 5.715895 115
1201 23.836368 115
1202 0.618720 115
1203 4.783627 115
1204 0.000000 115
1205 2.268775 114
1206 7.492313 114
1207 4.726203 114
1208 1.150289 113
1209 2.338368 113
1210 0.225265 113
1211 29.348700 113
1212 21.607646 113
1213 4.356958 113
1214 3.215868 113
1215 0.386751 113
1216 1.130818 113
1217 0.963041 113
1218 1.973329 113
1219 1.123801 113
1220 0.915726 113
1221 0.749176 113
1222 1.158383 113
1223 3.331212 113
1224 5.728090 113
1225 1.051627 113
1226 1.172526 113
1227 22.004618 113
1228 1.448820 113
1229 1.490092 113
1230 37.817387 113
1231 1.748700 113
1232 2.904658 113
1233 1.400824 113
1234 3.352473 113
1235 29.538895 113
1236 0.377881 113
1237 0.790653 113
1238 2.446816 113
1239 0.335957 113
1240 1.802392 113
1241 1.669605 113
1242 0.952926 113
1243 0.632009 113
1244 1.525603 113
1245 6.168967 113
1246 59.349972 113
1247 0.387710 113
1248 0.240899 113
1249 0.449634 113
1250 17.617429 119
1251 0.795347 119
1252 2.715671 119
1253 3.169478 119
1254 11.934645 119
1255 2.233167 119
1256 0.951193 119
1257 3.587790 117
1258 2.058505 116
1259 0.371919 116
1260 1.126784 116
1261 0.750072 116
1262 4.162269 116
1263 3.597396 116
1264 0.645501 116
1265 0.480500 116
1266 1.987410 116
1267 0.997263 116
1268 11.139458 116
1269 1.082371 116
1270 2.747493 116
1271 5.943636 116
1272 6.048088 116
1273 6.961648 116
1274 5.922536 116
1275 6.415982 116
1276 6.409436 116
1277 4.263912 116
1278 1.323462 116
1279 0.283532 116
1280 0.550312 116
1281 0.445207 116
1282 0.000000 116
1283 0.447178 116
1284 0.568339 116
1285 6.667441 116
1286 4.906370 116
1287 16.848089 116
1288 2.172927 116
1289 4.567583 116
1290 0.159600 116
1291 14.225536 116
1292 15.117207 116
1293 1.313990 116
1294 1.575904 116
1295 17.344892 116
1296 1.499441 116
1297 1.160780 116
1298 376.168835 116
1299 0.000000 116
1300 0.253536 111
1301 0.923119 111
1302 0.880473 111
1303 0.355362 111
1304 1.047683 111
1305 0.185616 111
1306 1.618529 111
1307 0.652904 111
1308 1.593838 111
1309 1.903431 111
1310 0.788700 111
1311 2.268786 111
1312 2.647554 111
1313 2.016364 111
1314 4.894986 111
1315 0.503279 111
1316 1.485474 111
1317 0.786646 111
1318 0.450021 111
1319 1.415328 111
1320 0.776932 111
1321 2.501400 111
1322 0.194954 111
1323 1.026748 111
1324 1.060307 111
1325 0.856858 111
1326 0.445207 111
1327 0.183040 111
1328 1.660596 111
1329 0.066324 111
1330 24.246652 111
1331 1.236891 111
1332 1.625235 111
1333 0.678708 111
1334 1.389493 111
1335 2.873185 111
1336 2.630931 111
1337 3.041626 111
1338 2.705413 111
1339 2.847521 111
1340 2.999322 111
1341 2.460221 111
1342 3.046485 111
1343 2.706398 111
1344 2.844543 111
1345 2.751182 111
1346 2.939822 111
1347 2.897241 111
1348 3.116991 111
1349 2.821781 111
1350 0.439197 101
1351 1.845676 101
1352 2.189767 101
1353 2.040058 101
1354 2.091799 101
1355 2.189132 101
1356 1.795610 101
1357 2.129357 100
1358 2.122829 100
1359 2.158386 100
1360 2.440801 100
1361 2.242597 100
1362 2.360996 100
1363 2.416052 100
1364 3.982219 100
1365 2.425411 100
1366 2.255022 100
1367 2.098434 100
1368 2.556403 100
1369 2.270590 100
1370 2.129393 100
1371 2.343747 100
1372 2.349873 100
1373 2.273771 100
1374 2.421523 100
1375 2.305759 100
1376 2.555589 100
1377 2.415329 100
1378 2.459513 100
1379 2.623272 100
1380 2.590745 100
1381 2.385274 100
1382 2.586432 100
1383 2.564656 100
1384 2.398203 100
1385 2.474865 100
1386 17.732786 100
1387 74.925350 100
1388 49.013952 100
1389 46.854592 100
1390 50.264393 100
1391 84.538836 100
1392 105.149070 100
1393 233.067467 100
1394 91.712951 100
1395 121.807179 100
1396 28.844789 100
1397 61.552250 100
1398 46.148449 100
1399 105.170648 100
1400 7.259380 104
1401 55.910185 104
1402 27.232645 104
1403 39.548409 104
1404 49.696128 104
1405 75.990341 104
1406 44.310552 104
1407 166.314326 101
1408 39.002991 101
1409 56.620627 101
1410 76.015483 101
1411 77.470051 101
1412 43.961293 101
1413 94.589691 101
1414 94.201637 101
1415 40.401401 101
1416 91.838455 101
1417 11.322193 101
1418 73.711940 101
1419 75.624626 101
1420 108.078837 101
1421 37.794706 101
1422 44.635379 101
1423 25.141678 101
1424 196.718783 101
1425 87.371017 101
1426 45.486058 101
1427 85.208455 101
1428 54.896740 101
1429 99.561838 101
1430 59.433047 101
1431 45.785826 101
1432 108.930846 101
1433 0.729445 101
1434 3.681260 101
1435 0.874766 101
1436 2.142038 101
1437 2.072758 101
1438 2.103582 101
1439 2.056057 101
1440 0.182405 101
1441 3.622920 101
1442 1.909954 101
1443 0.121581 101
1444 1.088295 101
1445 2.021232 101
1446 15.614826 101
1447 1.105529 101
1448 1.366995 101
1449 1.610498 101
1450 0.530048 94
1451 2.014319 94
1452 2.251136 94
1453 2.538036 94
1454 0.812836 94
1455 2.514601 94
1456 2.543416 94
1457 0.505607 93
1458 0.744833 93
1459 0.877554 93
1460 0.981922 93
1461 2.676866 93
1462 0.685535 93
1463 2.907375 93
1464 1.565132 93
1465 0.864957 93
1466 1.952441 93
1467 1.950605 93
1468 0.875885 93
1469 1.015431 93
1470 0.739000 93
1471 0.718688 93
1472 2.922884 93
1473 4.748134 93
1474 1.471021 93
1475 3.389223 93
1476 0.666747 93
1477 3.077696 93
1478 0.534517 93
1479 0.693074 93
1480 0.992842 93
1481 0.784005 93
1482 3.942130 93
1483 0.243179 93
1484 0.914032 93
1485 0.676376 93
1486 2.633553 93
1487 1.231561 93
1488 0.535692 93
1489 1.395631 93
1490 0.316152 93
1491 0.555992 93
1492 2.546952 93
1493 0.876228 93
1494 1.569254 93
1495 20.117158 93
1496 1.150839 93
1497 0.761501 93
1498 0.917041 93
1499 0.614838 93
1500 0.366274 112
1501 0.464757 112
1502 3.382743 112
1503 0.638168 112
1504 0.687762 112
1505 0.711936 112
1506 0.824588 111
1507 0.820343 111
1508 0.823824 110
1509 0.773209 110
1510 0.772980 110
1511 0.577252 110
1512 0.508630 110
1513 0.884792 110
1514 0.720252 110
1515 1.029621 110
1516 1.992200 110
1517 0.542471 110
1518 0.486065 110
1519 10.753045 110
1520 45.614319 110
1521 0.236578 110
1522 1.022977 110
1523 0.648803 110
1524 2.547927 110
1525 1.224251 110
1526 3.131393 110
1527 2.832641 110
1528 0.000000 110
1529 0.000000 110
1530 0.000000 110
1531 0.000000 110
1532 0.849888 110
1533 2.081996 110
1534 2.390191 110
1535 2.282838 110
1536 108.202753 110
1537 0.978417 110
1538 0.969759 110
1539 0.827061 110
1540 0.787110 110
1541 1.033388 110
1542 1.035161 110
1543 1.016124 110
1544 1.017443 110
1545 0.113918 110
1546 0.787238 110
1547 0.000000 110
1548 1.081228 110
1549 2.544386 110
1550 0.553124 123
1551 0.692675 123
1552 0.385670 123
1553 1.526545 123
1554 5.380674 123
1555 0.342254 123
1556 2.313011 123
1557 0.743432 122
1558 1.436037 122
1559 1.072939 122
1560 0.691649 122
1561 0.562187 122
1562 1.117347 122
1563 0.262661 122
1564 0.477242 122
1565 2.341779 122
1566 2.244973 122
1567 2.744891 122
1568 0.580759 122
1569 0.814531 122
1570 0.071917 122
1571 1.225623 122
1572 0.374412 122
1573 1.401527 122
1574 1.458633 122
1575 0.398495 122
1576 8.099074 122
1577 0.195852 122
1578 0.604346 122
1579 0.849807 122
1580 1.093394 122
1581 2.850497 122
1582 2.645023 122
1583 2.865942 122
1584 5.321722 122
1585 7.830009 122
1586 2.184644 122
1587 4.127839 122
1588 0.939278 122
1589 3.336238 122
1590 3.848952 122
1591 3.366710 122
1592 2.837339 122
1593 4.026648 122
1594 2.296880 122
1595 0.243729 122
1596 3.736753 122
1597 3.482795 122
1598 2.426786 122
1599 5.074509 122
1600 0.618734 115
1601 0.780048 115
1602 3.610668 115
1603 3.517815 115
1604 3.585151 115
1605 1.026917 115
1606 3.150757 115
1607 2.928171 115
1608 0.673226 114
1609 3.192207 114
1610 3.344367 114
1611 0.701574 114
1612 4.141775 114
1613 0.897761 114
1614 3.852903 114
1615 1.248503 114
1616 3.220205 114
1617 3.462319 114
1618 3.860376 114
1619 3.966076 114
1620 0.520797 114
1621 9.848974 114
1622 1.657550 114
1623 0.875141 114
1624 0.654015 114
1625 1.742729 114
1626 0.835321 114
1627 1.865563 114
1628 0.798368 114
1629 1.824130 114
1630 19.908582 114
1631 82.523119 114
1632 1.638034 114
1633 1.171436 114
1634 32.475801 114
1635 0.694060 114
1636 0.001065 114
1637 0.000000 114
1638 0.000000 114
1639 3.943116 114
1640 0.775080 114
1641 0.757328 114
1642 1.821060 114
1643 5.115773 114
1644 2.025428 114
1645 6.814395 114
1646 1.238833 114
1647 3.367307 114
1648 0.450612 114
1649 1.042487 114
1650 0.657827 113
1651 1.263280 113
1652 1.031049 113
1653 0.853391 113
1654 44.140422 113
1655 14.436867 113
1656 1.344013 113
1657 1.517032 108
1658 1.349665 106
1659 0.750708 106
1660 1.051908 106
1661 1.796280 106
1662 1.841616 106
1663 1.346072 106
1664 0.247648 106
1665 1.577976 106
1666 1.692404 106
1667 0.375655 106
1668 1.260675 106
1669 1.510620 106
1670 0.321035 106
1671 1.463643 106
1672 0.036235 106
1673 0.019852 106
1674 0.018735 106
1675 0.020225 106
1676 0.016185 106
1677 0.017238 106
1678 0.033208 106
1679 0.286244 106
1680 0.024266 106
1681 0.247161 106
1682 1.513008 106
1683 4.547879 106
1684 4.561493 106
1685 0.377542 106
1686 0.706483 106
1687 3.223096 106
1688 1.471541 106
1689 0.653979 106
1690 87.683312 106
1691 1.397680 106
1692 91.635631 106
1693 0.562916 106
1694 1.211082 106
1695 3.848679 106
1696 1.252154 106
1697 3.928680 106
1698 1.343146 106
1699 3.667605 106
1700 0.534959 100
1701 2.454304 100
1702 2.446680 100
1703 0.441161 100
1704 0.683268 100
1705 1.110290 100
1706 4.894714 100
1707 5.015776 99
1708 4.077843 98
1709 3.548939 98
1710 8.207458 98
1711 31.228916 98
1712 30.771263 98
1713 27.837391 98
1714 0.725432 98
1715 0.900368 98
1716 0.448422 98
1717 1.960141 98
1718 9.007382 98
1719 0.985930 98
1720 0.818875 98
1721 0.760910 98
1722 1.028387 98
1723 2.440197 98
1724 1.047256 98
1725 0.815788 98
1726 43.863461 98
1727 7.417424 98
1728 18.799385 98
1729 0.645880 98
1730 0.767316 98
1731 1.045513 98
1732 2.728080 98
1733 24.365924 98
1734 0.702174 98
1735 0.953462 98
1736 0.708376 98
1737 1.378949 98
1738 0.796825 98
1739 0.114086 98
1740 0.397232 98
1741 0.666398 98
1742 133.218473 98
1743 3.577192 98
1744 1.647948 98
1745 1.018543 98
1746 0.710849 98
1747 24.242785 98
1748 0.322081 98
1749 7.458860 98
1750 1.904078 123
1751 1.132608 123
1752 0.436309 123
1753 0.876238 123
1754 3.142476 123
1755 2.810248 123
1756 13.815698 123
1757 0.895912 123
1758 0.333986 123
1759 16.350661 123
1760 1.478278 123
1761 1.843056 123
1762 2.444822 123
1763 1.478476 123
1764 1.427914 123
1765 2.270170 123
1766 2.946557 123
1767 2.722116 123
1768 2.621257 123
1769 0.000000 123
1770 0.000000 123
1771 0.447934 123
1772 1.072556 123
1773 2.701491 123
1774 1.119268 123
1775 2.927440 123
1776 0.381759 123
1777 0.921195 123
1778 1.014956 123
1779 0.622917 123
1780 0.976721 123
1781 4.362598 123
1782 6.421896 123
1783 21.536933 123
1784 8.716117 123
1785 0.077406 123
1786 0.658886 123
1787 0.000000 123
1788 0.980247 123
1789 0.848301 123
1790 1.114142 123
1791 0.113096 123
1792 0.997202 123
1793 3.256996 123
1794 3.533716 123
1795 0.602576 123
1796 0.642518 123
1797 1.951497 123
1798 0.738048 123
1799 0.775889 123
1800 0.226813 118
1801 2.307208 118
1802 0.311476 118
1803 0.503333 118
1804 1.563867 118
1805 0.355639 118
1806 0.448935 118
1807 0.000000 118
1808 0.753917 118
1809 1.415489 118
1810 0.362350 118
1811 0.032241 118
1812 0.287512 118
1813 1.617091 118
1814 2.966223 118
1815 3.100545 118
1816 9.990723 118
1817 1.147487 118
1818 0.760216 118
1819 0.726029 118
1820 1.015300 118
1821 159.056992 118
1822 195.368817 118
1823 1.922405 118
1824 2.304138 118
1825 0.645172 118
1826 0.868762 118
1827 5.246911 118
1828 5.737879 118
1829 5.931246 118
1830 0.866639 118
1831 23.113958 118
1832 93.112215 118
1833 1.062685 118
1834 12.768448 118
1835 1.136848 118
1836 14.607753 118
1837 0.876525 118
1838 0.435723 118
1839 1.356658 118
1840 0.697004 118
1841 3.723306 118
1842 11.203252 118
1843 5.228740 118
1844 1.166472 118
1845 0.927393 118
1846 0.822626 118
1847 0.506298 118
1848 0.627771 118
1849 0.658378 118
1850 0.361184 114
1851 7.078418 114
1852 0.450353 114
1853 0.488141 114
1854 1.498850 114
1855 1.519623 114
1856 0.312179 114
1857 0.357756 113
1858 0.877058 112
1859 1.475769 112
1860 0.752744 112
1861 0.554425 112
1862 82.141939 112
1863 0.334751 112
1864 1.250611 112
1865 1.448769 112
1866 0.391382 112
1867 1.217602 112
1868 0.003447 112
1869 0.003397 112
1870 0.503834 112
1871 0.774230 112
1872 0.022634 112
1873 0.005836 112
1874 0.005893 112
1875 0.472869 112
1876 0.702786 112
1877 1.184837 112
1878 15.859412 112
1879 3.588517 112
1880 3.823454 112
1881 3.293061 112
1882 43.640466 112
1883 3.312935 112
1884 12.476099 112
1885 3.105388 112
1886 2.952340 112
1887 76.319802 112
1888 6.315214 112
1889 17.516109 112
1890 3.519318 112
1891 0.910385 112
1892 1.225171 112
1893 0.739495 112
1894 0.467146 112
1895 1.267202 112
1896 1.199031 112
1897 0.504335 112
1898 0.652447 112
1899 1.064989 112
1900 0.075624 112
1901 2.130202 112
1902 0.340041 112
1903 0.316678 112
1904 0.381202 112
1905 0.126839 112
1906 0.111869 111
1907 0.081415 111
1908 0.066011 111
1909 0.048125 111
1910 0.039269 111
1911 0.040173 111
1912 2.212817 111
1913 7.052879 111
1914 7.131646 110
1915 7.013910 111
1916 7.012443 111
1917 6.740542 111
1918 6.931181 111
1919 6.808476 111
1920 7.025667 111
1921 6.993022 111
1922 6.934550 111
1923 7.149721 111
1924 6.614842 111
1925 6.833456 111
1926 6.642913 111
1927 6.806894 111
1928 6.844268 111
1929 7.064411 111
1930 7.009008 111
1931 6.770297 111
1932 6.765335 111
1933 6.887052 111
1934 7.089815 111
1935 6.837139 111
1936 0.869599 111
1937 3.609729 111
1938 3.074367 111
1939 1.105415 111
1940 3.714961 111
1941 3.183515 111
1942 0.258759 111
1943 0.706165 111
1944 2.264241 111
1945 1.447530 111
1946 2.344497 111
1947 2.657793 111
1948 6.924052 109
1949 4.263322 111
1950 0.616430 107
1951 0.204943 107
1952 0.638218 107
1953 1.329948 107
1954 1.103176 107
1955 3.688192 107
1956 0.770876 107
1957 10.547453 106
1958 0.657612 106
1959 2.299013 106
1960 4.291301 106
1961 1.382117 106
1962 0.000000 106
1963 0.000000 106
1964 0.744200 106
1965 15.281075 106
1966 0.845044 106
1967 0.003591 106
1968 1.571861 106
1969 0.778798 106
1970 0.537998 106
1971 0.000000 106
1972 0.606467 106
1973 0.850268 106
1974 0.910318 106
1975 0.634265 106
1976 1.041169 106
1977 1.709572 106
1978 1.344261 106
1979 0.527111 106
1980 12.877980 106
1981 0.800711 106
1982 3.722104 106
1983 3.517501 106
1984 3.729813 106
1985 3.581249 106
1986 9.519587 106
1987 11.559174 106
1988 0.000000 106
1989 0.000000 106
1990 0.918272 106
1991 3.277128 106
1992 2.160739 106
1993 2.744332 106
1994 1.137409 106
1995 3.500074 106
1996 3.736868 106
1997 109.784891 106
1998 124.216103 106
1999 127.650873 106
2000 44.458743 120
2001 81.811068 120
2002 79.510625 120
2003 83.020750 120
2004 2.526072 120
2005 2.717326 120
2006 6.099972 120
2007 0.799455 119
2008 1.505373 118
2009 1.247264 118
2010 54.995863 118
2011 0.664014 118
2012 2.185525 118
2013 14.125266 118
2014 0.000000 118
2015 1.050351 118
2016 0.648581 118
2017 0.794196 118
2018 0.834043 118
2019 0.093716 118
2020 0.569437 118
2021 0.875862 118
2022 1.395641 118
2023 0.881565 118
2024 11.202198 118
2025 4.630036 118
2026 0.956896 118
2027 1.213741 118
2028 0.809740 118
2029 1.096074 118
2030 0.875451 118
2031 0.873894 118
2032 1.269481 118
2033 1.810698 118
2034 11.390627 118
2035 1.610173 118
2036 1.050369 118
2037 204.969290 118
2038 1.001967 118
2039 1.351232 118
2040 0.649118 118
2041 1.167430 118
2042 1.101323 118
2043 6.986741 118
2044 9.736394 118
2045 1.599941 118
2046 4.071759 118
2047 4.970226 118
2048 4.552626 118
2049 2.577803 118
2050 0.683604 123
2051 4.383972 123
2052 3.858168 123
2053 0.722983 123
2054 2.519275 123
2055 2.575259 123
2056 1.177880 123
2057 44.068156 122
2058 4.468018 121
2059 4.958211 121
2060 4.373600 121
2061 3.990091 121
2062 2.334307 121
2063 0.495633 121
2064 0.235179 121
2065 2.434848 121
2066 0.614671 121
2067 0.237928 121
2068 1.817670 121
2069 0.635641 121
2070 23.652050 121
2071 22.483785 121
2072 10.850552 121
2073 0.354659 121
2074 0.789552 121
2075 22.016400 121
2076 0.880567 121
2077 2.736739 121
2078 0.400882 121
2079 1.280078 121
2080 12.196954 121
2081 0.657777 121
2082 1.076973 121
2083 0.128621 121
2084 0.299014 121
2085 0.303079 121
2086 0.267793 121
2087 0.345524 121
2088 0.358936 121
2089 0.631493 121
2090 0.682396 121
2091 0.482524 121
2092 0.139726 121
2093 0.419213 121
2094 0.303369 121
2095 0.455465 121
2096 0.063031 121
2097 0.557292 121
2098 0.964133 121
2099 1.113533 121
2100 0.426066 110
2101 1.363905 110
2102 0.013216 110
2103 16.498330 110
2104 18.682522 110
2105 0.959988 110
2106 0.012363 110
2107 0.256689 110
2108 0.672579 110
2109 1.245214 110
2110 1.527655 110
2111 0.414036 110
2112 0.633837 110
2113 10.668467 110
2114 63.072296 110
2115 116.114572 110
2116 104.614366 110
2117 23.380525 110
2118 52.138200 110
2119 52.685257 110
2120 41.851022 110
2121 44.054950 110
2122 93.217659 110
2123 41.589880 110
2124 275.002436 110
2125 2.040750 110
2126 22.873902 110
2127 14.989919 110
2128 0.920183 110
2129 1.495894 110
2130 1.458945 110
2131 1.348642 110
2132 2.182738 110
2133 0.668020 110
2134 1.211489 110
2135 2.116914 110
2136 12.436606 110
2137 9.148087 110
2138 0.916420 110
2139 0.472377 110
2140 0.102256 110
2141 3.784928 110
2142 1.507973 110
2143 0.182333 110
2144 8.305201 110
2145 14.225348 110
2146 60.826953 110
2147 11.905922 110
2148 1.911716 110
2149 0.908122 110
2150 5.846774 108
2151 2.944152 108
2152 0.415782 108
2153 1.294979 108
2154 1.300561 108
2155 1.100619 108
2156 4.692119 108
2157 10.401801 108
2158 4.529989 106
2159 5.439027 106
2160 0.000908 106
2161 0.162499 106
2162 0.201650 106
2163 0.196231 106
2164 0.219153 106
2165 0.240709 106
2166 0.276457 106
2167 0.481287 106
2168 0.448101 106
2169 0.446972 106
2170 0.485511 106
2171 0.406551 106
2172 0.539614 106
2173 0.855445 106
2174 0.648304 106
2175 0.777608 106
2176 0.764619 106
2177 1.001356 106
2178 1.136248 106
2179 0.913841 106
2180 0.973608 106
2181 0.927657 106
2182 1.158518 106
2183 1.015325 106
2184 1.077206 106
2185 1.145311 106
2186 1.107958 106
2187 1.110966 106
2188 1.083674 106
2189 1.262977 106
2190 1.093129 106
2191 1.246947 106
2192 1.290940 106
2193 1.364966 106
2194 1.448157 106
2195 1.509294 106
2196 1.315321 106
2197 1.574043 106
2198 1.380364 106
2199 1.608144 106
2200 0.401877 106
2201 0.669709 106
2202 1.061332 106
2203 0.809320 106
2204 0.681236 106
2205 1.231337 106
2206 0.934747 106
2207 0.567326 105
2208 0.623925 105
2209 0.609910 105
2210 0.553245 105
2211 0.584384 105
2212 0.847981 105
2213 0.527520 105
2214 0.777271 105
2215 0.688669 105
2216 0.744101 105
2217 0.735241 105
2218 0.821290 105
2219 1.029997 105
2220 0.996415 105
2221 0.906543 105
2222 0.924446 105
2223 1.187266 105
2224 0.837374 105
2225 1.940519 105
2226 1.157926 105
2227 1.130371 105
2228 1.889180 105
2229 1.352603 105
2230 1.036885 105
2231 1.214546 105
2232 1.406337 105
2233 1.353105 105
2234 1.311842 105
2235 1.404219 105
2236 1.498401 105
2237 2.369517 105
2238 1.371683 105
2239 1.608115 105
2240 1.518909 105
2241 1.622675 105
2242 2.050334 105
2243 1.548106 105
2244 1.993736 105
2245 1.682155 105
2246 2.867261 105
2247 2.043796 105
2248 1.985993 105
2249 1.845998 105
2250 0.338678 105
2251 0.658724 105
2252 0.661749 105
2253 0.636975 105
2254 0.482722 105
2255 0.518659 105
2256 0.558957 105
2257 0.581280 105
2258 0.536539 105
2259 0.604365 105
2260 0.508669 105
2261 0.659380 105
2262 0.607399 105
2263 0.617585 105
2264 0.498078 105
2265 0.522570 105
2266 0.577352 105
2267 0.559620 105
2268 0.742950 105
2269 0.746028 105
2270 0.827961 105
2271 0.789326 105
2272 0.727427 105
2273 0.718103 105
2274 1.058715 105
2275 1.207253 105
2276 1.345208 105
2277 1.201524 105
2278 1.461574 105
2279 1.373856 105
2280 1.452897 105
2281 1.451512 105
2282 1.578223 105
2283 1.419326 105
2284 1.426055 105
2285 1.440856 105
2286 1.306936 105
2287 1.635277 105
2288 1.534371 105
2289 1.467648 105
2290 1.506342 105
2291 1.535860 105
2292 1.654193 105
2293 1.544318 105
2294 2.981310 105
2295 1.720677 105
2296 1.584890 105
2297 1.869240 105
2298 1.877755 105
2299 1.808895 105
2300 0.372919 104
2301 0.667756 104
2302 0.624935 104
2303 0.635843 104
2304 0.618460 104
2305 0.556076 104
2306 0.523069 104
2307 0.544072 104
2308 0.604669 104
2309 0.486726 104
2310 0.638896 104
2311 0.487509 104
2312 0.565566 104
2313 0.576178 104
2314 0.548266 104
2315 0.664759 104
2316 0.748771 104
2317 0.733992 104
2318 0.718113 104
2319 0.678626 104
2320 0.941857 104
2321 0.885315 104
2322 1.005382 104
2323 0.914105 104
2324 1.031323 104
2325 1.223408 104
2326 1.126519 104
2327 1.001688 104
2328 1.300758 104
2329 1.402109 104
2330 1.585555 104
2331 1.014842 104
2332 1.106239 104
2333 1.090124 104
2334 1.432996 104
2335 1.496072 104
2336 1.357928 104
2337 1.683630 104
2338 1.402160 104
2339 1.341710 104
2340 1.575356 104
2341 1.574939 104
2342 1.967752 104
2343 1.439226 104
2344 1.888587 104
2345 1.913877 104
2346 1.757220 104
2347 1.976295 104
2348 1.796473 104
2349 3.209030 104
2350 0.389547 88
2351 1.328827 88
2352 1.250844 88
2353 18.304016 88
2354 3.237567 88
2355 2.495653 88
2356 12.985235 88
2357 87.206714 87
2358 62.863378 87
2359 106.920577 87
2360 38.521915 87
2361 94.630734 87
2362 148.611711 87
2363 81.712794 87
2364 78.680552 87
2365 65.367490 87
2366 136.834066 87
2367 100.707860 87
2368 148.085186 87
2369 37.187298 87
2370 153.101121 87
2371 95.323557 87
2372 30.957277 87
2373 117.794199 87
2374 70.633784 87
2375 160.366410 87
2376 75.176765 87
2377 107.905115 87
2378 69.414152 87
2379 147.269100 87
2380 40.871828 87
2381 131.396189 87
2382 44.942779 87
2383 1.173152 87
2384 4.351295 87
2385 4.970982 87
2386 1.208664 87
2387 4.466841 87
2388 4.302375 87
2389 25.022349 87
2390 3.425174 87
2391 4.056125 87
2392 0.670571 87
2393 2.790786 87
2394 2.802471 87
2395 1.099712 87
2396 3.051921 87
2397 4.008474 87
2398 1.225723 87
2399 4.271256 87
2400 0.796727 120
2401 4.431949 120
2402 3.913882 120
2403 4.633631 120
2404 4.239054 120
2405 4.336618 120
2406 4.222698 120
2407 3.582639 120
2408 4.939728 119
2409 4.431478 119
2410 0.707791 119
2411 0.006667 119
2412 1.355613 119
2413 2.333870 119
2414 0.612146 119
2415 1.299355 119
2416 1.727979 119
2417 3.032163 119
2418 3.745125 119
2419 3.905574 119
2420 1.588312 119
2421 0.326954 119
2422 1.616157 119
2423 0.682281 119
2424 1.016325 119
2425 1.656267 119
2426 2.620852 119
2427 1.413632 119
2428 1.493712 119
2429 1.713064 119
2430 1.218136 119
2431 0.000000 119
2432 1.024111 119
2433 0.777580 119
2434 1.135226 119
2435 14.652780 119
2436 2.488026 119
2437 0.992144 119
2438 1.692109 119
2439 1.502063 119
2440 2.668042 119
2441 0.011214 119
2442 0.002052 119
2443 0.000000 119
2444 1.333463 119
2445 5.776845 119
2446 15.347131 119
2447 245.874916 119
2448 4.048228 119
2449 3.538041 119
2450 0.222105 115
2451 0.529019 115
2452 0.565912 115
2453 0.588050 115
2454 3.474409 115
2455 55.680159 115
2456 133.405648 115
2457 0.093523 115
2458 0.613362 115
2459 1.590776 115
2460 0.422724 115
2461 7.273607 115
2462 19.371891 115
2463 4.789472 115
2464 2.422858 115
2465 4.467058 115
2466 1.427601 115
2467 2.192893 115
2468 5.756366 115
2469 1.268842 115
2470 1.328104 115
2471 0.452927 115
2472 1.007101 115
2473 0.014410 115
2474 1.026826 115
2475 0.627714 115
2476 1.645796 115
2477 3.761775 115
2478 17.633024 115
2479 2.939210 115
2480 0.325960 115
2481 2.465983 115
2482 1.586780 115
2483 2.073207 115
2484 0.880687 115
2485 3.437964 115
2486 1.728332 115
2487 13.586141 115
2488 0.981472 115
2489 8.350687 115
2490 1.034482 115
2491 3.742405 115
2492 1.574889 115
2493 2.858662 115
2494 1.814031 115
2495 1.620890 115
2496 1.224562 115
2497 76.339922 115
2498 1.238697 115
2499 1.605785 115
2500 0.651239 113
2501 0.913851 113
2502 0.005924 113
2503 0.173507 113
2504 1.440964 113
2505 2.800881 112
2506 1.353564 112
2507 1.393731 112
2508 0.829234 112
2509 1.239154 112
2510 1.692331 112
2511 1.943861 112
2512 1.007266 112
2513 14.151588 112
2514 0.781717 112
2515 1.106117 112
2516 4.711060 112
2517 0.951708 112
2518 1.510734 112
2519 0.000000 112
2520 1.454531 112
2521 1.325414 112
2522 1.769971 112
2523 0.818609 112
2524 1.178666 112
2525 0.878783 112
2526 1.303131 112
2527 1.050547 112
2528 9.034488 112
2529 4.376150 112
2530 2.660716 112
2531 0.433881 112
2532 11.156705 112
2533 63.469555 112
2534 1.405046 112
2535 1.738139 112
2536 1.547018 112
2537 1.207560 112
2538 1.235399 112
2539 1.992349 112
2540 1.184758 112
2541 1.345314 112
2542 1.130137 112
2543 0.214943 112
2544 0.703909 112
2545 1.803441 112
2546 1.878244 112
2547 1.244403 112
2548 20.802594 112
2549 1.198106 112
2550 0.421022 107
2551 0.594369 107
2552 0.173096 107
2553 1.385484 107
2554 2.144074 107
2555 2.251491 107
2556 0.891905 107
2557 0.976037 106
2558 0.672494 106
2559 0.342935 106
2560 0.669089 106
2561 0.786602 106
2562 0.308884 106
2563 0.027153 106
2564 0.039347 106
2565 0.056372 106
2566 0.004680 106
2567 0.028401 106
2568 0.057061 106
2569 0.077606 106
2570 0.020300 106
2571 0.109562 106
2572 0.111241 106
2573 0.130198 106
2574 0.258313 106
2575 0.143409 106
2576 0.442837 106
2577 0.106652 106
2578 0.113457 106
2579 0.100202 106
2580 0.047588 106
2581 0.100208 106
2582 0.169087 106
2583 0.196095 106
2584 0.222507 106
2585 0.093156 106
2586 0.158872 106
2587 0.275366 106
2588 0.176254 106
2589 0.364062 105
2590 0.237829 105
2591 0.392896 105
2592 0.198696 105
2593 0.220339 105
2594 0.074302 105
2595 0.280285 105
2596 0.259410 105
2597 0.482433 105
2598 0.392577 105
2599 0.431209 105
2600 0.169710 110
2601 0.415150 110
2602 0.454278 110
2603 0.280463 110
2604 0.328153 109
2605 0.156677 109
2606 0.190922 109
2607 0.153057 109
2608 0.134996 109
2609 0.129467 109
2610 0.045758 109
2611 0.100542 109
2612 0.128577 109
2613 0.090583 109
2614 0.109055 109
2615 0.080449 109
2616 0.099278 109
2617 0.067097 109
2618 0.087575 109
2619 0.040419 109
2620 0.131354 109
2621 0.059980 109
2622 0.070579 109
2623 0.086038 109
2624 0.153685 109
2625 0.061558 109
2626 0.149100 109
2627 0.133013 109
2628 0.128296 109
2629 0.579767 109
2630 0.816377 109
2631 0.150509 109
2632 0.153164 109
2633 0.169135 109
2634 0.144155 109
2635 0.219436 109
2636 0.116402 109
2637 0.157408 109
2638 0.220391 109
2639 0.405410 109
2640 0.201769 109
2641 0.199294 109
2642 0.276172 109
2643 0.254025 109
2644 0.364358 109
2645 0.476408 109
2646 0.310845 109
2647 0.469164 109
2648 0.733418 109
2649 0.484743 109
2650 0.152212 115
2651 0.269069 115
2652 0.282603 115
2653 0.267322 115
2654 0.238206 115
2655 0.373234 113
2656 0.329290 113
2657 0.149589 113
2658 0.268919 113
2659 0.120135 113
2660 0.075135 113
2661 0.077771 113
2662 0.132497 113
2663 4.181558 113
2664 6.771268 113
2665 2.230816 113
2666 6.181832 113
2667 0.007538 113
2668 0.011252 113
2669 0.004498 113
2670 0.001290 113
2671 0.000554 113
2672 0.000360 113
2673 0.000207 113
2674 0.093028 113
2675 0.000000 113
2676 0.000000 113
2677 0.000000 113
2678 0.000000 113
2679 0.000000 113
2680 0.000000 113
2681 0.000000 113
2682 0.000000 113
2683 0.000000 113
2684 0.000000 113
2685 0.000000 112
2686 0.000000 112
2687 0.000000 112
2688 0.000000 112
2689 0.000000 112
2690 0.000000 112
2691 0.000000 112
2692 0.000000 112
2693 0.000000 112
2694 0.000000 112
2695 0.000000 112
2696 0.000000 112
2697 0.000000 112
2698 0.000000 112
2699 0.000000 112
2700 0.034428 112
2701 0.026884 112
2702 0.016787 112
2703 0.014697 112
2704 0.004846 112
2705 0.001731 110
2706 0.003246 109
2707 0.000862 109
2708 0.000224 109
2709 0.000554 109
2710 0.000177 109
2711 4.922438 109
2712 3.990223 109
2713 4.303428 109
2714 56.135505 109
2715 4.215257 109
2716 332.307496 109
2717 5.044233 109
2718 100.665569 109
2719 2.069081 109
2720 2.808924 109
2721 29.030607 109
2722 4.900118 109
2723 3.848707 109
2724 5.617812 109
2725 5.205580 109
2726 5.690125 109
2727 5.182518 109
2728 6.006039 109
2729 17.334808 109
2730 227.625204 109
2731 5.153882 109
2732 4.753454 109
2733 296.017134 109
2734 4.754529 109
2735 8.340798 108
2736 3.129794 109
2737 8.227439 109
2738 4.788579 109
2739 5.349099 109
2740 4.633115 109
2741 4.728018 109
2742 5.888155 109
2743 57.036473 109
2744 6.099320 109
2745 5.621915 109
2746 17.767801 109
2747 3.132807 109
2748 30.317166 109
2749 3.563561 109
2750 4.563277 100
2751 3.201290 100
2752 8.352084 100
2753 4.055118 100
2754 1.237740 100
2755 5.056961 100
2756 1.500191 100
2757 2.482356 99
2758 2.236375 96
2759 1.261466 96
2760 0.995390 96
2761 0.887421 96
2762 1.090620 96
2763 1.342133 96
2764 1.022375 96
2765 0.959320 96
2766 1.008939 96
2767 1.006214 96
2768 1.127891 96
2769 1.017894 96
2770 1.245299 96
2771 1.280698 96
2772 1.300161 96
2773 1.119203 96
2774 1.013800 96
2775 0.996056 96
2776 1.515177 96
2777 0.895093 96
2778 1.294588 96
2779 1.423695 96
2780 1.137015 96
2781 1.160761 96
2782 1.319825 96
2783 1.173276 96
2784 1.023165 96
2785 1.797176 96
2786 1.476768 96
2787 0.992250 96
2788 3.356532 96
2789 1.422922 96
2790 1.836934 96
2791 1.777081 96
2792 2.605219 96
2793 2.660602 96
2794 2.036550 96
2795 1.840102 96
2796 1.824462 96
2797 1.836827 96
2798 1.910070 96
2799 2.364863 96
2800 0.623227 114
2801 2.274806 114
2802 1.856939 114
2803 2.204007 114
2804 2.318058 114
2805 2.080350 114
2806 2.210283 114
2807 2.724172 112
2808 1.775072 110
2809 2.192669 110
2810 2.271496 110
2811 1.977757 110
2812 1.758204 110
2813 1.863694 110
2814 2.001480 110
2815 1.047025 110
2816 4.268013 110
2817 3.527272 110
2818 4.533229 110
2819 0.015598 110
2820 0.007655 110
2821 0.006702 110
2822 0.003485 110
2823 0.002802 110
2824 0.002577 110
2825 0.001034 110
2826 0.000679 110
2827 0.000000 110
2828 0.000209 110
2829 0.000000 110
2830 0.000000 110
2831 0.000000 110
2832 0.000000 110
2833 0.000000 110
2834 0.000000 110
2835 0.000000 110
2836 0.000000 110
2837 0.000000 110
2838 0.000000 110
2839 4.868847 110
2840 8.111531 110
2841 8.506252 110
2842 1.941139 110
2843 5.680454 110
2844 8.176402 110
2845 7.424638 110
2846 2.276686 110
2847 4.965246 110
2848 4.891291 110
2849 5.107374 110
2850 0.391785 111
2851 3.862119 111
2852 3.622581 111
2853 3.700478 111
2854 2.216499 111
2855 6.077513 111
2856 6.622124 111
2857 2.317280 111
2858 5.576179 110
2859 5.848669 110
2860 5.696228 110
2861 0.964028 110
2862 3.540676 110
2863 0.868147 110
2864 3.389075 110
2865 3.493698 110
2866 6.751010 110
2867 20.085668 110
2868 8.362731 110
2869 1.825396 110
2870 5.716352 110
2871 5.971899 110
2872 6.153691 110
2873 0.931976 110
2874 1.020422 110
2875 1.065101 110
2876 1.109864 110
2877 1.206141 110
2878 0.982193 110
2879 1.008890 110
2880 0.999151 110
2881 0.923246 110
2882 0.943274 110
2883 0.868432 110
2884 0.939121 110
2885 0.900191 110
2886 0.936319 110
2887 0.806263 110
2888 0.877217 110
2889 1.063524 110
2890 0.890043 110
2891 1.326336 110
2892 1.455746 110
2893 0.977181 110
2894 3.566201 110
2895 3.287884 110
2896 7.039059 110
2897 119.548614 110
2898 4.356512 110
2899 4.767073 110
2900 0.550175 88
2901 2.804880 88
2902 3.222517 88
2903 2.868170 88
2904 1.308752 88
2905 4.944884 88
2906 4.999772 88
2907 4.628968 88
2908 1.338120 88
2909 4.199934 88
2910 4.608052 88
2911 0.493526 88
2912 2.574133 88
2913 2.945235 88
2914 3.342722 88
2915 4.073727 88
2916 2.386461 88
2917 6.982225 88
2918 8.053891 88
2919 7.824226 88
2920 1.034355 88
2921 3.734964 88
2922 4.006764 88
2923 1.476520 88
2924 4.025367 88
2925 4.170311 88
2926 3.990701 88
2927 0.608437 88
2928 2.343318 88
2929 4.247612 88
2930 4.609197 88
2931 0.369912 88
2932 1.720182 88
2933 1.596448 88
2934 1.661405 88
2935 0.602043 88
2936 1.181312 88
2937 1.083662 88
2938 4.149331 88
2939 11.494504 88
2940 9.320695 88
2941 10.151587 88
2942 10.226724 88
2943 10.790848 88
2944 1.425719 88
2945 5.796317 88
2946 5.674891 88
2947 5.860573 88
2948 2.875673 88
2949 4.612541 88
2950 0.297041 100
2951 2.691066 100
2952 3.926359 100
2953 1.319950 100
2954 3.481620 100
2955 1.445894 100
2956 3.498393 100
2957 2.089572 100
2958 1.147534 100
2959 3.791295 100
2960 3.650504 100
2961 3.365920 100
2962 1.041137 100
2963 5.109879 100
2964 4.827381 100
2965 1.709662 100
2966 5.527899 100
2967 5.063883 100
2968 4.988511 100
2969 26.936507 100
2970 33.742664 100
2971 1.179315 100
2972 0.580413 100
2973 3.955738 100
2974 3.421852 100
2975 2.186362 100
2976 6.226740 100
2977 8.107450 100
2978 1.437193 100
2979 5.740665 100
2980 5.512694 100
2981 0.743660 100
2982 2.158044 100
2983 0.758095 100
2984 3.936606 100
2985 0.978203 100
2986 3.809591 100
2987 4.408817 100
2988 0.983276 100
2989 4.863617 100
2990 0.867186 100
2991 1.176906 100
2992 4.309300 100
2993 2.851278 100
2994 9.750861 100
2995 0.818222 100
2996 3.150715 100
2997 0.853581 100
2998 5.052714 100
2999 0.000000 100
3000 0.024242 108
3001 0.000000 108
3002 0.000000 108
3003 0.000000 108
3004 0.000000 106
3005 0.000000 106
3006 0.000000 106
3007 0.000000 106
3008 32.634290 106
3009 302.476146 106
3010 109.331828 106
3011 547.267487 106
3012 180.255878 106
3013 523.545948 106
3014 256.338391 106
3015 318.352584 106
3016 449.170413 106
3017 614.921229 106
3018 126.169848 106
3019 148.664639 106
3020 73.277829 106
3021 284.426760 106
3022 0.967310 106
3023 2.533806 106
3024 2.685056 106
3025 1.781432 106
3026 6.745921 106
3027 0.000000 106
3028 0.000000 106
3029 0.000000 106
3030 0.876867 106
3031 3.365763 106
3032 1.304140 106
3033 5.154264 106
3034 1.640745 106
3035 7.323400 106
3036 51.202633 106
3037 84.611860 106
3038 83.083731 106
3039 2.239285 106
3040 10.382379 106
3041 1.495108 106
3042 6.633632 106
3043 2.054128 106
3044 10.178622 106
3045 2.090559 106
3046 8.533471 106
3047 7.686972 106
3048 1.128077 106
3049 7.787966 106
3050 0.547823 98
3051 5.636983 98
3052 0.894315 98
3053 3.992842 98
3054 3.622931 98
3055 1.344317 98
3056 5.710022 98
3057 0.807628 97
3058 2.673500 96
3059 2.096828 96
3060 0.843773 96
3061 4.299697 96
3062 0.450577 96
3063 0.892862 96
3064 0.580160 96
3065 0.419540 96
3066 0.459505 96
3067 1.593711 96
3068 6.889281 96
3069 2.249408 96
3070 2.583210 96
3071 4.519922 96
3072 4.661358 96
3073 4.644684 96
3074 4.822197 96
3075 4.844520 96
3076 4.884662 96
3077 4.701543 96
3078 4.451979 96
3079 4.787387 96
3080 4.522972 96
3081 4.510860 96
3082 4.734984 96
3083 4.768617 96
3084 4.802054 96
3085 5.057956 96
3086 3.726273 96
3087 7.585043 96
3088 6.540002 96
3089 13.124876 95
3090 108.864820 96
3091 18.170905 96
3092 7.549429 96
3093 7.226293 96
3094 11.482720 96
3095 13.526342 96
3096 9.422550 96
3097 0.738413 96
3098 0.962440 96
3099 0.948287 96
3100 0.194275 101
3101 0.834050 101
3102 0.860283 101
3103 0.853326 101
3104 0.876143 101
3105 0.846590 101
3106 0.855797 101
3107 0.894318 101
3108 0.747639 100
3109 1.382264 100
3110 1.606515 100
3111 21.856746 100
3112 1.050597 100
3113 406.466103 100
3114 16.570420 100
3115 1.616303 100
3116 3.440084 100
3117 6.164440 100
3118 4.014052 100
3119 4.632765 100
3120 37.262922 100
3121 0.918818 100
3122 4.058250 100
3123 3.595275 100
3124 1.085705 100
3125 0.846074 100
3126 3.427844 100
3127 3.911419 100
3128 3.148361 100
3129 2.956322 100
3130 3.247536 100
3131 3.105784 100
3132 1.231073 100
3133 2.643535 100
3134 7.099109 100
3135 6.627404 100
3136 7.451578 100
3137 6.292012 100
3138 6.308528 100
3139 1.700070 100
3140 7.623001 100
3141 6.010647 100
3142 10.558177 100
3143 0.000000 100
3144 5.623068 100
3145 12.509715 100
3146 6.617291 100
3147 3.133875 100
3148 3.796871 100
3149 3.695574 100
3150 0.788131 110
3151 2.455344 110
3152 3.069269 110
3153 3.006505 110
3154 21.975706 110
3155 6.464229 110
3156 4.244232 110
3157 30.108331 110
3158 8.515103 110
3159 8.514382 110
3160 4.251483 110
3161 2.894138 110
3162 4.914138 110
3163 266.868224 110
3164 11.516909 110
3165 10.917915 110
3166 1.659466 110
3167 1.703928 110
3168 3.127342 110
3169 5.106065 110
3170 4.526856 110
3171 9.514880 110
3172 8.086254 110
3173 10.597831 110
3174 6.612763 110
3175 5.097415 110
3176 5.763195 110
3177 12.163468 110
3178 3.645489 110
3179 5.407546 110
3180 7.169992 110
3181 7.526753 110
3182 7.316757 110
3183 7.058069 110
3184 6.686685 110
3185 4.601304 110
3186 0.416288 110
3187 1.253646 110
3188 1.437483 110
3189 1.167622 110
3190 0.099373 110
3191 0.318149 110
3192 1.868430 110
3193 34.602298 110
3194 4.573678 110
3195 5.843951 110
3196 2.640642 110
3197 4.985345 110
3198 5.065444 110
3199 3.914701 110
3200 1.259833 111
3201 4.028117 111
3202 11.144254 111
3203 11.396228 111
3204 10.483580 111
3205 11.268998 111
3206 2.592346 111
3207 11.093139 110
3208 2.071936 111
3209 8.260220 111
3210 0.864280 111
3211 128.872245 111
3212 2.016903 111
3213 1.721596 111
3214 18.257858 111
3215 2.459109 111
3216 6.348714 111
3217 9.317874 111
3218 11.243827 111
3219 12.912634 110
3220 15.413685 111
3221 12.955266 111
3222 2.502934 111
3223 8.854026 111
3224 9.662808 111
3225 9.696446 111
3226 1.082639 111
3227 2.158598 111
3228 2.103510 111
3229 3.343342 111
3230 1.945871 111
3231 1.109106 111
3232 2.106883 111
3233 5.695750 111
3234 44.874564 111
3235 1.939063 111
3236 2.360818 111
3237 0.990404 111
3238 4.265681 111
3239 3.465595 111
3240 1.042201 111
3241 5.091371 111
3242 7.383655 111
3243 4.391428 110
3244 1.365324 111
3245 0.513521 111
3246 0.134859 111
3247 0.159937 111
3248 0.272458 111
3249 7.522595 111
3250 0.535224 110
3251 3.021848 110
3252 3.151226 110
3253 3.140342 110
3254 1.102800 110
3255 2.383426 110
3256 1.036206 110
3257 2.687267 110
3258 2.924283 109
3259 2.660422 109
3260 2.501233 109
3261 15.859959 109
3262 2.564311 109
3263 0.137980 109
3264 1.641731 109
3265 3.703288 109
3266 2.139876 109
3267 4.765050 109
3268 5.465875 109
3269 4.219690 109
3270 5.029264 109
3271 4.723412 109
3272 0.668728 109
3273 7.064414 109
3274 5.785583 109
3275 27.115002 109
3276 2.267133 109
3277 3.106677 109
3278 2.561515 109
3279 9.839965 109
3280 2.410684 109
3281 0.565329 109
3282 22.887518 109
3283 1.911701 109
3284 2.040655 109
3285 1.164112 109
3286 3.738967 109
3287 4.453939 109
3288 4.335660 109
3289 6.658487 109
3290 1.455462 109
3291 4.789427 109
3292 1.352142 109
3293 4.492791 109
3294 1.236485 109
3295 27.752898 109
3296 3.764386 109
3297 0.265475 109
3298 4.197827 109
3299 0.698869 109
3300 0.589533 119
3301 0.563449 119
3302 60.184846 119
3303 165.621439 119
3304 186.847727 119
3305 194.697460 119
3306 0.196407 119
3307 0.166907 119
3308 0.231519 119
3309 0.302776 119
3310 0.357722 119
3311 3.207064 119
3312 5.999066 119
3313 5.886253 119
3314 3.045319 119
3315 7.168637 119
3316 7.314266 119
3317 64.014133 119
3318 36.964391 119
3319 67.827362 119
3320 71.958331 119
3321 77.459609 119
3322 2.249657 119
3323 4.151413 119
3324 5.390596 119
3325 12.793425 119
3326 2.955909 119
3327 1.408851 119
3328 2.188554 119
3329 39.462603 119
3330 4.203160 119
3331 38.669813 119
3332 1.692328 119
3333 1.793633 119
3334 8.359801 119
3335 0.268593 119
3336 5.719685 119
3337 4.014560 119
3338 4.520357 119
3339 2.504684 119
3340 17.509715 119
3341 0.996518 119
3342 1.229290 119
3343 3.026529 119
3344 3.127519 119
3345 1.748276 119
3346 7.437021 119
3347 7.823831 119
3348 2.690623 119
3349 1.353452 119
3350 1.793190 86
3351 0.768163 86
3352 1.310559 86
3353 1.025612 86
3354 1.787858 86
3355 6.303963 86
3356 7.805199 86
3357 19.793484 86
3358 21.131084 86
3359 2.544087 86
3360 1.099513 86
3361 6.942183 86
3362 1.363712 86
3363 3.462210 86
3364 11.908079 86
3365 13.468877 86
3366 11.240929 86
3367 4.630925 86
3368 5.469608 86
3369 228.096559 86
3370 1.540310 86
3371 1.404740 86
3372 6.260562 86
3373 5.118911 86
3374 1.182026 86
3375 4.068041 86
3376 6.789195 86
3377 2.875820 86
3378 1.579864 86
3379 5.685790 86
3380 5.353412 86
3381 1.106341 86
3382 3.559502 86
3383 3.842856 86
3384 1.502899 86
3385 4.949971 86
3386 6.068691 86
3387 0.700310 86
3388 0.694637 86
3389 2.164151 86
3390 2.463362 86
3391 38.211691 86
3392 178.682940 86
3393 206.877134 86
3394 7.602351 86
3395 10.327678 86
3396 18.376758 86
3397 17.269191 86
3398 1.359395 86
3399 2.092627 86
3400 1.012823 97
3401 1.456592 97
3402 1.159195 97
3403 8.315792 97
3404 1.155142 97
3405 5.049912 97
3406 4.259320 97
3407 0.861654 97
3408 1.284280 97
3409 1.350263 97
3410 5.826754 97
3411 4.429934 97
3412 3.740012 97
3413 1.772352 97
3414 5.240012 97
3415 5.469941 97
3416 3.119683 97
3417 1.253471 97
3418 6.286231 97
3419 5.056340 97
3420 1.458925 97
3421 5.414709 97
3422 4.926268 97
3423 20.748351 97
3424 66.298627 97
3425 71.219623 97
3426 6.594759 97
3427 7.560676 97
3428 2.175232 97
3429 2.302403 97
3430 1.377833 97
3431 5.153069 97
3432 6.098973 97
3433 1.282308 97
3434 6.330585 97
3435 4.383393 97
3436 1.466304 97
3437 6.657793 97
3438 5.197644 97
3439 1.511513 97
3440 4.341827 97
3441 1.623519 97
3442 5.795274 97
3443 6.138694 97
3444 32.454504 97
3445 15.855843 97
3446 3.801807 97
3447 35.491210 97
3448 35.402350 97
3449 12.274109 97
3450 18.344748 117
3451 2.006593 117
3452 4.554385 117
3453 12.721333 117
3454 11.294616 117
3455 1.493333 117
3456 6.463317 117
3457 7.166540 117
3458 1.605557 117
3459 1.147052 117
3460 5.622454 117
3461 0.907364 117
3462 1.229934 117
3463 1.654220 117
3464 2.809428 117
3465 3.615771 117
3466 1.001915 117
3467 1.939629 117
3468 1.879100 117
3469 2.276511 117
3470 11.462853 117
3471 3.318226 117
3472 0.086518 117
3473 8.320288 117
3474 1.513045 117
3475 1.529064 117
3476 5.152161 117
3477 6.568086 117
3478 1.009892 117
3479 1.599646 117
3480 6.559291 117
3481 13.007259 117
3482 16.116925 117
3483 1.656082 117
3484 5.684008 117
3485 6.954642 117
3486 8.505543 117
3487 1.387361 117
3488 2.702531 117
3489 2.713610 117
3490 2.597615 117
3491 16.861420 117
3492 1.626726 117
3493 6.346141 117
3494 4.981790 117
3495 1.966201 117
3496 7.088594 117
3497 5.798125 117
3498 2.719782 117
3499 6.394271 117
3500 0.731777 98
3501 1.326520 98
3502 5.393518 98
3503 4.580237 98
3504 1.359984 98
3505 4.697132 98
3506 5.559799 98
3507 1.187989 98
3508 4.764315 97
3509 6.137504 97
3510 1.130296 97
3511 5.829117 97
3512 4.396117 97
3513 15.372228 97
3514 19.871946 97
3515 21.296897 97
3516 2.156529 97
3517 1.172622 97
3518 6.614084 97
3519 5.213247 97
3520 300.879589 97
3521 1.472858 97
3522 5.029606 97
3523 5.739550 97
3524 1.357286 97
3525 5.894780 97
3526 5.141314 97
3527 0.626656 97
3528 0.794843 97
3529 1.830658 97
3530 1.377804 97
3531 1.609418 97
3532 5.308401 97
3533 7.415220 97
3534 13.886098 97
3535 1.559375 97
3536 5.532318 97
3537 6.565988 97
3538 5.828620 97
3539 0.752889 97
3540 0.820629 97
3541 4.104672 97
3542 1.153374 97
3543 0.725289 97
3544 1.691761 97
3545 1.094937 97
3546 5.140810 97
3547 0.817138 97
3548 0.667832 97
3549 2.094880 97
3550 0.554189 108
3551 1.428294 108
3552 2.005854 108
3553 1.944417 108
3554 31.122363 108
3555 1.735589 108
3556 3.395877 108
3557 21.341724 108
3558 1.192686 108
3559 1.910381 108
3560 7.446843 108
3561 151.684562 108
3562 0.867856 108
3563 3.851332 108
3564 5.860414 108
3565 1.237710 108
3566 0.365952 108
3567 4.547808 108
3568 1.001526 108
3569 3.497786 108
3570 1.735182 108
3571 4.123770 108
3572 0.954084 108
3573 0.591201 108
3574 1.746690 108
3575 5.533187 108
3576 3.180792 108
3577 1.243183 108
3578 5.958421 108
3579 190.401629 108
3580 1.430377 108
3581 9.939906 108
3582 0.592076 108
3583 0.670118 108
3584 2.169327 108
3585 7.203518 108
3586 37.436346 108
3587 2.673463 108
3588 5.165941 108
3589 0.940086 108
3590 2.050199 108
3591 0.980676 108
3592 7.059436 107
3593 24.289610 108
3594 1.482073 108
3595 4.023634 108
3596 1.182777 108
3597 3.314714 108
3598 1.022853 108
3599 4.089644 108
3600 2.031959 96
3601 12.948959 96
3602 1.156782 96
3603 1.801649 96
3604 0.413904 96
3605 0.758039 96
3606 0.788352 96
3607 1.015004 96
3608 9.259365 95
3609 0.885714 95
3610 5.998577 95
3611 0.000000 95
3612 1.467279 95
3613 0.996341 95
3614 2.269603 95
3615 7.542572 95
3616 1.522741 95
3617 4.725502 95
3618 1.359087 95
3619 3.260022 95
3620 19.303870 95
3621 2.154880 95
3622 21.629520 95
3623 2.509586 95
3624 23.558310 95
3625 2.186855 95
3626 1.984775 95
3627 2.096839 95
3628 1.108045 95
3629 1.126007 95
3630 8.515023 95
3631 2.840779 95
3632 0.932856 95
3633 1.099512 95
3634 2.331810 95
3635 4.539494 95
3636 0.328091 95
3637 0.994946 95
3638 72.020958 95
3639 4.032084 95
3640 16.505540 95
3641 2.315823 95
3642 2.357538 95
3643 2.846614 95
3644 0.259829 95
3645 2.903839 95
3646 0.955563 95
3647 39.773807 95
3648 1.631448 95
3649 2.937365 95
3650 0.961389 117
3651 2.359021 117
3652 1.245936 117
3653 1.356032 117
3654 0.692171 117
3655 0.261992 117
3656 1.311568 117
3657 5.336810 116
3658 1.577342 115
3659 8.785786 115
3660 21.890945 115
3661 1.626867 115
3662 10.662228 115
3663 1.468737 115
3664 0.875761 115
3665 1.559815 115
3666 10.688268 115
3667 5.412016 115
3668 8.865208 115
3669 0.592935 115
3670 10.951483 115
3671 3.049884 115
3672 0.700239 115
3673 2.271773 115
3674 1.277549 115
3675 1.693328 115
3676 22.076225 115
3677 83.743334 115
3678 0.002543 115
3679 0.935845 115
3680 1.806940 115
3681 2.304371 115
3682 2.210275 115
3683 1.108630 115
3684 0.000000 115
3685 0.866899 115
3686 0.661563 115
3687 8.504084 115
3688 1.445934 115
3689 0.075155 115
3690 0.000000 115
3691 196.717588 115
3692 0.605245 115
3693 2.026438 115
3694 1.292411 115
3695 10.392970 115
3696 1.806416 115
3697 3.983619 115
3698 1.325265 115
3699 0.445697 115
3700 0.313237 103
3701 0.944851 103
3702 4.088978 103
3703 0.920736 103
3704 0.357431 103
3705 0.988562 103
3706 0.795430 103
3707 2.380933 103
3708 0.236747 102
3709 1.544462 102
3710 2.225885 102
3711 0.185396 102
3712 4.552498 102
3713 1.109785 102
3714 1.834277 102
3715 2.747933 102
3716 1.356976 102
3717 1.085635 102
3718 1.303141 102
3719 1.265536 102
3720 0.921823 102
3721 1.023189 102
3722 5.437184 102
3723 0.318273 102
3724 1.116633 102
3725 0.969927 102
3726 1.133210 102
3727 0.889967 102
3728 1.150701 102
3729 1.126167 102
3730 1.455794 102
3731 2.390488 102
3732 9.281526 102
3733 1.200003 102
3734 2.120867 102
3735 11.139713 102
3736 1.467495 102
3737 0.761803 102
3738 55.359467 102
3739 0.976324 102
3740 1.523743 102
3741 1.745810 102
3742 0.668358 102
3743 1.563546 102
3744 13.313860 102
3745 3.966464 102
3746 0.864308 102
3747 0.799525 102
3748 1.323362 102
3749 0.000000 102
3750 2.589259 118
3751 1.393193 118
3752 3.593503 118
3753 0.746859 118
3754 0.791861 118
3755 0.808853 118
3756 8.583592 118
3757 1.286583 117
3758 2.226575 116
3759 0.941573 116
3760 1.067198 116
3761 1.114576 116
3762 0.360807 116
3763 1.156417 116
3764 1.312081 116
3765 1.362144 116
3766 0.472690 116
3767 1.154723 116
3768 14.923426 116
3769 1.150506 116
3770 3.146068 116
3771 0.833772 116
3772 1.274360 116
3773 3.170946 116
3774 3.319177 116
3775 1.203994 116
3776 0.003311 116
3777 1.600597 116
3778 325.789470 116
3779 2.319597 116
3780 1.366456 116
3781 17.257667 116
3782 74.040712 116
3783 55.176160 116
3784 1.328031 116
3785 1.535273 116
3786 0.391914 116
3787 1.615037 116
3788 1.020209 116
3789 7.938425 116
3790 2.248316 116
3791 2.276896 116
3792 2.091385 116
3793 1.628152 116
3794 1.917112 116
3795 2.736543 116
3796 0.824957 116
3797 1.896240 116
3798 1.555894 116
3799 1.697119 116
3800 0.455504 111
3801 1.191905 111
3802 0.060615 111
3803 2.755660 111
3804 1.707019 111
3805 1.613312 110
3806 1.942724 109
3807 1.270980 109
3808 2.190209 109
3809 9.692079 109
3810 0.930245 109
3811 1.131004 109
3812 1.025253 109
3813 0.428847 109
3814 3.571689 109
3815 2.125414 109
3816 1.363039 109
3817 0.988264 109
3818 1.754453 109
3819 1.350659 109
3820 2.993633 109
3821 0.000000 109
3822 4.013740 109
3823 1.501562 109
3824 11.709053 109
3825 9.968625 109
3826 0.546103 109
3827 2.125517 109
3828 1.456997 109
3829 1.004210 109
3830 12.480414 109
3831 1.673698 109
3832 14.405711 109
3833 1.048535 109
3834 3.138918 109
3835 1.320047 109
3836 2.906782 109
3837 36.663436 109
3838 52.311069 109
3839 2.483335 109
3840 0.000000 109
3841 1.714248 109
3842 26.769726 109
3843 2.557256 109
3844 1.092487 109
3845 0.958069 109
3846 0.933828 109
3847 5.047260 109
3848 1.312720 109
3849 0.695205 109
3850 0.324252 113
3851 3.531407 113
3852 0.828535 113
3853 0.919029 113
3854 1.006631 113
3855 0.877388 113
3856 0.803892 113
3857 1.162222 110
3858 0.749275 109
3859 2.164414 109
3860 2.721569 109
3861 1.474849 109
3862 0.988509 109
3863 0.757785 109
3864 1.050751 109
3865 31.059283 109
3866 0.951268 109
3867 2.157542 109
3868 1.263845 109
3869 0.973555 109
3870 1.150052 109
3871 0.832140 109
3872 0.853105 109
3873 1.568732 109
3874 0.690113 109
3875 1.553333 109
3876 0.955214 109
3877 3.054273 109
3878 1.757460 109
3879 0.916941 109
3880 1.131066 109
3881 1.220347 109
3882 5.291344 109
3883 1.591001 109
3884 1.348776 109
3885 0.312600 109
3886 0.497372 109
3887 1.250562 109
3888 38.525158 109
3889 2.562490 109
3890 3.488508 109
3891 4.775673 109
3892 1.325459 109
3893 1.496555 109
3894 0.982301 109
3895 1.938541 109
3896 5.357703 109
3897 1.671230 109
3898 0.803141 109
3899 0.838233 109
3900 96.282834 116
3901 1.056254 116
3902 1.669384 116
3903 1.614557 116
3904 1.070745 116
3905 1.178357 116
3906 0.000000 116
3907 0.747787 114
3908 2.142354 114
3909 0.234919 114
3910 1.566100 114
3911 1.485171 114
3912 1.197968 114
3913 1.794173 114
3914 1.555258 114
3915 1.543784 114
3916 0.860734 114
3917 1.474473 114
3918 0.720973 114
3919 0.664943 114
3920 0.832019 114
3921 0.723364 114
3922 0.481491 114
3923 1.193516 114
3924 3.103849 114
3925 0.552197 114
3926 25.071199 114
3927 8.526482 114
3928 0.985321 114
3929 39.376895 114
3930 1.055327 114
3931 2.283791 114
3932 0.833032 114
3933 1.059313 114
3934 2.100595 114
3935 1.217980 114
3936 1.560626 114
3937 1.323158 114
3938 0.704002 114
3939 9.734790 114
3940 0.027247 114
3941 1.683052 114
3942 1.518099 114
3943 0.752280 114
3944 1.252401 114
3945 35.180786 114
3946 1.120151 114
3947 1.337985 114
3948 1.921035 114
3949 10.578677 114
3950 0.535157 125
3951 1.303044 125
3952 2.882867 125
3953 0.351568 125
3954 1.117568 125
3955 31.273578 125
3956 42.222784 125
3957 1.250860 122
3958 0.968802 122
3959 3.166478 122
3960 0.000000 122
3961 0.701589 122
3962 1.199124 122
3963 3.398061 122
3964 3.518200 122
3965 11.570277 122
3966 0.918675 122
3967 8.895632 122
3968 0.637606 122
3969 0.226140 122
3970 8.994460 122
3971 1.626635 122
3972 1.557529 122
3973 0.000000 122
3974 1.850291 122
3975 0.000000 122
3976 1.185984 122
3977 0.621195 122
3978 1.171079 122
3979 1.132557 122
3980 0.000000 122
3981 1.603692 122
3982 1.744522 122
3983 1.720917 122
3984 1.568074 122
3985 1.104686 122
3986 1.484469 122
3987 0.424907 122
3988 5.474074 122
3989 0.407398 122
3990 2.270671 122
3991 0.415469 122
3992 8.437427 122
3993 0.325966 122
3994 0.343429 122
3995 0.722597 122
3996 0.652091 122
3997 0.522337 122
3998 1.616841 122
3999 0.966847 122
4000 0.169116 121
4001 0.342301 121
4002 1.654508 121
4003 0.878237 121
4004 1.979827 121
4005 1.413260 121
4006 1.581968 121
4007 3.995591 121
4008 0.456607 121
4009 5.608571 121
4010 0.635990 121
4011 1.070774 121
4012 1.163147 121
4013 6.385538 121
4014 2.880812 121
4015 0.272485 121
4016 0.331079 121
4017 0.820685 121
4018 0.490065 121
4019 0.446406 121
4020 2.532211 121
4021 0.744770 121
4022 3.438399 121
4023 4.701906 121
4024 0.827809 121
4025 2.330207 121
4026 2.135680 121
4027 32.930720 121
4028 1.572361 121
4029 1.063650 121
4030 1.335353 121
4031 417.493445 121
4032 121.949867 121
4033 40.672976 121
4034 4.235304 121
4035 21.373486 121
4036 1.782904 121
4037 1.195231 121
4038 6.658572 121
4039 0.658367 121
4040 5.378434 121
4041 2.479600 121
4042 0.473521 121
4043 1.419333 121
4044 1.160026 121
4045 7.978897 121
4046 24.330325 121
4047 1.765804 121
4048 1.171004 121
4049 1.863168 121
4050 1.502635 123
4051 1.133321 123
4052 0.371744 123
4053 1.646829 123
4054 0.874605 123
4055 0.873150 123
4056 0.956373 123
4057 0.918601 122
4058 0.012464 122
4059 0.420351 122
4060 157.964830 122
4061 2.004925 122
4062 1.878668 122
4063 1.813406 122
4064 1.475066 122
4065 2.925269 122
4066 21.729335 122
4067 0.601459 122
4068 6.018837 122
4069 2.337444 122
4070 1.091753 122
4071 3.058385 122
4072 0.563168 122
4073 1.190277 122
4074 1.072881 122
4075 1.886348 122
4076 6.683489 122
4077 2.081913 122
4078 0.400601 122
4079 0.477139 122
4080 1.726221 122
4081 1.317040 122
4082 1.412450 122
4083 2.409944 122
4084 5.530167 122
4085 0.420943 122
4086 2.262296 122
4087 0.433561 122
4088 2.048126 122
4089 3.247194 122
4090 3.536323 122
4091 4.023073 122
4092 10.428680 122
4093 0.073883 122
4094 8.377167 122
4095 2.390191 122
4096 3.052878 122
4097 2.854125 122
4098 1.758124 122
4099 1.783072 122
4100 0.694662 118
4101 0.600151 118
4102 1.739320 118
4103 1.905900 118
4104 1.769587 118
4105 3.239007 118
4106 21.398616 118
4107 0.009168 118
4108 4.300026 118
4109 6.295686 118
4110 0.843110 118
4111 15.909865 118
4112 108.082834 118
4113 1.541123 118
4114 2.240281 118
4115 3.278890 118
4116 6.724264 118
4117 7.311549 118
4118 4.603394 118
4119 20.115104 118
4120 4.885390 118
4121 0.243790 118
4122 8.542888 118
4123 1.985855 118
4124 2.961339 118
4125 6.466276 118
4126 6.522827 118
4127 2.062072 118
4128 2.305417 118
4129 6.369883 118
4130 3.023328 118
4131 4.128412 118
4132 0.926134 118
4133 1.886385 118
4134 0.000000 118
4135 0.000000 118
4136 4.270607 118
4137 2.704632 118
4138 4.168445 118
4139 3.873486 118
4140 3.474692 118
4141 8.415218 118
4142 6.734733 118
4143 3.762448 118
4144 1.125777 118
4145 2.350915 118
4146 2.998090 118
4147 2.095169 118
4148 2.888028 118
4149 6.992155 118
4150 0.614824 115
4151 4.427984 115
4152 0.845121 115
4153 1.089766 115
4154 5.647159 115
4155 2.345729 115
4156 4.242856 115
4157 1.301611 115
4158 1.754570 115
4159 9.213590 115
4160 1.144123 115
4161 27.020384 115
4162 11.497166 115
4163 10.749182 115
4164 2.783579 115
4165 0.038712 115
4166 5.671805 115
4167 4.881528 115
4168 2.207916 115
4169 0.802572 115
4170 1.931471 115
4171 2.086469 115
4172 10.374282 115
4173 19.145581 115
4174 1.424884 115
4175 2.734828 115
4176 6.855614 115
4177 0.021416 115
4178 0.070782 115
4179 2.481595 115
4180 2.141036 115
4181 1.477829 115
4182 2.698730 115
4183 17.063681 115
4184 5.514763 115
4185 3.167516 115
4186 1.567211 115
4187 2.279771 115
4188 8.632180 115
4189 0.226105 115
4190 2.893254 115
4191 11.836752 115
4192 1.329717 115
4193 2.315412 115
4194 0.532671 115
4195 2.351036 115
4196 0.359710 115
4197 7.621106 115
4198 2.764789 115
4199 3.205956 115
4200 0.627318 122
4201 1.318578 122
4202 1.089540 122
4203 2.261254 122
4204 8.275093 122
4205 4.999871 122
4206 8.305969 122
4207 4.534232 122
4208 9.229245 122
4209 5.565398 122
4210 0.959824 122
4211 4.490729 122
4212 5.305579 122
4213 0.507823 122
4214 2.008205 122
4215 4.109026 122
4216 3.552086 122
4217 0.888226 122
4218 2.099377 122
4219 8.064632 122
4220 1.016428 122
4221 1.114741 122
4222 65.593088 122
4223 0.000000 122
4224 2.533002 122
4225 1.165939 122
4226 0.830633 122
4227 2.428693 122
4228 3.036172 122
4229 0.597995 122
4230 0.092149 122
4231 1.573624 122
4232 0.800280 122
4233 0.706147 122
4234 1.002382 122
4235 2.103955 122
4236 0.000000 122
4237 0.558682 122
4238 2.483678 122
4239 1.107940 122
4240 3.910960 122
4241 3.634318 122
4242 0.054086 122
4243 1.940154 122
4244 2.498581 122
4245 2.985006 122
4246 1.166076 122
4247 0.439967 122
4248 0.831450 122
4249 0.000000 122
4250 0.813375 114
4251 0.338894 114
4252 1.175257 114
4253 1.355950 114
4254 0.922807 111
4255 1.896963 110
4256 2.036538 110
4257 1.790166 110
4258 2.463843 110
4259 1.173045 110
4260 1.301362 110
4261 1.981732 110
4262 1.629663 110
4263 2.137828 110
4264 2.100961 110
4265 1.962272 110
4266 1.723724 110
4267 2.070648 110
4268 1.879549 110
4269 2.382391 110
4270 1.898757 110
4271 2.615598 110
4272 2.810037 110
4273 3.734259 110
4274 0.002223 110
4275 0.651392 110
4276 0.000728 110
4277 0.090356 110
4278 0.035523 110
4279 1.581027 110
4280 4.642127 110
4281 1.860783 110
4282 0.312264 110
4283 2.600521 110
4284 1.225414 110
4285 15.218712 110
4286 1.214481 110
4287 2.439624 110
4288 0.256718 110
4289 12.295248 110
4290 5.887997 110
4291 13.664815 110
4292 12.847316 110
4293 14.078165 110
4294 13.708964 110
4295 14.541059 110
4296 14.716884 110
4297 13.767244 110
4298 0.309144 110
4299 8.578532 110
4300 1.183630 107
4301 6.616551 107
4302 6.315094 107
4303 6.538761 107
4304 6.604021 107
4305 5.893579 107
4306 0.536141 107
4307 2.121100 107
4308 7.130695 107
4309 7.636154 107
4310 2.041227 107
4311 2.877197 107
4312 7.182148 107
4313 7.952389 107
4314 7.636384 107
4315 8.065077 107
4316 8.394164 107
4317 2.970148 107
4318 20.090556 107
4319 0.689384 107
4320 1.042233 107
4321 1.963899 107
4322 2.128553 107
4323 2.214168 107
4324 1.937951 107
4325 0.819751 107
4326 8.706365 107
4327 2.625948 107
4328 6.594863 107
4329 0.673173 107
4330 10.769495 107
4331 1.009733 107
4332 1.541647 107
4333 0.816865 107
4334 1.460522 107
4335 0.594425 107
4336 0.549853 107
4337 0.970412 107
4338 1.017845 107
4339 3.516507 107
4340 2.286588 107
4341 0.638737 107
4342 1.228222 107
4343 0.841721 107
4344 0.207021 107
4345 0.393115 107
4346 0.368258 107
4347 0.390554 107
4348 0.404966 107
4349 0.452105 107
4350 0.394774 111
4351 0.725994 111
4352 0.365622 111
4353 1.121676 111
4354 1.146376 111
4355 0.605037 111
4356 2.493406 111
4357 1.454033 111
4358 0.515795 111
4359 0.548492 111
4360 0.008837 111
4361 0.035049 111
4362 0.108965 111
4363 0.117746 111
4364 0.128283 111
4365 0.163127 111
4366 0.156589 111
4367 0.211830 111
4368 0.174818 111
4369 0.065465 111
4370 0.196757 111
4371 0.065373 111
4372 0.212369 111
4373 0.231107 111
4374 0.093782 111
4375 0.168043 111
4376 0.184632 111
4377 0.190091 111
4378 0.272336 111
4379 2.768549 111
4380 6.937761 111
4381 17.168577 111
4382 8.851395 111
4383 15.606841 111
4384 5.904786 111
4385 5.637970 111
4386 8.570427 111
4387 6.330169 111
4388 406.438843 111
4389 1.720588 111
4390 3.238257 111
4391 11.564674 111
4392 79.469278 110
4393 11.299928 110
4394 2.903802 110
4395 5.908565 110
4396 4.788423 110
4397 7.458075 110
4398 6.216525 110
4399 5.972377 110
4400 1.101618 94
4401 4.024378 94
4402 5.240059 94
4403 6.143308 94
4404 5.159081 94
4405 5.514769 94
4406 1.540655 94
4407 3.070057 93
4408 3.210746 91
4409 3.757313 91
4410 3.045501 91
4411 2.717484 91
4412 1.696926 91
4413 1.392284 91
4414 22.137598 91
4415 4.392195 91
4416 95.763225 91
4417 0.755077 91
4418 20.449948 91
4419 55.621101 91
4420 3.800096 91
4421 0.903419 91
4422 35.326290 91
4423 34.606201 91
4424 4.165672 91
4425 1.163107 91
4426 23.061323 91
4427 65.512916 91
4428 3.476748 91
4429 9.473810 91
4430 3.851665 91
4431 3.873404 91
4432 86.997998 91
4433 11.413852 91
4434 4.100445 91
4435 88.838541 91
4436 4.507038 91
4437 0.686288 91
4438 26.082422 91
4439 31.946903 91
4440 2.379356 91
4441 1.009604 91
4442 27.053758 91
4443 3.016810 91
4444 33.789685 91
4445 0.586111 91
4446 13.266655 91
4447 2.171589 91
4448 52.559396 91
4449 1.320169 91
4450 5.328825 107
4451 60.337873 107
4452 4.074515 107
4453 1.612505 107
4454 0.709688 107
4455 1.941913 107
4456 0.918575 107
4457 4.888759 107
4458 1.044597 107
4459 3.625488 107
4460 3.481425 107
4461 10.670910 107
4462 1.584699 107
4463 4.566625 107
4464 0.988917 107
4465 2.969842 107
4466 2.259390 107
4467 1.458469 107
4468 0.975899 107
4469 6.148830 107
4470 0.877653 107
4471 1.706610 107
4472 4.486047 107
4473 17.004382 107
4474 46.339409 107
4475 1.700415 107
4476 2.755885 107
4477 12.788996 107
4478 0.388136 107
4479 0.739977 107
4480 5.590986 107
4481 0.596822 107
4482 1.191912 107
4483 0.001440 107
4484 1.164987 107
4485 1.323377 107
4486 1.497250 107
4487 1.274255 107
4488 2.063829 106
4489 1.163919 106
4490 2.234265 106
4491 2.145658 106
4492 12.067551 106
4493 1.731500 106
4494 1.113855 106
4495 0.199128 106
4496 4.084254 106
4497 2.489511 106
4498 2.018635 106
4499 5.365733 106
