0 0.386610 118
1 1.761033 118
2 2.239241 118
3 1.026212 118
4 1.008028 118
5 0.000000 118
6 0.495615 118
7 12.275934 118
8 0.543707 118
9 0.540681 118
10 0.523956 118
11 0.569082 118
12 14.340876 118
13 1.595281 118
14 0.368513 118
15 0.591295 118
16 1.396910 118
17 1.401173 118
18 0.627069 118
19 1.258130 118
20 1.355509 118
21 0.428721 118
22 1.085053 118
23 0.588735 118
24 0.805466 118
25 0.874975 118
26 0.950424 118
27 5.522573 118
28 0.774106 118
29 0.713979 118
30 1.451780 118
31 0.793418 118
32 0.426147 118
33 1.183704 118
34 1.246830 118
35 0.732205 118
36 1.259459 118
37 0.494996 118
38 1.026903 118
39 0.951962 118
40 1.180143 118
41 1.044237 118
42 0.893551 118
43 0.860366 118
44 1.572262 118
45 0.784728 118
46 1.349833 118
47 1.932572 118
48 3.760879 118
49 0.757323 118
50 0.412973 116
51 0.580807 116
52 0.651137 116
53 0.693272 116
54 0.304714 116
55 0.366345 116
56 0.539057 116
57 0.526409 116
58 0.430868 116
59 0.000000 116
60 0.042023 116
61 2.955997 116
62 0.535577 116
63 0.585043 116
64 0.546756 116
65 0.733462 116
66 0.445535 116
67 0.617447 116
68 1.673296 116
69 1.364750 116
70 2.999467 116
71 3.105963 116
72 3.097788 116
73 0.690760 116
74 2.071027 116
75 2.341999 116
76 2.763797 116
77 3.116334 116
78 2.691790 116
79 2.884589 116
80 2.637753 116
81 2.513239 116
82 1.624680 116
83 0.630201 116
84 0.985448 116
85 1.027665 116
86 1.630799 116
87 2.806183 116
88 1.647402 116
89 4.081716 116
90 0.000000 116
91 0.886461 116
92 2.219264 116
93 1.907735 116
94 5.955484 116
95 0.000000 116
96 0.241585 116
97 2.242126 116
98 4.918081 116
99 5.061927 116
100 2.217690 93
101 4.336345 93
102 4.034136 93
103 4.187323 93
104 1.396863 93
105 3.266627 93
106 3.409844 93
107 1.927431 93
108 4.084303 93
109 0.745543 93
110 4.115924 93
111 31.562957 93
112 29.954503 93
113 1.502149 93
114 3.366189 93
115 3.357943 93
116 1.080397 93
117 1.392601 93
118 3.432312 93
119 3.880825 93
120 1.614312 93
121 1.621813 93
122 0.000000 93
123 1.517596 93
124 0.869336 93
125 2.469831 93
126 5.926627 93
127 3.591214 93
128 1.253108 93
129 22.439493 93
130 1.092993 93
131 1.470980 93
132 1.547684 93
133 0.667928 93
134 2.298861 93
135 2.373043 93
136 8.584048 93
137 1.108057 93
138 1.787262 93
139 1.877564 93
140 18.914888 93
141 0.993883 93
142 2.253676 93
143 0.782439 93
144 0.502002 93
145 0.996192 93
146 2.634273 93
147 1.552065 93
148 0.778358 93
149 1.657474 93
150 0.839423 98
151 1.720262 98
152 1.306698 98
153 0.334516 98
154 0.745980 98
155 1.654802 98
156 1.830240 98
157 0.591652 98
158 0.898595 98
159 1.314007 98
160 25.126540 98
161 0.631971 98
162 0.647623 98
163 0.826712 98
164 3.414600 98
165 2.990629 98
166 3.191368 98
167 1.395997 98
168 3.161447 98
169 0.000000 98
170 0.000000 98
171 25.216964 98
172 1.623500 98
173 3.061094 98
174 3.860056 98
175 4.346694 98
176 4.992835 98
177 6.495900 98
178 5.141586 98
179 0.069199 97
180 1.293938 97
181 5.821285 97
182 6.407538 97
183 6.823235 97
184 6.698571 97
185 6.994238 97
186 6.770442 97
187 0.098813 97
188 1.614983 97
189 7.371093 97
190 7.393925 97
191 0.109782 97
192 1.857104 97
193 7.033407 97
194 6.889985 97
195 0.114943 97
196 1.878356 97
197 7.206437 97
198 7.547791 97
199 7.191455 97
200 0.126591 95
201 2.048547 95
202 2.657447 95
203 3.147380 95
204 3.409846 95
205 4.305645 95
206 4.582397 95
207 4.802306 95
208 0.134832 95
209 1.428189 95
210 5.149262 95
211 5.013264 95
212 5.597400 95
213 5.907916 95
214 6.155621 95
215 6.023922 95
216 5.781091 95
217 6.381140 95
218 6.702276 95
219 6.864486 95
220 6.704365 95
221 6.853849 95
222 6.805822 95
223 6.903922 95
224 7.227493 95
225 6.789340 95
226 6.627025 95
227 0.141729 95
228 2.161173 95
229 7.240023 95
230 7.264490 95
231 0.125375 95
232 1.873150 95
233 7.152202 95
234 7.281641 95
235 6.586616 95
236 7.116611 95
237 7.215973 95
238 6.960540 95
239 6.837138 95
240 6.872074 95
241 7.156058 95
242 6.699929 95
243 7.254440 95
244 6.937383 95
245 7.183744 95
246 7.494114 95
247 0.128590 95
248 1.853020 95
249 6.980222 95
250 0.105815 98
251 1.938521 98
252 3.261403 98
253 0.149796 98
254 1.660303 98
255 4.319046 98
256 3.823972 98
257 3.824263 98
258 4.489104 98
259 4.347410 98
260 4.606866 98
261 4.882582 98
262 5.278803 98
263 5.082117 98
264 6.574020 98
265 5.852795 98
266 6.175701 98
267 6.254174 98
268 6.917783 98
269 6.791209 98
270 6.918458 98
271 0.170097 98
272 0.159880 98
273 0.145452 98
274 0.154291 98
275 0.145503 98
276 2.398406 98
277 7.630530 98
278 7.591106 98
279 0.155817 98
280 2.248557 98
281 7.533265 98
282 7.364961 98
283 7.437796 98
284 7.389675 98
285 7.623330 98
286 7.309785 98
287 7.716695 98
288 7.811329 98
289 7.799946 98
290 7.275911 98
291 0.158949 98
292 2.252791 98
293 7.511702 98
294 7.412958 98
295 7.462575 98
296 7.379722 98
297 7.376253 98
298 7.170119 98
299 7.763486 98
300 0.307409 101
301 1.829879 101
302 2.325280 101
303 2.761862 101
304 3.769863 101
305 3.654392 101
306 3.445437 101
307 4.075100 101
308 4.732711 101
309 4.482991 101
310 4.532690 101
311 4.825126 101
312 4.904114 101
313 5.570429 101
314 5.611675 101
315 6.286726 101
316 6.231054 101
317 6.608833 101
318 6.718902 101
319 6.986381 101
320 6.658960 101
321 6.936087 101
322 6.944397 101
323 6.894057 101
324 7.023567 101
325 6.927001 101
326 7.145060 101
327 7.240256 101
328 7.208528 101
329 6.903758 101
330 7.035279 101
331 7.176174 101
332 6.715670 101
333 7.137505 101
334 7.340342 101
335 7.113239 101
336 6.990973 101
337 7.060996 101
338 0.157038 101
339 2.414614 101
340 7.288189 101
341 7.700285 101
342 7.610271 101
343 7.418064 101
344 6.833651 101
345 7.232740 101
346 7.473180 101
347 7.152125 101
348 7.330381 101
349 7.295515 101
350 0.081934 108
351 1.028974 108
352 2.022945 108
353 2.394356 108
354 2.899889 108
355 0.123321 108
356 0.112842 108
357 0.106004 108
358 0.102546 108
359 1.214734 108
360 4.586107 108
361 5.133905 108
362 0.103854 108
363 1.497738 108
364 0.119311 108
365 1.586967 108
366 0.117534 108
367 0.111234 108
368 1.835024 108
369 6.355144 108
370 0.124529 108
371 0.119966 108
372 0.124417 108
373 2.159512 108
374 0.130603 108
375 2.097111 108
376 7.739934 108
377 7.168659 108
378 0.137650 108
379 0.134064 108
380 2.001722 108
381 7.289281 108
382 7.023337 108
383 0.153158 108
384 0.145023 108
385 2.165770 108
386 7.504164 108
387 7.878478 108
388 0.158021 108
389 0.160656 108
390 0.169623 108
391 0.177871 108
392 2.196368 108
393 7.583075 108
394 0.208390 108
395 0.230247 108
396 2.716758 108
397 0.253946 108
398 0.270517 108
399 0.315015 108
400 0.277603 101
401 2.364483 101
402 2.582252 101
403 3.558595 101
404 0.149289 101
405 0.137309 101
406 0.126188 101
407 0.116130 101
408 1.677371 101
409 0.109420 101
410 0.000000 101
411 0.000000 101
412 0.000000 101
413 0.000000 101
414 0.000000 101
415 0.000000 101
416 0.000000 101
417 0.000000 101
418 0.000000 101
419 0.000000 101
420 0.000000 101
421 0.000000 101
422 0.000000 101
423 0.000000 101
424 0.000000 101
425 0.000000 101
426 0.000000 101
427 0.000000 101
428 0.000000 101
429 0.000000 101
430 0.000000 101
431 0.000000 101
432 0.000000 101
433 0.000000 101
434 0.000000 101
435 0.000000 101
436 0.000000 101
437 0.000000 101
438 0.000000 101
439 0.000000 101
440 0.000000 101
441 0.000000 101
442 0.000000 101
443 0.000000 101
444 0.000000 101
445 0.000000 101
446 0.000000 101
447 0.000000 101
448 0.000000 101
449 0.000000 101
450 0.000000 105
451 0.000000 105
452 0.000000 105
453 0.000000 105
454 0.000000 105
455 0.000000 105
456 0.000000 105
457 0.000000 105
458 0.000000 105
459 0.009524 105
460 12.259038 105
461 1.746324 105
462 5.167035 105
463 4.833411 105
464 5.180106 105
465 7.819533 105
466 1.444342 105
467 2.301894 105
468 5.132540 105
469 11.854796 105
470 1.714779 105
471 1.477951 105
472 1.320213 105
473 2.158892 105
474 3.222857 105
475 1.442228 105
476 1.401001 105
477 1.442732 105
478 1.620686 105
479 1.519085 105
480 4.151402 105
481 1.764227 105
482 0.002399 105
483 3.728686 105
484 7.784874 105
485 5.780328 105
486 3.253861 105
487 6.351417 105
488 6.603295 105
489 3.010209 105
490 3.522790 105
491 7.653155 105
492 8.160579 105
493 1.769111 105
494 3.831439 105
495 3.986107 105
496 1.716117 105
497 7.605839 105
498 4.853443 105
499 1.280063 105
500 1.137223 115
501 3.878846 115
502 11.066775 115
503 5.075539 115
504 1.015963 115
505 1.499048 115
506 1.529944 115
507 1.513324 115
508 0.303504 115
509 2.583058 115
510 16.981064 115
511 0.716558 115
512 1.600705 115
513 0.000000 115
514 0.813639 115
515 2.556044 115
516 1.206465 115
517 1.474099 115
518 2.199830 115
519 2.247633 115
520 2.138163 115
521 2.113544 115
522 2.819301 115
523 10.450303 115
524 1.551652 115
525 2.303053 115
526 0.000000 115
527 12.770667 115
528 0.994201 115
529 2.368754 115
530 0.974699 115
531 1.929075 115
532 1.524122 115
533 2.182984 115
534 4.710309 115
535 2.529774 115
536 3.637540 115
537 1.890078 115
538 2.004857 115
539 5.225401 115
540 5.859527 115
541 3.623263 115
542 1.910344 115
543 0.305799 115
544 0.508749 115
545 1.438016 115
546 0.000000 115
547 0.881607 115
548 0.890617 115
549 10.999673 115
550 7.569380 101
551 59.218415 101
552 11.187683 101
553 1.562637 101
554 0.963188 101
555 0.954407 101
556 1.091864 101
557 14.315004 101
558 1.047263 101
559 76.090385 101
560 0.969854 101
561 20.268861 101
562 5.086966 101
563 2.860978 101
564 1.234811 101
565 33.990710 101
566 1.323206 101
567 136.253689 101
568 2.643492 101
569 0.463381 101
570 1.087862 101
571 0.576714 101
572 1.350545 101
573 1.400333 101
574 1.244938 101
575 1.239151 101
576 1.255143 101
577 1.753965 101
578 1.084764 101
579 1.880834 101
580 1.648694 101
581 1.591859 101
582 1.561274 101
583 1.483969 101
584 1.577995 101
585 1.547260 101
586 0.549075 101
587 0.673436 101
588 0.665168 101
589 1.736795 101
590 1.099525 101
591 0.512695 101
592 0.000000 101
593 0.390889 101
594 0.855539 101
595 1.074466 101
596 1.031565 101
597 0.956570 101
598 0.357128 101
599 0.843777 101
600 0.463752 111
601 1.053069 111
602 0.963682 111
603 0.313001 111
604 0.857501 111
605 1.027885 111
606 0.977594 111
607 1.088265 111
608 3.074114 111
609 0.482784 111
610 0.930347 111
611 0.322689 111
612 0.825127 111
613 0.978041 111
614 1.044713 111
615 1.058400 111
616 2.872265 111
617 3.864814 111
618 0.254178 111
619 1.190292 111
620 0.846982 111
621 0.396112 111
622 23.952335 111
623 28.095795 111
624 0.000000 111
625 0.753949 111
626 0.119417 111
627 0.157507 111
628 0.162683 111
629 0.140887 111
630 0.513731 111
631 0.404682 111
632 2.815393 111
633 2.877020 111
634 0.798921 111
635 0.896473 111
636 0.557032 111
637 0.595460 111
638 0.545260 111
639 0.650918 111
640 0.404125 111
641 0.787811 111
642 0.447369 111
643 0.432052 111
644 0.337169 111
645 0.876253 111
646 0.480604 111
647 0.622239 111
648 0.570304 111
649 2.040027 111
650 0.141267 106
651 0.657392 106
652 1.764432 106
653 0.525074 106
654 0.321636 106
655 6.696786 106
656 1.185241 106
657 0.486467 106
658 0.490092 106
659 0.103771 106
660 0.934277 106
661 0.398667 106
662 0.992721 106
663 0.561184 106
664 0.580935 106
665 0.424046 106
666 0.413146 106
667 0.720118 106
668 1.788434 106
669 0.592895 106
670 1.358788 106
671 0.681215 106
672 0.437930 106
673 0.638852 106
674 0.396774 106
675 0.424157 106
676 0.000000 106
677 0.705055 106
678 2.788326 106
679 0.000000 106
680 0.423825 106
681 5.105888 106
682 2.129939 106
683 0.001030 106
684 0.606023 106
685 1.017650 106
686 0.380131 106
687 0.368532 106
688 0.520678 106
689 1.359719 106
690 0.740811 106
691 0.381974 106
692 0.290169 106
693 0.653287 106
694 0.617918 106
695 0.471616 106
696 0.565889 106
697 213.488678 106
698 0.265200 106
699 0.715223 106
700 0.624590 95
701 2.171307 95
702 0.330650 95
703 1.287519 95
704 0.692272 95
705 0.339843 95
706 0.366428 95
707 0.428742 95
708 0.413510 95
709 0.717168 95
710 0.630540 95
711 0.385712 95
712 0.685448 95
713 0.620616 95
714 13.138082 95
715 5.003368 95
716 12.404991 95
717 8.561839 95
718 0.769622 95
719 0.784330 95
720 0.433858 95
721 0.371157 95
722 0.592282 95
723 0.592878 95
724 0.601065 95
725 0.285365 95
726 0.000000 95
727 0.000000 95
728 0.000000 95
729 0.000000 95
730 0.000000 95
731 0.000000 95
732 0.000000 95
733 0.000000 95
734 0.000000 95
735 0.000000 95
736 3.100155 95
737 0.598527 95
738 38.029899 95
739 75.864990 95
740 72.049487 95
741 0.971442 95
742 1.992878 95
743 2.112966 95
744 1.649311 95
745 3.281361 95
746 1.037060 95
747 2.441460 95
748 2.877744 95
749 1.701713 95
750 8.010300 97
751 1.659473 97
752 1.176232 97
753 3.000086 97
754 1.416347 97
755 15.605326 97
756 9.723921 97
757 66.024250 97
758 0.945207 97
759 9.391663 97
760 1.025199 97
761 18.686153 97
762 0.544158 97
763 3.371276 97
764 4.449944 97
765 1.439635 97
766 0.770872 97
767 3.512582 97
768 1.406305 97
769 0.771254 97
770 4.713187 97
771 0.564701 97
772 0.414150 97
773 0.161471 97
774 0.770872 97
775 1.977158 97
776 0.000000 97
777 1.482598 97
778 0.927158 97
779 0.846990 97
780 1.504295 97
781 2.546264 97
782 4.683927 97
783 0.859095 97
784 1.289404 97
785 1.284301 97
786 2.922239 97
787 1.217597 97
788 2.407190 97
789 0.584551 97
790 0.722387 97
791 47.561149 97
792 1.868138 97
793 1.142390 97
794 0.963092 97
795 0.975335 97
796 0.957130 97
797 0.767503 97
798 0.770769 97
799 0.961821 97
800 41.909830 108
801 3.186261 108
802 1.314654 108
803 23.186760 108
804 2.972347 108
805 0.932453 108
806 17.735483 108
807 1.341099 108
808 1.257551 108
809 4.367810 108
810 6.895232 108
811 1.360042 108
812 1.106954 108
813 3.425138 108
814 2.145200 108
815 0.763773 108
816 7.492454 108
817 5.239416 108
818 4.449458 108
819 3.878714 108
820 3.301915 108
821 3.311195 108
822 1.479035 108
823 1.282695 108
824 0.059729 108
825 5.440763 108
826 1.173013 108
827 3.610457 108
828 1.736104 108
829 6.214519 108
830 16.448690 108
831 10.763696 108
832 52.760904 108
833 1.394935 108
834 1.564320 108
835 1.059277 108
836 1.073102 108
837 0.799401 108
838 1.529625 108
839 7.819157 108
840 16.704043 108
841 0.247641 108
842 2.799060 108
843 2.063971 108
844 1.449791 108
845 2.210029 108
846 166.198317 108
847 1.738627 108
848 2.290797 108
849 0.928990 108
850 26.534333 105
851 0.638743 105
852 1.995230 105
853 1.797006 105
854 1.670555 105
855 3.876258 105
856 3.690898 105
857 1.683024 105
858 4.491299 105
859 4.422948 105
860 3.100005 105
861 2.339816 105
862 1.344120 105
863 1.534655 105
864 1.407738 105
865 1.533115 105
866 0.000000 105
867 0.091106 105
868 0.000000 105
869 0.000000 105
870 0.079358 105
871 0.000000 105
872 0.085434 105
873 0.000000 105
874 0.000000 105
875 0.000000 105
876 0.000000 105
877 0.000000 105
878 0.000000 105
879 0.000000 105
880 0.000000 105
881 0.000000 105
882 0.000000 105
883 0.000000 105
884 0.000000 105
885 0.000000 105
886 0.000000 105
887 0.000000 105
888 0.000000 105
889 0.000000 105
890 0.000000 105
891 0.000000 105
892 0.133200 105
893 0.000384 105
894 0.190509 105
895 1.525212 105
896 5.070557 105
897 4.892434 105
898 2.542720 105
899 5.330611 105
900 1.328941 100
901 0.559477 100
902 9.934812 100
903 20.840996 100
904 19.159465 100
905 6.068708 100
906 3.055949 100
907 2.957214 100
908 7.192080 100
909 2.848493 100
910 2.826365 100
911 5.653394 100
912 2.784419 100
913 2.942408 100
914 0.412021 100
915 1.227890 100
916 2.163290 100
917 0.000000 100
918 0.000000 100
919 0.000000 100
920 0.000000 100
921 0.000000 100
922 0.000000 100
923 0.000000 100
924 0.000000 100
925 0.000000 100
926 0.000000 100
927 0.000000 100
928 0.000000 100
929 0.000000 100
930 0.000000 100
931 3.338543 100
932 2.059882 100
933 0.994348 100
934 2.323437 100
935 3.454762 100
936 4.290192 100
937 1.905610 100
938 2.191887 100
939 1.155368 100
940 3.893628 100
941 3.797952 100
942 3.679568 100
943 4.155066 100
944 1.974696 100
945 1.490173 100
946 2.122599 100
947 2.879155 100
948 2.030439 100
949 4.893824 100
950 1.952023 103
951 38.891167 103
952 1.638825 103
953 2.165927 103
954 1.817961 103
955 2.695688 103
956 1.176588 103
957 3.133712 103
958 4.121178 103
959 4.529787 103
960 1.350983 103
961 4.153278 103
962 2.953225 103
963 4.064150 103
964 1.463845 103
965 2.231591 103
966 3.106689 103
967 21.473220 103
968 31.737622 103
969 31.223764 103
970 32.165928 103
971 31.540330 103
972 2.055217 103
973 1.888055 103
974 2.175583 103
975 4.341215 103
976 1.246355 103
977 0.945855 103
978 2.178481 103
979 1.151143 103
980 1.097044 103
981 18.437303 103
982 2.233300 103
983 1.419683 103
984 1.939734 103
985 8.257009 103
986 1.539519 103
987 4.376626 103
988 1.542673 103
989 0.111313 103
990 1.223826 103
991 1.328214 103
992 1.581964 103
993 1.913401 103
994 0.782509 103
995 0.676710 103
996 1.466151 103
997 2.304896 103
998 3.128855 103
999 0.618645 103
1000 1.130547 81
1001 1.574635 81
1002 0.647486 81
1003 2.062244 81
1004 0.896959 81
1005 1.025210 81
1006 4.507838 81
1007 1.545905 81
1008 0.913928 81
1009 1.262546 81
1010 1.297451 81
1011 1.125127 81
1012 4.886510 81
1013 13.444257 81
1014 1.649936 81
1015 1.383701 81
1016 4.138987 81
1017 5.804309 81
1018 4.650065 81
1019 4.799212 81
1020 4.836424 81
1021 5.293021 81
1022 4.719642 81
1023 4.367884 81
1024 4.618584 81
1025 4.533923 81
1026 4.692800 81
1027 4.204172 81
1028 5.092684 81
1029 4.311071 81
1030 5.255250 81
1031 4.694053 81
1032 1.495258 81
1033 3.169358 81
1034 3.196923 81
1035 1.629265 81
1036 4.071537 81
1037 1.057249 81
1038 2.689410 81
1039 2.178533 81
1040 1.767346 81
1041 4.465678 81
1042 2.449470 81
1043 0.781931 81
1044 4.151208 81
1045 4.691328 81
1046 1.222223 81
1047 2.285204 81
1048 2.446983 81
1049 8.121265 81
1050 9.412433 102
1051 12.622883 102
1052 11.522496 102
1053 1.907381 102
1054 3.821212 102
1055 1.809665 102
1056 5.045488 102
1057 4.982777 102
1058 2.006272 102
1059 5.135921 102
1060 5.920306 102
1061 20.483438 102
1062 83.908316 102
1063 109.505293 102
1064 145.938627 102
1065 59.470565 102
1066 189.389081 102
1067 34.985381 102
1068 124.400987 102
1069 66.057315 102
1070 64.010414 102
1071 143.452617 102
1072 87.557874 102
1073 134.792863 102
1074 37.969833 102
1075 56.369500 102
1076 114.910661 102
1077 88.461810 102
1078 157.374428 102
1079 218.910098 102
1080 59.674049 102
1081 62.853417 102
1082 160.122262 102
1083 116.227538 102
1084 125.447209 102
1085 44.732529 102
1086 78.786570 102
1087 0.757558 102
1088 1.788843 102
1089 1.343211 102
1090 0.836217 102
1091 1.769063 102
1092 1.160762 102
1093 1.001026 102
1094 1.758580 102
1095 1.069648 102
1096 2.666265 102
1097 3.690424 102
1098 3.602996 102
1099 7.154726 102
1100 2.379562 116
1101 1.656173 116
1102 233.698996 116
1103 0.774317 116
1104 0.989002 116
1105 0.835698 116
1106 0.878856 116
1107 0.979166 116
1108 1.749288 116
1109 4.604892 116
1110 7.151375 116
1111 5.723370 116
1112 0.064580 116
1113 21.018616 116
1114 1.001453 116
1115 0.975436 116
1116 1.033448 116
1117 2.241476 116
1118 1.946912 116
1119 1.408173 116
1120 2.691222 116
1121 2.535331 116
1122 0.371320 116
1123 0.997725 116
1124 1.034889 116
1125 0.540909 116
1126 2.200519 116
1127 5.319995 116
1128 5.695242 116
1129 1.907365 116
1130 1.737366 116
1131 2.766529 116
1132 0.000000 116
1133 0.000000 116
1134 3.086660 116
1135 9.720320 116
1136 62.442154 116
1137 2.058769 116
1138 6.283507 116
1139 0.313761 116
1140 0.972347 116
1141 0.801533 116
1142 0.000000 116
1143 0.490460 116
1144 0.776626 116
1145 5.133720 116
1146 9.519412 116
1147 61.812432 116
1148 6.998455 116
1149 2.790575 116
1150 1.857077 106
1151 5.414584 106
1152 4.613341 106
1153 2.025749 106
1154 2.603753 106
1155 2.442822 106
1156 0.000000 106
1157 0.000000 106
1158 1.266032 106
1159 2.953468 106
1160 24.790986 106
1161 58.194909 106
1162 6.639514 106
1163 22.864528 106
1164 6.915372 106
1165 4.245182 106
1166 6.477356 106
1167 1.718616 106
1168 1.594809 106
1169 5.940075 106
1170 0.533537 106
1171 1.280392 106
1172 0.524539 106
1173 1.111154 106
1174 0.546541 106
1175 1.074335 106
1176 0.583407 106
1177 1.322627 106
1178 0.587344 106
1179 1.065641 106
1180 0.596305 106
1181 1.112547 106
1182 2.018277 106
1183 1.437202 106
1184 3.352367 106
1185 6.935770 106
1186 1.111559 106
1187 1.848515 106
1188 0.000000 106
1189 0.000000 106
1190 6.164972 106
1191 6.482396 106
1192 42.874609 106
1193 1.782539 106
1194 4.021599 106
1195 2.904940 106
1196 6.967953 106
1197 3.710649 106
1198 2.539195 106
1199 3.736477 106
1200 17.583351 106
1201 39.624080 106
1202 0.987310 106
1203 5.679428 106
1204 0.000000 106
1205 3.131468 106
1206 10.152161 106
1207 5.264570 106
1208 1.898997 106
1209 3.196908 106
1210 0.176153 106
1211 33.903036 106
1212 22.501339 106
1213 4.877371 106
1214 3.517245 106
1215 0.203290 106
1216 1.329150 106
1217 1.215575 106
1218 2.910191 106
1219 1.406540 106
1220 0.857754 106
1221 1.719578 106
1222 1.388608 106
1223 6.371947 106
1224 8.018996 106
1225 0.328581 106
1226 1.424421 106
1227 12.118957 106
1228 2.153777 106
1229 2.133824 106
1230 34.422344 106
1231 1.372364 106
1232 3.793733 106
1233 1.913552 106
1234 3.873512 106
1235 32.787893 106
1236 0.498981 106
1237 0.985927 106
1238 3.311631 106
1239 1.448908 106
1240 2.646493 106
1241 6.126405 106
1242 1.454824 106
1243 0.000000 106
1244 2.376893 106
1245 1.803224 106
1246 12.609215 106
1247 1.170521 106
1248 0.564546 106
1249 0.647853 106
1250 23.625095 106
1251 1.414140 106
1252 3.072853 106
1253 4.317669 106
1254 18.090008 106
1255 3.942381 106
1256 0.805504 106
1257 7.838089 106
1258 2.336124 106
1259 0.440215 106
1260 2.334585 106
1261 1.036160 106
1262 4.417130 106
1263 5.135185 106
1264 0.772893 106
1265 0.663582 106
1266 1.917194 106
1267 1.586298 106
1268 13.133781 106
1269 1.718642 106
1270 2.781757 106
1271 5.919710 106
1272 6.092179 106
1273 5.465611 106
1274 5.816143 106
1275 6.659635 106
1276 6.279353 106
1277 4.395040 106
1278 2.367317 106
1279 0.658688 106
1280 0.681613 106
1281 0.592146 106
1282 0.000000 106
1283 0.665441 106
1284 0.692474 106
1285 7.798230 106
1286 4.702726 106
1287 17.126755 106
1288 2.225607 106
1289 4.557335 106
1290 0.157804 106
1291 18.508132 106
1292 19.096573 106
1293 1.765396 106
1294 2.158212 106
1295 17.741886 106
1296 2.137926 106
1297 1.855522 106
1298 434.786071 106
1299 0.000000 106
1300 0.581667 108
1301 1.211900 108
1302 1.118444 108
1303 0.698961 108
1304 1.471784 108
1305 0.492703 108
1306 3.016127 108
1307 0.782296 108
1308 1.743297 108
1309 2.052505 108
1310 1.078003 108
1311 2.405128 108
1312 2.454192 108
1313 2.179213 108
1314 7.692226 108
1315 1.053593 108
1316 2.123407 108
1317 1.314921 108
1318 1.011779 108
1319 2.324605 108
1320 1.129774 108
1321 2.943614 108
1322 0.074803 108
1323 0.705022 108
1324 0.984939 108
1325 0.993113 108
1326 0.478241 108
1327 0.412190 108
1328 2.120711 108
1329 0.153637 108
1330 30.019407 108
1331 1.549990 108
1332 2.230633 108
1333 0.900636 108
1334 1.941410 108
1335 2.526476 108
1336 2.874517 108
1337 3.354662 108
1338 3.014744 108
1339 3.367204 108
1340 3.635807 108
1341 3.382481 108
1342 3.293905 108
1343 3.441145 108
1344 3.408213 108
1345 3.725787 108
1346 3.646320 108
1347 3.466130 108
1348 3.925644 108
1349 3.752446 108
1350 1.647608 99
1351 2.801144 99
1352 2.735542 99
1353 2.573194 99
1354 2.574319 99
1355 2.434953 99
1356 2.605006 99
1357 2.312095 99
1358 2.708437 99
1359 2.891566 99
1360 2.564864 99
1361 2.431115 99
1362 2.950267 99
1363 2.765018 99
1364 3.976191 99
1365 2.944018 99
1366 2.551156 99
1367 2.821429 99
1368 3.038269 99
1369 2.785188 99
1370 3.176131 99
1371 3.018322 99
1372 2.946673 99
1373 3.091669 99
1374 3.115321 99
1375 2.808232 99
1376 3.225270 99
1377 3.154858 99
1378 3.359997 99
1379 3.213889 99
1380 3.606944 99
1381 3.444184 99
1382 3.249588 99
1383 3.587987 99
1384 3.488100 99
1385 3.432170 99
1386 19.048772 99
1387 79.217326 99
1388 49.211849 99
1389 44.302345 99
1390 46.096100 99
1391 87.974758 99
1392 102.402930 99
1393 232.097956 99
1394 97.152626 99
1395 117.090615 99
1396 26.323758 99
1397 62.247656 99
1398 47.143349 99
1399 93.819293 99
1400 15.782860 94
1401 73.525106 94
1402 38.995453 94
1403 45.346659 94
1404 56.333417 94
1405 85.052851 94
1406 47.439843 94
1407 197.968848 94
1408 42.324952 94
1409 57.728611 94
1410 85.899370 94
1411 85.101205 94
1412 45.798616 94
1413 101.280798 94
1414 106.676826 94
1415 40.993818 94
1416 94.273188 94
1417 15.342380 94
1418 69.402188 94
1419 76.114587 94
1420 110.069563 94
1421 40.444315 94
1422 43.565509 94
1423 26.061075 94
1424 205.791292 94
1425 101.184549 94
1426 45.520339 94
1427 89.742487 94
1428 56.156063 94
1429 97.011197 94
1430 63.669570 94
1431 46.240317 94
1432 105.218877 94
1433 1.157395 94
1434 3.913560 94
1435 0.000000 94
1436 0.000831 94
1437 0.000000 94
1438 0.000000 94
1439 0.000000 94
1440 0.196679 94
1441 4.032333 94
1442 3.160361 94
1443 0.304694 94
1444 1.241900 94
1445 2.560158 94
1446 21.842550 94
1447 1.491097 94
1448 1.421367 94
1449 0.048467 94
1450 1.258076 89
1451 1.933028 89
1452 2.240377 89
1453 2.721427 89
1454 0.000817 89
1455 0.000000 89
1456 0.000000 89
1457 1.830022 89
1458 1.952494 89
1459 0.957050 89
1460 2.025289 89
1461 3.097858 89
1462 1.102768 89
1463 2.369283 89
1464 2.614513 89
1465 0.815545 89
1466 2.128306 89
1467 2.280606 89
1468 0.154774 89
1469 0.189441 89
1470 1.395833 89
1471 1.846151 89
1472 4.726117 89
1473 7.188217 88
1474 2.597410 89
1475 4.638530 89
1476 1.722483 89
1477 3.829422 89
1478 1.182776 89
1479 2.310359 89
1480 1.494185 89
1481 1.384502 89
1482 4.402921 89
1483 1.333442 89
1484 1.509027 89
1485 0.796628 89
1486 4.779152 89
1487 2.386952 89
1488 0.839773 89
1489 2.742471 89
1490 1.549762 89
1491 2.148052 89
1492 3.558161 89
1493 1.268067 89
1494 1.529451 89
1495 26.219959 89
1496 1.726228 89
1497 1.023018 89
1498 1.255688 89
1499 0.868849 89
1500 0.795692 102
1501 1.125903 102
1502 5.370554 102
1503 1.575598 102
1504 1.432191 102
1505 1.219396 102
1506 1.390827 102
1507 1.351858 102
1508 1.435398 102
1509 1.208728 102
1510 1.515862 102
1511 0.831654 102
1512 0.955096 102
1513 1.073542 102
1514 1.855132 102
1515 1.101678 102
1516 1.882057 102
1517 0.650178 102
1518 0.553463 102
1519 12.155670 102
1520 53.862178 102
1521 0.378435 102
1522 1.158589 102
1523 0.668120 102
1524 2.909673 102
1525 1.290840 102
1526 3.275373 102
1527 2.953730 102
1528 0.000000 102
1529 0.000000 102
1530 0.000000 102
1531 0.000000 102
1532 0.891564 102
1533 2.457291 102
1534 3.031600 102
1535 2.339242 102
1536 133.147710 102
1537 1.106311 102
1538 1.045622 102
1539 0.866620 102
1540 0.990345 102
1541 1.028005 102
1542 1.008426 102
1543 1.030112 102
1544 0.986282 102
1545 1.256335 102
1546 1.584771 102
1547 0.000000 102
1548 1.204689 102
1549 2.655049 102
1550 2.131194 118
1551 0.942227 118
1552 0.638221 118
1553 2.089508 118
1554 2.908516 118
1555 0.611267 118
1556 2.941097 118
1557 0.575254 118
1558 1.920460 118
1559 1.476082 118
1560 1.236588 118
1561 1.545701 118
1562 1.345309 118
1563 0.506968 118
1564 1.094728 118
1565 2.580852 118
1566 2.190566 118
1567 2.814650 118
1568 0.638542 118
1569 0.675696 118
1570 0.048245 118
1571 1.468926 118
1572 1.194804 118
1573 1.437082 118
1574 1.268317 118
1575 0.146380 118
1576 8.571434 118
1577 0.901577 118
1578 0.723156 118
1579 1.030897 118
1580 1.558879 118
1581 2.929497 118
1582 2.593410 118
1583 2.781567 118
1584 8.180946 118
1585 9.453097 118
1586 0.000000 118
1587 0.000000 118
1588 0.000000 118
1589 0.000000 118
1590 0.000000 118
1591 0.000000 118
1592 0.000000 118
1593 0.000000 118
1594 0.000000 118
1595 0.000000 118
1596 0.000000 118
1597 0.000000 118
1598 2.801676 118
1599 5.693704 118
1600 1.828227 110
1601 1.907252 110
1602 4.098089 110
1603 3.388022 110
1604 3.712217 110
1605 1.500885 110
1606 4.068139 110
1607 3.509953 110
1608 1.383020 110
1609 3.216272 110
1610 3.736506 110
1611 1.688445 110
1612 4.232135 110
1613 1.558119 110
1614 4.515939 110
1615 2.050765 110
1616 4.068301 110
1617 4.237247 110
1618 3.864358 110
1619 4.351444 110
1620 0.747698 110
1621 9.956693 110
1622 1.624013 110
1623 0.168499 110
1624 1.796323 110
1625 2.901386 110
1626 1.818147 110
1627 2.889729 110
1628 1.774711 110
1629 3.115508 110
1630 30.679404 110
1631 99.280553 110
1632 2.193181 110
1633 1.162285 110
1634 35.765641 110
1635 1.337835 110
1636 0.000000 110
1637 0.000000 110
1638 0.000000 110
1639 3.706834 110
1640 1.088441 110
1641 1.224483 110
1642 1.993427 110
1643 4.705620 110
1644 2.552161 110
1645 5.820553 110
1646 0.973640 110
1647 2.742958 110
1648 0.500067 110
1649 1.100814 110
1650 1.792963 96
1651 2.590571 96
1652 2.173155 96
1653 1.124089 96
1654 56.013148 96
1655 12.967253 96
1656 1.746044 96
1657 1.716404 96
1658 1.131652 96
1659 1.234894 96
1660 1.647505 96
1661 2.639002 96
1662 2.022747 96
1663 2.192219 96
1664 0.249081 96
1665 1.529993 96
1666 1.623070 96
1667 0.673649 96
1668 1.232418 96
1669 1.530983 96
1670 0.595151 96
1671 1.441150 96
1672 0.024464 96
1673 0.012548 96
1674 0.015233 96
1675 0.014288 96
1676 0.015106 96
1677 0.008635 96
1678 0.014677 96
1679 0.191758 96
1680 0.018509 96
1681 0.373248 96
1682 1.793405 96
1683 4.482975 96
1684 4.390721 96
1685 0.514074 96
1686 0.708055 96
1687 3.652344 96
1688 1.952322 95
1689 0.913135 95
1690 105.882552 95
1691 2.024685 95
1692 98.082923 95
1693 0.535795 95
1694 1.686243 95
1695 3.705512 95
1696 1.677030 95
1697 3.778679 95
1698 1.290532 95
1699 3.538690 95
1700 1.223433 95
1701 2.551055 95
1702 2.489550 95
1703 0.257607 95
1704 0.250640 95
1705 2.317191 95
1706 5.179625 93
1707 5.108128 95
1708 4.440467 95
1709 3.838138 95
1710 11.086387 95
1711 29.536078 95
1712 31.162728 95
1713 29.740774 95
1714 0.927419 95
1715 0.007653 95
1716 0.643778 95
1717 1.844089 95
1718 8.964019 95
1719 1.166445 95
1720 0.889355 95
1721 0.898623 95
1722 0.982200 95
1723 4.309753 95
1724 1.183353 95
1725 0.767259 95
1726 45.179400 95
1727 8.697797 95
1728 16.904529 95
1729 0.513529 95
1730 0.765598 95
1731 1.465756 95
1732 3.536208 95
1733 25.884289 95
1734 1.182124 95
1735 1.246461 95
1736 1.213593 95
1737 1.965656 95
1738 1.435390 95
1739 0.152305 95
1740 1.298271 95
1741 0.960904 95
1742 137.286728 95
1743 3.395555 95
1744 1.959030 95
1745 1.379086 95
1746 1.030992 95
1747 25.767621 95
1748 0.403746 95
1749 7.323474 95
1750 3.234599 119
1751 1.898249 119
1752 0.735331 119
1753 0.942108 119
1754 2.264803 119
1755 2.469620 119
1756 19.595148 119
1757 1.178767 119
1758 0.875330 119
1759 24.866874 119
1760 2.081286 119
1761 2.113623 119
1762 2.606328 119
1763 2.275186 119
1764 1.497712 119
1765 2.692382 119
1766 2.766263 119
1767 1.816610 119
1768 2.708685 119
1769 0.000000 119
1770 0.000000 119
1771 0.842158 119
1772 1.195678 119
1773 4.294336 119
1774 1.386687 119
1775 3.422763 119
1776 0.085258 119
1777 0.155737 119
1778 0.146278 119
1779 1.555900 119
1780 1.283269 119
1781 4.949197 119
1782 6.480531 119
1783 16.586824 119
1784 8.544239 119
1785 0.836378 119
1786 2.565864 119
1787 0.000000 119
1788 1.248515 119
1789 1.454484 119
1790 2.361508 119
1791 0.161674 119
1792 1.516417 119
1793 3.385448 119
1794 3.651745 119
1795 0.936009 119
1796 0.838985 119
1797 2.141377 119
1798 0.954131 119
1799 0.932492 119
1800 0.537452 115
1801 2.713985 115
1802 0.574226 115
1803 0.725880 115
1804 1.701280 115
1805 0.697210 115
1806 0.706457 115
1807 0.000000 115
1808 1.482307 115
1809 2.109307 115
1810 0.569118 115
1811 0.038285 115
1812 0.485003 115
1813 2.120693 115
1814 3.161099 115
1815 3.286892 115
1816 12.109786 115
1817 1.111614 115
1818 0.961422 115
1819 1.202805 115
1820 1.123909 115
1821 128.834431 115
1822 172.307569 115
1823 1.845808 115
1824 2.110550 115
1825 0.818953 115
1826 0.895485 115
1827 7.411904 115
1828 7.574123 115
1829 8.460211 115
1830 1.099320 115
1831 24.919044 115
1832 88.740640 115
1833 1.176907 115
1834 13.368725 115
1835 1.178436 115
1836 13.196151 115
1837 1.092222 115
1838 0.649458 115
1839 1.952143 115
1840 1.039067 115
1841 6.660354 115
1842 14.493523 115
1843 6.253275 115
1844 1.976732 115
1845 1.187272 115
1846 1.157108 115
1847 0.000000 115
1848 0.000000 115
1849 0.894809 115
1850 0.833864 107
1851 9.320104 107
1852 0.000000 107
1853 0.700886 107
1854 1.553625 107
1855 1.674101 107
1856 0.476625 107
1857 0.564627 107
1858 1.523447 107
1859 1.711441 107
1860 1.103322 107
1861 0.914238 107
1862 135.446583 107
1863 0.451828 107
1864 1.141008 107
1865 1.445980 107
1866 0.656325 107
1867 1.272559 107
1868 0.479357 107
1869 0.599509 107
1870 0.759880 107
1871 1.101307 107
1872 0.435948 107
1873 0.622019 107
1874 0.439003 107
1875 0.729442 107
1876 0.776322 107
1877 1.677217 107
1878 14.855681 107
1879 3.258488 107
1880 4.830575 107
1881 3.064810 107
1882 39.250145 107
1883 3.092209 107
1884 17.148932 107
1885 3.342279 107
1886 3.542851 107
1887 70.603734 107
1888 7.704743 107
1889 17.537634 107
1890 4.477145 107
1891 1.567079 107
1892 1.598075 107
1893 1.344965 107
1894 0.618671 107
1895 1.214006 107
1896 1.199810 107
1897 0.731031 107
1898 0.874003 107
1899 1.779699 107
1900 0.789321 108
1901 0.553075 108
1902 0.489459 108
1903 0.337981 108
1904 0.403879 108
1905 0.000000 108
1906 0.000000 108
1907 0.000000 108
1908 0.000000 108
1909 0.000000 108
1910 0.000000 108
1911 0.000000 108
1912 2.600435 108
1913 5.679492 108
1914 5.805765 108
1915 5.644375 108
1916 5.706752 108
1917 5.874147 108
1918 5.800553 108
1919 5.796417 108
1920 5.825761 108
1921 5.518046 108
1922 5.634927 108
1923 5.217334 108
1924 5.669073 108
1925 5.806440 108
1926 5.841213 108
1927 6.174655 108
1928 5.761747 108
1929 5.958705 108
1930 5.447589 108
1931 5.648011 108
1932 5.802716 108
1933 5.476660 108
1934 5.908261 108
1935 5.208653 108
1936 1.142126 108
1937 2.972432 108
1938 2.665342 108
1939 1.420698 108
1940 3.311052 108
1941 3.264385 108
1942 0.179574 108
1943 0.960409 108
1944 2.183608 108
1945 1.393293 108
1946 2.049867 108
1947 2.535114 108
1948 6.125866 106
1949 0.000000 108
1950 1.846191 102
1951 0.574797 102
1952 1.090255 102
1953 1.720180 102
1954 1.502375 102
1955 3.734464 102
1956 1.292991 102
1957 12.427873 102
1958 1.085363 102
1959 2.561484 102
1960 3.567065 102
1961 1.248667 102
1962 0.000000 102
1963 0.000000 102
1964 1.037372 102
1965 23.834948 102
1966 1.238800 102
1967 0.468419 102
1968 1.817695 102
1969 1.378730 102
1970 0.620801 102
1971 0.000000 102
1972 0.721203 102
1973 1.237239 102
1974 1.041696 102
1975 1.043398 102
1976 1.710080 102
1977 2.044248 102
1978 1.965642 102
1979 0.561359 102
1980 21.869976 102
1981 1.563832 102
1982 3.567420 102
1983 3.280768 102
1984 3.491023 102
1985 11.173553 102
1986 10.926140 102
1987 10.196893 102
1988 1.465527 102
1989 3.526721 102
1990 1.208444 102
1991 3.241492 102
1992 1.997353 102
1993 2.952814 102
1994 1.682991 102
1995 3.315693 102
1996 3.599718 102
1997 94.042913 102
1998 111.462321 102
1999 109.148733 102
2000 71.120616 115
2001 80.544514 115
2002 79.298118 115
2003 79.849331 115
2004 3.407138 115
2005 3.593411 115
2006 4.521835 115
2007 0.996879 115
2008 1.567923 115
2009 1.827829 115
2010 58.538051 115
2011 0.974671 115
2012 2.132881 115
2013 13.354148 115
2014 0.000000 115
2015 1.678419 115
2016 0.989326 115
2017 0.906128 115
2018 1.310558 115
2019 0.948313 115
2020 2.762324 115
2021 1.209202 115
2022 0.006438 115
2023 1.282336 115
2024 9.925445 115
2025 3.811721 115
2026 1.374899 115
2027 1.254789 115
2028 1.192439 115
2029 1.664322 115
2030 1.433855 115
2031 1.602617 115
2032 1.645812 115
2033 2.365426 115
2034 14.337269 115
2035 2.033416 115
2036 1.183892 115
2037 239.712860 115
2038 1.735485 115
2039 1.731422 115
2040 1.126352 115
2041 1.642536 115
2042 1.382480 115
2043 8.057906 115
2044 10.585942 115
2045 2.502554 115
2046 5.045482 115
2047 5.448303 115
2048 5.073801 115
2049 3.476833 115
2050 0.131373 115
2051 0.595880 115
2052 0.687378 115
2053 1.715404 115
2054 3.190891 115
2055 3.308563 115
2056 2.507236 115
2057 58.814273 115
2058 7.967667 115
2059 8.229742 115
2060 8.152333 115
2061 8.167735 115
2062 3.235026 115
2063 1.327284 115
2064 0.272743 115
2065 3.688492 115
2066 3.017961 115
2067 0.531042 115
2068 3.104477 115
2069 1.054783 115
2070 31.095764 115
2071 28.773398 115
2072 15.126841 115
2073 1.412929 115
2074 3.169013 115
2075 40.000160 115
2076 1.564439 115
2077 3.955291 115
2078 0.552216 115
2079 1.447620 115
2080 13.788641 115
2081 1.193342 115
2082 1.648183 115
2083 0.248718 115
2084 0.574695 115
2085 0.571173 115
2086 0.614276 115
2087 0.586990 115
2088 0.566798 115
2089 0.802730 115
2090 1.534433 115
2091 1.050645 115
2092 0.246661 115
2093 0.446572 115
2094 0.427150 115
2095 0.487991 115
2096 0.081408 115
2097 0.538347 115
2098 0.755576 115
2099 3.187762 115
2100 0.670643 106
2101 1.351649 106
2102 0.013808 106
2103 32.724812 106
2104 39.690691 106
2105 0.977467 106
2106 0.511813 106
2107 0.270330 106
2108 0.838236 106
2109 1.340454 106
2110 2.763803 106
2111 0.801564 106
2112 0.992368 106
2113 12.367808 106
2114 57.345654 106
2115 103.778983 106
2116 91.308930 106
2117 21.568065 106
2118 47.332167 106
2119 48.571891 106
2120 37.677407 106
2121 40.975125 106
2122 84.576617 106
2123 37.665815 106
2124 232.042020 106
2125 2.013379 106
2126 21.763608 106
2127 15.802917 106
2128 1.386439 106
2129 1.472999 106
2130 1.489654 106
2131 1.177133 106
2132 1.894074 106
2133 1.175644 106
2134 1.638524 106
2135 1.990255 106
2136 0.000000 106
2137 0.000000 106
2138 1.204286 106
2139 0.839954 106
2140 0.997781 106
2141 3.970827 106
2142 1.774076 106
2143 1.918732 106
2144 8.919299 106
2145 19.908655 106
2146 74.171296 106
2147 16.424387 106
2148 2.202630 106
2149 0.998267 106
2150 14.587621 99
2151 0.000000 99
2152 0.635425 99
2153 1.457719 99
2154 1.380910 99
2155 1.611602 99
2156 6.356605 99
2157 14.563382 99
2158 5.890326 99
2159 5.515230 99
2160 0.005664 99
2161 0.000000 99
2162 0.000000 99
2163 0.000000 99
2164 0.000000 99
2165 0.000000 99
2166 0.000000 99
2167 0.000000 99
2168 0.000000 99
2169 0.000000 99
2170 0.000000 99
2171 0.000000 99
2172 0.000000 99
2173 0.000000 99
2174 0.000000 99
2175 0.000000 99
2176 0.000000 99
2177 0.000000 99
2178 0.000000 99
2179 0.000000 99
2180 0.000000 99
2181 0.000000 99
2182 0.000000 99
2183 0.000000 99
2184 0.000000 99
2185 0.000000 99
2186 0.000000 99
2187 0.000000 99
2188 0.000000 99
2189 0.000000 99
2190 0.000000 99
2191 0.000000 99
2192 0.000000 99
2193 0.000000 99
2194 0.000000 99
2195 0.000000 99
2196 0.000000 99
2197 0.000000 99
2198 0.000000 99
2199 0.000000 99
2200 0.000000 99
2201 0.000000 99
2202 0.000000 99
2203 0.000000 99
2204 0.000000 99
2205 0.000000 99
2206 0.000000 99
2207 0.000000 99
2208 0.000000 99
2209 0.000000 99
2210 0.000000 99
2211 0.000000 99
2212 0.000000 99
2213 0.000000 99
2214 0.000000 99
2215 0.000000 99
2216 0.000000 99
2217 0.000000 99
2218 0.000000 99
2219 0.000000 99
2220 0.000000 99
2221 0.000000 99
2222 0.000000 99
2223 0.000000 99
2224 0.000000 99
2225 0.000000 99
2226 0.000000 99
2227 0.000000 99
2228 0.000000 99
2229 0.000000 99
2230 0.000000 99
2231 0.000000 99
2232 0.000000 99
2233 0.000000 99
2234 0.000000 99
2235 0.000000 99
2236 0.000000 99
2237 0.000000 99
2238 0.000000 99
2239 0.000000 99
2240 0.000000 99
2241 0.000000 99
2242 0.000000 99
2243 0.000000 99
2244 0.000000 99
2245 0.000000 99
2246 0.000000 99
2247 0.000000 99
2248 0.000000 99
2249 0.000000 99
2250 0.000000 98
2251 0.000000 98
2252 0.000000 98
2253 0.000000 98
2254 0.000000 98
2255 0.000000 98
2256 0.000000 98
2257 0.000000 98
2258 0.000000 98
2259 0.000000 98
2260 0.000000 98
2261 0.000000 98
2262 0.000000 98
2263 0.000000 98
2264 0.000000 98
2265 0.000000 98
2266 0.000000 98
2267 0.000000 98
2268 0.000000 98
2269 0.000000 98
2270 0.000000 98
2271 0.000000 98
2272 0.000000 98
2273 0.000000 98
2274 0.000000 98
2275 0.000000 98
2276 0.000000 98
2277 0.000000 98
2278 0.000000 98
2279 0.000000 98
2280 0.000000 98
2281 0.000000 98
2282 0.000000 98
2283 0.000000 98
2284 0.000000 98
2285 0.000000 98
2286 0.000000 98
2287 0.000000 98
2288 0.000000 98
2289 0.000000 98
2290 0.000000 98
2291 0.000000 98
2292 0.000000 98
2293 0.000000 98
2294 0.000000 98
2295 0.000000 98
2296 0.000000 98
2297 0.000000 98
2298 0.000000 98
2299 0.000000 98
2300 0.000000 96
2301 0.000000 96
2302 0.000000 96
2303 0.000000 96
2304 0.000000 96
2305 0.000000 96
2306 0.000000 96
2307 0.000000 96
2308 0.000000 96
2309 0.000000 96
2310 0.000000 96
2311 0.000000 96
2312 0.000000 96
2313 0.000000 96
2314 0.000000 96
2315 0.000000 96
2316 0.000000 96
2317 0.000000 96
2318 0.000000 96
2319 0.000000 96
2320 0.000000 96
2321 0.000000 96
2322 0.000000 96
2323 0.000000 96
2324 0.000000 96
2325 0.000000 96
2326 0.000000 96
2327 0.000000 96
2328 0.000000 96
2329 0.000000 96
2330 0.000000 96
2331 0.000000 96
2332 0.000000 96
2333 0.000000 96
2334 0.000000 96
2335 0.000000 96
2336 0.000000 96
2337 0.000000 96
2338 0.000000 96
2339 0.000000 96
2340 0.000000 96
2341 0.000000 96
2342 0.000000 96
2343 0.000000 96
2344 0.000000 96
2345 0.000000 96
2346 0.000000 96
2347 0.000000 96
2348 0.000000 96
2349 0.000000 96
2350 0.000000 84
2351 1.979362 84
2352 1.705133 84
2353 23.588778 84
2354 3.686834 84
2355 3.130021 84
2356 28.489042 84
2357 116.794679 84
2358 82.677789 84
2359 182.519044 84
2360 43.837414 84
2361 127.409141 84
2362 176.874803 84
2363 96.847083 84
2364 83.187560 84
2365 73.591448 84
2366 195.717329 84
2367 130.430151 84
2368 252.298051 84
2369 35.149375 84
2370 235.720629 84
2371 115.822419 84
2372 35.821173 84
2373 150.778759 84
2374 71.315844 84
2375 244.377694 84
2376 83.394092 84
2377 124.170842 84
2378 67.630118 84
2379 152.314520 84
2380 45.866513 84
2381 140.492348 84
2382 48.994887 84
2383 2.111952 84
2384 4.629232 84
2385 5.081285 84
2386 2.428384 84
2387 4.684705 84
2388 5.142723 84
2389 26.057575 83
2390 3.777587 84
2391 4.341012 84
2392 1.214303 84
2393 3.379335 84
2394 3.235556 84
2395 1.762937 84
2396 3.850748 84
2397 4.268475 84
2398 1.618226 84
2399 4.111628 84
2400 2.209533 114
2401 4.787642 114
2402 4.815271 114
2403 4.671147 114
2404 4.709749 114
2405 4.868637 114
2406 5.042247 114
2407 4.335443 114
2408 5.652877 114
2409 5.158868 114
2410 1.056160 114
2411 0.010233 114
2412 1.497111 114
2413 2.541333 114
2414 1.823188 114
2415 2.366485 114
2416 1.902182 114
2417 3.173980 114
2418 4.026688 114
2419 4.542520 114
2420 2.255343 114
2421 0.000000 114
2422 0.000000 114
2423 0.000000 114
2424 0.000000 114
2425 0.000000 114
2426 0.000000 114
2427 0.000000 114
2428 0.000000 114
2429 0.000000 114
2430 0.000000 114
2431 0.000000 114
2432 1.536949 114
2433 1.162058 114
2434 2.008307 114
2435 14.056160 114
2436 2.514935 114
2437 1.758642 114
2438 1.888534 114
2439 2.265739 114
2440 2.249097 114
2441 0.029574 114
2442 0.031256 114
2443 0.029035 114
2444 2.187128 114
2445 5.727084 114
2446 11.819342 114
2447 240.409757 114
2448 3.827198 114
2449 3.408242 114
2450 0.348262 112
2451 0.439919 112
2452 0.481298 112
2453 1.170307 112
2454 3.760539 112
2455 59.377798 112
2456 130.507717 112
2457 0.097837 112
2458 1.081742 112
2459 3.109492 112
2460 0.845368 112
2461 8.605560 112
2462 14.943328 112
2463 4.395997 112
2464 2.044602 112
2465 4.373579 112
2466 1.425616 112
2467 3.323068 112
2468 4.985299 112
2469 1.493586 112
2470 1.013341 112
2471 0.449680 112
2472 1.109521 112
2473 0.012542 112
2474 1.419682 112
2475 1.025491 112
2476 1.820665 112
2477 2.642189 112
2478 12.427355 112
2479 3.539493 112
2480 0.297018 112
2481 3.691985 112
2482 1.770848 112
2483 2.237126 112
2484 1.164836 112
2485 3.306807 112
2486 1.804793 112
2487 17.649130 112
2488 1.517915 112
2489 7.471653 112
2490 0.864899 112
2491 3.335315 112
2492 1.643743 112
2493 0.715224 112
2494 1.856664 112
2495 2.004342 112
2496 1.251680 112
2497 79.992025 112
2498 1.301327 112
2499 2.218410 112
2500 1.276471 107
2501 1.718837 107
2502 0.007055 107
2503 0.250786 107
2504 1.995342 107
2505 4.416907 107
2506 1.693923 107
2507 3.178558 107
2508 1.222498 107
2509 0.000000 107
2510 2.087019 107
2511 2.203117 107
2512 1.530436 107
2513 16.377376 107
2514 1.456262 107
2515 1.839703 107
2516 4.184756 107
2517 1.385745 107
2518 2.126880 107
2519 0.000000 107
2520 1.987336 107
2521 1.707327 107
2522 2.520490 107
2523 1.129762 107
2524 1.402489 107
2525 1.452371 107
2526 1.538209 107
2527 1.371230 107
2528 3.035720 107
2529 5.376308 107
2530 4.173470 107
2531 1.169825 107
2532 37.658795 107
2533 51.057078 107
2534 1.488388 107
2535 2.369573 107
2536 2.424045 107
2537 1.844082 107
2538 1.620057 107
2539 2.154376 107
2540 1.223933 107
2541 1.916800 107
2542 2.032253 107
2543 0.355080 107
2544 0.951761 107
2545 2.525652 107
2546 2.554657 107
2547 1.754592 107
2548 26.435224 107
2549 1.799817 107
2550 1.479509 101
2551 1.259428 101
2552 0.243138 101
2553 2.565554 101
2554 0.009982 101
2555 3.806046 101
2556 1.543496 101
2557 1.783516 101
2558 1.239204 101
2559 1.159725 101
2560 1.157979 101
2561 1.364240 101
2562 0.986437 101
2563 17.753030 101
2564 29.915270 101
2565 26.263067 101
2566 28.467164 101
2567 27.469682 101
2568 25.494412 101
2569 27.610928 101
2570 31.892303 101
2571 31.211540 101
2572 28.072271 101
2573 30.583093 101
2574 26.405921 101
2575 31.798271 101
2576 30.225531 101
2577 30.705813 101
2578 28.631692 101
2579 27.960148 101
2580 32.181029 101
2581 29.964283 101
2582 32.564059 101
2583 34.812061 101
2584 34.807619 101
2585 36.300960 101
2586 30.714947 101
2587 35.709300 101
2588 32.398955 101
2589 34.645171 101
2590 43.681631 101
2591 30.814502 101
2592 38.913273 101
2593 39.033672 101
2594 45.020193 101
2595 44.709030 101
2596 40.312378 101
2597 39.846898 101
2598 45.025653 101
2599 48.454075 101
2600 18.656434 101
2601 27.201845 101
2602 30.733862 101
2603 24.736045 101
2604 19.419626 101
2605 19.596439 101
2606 16.614994 101
2607 16.444496 101
2608 17.071828 101
2609 18.796256 101
2610 23.277668 101
2611 23.574130 101
2612 25.399927 101
2613 26.120208 101
2614 26.745303 101
2615 23.325219 101
2616 21.857811 101
2617 22.378433 101
2618 25.821090 101
2619 24.876640 101
2620 26.938903 101
2621 27.537762 101
2622 28.646245 101
2623 21.660917 101
2624 32.259085 101
2625 32.410139 101
2626 27.002682 101
2627 29.416715 101
2628 27.684452 101
2629 27.702076 101
2630 31.330534 101
2631 29.262542 101
2632 31.760719 101
2633 29.604711 101
2634 36.089720 101
2635 28.193163 101
2636 28.029530 101
2637 23.895358 101
2638 27.659876 101
2639 31.074382 101
2640 31.686679 101
2641 35.840799 101
2642 28.922598 101
2643 32.076186 101
2644 32.369396 101
2645 31.177510 101
2646 31.852713 101
2647 34.502861 101
2648 33.428194 101
2649 34.420906 101
2650 17.612721 102
2651 20.635558 102
2652 21.058811 102
2653 21.251671 102
2654 22.139088 102
2655 14.866023 102
2656 17.853019 102
2657 22.078627 102
2658 16.626750 102
2659 15.860020 102
2660 22.303819 102
2661 18.881428 102
2662 21.206943 102
2663 4.184085 102
2664 5.870864 102
2665 1.972046 102
2666 7.796030 102
2667 0.000000 102
2668 0.000000 102
2669 0.000000 102
2670 0.000000 102
2671 0.000000 102
2672 0.000000 102
2673 0.000000 102
2674 0.000000 102
2675 0.000000 102
2676 0.000000 102
2677 0.000000 102
2678 0.000000 102
2679 0.000000 102
2680 0.000000 102
2681 0.000000 102
2682 0.000000 102
2683 0.000000 102
2684 0.000000 102
2685 0.000000 102
2686 0.000000 102
2687 0.000000 102
2688 0.000000 102
2689 0.000000 102
2690 0.000000 102
2691 0.000000 102
2692 0.000000 102
2693 0.000000 102
2694 0.000000 102
2695 0.000203 102
2696 0.000239 102
2697 0.000000 102
2698 0.000000 102
2699 0.000267 102
2700 0.000000 99
2701 0.000000 99
2702 0.000000 99
2703 0.000000 99
2704 0.000000 99
2705 0.000000 99
2706 0.000000 99
2707 0.000000 99
2708 0.000000 99
2709 0.000000 99
2710 0.000000 99
2711 3.808162 99
2712 2.368860 99
2713 2.425394 99
2714 34.247975 99
2715 2.827646 99
2716 223.293090 99
2717 3.470750 99
2718 62.479191 99
2719 1.646365 99
2720 1.789451 99
2721 22.596675 99
2722 3.423561 99
2723 2.425750 99
2724 3.246543 99
2725 3.606279 99
2726 3.913136 99
2727 3.630543 99
2728 4.310766 99
2729 13.352987 99
2730 150.173556 99
2731 3.710041 99
2732 6.382708 99
2733 228.394920 99
2734 3.638877 99
2735 7.138180 99
2736 2.316441 99
2737 7.173942 99
2738 3.539997 99
2739 4.189863 99
2740 3.787086 99
2741 3.364520 99
2742 4.293468 99
2743 39.167560 99
2744 4.395880 99
2745 3.999218 99
2746 14.563854 99
2747 2.344040 99
2748 24.506317 99
2749 2.492741 99
2750 7.881203 95
2751 3.400783 95
2752 7.934429 95
2753 3.702410 95
2754 2.247304 95
2755 5.761197 95
2756 2.098804 95
2757 2.976746 95
2758 2.409041 95
2759 1.852910 95
2760 1.068642 95
2761 0.985981 95
2762 0.914518 95
2763 1.070081 95
2764 1.140084 95
2765 1.053828 95
2766 1.072447 95
2767 1.008302 95
2768 1.152095 95
2769 1.073413 95
2770 1.365876 95
2771 1.210758 95
2772 1.174479 95
2773 1.139838 95
2774 1.004771 95
2775 1.041426 95
2776 1.312527 95
2777 0.993984 95
2778 1.220577 95
2779 1.087623 95
2780 1.145532 95
2781 0.926780 95
2782 1.341521 95
2783 1.127181 95
2784 0.967341 95
2785 1.848016 95
2786 1.331308 95
2787 0.936415 95
2788 2.872235 95
2789 1.508935 95
2790 1.699455 95
2791 1.774923 95
2792 2.041521 95
2793 2.431790 95
2794 2.112651 95
2795 1.744625 95
2796 1.924970 95
2797 1.916119 95
2798 1.750721 95
2799 2.196874 95
2800 1.797271 99
2801 2.567554 99
2802 2.021223 99
2803 2.442972 99
2804 2.596356 99
2805 2.124043 99
2806 2.351691 99
2807 2.731065 99
2808 1.830508 99
2809 2.302502 99
2810 2.300009 99
2811 1.950309 99
2812 1.850599 99
2813 1.959231 99
2814 2.254664 99
2815 1.878949 99
2816 4.359384 99
2817 3.556012 99
2818 4.345305 99
2819 0.000000 99
2820 0.000000 99
2821 0.000000 99
2822 0.000000 99
2823 0.000000 99
2824 0.000000 99
2825 0.000000 99
2826 0.000000 99
2827 0.000000 99
2828 0.000000 99
2829 0.000000 99
2830 0.000000 99
2831 0.000000 99
2832 0.000000 99
2833 0.000000 99
2834 0.000000 99
2835 0.000000 99
2836 0.000000 99
2837 0.000000 99
2838 0.000000 99
2839 2.726617 99
2840 6.266264 99
2841 6.554234 99
2842 2.929093 99
2843 5.341305 99
2844 7.493846 99
2845 6.747937 99
2846 2.388606 99
2847 4.218074 99
2848 4.363614 99
2849 4.240317 99
2850 1.874306 103
2851 3.886571 103
2852 4.408761 103
2853 3.741244 103
2854 3.584439 103
2855 8.264496 103
2856 7.447669 103
2857 3.731556 103
2858 5.814983 103
2859 5.668592 103
2860 5.891364 103
2861 1.113160 103
2862 3.555165 103
2863 1.305821 103
2864 2.782385 103
2865 3.074501 103
2866 5.707927 103
2867 22.509881 103
2868 7.977611 103
2869 2.692290 103
2870 5.292027 103
2871 6.100894 103
2872 6.225613 103
2873 0.187045 103
2874 0.231890 103
2875 0.256605 103
2876 0.253573 103
2877 0.258259 103
2878 0.213835 103
2879 0.215819 103
2880 0.219944 103
2881 0.214559 103
2882 0.222002 103
2883 0.229676 103
2884 0.205447 103
2885 0.245028 103
2886 0.209693 103
2887 0.183758 103
2888 0.199121 103
2889 0.245964 103
2890 0.181376 103
2891 0.316101 103
2892 0.262244 103
2893 0.964577 103
2894 3.309813 103
2895 3.151033 103
2896 9.835118 103
2897 111.962062 103
2898 3.633827 103
2899 4.281002 103
2900 1.249404 84
2901 2.571096 84
2902 2.928783 84
2903 2.847056 84
2904 1.857608 84
2905 4.715678 84
2906 4.904579 84
2907 4.374179 84
2908 2.087249 84
2909 4.242977 84
2910 4.891234 84
2911 2.224292 84
2912 4.685535 84
2913 4.463626 84
2914 4.197126 84
2915 4.584223 84
2916 2.847392 84
2917 6.525820 84
2918 7.699942 84
2919 6.958432 84
2920 1.424272 84
2921 4.660834 84
2922 5.212019 84
2923 1.655866 84
2924 3.789065 84
2925 3.958122 84
2926 3.865057 84
2927 2.583807 84
2928 7.614959 84
2929 7.482812 84
2930 7.727429 84
2931 1.124249 84
2932 3.938915 84
2933 4.252822 84
2934 3.899898 84
2935 1.087329 84
2936 2.518412 84
2937 2.929319 84
2938 7.841475 84
2939 8.760875 84
2940 8.391541 84
2941 8.305827 84
2942 8.202442 84
2943 9.885830 84
2944 2.776151 84
2945 5.043244 84
2946 5.016137 84
2947 5.372045 84
2948 3.788826 84
2949 4.491008 84
2950 1.712508 96
2951 3.775661 96
2952 3.713306 96
2953 1.331871 96
2954 3.346875 96
2955 1.435711 96
2956 3.723680 96
2957 3.161473 96
2958 1.575584 96
2959 3.572254 96
2960 3.796170 96
2961 3.399075 96
2962 2.154104 96
2963 5.734338 96
2964 5.376656 96
2965 2.359336 96
2966 6.895912 96
2967 6.896115 96
2968 6.675918 96
2969 23.702488 96
2970 31.391712 96
2971 1.878257 96
2972 0.662882 96
2973 4.288087 96
2974 3.510463 96
2975 2.747558 96
2976 6.178841 96
2977 7.343354 96
2978 2.156421 96
2979 4.755296 96
2980 4.787471 96
2981 0.918966 96
2982 2.194166 96
2983 1.535003 96
2984 4.273336 96
2985 1.814010 96
2986 3.634055 96
2987 4.330129 96
2988 2.188847 96
2989 4.867503 96
2990 1.359851 96
2991 2.458561 96
2992 5.114012 96
2993 3.111153 96
2994 9.160912 96
2995 1.769696 96
2996 4.869596 96
2997 2.025378 96
2998 6.327445 96
2999 0.000000 96
3000 0.051112 100
3001 0.000000 100
3002 0.000000 100
3003 0.000000 100
3004 0.000000 100
3005 0.000000 100
3006 0.000000 100
3007 0.000000 100
3008 41.103241 100
3009 283.517513 100
3010 106.421990 100
3011 481.224818 100
3012 147.624952 100
3013 469.253286 100
3014 237.709395 100
3015 282.077954 100
3016 356.135050 100
3017 517.710502 100
3018 106.399392 100
3019 127.981517 100
3020 65.213652 100
3021 260.957777 100
3022 1.256854 100
3023 2.424744 100
3024 2.489325 100
3025 2.243354 100
3026 6.856378 100
3027 0.000000 100
3028 0.000000 100
3029 0.000000 100
3030 1.431638 100
3031 3.377685 100
3032 1.797930 100
3033 4.987630 100
3034 2.629051 100
3035 7.331273 100
3036 69.513650 100
3037 80.109042 100
3038 80.899056 100
3039 3.964427 100
3040 9.740717 100
3041 2.786358 100
3042 6.785129 100
3043 2.261634 100
3044 9.767980 100
3045 2.996351 100
3046 8.649141 100
3047 8.278558 100
3048 3.122241 100
3049 7.874853 100
3050 2.138947 91
3051 5.716375 91
3052 1.279475 91
3053 2.765753 91
3054 2.556887 91
3055 2.722745 91
3056 6.129219 91
3057 0.245456 91
3058 0.580685 91
3059 0.515354 91
3060 1.845769 91
3061 4.387209 91
3062 0.000000 91
3063 0.000000 91
3064 0.000000 91
3065 0.000000 91
3066 0.000000 91
3067 2.546929 91
3068 7.368175 91
3069 3.512895 91
3070 2.940260 91
3071 4.358767 91
3072 4.355998 91
3073 4.336760 91
3074 4.404785 91
3075 4.438087 91
3076 4.484199 91
3077 4.363297 91
3078 4.391264 91
3079 4.357045 91
3080 4.445481 91
3081 4.285047 91
3082 4.410148 91
3083 4.408169 91
3084 4.542543 91
3085 4.436499 91
3086 4.124075 91
3087 6.851055 91
3088 6.295713 91
3089 10.626386 91
3090 91.481941 91
3091 15.515637 91
3092 6.960301 91
3093 5.955584 91
3094 9.795992 91
3095 12.530092 91
3096 8.409327 91
3097 0.631282 91
3098 0.805732 91
3099 0.786560 91
3100 0.440986 97
3101 0.864188 97
3102 0.871634 97
3103 0.866093 97
3104 0.879204 97
3105 0.886761 97
3106 0.855462 97
3107 0.899472 97
3108 0.757063 97
3109 1.992057 97
3110 2.404336 97
3111 23.583297 97
3112 1.492521 97
3113 449.969703 97
3114 17.087024 97
3115 2.096657 97
3116 3.467964 97
3117 5.871652 97
3118 3.968965 97
3119 4.315379 97
3120 31.785590 97
3121 1.337050 97
3122 4.272844 97
3123 3.847651 97
3124 1.269311 97
3125 1.058337 97
3126 3.806636 97
3127 4.267758 97
3128 3.337079 97
3129 3.471695 97
3130 3.619786 97
3131 3.619208 97
3132 1.253847 97
3133 4.146852 97
3134 6.344484 97
3135 6.057758 97
3136 6.182135 97
3137 6.464588 97
3138 6.268984 97
3139 4.111018 97
3140 7.151918 97
3141 6.644307 97
3142 9.958669 97
3143 9.505401 97
3144 10.214347 97
3145 12.826120 97
3146 6.359461 97
3147 2.441859 97
3148 3.388953 97
3149 3.432221 97
3150 2.934151 103
3151 5.088554 103
3152 2.802344 103
3153 2.367360 103
3154 9.848868 103
3155 2.341383 103
3156 1.763810 103
3157 16.025085 103
3158 3.105407 103
3159 3.651066 103
3160 2.179641 103
3161 1.472275 103
3162 2.274000 103
3163 300.723562 103
3164 10.988315 103
3165 16.533845 103
3166 4.197834 103
3167 3.141331 103
3168 5.434646 103
3169 5.116903 103
3170 4.745168 103
3171 9.198037 103
3172 8.529844 103
3173 9.878712 103
3174 6.213812 103
3175 4.948363 103
3176 5.634027 103
3177 10.966384 103
3178 4.835017 103
3179 5.670584 103
3180 6.723577 103
3181 7.256190 103
3182 6.466853 103
3183 6.134770 103
3184 7.220829 103
3185 4.941788 103
3186 0.000000 103
3187 0.000000 103
3188 0.000000 103
3189 0.000000 103
3190 0.000000 103
3191 0.000000 103
3192 2.956315 103
3193 88.101123 103
3194 7.777546 103
3195 6.700092 103
3196 2.387079 103
3197 4.759039 103
3198 4.998584 103
3199 3.765431 103
3200 3.265230 108
3201 5.595623 108
3202 14.983410 108
3203 14.102396 108
3204 15.151062 108
3205 13.688382 108
3206 3.397440 108
3207 13.405648 107
3208 3.136779 108
3209 9.796363 108
3210 2.196145 108
3211 140.165817 108
3212 3.193140 108
3213 2.503291 108
3214 16.086777 108
3215 2.660117 108
3216 6.135139 108
3217 9.401562 108
3218 11.680195 108
3219 12.044086 106
3220 14.274933 108
3221 11.642986 108
3222 4.620821 108
3223 9.758198 108
3224 9.209253 108
3225 9.636383 108
3226 1.555308 108
3227 2.376727 108
3228 2.412842 108
3229 4.138078 108
3230 2.307241 108
3231 1.536612 108
3232 2.853083 108
3233 5.236781 108
3234 48.465416 108
3235 2.333214 108
3236 2.352215 108
3237 1.375456 108
3238 3.907482 108
3239 3.069947 108
3240 2.082875 108
3241 5.610216 108
3242 8.650148 108
3243 5.175500 107
3244 1.822075 108
3245 1.679944 108
3246 0.115592 108
3247 0.165460 108
3248 0.213855 108
3249 5.762101 108
3250 1.436778 107
3251 3.327395 107
3252 3.226168 107
3253 3.287934 107
3254 2.180715 107
3255 3.554102 107
3256 1.926633 107
3257 2.747020 107
3258 2.926849 107
3259 2.590847 107
3260 2.907553 107
3261 16.288266 107
3262 2.671287 107
3263 0.727577 107
3264 1.718680 107
3265 4.951301 107
3266 1.766738 107
3267 3.795420 107
3268 5.015762 107
3269 4.206170 107
3270 4.312797 107
3271 4.612082 107
3272 0.740677 107
3273 8.487522 107
3274 4.997232 107
3275 25.153532 107
3276 1.863146 107
3277 2.550939 107
3278 3.072100 107
3279 8.837196 107
3280 2.354969 107
3281 1.845654 107
3282 29.311080 107
3283 4.619365 107
3284 4.509230 107
3285 2.053641 107
3286 5.158621 107
3287 5.878842 107
3288 5.762323 107
3289 5.894544 107
3290 1.184282 107
3291 4.115889 107
3292 2.531158 107
3293 3.943532 107
3294 2.392697 107
3295 41.246098 107
3296 4.040943 107
3297 1.534940 107
3298 13.607038 107
3299 1.912765 107
3300 2.157191 117
3301 0.861424 117
3302 88.007614 117
3303 164.040155 117
3304 184.253497 117
3305 177.030600 117
3306 0.248456 117
3307 0.182709 117
3308 0.265822 117
3309 0.310273 117
3310 0.296658 117
3311 2.954944 117
3312 4.642993 117
3313 3.652233 117
3314 4.176685 117
3315 6.451644 117
3316 7.583972 117
3317 64.482550 117
3318 33.257097 117
3319 60.121096 117
3320 61.164879 117
3321 62.872977 117
3322 3.555829 117
3323 4.151745 117
3324 4.515695 117
3325 8.532234 117
3326 4.083748 117
3327 1.289709 117
3328 2.211868 117
3329 36.958682 117
3330 3.126772 117
3331 41.109823 117
3332 2.869772 117
3333 3.487416 117
3334 7.799821 117
3335 0.240995 117
3336 6.487007 116
3337 3.944166 117
3338 6.867691 117
3339 2.408989 117
3340 16.534868 117
3341 3.807426 116
3342 2.520664 116
3343 3.966744 116
3344 4.028961 116
3345 3.097696 116
3346 8.328181 116
3347 8.381578 116
3348 3.764950 116
3349 1.554012 116
3350 4.634353 82
3351 1.053862 82
3352 1.718259 82
3353 1.998835 82
3354 2.307019 82
3355 6.142969 82
3356 9.733127 82
3357 21.376752 82
3358 23.274712 82
3359 3.604917 82
3360 1.467106 82
3361 6.555194 82
3362 1.380194 82
3363 5.456707 82
3364 10.700555 82
3365 11.226938 82
3366 10.832067 82
3367 6.183351 82
3368 4.940376 82
3369 196.824077 82
3370 2.230043 82
3371 2.234768 82
3372 5.908069 82
3373 5.707397 82
3374 1.493499 82
3375 3.653415 82
3376 6.330965 82
3377 3.694757 82
3378 2.357848 82
3379 6.867059 82
3380 5.128634 82
3381 1.385467 82
3382 3.400413 82
3383 3.609724 82
3384 2.474574 82
3385 5.047330 82
3386 6.156582 82
3387 1.284987 82
3388 1.542854 82
3389 3.321826 82
3390 3.156707 82
3391 61.230454 82
3392 163.147935 82
3393 187.886868 82
3394 0.000000 82
3395 12.352387 82
3396 17.515293 82
3397 18.572729 82
3398 0.000000 82
3399 2.441614 82
3400 3.056148 93
3401 2.230078 93
3402 2.206194 93
3403 7.683485 93
3404 2.020189 93
3405 6.063085 93
3406 5.650377 93
3407 1.499675 93
3408 1.230545 93
3409 2.277509 93
3410 6.329144 93
3411 5.393541 93
3412 3.106030 93
3413 2.479029 93
3414 5.624268 93
3415 6.202060 93
3416 3.845541 93
3417 2.397773 93
3418 6.161289 93
3419 5.124519 93
3420 2.197916 93
3421 5.755830 93
3422 4.829406 93
3423 27.886977 93
3424 56.370886 93
3425 60.072359 93
3426 4.592574 93
3427 5.498806 93
3428 3.755859 93
3429 3.878228 93
3430 2.593939 93
3431 5.438989 93
3432 6.259076 93
3433 2.608747 93
3434 6.383059 93
3435 5.218535 93
3436 2.525896 93
3437 6.701149 93
3438 5.652971 93
3439 1.520390 93
3440 4.364472 93
3441 2.266690 93
3442 5.463174 93
3443 5.415461 93
3444 33.360148 93
3445 20.898492 93
3446 4.688070 93
3447 40.873190 93
3448 31.490828 93
3449 16.140453 93
3450 29.885073 113
3451 3.053822 113
3452 6.755543 113
3453 12.110186 113
3454 11.611736 113
3455 2.732938 113
3456 6.738612 113
3457 6.687926 113
3458 1.911113 113
3459 2.324157 113
3460 5.629050 113
3461 1.515584 113
3462 1.977802 113
3463 1.746366 113
3464 1.203735 113
3465 2.662908 113
3466 1.742680 113
3467 2.079399 113
3468 1.963342 113
3469 5.576547 113
3470 10.767225 113
3471 3.076995 113
3472 0.000000 113
3473 0.000000 113
3474 3.047961 113
3475 2.263898 113
3476 5.334370 113
3477 6.063629 113
3478 0.629385 113
3479 0.971498 113
3480 6.244116 113
3481 15.575684 113
3482 15.558756 113
3483 2.372581 113
3484 5.104287 113
3485 6.245844 113
3486 10.308201 113
3487 1.738227 113
3488 2.456571 113
3489 2.625404 113
3490 4.594709 113
3491 14.984444 113
3492 2.463803 113
3493 6.077801 113
3494 4.973179 113
3495 2.464043 113
3496 6.189047 113
3497 5.272176 113
3498 2.479447 113
3499 6.060377 113
3500 1.920033 94
3501 1.815288 94
3502 5.831017 94
3503 5.452722 94
3504 2.267650 94
3505 5.290971 94
3506 6.168218 94
3507 2.353746 94
3508 5.013012 94
3509 6.470710 94
3510 2.322246 94
3511 6.249673 94
3512 4.816467 94
3513 16.607046 94
3514 19.678436 94
3515 18.200112 94
3516 3.467936 94
3517 2.480997 94
3518 6.168000 94
3519 4.782600 94
3520 343.034104 94
3521 2.573566 94
3522 5.178012 94
3523 6.213373 94
3524 2.533721 94
3525 6.737285 94
3526 5.199482 94
3527 0.767577 94
3528 1.214576 94
3529 1.575826 94
3530 1.434894 94
3531 2.650234 94
3532 5.247539 94
3533 6.027384 94
3534 18.267088 94
3535 2.518992 94
3536 5.307359 94
3537 6.778376 94
3538 6.233650 94
3539 1.382843 94
3540 0.358243 94
3541 7.830801 94
3542 1.927961 94
3543 1.954461 94
3544 2.967969 94
3545 1.589102 94
3546 4.371879 94
3547 3.848330 94
3548 3.118918 94
3549 2.142428 94
3550 1.635145 104
3551 3.243304 104
3552 2.224210 104
3553 2.435154 104
3554 24.058618 104
3555 3.857489 104
3556 5.301790 104
3557 28.634639 104
3558 1.766754 104
3559 2.042325 104
3560 12.927636 104
3561 159.803943 104
3562 1.603037 104
3563 4.558113 104
3564 11.606541 104
3565 1.549999 104
3566 0.446281 104
3567 4.895767 104
3568 1.729841 104
3569 5.222122 104
3570 2.261776 104
3571 4.623443 104
3572 1.878846 104
3573 0.650067 104
3574 1.951375 104
3575 6.006903 104
3576 4.646718 104
3577 1.930535 104
3578 10.540281 104
3579 165.348630 104
3580 1.720060 104
3581 13.423371 104
3582 0.605770 104
3583 1.087045 104
3584 3.465504 104
3585 19.536956 104
3586 39.290751 104
3587 3.331076 104
3588 4.945341 104
3589 1.338339 104
3590 1.777446 104
3591 1.364491 104
3592 11.781993 104
3593 33.528044 104
3594 2.179986 104
3595 7.763229 104
3596 1.878382 104
3597 5.198519 104
3598 1.379471 104
3599 4.545176 104
3600 4.186468 93
3601 16.831147 93
3602 2.298940 93
3603 3.302757 93
3604 1.428845 93
3605 1.028377 93
3606 0.849177 93
3607 1.795477 93
3608 9.242750 93
3609 1.102270 93
3610 5.950042 93
3611 0.000000 93
3612 1.463005 93
3613 1.554483 93
3614 2.266265 93
3615 7.282035 93
3616 6.111042 93
3617 11.339496 93
3618 1.300030 93
3619 3.190990 93
3620 18.787602 93
3621 2.442719 93
3622 19.644131 93
3623 2.690264 93
3624 20.090556 93
3625 3.444685 93
3626 2.108368 93
3627 2.224156 93
3628 1.363431 93
3629 1.277209 93
3630 12.637304 93
3631 4.681330 93
3632 1.478675 93
3633 1.592181 93
3634 3.639617 93
3635 6.031897 93
3636 0.261509 93
3637 1.885118 93
3638 86.846437 93
3639 3.816015 93
3640 14.069762 93
3641 3.969792 93
3642 4.484631 93
3643 2.894885 93
3644 0.248660 93
3645 2.926448 93
3646 1.381011 93
3647 53.889040 93
3648 0.483428 93
3649 2.989189 93
3650 3.449992 112
3651 3.839904 112
3652 0.967142 112
3653 2.394310 112
3654 0.791860 112
3655 0.544270 112
3656 2.077072 112
3657 0.304471 112
3658 0.207012 112
3659 14.804029 112
3660 45.895547 112
3661 3.658492 112
3662 15.449904 112
3663 4.394625 112
3664 1.347812 112
3665 1.758947 112
3666 11.818672 112
3667 6.821699 112
3668 9.881686 112
3669 1.994152 112
3670 23.821540 112
3671 4.903765 112
3672 0.802119 112
3673 2.485448 112
3674 2.430171 112
3675 2.503736 112
3676 34.585509 112
3677 91.780742 112
3678 0.027228 112
3679 1.358873 112
3680 1.690815 112
3681 2.079680 112
3682 2.648334 112
3683 2.161236 112
3684 0.000000 112
3685 1.715652 112
3686 0.867120 112
3687 14.166739 112
3688 2.220916 112
3689 0.222794 112
3690 1.345824 112
3691 235.153736 112
3692 0.745752 112
3693 3.177820 112
3694 2.647713 112
3695 20.003628 112
3696 2.279892 112
3697 5.403037 112
3698 2.137737 112
3699 0.743937 112
3700 0.755902 99
3701 1.872658 99
3702 6.832856 99
3703 2.308068 99
3704 1.670145 99
3705 1.803139 99
3706 0.922492 99
3707 6.327069 99
3708 0.460620 99
3709 2.877578 99
3710 4.061637 99
3711 0.208174 99
3712 7.727007 99
3713 1.704268 99
3714 3.443046 99
3715 3.581629 99
3716 1.998405 99
3717 1.400759 99
3718 2.086049 99
3719 2.039538 99
3720 0.015701 99
3721 2.016023 99
3722 11.603609 99
3723 0.630979 99
3724 2.382472 99
3725 1.728167 99
3726 2.048451 99
3727 1.806377 99
3728 1.595693 99
3729 2.250776 99
3730 1.960760 99
3731 5.767370 99
3732 10.715057 99
3733 2.610847 99
3734 2.405700 99
3735 16.172540 99
3736 1.974562 99
3737 0.942203 99
3738 92.704463 99
3739 1.612544 99
3740 2.630299 99
3741 2.720338 99
3742 2.284506 99
3743 2.192108 99
3744 16.957646 99
3745 6.630103 99
3746 1.238436 99
3747 2.823551 99
3748 1.784521 99
3749 0.000000 99
3750 6.764386 110
3751 2.256381 110
3752 6.268375 110
3753 0.742552 110
3754 1.931835 110
3755 1.421079 110
3756 13.305786 110
3757 2.040175 110
3758 2.526318 110
3759 1.366249 110
3760 1.627838 110
3761 1.833749 110
3762 0.091872 110
3763 1.625053 110
3764 2.081966 110
3765 2.146102 110
3766 1.640246 110
3767 0.000000 110
3768 15.504595 110
3769 2.228354 110
3770 3.395970 110
3771 1.263992 110
3772 1.973105 110
3773 4.795546 110
3774 5.603634 110
3775 1.253086 110
3776 0.046033 110
3777 2.210560 110
3778 334.736555 110
3779 2.551627 110
3780 2.395871 110
3781 18.454482 110
3782 125.886147 110
3783 71.269516 110
3784 1.987001 110
3785 2.522944 110
3786 0.000000 110
3787 2.584365 110
3788 1.442876 110
3789 15.302672 110
3790 3.462805 110
3791 3.463174 110
3792 3.021321 110
3793 2.922083 110
3794 2.570242 110
3795 4.803322 110
3796 1.188468 110
3797 3.747061 110
3798 3.365914 110
3799 2.898137 110
3800 1.501609 107
3801 2.295931 107
3802 0.079252 107
3803 3.391415 107
3804 3.190993 107
3805 3.374113 107
3806 3.472769 107
3807 1.399333 107
3808 3.194112 107
3809 12.470929 107
3810 1.279466 107
3811 1.755625 107
3812 1.715817 107
3813 0.528341 107
3814 5.328762 107
3815 3.822668 107
3816 1.914767 107
3817 1.651990 107
3818 2.127643 107
3819 2.297394 107
3820 5.391239 107
3821 0.512276 107
3822 6.757720 107
3823 2.140698 107
3824 15.422526 107
3825 17.565824 107
3826 0.507069 107
3827 3.344167 107
3828 1.315003 107
3829 1.239777 107
3830 19.413968 107
3831 2.676344 107
3832 18.018005 107
3833 1.450185 107
3834 2.838345 107
3835 0.526290 107
3836 3.085656 107
3837 38.419362 107
3838 56.389172 107
3839 3.446067 107
3840 0.000000 107
3841 2.508083 107
3842 39.732617 107
3843 4.206641 107
3844 1.507260 107
3845 2.402586 107
3846 2.424721 107
3847 12.286254 107
3848 1.971280 107
3849 0.000000 107
3850 1.921724 104
3851 4.297054 104
3852 1.466804 104
3853 1.885918 104
3854 1.707778 104
3855 1.718634 104
3856 1.416221 104
3857 1.838090 104
3858 0.000000 104
3859 4.298936 104
3860 3.041449 104
3861 3.642653 104
3862 1.305997 104
3863 1.882607 104
3864 2.438259 104
3865 33.860275 104
3866 1.719663 104
3867 3.716220 104
3868 2.505289 104
3869 2.058652 104
3870 3.361214 104
3871 1.685102 104
3872 1.036468 104
3873 1.657576 104
3874 1.876634 104
3875 2.222167 104
3876 1.264990 104
3877 4.172760 104
3878 2.947528 104
3879 2.157016 104
3880 2.055934 104
3881 2.313433 104
3882 8.152898 104
3883 3.032178 104
3884 3.181099 104
3885 0.883051 104
3886 0.572609 104
3887 3.380739 104
3888 42.945250 104
3889 17.986071 104
3890 5.820495 104
3891 7.894917 104
3892 2.446247 104
3893 2.578914 104
3894 1.145489 104
3895 5.265295 104
3896 9.117767 104
3897 3.971404 104
3898 1.577308 104
3899 1.550206 104
3900 159.481576 109
3901 1.671420 109
3902 3.531588 109
3903 2.233379 109
3904 1.471702 109
3905 1.490401 109
3906 0.000000 109
3907 1.062874 109
3908 3.149407 109
3909 0.272819 109
3910 2.524779 109
3911 1.624244 109
3912 1.455909 109
3913 2.176190 109
3914 2.372784 109
3915 2.136349 109
3916 1.768930 109
3917 2.061043 109
3918 0.927488 109
3919 1.139581 109
3920 1.716627 109
3921 0.960432 109
3922 0.958867 109
3923 1.568148 109
3924 5.854459 109
3925 1.422553 109
3926 27.935505 109
3927 12.577639 109
3928 1.518493 109
3929 46.172516 109
3930 1.399503 109
3931 3.189043 109
3932 1.156770 109
3933 1.450148 109
3934 2.615323 109
3935 2.059930 109
3936 2.333496 109
3937 2.081037 109
3938 1.043165 109
3939 12.552853 109
3940 0.077081 109
3941 3.459849 109
3942 1.748193 109
3943 0.915895 109
3944 1.975533 109
3945 35.420409 109
3946 1.684072 109
3947 2.267577 109
3948 1.863365 109
3949 12.431570 109
3950 0.913101 118
3951 2.041386 118
3952 5.371819 118
3953 0.471685 118
3954 1.415043 118
3955 45.051603 118
3956 51.596027 118
3957 1.731612 118
3958 1.523792 118
3959 7.409354 118
3960 0.000000 118
3961 1.632763 118
3962 1.470070 118
3963 4.547691 117
3964 4.998687 118
3965 15.680445 118
3966 2.546795 118
3967 11.953688 117
3968 0.989738 118
3969 0.427258 118
3970 14.889814 118
3971 2.757838 118
3972 2.280859 118
3973 0.000000 118
3974 3.297417 118
3975 1.331969 118
3976 1.896890 118
3977 0.756848 118
3978 3.019645 118
3979 1.630616 118
3980 0.000000 118
3981 3.362230 118
3982 2.912037 118
3983 2.842045 118
3984 1.957445 118
3985 1.112706 118
3986 0.106991 118
3987 1.409766 118
3988 4.782528 118
3989 0.750978 118
3990 3.133431 118
3991 0.504478 118
3992 11.207803 118
3993 0.539122 118
3994 0.487138 118
3995 0.666607 118
3996 0.717519 118
3997 0.668017 118
3998 1.634079 118
3999 0.983144 118
4000 0.219843 112
4001 0.452792 112
4002 3.056481 112
4003 1.435502 112
4004 3.702288 112
4005 1.832069 112
4006 0.827293 112
4007 4.318321 112
4008 0.420329 112
4009 1.879628 112
4010 0.654494 112
4011 1.350542 112
4012 2.584129 112
4013 6.678747 112
4014 4.261955 112
4015 0.361165 112
4016 0.490488 112
4017 1.138269 112
4018 1.097761 112
4019 0.352842 112
4020 1.978552 112
4021 1.397468 112
4022 2.943727 112
4023 3.854213 112
4024 1.326666 112
4025 2.678188 112
4026 1.939063 112
4027 31.281946 112
4028 1.619080 112
4029 1.530682 112
4030 1.677585 112
4031 309.490442 112
4032 121.955416 112
4033 40.454812 112
4034 5.028840 112
4035 37.830302 112
4036 2.245168 112
4037 1.354077 112
4038 8.892350 112
4039 0.791008 112
4040 0.000000 112
4041 3.201769 112
4042 0.853429 112
4043 2.114813 112
4044 1.196380 112
4045 9.318525 112
4046 23.797318 112
4047 2.191058 112
4048 1.519378 112
4049 1.172909 112
4050 2.613591 120
4051 1.423337 120
4052 0.767576 120
4053 2.223202 120
4054 0.890659 120
4055 1.458872 120
4056 1.729813 120
4057 1.303721 120
4058 0.014661 120
4059 0.552087 120
4060 63.426436 120
4061 1.837323 120
4062 1.704502 120
4063 1.693107 120
4064 0.962571 120
4065 2.897078 120
4066 24.959146 120
4067 0.596774 120
4068 7.413449 120
4069 2.030654 120
4070 1.270346 120
4071 2.819966 120
4072 0.836220 120
4073 1.129909 120
4074 1.630872 120
4075 2.831596 120
4076 6.019038 120
4077 2.408014 120
4078 0.387055 120
4079 0.662094 120
4080 2.311796 120
4081 2.247856 120
4082 2.273521 120
4083 3.085921 120
4084 6.914553 120
4085 0.686903 120
4086 3.370346 120
4087 0.876458 120
4088 3.879328 120
4089 3.196355 120
4090 3.302765 120
4091 5.914671 120
4092 12.224497 120
4093 0.088368 120
4094 8.185402 120
4095 3.790815 120
4096 3.712220 120
4097 2.532535 120
4098 1.902883 120
4099 3.057593 120
4100 3.297927 114
4101 0.395311 114
4102 0.642258 114
4103 2.091068 114
4104 2.442439 114
4105 3.325796 114
4106 25.397685 114
4107 0.008130 114
4108 3.590067 114
4109 5.079277 114
4110 0.599351 114
4111 14.182543 114
4112 99.028265 114
4113 1.789158 114
4114 1.962088 114
4115 2.882379 114
4116 5.925663 114
4117 9.559382 113
4118 3.588153 114
4119 21.162252 114
4120 4.253325 114
4121 0.000000 114
4122 7.192910 114
4123 2.107418 114
4124 2.505151 114
4125 6.105068 114
4126 8.341208 114
4127 2.868936 114
4128 2.135107 114
4129 5.479800 114
4130 3.285386 114
4131 4.311924 114
4132 0.953933 114
4133 1.959202 114
4134 0.000000 114
4135 0.000000 114
4136 2.586698 114
4137 2.558345 114
4138 3.516812 114
4139 3.906449 114
4140 3.007206 114
4141 7.973172 114
4142 7.044666 114
4143 3.394009 114
4144 1.058891 114
4145 2.606174 114
4146 3.110521 114
4147 2.539751 114
4148 2.994948 114
4149 7.590086 114
4150 1.016044 112
4151 3.889919 112
4152 1.503439 112
4153 0.548591 112
4154 5.285598 112
4155 5.379876 112
4156 4.073050 112
4157 1.846207 112
4158 3.466692 112
4159 8.964843 112
4160 1.684921 112
4161 30.588912 112
4162 14.098295 112
4163 11.627809 112
4164 3.413373 112
4165 0.000000 112
4166 12.602346 112
4167 4.583307 112
4168 2.581870 112
4169 0.801081 112
4170 1.825794 112
4171 1.777189 112
4172 8.601018 112
4173 18.621525 112
4174 2.342508 112
4175 2.526587 112
4176 12.388655 112
4177 0.857216 112
4178 1.417785 112
4179 2.308060 112
4180 2.501873 112
4181 3.878376 112
4182 4.352058 112
4183 48.101078 112
4184 13.529172 112
4185 4.777481 112
4186 2.266255 112
4187 3.141887 112
4188 9.028421 112
4189 0.770616 112
4190 6.410184 112
4191 16.243187 112
4192 1.658636 112
4193 2.049322 112
4194 1.072258 112
4195 3.422492 112
4196 0.549193 112
4197 6.559412 112
4198 1.868153 112
4199 2.226376 112
4200 1.388843 116
4201 2.777408 116
4202 2.075746 116
4203 4.485563 116
4204 10.576114 116
4205 6.493234 116
4206 5.776444 116
4207 5.587353 116
4208 7.414153 116
4209 9.086067 116
4210 1.528214 116
4211 5.164254 116
4212 4.544514 116
4213 1.602178 116
4214 4.935211 116
4215 11.028903 116
4216 6.081870 116
4217 1.088007 116
4218 3.337269 116
4219 10.015847 116
4220 0.843036 116
4221 2.176610 116
4222 104.857321 116
4223 0.000000 116
4224 2.299875 116
4225 1.677696 116
4226 1.459522 116
4227 4.643511 116
4228 3.823466 116
4229 2.424576 116
4230 3.370497 116
4231 4.623047 116
4232 1.892815 116
4233 1.426255 116
4234 1.908193 116
4235 2.819763 116
4236 0.713842 116
4237 0.572492 116
4238 1.742332 116
4239 1.459789 116
4240 3.320912 116
4241 3.002252 116
4242 1.352666 116
4243 3.548239 116
4244 3.594706 116
4245 3.819002 116
4246 1.318086 116
4247 0.600946 116
4248 0.901095 116
4249 0.768462 116
4250 0.154194 101
4251 0.050996 101
4252 1.596483 101
4253 2.029772 101
4254 1.138862 101
4255 1.232658 101
4256 1.693681 101
4257 3.196698 101
4258 1.098608 101
4259 1.892688 101
4260 2.381377 101
4261 2.282716 101
4262 1.550136 101
4263 1.507975 101
4264 2.309058 101
4265 2.107091 101
4266 3.424918 101
4267 1.608155 101
4268 3.627151 101
4269 5.115209 101
4270 7.175760 101
4271 8.558337 101
4272 8.589371 101
4273 9.301674 101
4274 0.000000 101
4275 0.000000 101
4276 0.000000 101
4277 0.000000 101
4278 0.430445 101
4279 1.423786 101
4280 4.397814 101
4281 3.906377 101
4282 0.387469 101
4283 2.724976 101
4284 1.286947 101
4285 16.891061 101
4286 1.304879 101
4287 3.732335 101
4288 0.509482 101
4289 12.392416 101
4290 5.891511 101
4291 13.912724 101
4292 13.002294 101
4293 13.829367 101
4294 13.905666 101
4295 13.660050 101
4296 13.944456 101
4297 14.095748 101
4298 0.000000 101
4299 12.316301 101
4300 2.851004 105
4301 7.411390 105
4302 7.848014 105
4303 7.670912 105
4304 7.278659 105
4305 7.151095 105
4306 0.807946 105
4307 3.510585 105
4308 8.008275 105
4309 7.854823 105
4310 2.855105 105
4311 2.800121 105
4312 7.340722 105
4313 6.890688 105
4314 6.913261 105
4315 7.066817 105
4316 7.214078 105
4317 3.926260 105
4318 29.862275 105
4319 1.432884 105
4320 1.709129 105
4321 2.106740 105
4322 2.402159 105
4323 2.483168 105
4324 2.463797 105
4325 0.922392 105
4326 13.826356 105
4327 2.749049 105
4328 6.509784 105
4329 0.772077 105
4330 11.977365 105
4331 1.234863 105
4332 1.427471 105
4333 0.945350 105
4334 2.911019 105
4335 1.161657 105
4336 0.505852 105
4337 0.959061 105
4338 1.364211 105
4339 3.251424 105
4340 1.954784 105
4341 1.210417 105
4342 1.624769 105
4343 1.045595 105
4344 0.000000 105
4345 0.000000 105
4346 0.000000 105
4347 0.000000 105
4348 0.000000 105
4349 0.000000 105
4350 0.000000 104
4351 1.423316 104
4352 0.531749 104
4353 1.781538 104
4354 2.025642 104
4355 2.186051 104
4356 2.469316 104
4357 1.890855 104
4358 1.716677 104
4359 1.820676 104
4360 39.443944 104
4361 50.868836 104
4362 53.344496 104
4363 52.922402 104
4364 48.212324 104
4365 40.818317 104
4366 45.295650 104
4367 44.652130 104
4368 42.215728 104
4369 42.536771 104
4370 50.255376 104
4371 45.829452 104
4372 47.139016 104
4373 51.968507 104
4374 47.127160 104
4375 50.668331 104
4376 45.523111 104
4377 49.144730 104
4378 40.751026 104
4379 3.976307 104
4380 6.824215 104
4381 16.722266 104
4382 8.552908 104
4383 15.097151 104
4384 5.646088 104
4385 5.280881 104
4386 7.817895 104
4387 5.995304 104
4388 318.320531 104
4389 2.314359 104
4390 4.651867 104
4391 10.311165 104
4392 72.265625 104
4393 10.115454 104
4394 2.577848 104
4395 5.825588 104
4396 4.993665 104
4397 7.056951 104
4398 5.563368 104
4399 5.756794 104
4400 2.195134 87
4401 4.060311 87
4402 5.337651 87
4403 6.447855 87
4404 4.924581 87
4405 5.575704 87
4406 3.338951 87
4407 3.645642 87
4408 3.255008 87
4409 4.309937 87
4410 3.226532 87
4411 2.792539 87
4412 3.534962 87
4413 2.140422 87
4414 19.732732 87
4415 4.153660 87
4416 84.287387 87
4417 0.709307 87
4418 13.855892 87
4419 41.387551 87
4420 2.240851 87
4421 0.948689 87
4422 26.047977 87
4423 19.657960 87
4424 2.452376 87
4425 1.153997 87
4426 14.359108 87
4427 38.535296 87
4428 2.034543 87
4429 9.312801 87
4430 2.462196 87
4431 2.628207 87
4432 54.172763 87
4433 9.611243 87
4434 2.228029 87
4435 53.135908 87
4436 2.748741 87
4437 1.484940 87
4438 40.463630 87
4439 46.263518 87
4440 4.139547 87
4441 1.509973 87
4442 33.766992 87
4443 4.250302 87
4444 54.388958 87
4445 1.054091 87
4446 15.576740 87
4447 2.851838 87
4448 49.816279 87
4449 1.361082 87
4450 7.249795 101
4451 37.591364 101
4452 2.601038 101
4453 1.750841 101
4454 0.811621 101
4455 1.828059 101
4456 1.683275 101
4457 4.566229 101
4458 2.264649 101
4459 4.834774 101
4460 3.875842 101
4461 10.730795 101
4462 3.061058 101
4463 5.092139 101
4464 1.332765 101
4465 3.371743 101
4466 3.181860 101
4467 2.016177 101
4468 2.470180 101
4469 6.259042 101
4470 1.551750 101
4471 2.463561 101
4472 4.836652 101
4473 20.513424 101
4474 42.628940 101
4475 2.588140 101
4476 5.764115 101
4477 13.184974 101
4478 1.465906 101
4479 1.488880 101
4480 7.231824 101
4481 1.319382 101
4482 1.342309 101
4483 0.002694 101
4484 1.880311 101
4485 1.960034 101
4486 2.636790 101
4487 3.542184 101
4488 3.040546 101
4489 1.699388 101
4490 3.079451 101
4491 3.433885 101
4492 16.587779 101
4493 3.509149 101
4494 2.804708 101
4495 0.503103 101
4496 5.749979 101
4497 3.174166 101
4498 3.717612 101
4499 17.749731 101
