0 0.400351 117
1 1.699037 117
2 2.150410 117
3 0.964575 117
4 0.930406 117
5 0.000000 117
6 0.551806 117
7 13.671508 117
8 0.598622 117
9 0.580364 117
10 0.533507 117
11 0.598600 117
12 16.553143 117
13 1.791384 117
14 0.434403 117
15 0.631391 117
16 1.522954 117
17 1.511209 117
18 0.671873 117
19 1.327973 117
20 1.445224 117
21 0.463386 117
22 1.105942 117
23 0.650123 117
24 0.900291 117
25 1.007885 117
26 1.065614 117
27 5.716660 117
28 0.839680 117
29 0.763017 117
30 1.544992 117
31 0.819357 117
32 0.436765 117
33 1.183386 117
34 1.248730 117
35 0.733332 117
36 1.242111 117
37 0.529859 117
38 1.045340 117
39 1.010954 117
40 1.196298 117
41 1.120028 117
42 0.939825 117
43 0.885835 117
44 1.537816 117
45 0.781475 117
46 1.375369 117
47 2.172459 117
48 4.157651 117
49 0.775468 117
50 0.406144 115
51 0.570167 115
52 0.634624 115
53 0.678333 115
54 0.294053 115
55 0.374179 115
56 0.578043 115
57 0.526565 115
58 0.407000 115
59 0.000000 115
60 0.054181 115
61 2.915767 115
62 0.544964 115
63 0.568411 115
64 0.552369 115
65 0.810843 115
66 0.465895 115
67 0.557052 115
68 2.117014 115
69 1.533691 115
70 3.471057 115
71 3.426726 115
72 3.265841 115
73 1.134492 115
74 1.580314 115
75 1.433818 115
76 1.993132 115
77 2.857206 115
78 2.609385 115
79 2.375885 115
80 2.590072 115
81 1.850913 115
82 1.978278 115
83 0.733200 115
84 0.964361 115
85 0.905744 115
86 1.683168 115
87 3.296223 115
88 1.848873 115
89 4.440809 115
90 0.000000 115
91 0.785893 115
92 1.536969 115
93 1.916989 115
94 6.062237 115
95 0.000000 115
96 0.230535 115
97 2.362136 115
98 5.054638 115
99 5.102174 115
100 2.149236 93
101 4.567746 93
102 4.279609 93
103 4.219968 93
104 1.409054 93
105 3.352490 93
106 3.475879 93
107 1.869131 93
108 4.296489 93
109 0.797784 93
110 3.951244 93
111 33.240884 93
112 33.514007 93
113 1.669939 93
114 3.845008 93
115 3.851245 93
116 1.066278 93
117 1.567702 93
118 3.319774 93
119 4.352322 93
120 1.520095 93
121 1.387691 93
122 22.261415 93
123 1.577507 93
124 0.950870 93
125 2.515026 93
126 6.139172 93
127 3.676038 93
128 1.425996 93
129 24.662394 93
130 1.037813 93
131 1.248444 93
132 1.470795 93
133 0.735482 93
134 2.406788 93
135 2.934022 93
136 8.504922 93
137 1.083658 93
138 1.892427 93
139 2.011948 93
140 20.221208 93
141 1.210675 93
142 2.640575 93
143 0.778940 93
144 0.652325 93
145 1.057084 93
146 3.097406 93
147 1.558480 93
148 0.706731 93
149 1.739744 93
150 0.826093 97
151 1.772335 97
152 1.185932 97
153 0.326930 97
154 0.767081 97
155 1.355309 97
156 2.444989 97
157 0.592998 97
158 0.897412 97
159 1.403587 97
160 26.496613 97
161 0.606389 97
162 0.623048 97
163 0.830855 97
164 3.732929 97
165 3.312118 97
166 3.572744 97
167 1.553134 97
168 3.781670 97
169 0.000000 97
170 0.000000 97
171 24.973266 97
172 1.895457 97
173 2.445066 97
174 3.063055 97
175 3.402431 97
176 3.803941 97
177 6.035074 97
178 4.858426 97
179 0.068678 97
180 1.228451 97
181 6.082970 97
182 6.513854 97
183 6.849615 97
184 6.767573 97
185 6.994012 97
186 7.382260 97
187 0.102522 97
188 1.613396 97
189 7.818881 97
190 7.343189 97
191 0.112489 97
192 1.950330 97
193 7.931991 97
194 7.823581 97
195 0.108573 97
196 1.951562 97
197 7.301005 97
198 7.379580 97
199 7.621613 97
200 0.113007 95
201 2.493703 95
202 3.132579 95
203 3.283970 95
204 3.023638 95
205 3.748274 95
206 3.924450 95
207 4.850093 95
208 0.140410 95
209 1.604542 95
210 5.005912 95
211 5.478366 95
212 5.668612 95
213 6.041058 95
214 6.293840 95
215 6.185797 95
216 6.228944 95
217 6.622085 95
218 7.137730 95
219 6.860980 95
220 7.134025 95
221 6.087158 95
222 7.251530 95
223 7.098574 95
224 7.204056 95
225 6.826116 95
226 6.763923 95
227 0.145269 95
228 2.113448 95
229 7.423565 95
230 7.235358 95
231 0.127763 95
232 2.040443 95
233 7.246930 95
234 7.165404 95
235 6.840765 95
236 7.517666 95
237 7.195282 95
238 7.678169 95
239 7.104239 95
240 6.946936 95
241 6.957908 95
242 7.125213 95
243 7.606821 95
244 7.232258 95
245 7.243506 95
246 7.637324 95
247 0.121540 95
248 2.088384 95
249 7.233744 95
250 0.102096 98
251 1.828755 98
252 3.157601 98
253 0.129583 98
254 2.072808 98
255 4.671141 98
256 4.191668 98
257 3.643029 98
258 3.974933 98
259 4.180821 98
260 4.049501 98
261 4.715557 98
262 4.852881 98
263 5.485969 98
264 7.061021 98
265 6.196303 98
266 6.571140 98
267 6.525203 98
268 6.951226 98
269 6.754203 98
270 6.943373 98
271 0.140787 98
272 0.129370 98
273 0.120531 98
274 0.131944 98
275 0.119306 98
276 1.890249 98
277 7.122817 98
278 7.273124 98
279 0.137603 98
280 1.943280 98
281 7.513496 98
282 7.065771 98
283 7.212792 98
284 7.218194 98
285 7.035026 98
286 7.181881 98
287 6.921586 98
288 7.675287 98
289 7.367256 98
290 7.174680 98
291 0.132507 98
292 1.978660 98
293 7.438250 98
294 7.522505 98
295 7.267322 98
296 7.374638 98
297 7.321993 98
298 7.156519 98
299 7.257013 98
300 0.063224 101
301 1.834149 101
302 2.202233 101
303 2.714506 101
304 3.857016 101
305 3.314325 101
306 3.044005 101
307 3.291837 101
308 3.701694 101
309 4.073529 101
310 4.439500 101
311 4.985426 101
312 5.373208 101
313 5.568918 101
314 6.098346 101
315 6.040356 101
316 6.601220 101
317 6.774969 101
318 6.713366 101
319 6.363872 101
320 7.101787 101
321 6.683933 101
322 6.930407 101
323 6.887224 101
324 7.074481 101
325 7.159133 101
326 6.921074 101
327 7.048947 101
328 7.114898 101
329 7.037456 101
330 7.471821 101
331 7.172570 101
332 6.902791 101
333 6.651864 101
334 7.346363 101
335 7.188428 101
336 6.597378 101
337 7.147940 101
338 0.135926 101
339 2.134427 101
340 7.163146 101
341 7.348794 101
342 7.117699 101
343 6.694956 101
344 7.446879 101
345 7.426750 101
346 7.322385 101
347 7.077947 101
348 6.994842 101
349 7.332178 101
350 0.054867 108
351 0.941358 108
352 1.984498 108
353 2.629567 108
354 2.726008 108
355 0.099731 108
356 0.090193 108
357 0.074894 108
358 0.067071 108
359 1.139482 108
360 4.083665 108
361 4.500838 108
362 0.078892 108
363 1.814489 108
364 0.084543 108
365 1.526029 108
366 0.083666 108
367 0.081125 108
368 1.694957 108
369 6.830886 108
370 0.102189 108
371 0.099835 108
372 0.104781 108
373 1.803958 108
374 0.107873 108
375 1.763060 108
376 7.325097 108
377 7.079975 108
378 0.113665 108
379 0.112694 108
380 2.116736 108
381 7.117707 108
382 7.094957 108
383 0.123939 108
384 0.124290 108
385 1.906460 108
386 7.520775 108
387 7.614348 108
388 0.141374 108
389 0.142361 108
390 0.170580 108
391 0.174882 108
392 2.295451 108
393 7.260751 108
394 0.202420 108
395 0.210413 108
396 2.298437 108
397 0.269359 108
398 0.290790 108
399 0.311867 108
400 0.208294 101
401 2.262832 101
402 3.306260 101
403 3.348795 101
404 0.141345 101
405 0.131594 101
406 0.120580 101
407 0.107859 101
408 1.187835 101
409 0.097785 101
410 0.000000 101
411 0.000000 101
412 0.000000 101
413 0.000000 101
414 0.000000 101
415 0.000000 101
416 0.000000 101
417 0.000000 101
418 0.000000 101
419 0.000000 101
420 0.000000 101
421 0.000000 101
422 0.000000 101
423 0.000000 101
424 0.000000 101
425 0.000000 101
426 0.000000 101
427 0.000000 101
428 0.000000 101
429 0.000000 101
430 0.000000 101
431 0.000000 101
432 0.000000 101
433 0.000000 101
434 0.000000 101
435 0.000000 101
436 0.000000 101
437 0.000000 101
438 0.000000 101
439 0.000000 101
440 0.000000 101
441 0.000000 101
442 0.000000 101
443 0.000000 101
444 0.000000 101
445 0.000000 101
446 0.000000 101
447 0.000000 101
448 0.000000 101
449 0.000000 101
450 0.000000 105
451 0.000000 105
452 0.000000 105
453 0.000000 105
454 0.000000 105
455 0.000000 105
456 0.000000 105
457 0.000000 105
458 0.000000 105
459 0.033739 105
460 11.796773 105
461 2.148359 105
462 5.558544 105
463 4.428133 105
464 5.186745 105
465 8.143970 105
466 1.526917 105
467 2.390492 105
468 5.163948 105
469 11.375641 105
470 1.784227 105
471 1.531733 105
472 1.360236 105
473 2.211802 105
474 3.348006 105
475 1.503652 105
476 1.458236 105
477 1.506404 105
478 1.692013 105
479 1.587786 105
480 4.349520 105
481 1.804375 105
482 0.003482 105
483 3.562973 105
484 7.671904 105
485 5.613703 105
486 2.922482 105
487 6.166787 105
488 6.633329 105
489 2.469984 105
490 3.985835 105
491 8.537876 105
492 9.000127 105
493 1.640062 105
494 3.813253 105
495 4.011188 105
496 1.525882 105
497 7.321847 105
498 4.596953 105
499 1.512362 105
500 1.090827 114
501 3.919652 114
502 12.436338 114
503 4.964462 114
504 1.092682 114
505 1.617645 114
506 1.508720 114
507 1.574314 114
508 0.348463 114
509 3.110054 114
510 17.280344 114
511 0.879349 114
512 1.568858 114
513 0.000000 114
514 0.941848 114
515 2.363482 114
516 1.182944 114
517 1.099523 114
518 2.643181 114
519 2.311825 114
520 2.025536 114
521 2.284674 114
522 3.048243 114
523 11.099936 114
524 1.626166 114
525 2.289045 114
526 0.000000 114
527 12.669268 114
528 1.238980 114
529 2.361419 114
530 0.885859 114
531 1.746163 114
532 1.559181 114
533 2.290049 114
534 5.137849 114
535 2.602952 114
536 3.850232 114
537 2.014441 114
538 1.079802 114
539 2.652240 114
540 2.697479 114
541 2.183328 114
542 1.931072 114
543 0.321329 114
544 0.572535 114
545 1.784033 114
546 0.000000 114
547 1.282822 114
548 0.789393 114
549 10.623944 114
550 10.198174 100
551 71.355730 100
552 13.178361 100
553 1.617922 100
554 0.983168 100
555 0.926619 100
556 1.077410 100
557 14.652267 100
558 1.083640 100
559 76.611373 100
560 0.885806 100
561 18.147183 100
562 4.548943 100
563 3.026025 100
564 1.361203 100
565 38.260295 100
566 1.577252 100
567 165.140935 100
568 2.686915 100
569 0.406180 100
570 0.931471 100
571 0.569076 100
572 1.234852 100
573 1.308280 100
574 1.222008 100
575 1.227510 100
576 1.177268 100
577 1.687920 100
578 0.977582 100
579 1.768113 100
580 1.531740 100
581 1.421646 100
582 1.409191 100
583 1.361169 100
584 1.495772 100
585 1.443774 100
586 0.623891 100
587 0.642832 100
588 0.634555 100
589 1.609340 100
590 0.957994 100
591 0.519136 100
592 0.000000 100
593 0.341438 100
594 0.862673 100
595 1.026975 100
596 0.999959 100
597 0.986371 100
598 0.336945 100
599 0.849712 100
600 0.408347 110
601 1.031711 110
602 0.956054 110
603 0.281018 110
604 0.799026 110
605 0.988201 110
606 0.920919 110
607 1.026093 110
608 2.873103 110
609 0.465502 110
610 0.886233 110
611 0.286345 110
612 0.843678 110
613 0.916429 110
614 1.052693 110
615 1.042997 110
616 2.543011 110
617 3.690832 110
618 0.300195 110
619 1.331691 110
620 0.829582 110
621 0.330296 110
622 8.338820 110
623 4.375470 110
624 0.000000 110
625 0.832295 110
626 0.149149 110
627 0.178274 110
628 0.172792 110
629 0.184247 110
630 0.540456 110
631 0.417032 110
632 2.995682 110
633 2.974025 110
634 0.708830 110
635 0.914982 110
636 0.598382 110
637 0.573712 110
638 0.542475 110
639 0.712772 110
640 0.445336 110
641 0.645670 110
642 0.453515 110
643 0.477173 110
644 0.310682 110
645 0.823827 110
646 0.523875 110
647 0.649632 110
648 0.562761 110
649 2.044384 110
650 0.220548 105
651 0.631286 105
652 1.705282 105
653 0.537834 105
654 0.312962 105
655 6.172320 105
656 1.186858 105
657 0.493728 105
658 0.485539 105
659 0.123911 105
660 1.018526 105
661 0.375451 105
662 0.987499 105
663 0.591682 105
664 0.621787 105
665 0.461406 105
666 0.406729 105
667 0.730305 105
668 1.702102 105
669 0.621685 105
670 1.292115 105
671 0.655822 105
672 0.496623 105
673 0.690254 105
674 0.464854 105
675 0.393858 105
676 0.000000 105
677 0.646886 105
678 2.723739 105
679 0.000000 105
680 0.397966 105
681 5.207399 105
682 1.795754 105
683 0.012411 105
684 0.608852 105
685 0.415727 105
686 0.351099 105
687 0.328702 105
688 0.544032 105
689 1.230150 105
690 0.747410 105
691 0.336010 105
692 0.279108 105
693 0.617201 105
694 0.568310 105
695 0.433249 105
696 0.537038 105
697 183.227489 105
698 0.295272 105
699 0.623143 105
700 0.613675 94
701 1.782527 94
702 0.278039 94
703 1.152901 94
704 0.653746 94
705 0.350493 94
706 0.348384 94
707 0.400165 94
708 0.402874 94
709 0.611921 94
710 0.605130 94
711 0.427772 94
712 0.711015 94
713 0.592084 94
714 12.835215 94
715 5.027603 94
716 12.185987 94
717 7.315479 94
718 0.751175 94
719 0.960085 94
720 0.343828 94
721 0.353837 94
722 0.657313 94
723 0.609185 94
724 0.570765 94
725 0.280291 94
726 0.000000 94
727 0.000000 94
728 0.000000 94
729 0.000000 94
730 0.000000 94
731 0.000000 94
732 0.000000 94
733 0.000000 94
734 0.000000 94
735 0.000000 94
736 2.750789 94
737 0.631930 94
738 42.799747 94
739 77.817279 94
740 77.447463 94
741 0.947199 94
742 1.948054 94
743 2.101876 94
744 1.690140 94
745 3.233982 94
746 1.110166 94
747 2.550608 94
748 3.048374 94
749 1.773263 94
750 7.997843 96
751 1.645312 96
752 1.065464 96
753 2.928621 96
754 1.366757 96
755 18.123173 96
756 9.476090 96
757 70.011742 96
758 1.090551 96
759 8.805434 96
760 1.164380 96
761 16.243878 96
762 0.547708 96
763 3.782654 96
764 4.890803 96
765 1.397463 96
766 0.805317 96
767 3.655858 96
768 1.407050 96
769 0.788959 96
770 4.973621 96
771 0.591213 96
772 0.448434 96
773 0.307202 96
774 0.796913 96
775 2.108110 96
776 0.000000 96
777 1.624944 96
778 0.837565 96
779 0.926650 96
780 1.731979 96
781 2.783246 96
782 5.644565 96
783 1.105438 96
784 1.880967 96
785 1.323923 96
786 3.264270 96
787 1.305458 96
788 2.916988 96
789 0.606601 96
790 0.785145 96
791 51.488180 96
792 2.084227 96
793 1.148055 96
794 1.048984 96
795 1.056479 96
796 1.077276 96
797 0.775843 96
798 0.812793 96
799 1.027869 96
800 36.110693 107
801 3.287188 107
802 1.237358 107
803 29.065187 107
804 3.113040 107
805 1.030394 107
806 19.321956 107
807 1.289432 107
808 1.412239 107
809 5.111245 107
810 7.303741 107
811 1.530893 107
812 1.399663 107
813 4.074276 107
814 2.258559 107
815 0.788585 107
816 8.653097 107
817 3.263928 107
818 2.490727 107
819 2.030607 107
820 1.551613 107
821 1.185723 107
822 1.557513 107
823 1.399282 107
824 0.056815 107
825 5.941047 107
826 1.190586 107
827 3.761295 107
828 1.854369 107
829 7.172677 107
830 18.803754 107
831 11.297428 107
832 68.345448 107
833 1.436232 107
834 1.678936 107
835 1.102893 107
836 1.200552 107
837 1.041561 107
838 1.555880 107
839 7.453365 107
840 17.898982 107
841 0.247791 107
842 3.274409 107
843 2.202747 107
844 1.570911 107
845 2.240199 107
846 174.099228 107
847 1.993266 107
848 2.445887 107
849 1.391991 107
850 29.742317 105
851 0.871266 105
852 2.165393 105
853 1.893001 105
854 1.910481 105
855 4.640263 105
856 3.985805 105
857 1.770311 105
858 4.458715 105
859 3.848031 105
860 2.605298 105
861 2.778319 105
862 1.586731 105
863 1.517321 105
864 1.024611 105
865 1.570416 105
866 0.000000 105
867 0.095771 105
868 0.000000 105
869 0.000000 105
870 0.067027 105
871 0.000000 105
872 0.039515 105
873 0.000000 105
874 0.000000 105
875 0.000000 105
876 0.000000 105
877 0.000000 105
878 0.000000 105
879 0.000000 105
880 0.000000 105
881 0.000000 105
882 0.000000 105
883 0.000000 105
884 0.000000 105
885 0.000000 105
886 0.000000 105
887 0.000000 105
888 0.000000 105
889 0.000000 105
890 0.000000 105
891 0.000000 105
892 0.212270 105
893 0.003883 105
894 0.206354 105
895 1.551335 105
896 5.056131 105
897 5.087697 105
898 2.515643 105
899 5.535722 105
900 1.251884 100
901 0.540813 100
902 9.601830 100
903 20.267013 100
904 19.978787 100
905 6.305971 100
906 3.108144 100
907 3.086385 100
908 7.440062 100
909 3.590762 100
910 3.081268 100
911 6.755816 100
912 3.038696 100
913 3.653980 100
914 1.224862 100
915 3.218333 100
916 2.010687 100
917 0.000000 100
918 0.000000 100
919 0.000000 100
920 0.000000 100
921 0.000000 100
922 0.000000 100
923 0.000000 100
924 0.000000 100
925 0.000000 100
926 0.000000 100
927 0.000000 100
928 0.000000 100
929 0.000000 100
930 0.000000 100
931 3.309788 100
932 2.239987 100
933 1.927960 100
934 4.526620 100
935 5.139466 100
936 8.796730 100
937 3.634722 100
938 3.822359 100
939 1.294662 100
940 4.464995 100
941 4.531751 100
942 4.233440 100
943 4.709340 100
944 0.399312 100
945 1.418345 100
946 2.253835 100
947 2.880566 100
948 2.167920 100
949 5.026328 100
950 2.152615 102
951 40.421860 102
952 1.648254 102
953 2.169691 102
954 1.788795 102
955 2.481071 102
956 1.503373 102
957 3.120095 102
958 4.224002 102
959 4.502751 102
960 1.419924 102
961 4.486396 102
962 3.276175 102
963 4.332821 102
964 1.444789 102
965 2.800104 102
966 3.403472 102
967 22.640286 102
968 34.464372 102
969 36.357439 102
970 36.562024 102
971 34.658136 102
972 1.903761 102
973 1.863207 102
974 2.267037 102
975 4.471351 102
976 1.377630 102
977 1.067951 102
978 2.376269 102
979 1.093296 102
980 1.226501 102
981 1.017419 102
982 0.131045 102
983 1.764537 102
984 2.055614 102
985 6.808021 102
986 1.353709 102
987 4.007441 102
988 1.704221 102
989 0.083881 102
990 1.829491 102
991 1.431114 102
992 1.703916 102
993 2.085292 102
994 0.791630 102
995 0.777537 102
996 1.576202 102
997 2.783994 102
998 3.507375 102
999 0.624143 102
1000 1.253943 80
1001 1.679668 80
1002 0.873542 80
1003 2.289819 80
1004 1.002772 80
1005 1.135908 80
1006 4.142684 80
1007 1.666731 80
1008 0.900374 80
1009 1.487242 80
1010 1.388585 80
1011 1.072313 80
1012 5.169921 80
1013 15.744740 80
1014 2.052247 80
1015 1.265321 80
1016 4.540326 80
1017 6.637645 80
1018 5.804020 80
1019 6.002391 80
1020 6.060325 80
1021 6.092372 80
1022 6.129113 80
1023 5.680002 80
1024 6.082232 80
1025 5.958861 80
1026 6.590261 80
1027 5.084897 80
1028 6.469745 80
1029 6.084815 80
1030 5.834035 80
1031 6.240231 80
1032 1.612192 80
1033 3.137955 80
1034 3.386086 80
1035 1.699282 80
1036 4.323731 80
1037 1.650409 80
1038 4.417915 80
1039 2.784221 80
1040 1.660221 80
1041 4.298883 80
1042 2.322627 80
1043 1.209598 80
1044 4.154006 80
1045 5.159340 80
1046 1.188321 80
1047 2.490363 80
1048 2.544286 80
1049 11.707860 80
1050 11.060143 102
1051 11.232455 102
1052 16.557855 102
1053 1.959052 102
1054 4.434741 102
1055 2.049879 102
1056 5.371915 102
1057 6.079125 102
1058 2.221744 102
1059 5.856328 102
1060 6.249538 102
1061 24.004411 102
1062 92.350753 102
1063 121.064957 102
1064 163.742032 102
1065 57.717248 102
1066 201.653507 102
1067 38.349556 102
1068 126.073737 102
1069 80.023237 102
1070 75.466615 102
1071 178.647094 102
1072 91.613798 102
1073 144.479295 102
1074 42.515068 102
1075 78.186905 102
1076 126.829201 102
1077 97.788204 102
1078 169.847334 102
1079 239.305022 102
1080 61.570670 102
1081 75.056186 102
1082 165.296538 102
1083 147.976110 102
1084 145.923918 102
1085 42.950050 102
1086 91.009663 102
1087 0.067951 102
1088 0.089846 102
1089 0.071287 102
1090 0.051885 102
1091 0.070852 102
1092 0.042612 102
1093 0.034911 102
1094 2.347505 102
1095 1.434676 102
1096 3.037214 102
1097 4.344344 102
1098 4.414321 102
1099 6.590225 102
1100 2.284584 115
1101 1.594157 115
1102 260.532429 115
1103 0.859163 115
1104 1.075218 115
1105 0.927221 115
1106 0.900742 115
1107 1.017418 115
1108 1.770934 115
1109 5.343711 115
1110 7.438540 115
1111 5.171127 115
1112 0.061635 115
1113 22.282390 115
1114 1.151433 115
1115 1.106173 115
1116 1.203955 115
1117 2.351082 115
1118 1.998319 115
1119 1.584958 115
1120 3.046188 115
1121 2.845998 115
1122 0.374620 115
1123 1.095539 115
1124 0.957843 115
1125 0.441432 115
1126 2.559319 115
1127 5.809764 115
1128 5.808442 115
1129 2.161903 115
1130 1.984009 115
1131 2.777877 115
1132 0.000000 115
1133 0.000000 115
1134 3.337691 115
1135 9.896669 115
1136 65.358244 115
1137 2.255990 115
1138 6.517977 115
1139 0.319926 115
1140 1.026517 115
1141 0.824825 115
1142 0.000000 115
1143 0.549442 115
1144 0.867544 115
1145 5.621286 115
1146 10.104797 115
1147 69.427520 115
1148 7.875253 115
1149 3.157361 115
1150 2.143044 105
1151 4.912448 105
1152 4.536248 102
1153 1.892861 105
1154 2.953103 105
1155 2.253585 105
1156 0.000000 105
1157 0.000000 105
1158 1.488551 105
1159 3.236861 105
1160 28.347350 105
1161 58.795275 105
1162 8.162523 105
1163 29.527285 105
1164 7.741833 105
1165 4.564899 105
1166 6.730916 105
1167 1.836185 105
1168 2.011870 105
1169 7.116266 105
1170 0.483948 105
1171 1.261814 105
1172 0.613749 105
1173 0.996617 105
1174 0.562484 105
1175 0.965741 105
1176 0.533407 105
1177 1.219784 105
1178 0.587142 105
1179 0.948672 105
1180 0.609954 105
1181 0.924809 105
1182 2.167690 105
1183 1.489961 105
1184 6.753402 105
1185 17.200838 105
1186 1.121777 105
1187 2.191067 105
1188 0.000000 105
1189 0.000000 105
1190 7.118999 105
1191 8.725924 105
1192 40.883463 105
1193 2.006879 105
1194 4.006489 105
1195 3.128864 105
1196 7.266136 105
1197 3.891962 105
1198 2.924000 105
1199 4.064609 105
1200 16.182847 106
1201 41.907183 106
1202 1.361660 106
1203 5.896009 106
1204 0.000000 106
1205 2.876679 106
1206 11.475502 106
1207 5.560040 106
1208 1.940989 106
1209 3.032162 106
1210 0.214596 106
1211 32.963847 106
1212 25.333430 106
1213 0.160577 106
1214 5.276930 106
1215 0.000000 106
1216 1.745997 106
1217 1.417143 106
1218 4.083278 106
1219 1.592862 106
1220 1.104213 106
1221 2.471156 106
1222 1.622496 106
1223 8.256356 106
1224 9.616472 106
1225 0.308801 106
1226 1.558880 106
1227 12.814830 106
1228 2.249351 106
1229 2.554818 106
1230 38.908363 106
1231 1.554551 106
1232 4.494702 106
1233 2.166268 106
1234 5.282936 106
1235 36.585340 105
1236 0.569332 106
1237 1.087786 106
1238 3.244158 106
1239 1.470315 106
1240 2.763230 106
1241 6.423871 106
1242 1.388394 106
1243 0.063478 106
1244 2.715438 106
1245 5.977879 106
1246 45.863840 106
1247 1.187536 106
1248 0.245605 106
1249 0.703616 106
1250 23.518809 105
1251 1.231038 105
1252 4.587301 105
1253 4.570372 105
1254 17.513650 105
1255 4.275660 105
1256 1.349506 105
1257 7.212190 105
1258 2.715582 105
1259 0.476072 105
1260 2.641957 105
1261 1.165274 105
1262 4.794014 105
1263 6.779182 105
1264 0.811714 105
1265 0.762081 105
1266 2.123459 105
1267 1.674026 105
1268 15.460345 105
1269 1.892078 105
1270 3.023548 105
1271 6.215897 105
1272 6.148383 105
1273 6.650495 105
1274 6.092442 105
1275 6.434195 105
1276 6.962081 105
1277 4.636615 105
1278 2.330860 105
1279 0.649147 105
1280 0.681812 105
1281 0.342633 105
1282 0.000000 105
1283 0.635275 105
1284 0.718172 105
1285 7.610168 105
1286 4.892906 105
1287 17.169982 105
1288 2.163314 105
1289 4.455898 105
1290 0.160841 105
1291 18.481663 105
1292 17.936829 105
1293 1.787202 105
1294 2.180506 105
1295 17.157646 105
1296 2.139038 105
1297 1.929716 105
1298 435.410157 105
1299 0.000000 105
1300 0.559758 107
1301 1.144178 107
1302 1.090795 107
1303 0.623221 107
1304 1.455484 107
1305 0.496550 107
1306 2.551951 107
1307 0.767325 107
1308 1.761830 107
1309 1.798721 107
1310 1.003132 107
1311 2.462268 107
1312 2.530460 107
1313 1.905453 107
1314 7.786760 107
1315 1.132115 107
1316 2.316815 107
1317 1.263251 107
1318 1.051753 107
1319 2.512713 107
1320 1.126370 107
1321 3.148337 107
1322 0.046217 107
1323 1.132888 107
1324 1.489980 107
1325 1.131974 107
1326 1.403002 107
1327 0.175002 107
1328 2.128342 107
1329 0.113179 107
1330 31.141375 107
1331 2.505179 107
1332 2.202067 107
1333 0.948152 107
1334 2.476254 107
1335 3.880591 107
1336 3.851780 107
1337 4.561648 107
1338 4.568838 107
1339 4.300240 107
1340 4.379655 107
1341 4.693906 107
1342 4.789494 107
1343 4.796896 107
1344 4.773448 107
1345 4.964141 107
1346 5.212328 107
1347 4.847857 107
1348 5.255181 107
1349 5.095119 107
1350 2.204149 99
1351 3.038040 99
1352 2.603445 99
1353 3.032253 99
1354 2.979004 99
1355 2.978808 99
1356 2.659725 99
1357 3.060602 99
1358 3.023354 99
1359 2.640408 99
1360 3.067658 99
1361 3.036733 99
1362 3.044549 99
1363 2.708741 99
1364 4.713753 99
1365 3.053291 99
1366 3.198371 99
1367 3.038063 99
1368 3.241019 99
1369 2.994949 99
1370 3.162768 99
1371 3.092730 99
1372 3.189564 99
1373 3.498552 99
1374 3.356987 99
1375 3.406116 99
1376 3.211182 99
1377 3.504553 99
1378 3.035379 99
1379 3.420041 99
1380 3.127963 99
1381 3.734850 99
1382 2.873071 99
1383 3.402626 99
1384 4.077006 99
1385 3.564676 99
1386 19.332285 99
1387 93.996276 99
1388 48.680861 99
1389 45.999065 99
1390 53.560100 99
1391 94.716234 99
1392 109.585319 99
1393 232.786692 99
1394 91.962500 99
1395 109.093495 99
1396 26.761264 99
1397 59.640877 99
1398 48.556565 99
1399 100.102200 99
1400 16.142312 93
1401 73.242748 93
1402 41.634222 93
1403 54.806076 93
1404 59.075581 93
1405 100.212170 93
1406 49.244346 93
1407 200.761660 93
1408 45.214687 93
1409 63.126869 93
1410 90.046382 93
1411 95.878919 93
1412 50.713686 93
1413 113.795802 93
1414 112.376953 93
1415 46.722972 93
1416 105.809358 93
1417 15.875674 93
1418 79.935020 93
1419 87.708239 93
1420 126.494191 93
1421 49.625750 93
1422 51.980840 93
1423 26.325210 93
1424 217.479627 93
1425 92.845727 93
1426 46.856874 93
1427 92.761197 93
1428 60.293219 93
1429 103.880676 93
1430 63.734667 93
1431 50.237446 93
1432 118.526755 93
1433 1.191847 93
1434 3.143187 93
1435 0.000000 93
1436 0.000398 93
1437 0.000000 93
1438 0.000000 93
1439 0.000000 93
1440 0.197890 93
1441 4.193325 93
1442 3.193410 93
1443 0.163769 93
1444 1.319698 93
1445 2.425618 93
1446 21.278719 93
1447 1.475585 93
1448 1.436812 93
1449 2.721098 93
1450 1.728167 89
1451 2.863967 89
1452 3.225060 89
1453 2.997562 89
1454 0.004156 89
1455 1.358154 89
1456 0.000000 89
1457 1.978189 89
1458 2.397009 89
1459 2.038836 89
1460 2.191876 89
1461 3.674722 89
1462 1.644786 89
1463 3.990065 89
1464 2.231022 89
1465 0.823876 89
1466 2.421557 89
1467 2.382798 89
1468 1.884822 89
1469 2.250385 89
1470 1.672641 89
1471 1.998255 89
1472 4.674062 89
1473 7.274875 89
1474 2.670723 89
1475 4.471044 89
1476 1.896462 89
1477 3.688871 89
1478 1.236575 89
1479 2.287000 89
1480 1.597112 89
1481 1.461631 89
1482 4.747465 89
1483 1.398516 89
1484 1.678114 89
1485 0.774357 89
1486 5.197711 89
1487 2.362922 89
1488 0.849749 89
1489 2.438276 89
1490 1.342581 89
1491 2.227608 89
1492 3.786519 89
1493 1.352868 89
1494 2.354779 89
1495 25.924324 89
1496 1.903455 89
1497 1.175004 89
1498 1.403995 89
1499 0.921630 89
1500 0.755552 101
1501 1.221739 101
1502 5.365906 101
1503 1.550081 101
1504 1.417857 101
1505 1.388845 101
1506 1.455366 101
1507 1.548665 101
1508 1.423642 101
1509 1.235817 101
1510 1.562983 101
1511 0.912660 101
1512 0.932835 101
1513 0.895769 101
1514 1.503634 101
1515 1.098930 101
1516 2.157869 101
1517 0.481824 101
1518 0.535041 101
1519 12.287088 101
1520 59.564128 101
1521 0.367814 101
1522 1.060060 101
1523 0.636157 101
1524 2.496189 101
1525 1.240097 101
1526 3.261317 101
1527 2.892794 101
1528 0.000000 101
1529 0.000000 101
1530 0.000000 101
1531 0.000000 101
1532 1.030882 101
1533 2.500417 101
1534 2.768968 101
1535 2.465131 101
1536 128.838998 101
1537 1.048695 101
1538 1.040438 101
1539 0.896761 101
1540 1.002998 101
1541 1.035184 101
1542 1.025946 101
1543 1.008724 101
1544 1.005194 101
1545 1.248567 101
1546 1.528734 101
1547 0.000000 101
1548 1.103819 101
1549 2.500752 101
1550 1.521567 116
1551 0.914072 117
1552 0.619202 117
1553 1.983701 117
1554 6.456015 117
1555 0.610334 117
1556 3.259326 117
1557 0.599286 117
1558 1.665537 117
1559 1.534041 117
1560 1.276927 117
1561 1.579047 117
1562 1.353748 117
1563 0.531678 117
1564 1.255798 117
1565 2.713501 117
1566 2.443691 117
1567 3.056804 117
1568 0.651144 117
1569 0.767353 117
1570 0.051584 117
1571 1.750412 117
1572 1.384779 117
1573 1.368107 117
1574 1.299400 117
1575 0.189108 117
1576 9.762516 117
1577 0.979477 117
1578 1.009412 117
1579 1.201880 117
1580 1.823471 117
1581 3.114663 117
1582 2.986199 117
1583 3.073319 117
1584 8.825304 117
1585 11.217943 117
1586 0.493707 117
1587 0.468717 117
1588 0.050882 117
1589 0.508674 117
1590 0.663896 117
1591 0.507008 117
1592 0.572451 117
1593 0.940678 117
1594 0.411300 117
1595 0.000595 117
1596 0.062737 117
1597 0.084787 117
1598 2.879251 117
1599 5.893583 117
1600 2.010141 110
1601 1.970758 110
1602 4.275927 110
1603 3.822945 110
1604 4.287569 110
1605 1.418853 110
1606 4.155473 110
1607 4.101066 110
1608 0.995302 110
1609 2.683633 110
1610 2.762559 110
1611 1.535155 110
1612 4.412074 110
1613 1.627901 110
1614 4.545908 110
1615 1.921188 110
1616 4.269014 110
1617 4.651011 110
1618 4.231296 110
1619 5.168158 110
1620 0.977212 110
1621 11.236500 110
1622 1.740269 110
1623 1.450528 110
1624 1.805351 110
1625 3.160636 110
1626 1.956531 110
1627 2.929081 110
1628 1.633997 110
1629 2.750248 110
1630 27.717866 110
1631 89.729310 110
1632 2.465822 110
1633 1.245769 110
1634 34.810931 110
1635 1.388638 110
1636 0.000000 110
1637 0.000000 110
1638 0.000000 110
1639 4.294270 110
1640 1.350807 110
1641 1.473290 110
1642 1.951694 110
1643 4.757371 110
1644 2.498400 110
1645 5.856595 110
1646 1.125134 110
1647 2.621619 110
1648 0.493614 110
1649 1.178701 110
1650 1.856562 94
1651 2.733483 94
1652 2.273495 94
1653 1.331675 94
1654 63.946456 94
1655 14.177412 94
1656 1.827244 94
1657 1.976883 94
1658 1.565048 94
1659 1.010283 94
1660 1.665041 94
1661 2.738447 94
1662 2.206102 94
1663 2.262080 94
1664 0.223106 94
1665 1.537418 94
1666 1.631958 94
1667 0.639971 94
1668 1.299339 94
1669 1.544119 94
1670 0.565901 94
1671 1.510048 94
1672 0.028223 94
1673 0.017396 94
1674 0.007177 94
1675 0.010978 94
1676 0.010545 94
1677 0.010523 94
1678 0.017804 94
1679 0.166482 94
1680 0.017687 94
1681 0.356580 94
1682 1.820730 94
1683 4.119366 94
1684 4.258760 94
1685 0.503098 94
1686 0.694414 94
1687 3.479993 94
1688 1.740444 94
1689 0.913346 94
1690 107.265010 94
1691 1.996202 94
1692 100.325659 94
1693 0.554257 94
1694 1.754539 94
1695 4.085461 94
1696 1.812179 94
1697 4.030777 94
1698 1.378987 94
1699 3.685645 94
1700 1.158504 94
1701 2.602297 94
1702 2.491727 94
1703 0.285334 94
1704 0.302927 94
1705 2.125093 94
1706 5.308459 93
1707 5.282781 94
1708 4.448620 94
1709 4.288734 94
1710 10.113382 94
1711 34.983787 94
1712 33.266246 94
1713 32.259156 94
1714 0.941971 94
1715 0.000000 94
1716 0.760365 94
1717 1.964622 94
1718 10.018947 94
1719 1.293847 94
1720 0.846643 94
1721 0.932604 94
1722 1.188987 94
1723 4.007459 94
1724 1.203453 94
1725 0.873691 94
1726 48.720705 94
1727 10.175834 94
1728 17.603055 94
1729 0.659132 94
1730 0.883724 94
1731 1.509637 94
1732 3.593134 94
1733 29.463628 94
1734 1.362417 94
1735 1.284844 94
1736 1.395852 94
1737 2.190390 94
1738 1.426913 94
1739 0.169460 94
1740 1.103720 94
1741 1.031060 94
1742 155.176814 94
1743 3.727252 94
1744 2.302795 94
1745 1.454735 94
1746 1.145745 94
1747 29.909130 94
1748 0.259470 94
1749 7.526572 94
1750 3.265889 119
1751 2.159321 119
1752 0.717719 119
1753 1.389597 119
1754 3.259185 119
1755 3.549424 119
1756 17.957412 119
1757 1.188215 119
1758 0.889576 119
1759 33.044613 119
1760 2.227519 119
1761 2.137746 119
1762 2.046679 119
1763 2.541205 119
1764 1.671626 119
1765 2.047004 119
1766 1.689467 119
1767 2.285566 119
1768 2.986459 119
1769 0.000000 119
1770 0.000000 119
1771 0.504186 119
1772 1.396598 119
1773 4.380744 119
1774 1.503791 119
1775 4.031894 119
1776 0.045014 119
1777 0.064904 119
1778 0.058321 119
1779 2.055623 119
1780 1.351559 119
1781 6.014912 119
1782 6.615644 119
1783 19.754817 119
1784 13.119708 119
1785 0.958238 119
1786 1.188641 119
1787 0.000000 119
1788 1.227096 119
1789 1.433525 119
1790 2.497534 119
1791 0.079388 119
1792 1.648169 119
1793 3.476121 119
1794 3.703852 119
1795 0.998774 119
1796 0.743680 119
1797 1.794006 119
1798 0.627291 119
1799 0.884790 119
1800 0.533555 114
1801 2.617056 114
1802 0.344833 114
1803 0.742331 114
1804 1.663758 114
1805 0.684130 114
1806 0.742939 114
1807 0.000000 114
1808 1.630927 114
1809 2.051270 114
1810 0.537696 114
1811 0.048612 114
1812 0.541092 114
1813 2.208281 114
1814 2.986276 114
1815 3.175711 114
1816 13.405113 114
1817 1.163375 114
1818 1.117156 114
1819 1.477942 114
1820 1.230237 114
1821 148.462840 114
1822 190.407034 114
1823 2.111804 114
1824 2.444556 114
1825 0.903162 114
1826 1.018711 114
1827 4.628310 114
1828 4.916198 114
1829 5.096697 114
1830 1.176998 114
1831 25.345718 114
1832 95.766495 114
1833 1.337600 114
1834 14.328500 114
1835 1.283282 114
1836 13.820460 114
1837 1.136948 114
1838 0.637103 114
1839 2.039984 114
1840 0.857238 114
1841 7.395837 114
1842 15.041856 114
1843 7.187081 114
1844 2.119961 114
1845 1.273050 114
1846 1.364327 114
1847 0.063460 114
1848 0.066503 114
1849 0.892162 114
1850 0.982121 105
1851 9.802036 105
1852 0.002057 105
1853 0.732578 105
1854 1.672713 105
1855 1.847574 105
1856 0.527385 105
1857 0.632105 105
1858 1.744408 105
1859 1.850745 105
1860 1.272808 105
1861 1.094589 105
1862 156.929977 105
1863 0.465202 105
1864 1.325524 105
1865 1.430792 105
1866 0.634667 105
1867 1.308753 105
1868 0.489669 105
1869 0.444096 105
1870 0.750286 105
1871 1.267420 105
1872 0.027511 105
1873 0.015427 105
1874 0.011624 105
1875 0.746621 105
1876 0.805980 105
1877 1.654438 105
1878 15.845537 105
1879 3.497048 105
1880 4.989580 105
1881 3.303739 105
1882 43.156289 105
1883 3.265077 105
1884 19.863893 105
1885 3.719460 105
1886 3.863052 105
1887 77.082949 105
1888 8.112062 105
1889 18.510226 105
1890 4.843763 105
1891 1.726725 105
1892 1.760127 105
1893 1.437132 105
1894 0.632123 105
1895 1.274854 105
1896 1.222024 105
1897 0.787066 105
1898 0.912747 105
1899 1.813074 105
1900 0.763199 107
1901 5.960643 107
1902 0.557060 107
1903 0.348999 107
1904 0.416699 107
1905 0.000000 107
1906 0.000000 107
1907 0.000000 107
1908 0.000000 107
1909 0.000000 107
1910 0.000000 107
1911 0.000000 107
1912 2.954643 107
1913 5.877944 107
1914 5.991453 106
1915 5.703482 107
1916 5.872705 107
1917 5.841522 107
1918 5.773590 107
1919 5.924074 107
1920 5.702947 107
1921 5.904583 107
1922 5.634915 107
1923 5.855577 107
1924 5.199972 107
1925 5.594236 107
1926 5.569374 107
1927 6.003384 107
1928 5.737793 107
1929 5.944641 107
1930 5.848601 107
1931 5.516920 107
1932 5.918569 107
1933 5.650417 107
1934 5.838291 107
1935 5.738502 107
1936 1.224646 107
1937 3.564208 107
1938 2.819707 107
1939 1.575724 107
1940 3.462519 107
1941 3.215698 107
1942 0.108824 107
1943 1.052789 107
1944 2.254059 107
1945 1.427135 107
1946 2.264980 107
1947 2.780288 107
1948 6.245367 105
1949 0.113606 107
1950 2.169272 101
1951 0.576365 101
1952 1.107851 101
1953 1.855583 101
1954 1.469105 101
1955 4.088503 101
1956 1.216111 101
1957 13.044351 101
1958 1.228999 101
1959 2.462521 101
1960 4.529902 101
1961 1.289146 101
1962 0.000000 101
1963 0.000000 101
1964 0.696355 101
1965 25.926356 101
1966 1.371321 101
1967 0.675271 101
1968 1.956816 101
1969 1.535982 101
1970 0.651769 101
1971 0.000000 101
1972 0.715033 101
1973 1.238472 101
1974 1.159637 101
1975 1.214008 101
1976 1.831949 101
1977 2.154313 101
1978 2.029803 101
1979 0.590785 101
1980 22.096020 101
1981 1.684480 101
1982 3.842343 101
1983 3.579441 101
1984 3.702776 101
1985 11.287746 101
1986 11.799104 101
1987 11.420747 101
1988 1.559802 101
1989 3.900319 101
1990 1.302338 101
1991 3.423384 101
1992 1.850066 101
1993 3.307174 101
1994 1.537813 101
1995 3.518292 101
1996 3.774135 101
1997 104.427389 101
1998 119.847668 101
1999 121.572312 101
2000 74.636477 114
2001 79.300098 114
2002 80.557445 114
2003 86.476957 114
2004 4.126061 114
2005 3.872184 114
2006 4.829542 114
2007 1.169495 114
2008 1.682820 114
2009 1.655638 114
2010 57.142262 114
2011 1.008360 114
2012 2.399430 114
2013 15.939185 114
2014 0.000000 114
2015 1.997529 114
2016 1.084064 114
2017 1.057767 114
2018 1.240067 114
2019 0.240958 114
2020 1.383210 114
2021 1.140763 114
2022 1.791365 114
2023 1.255220 114
2024 9.609013 114
2025 5.309675 114
2026 1.392736 114
2027 1.216000 114
2028 1.249787 114
2029 0.000000 114
2030 1.507541 114
2031 1.255706 114
2032 1.806515 114
2033 2.206001 114
2034 14.961368 114
2035 2.187182 114
2036 1.226281 114
2037 244.949582 114
2038 1.743739 114
2039 1.888629 114
2040 1.152025 114
2041 1.194519 114
2042 1.221445 114
2043 7.661374 114
2044 10.329356 114
2045 2.394043 114
2046 5.237921 114
2047 5.186589 114
2048 4.813436 114
2049 3.112763 114
2050 0.003259 114
2051 0.026529 114
2052 0.095638 114
2053 1.555455 114
2054 3.260439 114
2055 3.297606 114
2056 2.982909 114
2057 80.778828 114
2058 9.006448 114
2059 8.012406 114
2060 8.325758 114
2061 8.587058 114
2062 4.133018 114
2063 1.728936 114
2064 0.253057 114
2065 2.712756 114
2066 2.991782 114
2067 0.363249 114
2068 4.081427 114
2069 1.197191 114
2070 34.059628 114
2071 34.179592 114
2072 18.650108 114
2073 1.559731 114
2074 4.179590 114
2075 34.041309 114
2076 1.676736 114
2077 3.455601 114
2078 0.579261 114
2079 1.441613 114
2080 13.862474 114
2081 1.271248 114
2082 1.640627 114
2083 0.250038 114
2084 0.545981 114
2085 0.546909 114
2086 0.567840 114
2087 0.567057 114
2088 0.540971 114
2089 0.971773 114
2090 1.523797 114
2091 0.981727 114
2092 0.237950 114
2093 0.452812 114
2094 0.415854 114
2095 0.489092 114
2096 0.051235 114
2097 0.350350 114
2098 0.581483 114
2099 1.497397 114
2100 0.594162 105
2101 0.909582 105
2102 0.003726 105
2103 26.742981 105
2104 26.097991 105
2105 1.043889 105
2106 0.531093 105
2107 0.268257 105
2108 0.866784 105
2109 1.404047 105
2110 2.962234 105
2111 0.801582 105
2112 1.105445 105
2113 12.820482 105
2114 61.420244 105
2115 111.363290 105
2116 101.766879 105
2117 22.980486 105
2118 50.316706 105
2119 51.803088 105
2120 41.808132 105
2121 44.080548 105
2122 89.363129 105
2123 40.516144 105
2124 241.995305 105
2125 2.065514 105
2126 19.355391 105
2127 18.799824 105
2128 1.481771 105
2129 1.592193 105
2130 1.615601 105
2131 1.269793 105
2132 2.021578 105
2133 1.237924 105
2134 1.817390 105
2135 2.123891 105
2136 0.000000 105
2137 0.000000 105
2138 1.239185 105
2139 0.777273 105
2140 0.927302 105
2141 4.525717 105
2142 0.022383 105
2143 1.853209 105
2144 9.090657 105
2145 20.669127 105
2146 74.017802 105
2147 16.947142 105
2148 2.331870 105
2149 1.131547 105
2150 15.372218 98
2151 0.000000 98
2152 0.679370 98
2153 1.391138 98
2154 1.379463 98
2155 1.673256 98
2156 6.706220 98
2157 16.772956 98
2158 6.368176 98
2159 5.514724 98
2160 0.004354 98
2161 0.000000 98
2162 0.000000 98
2163 0.000000 98
2164 0.000000 98
2165 0.000000 98
2166 0.000000 98
2167 0.000000 98
2168 0.000000 98
2169 0.000000 98
2170 0.000000 98
2171 0.000000 98
2172 0.000000 98
2173 0.000000 98
2174 0.000000 98
2175 0.000000 98
2176 0.000000 98
2177 0.000000 98
2178 0.000000 98
2179 0.000000 98
2180 0.000000 98
2181 0.000000 98
2182 0.000000 98
2183 0.000000 98
2184 0.000000 98
2185 0.000000 98
2186 0.000000 98
2187 0.000000 98
2188 0.000000 98
2189 0.000000 98
2190 0.000000 98
2191 0.000000 98
2192 0.000000 98
2193 0.000000 98
2194 0.000000 98
2195 0.000000 98
2196 0.000000 98
2197 0.000000 98
2198 0.000000 98
2199 0.000000 98
2200 0.000000 97
2201 0.000000 97
2202 0.000000 97
2203 0.000000 97
2204 0.000000 97
2205 0.000000 97
2206 0.000000 97
2207 0.000000 97
2208 0.000000 97
2209 0.000000 97
2210 0.000000 97
2211 0.000000 97
2212 0.000000 97
2213 0.000000 97
2214 0.000000 97
2215 0.000000 97
2216 0.000000 97
2217 0.000000 97
2218 0.000000 97
2219 0.000000 97
2220 0.000000 97
2221 0.000000 97
2222 0.000000 97
2223 0.000000 97
2224 0.000000 97
2225 0.000000 97
2226 0.000000 97
2227 0.000000 97
2228 0.000000 97
2229 0.000000 97
2230 0.000000 97
2231 0.000000 97
2232 0.000000 97
2233 0.000000 97
2234 0.000000 97
2235 0.000000 97
2236 0.000000 97
2237 0.000000 97
2238 0.000000 97
2239 0.000000 97
2240 0.000000 97
2241 0.000000 97
2242 0.000000 97
2243 0.000000 97
2244 0.000000 97
2245 0.000000 97
2246 0.000000 97
2247 0.000000 97
2248 0.000000 97
2249 0.000000 97
2250 0.000000 96
2251 0.000000 96
2252 0.000000 96
2253 0.000000 96
2254 0.000000 96
2255 0.000000 96
2256 0.000000 96
2257 0.000000 96
2258 0.000000 96
2259 0.000000 96
2260 0.000000 96
2261 0.000000 96
2262 0.000000 96
2263 0.000000 96
2264 0.000000 96
2265 0.000000 96
2266 0.000000 96
2267 0.000000 96
2268 0.000000 96
2269 0.000000 96
2270 0.000000 96
2271 0.000000 96
2272 0.000000 96
2273 0.000000 96
2274 0.000000 96
2275 0.000000 96
2276 0.000000 96
2277 0.000000 96
2278 0.000000 96
2279 0.000000 96
2280 0.000000 96
2281 0.000000 96
2282 0.000000 96
2283 0.000000 96
2284 0.000000 96
2285 0.000000 96
2286 0.000000 96
2287 0.000000 96
2288 0.000000 96
2289 0.000000 96
2290 0.000000 96
2291 0.000000 96
2292 0.000000 96
2293 0.000000 96
2294 0.000000 96
2295 0.000000 96
2296 0.000000 96
2297 0.000000 96
2298 0.000000 96
2299 0.000000 96
2300 0.000000 94
2301 0.000000 94
2302 0.000000 94
2303 0.000000 94
2304 0.000000 94
2305 0.000000 94
2306 0.000000 94
2307 0.000000 94
2308 0.000000 94
2309 0.000000 94
2310 0.000000 94
2311 0.000000 94
2312 0.000000 94
2313 0.000000 94
2314 0.000000 94
2315 0.000000 94
2316 0.000000 94
2317 0.000000 94
2318 0.000000 94
2319 0.000000 94
2320 0.000000 94
2321 0.000000 94
2322 0.000000 94
2323 0.000000 94
2324 0.000000 94
2325 0.000000 94
2326 0.000000 94
2327 0.000000 94
2328 0.000000 94
2329 0.000000 94
2330 0.000000 94
2331 0.000000 94
2332 0.000000 94
2333 0.000000 94
2334 0.000000 94
2335 0.000000 94
2336 0.000000 94
2337 0.000000 94
2338 0.000000 94
2339 0.000000 94
2340 0.000000 94
2341 0.000000 94
2342 0.000000 94
2343 0.000000 94
2344 0.000000 94
2345 0.000000 94
2346 0.000000 94
2347 0.000000 94
2348 0.000000 94
2349 0.000000 94
2350 0.000000 83
2351 2.321890 83
2352 1.853702 83
2353 24.525206 83
2354 4.174752 83
2355 3.261303 83
2356 24.076627 83
2357 109.364123 83
2358 78.452250 83
2359 178.555007 83
2360 47.018337 83
2361 131.871462 83
2362 209.334128 83
2363 105.163643 83
2364 92.986190 83
2365 83.090067 83
2366 213.257201 83
2367 151.545138 83
2368 273.907152 83
2369 39.462991 83
2370 247.652212 83
2371 135.396086 83
2372 39.778770 83
2373 173.096163 83
2374 84.928309 83
2375 250.792895 83
2376 89.675055 83
2377 141.876424 83
2378 78.012967 83
2379 175.943288 83
2380 54.000866 83
2381 165.405647 83
2382 53.324081 83
2383 2.460486 83
2384 4.826069 83
2385 5.298161 83
2386 2.616192 83
2387 5.791482 83
2388 6.487751 83
2389 33.341669 82
2390 4.313491 83
2391 4.708285 83
2392 1.284428 83
2393 3.740346 83
2394 3.689647 83
2395 2.030207 83
2396 4.152678 83
2397 5.271725 83
2398 1.783320 83
2399 4.314423 83
2400 2.195180 114
2401 5.668829 114
2402 4.985772 114
2403 5.048438 114
2404 5.254844 114
2405 5.154152 114
2406 4.979850 114
2407 4.625806 114
2408 5.771544 114
2409 5.172741 114
2410 1.134536 114
2411 0.010475 114
2412 1.706717 114
2413 2.670205 114
2414 1.913284 114
2415 2.299786 114
2416 1.872515 114
2417 3.441785 114
2418 4.410824 114
2419 4.611136 114
2420 2.410323 114
2421 0.000000 114
2422 0.000000 114
2423 0.000000 114
2424 0.000000 114
2425 0.000000 114
2426 0.000000 114
2427 0.000000 114
2428 0.000000 114
2429 0.000000 114
2430 0.000000 114
2431 0.000000 114
2432 1.609440 114
2433 1.282424 114
2434 2.179644 114
2435 11.340546 114
2436 2.650478 114
2437 1.359620 114
2438 1.855202 114
2439 2.395684 114
2440 2.775171 114
2441 0.025372 114
2442 0.028107 114
2443 0.029088 114
2444 2.257915 114
2445 5.611342 114
2446 12.903897 114
2447 256.655636 114
2448 4.192049 114
2449 3.572864 114
2450 0.391387 111
2451 0.507054 111
2452 0.510191 111
2453 0.894535 111
2454 3.730106 111
2455 63.286365 111
2456 143.370312 111
2457 0.104411 111
2458 1.164263 111
2459 3.379316 111
2460 0.829349 111
2461 8.082867 111
2462 16.107432 111
2463 4.301376 111
2464 1.811437 111
2465 4.847386 111
2466 1.006870 111
2467 3.215201 111
2468 4.820467 111
2469 1.653190 111
2470 1.266666 111
2471 0.395676 111
2472 1.205248 111
2473 0.013843 111
2474 1.533318 111
2475 1.042032 111
2476 1.834226 111
2477 2.140689 111
2478 19.546550 111
2479 3.752476 111
2480 0.291328 111
2481 4.080582 111
2482 1.805899 111
2483 2.149758 111
2484 1.430044 111
2485 3.524180 111
2486 1.774118 111
2487 19.499243 111
2488 1.631596 111
2489 8.879241 111
2490 0.994431 111
2491 3.508447 111
2492 2.012796 111
2493 0.662268 111
2494 1.955395 111
2495 2.216903 111
2496 1.331179 111
2497 91.147066 111
2498 1.331106 111
2499 2.551242 111
2500 1.306135 106
2501 1.690189 106
2502 0.006502 106
2503 0.222901 106
2504 2.176254 106
2505 3.108767 106
2506 1.834381 106
2507 8.228607 106
2508 1.340214 106
2509 0.000000 106
2510 2.611813 106
2511 2.630097 106
2512 1.533601 106
2513 17.379919 106
2514 1.326102 106
2515 2.140996 106
2516 4.667735 106
2517 1.301956 106
2518 1.906237 106
2519 0.000000 106
2520 2.104910 106
2521 1.623332 106
2522 2.531136 106
2523 1.862483 106
2524 1.518940 106
2525 1.657276 106
2526 1.518069 106
2527 1.586395 106
2528 6.291088 106
2529 6.198702 106
2530 4.873559 106
2531 1.243714 106
2532 44.004645 106
2533 53.603486 106
2534 1.403186 106
2535 2.513287 106
2536 2.460618 106
2537 2.002029 106
2538 0.805152 106
2539 2.002313 106
2540 1.091015 106
2541 2.096021 106
2542 2.160420 106
2543 0.251380 106
2544 0.838341 106
2545 2.665032 106
2546 2.644989 106
2547 1.979215 106
2548 30.339476 106
2549 1.755729 106
2550 1.483718 101
2551 1.360177 101
2552 0.220285 101
2553 2.581854 101
2554 0.000000 101
2555 4.029259 101
2556 1.597006 101
2557 1.929490 101
2558 1.248082 101
2559 1.097746 101
2560 0.930185 101
2561 1.492808 101
2562 0.909306 101
2563 85.570730 101
2564 99.288140 101
2565 98.465104 101
2566 92.927554 101
2567 93.099249 101
2568 98.951381 101
2569 94.809209 101
2570 98.737502 101
2571 93.152161 101
2572 96.651551 101
2573 97.418584 101
2574 97.713951 101
2575 98.648344 101
2576 93.348174 101
2577 95.423312 101
2578 97.985564 101
2579 88.283802 101
2580 90.601586 101
2581 93.577106 101
2582 91.667228 101
2583 96.488963 101
2584 94.954327 101
2585 81.261913 101
2586 100.013886 101
2587 105.122591 101
2588 102.029812 101
2589 94.511356 101
2590 97.342193 101
2591 94.096660 101
2592 96.539233 101
2593 97.914537 101
2594 97.040180 101
2595 96.126755 101
2596 93.194347 101
2597 93.811700 101
2598 100.421651 101
2599 94.514302 101
2600 58.045773 101
2601 73.989587 101
2602 76.996679 101
2603 71.134307 101
2604 70.907756 101
2605 72.314319 101
2606 76.753517 101
2607 70.649480 101
2608 80.888759 101
2609 80.239459 101
2610 71.681520 101
2611 87.461798 101
2612 87.579427 101
2613 82.462720 101
2614 75.710740 101
2615 80.386759 101
2616 80.790262 101
2617 81.917297 101
2618 80.340575 101
2619 83.483260 101
2620 88.605840 101
2621 93.578066 101
2622 87.564134 101
2623 87.158814 101
2624 77.609229 101
2625 86.963122 101
2626 87.377294 101
2627 94.360244 101
2628 91.002809 101
2629 94.291766 101
2630 94.653775 101
2631 95.558762 101
2632 84.849641 101
2633 85.527857 101
2634 96.154882 101
2635 99.558349 101
2636 94.537295 101
2637 95.756693 101
2638 97.885284 101
2639 97.873769 101
2640 100.192865 101
2641 93.424117 101
2642 94.909239 101
2643 97.679600 101
2644 93.798033 101
2645 96.734943 101
2646 100.744999 101
2647 101.704092 101
2648 91.643340 101
2649 92.935389 101
2650 56.122519 102
2651 69.478719 102
2652 66.773158 102
2653 73.285489 102
2654 68.707177 102
2655 67.723990 102
2656 67.503951 102
2657 71.071252 102
2658 67.164113 102
2659 54.169774 102
2660 60.615904 102
2661 78.338856 102
2662 60.169771 102
2663 3.781927 102
2664 6.678135 102
2665 2.236551 102
2666 7.881891 102
2667 0.143381 102
2668 0.315580 102
2669 0.129895 102
2670 0.072293 102
2671 0.040247 102
2672 0.022815 102
2673 0.040736 102
2674 7.333788 102
2675 0.024868 102
2676 0.020995 102
2677 0.016946 102
2678 0.185322 102
2679 0.013494 102
2680 0.012454 102
2681 0.004025 102
2682 0.005021 102
2683 0.025862 102
2684 0.001117 102
2685 0.000000 102
2686 0.000000 102
2687 0.000000 102
2688 0.000000 102
2689 0.000000 102
2690 0.000000 102
2691 0.000000 102
2692 0.000000 102
2693 0.000000 102
2694 0.000000 102
2695 0.000000 102
2696 0.000000 102
2697 0.000000 102
2698 0.000000 102
2699 0.000000 102
2700 0.167427 99
2701 0.241654 99
2702 0.238515 99
2703 0.241677 99
2704 0.276405 99
2705 0.236687 99
2706 0.245449 99
2707 0.233467 99
2708 0.208084 99
2709 0.221585 99
2710 0.196710 99
2711 4.381954 99
2712 3.421171 99
2713 3.635526 99
2714 47.415886 99
2715 3.536486 99
2716 276.430767 99
2717 4.585130 99
2718 83.715842 99
2719 2.002708 99
2720 2.421797 99
2721 28.339377 99
2722 4.269163 99
2723 2.914153 99
2724 4.628637 99
2725 4.857103 99
2726 4.835694 99
2727 4.582361 99
2728 5.928650 99
2729 15.686300 99
2730 194.703580 99
2731 4.658052 99
2732 4.569083 99
2733 263.567071 99
2734 4.271613 99
2735 8.557310 99
2736 3.331662 99
2737 8.335264 99
2738 4.823855 99
2739 5.576937 99
2740 4.749686 99
2741 4.736678 99
2742 5.669334 99
2743 51.556047 99
2744 5.006215 99
2745 5.201297 99
2746 15.466169 99
2747 3.109054 99
2748 31.265748 99
2749 3.199514 99
2750 7.570971 94
2751 3.901053 94
2752 7.748570 94
2753 4.090220 94
2754 1.927340 94
2755 5.483794 94
2756 2.240043 94
2757 3.324263 94
2758 2.682458 94
2759 2.035811 94
2760 1.074616 94
2761 0.916783 94
2762 0.919068 94
2763 1.183936 94
2764 1.017642 94
2765 1.119872 94
2766 1.081988 94
2767 1.029150 94
2768 1.094949 94
2769 0.879573 94
2770 1.342441 94
2771 1.285103 94
2772 1.351187 94
2773 1.076144 94
2774 0.960986 94
2775 1.029689 94
2776 1.436878 94
2777 1.008008 94
2778 1.273892 94
2779 1.223061 94
2780 1.243877 94
2781 1.136143 94
2782 1.259967 94
2783 1.202404 94
2784 1.123090 94
2785 1.779729 94
2786 1.415419 94
2787 1.054508 94
2788 3.515463 94
2789 1.390510 94
2790 1.928191 94
2791 1.980343 94
2792 2.476394 94
2793 3.041559 94
2794 2.422156 94
2795 1.997522 94
2796 1.943391 94
2797 2.184022 94
2798 1.972389 94
2799 2.344259 94
2800 1.964927 97
2801 2.536788 97
2802 2.062501 97
2803 2.429014 97
2804 2.352523 97
2805 2.093546 97
2806 2.239909 97
2807 2.582189 97
2808 1.771325 97
2809 2.373667 97
2810 1.996248 97
2811 1.837942 97
2812 2.000964 97
2813 1.972929 97
2814 2.203226 97
2815 1.742258 97
2816 4.938118 97
2817 3.475628 97
2818 4.507055 97
2819 0.108038 97
2820 0.134016 97
2821 0.173897 97
2822 0.105908 97
2823 0.191118 97
2824 0.147353 97
2825 0.116743 97
2826 0.099712 97
2827 0.088838 97
2828 0.101890 97
2829 0.098504 97
2830 0.068455 97
2831 12.146687 97
2832 0.346588 97
2833 0.013781 97
2834 0.395717 97
2835 0.008522 97
2836 6.828797 97
2837 0.000000 97
2838 0.000000 97
2839 4.376808 97
2840 8.289456 97
2841 8.964968 97
2842 3.510159 97
2843 6.514330 97
2844 8.580825 97
2845 7.532818 97
2846 2.512348 97
2847 5.169394 97
2848 5.319826 97
2849 5.473463 97
2850 1.619626 101
2851 3.941311 101
2852 4.112681 101
2853 3.837629 101
2854 3.596582 101
2855 7.863628 101
2856 7.386600 101
2857 3.679487 101
2858 5.666949 101
2859 5.520449 101
2860 5.961976 101
2861 1.018227 101
2862 3.581905 101
2863 1.412186 101
2864 3.808337 101
2865 3.787960 101
2866 6.581063 101
2867 19.901295 101
2868 8.141663 101
2869 2.777568 101
2870 5.830440 101
2871 6.026330 101
2872 6.598262 101
2873 0.421974 101
2874 0.408658 101
2875 0.458674 101
2876 0.386070 101
2877 0.413285 101
2878 0.303715 101
2879 0.315564 101
2880 0.319636 101
2881 0.324428 101
2882 0.296653 101
2883 0.188666 101
2884 0.144129 101
2885 0.146848 101
2886 0.147788 101
2887 0.144137 101
2888 0.142048 101
2889 0.231165 101
2890 0.175054 101
2891 0.298477 101
2892 0.323101 101
2893 0.901901 101
2894 3.475421 101
2895 3.336269 101
2896 10.146516 101
2897 104.834024 101
2898 3.898303 101
2899 4.870605 101
2900 1.396861 83
2901 2.884430 83
2902 2.980425 83
2903 3.191035 83
2904 1.976406 83
2905 4.959839 83
2906 4.707771 83
2907 4.714375 83
2908 2.176199 83
2909 4.803182 83
2910 4.765160 83
2911 2.318994 83
2912 4.726595 83
2913 4.302192 83
2914 4.226699 83
2915 4.609276 83
2916 2.454598 83
2917 6.744131 83
2918 7.017372 83
2919 6.930067 83
2920 1.343923 83
2921 4.865456 83
2922 5.103866 83
2923 1.764114 83
2924 3.987592 83
2925 4.007113 83
2926 3.499869 83
2927 2.111473 83
2928 5.889548 83
2929 5.363055 83
2930 5.912546 83
2931 1.086355 83
2932 3.760487 83
2933 4.586049 83
2934 3.612962 83
2935 1.237755 83
2936 3.251544 83
2937 2.473089 83
2938 7.964856 83
2939 9.267291 83
2940 9.664122 83
2941 9.661079 83
2942 10.057245 83
2943 9.714859 83
2944 2.764369 83
2945 5.647134 83
2946 5.330054 83
2947 5.842079 83
2948 3.586393 83
2949 4.376513 83
2950 1.628835 95
2951 3.507439 95
2952 3.762153 95
2953 1.542485 95
2954 3.865799 95
2955 1.467390 95
2956 3.626932 95
2957 3.051506 95
2958 1.468807 95
2959 3.813640 95
2960 3.946538 95
2961 3.552551 95
2962 2.165286 95
2963 6.376884 95
2964 5.932012 95
2965 2.146574 95
2966 6.845877 95
2967 6.658478 95
2968 6.573242 95
2969 24.887520 95
2970 31.389932 95
2971 1.817631 95
2972 0.464702 95
2973 3.754942 95
2974 3.638987 95
2975 2.546148 95
2976 8.736665 95
2977 7.364910 95
2978 2.481217 95
2979 5.857996 95
2980 5.728912 95
2981 0.884335 95
2982 2.147975 95
2983 2.026069 95
2984 5.483247 95
2985 1.731842 95
2986 3.881864 95
2987 4.177319 95
2988 1.494298 95
2989 5.295889 95
2990 1.372421 95
2991 2.641985 95
2992 5.440740 95
2993 3.748439 95
2994 10.109310 95
2995 2.040074 95
2996 5.304931 95
2997 2.210967 95
2998 6.786190 95
2999 0.000000 95
3000 0.000000 99
3001 0.000000 99
3002 0.000000 99
3003 0.000000 99
3004 0.000000 99
3005 0.000000 99
3006 0.000000 99
3007 0.000000 99
3008 44.081469 99
3009 314.835747 99
3010 114.526556 99
3011 543.226363 99
3012 168.397721 99
3013 473.909577 99
3014 224.808747 99
3015 280.804364 99
3016 409.878468 99
3017 577.183622 99
3018 103.634984 99
3019 132.434107 99
3020 63.256402 99
3021 278.498025 99
3022 1.123203 99
3023 2.427724 99
3024 2.639239 99
3025 2.199969 99
3026 7.060200 99
3027 0.000000 99
3028 0.000000 99
3029 0.000000 99
3030 1.503089 99
3031 3.412129 99
3032 1.722922 99
3033 4.752781 99
3034 2.691136 99
3035 7.915284 99
3036 61.227758 99
3037 78.725695 99
3038 81.747625 99
3039 3.739117 99
3040 10.172000 99
3041 2.755016 99
3042 6.965992 99
3043 2.199921 99
3044 10.632255 99
3045 2.963352 99
3046 8.448855 99
3047 7.718994 99
3048 2.822728 99
3049 7.842548 99
3050 2.227452 91
3051 5.983817 91
3052 1.376200 91
3053 3.026810 91
3054 2.740465 91
3055 2.359888 91
3056 5.671759 91
3057 0.152273 91
3058 0.351617 91
3059 0.287732 91
3060 1.680823 91
3061 4.503730 91
3062 0.746713 91
3063 0.514623 91
3064 0.637080 91
3065 0.507210 91
3066 0.436739 91
3067 3.415819 91
3068 9.454175 91
3069 3.882671 91
3070 2.823010 91
3071 4.328495 91
3072 4.828148 91
3073 4.680206 91
3074 4.712020 91
3075 4.516831 91
3076 4.457639 91
3077 4.362090 91
3078 4.510937 91
3079 4.536758 91
3080 4.466266 91
3081 4.363989 91
3082 4.516431 91
3083 4.563111 91
3084 4.664708 91
3085 4.707432 91
3086 5.331449 91
3087 7.951513 91
3088 6.734371 91
3089 12.613424 90
3090 106.280786 91
3091 19.409025 91
3092 7.489462 91
3093 7.062273 91
3094 11.216717 91
3095 13.324552 91
3096 9.635997 91
3097 0.588823 91
3098 1.143450 91
3099 1.149255 91
3100 0.307553 97
3101 0.878954 97
3102 0.948093 97
3103 0.940775 97
3104 0.894101 97
3105 0.881731 97
3106 0.928977 97
3107 0.980549 97
3108 0.785725 97
3109 1.586437 97
3110 1.642051 97
3111 22.917597 97
3112 1.454604 97
3113 436.935945 97
3114 18.332556 97
3115 2.306394 97
3116 3.624738 97
3117 6.315942 97
3118 4.226974 97
3119 4.929513 97
3120 40.823226 97
3121 1.223203 97
3122 4.392257 97
3123 3.631583 97
3124 1.217577 97
3125 1.082818 97
3126 3.893348 97
3127 4.345350 97
3128 3.319795 97
3129 3.524843 97
3130 3.453125 97
3131 3.623007 97
3132 1.274749 97
3133 4.597191 97
3134 7.542368 97
3135 7.231479 97
3136 7.354431 97
3137 7.092417 97
3138 7.717921 97
3139 4.375312 97
3140 7.362176 97
3141 7.242693 97
3142 10.639326 97
3143 10.446682 97
3144 10.631754 97
3145 13.339676 97
3146 6.764787 97
3147 2.619027 97
3148 3.718407 97
3149 3.739738 97
3150 2.898718 103
3151 5.980218 103
3152 3.009834 103
3153 4.337950 103
3154 22.344982 103
3155 6.971631 103
3156 4.190773 103
3157 29.126914 103
3158 8.056389 103
3159 7.781441 103
3160 4.572664 103
3161 3.110428 103
3162 5.101424 103
3163 298.888327 103
3164 11.376990 103
3165 16.259255 103
3166 2.510882 103
3167 2.672687 103
3168 4.682981 103
3169 5.039519 103
3170 4.893728 103
3171 10.439361 103
3172 8.939786 103
3173 11.123365 103
3174 6.381320 103
3175 5.504713 103
3176 6.110719 103
3177 12.581868 103
3178 4.766128 103
3179 5.633775 103
3180 7.401080 103
3181 8.244953 103
3182 6.929729 103
3183 7.319542 103
3184 7.719941 103
3185 5.240488 103
3186 0.000000 103
3187 0.000000 103
3188 0.000000 103
3189 0.000000 103
3190 0.000000 103
3191 0.000000 103
3192 2.885002 103
3193 96.120375 103
3194 7.956450 103
3195 6.749109 103
3196 2.782925 103
3197 5.292168 103
3198 5.012559 103
3199 3.957426 103
3200 3.367456 107
3201 7.405026 107
3202 16.473936 107
3203 15.980408 107
3204 14.540522 107
3205 14.506071 107
3206 3.471596 107
3207 13.955252 106
3208 3.623002 107
3209 10.483043 107
3210 2.307017 107
3211 158.367384 107
3212 3.553735 107
3213 3.035348 107
3214 17.742108 107
3215 2.981968 107
3216 6.469293 107
3217 10.325029 107
3218 11.859026 107
3219 12.041047 105
3220 15.157086 107
3221 12.531565 107
3222 4.240630 107
3223 10.077295 107
3224 9.736684 107
3225 9.808839 107
3226 1.481204 107
3227 2.630974 107
3228 2.706740 107
3229 3.966094 107
3230 2.416089 107
3231 1.760128 107
3232 3.145169 107
3233 6.297488 107
3234 51.270655 107
3235 2.268729 107
3236 2.537746 107
3237 1.554186 107
3238 4.135885 107
3239 3.219867 107
3240 2.170834 107
3241 6.034845 107
3242 8.898931 107
3243 5.325636 106
3244 2.077896 107
3245 1.285325 107
3246 0.133184 107
3247 0.170481 107
3248 0.222588 107
3249 5.716640 107
3250 1.552824 106
3251 3.193491 106
3252 3.712394 106
3253 3.669927 106
3254 2.091881 106
3255 3.512677 106
3256 1.415999 106
3257 2.900417 106
3258 2.901653 106
3259 2.574306 106
3260 2.888148 106
3261 17.518465 106
3262 2.958026 106
3263 0.728733 106
3264 1.588059 106
3265 4.094735 106
3266 2.130661 106
3267 3.809402 106
3268 4.557540 106
3269 4.119341 106
3270 4.414334 106
3271 4.285216 106
3272 0.780192 106
3273 9.582953 106
3274 5.629512 106
3275 27.616607 106
3276 2.249168 106
3277 3.038813 106
3278 3.438870 106
3279 9.236973 106
3280 2.305456 106
3281 2.085127 106
3282 32.635437 106
3283 4.393766 106
3284 4.880289 106
3285 2.037810 106
3286 5.323582 106
3287 5.839004 106
3288 7.117665 106
3289 7.390983 106
3290 1.226214 106
3291 4.491706 106
3292 2.616887 106
3293 4.137465 106
3294 2.573636 106
3295 42.881232 106
3296 4.450002 106
3297 0.970924 106
3298 12.436421 106
3299 0.677246 106
3300 2.075265 115
3301 0.917710 115
3302 96.000097 115
3303 176.319871 115
3304 182.594310 115
3305 194.781917 115
3306 0.222551 115
3307 0.195181 115
3308 0.275697 115
3309 0.319793 115
3310 0.306769 115
3311 3.001869 115
3312 4.143397 115
3313 5.126408 115
3314 4.866968 115
3315 7.397108 115
3316 8.586066 115
3317 73.747499 115
3318 39.496056 115
3319 66.528146 115
3320 68.797809 115
3321 70.376363 115
3322 3.721250 115
3323 4.404427 115
3324 7.374063 115
3325 12.901430 115
3326 5.280281 115
3327 1.682397 115
3328 2.719214 115
3329 34.588494 115
3330 3.601907 115
3331 44.639411 115
3332 3.527639 115
3333 3.388788 115
3334 8.548552 115
3335 0.241337 115
3336 6.801912 115
3337 4.141339 115
3338 7.331009 115
3339 2.571446 115
3340 17.421640 115
3341 4.130315 115
3342 2.494865 115
3343 4.301090 115
3344 4.255223 115
3345 2.960932 115
3346 8.425207 115
3347 8.295876 115
3348 3.357394 115
3349 1.583052 115
3350 4.294655 81
3351 0.769035 81
3352 1.697909 81
3353 2.094969 81
3354 2.150573 81
3355 6.012000 81
3356 11.133422 81
3357 19.731499 81
3358 25.496860 81
3359 3.977031 81
3360 1.497137 81
3361 6.818165 81
3362 1.342637 81
3363 5.095909 81
3364 11.445972 81
3365 11.669658 81
3366 10.787687 81
3367 6.919361 81
3368 5.366250 81
3369 211.897925 81
3370 2.049117 81
3371 2.332369 81
3372 6.167625 81
3373 5.067245 81
3374 1.564399 81
3375 3.773122 81
3376 6.879437 81
3377 4.250445 81
3378 2.278281 81
3379 7.085823 81
3380 5.349171 81
3381 1.395331 81
3382 3.429420 81
3383 3.723245 81
3384 2.546086 81
3385 4.979984 81
3386 6.361519 81
3387 1.189790 81
3388 1.462324 81
3389 3.722802 81
3390 3.706517 81
3391 67.624371 81
3392 166.084097 81
3393 215.306459 81
3394 10.072505 81
3395 14.655393 81
3396 20.121592 81
3397 19.860131 81
3398 0.000000 81
3399 2.691984 81
3400 3.224984 91
3401 2.398282 91
3402 1.584650 91
3403 7.487066 91
3404 2.129263 91
3405 6.667574 91
3406 4.837288 91
3407 1.476605 91
3408 1.241563 91
3409 2.288322 91
3410 6.349236 91
3411 5.381115 91
3412 3.334737 91
3413 2.332617 91
3414 5.486698 91
3415 6.581641 91
3416 4.132520 91
3417 2.445971 91
3418 5.876482 91
3419 5.240023 91
3420 2.268698 91
3421 6.680150 91
3422 5.336620 91
3423 27.298865 91
3424 65.695664 91
3425 63.188690 91
3426 7.526094 91
3427 8.155422 91
3428 3.786041 91
3429 3.639359 91
3430 2.738777 91
3431 5.486569 91
3432 6.689668 91
3433 2.506763 91
3434 7.103810 91
3435 5.677292 91
3436 2.664944 91
3437 6.456158 91
3438 5.105094 91
3439 1.721169 91
3440 4.516262 91
3441 2.378017 91
3442 5.985278 91
3443 6.063628 91
3444 40.788459 91
3445 19.975381 91
3446 5.583014 91
3447 42.971188 91
3448 35.017181 91
3449 17.431574 91
3450 31.215783 112
3451 3.118042 112
3452 6.434398 112
3453 12.926587 112
3454 11.298375 112
3455 2.912418 112
3456 6.899668 112
3457 6.898903 112
3458 1.904972 112
3459 2.403216 112
3460 6.376328 112
3461 1.627024 112
3462 1.816317 112
3463 1.713656 112
3464 1.018605 112
3465 2.477450 112
3466 1.816706 112
3467 2.206157 112
3468 2.024828 112
3469 5.465404 112
3470 11.958204 112
3471 3.853480 112
3472 0.000000 112
3473 0.000000 112
3474 2.970096 112
3475 2.533857 112
3476 5.455033 112
3477 6.082838 112
3478 0.231871 112
3479 0.354113 112
3480 6.776244 112
3481 15.795427 112
3482 18.013128 112
3483 2.877466 112
3484 5.481008 112
3485 6.714380 112
3486 13.791520 112
3487 2.350814 112
3488 2.856522 112
3489 3.013334 112
3490 4.269918 112
3491 14.961978 112
3492 2.272534 112
3493 6.856527 112
3494 5.774946 112
3495 2.703807 112
3496 6.392137 112
3497 5.309206 112
3498 2.874021 112
3499 7.034232 112
3500 2.448900 92
3501 2.154018 92
3502 7.403192 92
3503 5.881958 92
3504 2.441299 92
3505 5.322132 92
3506 6.299716 92
3507 2.200486 92
3508 5.290480 92
3509 6.565254 92
3510 2.531862 92
3511 6.640109 92
3512 5.778398 92
3513 18.167614 92
3514 22.033791 92
3515 22.659606 92
3516 3.718361 92
3517 2.605273 92
3518 6.355468 92
3519 5.831450 92
3520 334.834608 92
3521 2.514701 92
3522 6.135949 92
3523 6.586910 92
3524 2.760126 92
3525 6.779697 92
3526 5.188898 92
3527 0.814858 92
3528 1.205612 92
3529 1.645012 92
3530 1.563215 92
3531 2.899648 92
3532 5.882726 92
3533 6.907532 92
3534 20.407181 92
3535 2.700052 92
3536 5.853919 92
3537 7.270247 92
3538 6.587215 92
3539 1.369809 92
3540 1.481732 92
3541 8.144930 92
3542 1.915373 92
3543 2.088935 92
3544 2.958358 92
3545 1.712110 92
3546 5.162264 92
3547 4.596734 92
3548 3.662515 92
3549 2.237553 92
3550 1.760954 103
3551 2.672617 103
3552 2.410260 103
3553 2.619267 103
3554 30.142501 103
3555 3.982171 103
3556 5.449094 103
3557 28.076251 103
3558 1.787922 103
3559 2.525732 103
3560 13.814411 103
3561 160.393184 103
3562 1.645398 103
3563 4.816010 103
3564 11.260919 103
3565 1.491142 103
3566 0.468411 103
3567 4.749962 103
3568 1.846504 103
3569 5.156665 103
3570 2.149400 103
3571 4.699287 103
3572 1.102566 103
3573 0.653048 103
3574 1.883096 103
3575 6.379292 103
3576 5.066440 103
3577 2.041546 103
3578 11.557169 103
3579 150.980263 103
3580 1.843644 103
3581 14.578808 102
3582 0.650514 103
3583 1.063430 103
3584 3.934584 103
3585 20.461898 103
3586 40.920888 103
3587 3.258178 103
3588 4.971501 103
3589 1.313253 103
3590 1.884633 103
3591 1.289980 103
3592 11.668670 103
3593 34.426125 103
3594 2.429752 103
3595 7.889292 103
3596 1.932261 103
3597 5.585640 103
3598 1.480746 103
3599 4.617089 103
3600 3.329147 93
3601 18.605694 93
3602 2.376494 93
3603 2.797895 93
3604 0.514446 93
3605 1.097651 93
3606 0.800880 93
3607 1.907554 93
3608 9.896640 93
3609 1.593981 93
3610 6.073585 93
3611 0.000000 93
3612 1.212542 93
3613 1.727597 93
3614 2.160590 93
3615 8.790829 93
3616 6.255038 93
3617 11.627049 93
3618 1.288351 93
3619 3.780082 93
3620 20.280411 93
3621 2.857367 93
3622 22.904406 93
3623 2.752386 93
3624 21.545104 93
3625 3.577821 93
3626 2.697804 93
3627 2.644835 93
3628 1.505421 93
3629 1.420415 93
3630 15.772966 93
3631 5.531679 93
3632 1.504032 93
3633 1.618329 93
3634 3.858557 93
3635 5.565687 93
3636 0.838431 93
3637 1.353727 93
3638 96.520734 93
3639 3.831441 93
3640 12.924212 93
3641 4.251075 93
3642 4.892895 93
3643 2.987854 93
3644 0.342105 93
3645 3.419294 93
3646 1.446434 93
3647 51.014400 93
3648 1.483472 93
3649 3.375913 93
3650 3.598859 111
3651 2.711760 111
3652 0.526913 111
3653 2.351619 111
3654 0.791565 111
3655 0.507073 111
3656 2.274064 111
3657 3.235665 111
3658 0.209300 111
3659 15.023190 111
3660 47.145685 111
3661 3.896261 111
3662 16.030984 111
3663 4.569308 111
3664 3.888693 111
3665 2.267497 111
3666 9.494475 111
3667 7.936589 111
3668 11.024316 111
3669 2.111934 111
3670 26.820149 111
3671 5.431115 111
3672 0.814180 111
3673 3.156988 111
3674 1.789492 111
3675 2.923050 111
3676 33.988068 111
3677 95.252264 111
3678 0.029836 111
3679 1.469543 111
3680 1.792251 111
3681 2.225644 111
3682 2.429541 111
3683 2.230610 111
3684 0.000000 111
3685 1.326416 111
3686 0.933224 111
3687 15.163506 111
3688 2.293292 111
3689 0.274115 111
3690 2.871902 111
3691 255.453007 111
3692 0.724947 111
3693 3.202599 111
3694 1.955325 111
3695 19.580245 111
3696 2.085280 111
3697 6.404508 111
3698 2.364052 111
3699 0.765456 111
3700 0.898682 98
3701 2.021064 98
3702 6.635653 98
3703 2.303630 98
3704 1.778271 98
3705 1.797150 98
3706 0.889209 98
3707 5.322091 98
3708 0.468626 98
3709 2.985323 98
3710 4.166352 98
3711 0.202627 98
3712 9.502552 98
3713 1.741933 98
3714 4.348685 98
3715 4.588184 98
3716 1.921638 98
3717 1.761531 98
3718 2.174099 98
3719 2.214879 98
3720 0.015917 98
3721 2.177206 98
3722 11.546462 98
3723 0.684024 98
3724 2.705658 98
3725 2.018392 98
3726 2.786306 98
3727 2.140601 98
3728 1.856806 98
3729 2.241122 98
3730 2.163276 98
3731 6.548211 98
3732 13.122890 98
3733 2.791243 98
3734 2.849947 98
3735 17.091424 98
3736 2.524167 98
3737 1.271903 98
3738 89.240617 98
3739 1.691924 98
3740 3.025049 98
3741 2.373392 96
3742 2.710243 98
3743 2.524335 98
3744 18.772542 98
3745 7.801908 98
3746 1.365404 98
3747 2.872277 98
3748 1.615210 98
3749 0.000000 98
3750 7.059694 110
3751 2.412793 110
3752 6.178507 110
3753 0.672065 110
3754 1.878072 110
3755 1.378100 110
3756 14.393891 110
3757 2.586058 110
3758 2.888137 110
3759 1.401091 110
3760 1.665720 110
3761 1.906929 110
3762 0.004288 110
3763 1.814876 110
3764 2.409992 110
3765 2.730602 110
3766 0.818796 110
3767 0.000000 110
3768 17.146692 110
3769 2.427365 110
3770 3.743964 110
3771 1.355980 110
3772 2.238392 110
3773 6.218536 110
3774 6.304629 110
3775 1.596603 110
3776 0.056205 110
3777 2.652344 110
3778 374.240908 110
3779 1.646138 110
3780 2.440023 110
3781 16.216504 110
3782 98.552552 110
3783 65.021671 110
3784 2.028446 110
3785 2.525795 110
3786 0.000000 110
3787 2.326086 110
3788 1.256103 110
3789 14.454616 110
3790 3.335255 110
3791 3.397097 110
3792 2.841837 110
3793 3.004716 110
3794 2.570234 110
3795 4.604464 110
3796 1.114844 110
3797 3.893714 110
3798 3.295695 110
3799 3.253226 110
3800 1.157338 106
3801 2.417245 106
3802 0.100434 106
3803 3.534224 106
3804 3.242292 106
3805 3.241127 106
3806 2.472564 106
3807 1.250284 106
3808 3.337619 106
3809 11.335656 106
3810 1.395098 106
3811 2.273727 106
3812 1.798765 106
3813 0.604758 106
3814 5.621718 106
3815 3.967449 106
3816 1.887219 106
3817 1.175675 106
3818 2.204423 106
3819 2.528536 106
3820 5.817110 106
3821 0.181146 106
3822 8.514538 106
3823 2.439663 106
3824 16.036046 106
3825 16.595334 106
3826 0.455695 106
3827 3.604044 106
3828 1.473134 106
3829 1.138312 106
3830 20.515247 106
3831 2.837160 106
3832 20.926983 106
3833 1.556227 106
3834 3.354067 106
3835 2.329673 106
3836 3.977199 106
3837 35.975653 106
3838 55.643323 106
3839 3.880593 106
3840 0.000000 106
3841 2.599262 106
3842 38.538841 106
3843 4.302346 106
3844 1.444971 106
3845 2.683718 106
3846 2.570270 106
3847 15.373480 106
3848 2.017252 106
3849 0.000000 106
3850 1.919185 104
3851 4.393973 104
3852 1.452254 104
3853 1.571035 104
3854 1.717843 104
3855 2.207106 104
3856 1.545673 104
3857 1.961223 104
3858 1.312380 104
3859 3.991808 104
3860 2.847785 104
3861 3.572910 104
3862 1.263221 104
3863 1.733924 104
3864 2.675779 104
3865 34.237411 104
3866 1.723262 104
3867 4.411128 104
3868 2.698865 104
3869 1.953824 104
3870 3.035869 104
3871 1.759931 104
3872 1.271549 104
3873 1.350200 104
3874 1.983507 104
3875 2.065650 104
3876 1.382215 104
3877 4.091944 104
3878 3.633784 104
3879 2.045873 104
3880 2.112285 104
3881 2.148181 104
3882 3.626035 104
3883 1.573227 104
3884 2.575301 104
3885 0.830314 104
3886 0.583489 104
3887 3.390868 104
3888 54.429307 104
3889 16.750423 104
3890 6.099029 104
3891 7.866020 104
3892 2.582110 104
3893 2.767662 104
3894 1.783971 104
3895 5.025621 104
3896 8.309780 104
3897 4.136213 104
3898 1.680207 104
3899 2.855432 104
3900 168.103001 109
3901 1.640594 109
3902 3.069864 109
3903 2.701246 109
3904 1.464386 109
3905 1.511022 109
3906 0.000000 109
3907 1.098853 109
3908 3.371123 109
3909 0.281563 109
3910 2.255789 109
3911 1.698230 109
3912 1.609896 109
3913 2.238105 109
3914 2.412720 109
3915 2.209694 109
3916 1.784430 109
3917 2.265453 109
3918 1.014308 109
3919 1.265562 109
3920 1.097982 109
3921 0.836077 109
3922 1.078791 109
3923 1.506211 109
3924 6.606305 109
3925 1.809910 109
3926 27.511969 109
3927 11.952878 109
3928 1.750206 109
3929 47.563272 109
3930 1.762617 109
3931 3.303385 109
3932 1.094958 109
3933 1.548018 109
3934 2.677868 109
3935 2.091170 109
3936 2.498811 109
3937 2.228794 109
3938 1.146373 109
3939 13.714367 109
3940 0.145350 109
3941 3.753327 109
3942 2.235236 109
3943 0.957753 109
3944 1.353984 109
3945 30.044182 109
3946 0.873303 109
3947 2.329912 109
3948 2.332174 109
3949 13.315132 109
3950 0.770927 117
3951 2.016672 117
3952 5.582836 117
3953 0.442530 117
3954 1.580868 117
3955 49.699681 117
3956 55.656218 117
3957 2.005914 117
3958 1.725738 117
3959 5.578224 117
3960 0.000000 117
3961 1.669477 117
3962 1.570456 117
3963 5.516356 117
3964 5.345551 117
3965 16.839078 117
3966 3.321734 117
3967 13.343396 117
3968 0.909473 117
3969 0.389781 117
3970 15.359892 117
3971 2.975225 117
3972 2.579882 117
3973 0.000000 117
3974 4.063160 117
3975 1.519516 117
3976 1.973818 117
3977 0.870394 117
3978 2.054664 117
3979 1.867854 117
3980 0.000000 117
3981 3.493191 117
3982 3.745737 117
3983 3.702151 117
3984 2.593637 117
3985 1.261045 117
3986 0.052785 117
3987 1.483747 117
3988 5.742073 117
3989 0.797385 117
3990 3.089269 117
3991 0.542362 117
3992 11.378389 117
3993 0.542469 117
3994 0.505605 117
3995 0.727364 117
3996 0.713651 117
3997 0.657426 117
3998 1.178333 117
3999 1.083112 117
4000 0.247868 112
4001 0.462842 112
4002 3.066515 112
4003 1.396174 112
4004 2.631100 112
4005 2.087899 112
4006 0.799067 112
4007 4.722977 112
4008 0.470665 112
4009 2.069301 112
4010 0.647677 112
4011 1.547158 112
4012 2.924572 112
4013 5.932743 112
4014 4.881750 112
4015 0.397034 112
4016 0.476583 112
4017 1.112068 112
4018 1.280192 112
4019 0.410842 112
4020 3.008568 112
4021 2.176854 112
4022 3.412137 112
4023 4.400098 112
4024 1.514099 112
4025 2.973432 112
4026 2.102896 112
4027 37.099230 112
4028 1.708120 112
4029 1.848675 112
4030 1.945001 112
4031 359.878935 112
4032 129.016563 112
4033 43.090498 112
4034 5.833340 112
4035 32.037428 112
4036 2.524499 112
4037 1.367233 112
4038 8.929064 112
4039 0.753692 112
4040 0.000000 112
4041 3.458595 112
4042 0.890473 112
4043 2.209850 112
4044 1.329017 112
4045 9.882475 112
4046 25.341415 112
4047 2.162763 112
4048 1.633283 112
4049 2.030407 112
4050 3.146100 119
4051 1.415431 119
4052 0.829567 119
4053 2.284235 119
4054 0.767781 119
4055 1.619651 119
4056 1.782616 119
4057 1.211337 119
4058 0.012536 119
4059 0.599330 119
4060 72.286685 119
4061 2.114800 119
4062 1.768947 119
4063 1.879229 119
4064 1.345058 119
4065 1.678666 119
4066 27.384964 119
4067 0.706244 119
4068 8.367395 119
4069 1.825135 119
4070 1.398990 119
4071 3.038970 119
4072 0.982950 119
4073 1.328724 119
4074 0.000000 119
4075 2.057585 119
4076 4.757899 119
4077 1.505722 119
4078 0.163325 119
4079 0.691928 119
4080 2.392676 119
4081 2.832294 119
4082 2.664627 119
4083 3.515343 119
4084 7.998319 119
4085 0.649449 119
4086 3.759428 119
4087 0.840287 119
4088 4.129329 119
4089 3.555510 119
4090 3.581675 119
4091 5.794742 119
4092 13.368586 119
4093 0.042116 119
4094 8.114791 119
4095 2.825378 119
4096 3.571496 119
4097 2.476897 119
4098 1.912906 119
4099 3.247197 119
4100 3.236362 113
4101 0.627831 113
4102 0.890532 113
4103 2.258180 113
4104 2.536422 113
4105 3.557406 113
4106 29.397085 113
4107 0.000000 113
4108 3.935416 113
4109 5.723215 113
4110 0.538813 113
4111 16.001052 113
4112 112.201083 113
4113 1.973661 113
4114 2.304830 113
4115 3.073514 113
4116 6.197884 113
4117 10.116099 113
4118 4.614499 113
4119 24.248813 113
4120 5.030143 113
4121 0.000000 113
4122 8.203073 113
4123 2.397525 113
4124 2.815318 113
4125 6.377192 113
4126 8.648478 113
4127 2.999716 113
4128 2.314489 113
4129 6.110148 113
4130 3.347542 113
4131 4.231846 113
4132 0.977556 113
4133 2.004098 113
4134 0.000000 113
4135 0.000000 113
4136 2.622896 113
4137 2.449990 113
4138 4.062774 113
4139 4.592884 113
4140 3.375721 113
4141 8.359797 113
4142 7.199177 113
4143 3.608327 113
4144 1.092375 113
4145 2.873285 113
4146 3.072329 113
4147 2.209175 113
4148 2.762124 113
4149 6.639423 113
4150 0.889753 111
4151 5.580805 111
4152 1.538525 111
4153 0.242738 111
4154 4.473028 111
4155 4.919695 111
4156 5.389065 111
4157 2.082624 111
4158 3.458174 111
4159 10.178273 111
4160 1.688318 111
4161 32.844259 111
4162 15.262893 111
4163 13.368055 111
4164 3.068817 111
4165 0.005954 111
4166 10.741638 111
4167 5.377019 111
4168 2.824379 111
4169 0.890938 111
4170 2.595063 111
4171 1.909863 111
4172 10.273229 111
4173 19.555836 111
4174 2.600434 111
4175 3.796959 111
4176 10.915026 111
4177 1.003034 111
4178 1.644582 111
4179 3.058071 111
4180 2.780351 111
4181 4.244474 111
4182 4.367228 111
4183 42.233929 111
4184 12.044613 111
4185 5.420256 111
4186 2.465731 111
4187 3.287677 111
4188 8.845264 111
4189 0.646563 111
4190 6.831075 111
4191 16.623088 111
4192 1.980592 111
4193 2.170845 111
4194 1.100641 111
4195 3.620975 111
4196 0.559326 111
4197 7.442180 111
4198 2.154467 111
4199 2.713792 111
4200 1.411752 115
4201 3.013059 115
4202 2.418043 115
4203 4.199277 115
4204 8.992162 115
4205 9.225481 115
4206 8.807514 115
4207 7.765588 115
4208 9.547524 115
4209 10.557081 115
4210 1.257551 115
4211 5.150780 115
4212 5.142854 115
4213 1.406458 115
4214 4.828609 115
4215 10.855457 115
4216 6.124153 115
4217 1.131164 115
4218 3.007568 115
4219 8.351401 115
4220 1.886068 115
4221 2.195074 115
4222 110.532167 115
4223 0.000000 115
4224 2.360820 115
4225 1.749081 115
4226 1.494637 115
4227 4.784786 115
4228 4.188544 115
4229 0.648894 115
4230 3.652536 115
4231 5.133086 115
4232 1.965314 115
4233 1.600460 115
4234 1.217408 115
4235 2.660519 115
4236 0.745904 115
4237 0.884108 115
4238 2.093686 115
4239 1.845001 115
4240 3.681758 115
4241 3.309973 115
4242 1.754723 115
4243 4.498726 115
4244 3.946944 115
4245 4.357033 115
4246 1.589589 115
4247 0.594301 115
4248 1.004421 115
4249 0.548452 115
4250 0.101021 100
4251 0.038851 100
4252 1.514099 100
4253 2.605564 100
4254 1.046323 100
4255 0.896379 100
4256 1.458224 100
4257 2.557357 100
4258 1.238425 100
4259 1.487757 100
4260 2.693267 100
4261 2.979417 100
4262 1.581959 100
4263 1.766471 100
4264 2.541564 100
4265 2.059512 100
4266 3.726397 100
4267 1.987896 100
4268 4.203849 100
4269 5.779434 100
4270 7.341177 100
4271 8.568939 100
4272 8.570386 100
4273 9.719419 100
4274 0.000000 100
4275 0.000000 100
4276 0.000000 100
4277 0.000000 100
4278 0.543758 100
4279 1.353578 100
4280 4.108282 100
4281 3.920212 100
4282 0.357346 100
4283 2.626316 100
4284 1.256685 100
4285 15.797652 100
4286 1.229875 100
4287 3.308523 100
4288 0.465208 100
4289 12.877929 100
4290 5.984282 100
4291 14.103941 100
4292 13.118182 100
4293 13.828618 100
4294 13.252634 100
4295 13.891187 100
4296 13.957780 100
4297 14.050761 100
4298 0.000000 100
4299 13.096961 100
4300 3.765848 104
4301 7.424025 104
4302 8.107778 104
4303 8.160958 104
4304 8.395940 104
4305 7.442933 104
4306 0.948102 104
4307 3.146057 104
4308 9.397761 104
4309 9.535257 104
4310 3.439674 104
4311 3.259165 104
4312 5.240752 104
4313 5.460351 104
4314 5.365462 104
4315 5.497531 104
4316 5.464492 104
4317 6.074739 104
4318 38.670495 104
4319 1.569303 104
4320 2.068092 104
4321 2.770303 104
4322 2.888628 104
4323 3.099149 104
4324 2.788885 104
4325 0.852984 104
4326 13.616590 104
4327 2.972245 104
4328 7.473559 104
4329 0.813951 104
4330 12.595375 104
4331 1.207777 104
4332 1.650624 104
4333 1.076344 104
4334 2.694583 104
4335 1.135425 104
4336 0.603852 104
4337 0.866827 104
4338 1.332559 104
4339 3.230126 104
4340 2.041532 104
4341 1.364691 104
4342 1.700391 104
4343 1.160107 104
4344 0.000000 104
4345 0.000000 104
4346 0.000000 104
4347 0.000000 104
4348 0.000000 104
4349 0.000000 104
4350 0.000000 103
4351 1.601027 103
4352 0.540986 103
4353 1.889806 103
4354 3.062438 103
4355 2.128607 103
4356 3.257807 103
4357 2.393332 103
4358 1.548143 103
4359 1.642363 103
4360 97.488673 103
4361 102.481329 103
4362 105.325378 103
4363 107.145104 103
4364 100.379687 103
4365 105.418638 103
4366 102.602002 103
4367 104.855151 103
4368 100.665934 103
4369 97.053863 103
4370 103.223996 103
4371 110.501760 103
4372 107.803210 103
4373 101.384161 103
4374 102.925103 103
4375 101.972991 103
4376 88.693251 103
4377 99.854955 103
4378 95.680973 103
4379 3.886108 103
4380 6.959890 103
4381 17.691300 103
4382 8.601142 103
4383 15.954730 103
4384 5.885399 103
4385 5.562051 103
4386 8.442184 103
4387 6.418565 103
4388 366.222581 103
4389 2.461116 103
4390 5.255327 103
4391 11.718368 103
4392 70.876793 103
4393 11.402057 103
4394 3.005018 103
4395 5.859634 103
4396 4.835630 103
4397 7.250562 103
4398 6.163400 103
4399 5.917330 103
4400 2.161391 86
4401 4.594908 86
4402 5.181978 86
4403 6.193215 86
4404 5.294790 86
4405 6.202307 86
4406 3.303880 86
4407 3.616870 86
4408 3.250884 86
4409 4.403817 86
4410 3.398355 86
4411 2.831258 86
4412 3.784902 86
4413 2.017098 86
4414 22.902330 86
4415 4.600282 86
4416 100.384269 86
4417 1.731860 86
4418 28.353155 86
4419 80.599790 86
4420 5.106043 86
4421 1.760996 86
4422 42.882746 86
4423 48.394601 86
4424 5.516073 86
4425 2.061503 86
4426 27.998339 86
4427 84.974079 86
4428 4.723425 86
4429 15.982493 86
4430 5.383517 86
4431 4.462287 86
4432 101.118287 86
4433 16.772296 86
4434 4.634288 86
4435 105.866552 86
4436 5.614829 86
4437 2.058509 86
4438 44.664864 86
4439 60.989997 86
4440 5.450749 86
4441 2.001896 86
4442 43.453557 86
4443 5.538439 86
4444 64.471308 86
4445 1.917459 86
4446 25.956023 86
4447 5.282516 86
4448 97.986236 86
4449 2.667832 86
4450 13.392382 100
4451 73.444674 100
4452 4.510173 100
4453 1.629580 100
4454 0.945339 100
4455 2.074532 100
4456 1.692264 100
4457 4.899374 100
4458 2.350728 100
4459 5.340913 100
4460 4.114747 100
4461 11.422600 100
4462 2.456144 100
4463 5.368332 100
4464 1.353550 100
4465 3.326370 100
4466 3.450182 100
4467 2.273563 100
4468 2.566963 100
4469 6.446532 100
4470 1.541178 100
4471 2.388428 100
4472 4.831348 100
4473 20.611926 100
4474 45.113620 100
4475 2.758707 100
4476 6.177899 100
4477 13.702361 100
4478 1.529654 100
4479 1.590848 100
4480 7.521866 100
4481 1.364550 100
4482 1.456833 100
4483 0.002758 100
4484 2.051388 100
4485 2.444526 100
4486 2.729894 100
4487 3.914589 100
4488 3.330333 100
4489 1.981454 100
4490 3.491473 100
4491 3.798540 100
4492 19.233699 100
4493 4.218615 100
4494 3.288368 100
4495 0.589087 100
4496 6.110629 100
4497 3.621013 100
4498 3.898070 100
4499 16.630935 100
