0 0.450481 119
1 1.805915 119
2 2.218262 119
3 1.019716 119
4 1.064893 119
5 0.000000 119
6 0.553954 119
7 14.069740 119
8 0.627714 119
9 0.592309 119
10 0.588924 119
11 0.634082 119
12 17.565664 119
13 2.048550 119
14 0.000000 119
15 0.671758 119
16 1.608563 119
17 1.554561 119
18 0.715233 119
19 1.377272 119
20 1.463422 119
21 0.513529 119
22 1.133966 119
23 0.723410 119
24 0.929063 119
25 1.060275 119
26 0.996537 119
27 6.117148 119
28 0.842025 119
29 0.706452 119
30 1.455085 119
31 0.771807 119
32 0.438264 119
33 1.272184 119
34 1.304806 119
35 0.769404 119
36 1.302872 119
37 0.540518 119
38 1.051214 119
39 0.973471 119
40 1.197268 119
41 1.151494 119
42 1.004160 119
43 0.879312 119
44 1.580136 119
45 0.783097 119
46 1.412177 119
47 2.340667 119
48 4.426369 119
49 0.867327 119
50 0.452148 118
51 0.561878 118
52 0.631219 118
53 0.707362 118
54 0.318778 118
55 0.286815 118
56 0.558753 118
57 0.540307 118
58 0.433524 118
59 0.000000 118
60 0.120872 118
61 3.256057 118
62 0.550200 118
63 0.645396 118
64 0.592905 118
65 0.872469 118
66 0.522330 118
67 0.526381 118
68 2.179847 118
69 1.728565 118
70 3.465575 118
71 3.399240 118
72 3.391543 118
73 0.800022 118
74 1.496736 118
75 1.230260 118
76 1.323463 118
77 1.751607 118
78 1.520148 118
79 1.602304 118
80 1.420444 118
81 1.098570 118
82 2.127517 118
83 1.020807 118
84 1.036574 118
85 1.056033 118
86 2.107924 118
87 3.216777 118
88 2.022697 118
89 0.114562 118
90 0.000000 118
91 1.155210 118
92 2.973553 118
93 2.068688 118
94 6.410088 118
95 0.000000 118
96 0.251489 118
97 2.682258 118
98 5.478176 118
99 5.786002 118
100 2.276157 96
101 4.547586 96
102 4.223073 96
103 4.496956 96
104 1.560552 96
105 2.984284 96
106 3.443835 96
107 2.420392 96
108 4.397346 96
109 0.745841 96
110 4.390957 96
111 28.665153 96
112 5.250237 96
113 1.727121 96
114 3.693637 96
115 3.807802 96
116 1.380587 96
117 1.614603 96
118 3.692618 96
119 4.361340 96
120 1.932353 96
121 1.783360 96
122 25.578965 96
123 1.182698 96
124 0.920028 96
125 2.564521 96
126 6.490866 96
127 3.908882 96
128 1.674795 96
129 27.729704 96
130 1.209249 96
131 1.388425 96
132 1.238879 96
133 0.383578 96
134 0.906929 96
135 1.091450 96
136 8.001802 96
137 1.183993 96
138 1.966895 96
139 2.029061 96
140 20.908609 96
141 1.267688 96
142 3.053928 96
143 0.902172 96
144 0.703621 96
145 1.184235 96
146 3.630053 96
147 1.676238 96
148 0.880784 96
149 1.996518 96
150 0.978584 108
151 1.863612 108
152 1.488092 108
153 0.395485 108
154 0.923484 108
155 1.826661 108
156 2.454128 108
157 0.671943 108
158 0.954132 108
159 1.466925 108
160 31.104541 108
161 0.703212 108
162 0.730702 108
163 0.890712 108
164 4.159253 108
165 3.472510 108
166 3.658541 108
167 1.682310 108
168 3.937076 108
169 0.000000 108
170 0.000000 108
171 30.944966 108
172 2.065825 108
173 3.558475 108
174 4.946178 108
175 5.077359 108
176 5.605849 108
177 6.701056 108
178 5.913807 108
179 0.061784 108
180 1.385467 108
181 6.917325 108
182 6.030834 108
183 7.745262 108
184 7.690905 108
185 8.012771 108
186 8.646190 108
187 0.091595 108
188 1.725479 108
189 7.286499 108
190 8.019307 108
191 0.108288 108
192 1.921171 108
193 9.153764 108
194 9.036554 108
195 0.109744 108
196 1.889958 108
197 9.074441 108
198 9.070666 108
199 8.953997 108
200 0.155361 102
201 2.080078 102
202 2.372163 102
203 2.647150 102
204 2.735650 102
205 3.329697 102
206 3.536180 102
207 3.208538 102
208 0.095464 102
209 1.707465 102
210 4.081641 102
211 5.020955 102
212 4.734731 102
213 5.396858 102
214 5.784229 102
215 5.724931 102
216 5.778555 102
217 6.772515 102
218 6.746922 102
219 7.095845 102
220 7.080554 102
221 7.010547 102
222 7.273435 102
223 7.094994 102
224 7.807571 102
225 7.334349 102
226 6.576686 102
227 0.123372 102
228 2.080185 102
229 7.650839 102
230 7.297128 102
231 0.113088 102
232 1.966581 102
233 6.940038 102
234 7.178347 102
235 6.346615 102
236 7.933896 102
237 7.611418 102
238 7.206436 102
239 7.182010 102
240 7.387798 102
241 7.108556 102
242 7.446449 102
243 7.457895 102
244 7.547908 102
245 7.740951 102
246 8.018432 102
247 0.121703 102
248 1.725292 102
249 7.551579 102
250 0.327884 108
251 2.906456 108
252 5.714914 108
253 0.111358 108
254 1.768322 108
255 4.629471 108
256 5.039814 108
257 5.202054 108
258 5.105209 108
259 5.190322 108
260 5.596850 108
261 5.663171 108
262 6.375034 108
263 7.360377 108
264 8.788394 108
265 6.664742 108
266 7.473421 108
267 7.364847 108
268 7.291659 108
269 8.460037 108
270 8.387974 108
271 0.152018 108
272 0.138146 108
273 0.125111 108
274 0.119024 108
275 0.115708 108
276 1.806946 108
277 9.431970 108
278 8.887345 108
279 0.124189 108
280 2.931506 108
281 8.755306 108
282 8.600594 108
283 7.612884 108
284 8.679463 108
285 9.154698 108
286 8.663419 108
287 8.877465 108
288 8.805803 108
289 8.886016 108
290 8.827066 108
291 0.144216 108
292 2.120105 108
293 8.874113 108
294 8.909941 108
295 8.974143 108
296 8.976303 108
297 9.742364 108
298 8.640414 108
299 8.540700 108
300 0.323234 109
301 3.129989 109
302 3.494235 109
303 4.061819 109
304 4.142093 109
305 4.432080 109
306 4.772291 109
307 5.050172 109
308 5.347164 109
309 5.725869 109
310 5.958287 109
311 6.314963 109
312 6.686064 109
313 6.694302 109
314 7.035872 109
315 6.999386 109
316 6.621236 109
317 7.685177 109
318 8.668416 109
319 7.735908 109
320 8.797661 109
321 8.566444 108
322 8.295747 108
323 8.133282 108
324 8.632710 108
325 8.082191 108
326 8.406366 108
327 8.642189 108
328 7.702046 108
329 8.608449 108
330 8.720676 108
331 8.152337 108
332 8.260188 108
333 8.287192 108
334 8.344249 108
335 8.449798 108
336 8.334722 108
337 8.376031 108
338 0.152917 108
339 3.410549 108
340 8.403663 108
341 8.732871 108
342 8.072048 108
343 8.830352 108
344 8.819101 108
345 8.712464 108
346 9.078097 108
347 8.449908 108
348 7.198364 108
349 7.512019 108
350 0.068762 115
351 1.346695 115
352 3.006240 115
353 3.449305 115
354 3.327172 115
355 0.103692 115
356 0.091042 115
357 0.067249 115
358 0.070324 115
359 1.222931 115
360 5.419016 115
361 5.851197 115
362 0.075672 115
363 1.358039 115
364 0.075570 115
365 1.532112 115
366 0.080085 115
367 0.078643 115
368 1.508843 115
369 7.908952 115
370 0.098512 115
371 0.095818 115
372 0.100648 115
373 1.834579 115
374 0.104288 115
375 1.885793 115
376 9.132237 115
377 7.642933 115
378 0.110894 115
379 0.109733 115
380 1.798889 115
381 8.055383 115
382 9.311668 115
383 0.125088 115
384 0.125708 115
385 2.063280 115
386 7.916942 115
387 8.196946 115
388 0.144320 115
389 0.148399 115
390 0.160401 115
391 0.171799 115
392 2.333498 115
393 9.210988 115
394 0.198779 115
395 0.202982 115
396 2.696976 115
397 0.252998 115
398 0.296242 115
399 0.322311 115
400 0.445067 108
401 4.615326 108
402 5.044506 108
403 6.036056 108
404 0.117604 108
405 0.114011 108
406 0.092942 108
407 0.080519 108
408 1.026274 108
409 0.068112 108
410 0.000000 108
411 0.000000 108
412 0.000000 108
413 0.000000 108
414 0.000000 108
415 0.000000 108
416 0.000000 108
417 0.000000 108
418 0.000000 108
419 0.000000 108
420 0.000000 108
421 0.000000 108
422 0.000000 108
423 0.000000 108
424 0.000000 108
425 0.000000 108
426 0.000000 108
427 0.000000 108
428 0.000000 108
429 0.000000 108
430 0.000000 108
431 0.000000 108
432 0.000000 108
433 0.000000 108
434 0.000000 108
435 0.000000 108
436 0.000000 108
437 0.000000 108
438 0.000000 108
439 0.000000 108
440 0.000000 108
441 0.000000 108
442 0.000000 108
443 0.000000 108
444 0.000000 108
445 0.000000 108
446 0.000000 108
447 0.000000 108
448 0.000000 108
449 0.000000 108
450 0.000000 110
451 0.000000 110
452 0.000000 110
453 0.000000 110
454 0.000000 110
455 0.000000 110
456 0.000000 110
457 0.000000 110
458 0.000000 110
459 0.007952 110
460 14.559287 110
461 2.214499 110
462 5.030191 110
463 4.871209 110
464 5.287295 110
465 8.790946 110
466 1.615134 110
467 2.538743 110
468 5.453928 110
469 12.898321 110
470 1.866351 110
471 1.607382 110
472 1.448781 110
473 2.303969 110
474 3.470098 110
475 1.575050 110
476 1.529185 110
477 1.567879 110
478 1.775858 110
479 1.649206 110
480 4.544138 110
481 1.913335 110
482 0.002354 110
483 3.306053 110
484 7.970154 110
485 5.845090 110
486 3.281444 110
487 6.428197 110
488 6.770740 110
489 2.941619 110
490 3.922784 110
491 8.577311 110
492 9.173995 110
493 2.033811 110
494 3.845172 110
495 4.080578 110
496 1.628117 110
497 7.438915 110
498 5.468830 110
499 0.000000 110
500 0.000000 117
501 4.206393 117
502 12.518717 117
503 5.484314 117
504 1.298132 117
505 1.698231 117
506 1.724996 117
507 1.704045 117
508 0.776963 117
509 3.769392 117
510 22.109930 117
511 1.064266 117
512 1.731116 117
513 0.734866 117
514 0.621186 117
515 3.190676 117
516 1.759957 117
517 1.420984 117
518 3.057511 117
519 3.364679 117
520 2.725375 117
521 2.604779 117
522 4.370222 117
523 12.602905 117
524 1.937444 117
525 2.996514 117
526 6.218733 117
527 16.062887 117
528 1.405947 117
529 2.812868 117
530 0.974693 117
531 1.858431 117
532 1.529428 117
533 2.486726 117
534 5.501676 117
535 2.826091 117
536 3.911755 117
537 2.115218 117
538 2.367062 117
539 5.283785 117
540 5.968216 117
541 3.754974 117
542 2.090766 117
543 0.384525 117
544 0.714968 117
545 1.801236 117
546 0.141949 117
547 1.576385 117
548 0.706067 117
549 9.583522 117
550 9.710963 105
551 72.737694 105
552 13.736128 105
553 1.836704 105
554 1.028114 105
555 1.004353 105
556 1.173246 105
557 15.411981 105
558 0.990196 105
559 82.613234 105
560 1.080782 105
561 20.849119 105
562 5.535229 105
563 3.306553 105
564 1.313689 105
565 41.910745 105
566 1.476025 105
567 179.390632 105
568 2.573238 105
569 0.364359 105
570 0.816394 105
571 0.523262 105
572 1.129982 105
573 1.279369 105
574 1.149297 105
575 1.189479 105
576 1.107456 105
577 1.532920 105
578 1.000360 105
579 1.742030 105
580 1.569480 105
581 1.456455 105
582 1.410380 105
583 1.405284 105
584 1.488701 105
585 1.443665 105
586 0.576692 105
587 0.621913 105
588 0.625999 105
589 1.654744 105
590 0.984967 105
591 0.496137 105
592 0.000000 105
593 0.400446 105
594 0.802384 105
595 0.958029 105
596 0.968631 105
597 0.898816 105
598 0.407002 105
599 0.808411 105
600 0.428605 116
601 0.900137 116
602 0.861762 116
603 0.305253 116
604 0.762742 116
605 0.902114 116
606 0.842620 116
607 0.901542 116
608 2.918808 116
609 0.425094 116
610 0.826988 116
611 0.325686 116
612 0.714773 116
613 0.806693 116
614 0.908947 116
615 0.971562 116
616 1.979158 116
617 2.845391 116
618 0.290954 116
619 1.272682 116
620 0.781608 116
621 0.335812 116
622 26.480194 116
623 28.872337 116
624 0.000000 116
625 0.668931 116
626 0.151275 116
627 0.168451 116
628 0.174903 116
629 0.163302 116
630 0.569184 116
631 0.413748 116
632 2.833303 116
633 3.027746 116
634 0.613344 116
635 0.747194 116
636 0.537622 116
637 0.542662 116
638 0.398138 116
639 0.676655 116
640 0.512484 116
641 0.678059 116
642 0.429921 116
643 0.516556 116
644 0.307576 116
645 0.678252 116
646 0.523716 116
647 0.562060 116
648 0.533298 116
649 1.946369 116
650 0.204875 112
651 0.604122 112
652 1.498615 112
653 0.508590 112
654 0.281270 112
655 5.745138 112
656 0.989594 112
657 0.483267 112
658 0.533147 112
659 0.167153 112
660 1.001164 112
661 0.375504 112
662 0.867463 112
663 0.620496 112
664 0.620802 112
665 0.447335 112
666 0.396719 112
667 0.710486 112
668 1.528322 112
669 0.642597 112
670 1.248336 112
671 0.670735 112
672 0.446666 112
673 0.559307 112
674 0.388007 112
675 0.000000 112
676 0.000000 112
677 0.549668 112
678 2.813271 112
679 0.000000 112
680 0.327184 112
681 4.365868 112
682 1.547843 112
683 0.002004 112
684 0.535011 112
685 0.958156 112
686 0.335611 112
687 0.319687 112
688 0.524854 112
689 1.311314 112
690 0.759818 112
691 0.358773 112
692 0.272583 112
693 0.637736 112
694 0.628011 112
695 0.407446 112
696 0.555243 112
697 156.566555 112
698 0.276848 112
699 0.681951 112
700 0.586106 104
701 2.019235 104
702 0.288945 104
703 1.030348 104
704 0.522245 104
705 0.259752 104
706 0.335379 104
707 0.386891 104
708 0.334328 104
709 0.496883 104
710 0.649083 104
711 0.394628 104
712 0.688973 104
713 0.533059 104
714 5.356887 104
715 4.613026 104
716 10.868620 104
717 6.132220 104
718 0.689782 104
719 0.962529 104
720 0.345080 104
721 0.340394 104
722 0.600101 104
723 0.549629 104
724 0.473114 104
725 0.231115 104
726 0.276042 104
727 0.313963 104
728 0.429866 104
729 0.869237 104
730 0.914243 104
731 0.626305 104
732 0.447742 104
733 1.091331 104
734 0.385036 104
735 1.101858 104
736 3.274141 104
737 0.636083 104
738 43.692245 104
739 75.531634 104
740 75.613402 104
741 1.093911 104
742 2.124130 104
743 2.306818 104
744 0.000000 104
745 3.221157 104
746 1.105977 104
747 2.480873 104
748 2.892585 104
749 1.641721 104
750 8.624035 102
751 1.631093 102
752 1.173384 102
753 3.136406 102
754 1.465988 102
755 16.042035 102
756 10.455496 102
757 74.677404 102
758 1.038050 102
759 11.215633 102
760 1.191885 102
761 20.734442 102
762 0.567633 102
763 3.682173 102
764 4.768903 102
765 1.615014 102
766 0.787428 102
767 3.530151 102
768 1.477398 102
769 0.776203 102
770 4.960996 102
771 0.552199 102
772 0.384651 102
773 0.265785 102
774 0.884795 102
775 2.171483 102
776 0.000000 102
777 1.498661 102
778 1.029781 102
779 0.920737 102
780 1.487759 102
781 2.827555 102
782 5.401594 102
783 0.997439 102
784 1.870356 102
785 1.270422 102
786 3.136058 102
787 1.377192 102
788 2.976374 102
789 0.601770 102
790 0.793870 102
791 53.945207 102
792 2.054660 102
793 1.365728 102
794 1.047724 102
795 1.024453 102
796 1.041010 102
797 0.796367 102
798 0.781754 102
799 1.023763 102
800 40.622229 115
801 3.499237 115
802 1.330538 115
803 15.883306 115
804 2.918598 115
805 1.200348 115
806 17.268264 115
807 1.600082 115
808 1.649680 115
809 4.463957 115
810 7.352102 115
811 1.641210 115
812 1.086997 115
813 3.541473 115
814 2.430473 115
815 0.834733 115
816 9.359425 115
817 6.012355 115
818 4.575759 115
819 3.638614 115
820 3.515394 115
821 4.145370 115
822 1.537796 115
823 1.398727 115
824 0.055728 115
825 4.617218 115
826 1.322296 115
827 4.280451 115
828 1.833896 115
829 6.899330 115
830 17.626701 115
831 10.632046 115
832 36.973263 115
833 1.667681 115
834 1.710798 115
835 1.155754 115
836 1.187986 115
837 1.076622 115
838 1.492469 115
839 8.043199 115
840 18.442345 115
841 0.247959 115
842 2.780150 115
843 2.087747 115
844 1.578318 115
845 2.304316 115
846 176.276135 115
847 1.803714 115
848 2.314627 115
849 1.403022 115
850 38.951193 113
851 0.960076 113
852 2.310826 113
853 1.905178 113
854 1.984068 113
855 5.330903 113
856 4.563151 113
857 1.644348 113
858 5.000872 113
859 3.989506 113
860 3.119914 113
861 2.781089 113
862 1.496512 113
863 1.592460 113
864 0.220041 113
865 1.125725 113
866 0.000000 113
867 0.067579 113
868 0.000000 113
869 0.000000 113
870 0.039597 113
871 0.000000 113
872 0.030952 113
873 0.000000 113
874 0.000000 113
875 0.000000 113
876 0.000000 113
877 0.000000 113
878 0.000000 113
879 0.000000 113
880 0.000000 113
881 0.000000 113
882 0.000000 113
883 0.000000 113
884 0.000000 113
885 0.000000 113
886 0.000000 113
887 0.000000 113
888 0.000000 113
889 0.000000 113
890 0.000000 113
891 0.000000 113
892 0.172090 113
893 0.000000 113
894 0.190163 113
895 1.554661 113
896 5.373081 113
897 5.260177 113
898 2.745451 113
899 5.417706 113
900 1.894400 109
901 0.488134 109
902 10.272483 109
903 22.750039 109
904 22.943286 109
905 7.445862 109
906 3.212969 109
907 3.285453 109
908 7.422414 109
909 3.387185 109
910 2.901235 109
911 7.418764 109
912 2.964193 109
913 3.297314 109
914 1.460097 109
915 3.478526 109
916 2.730963 109
917 0.000000 109
918 0.000000 109
919 0.000000 109
920 0.000000 109
921 0.000000 109
922 0.000000 109
923 0.000000 109
924 0.000000 109
925 0.000000 109
926 0.000000 109
927 0.000000 109
928 0.000000 109
929 0.000000 109
930 0.000000 109
931 3.423703 109
932 4.268978 109
933 2.968961 109
934 4.951336 109
935 6.312963 109
936 13.625205 109
937 5.329634 109
938 4.358540 109
939 0.439065 109
940 1.963301 109
941 2.100397 109
942 1.857658 109
943 2.242935 109
944 0.927755 109
945 1.463195 109
946 2.092696 108
947 2.717786 108
948 2.172681 108
949 5.207398 108
950 2.115349 107
951 39.752998 107
952 1.692525 107
953 2.131795 107
954 1.953341 107
955 2.766530 107
956 1.588232 107
957 3.271637 107
958 4.389245 107
959 4.348976 107
960 1.477697 107
961 4.601977 107
962 3.365880 107
963 4.643338 107
964 1.535106 107
965 2.710123 107
966 4.168633 107
967 22.766070 107
968 31.223605 107
969 33.024001 107
970 34.914339 107
971 34.003262 107
972 1.417871 107
973 1.985908 107
974 2.632285 107
975 4.346704 107
976 1.472925 107
977 1.251783 107
978 2.404763 107
979 1.191714 107
980 1.239612 107
981 19.352070 107
982 2.090686 107
983 1.950864 107
984 2.136095 107
985 8.454319 107
986 1.610505 107
987 4.634660 107
988 1.696045 107
989 0.122764 107
990 2.053852 107
991 1.326326 107
992 1.849576 107
993 2.071850 107
994 0.864023 107
995 0.788355 107
996 1.574671 107
997 2.502616 107
998 3.333318 107
999 0.571655 107
1000 1.645514 86
1001 1.622914 86
1002 0.781064 86
1003 2.340382 86
1004 1.075622 86
1005 1.161515 86
1006 4.593418 86
1007 0.431337 86
1008 0.951930 86
1009 1.282895 86
1010 1.471461 86
1011 1.121141 86
1012 5.425637 86
1013 17.222675 86
1014 1.956232 86
1015 1.429015 86
1016 5.268461 86
1017 6.700887 86
1018 6.259062 86
1019 6.301763 86
1020 6.571703 86
1021 6.629507 86
1022 6.247918 86
1023 5.786447 86
1024 7.163943 86
1025 6.605030 86
1026 6.411978 86
1027 6.124550 86
1028 6.125736 86
1029 6.339500 86
1030 6.806996 86
1031 6.501136 86
1032 1.754793 86
1033 3.351613 86
1034 3.547737 86
1035 1.946674 86
1036 5.038435 86
1037 1.888202 86
1038 4.006436 86
1039 3.267572 86
1040 1.809695 86
1041 4.675663 86
1042 2.776245 86
1043 0.354790 86
1044 2.986819 86
1045 4.433086 86
1046 1.285798 86
1047 2.459238 86
1048 2.580581 86
1049 3.624873 86
1050 7.185424 106
1051 6.654748 106
1052 6.900467 106
1053 2.188543 106
1054 4.851829 106
1055 2.320029 106
1056 5.344582 106
1057 6.089285 106
1058 2.584938 106
1059 6.725452 106
1060 7.015494 106
1061 28.036584 106
1062 105.837620 106
1063 146.910827 106
1064 195.154500 106
1065 74.308464 106
1066 251.830983 106
1067 46.410884 106
1068 144.649522 106
1069 88.198199 106
1070 85.361117 106
1071 184.750347 106
1072 103.034555 106
1073 161.737436 106
1074 46.740716 106
1075 78.837252 106
1076 146.642028 106
1077 101.334339 106
1078 191.398897 106
1079 250.139843 106
1080 71.015287 106
1081 78.619078 106
1082 193.765812 106
1083 151.467470 106
1084 164.876669 106
1085 42.972451 106
1086 96.183280 106
1087 0.614732 106
1088 1.184109 106
1089 1.009518 106
1090 0.642405 106
1091 1.293787 106
1092 0.893761 106
1093 0.747890 106
1094 2.214243 106
1095 1.162838 106
1096 2.562774 106
1097 4.227427 106
1098 4.384966 106
1099 7.356004 106
1100 2.268461 122
1101 1.748215 122
1102 291.243942 122
1103 1.025953 122
1104 1.032301 122
1105 1.024198 122
1106 0.983981 122
1107 1.085336 122
1108 2.016076 122
1109 5.326359 122
1110 7.239753 122
1111 5.662194 122
1112 0.060954 122
1113 21.539115 122
1114 1.024697 122
1115 1.070866 122
1116 1.066024 122
1117 2.559320 122
1118 2.311647 122
1119 1.737325 122
1120 3.391137 122
1121 3.256690 122
1122 0.473489 122
1123 1.225211 122
1124 1.293341 122
1125 0.415454 122
1126 2.460471 122
1127 5.571347 122
1128 5.621311 122
1129 1.968717 122
1130 2.011329 122
1131 3.162901 122
1132 1.257559 122
1133 2.196472 122
1134 2.938890 122
1135 9.734993 121
1136 62.159970 122
1137 2.289752 122
1138 5.957332 121
1139 0.322617 121
1140 1.008613 121
1141 0.793393 121
1142 0.000000 121
1143 0.552588 121
1144 0.797811 121
1145 4.877713 121
1146 10.137819 121
1147 65.177073 121
1148 6.402094 121
1149 2.661745 121
1150 2.143398 111
1151 4.818655 111
1152 5.124961 110
1153 2.166827 111
1154 2.686107 111
1155 2.388274 111
1156 1.592415 111
1157 4.096886 111
1158 1.345808 111
1159 3.004816 111
1160 11.752997 111
1161 42.190725 111
1162 6.365906 111
1163 21.840818 111
1164 6.356375 111
1165 3.219153 111
1166 2.325180 111
1167 0.647772 111
1168 1.577901 111
1169 6.717808 111
1170 0.583353 111
1171 1.342162 111
1172 0.614156 111
1173 1.108556 111
1174 0.628838 111
1175 1.117675 111
1176 0.583980 111
1177 1.328852 111
1178 0.653449 111
1179 1.129880 111
1180 0.616780 111
1181 1.112007 111
1182 1.935167 111
1183 1.343742 111
1184 7.436530 111
1185 15.804031 111
1186 0.983264 111
1187 1.832261 111
1188 0.046995 111
1189 0.097273 111
1190 6.733350 111
1191 9.703000 111
1192 42.699160 111
1193 1.634890 111
1194 3.469910 111
1195 3.502652 111
1196 7.104020 111
1197 4.730621 111
1198 2.699876 111
1199 3.995426 111
1200 13.410670 113
1201 38.509756 113
1202 1.205404 113
1203 6.312147 113
1204 0.000000 113
1205 3.124910 113
1206 11.890109 113
1207 6.061472 113
1208 0.712854 113
1209 3.298785 113
1210 0.232185 113
1211 30.949713 113
1212 18.240575 113
1213 7.545111 113
1214 5.341512 113
1215 0.404044 113
1216 1.311417 113
1217 1.318060 113
1218 3.885962 113
1219 1.974394 113
1220 1.088448 113
1221 1.635856 113
1222 1.559256 113
1223 2.390720 113
1224 7.356352 113
1225 2.066109 113
1226 1.571534 113
1227 25.078353 113
1228 2.358897 113
1229 2.396064 113
1230 37.645111 113
1231 1.794233 113
1232 4.256326 113
1233 2.164070 113
1234 5.184332 113
1235 37.816127 113
1236 0.557974 113
1237 1.082833 113
1238 2.928153 113
1239 1.203897 113
1240 2.316229 113
1241 6.338948 113
1242 1.403783 113
1243 0.145418 113
1244 2.513628 113
1245 9.022083 113
1246 61.753877 113
1247 1.189508 113
1248 0.531877 113
1249 0.663457 113
1250 20.399411 114
1251 1.932688 114
1252 4.759863 114
1253 5.566090 114
1254 19.402759 114
1255 4.633280 114
1256 1.191376 114
1257 3.648588 114
1258 2.635356 114
1259 0.553809 114
1260 2.775134 114
1261 1.334147 114
1262 5.448300 114
1263 7.019826 114
1264 0.940078 114
1265 0.845941 114
1266 2.356142 114
1267 1.786645 114
1268 15.583742 114
1269 1.891209 114
1270 2.454662 114
1271 4.641806 114
1272 5.291371 114
1273 6.165482 114
1274 5.543939 114
1275 6.804520 114
1276 5.936198 114
1277 4.476931 114
1278 1.414184 114
1279 0.468926 114
1280 0.550940 114
1281 0.718771 114
1282 0.000000 114
1283 0.640924 114
1284 0.581795 114
1285 7.363511 114
1286 4.558140 114
1287 16.926173 114
1288 2.064714 114
1289 4.277245 114
1290 0.163981 114
1291 17.685890 114
1292 17.813561 114
1293 1.780259 114
1294 1.921877 114
1295 19.757671 114
1296 2.093112 114
1297 1.801900 114
1298 463.069488 114
1299 0.000000 114
1300 0.468337 110
1301 0.967367 110
1302 0.885697 110
1303 0.261897 110
1304 0.709070 110
1305 0.480333 110
1306 3.575168 110
1307 0.617332 110
1308 1.625543 110
1309 1.685708 110
1310 1.102557 110
1311 2.344506 110
1312 2.422958 110
1313 1.957786 110
1314 7.718639 110
1315 1.012647 110
1316 2.207084 110
1317 1.363226 110
1318 0.955497 110
1319 2.131257 110
1320 1.106489 110
1321 2.970303 110
1322 0.210208 110
1323 1.124196 110
1324 1.319158 110
1325 1.274002 110
1326 1.439585 110
1327 0.683343 110
1328 1.922827 110
1329 0.095815 110
1330 30.666697 110
1331 1.792706 110
1332 2.437080 110
1333 1.000622 110
1334 1.115435 110
1335 1.160870 110
1336 1.554789 110
1337 2.153232 110
1338 1.871579 110
1339 2.144221 110
1340 2.087194 110
1341 2.202282 110
1342 2.219740 110
1343 2.058842 110
1344 2.005508 110
1345 2.397175 110
1346 2.533409 110
1347 2.405672 110
1348 2.737102 110
1349 2.909082 110
1350 0.943127 100
1351 1.628165 100
1352 1.712270 100
1353 1.511453 100
1354 1.549559 100
1355 1.623272 100
1356 1.795071 100
1357 1.614889 100
1358 1.989886 100
1359 1.595032 100
1360 1.820239 100
1361 1.761281 100
1362 1.990761 100
1363 2.110158 100
1364 3.157410 100
1365 1.867299 100
1366 1.968248 100
1367 1.895502 100
1368 2.314558 100
1369 2.458530 100
1370 2.115135 100
1371 2.185092 100
1372 2.331766 100
1373 2.294050 100
1374 2.551262 100
1375 2.557280 100
1376 2.564473 100
1377 2.601929 100
1378 2.724014 100
1379 2.549534 100
1380 2.212854 100
1381 2.695958 100
1382 2.775809 100
1383 2.598883 100
1384 2.330232 100
1385 2.860461 100
1386 17.152484 100
1387 79.493016 100
1388 53.361119 100
1389 52.488588 100
1390 52.499030 100
1391 99.388383 100
1392 124.090132 100
1393 283.331684 100
1394 112.988612 100
1395 137.087017 100
1396 31.713590 100
1397 72.669204 100
1398 50.895607 100
1399 111.691803 100
1400 15.513116 98
1401 67.035534 98
1402 39.239012 98
1403 44.480077 98
1404 55.380617 98
1405 87.638785 98
1406 43.970024 98
1407 193.055561 98
1408 38.818046 98
1409 56.363087 98
1410 81.397334 98
1411 91.754307 98
1412 45.822507 98
1413 111.533918 98
1414 110.722865 98
1415 44.869077 98
1416 98.181996 98
1417 15.507027 98
1418 78.078949 98
1419 82.655346 98
1420 114.802000 98
1421 43.853547 98
1422 48.055875 98
1423 25.630438 98
1424 219.885414 98
1425 90.166699 98
1426 47.603270 98
1427 97.843710 98
1428 59.588636 98
1429 105.184502 98
1430 63.500505 98
1431 50.375283 98
1432 116.796571 98
1433 1.359975 98
1434 4.148064 98
1435 0.001567 98
1436 0.049376 98
1437 0.001284 98
1438 0.000747 98
1439 0.003243 98
1440 0.196548 98
1441 3.750146 98
1442 3.196245 98
1443 0.371671 98
1444 1.321363 98
1445 2.480518 98
1446 20.204919 98
1447 1.488315 98
1448 1.412622 98
1449 0.745016 98
1450 1.493250 92
1451 2.159060 92
1452 2.665820 92
1453 2.766279 92
1454 0.003529 92
1455 3.043975 92
1456 2.924017 92
1457 0.926229 92
1458 1.048956 92
1459 2.227665 92
1460 1.153358 92
1461 2.178092 92
1462 1.514641 92
1463 3.383753 92
1464 3.115333 92
1465 1.088461 92
1466 2.339831 92
1467 2.250045 92
1468 2.566068 92
1469 2.645246 92
1470 1.217293 92
1471 1.933730 92
1472 4.596238 92
1473 6.897671 92
1474 2.619851 92
1475 4.772289 92
1476 1.907200 92
1477 4.024679 92
1478 1.277787 92
1479 1.533073 92
1480 1.482554 92
1481 1.350391 92
1482 5.339219 92
1483 0.855573 92
1484 1.665730 92
1485 0.853539 92
1486 5.533818 92
1487 2.600501 92
1488 0.831479 92
1489 2.878309 92
1490 0.912767 92
1491 2.126765 92
1492 3.608261 92
1493 1.597296 92
1494 2.465945 92
1495 29.342659 92
1496 1.817284 92
1497 1.046370 92
1498 1.138115 92
1499 1.009043 92
1500 0.504113 109
1501 1.248873 109
1502 4.305015 109
1503 1.756324 109
1504 1.593778 109
1505 1.339530 109
1506 1.469533 109
1507 1.452924 109
1508 1.576084 109
1509 1.385228 109
1510 1.591890 109
1511 0.579443 109
1512 0.358226 109
1513 0.917341 109
1514 1.762472 109
1515 1.299062 109
1516 1.896732 109
1517 0.717570 109
1518 0.503165 109
1519 11.645184 109
1520 61.755457 109
1521 0.381294 109
1522 1.018952 109
1523 0.638086 109
1524 2.682882 109
1525 1.219301 109
1526 3.218617 109
1527 2.859496 109
1528 0.000000 109
1529 0.000000 109
1530 0.000000 109
1531 0.000000 109
1532 1.206990 109
1533 2.325672 109
1534 2.357314 109
1535 2.277137 109
1536 118.964095 109
1537 0.983774 109
1538 0.978320 109
1539 0.835609 109
1540 0.972584 109
1541 1.008873 109
1542 1.007524 109
1543 0.970648 109
1544 0.973928 109
1545 1.169665 109
1546 1.651659 109
1547 0.000000 109
1548 1.229634 109
1549 2.563292 109
1550 1.973677 121
1551 0.913640 121
1552 0.710919 121
1553 2.483454 121
1554 6.381570 121
1555 0.656136 121
1556 1.564711 121
1557 0.790171 121
1558 2.108154 121
1559 1.081333 121
1560 1.360717 121
1561 2.023290 121
1562 1.283168 121
1563 0.563701 121
1564 1.360943 121
1565 2.879227 121
1566 2.730105 121
1567 3.181688 121
1568 0.804428 121
1569 0.757443 121
1570 0.059549 121
1571 1.959239 121
1572 1.430386 121
1573 1.857773 121
1574 1.375278 121
1575 0.300257 121
1576 10.207670 121
1577 0.781479 121
1578 1.077526 121
1579 1.356918 121
1580 1.461530 121
1581 2.712662 121
1582 2.601656 121
1583 2.683124 121
1584 4.361461 121
1585 4.819666 121
1586 2.598340 121
1587 3.545272 121
1588 0.346960 121
1589 2.595183 121
1590 3.123192 121
1591 2.633926 121
1592 2.436981 121
1593 3.361226 121
1594 1.817318 121
1595 0.097274 121
1596 3.238476 121
1597 2.860898 121
1598 2.591407 121
1599 5.141836 121
1600 2.254597 114
1601 1.958774 114
1602 4.598405 114
1603 4.067027 114
1604 4.023818 114
1605 1.472112 114
1606 4.462518 114
1607 4.268547 114
1608 1.521491 114
1609 3.920521 114
1610 4.238542 114
1611 1.995685 114
1612 4.786797 114
1613 1.874161 114
1614 4.818300 114
1615 2.122112 114
1616 4.332549 114
1617 5.179356 114
1618 4.363157 114
1619 5.728650 114
1620 1.010106 114
1621 11.484484 114
1622 1.758586 114
1623 1.279346 114
1624 1.433239 114
1625 2.376197 114
1626 1.297885 114
1627 2.174755 114
1628 1.435097 114
1629 2.323472 114
1630 28.818724 114
1631 97.521358 114
1632 2.448273 114
1633 1.032485 114
1634 32.611206 114
1635 1.048838 114
1636 0.000000 114
1637 0.000000 114
1638 0.000000 114
1639 6.256054 114
1640 1.218373 114
1641 1.287832 114
1642 2.733614 114
1643 5.847709 114
1644 3.458479 114
1645 7.254870 114
1646 1.372588 114
1647 3.215803 114
1648 0.602912 114
1649 1.467519 114
1650 2.043564 103
1651 2.608438 103
1652 1.914894 103
1653 1.205860 103
1654 35.427791 103
1655 17.594127 103
1656 1.942717 103
1657 1.871809 103
1658 1.186742 103
1659 1.271316 103
1660 1.665624 103
1661 2.841070 103
1662 2.052104 103
1663 2.319218 103
1664 0.250904 103
1665 1.568754 103
1666 1.658036 103
1667 0.735041 103
1668 1.269611 103
1669 1.615978 103
1670 0.687728 103
1671 1.456611 103
1672 0.093418 103
1673 0.052767 103
1674 0.049393 103
1675 0.046911 103
1676 0.045271 103
1677 0.051069 103
1678 0.057932 103
1679 0.374604 103
1680 0.059740 103
1681 0.344969 103
1682 1.778529 103
1683 4.558680 103
1684 4.557459 103
1685 0.480762 103
1686 0.669309 103
1687 3.821845 103
1688 2.042861 103
1689 0.953200 103
1690 112.782823 103
1691 2.230790 103
1692 107.344921 103
1693 0.569810 103
1694 1.805942 103
1695 3.920996 103
1696 1.745251 103
1697 3.939824 103
1698 1.373522 103
1699 3.650342 103
1700 1.322557 98
1701 2.873769 98
1702 2.533494 98
1703 0.692393 98
1704 0.753227 98
1705 2.465279 98
1706 5.218961 96
1707 5.755745 98
1708 4.277220 98
1709 3.796188 98
1710 11.371168 98
1711 35.218774 98
1712 32.687078 98
1713 34.353735 98
1714 1.079849 98
1715 1.619839 98
1716 0.809013 98
1717 2.118613 98
1718 10.422634 98
1719 1.244156 98
1720 0.931018 98
1721 0.961893 98
1722 1.121225 98
1723 4.255498 98
1724 1.183739 98
1725 0.874650 98
1726 49.078668 98
1727 10.579235 98
1728 18.208669 98
1729 0.696547 98
1730 0.865255 98
1731 1.639795 98
1732 3.544706 98
1733 31.955326 98
1734 1.437482 98
1735 1.333065 98
1736 1.462030 98
1737 2.062495 98
1738 1.706629 98
1739 0.162274 98
1740 1.211192 98
1741 1.099079 98
1742 160.034615 98
1743 3.549311 98
1744 2.222682 98
1745 1.547162 98
1746 1.255890 98
1747 24.693998 98
1748 0.414796 98
1749 7.476690 98
1750 3.270152 123
1751 2.516477 123
1752 0.887687 123
1753 1.520094 123
1754 3.617603 123
1755 3.752333 123
1756 18.326708 123
1757 1.207605 123
1758 1.109414 123
1759 22.296748 123
1760 1.424445 123
1761 1.713290 123
1762 2.179587 123
1763 1.757201 123
1764 2.517416 123
1765 1.744758 123
1766 1.794422 123
1767 2.032051 123
1768 2.324874 123
1769 0.000000 123
1770 0.000000 123
1771 0.426362 123
1772 1.336695 123
1773 5.411718 123
1774 1.628169 122
1775 4.438481 122
1776 0.794501 122
1777 1.139636 122
1778 1.139077 122
1779 1.838023 122
1780 1.176236 122
1781 7.922690 122
1782 7.307991 122
1783 21.486779 122
1784 12.774250 122
1785 0.910055 122
1786 1.117801 122
1787 0.000000 122
1788 1.266226 122
1789 1.409491 122
1790 2.254538 122
1791 0.107551 122
1792 1.679069 122
1793 3.445494 122
1794 3.684537 122
1795 0.705068 122
1796 0.807138 122
1797 1.794243 122
1798 0.865655 122
1799 0.845822 122
1800 0.456576 117
1801 2.381338 117
1802 0.336991 117
1803 0.734496 117
1804 1.628258 117
1805 0.745520 117
1806 0.717907 117
1807 0.000000 117
1808 1.605266 117
1809 1.803348 117
1810 0.599863 117
1811 0.046740 117
1812 0.486560 117
1813 2.499518 117
1814 3.237408 117
1815 3.306307 117
1816 12.989282 117
1817 1.157242 117
1818 1.055768 117
1819 1.191558 117
1820 1.288717 117
1821 168.096388 117
1822 219.007262 117
1823 2.094220 117
1824 2.523911 117
1825 1.024139 117
1826 1.105282 117
1827 7.332475 117
1828 7.966883 117
1829 8.073138 117
1830 1.196587 117
1831 24.871305 117
1832 90.751439 117
1833 1.489062 117
1834 16.149599 117
1835 1.296156 117
1836 14.452426 117
1837 1.152793 117
1838 0.599042 117
1839 2.156370 117
1840 1.076285 117
1841 5.475682 117
1842 15.404236 117
1843 7.452417 117
1844 2.052355 117
1845 1.307883 117
1846 1.136347 117
1847 0.722552 117
1848 0.729299 117
1849 0.747955 117
1850 0.969027 110
1851 9.703921 110
1852 0.633882 110
1853 0.648908 110
1854 1.489033 110
1855 1.650359 110
1856 0.514144 110
1857 0.632849 110
1858 1.602442 110
1859 1.850894 110
1860 1.163817 110
1861 1.051768 110
1862 92.519548 110
1863 0.242603 110
1864 0.728522 110
1865 1.330446 110
1866 0.698414 110
1867 1.301881 110
1868 0.187677 110
1869 0.204513 110
1870 0.864065 110
1871 1.224612 110
1872 0.116121 110
1873 0.176839 110
1874 0.146507 110
1875 0.769144 110
1876 1.076983 110
1877 1.837065 110
1878 16.166442 110
1879 3.528455 110
1880 5.340627 110
1881 3.350651 110
1882 42.999306 110
1883 3.265464 110
1884 15.556383 110
1885 2.992341 110
1886 3.197418 110
1887 73.278646 110
1888 7.916498 110
1889 18.417117 110
1890 4.643219 110
1891 1.788182 110
1892 1.786087 110
1893 1.363151 110
1894 0.633929 110
1895 1.268106 110
1896 1.256036 110
1897 0.764153 110
1898 0.869181 110
1899 2.056933 110
1900 0.120124 111
1901 6.677742 111
1902 0.542882 111
1903 0.302301 111
1904 0.421684 111
1905 0.000000 111
1906 0.000000 111
1907 0.000000 111
1908 0.000000 111
1909 0.000000 111
1910 0.000000 111
1911 0.000000 111
1912 3.150149 111
1913 6.680484 111
1914 6.537536 111
1915 6.522449 111
1916 6.510888 111
1917 6.417969 111
1918 6.114177 111
1919 6.322891 111
1920 6.347776 111
1921 6.551509 111
1922 6.551770 111
1923 6.288413 111
1924 6.208642 111
1925 6.330223 111
1926 6.208265 111
1927 5.989597 111
1928 6.132362 111
1929 6.229366 111
1930 6.595274 111
1931 6.029540 111
1932 6.275233 111
1933 6.244421 111
1934 6.579088 111
1935 6.234356 111
1936 1.533037 111
1937 3.575986 111
1938 2.838555 111
1939 1.513369 111
1940 3.466665 111
1941 3.024588 111
1942 0.134711 111
1943 0.938799 111
1944 1.945389 111
1945 1.313534 111
1946 2.005457 111
1947 2.901380 111
1948 6.203814 109
1949 0.000000 111
1950 2.151477 106
1951 0.472088 106
1952 1.253801 106
1953 2.050591 106
1954 1.568410 106
1955 4.171280 106
1956 1.476749 106
1957 12.965406 106
1958 1.043620 106
1959 2.615825 106
1960 4.548672 106
1961 1.583731 106
1962 0.000000 106
1963 0.000000 106
1964 1.322278 106
1965 26.492360 106
1966 1.394345 106
1967 0.474002 106
1968 1.711527 106
1969 1.483076 106
1970 0.644414 106
1971 0.000000 106
1972 0.782385 106
1973 1.515349 106
1974 1.022893 106
1975 1.293217 106
1976 1.823605 106
1977 2.206373 106
1978 2.045015 106
1979 0.581588 106
1980 21.599233 106
1981 1.735770 106
1982 3.865131 106
1983 3.596282 106
1984 3.746440 106
1985 11.039545 106
1986 10.505968 106
1987 11.194185 106
1988 1.524524 106
1989 3.772494 106
1990 1.281876 106
1991 3.416737 106
1992 2.068962 106
1993 3.143716 106
1994 1.215849 106
1995 3.470980 106
1996 3.703223 106
1997 104.262081 106
1998 124.220210 106
1999 120.636192 106
2000 69.475953 118
2001 85.710782 118
2002 89.713032 118
2003 92.816671 118
2004 5.914044 118
2005 5.840763 118
2006 7.809627 118
2007 1.187521 118
2008 1.651999 118
2009 1.878727 118
2010 62.411014 118
2011 1.259951 118
2012 2.523641 118
2013 16.743572 118
2014 0.000000 118
2015 2.155856 118
2016 0.838435 118
2017 0.879803 118
2018 1.394382 118
2019 0.310855 118
2020 1.291744 118
2021 1.324299 118
2022 2.003676 118
2023 1.295474 118
2024 12.661199 118
2025 5.665865 118
2026 1.748163 118
2027 1.338970 118
2028 1.442932 118
2029 0.449307 118
2030 1.722360 118
2031 1.311076 118
2032 1.892369 118
2033 1.748305 118
2034 15.646375 118
2035 2.165416 118
2036 1.223967 118
2037 272.554840 118
2038 2.096004 118
2039 1.841837 118
2040 1.157273 118
2041 1.534373 118
2042 1.147604 118
2043 8.512864 118
2044 10.501829 118
2045 2.010145 118
2046 4.689320 118
2047 4.491979 118
2048 4.415383 118
2049 3.245420 118
2050 2.526672 120
2051 7.154828 120
2052 6.634399 120
2053 1.281999 120
2054 2.748895 120
2055 2.997371 120
2056 2.281176 120
2057 54.104593 120
2058 6.362808 120
2059 6.843320 120
2060 7.811360 120
2061 6.707045 120
2062 3.491043 120
2063 2.132473 120
2064 0.273799 120
2065 3.488713 120
2066 2.023403 120
2067 0.297392 120
2068 3.219152 120
2069 1.096650 120
2070 28.537113 120
2071 29.942563 120
2072 9.138584 120
2073 1.019893 120
2074 3.599307 120
2075 30.151380 120
2076 1.555715 120
2077 2.882902 120
2078 0.472102 120
2079 1.330673 120
2080 12.562678 120
2081 1.181894 120
2082 2.666954 120
2083 0.229434 120
2084 0.487200 120
2085 0.573280 120
2086 0.630659 120
2087 0.582751 120
2088 0.603963 120
2089 0.751657 120
2090 1.513552 120
2091 0.909419 120
2092 0.262193 120
2093 0.430745 120
2094 0.416379 120
2095 0.474506 120
2096 0.036115 120
2097 0.276043 120
2098 0.371694 120
2099 0.687945 120
2100 0.669588 109
2101 0.950845 109
2102 0.007450 109
2103 27.597516 109
2104 33.565214 109
2105 1.064418 109
2106 0.500074 109
2107 0.280020 109
2108 0.813909 109
2109 1.438241 109
2110 2.792159 109
2111 0.836849 109
2112 1.060298 109
2113 13.302759 109
2114 56.097493 109
2115 104.992143 109
2116 95.380224 109
2117 21.493898 109
2118 47.496491 109
2119 50.084443 109
2120 38.624599 109
2121 41.254086 109
2122 83.404381 109
2123 37.844334 109
2124 248.938384 109
2125 1.929583 109
2126 26.701213 109
2127 13.727403 109
2128 1.379240 109
2129 1.510486 109
2130 1.458976 109
2131 1.314527 109
2132 2.155450 109
2133 1.262238 109
2134 2.068221 109
2135 2.168854 109
2136 16.732093 109
2137 9.115673 109
2138 1.329403 109
2139 0.915033 109
2140 1.034057 109
2141 4.644518 109
2142 1.766253 109
2143 1.942673 109
2144 7.714976 109
2145 14.617049 109
2146 44.749058 109
2147 12.145819 109
2148 1.554448 109
2149 0.806941 109
2150 12.256901 106
2151 5.176013 106
2152 0.663980 106
2153 1.391128 106
2154 1.367560 106
2155 1.236431 106
2156 6.852132 106
2157 12.699457 106
2158 6.224380 106
2159 7.997060 106
2160 0.002927 106
2161 0.294163 106
2162 0.313161 106
2163 0.388272 106
2164 0.318469 106
2165 0.391525 106
2166 0.370250 106
2167 0.471790 106
2168 0.468716 106
2169 0.522938 106
2170 0.410921 106
2171 0.520066 106
2172 0.472578 106
2173 0.445149 106
2174 0.398148 106
2175 0.566202 106
2176 0.529358 106
2177 0.614151 106
2178 0.538337 106
2179 0.455726 106
2180 0.578584 106
2181 0.615898 106
2182 0.600484 106
2183 0.620348 106
2184 0.662870 106
2185 0.820793 106
2186 0.631321 106
2187 0.768480 106
2188 0.807651 106
2189 1.024241 106
2190 0.994173 106
2191 1.108832 106
2192 0.921033 106
2193 1.009210 106
2194 1.305936 106
2195 1.379788 106
2196 1.346567 106
2197 1.263009 106
2198 1.412310 106
2199 1.491481 106
2200 0.855551 103
2201 0.740391 103
2202 0.935111 103
2203 0.689929 103
2204 0.704408 103
2205 1.277058 103
2206 0.885530 103
2207 0.763046 103
2208 0.781348 103
2209 0.639805 103
2210 0.656815 103
2211 0.520774 103
2212 0.776448 103
2213 0.587556 103
2214 0.697487 103
2215 0.680435 103
2216 0.729771 103
2217 0.519775 103
2218 0.640926 103
2219 0.518405 103
2220 0.645837 103
2221 0.576201 103
2222 0.510958 103
2223 0.687748 103
2224 0.688482 103
2225 0.931898 103
2226 0.787544 103
2227 0.907688 103
2228 0.964338 103
2229 0.844931 103
2230 0.854795 103
2231 0.804892 103
2232 0.891604 103
2233 0.995046 103
2234 1.072290 103
2235 1.092659 103
2236 1.197980 103
2237 1.469101 103
2238 1.193626 103
2239 1.232632 103
2240 1.135345 103
2241 1.129057 103
2242 1.346146 103
2243 1.255891 103
2244 1.006796 103
2245 1.071025 103
2246 2.195318 103
2247 1.581493 103
2248 1.603492 103
2249 1.548761 103
2250 0.517649 103
2251 0.692435 103
2252 0.630654 103
2253 0.694884 103
2254 0.613233 103
2255 0.633487 103
2256 0.544459 103
2257 0.560993 103
2258 0.438252 103
2259 0.493665 103
2260 0.496189 103
2261 0.615768 103
2262 0.440576 103
2263 0.495065 103
2264 0.399800 103
2265 0.506165 103
2266 0.559371 103
2267 0.542259 103
2268 0.508882 103
2269 0.517201 103
2270 0.593011 103
2271 0.648376 103
2272 0.622815 103
2273 0.721116 103
2274 0.704571 103
2275 0.646284 103
2276 0.787857 103
2277 0.733312 103
2278 0.761629 103
2279 0.915712 103
2280 0.863989 103
2281 0.966207 103
2282 1.007969 103
2283 0.812475 103
2284 0.804193 103
2285 0.958271 103
2286 1.107011 103
2287 0.828214 103
2288 1.096958 103
2289 1.084008 103
2290 1.217057 103
2291 1.140754 103
2292 1.316453 103
2293 1.192107 103
2294 2.054958 103
2295 1.506867 103
2296 1.711099 103
2297 1.530552 103
2298 1.399785 103
2299 1.726411 103
2300 0.634942 102
2301 0.627333 102
2302 0.679924 102
2303 0.699411 102
2304 0.710915 102
2305 0.684473 102
2306 0.665064 102
2307 0.546556 102
2308 0.489659 102
2309 0.488536 102
2310 0.500730 102
2311 0.486378 102
2312 0.543586 102
2313 0.507744 102
2314 0.538115 102
2315 0.441721 102
2316 0.598075 102
2317 0.572801 101
2318 0.564121 101
2319 0.571492 101
2320 0.639655 101
2321 0.762567 101
2322 0.621144 101
2323 0.674433 101
2324 0.752479 101
2325 0.753511 101
2326 0.889073 101
2327 0.796632 101
2328 0.921498 101
2329 1.075508 101
2330 1.106957 101
2331 0.968058 101
2332 0.864703 101
2333 1.228870 101
2334 1.178089 101
2335 1.188971 101
2336 1.120982 101
2337 1.125207 101
2338 1.181381 101
2339 0.968530 101
2340 1.167210 101
2341 1.674564 101
2342 1.368292 101
2343 1.272193 101
2344 1.362779 101
2345 1.607176 101
2346 1.622000 101
2347 1.284760 101
2348 1.532222 101
2349 2.514027 101
2350 0.693258 87
2351 2.274600 87
2352 1.712759 87
2353 23.757965 87
2354 3.642370 87
2355 3.237874 87
2356 25.287217 87
2357 96.616204 87
2358 72.416427 87
2359 154.824223 87
2360 45.757044 87
2361 125.358327 87
2362 175.249954 87
2363 99.251592 87
2364 84.474479 87
2365 78.265826 87
2366 184.601420 87
2367 128.561816 87
2368 217.096612 87
2369 34.258546 87
2370 212.647399 87
2371 119.521981 87
2372 37.365679 87
2373 157.105923 87
2374 78.312701 87
2375 218.783858 87
2376 86.254895 87
2377 137.025182 87
2378 75.896778 87
2379 177.348355 87
2380 45.872970 87
2381 136.596912 87
2382 52.323258 87
2383 2.090224 87
2384 5.200661 87
2385 5.646074 87
2386 2.428942 87
2387 4.994633 87
2388 5.653057 87
2389 30.368450 87
2390 4.261048 87
2391 4.335657 87
2392 1.527472 87
2393 3.614904 87
2394 3.393344 87
2395 1.989855 87
2396 3.914954 87
2397 4.840118 87
2398 1.742235 87
2399 4.368547 87
2400 2.305170 118
2401 5.324176 118
2402 4.841266 118
2403 4.966771 118
2404 5.432805 118
2405 5.508081 118
2406 5.161768 118
2407 4.596949 118
2408 6.042332 118
2409 5.205108 118
2410 1.166988 118
2411 0.011732 118
2412 1.553078 118
2413 2.522097 118
2414 1.319621 118
2415 2.661480 118
2416 1.954713 118
2417 3.412975 118
2418 4.259632 118
2419 5.015124 118
2420 2.453240 118
2421 0.367505 118
2422 2.527347 118
2423 0.871040 118
2424 1.048594 118
2425 2.309973 118
2426 4.168621 118
2427 2.051512 118
2428 2.079982 118
2429 2.624575 118
2430 1.405129 118
2431 0.000000 118
2432 1.075992 118
2433 0.894109 118
2434 2.515396 118
2435 16.961612 118
2436 3.173019 118
2437 1.938766 118
2438 1.905628 118
2439 2.696033 118
2440 2.946816 118
2441 0.023975 118
2442 0.029610 118
2443 0.030754 118
2444 2.446480 118
2445 5.963646 118
2446 14.770041 118
2447 303.526857 118
2448 3.967214 118
2449 3.493773 118
2450 0.340011 116
2451 0.451960 116
2452 0.491660 116
2453 1.149992 116
2454 4.343013 116
2455 69.464382 116
2456 158.767740 116
2457 0.116565 116
2458 1.170238 116
2459 3.555521 116
2460 0.910751 116
2461 11.028463 116
2462 17.565792 116
2463 5.618972 116
2464 2.320314 116
2465 4.641539 116
2466 1.296041 116
2467 3.950181 116
2468 5.233272 116
2469 1.718667 116
2470 1.110077 116
2471 0.413608 116
2472 1.381901 116
2473 0.014930 116
2474 1.796482 116
2475 1.175713 116
2476 2.130886 116
2477 2.396910 116
2478 19.728793 116
2479 3.801157 116
2480 0.318757 116
2481 4.193076 116
2482 1.579378 116
2483 1.902959 116
2484 1.516389 116
2485 3.473631 116
2486 1.903658 116
2487 18.742593 116
2488 1.759001 116
2489 8.795339 116
2490 1.091256 116
2491 3.665192 116
2492 1.987864 116
2493 2.481823 116
2494 1.914812 116
2495 2.204754 116
2496 1.333960 116
2497 72.277963 116
2498 1.458364 116
2499 2.526696 116
2500 1.324874 110
2501 1.928823 110
2502 0.006276 110
2503 0.228615 110
2504 2.363896 110
2505 3.698939 110
2506 2.107335 110
2507 9.572770 110
2508 1.480432 110
2509 0.000000 110
2510 2.572277 110
2511 2.594096 110
2512 1.933761 110
2513 19.672825 110
2514 1.385427 110
2515 2.220776 110
2516 4.650452 110
2517 1.289937 110
2518 1.876968 110
2519 0.000000 110
2520 2.142559 110
2521 2.035214 110
2522 2.886282 110
2523 1.982040 110
2524 1.360362 110
2525 1.651547 110
2526 1.737715 110
2527 1.741953 110
2528 7.433431 110
2529 6.424485 110
2530 4.993897 110
2531 1.351968 110
2532 40.222229 110
2533 27.341723 110
2534 1.560026 110
2535 2.572982 110
2536 2.650693 110
2537 2.053829 110
2538 1.157920 110
2539 2.157291 110
2540 2.688966 110
2541 2.014210 110
2542 2.341471 110
2543 0.716721 110
2544 1.041709 110
2545 2.647674 110
2546 2.794506 110
2547 2.140731 110
2548 31.277040 110
2549 2.163096 110
2550 1.530418 104
2551 1.245989 104
2552 0.156587 104
2553 2.614894 104
2554 0.000000 104
2555 4.150970 104
2556 1.839813 104
2557 2.067408 104
2558 1.465676 104
2559 1.357738 104
2560 1.040741 104
2561 1.643868 104
2562 0.971969 104
2563 0.236289 104
2564 0.200388 104
2565 0.302037 104
2566 0.025591 104
2567 0.056271 104
2568 0.076006 104
2569 0.142355 104
2570 0.046632 104
2571 0.100026 104
2572 0.074905 104
2573 0.106435 104
2574 0.180760 104
2575 0.159930 104
2576 0.478906 104
2577 0.121863 104
2578 0.091195 104
2579 0.102570 104
2580 0.100407 104
2581 0.071239 104
2582 0.096130 104
2583 0.219633 104
2584 0.249728 104
2585 0.100252 104
2586 0.206661 104
2587 0.436471 104
2588 0.250805 104
2589 0.513372 104
2590 0.315891 104
2591 0.519960 104
2592 0.248185 104
2593 0.283827 104
2594 0.078069 104
2595 0.337721 104
2596 0.299575 104
2597 0.629547 104
2598 0.445083 104
2599 0.505967 104
2600 0.312046 108
2601 0.410955 108
2602 0.617981 108
2603 0.274456 108
2604 0.211986 108
2605 0.189317 108
2606 0.210172 108
2607 0.132320 108
2608 0.141669 108
2609 0.133199 108
2610 0.056255 108
2611 0.160685 108
2612 0.223581 108
2613 0.153775 108
2614 0.292216 108
2615 0.229933 108
2616 0.412218 108
2617 0.266236 108
2618 0.234760 108
2619 0.089353 108
2620 0.215610 108
2621 0.152658 108
2622 0.137492 108
2623 0.172977 108
2624 0.193666 108
2625 0.100586 108
2626 0.146771 108
2627 0.145247 108
2628 0.129800 108
2629 0.597181 108
2630 0.751381 108
2631 0.167525 108
2632 0.185431 107
2633 0.193972 107
2634 0.151263 107
2635 0.253078 107
2636 0.111646 107
2637 0.181724 107
2638 0.292966 107
2639 0.474524 107
2640 0.248073 107
2641 0.161129 107
2642 0.217036 107
2643 0.197326 107
2644 0.289122 107
2645 0.349924 107
2646 0.205932 107
2647 0.366247 107
2648 0.540310 107
2649 0.400604 107
2650 0.288938 110
2651 0.254479 110
2652 0.274545 110
2653 0.167390 110
2654 0.265459 110
2655 0.413657 110
2656 0.406708 110
2657 0.181871 110
2658 0.371215 110
2659 0.180875 110
2660 0.067648 110
2661 0.064758 110
2662 0.112930 110
2663 5.289854 110
2664 7.258321 110
2665 2.800865 110
2666 9.808807 110
2667 0.026597 110
2668 0.066386 110
2669 0.036504 110
2670 0.024542 110
2671 0.016704 110
2672 0.014831 110
2673 0.017752 110
2674 3.186633 110
2675 0.010410 110
2676 0.006189 110
2677 0.005453 110
2678 0.107273 110
2679 0.002257 110
2680 0.001589 110
2681 0.000329 110
2682 0.000000 110
2683 0.000000 110
2684 0.000000 110
2685 0.000000 110
2686 0.000000 110
2687 0.000000 110
2688 0.000000 110
2689 0.000000 110
2690 0.000000 110
2691 0.000000 110
2692 0.000000 110
2693 0.000000 110
2694 0.000000 110
2695 0.000000 110
2696 0.000000 110
2697 0.000000 110
2698 0.000000 110
2699 0.000000 110
2700 0.181702 107
2701 0.218039 107
2702 0.186094 107
2703 0.183550 107
2704 0.163792 107
2705 0.141144 107
2706 0.115639 107
2707 0.104393 107
2708 0.078055 107
2709 0.071843 107
2710 0.054335 107
2711 5.418947 107
2712 4.944155 107
2713 4.869420 107
2714 58.077027 107
2715 4.881931 107
2716 351.560400 107
2717 5.211658 107
2718 99.990769 107
2719 2.319851 107
2720 3.092222 107
2721 31.023488 107
2722 6.050756 107
2723 4.196883 107
2724 5.765913 107
2725 5.987611 107
2726 5.988229 107
2727 6.135623 107
2728 7.383837 107
2729 18.518629 106
2730 246.613570 106
2731 5.738966 106
2732 5.825153 106
2733 334.203782 106
2734 5.256698 106
2735 10.146227 106
2736 3.399291 106
2737 9.812692 106
2738 5.168410 106
2739 5.756549 106
2740 5.611468 106
2741 5.455339 106
2742 6.387536 106
2743 66.214613 106
2744 6.971161 106
2745 6.093643 106
2746 17.765848 106
2747 3.761791 106
2748 30.442191 106
2749 3.881126 106
2750 7.772974 95
2751 4.019712 95
2752 8.325554 95
2753 4.228255 95
2754 2.565130 95
2755 6.441713 95
2756 2.257427 95
2757 3.316922 95
2758 3.247069 95
2759 1.974281 95
2760 1.054061 95
2761 1.025699 95
2762 0.867677 95
2763 1.354705 95
2764 0.943785 95
2765 1.010029 95
2766 1.076982 95
2767 1.006503 95
2768 1.064737 95
2769 0.920469 95
2770 1.424916 95
2771 1.262628 95
2772 1.249215 95
2773 1.205661 95
2774 1.107893 95
2775 1.045033 95
2776 1.310770 95
2777 1.066926 95
2778 1.424071 95
2779 1.299146 95
2780 1.364334 95
2781 1.047793 95
2782 1.224948 95
2783 1.177621 95
2784 1.093232 95
2785 1.966567 95
2786 1.457706 95
2787 1.084979 95
2788 3.379842 95
2789 1.161529 95
2790 1.565119 95
2791 1.647259 95
2792 2.607268 95
2793 2.718863 95
2794 1.904706 95
2795 1.707307 95
2796 1.597744 95
2797 1.822834 95
2798 1.531279 95
2799 2.134793 95
2800 1.993700 108
2801 2.443764 108
2802 2.053637 108
2803 2.530448 108
2804 2.560245 108
2805 2.136985 108
2806 2.220542 108
2807 2.707278 108
2808 1.749052 108
2809 2.398749 108
2810 2.169140 108
2811 2.015491 108
2812 1.780411 108
2813 2.098317 108
2814 2.091990 108
2815 2.126739 108
2816 4.708348 108
2817 3.455012 108
2818 4.735721 108
2819 0.086244 108
2820 0.044704 108
2821 0.043135 108
2822 0.030552 108
2823 0.033714 108
2824 0.033036 108
2825 0.032734 108
2826 0.029113 108
2827 0.027176 108
2828 0.022616 108
2829 0.018832 108
2830 0.010732 108
2831 2.358667 108
2832 0.087583 108
2833 0.005208 108
2834 0.060143 108
2835 0.000839 108
2836 0.000000 108
2837 0.000000 108
2838 0.000000 108
2839 4.070911 108
2840 8.103082 108
2841 8.445303 108
2842 3.932608 108
2843 5.882724 108
2844 8.121768 108
2845 7.416547 108
2846 2.440281 108
2847 5.034881 108
2848 5.120824 108
2849 5.325897 108
2850 1.890391 109
2851 4.371039 109
2852 4.319523 109
2853 4.209763 109
2854 3.435167 109
2855 7.009517 109
2856 8.402849 109
2857 4.019472 109
2858 6.019151 109
2859 6.214463 109
2860 5.964760 109
2861 1.175720 109
2862 3.714615 109
2863 1.678515 109
2864 3.485447 109
2865 3.911396 109
2866 7.813106 109
2867 21.230327 109
2868 9.010737 109
2869 3.199910 109
2870 6.133461 109
2871 6.394108 109
2872 7.020402 109
2873 0.285510 109
2874 0.248463 109
2875 0.308912 109
2876 0.306243 109
2877 0.325853 109
2878 0.280230 109
2879 0.302872 109
2880 0.280048 109
2881 0.329538 109
2882 0.352491 109
2883 0.269881 109
2884 0.209407 109
2885 0.199078 109
2886 0.184030 109
2887 0.193658 109
2888 0.227226 109
2889 0.258108 109
2890 0.165393 109
2891 0.246591 109
2892 0.258037 109
2893 1.183435 109
2894 3.749256 109
2895 3.607536 109
2896 12.437157 109
2897 124.435694 109
2898 4.529962 109
2899 5.162339 109
2900 1.604769 87
2901 3.007755 87
2902 3.282543 87
2903 3.131700 87
2904 2.303110 87
2905 5.297947 87
2906 5.366495 87
2907 4.992247 87
2908 2.527433 87
2909 4.984106 87
2910 5.182124 87
2911 2.481044 87
2912 5.111088 87
2913 5.165040 87
2914 4.824962 87
2915 4.840467 87
2916 3.529869 87
2917 6.718188 87
2918 8.075181 87
2919 8.084540 87
2920 1.614478 87
2921 4.997582 87
2922 5.309244 87
2923 1.977857 87
2924 4.511733 87
2925 4.497360 87
2926 4.332821 87
2927 3.368326 87
2928 8.714969 87
2929 8.574455 87
2930 8.461555 87
2931 1.230340 87
2932 4.648821 87
2933 4.458525 87
2934 4.414879 86
2935 1.390693 86
2936 3.639515 86
2937 3.148317 86
2938 10.293857 86
2939 10.202517 86
2940 9.296538 86
2941 11.439312 86
2942 9.358378 86
2943 10.866549 86
2944 2.974506 86
2945 5.405178 86
2946 5.533856 86
2947 5.886352 86
2948 4.575284 86
2949 5.260883 86
2950 2.229408 99
2951 4.396152 99
2952 4.778251 99
2953 1.569839 99
2954 4.032958 99
2955 1.773292 99
2956 3.930427 99
2957 3.563263 99
2958 1.729032 99
2959 3.978013 99
2960 4.117162 99
2961 3.950462 99
2962 2.685657 99
2963 6.005866 99
2964 5.465345 99
2965 2.330136 99
2966 6.016081 99
2967 5.895402 99
2968 5.422022 99
2969 26.451850 99
2970 34.064400 99
2971 1.902674 99
2972 0.746233 99
2973 4.572280 99
2974 3.657700 99
2975 2.543497 99
2976 6.049495 99
2977 5.937510 99
2978 2.676421 99
2979 5.713612 99
2980 5.402225 99
2981 1.103212 99
2982 2.381897 99
2983 1.956415 99
2984 5.037295 99
2985 1.580311 99
2986 3.504303 99
2987 4.224600 99
2988 2.565063 99
2989 5.366501 99
2990 1.472917 99
2991 2.828144 99
2992 5.823386 99
2993 4.383276 99
2994 9.670469 99
2995 1.560495 99
2996 4.834739 99
2997 2.523648 99
2998 7.042365 99
2999 0.000000 99
3000 0.000000 106
3001 0.000000 106
3002 0.000000 106
3003 0.000000 106
3004 0.000000 106
3005 0.000000 106
3006 0.000000 106
3007 0.000000 106
3008 46.953025 106
3009 283.815757 106
3010 108.844131 106
3011 520.462458 106
3012 162.746722 106
3013 457.571337 106
3014 239.469224 106
3015 291.570508 106
3016 367.918940 106
3017 501.878744 106
3018 114.031040 106
3019 137.309513 106
3020 67.171450 106
3021 283.027363 106
3022 1.349866 106
3023 2.528977 106
3024 2.637796 106
3025 2.353073 106
3026 7.154977 106
3027 0.000000 106
3028 0.000000 106
3029 0.000000 106
3030 1.494166 106
3031 3.389777 106
3032 2.191176 106
3033 5.290321 106
3034 3.288586 106
3035 7.834566 106
3036 75.151879 106
3037 85.270727 106
3038 88.902924 106
3039 4.242202 106
3040 10.532507 106
3041 2.932639 106
3042 6.229139 106
3043 2.287626 106
3044 9.839677 106
3045 3.145405 106
3046 8.401711 106
3047 7.827147 106
3048 3.392586 106
3049 7.758428 106
3050 2.512869 95
3051 6.573411 95
3052 2.038110 95
3053 3.997211 95
3054 3.547781 95
3055 2.949649 95
3056 6.475264 95
3057 1.110375 95
3058 2.574341 95
3059 2.057583 95
3060 2.209561 95
3061 4.306518 95
3062 0.000000 95
3063 0.000000 95
3064 0.000000 95
3065 0.000000 95
3066 0.000000 95
3067 3.068288 95
3068 9.055206 95
3069 3.746850 95
3070 3.409599 95
3071 4.842008 95
3072 4.903283 95
3073 4.942442 95
3074 5.064341 95
3075 5.092741 95
3076 4.974465 95
3077 4.903406 95
3078 4.967379 95
3079 4.949985 95
3080 4.944929 95
3081 4.883935 95
3082 4.864126 95
3083 4.974259 95
3084 4.833146 95
3085 5.056206 95
3086 4.846030 95
3087 7.585939 95
3088 6.647752 95
3089 11.784128 95
3090 111.582920 95
3091 18.217036 95
3092 7.801398 95
3093 7.870636 95
3094 11.894175 95
3095 14.150624 95
3096 9.114903 95
3097 0.629954 95
3098 0.810703 95
3099 0.892040 95
3100 0.169913 99
3101 0.631346 99
3102 0.740571 99
3103 0.801617 99
3104 0.785511 99
3105 0.756734 99
3106 0.779973 99
3107 0.847670 99
3108 0.667502 99
3109 1.878701 99
3110 2.630077 99
3111 24.243138 99
3112 1.548212 99
3113 483.623082 99
3114 18.120081 99
3115 2.455199 99
3116 3.412912 99
3117 6.539593 99
3118 4.221668 99
3119 5.742142 99
3120 42.599542 99
3121 1.243161 99
3122 4.754571 99
3123 3.908363 99
3124 1.370696 99
3125 1.092845 99
3126 4.202203 99
3127 4.481438 99
3128 3.472508 99
3129 3.715714 99
3130 3.944711 99
3131 4.150351 99
3132 1.556902 99
3133 5.355446 99
3134 7.733693 99
3135 7.880683 99
3136 7.727363 99
3137 7.821382 99
3138 7.876235 99
3139 4.775074 99
3140 7.784213 99
3141 7.630342 99
3142 11.415361 99
3143 10.896644 99
3144 11.644931 99
3145 13.880140 99
3146 7.001715 99
3147 2.818625 99
3148 3.862510 99
3149 3.894926 99
3150 2.981925 109
3151 6.267207 109
3152 3.409129 109
3153 5.181258 109
3154 25.089895 109
3155 7.381498 109
3156 4.521783 109
3157 30.744740 109
3158 8.592136 109
3159 8.605868 109
3160 4.495759 109
3161 3.164842 109
3162 4.877138 109
3163 344.939832 109
3164 12.435193 109
3165 18.612602 109
3166 3.727807 109
3167 2.677565 109
3168 5.145918 109
3169 5.278914 109
3170 5.035723 109
3171 10.839786 109
3172 8.155629 109
3173 11.679770 109
3174 7.356677 109
3175 5.055116 109
3176 6.076639 109
3177 11.361360 109
3178 5.527984 109
3179 5.572965 109
3180 7.361694 108
3181 8.047854 109
3182 7.351008 109
3183 7.498078 109
3184 7.369975 109
3185 5.308941 109
3186 0.000000 109
3187 0.000000 109
3188 0.000000 109
3189 0.000000 109
3190 0.000000 109
3191 0.000000 109
3192 2.743718 109
3193 99.896605 109
3194 7.444545 109
3195 6.607273 109
3196 2.780585 109
3197 5.209583 109
3198 5.261269 109
3199 3.970835 109
3200 3.737623 110
3201 6.560307 110
3202 14.551748 110
3203 14.323514 110
3204 12.773662 110
3205 14.835545 110
3206 3.862037 110
3207 13.650788 110
3208 4.322672 110
3209 10.412529 110
3210 2.206488 110
3211 140.451001 110
3212 3.521835 110
3213 3.434479 110
3214 19.589314 110
3215 3.373582 110
3216 6.811985 110
3217 9.574143 110
3218 11.709328 110
3219 12.073932 108
3220 16.338348 110
3221 12.722336 110
3222 5.173000 110
3223 10.234301 110
3224 10.210843 110
3225 10.455462 110
3226 1.697641 110
3227 2.550983 110
3228 2.764593 110
3229 4.232023 110
3230 2.519345 110
3231 2.037056 110
3232 3.805753 110
3233 5.821732 110
3234 25.026421 110
3235 3.054368 110
3236 2.518286 110
3237 2.041185 110
3238 4.964629 110
3239 3.771924 110
3240 2.616312 110
3241 6.386169 110
3242 9.549981 110
3243 5.901834 110
3244 2.453535 110
3245 2.100506 110
3246 0.241401 110
3247 0.505516 110
3248 0.558742 110
3249 8.112051 110
3250 1.677705 109
3251 3.337203 109
3252 3.421300 109
3253 3.459756 109
3254 2.466245 109
3255 4.260978 109
3256 1.686066 109
3257 2.365778 109
3258 2.690855 109
3259 2.516704 109
3260 2.524790 109
3261 16.333230 109
3262 2.348307 109
3263 0.796874 109
3264 1.844022 109
3265 4.996599 109
3266 2.042163 109
3267 4.169318 109
3268 5.009905 109
3269 4.151867 109
3270 4.953407 109
3271 4.608531 109
3272 0.822232 109
3273 10.238784 109
3274 5.750836 109
3275 28.772785 109
3276 2.132621 109
3277 3.087349 109
3278 3.986502 109
3279 10.787859 109
3280 2.613406 109
3281 2.269258 109
3282 37.557958 109
3283 5.082920 109
3284 4.993410 109
3285 2.085793 109
3286 5.417633 109
3287 6.051938 109
3288 7.382667 109
3289 8.289846 109
3290 1.469506 109
3291 4.770694 109
3292 2.783704 109
3293 4.384905 109
3294 2.685976 109
3295 37.137189 109
3296 5.083034 109
3297 1.681666 109
3298 15.402587 109
3299 2.154531 109
3300 2.293598 119
3301 1.004466 119
3302 108.533035 119
3303 193.890311 119
3304 211.931483 119
3305 203.339286 119
3306 0.227939 119
3307 0.177142 119
3308 0.271662 119
3309 0.294004 119
3310 0.375128 119
3311 4.357721 119
3312 6.679001 119
3313 6.784916 119
3314 4.197007 119
3315 6.770887 119
3316 8.867339 119
3317 71.820808 119
3318 39.377785 119
3319 69.378002 119
3320 72.414189 119
3321 75.061512 119
3322 4.044663 119
3323 4.284929 119
3324 7.393019 119
3325 12.570159 119
3326 5.814426 119
3327 1.635432 119
3328 2.769686 119
3329 44.068807 119
3330 4.093518 119
3331 50.152339 119
3332 2.335239 119
3333 3.838232 119
3334 8.403604 119
3335 0.311150 119
3336 7.314500 119
3337 3.914599 119
3338 7.689859 119
3339 2.591475 119
3340 18.097767 119
3341 3.962815 119
3342 2.381964 119
3343 4.713183 119
3344 4.755066 119
3345 2.821477 119
3346 7.635392 117
3347 7.563317 119
3348 4.080801 119
3349 1.573061 119
3350 4.886684 85
3351 0.890807 85
3352 1.886774 85
3353 2.086463 85
3354 2.220996 85
3355 6.130879 85
3356 12.574696 85
3357 20.693440 85
3358 24.875945 85
3359 3.458704 85
3360 1.943624 85
3361 7.194944 85
3362 1.563731 85
3363 6.421652 85
3364 13.642479 85
3365 14.126184 85
3366 12.346438 85
3367 8.109238 85
3368 5.444300 85
3369 244.234896 85
3370 2.393344 85
3371 2.468894 85
3372 6.604374 85
3373 5.604114 85
3374 1.907406 85
3375 3.957799 85
3376 7.819024 85
3377 4.733713 85
3378 2.768321 85
3379 6.720160 85
3380 6.070121 85
3381 1.743434 85
3382 3.719753 85
3383 3.764534 85
3384 2.843814 85
3385 5.773571 85
3386 7.155360 85
3387 1.217177 85
3388 1.012624 85
3389 4.450367 85
3390 4.153704 85
3391 75.138495 85
3392 190.532081 85
3393 248.382326 85
3394 10.524995 85
3395 13.066675 84
3396 19.177065 85
3397 19.706956 85
3398 0.092561 85
3399 2.829740 85
3400 3.375621 97
3401 2.414992 97
3402 2.404860 97
3403 8.184849 97
3404 2.159733 97
3405 6.242437 97
3406 5.259662 97
3407 1.535946 97
3408 1.203260 97
3409 2.479246 97
3410 6.336773 97
3411 4.566223 97
3412 3.618183 97
3413 2.479871 97
3414 5.243109 97
3415 6.020453 97
3416 4.495145 97
3417 2.620706 97
3418 6.612781 97
3419 5.323588 97
3420 2.429987 97
3421 6.925852 97
3422 5.220184 97
3423 34.578036 97
3424 73.588730 97
3425 69.207273 97
3426 3.462245 97
3427 4.486215 97
3428 4.344605 97
3429 4.580779 97
3430 2.629756 97
3431 5.458021 97
3432 7.408397 97
3433 2.753277 97
3434 7.116116 97
3435 5.547166 97
3436 2.823104 97
3437 6.817350 97
3438 5.426813 97
3439 1.818062 97
3440 4.892670 97
3441 2.687542 97
3442 5.945380 97
3443 6.414537 97
3444 35.740280 97
3445 20.921966 97
3446 5.366305 97
3447 40.911992 97
3448 37.014457 97
3449 18.131593 97
3450 32.832257 116
3451 3.511516 116
3452 7.458870 116
3453 13.947576 116
3454 12.273576 116
3455 3.344606 116
3456 7.795554 116
3457 7.939870 116
3458 2.097406 116
3459 2.814790 116
3460 6.407070 116
3461 1.687662 116
3462 1.954102 116
3463 1.880357 116
3464 2.625711 116
3465 3.783609 116
3466 1.975974 116
3467 2.220309 116
3468 2.147660 116
3469 5.105937 116
3470 11.528802 116
3471 4.353879 116
3472 0.341296 116
3473 22.232914 116
3474 2.033471 116
3475 2.978293 116
3476 5.803569 116
3477 7.107752 116
3478 1.273560 116
3479 1.520697 116
3480 9.424683 116
3481 13.938845 116
3482 17.171694 116
3483 2.965996 116
3484 5.754158 116
3485 7.146712 116
3486 16.619035 116
3487 2.272468 116
3488 2.724690 116
3489 2.778217 116
3490 6.096399 116
3491 17.441683 116
3492 3.056283 116
3493 7.416416 116
3494 6.020863 116
3495 3.026584 116
3496 7.437846 116
3497 5.533432 116
3498 3.009004 116
3499 7.109853 116
3500 2.257029 97
3501 2.088218 97
3502 6.703912 97
3503 5.371588 97
3504 2.732856 97
3505 4.919199 97
3506 7.035178 97
3507 2.430531 97
3508 5.244933 97
3509 6.625829 97
3510 2.528477 97
3511 6.091889 97
3512 5.304520 97
3513 18.392236 97
3514 22.003598 97
3515 22.155093 97
3516 4.386338 97
3517 2.570024 97
3518 6.249501 97
3519 5.067902 97
3520 371.422439 97
3521 2.783700 97
3522 6.212345 97
3523 6.894525 97
3524 2.926287 97
3525 7.107480 97
3526 5.889798 97
3527 0.813108 97
3528 1.271028 97
3529 1.632978 97
3530 1.462558 97
3531 2.955312 97
3532 5.973787 97
3533 7.443760 97
3534 21.475479 97
3535 2.752675 97
3536 5.904787 97
3537 6.995493 97
3538 6.680730 97
3539 1.467332 97
3540 1.737712 97
3541 8.081209 97
3542 2.206229 97
3543 2.272416 97
3544 2.993139 97
3545 1.928090 97
3546 4.948816 97
3547 3.586710 97
3548 3.981722 97
3549 2.181778 97
3550 2.020478 107
3551 3.545834 107
3552 0.000000 107
3553 3.452820 107
3554 34.551827 107
3555 4.943758 107
3556 8.550059 107
3557 35.581372 107
3558 2.210478 107
3559 2.244620 107
3560 16.663972 107
3561 201.876655 107
3562 2.083419 107
3563 5.290990 107
3564 16.179018 107
3565 2.012431 107
3566 0.481254 107
3567 4.868801 107
3568 2.151139 107
3569 6.460715 107
3570 2.653686 107
3571 5.448381 107
3572 1.168708 107
3573 0.773887 107
3574 2.211865 107
3575 6.914062 107
3576 5.375914 107
3577 2.469900 107
3578 14.271579 107
3579 207.964695 107
3580 2.126680 107
3581 16.191483 106
3582 0.745489 107
3583 1.204281 107
3584 3.929275 107
3585 22.625676 107
3586 41.971087 107
3587 3.674213 107
3588 5.298765 107
3589 1.406115 107
3590 1.795196 107
3591 1.769367 107
3592 13.513853 107
3593 27.201639 107
3594 2.520884 107
3595 8.351544 107
3596 2.113838 107
3597 5.391940 107
3598 1.522767 107
3599 4.576880 107
3600 4.554230 95
3601 18.921143 95
3602 2.473149 95
3603 3.293897 95
3604 0.345276 95
3605 1.234345 95
3606 0.896147 95
3607 1.892280 95
3608 9.571470 95
3609 1.515497 95
3610 5.369482 95
3611 0.000000 95
3612 1.887843 95
3613 1.741095 95
3614 2.449932 95
3615 8.526355 95
3616 6.980700 95
3617 12.831842 95
3618 1.339440 95
3619 4.401486 95
3620 24.667322 95
3621 3.199936 95
3622 23.174208 95
3623 3.609142 95
3624 23.705032 95
3625 3.732731 95
3626 2.647651 95
3627 3.050554 95
3628 1.664250 95
3629 1.577868 95
3630 15.359109 95
3631 6.052034 95
3632 1.626823 95
3633 1.594230 95
3634 4.375036 95
3635 5.934207 95
3636 1.017680 95
3637 1.507690 95
3638 108.588034 95
3639 4.023458 95
3640 16.837302 95
3641 4.397485 95
3642 5.769564 95
3643 3.208786 95
3644 0.304003 95
3645 3.308251 95
3646 1.553381 95
3647 56.417790 95
3648 0.011911 95
3649 3.444241 95
3650 3.803910 115
3651 3.092146 115
3652 0.489296 115
3653 2.793395 115
3654 0.862364 115
3655 0.542903 115
3656 2.761577 115
3657 0.000000 115
3658 2.651126 115
3659 16.512227 115
3660 57.769746 115
3661 4.254970 115
3662 17.478488 115
3663 5.615491 115
3664 0.326337 115
3665 2.625239 115
3666 13.139215 115
3667 8.566763 115
3668 11.113131 115
3669 2.349422 115
3670 28.495954 115
3671 5.959442 115
3672 0.942618 115
3673 3.002037 115
3674 2.956447 115
3675 3.641672 115
3676 39.560573 115
3677 100.208810 115
3678 0.027053 115
3679 1.539762 115
3680 1.820841 115
3681 2.280991 115
3682 2.878011 115
3683 2.475584 115
3684 0.000000 115
3685 1.635529 115
3686 0.869263 115
3687 16.637891 115
3688 2.335255 115
3689 0.166231 115
3690 1.328631 115
3691 287.243956 115
3692 0.689330 115
3693 3.445651 115
3694 2.475388 115
3695 22.026564 115
3696 2.191433 115
3697 6.654704 115
3698 2.253452 115
3699 0.731725 115
3700 0.765342 102
3701 1.999454 102
3702 8.047524 102
3703 2.522202 102
3704 2.761667 102
3705 2.145946 102
3706 0.952352 102
3707 8.244993 102
3708 0.416704 102
3709 3.224703 102
3710 4.534634 102
3711 0.144744 102
3712 9.548424 102
3713 1.913069 102
3714 4.226083 102
3715 4.131388 102
3716 2.171110 102
3717 1.978708 102
3718 2.381396 102
3719 2.607786 102
3720 0.177625 102
3721 2.504897 102
3722 12.639520 102
3723 0.681022 102
3724 2.862943 102
3725 2.093241 102
3726 2.818902 102
3727 2.344969 102
3728 1.771049 102
3729 2.685810 102
3730 2.440215 102
3731 5.733301 102
3732 13.712384 102
3733 2.717182 102
3734 2.872218 102
3735 23.349857 102
3736 2.553232 102
3737 1.452008 102
3738 105.482997 102
3739 1.983664 102
3740 2.996754 102
3741 2.787702 102
3742 2.560799 102
3743 2.261260 102
3744 22.786896 102
3745 8.410113 102
3746 1.406651 102
3747 3.093898 102
3748 1.615228 102
3749 0.000000 102
3750 7.190719 116
3751 2.528169 116
3752 7.750302 116
3753 0.816873 116
3754 2.007375 116
3755 1.678570 116
3756 15.046455 116
3757 2.617889 116
3758 2.932282 116
3759 1.488745 116
3760 1.912637 116
3761 2.187037 116
3762 0.527807 116
3763 1.735525 116
3764 2.392690 116
3765 2.453341 116
3766 0.723138 116
3767 0.000000 116
3768 16.940915 116
3769 2.368246 116
3770 3.898255 116
3771 1.623568 116
3772 2.174820 116
3773 6.131779 116
3774 6.300330 116
3775 1.723808 116
3776 0.005384 116
3777 2.754989 116
3778 383.715639 116
3779 2.922389 116
3780 2.575919 116
3781 17.427352 116
3782 102.798476 116
3783 79.265671 116
3784 2.192094 116
3785 2.464882 116
3786 0.000000 116
3787 2.657072 116
3788 1.395796 116
3789 17.269397 116
3790 3.536292 116
3791 3.543295 116
3792 3.004457 116
3793 2.890432 116
3794 2.693385 116
3795 4.769617 116
3796 1.151836 116
3797 3.575037 116
3798 3.071836 116
3799 3.192259 116
3800 1.463668 108
3801 2.675774 108
3802 0.070864 108
3803 3.968187 108
3804 3.981407 108
3805 3.130052 108
3806 3.393569 108
3807 1.580986 108
3808 3.794152 108
3809 14.244878 108
3810 0.308117 108
3811 1.859175 108
3812 2.258485 108
3813 0.699694 108
3814 6.817156 108
3815 4.812039 108
3816 2.165268 108
3817 2.286201 108
3818 2.341817 108
3819 3.151436 108
3820 6.630603 108
3821 2.261114 108
3822 9.132226 108
3823 2.517888 108
3824 17.913913 108
3825 20.165531 108
3826 0.615597 108
3827 3.702132 108
3828 1.425805 108
3829 1.207645 108
3830 21.871713 108
3831 2.883885 108
3832 22.839609 108
3833 1.520285 108
3834 3.163872 108
3835 0.804266 108
3836 3.862023 108
3837 42.032054 108
3838 57.546772 108
3839 4.270478 108
3840 0.000000 108
3841 2.621727 108
3842 42.146679 108
3843 4.559165 108
3844 1.639149 108
3845 2.834698 108
3846 2.897775 108
3847 17.319977 108
3848 2.581582 108
3849 1.025375 108
3850 2.380392 109
3851 4.598809 109
3852 1.832588 109
3853 1.935795 109
3854 1.841785 109
3855 2.070765 109
3856 1.609883 109
3857 2.365542 109
3858 1.474025 109
3859 4.434153 109
3860 1.846394 109
3861 4.344127 109
3862 1.411982 109
3863 1.955987 109
3864 2.792920 109
3865 39.072784 109
3866 2.257009 109
3867 4.836637 109
3868 3.221767 109
3869 2.398279 109
3870 3.591204 109
3871 1.784987 109
3872 1.414127 109
3873 0.456221 109
3874 2.048273 109
3875 1.950773 109
3876 1.317918 109
3877 4.060127 109
3878 4.551557 109
3879 2.860476 109
3880 2.319427 109
3881 2.466349 109
3882 8.507984 109
3883 3.132593 109
3884 3.348365 109
3885 0.963201 109
3886 0.734341 109
3887 3.549045 109
3888 48.189601 109
3889 14.650736 109
3890 7.644683 109
3891 7.562521 109
3892 2.156499 109
3893 2.814952 109
3894 1.937604 109
3895 4.062881 109
3896 6.650995 109
3897 4.157853 109
3898 1.670198 109
3899 2.990349 109
3900 173.925097 114
3901 1.649548 114
3902 3.819021 114
3903 2.674810 114
3904 1.681877 114
3905 1.861968 114
3906 0.000000 114
3907 1.127425 114
3908 3.895123 114
3909 0.285814 114
3910 3.053505 114
3911 1.882869 114
3912 1.893478 114
3913 2.840178 114
3914 2.705761 114
3915 2.608251 114
3916 2.265591 114
3917 2.531871 114
3918 1.055780 114
3919 1.384335 114
3920 1.244076 114
3921 0.945325 114
3922 0.973635 114
3923 2.040283 114
3924 7.334466 114
3925 1.952466 114
3926 25.433094 114
3927 14.234733 114
3928 2.155165 114
3929 55.472212 114
3930 2.043384 114
3931 3.507984 114
3932 1.348908 114
3933 1.642636 114
3934 3.411900 114
3935 2.266791 114
3936 2.452005 114
3937 2.998071 114
3938 1.188260 114
3939 13.949693 114
3940 0.186565 114
3941 4.091879 114
3942 2.706306 114
3943 1.031134 114
3944 2.140821 114
3945 42.353696 114
3946 0.330486 114
3947 2.404533 114
3948 2.143267 114
3949 15.640215 114
3950 1.120655 121
3951 2.166402 121
3952 6.475513 121
3953 0.435675 121
3954 1.639971 121
3955 47.068435 121
3956 62.174737 121
3957 2.114199 121
3958 1.899135 121
3959 6.749153 121
3960 0.000000 121
3961 1.712319 121
3962 1.789550 121
3963 6.431368 121
3964 6.295947 121
3965 16.944258 121
3966 3.163802 121
3967 14.271918 120
3968 0.890746 121
3969 0.409184 121
3970 17.812635 121
3971 3.311875 121
3972 2.714879 121
3973 0.000000 121
3974 4.565580 121
3975 0.028963 121
3976 2.240307 121
3977 0.981010 121
3978 0.090522 121
3979 2.008230 121
3980 0.000000 121
3981 4.202868 121
3982 3.835949 121
3983 3.703195 121
3984 2.668368 121
3985 1.324341 121
3986 0.460183 121
3987 1.573514 121
3988 4.066278 121
3989 0.760708 121
3990 3.412107 121
3991 0.522281 121
3992 11.470165 121
3993 0.609762 121
3994 0.550804 121
3995 0.752243 121
3996 0.910974 121
3997 0.706741 121
3998 1.696616 121
3999 1.081549 121
4000 0.257331 118
4001 0.495791 118
4002 3.411727 118
4003 1.808508 118
4004 2.839657 118
4005 2.051315 118
4006 2.027841 118
4007 5.127124 118
4008 0.565015 118
4009 2.033599 118
4010 0.592044 118
4011 1.596033 118
4012 2.890014 118
4013 7.894294 118
4014 5.077063 118
4015 0.361449 118
4016 0.468435 118
4017 1.119717 118
4018 1.146005 118
4019 0.611831 118
4020 3.639812 118
4021 2.128063 118
4022 3.407697 118
4023 4.395546 118
4024 1.662712 118
4025 3.596958 118
4026 2.249140 118
4027 33.896868 118
4028 1.722407 118
4029 1.691532 118
4030 1.817853 118
4031 412.672935 118
4032 144.779820 118
4033 46.749056 118
4034 6.276363 118
4035 10.369646 118
4036 2.596923 118
4037 1.445760 118
4038 9.270315 118
4039 0.860426 118
4040 0.000000 118
4041 3.402386 118
4042 0.989088 118
4043 2.163214 118
4044 1.148411 118
4045 8.704760 118
4046 24.004487 118
4047 2.102253 118
4048 1.492870 118
4049 1.815609 118
4050 3.013500 121
4051 1.440669 121
4052 0.596632 121
4053 2.370903 121
4054 0.917533 121
4055 1.803009 121
4056 2.139082 121
4057 1.161956 121
4058 0.016699 121
4059 0.674051 121
4060 167.602683 121
4061 2.279692 121
4062 2.019494 121
4063 2.163516 121
4064 1.469202 121
4065 1.698148 121
4066 27.734777 121
4067 0.218997 121
4068 9.948703 121
4069 3.029084 121
4070 1.438074 121
4071 3.152294 121
4072 0.837530 121
4073 1.401725 121
4074 1.161201 121
4075 3.415363 121
4076 8.703013 121
4077 2.712091 121
4078 0.434819 121
4079 0.712772 121
4080 2.187338 121
4081 2.867392 121
4082 2.671329 121
4083 3.638508 121
4084 8.585169 121
4085 0.709664 121
4086 4.095514 121
4087 0.772725 121
4088 2.964325 121
4089 3.501481 121
4090 3.733797 121
4091 3.958571 121
4092 14.026281 121
4093 0.064669 121
4094 8.884550 121
4095 3.698673 121
4096 3.829592 121
4097 2.769196 121
4098 1.944829 121
4099 3.604536 121
4100 3.507568 118
4101 0.386431 118
4102 0.491695 118
4103 2.216283 118
4104 2.616266 118
4105 3.605411 118
4106 29.424367 118
4107 0.000000 118
4108 4.080588 118
4109 6.058773 118
4110 0.701652 118
4111 14.382173 118
4112 114.955290 118
4113 2.241322 118
4114 2.186694 118
4115 3.264038 118
4116 6.697084 118
4117 11.214357 118
4118 3.904625 118
4119 25.859424 118
4120 5.018815 118
4121 0.000000 118
4122 8.767340 118
4123 2.465342 118
4124 2.816062 118
4125 6.702103 118
4126 9.435464 118
4127 3.164368 118
4128 2.524065 118
4129 6.039884 118
4130 3.495738 118
4131 4.641212 118
4132 1.047131 118
4133 1.954208 118
4134 0.000000 118
4135 0.000000 118
4136 4.725050 118
4137 4.694991 118
4138 4.218071 118
4139 4.877722 118
4140 3.545011 118
4141 8.629118 118
4142 7.501091 118
4143 3.914938 118
4144 1.113151 118
4145 2.855806 118
4146 3.166939 118
4147 2.552119 118
4148 2.970437 118
4149 7.574467 118
4150 1.158020 115
4151 5.565117 115
4152 1.754031 115
4153 1.325426 115
4154 5.109941 115
4155 4.718430 115
4156 3.469833 115
4157 2.068602 115
4158 3.441596 115
4159 9.691611 115
4160 2.041329 115
4161 34.204390 115
4162 15.276187 115
4163 15.682757 115
4164 4.157901 115
4165 0.241633 115
4166 13.030402 115
4167 6.308081 115
4168 3.057718 115
4169 0.988979 115
4170 2.691918 115
4171 2.340039 115
4172 10.761017 115
4173 20.047844 115
4174 2.788622 115
4175 3.910844 115
4176 11.713330 115
4177 0.474792 115
4178 0.755115 115
4179 3.042106 115
4180 3.084758 115
4181 4.403828 115
4182 3.995291 115
4183 47.587245 115
4184 11.414889 115
4185 6.146394 115
4186 2.450705 115
4187 3.223162 115
4188 10.221137 115
4189 0.805823 115
4190 7.989198 115
4191 17.558965 115
4192 2.313124 115
4193 2.326456 115
4194 1.243006 115
4195 3.747235 115
4196 0.598757 115
4197 8.090828 115
4198 3.212292 115
4199 3.236899 115
4200 1.656558 121
4201 3.433179 121
4202 2.438421 121
4203 5.472837 121
4204 10.757744 121
4205 9.621835 121
4206 8.843346 121
4207 8.281904 121
4208 11.185735 121
4209 11.004888 121
4210 1.900673 121
4211 5.409056 121
4212 4.707451 121
4213 2.265499 121
4214 5.406642 121
4215 11.588021 121
4216 6.712655 121
4217 1.208861 121
4218 3.351843 121
4219 7.705812 121
4220 1.693007 121
4221 2.604945 121
4222 95.900240 121
4223 0.000000 121
4224 2.189809 121
4225 2.017361 121
4226 1.452546 121
4227 5.017487 121
4228 5.657700 121
4229 2.956046 121
4230 3.828966 121
4231 6.065017 121
4232 2.309874 121
4233 1.695667 121
4234 1.150579 121
4235 3.666727 121
4236 0.795839 121
4237 0.912972 121
4238 2.214494 121
4239 1.912801 121
4240 3.795702 121
4241 3.538116 121
4242 1.398451 121
4243 3.896784 121
4244 3.825682 121
4245 4.173312 121
4246 1.681494 121
4247 0.776527 121
4248 1.110185 121
4249 1.744218 121
4250 0.979404 107
4251 0.069240 107
4252 1.915003 107
4253 2.702625 107
4254 2.398910 107
4255 1.173586 107
4256 3.008262 107
4257 3.462296 107
4258 1.489072 107
4259 2.716868 107
4260 3.153670 107
4261 2.820100 107
4262 2.457778 107
4263 2.858101 107
4264 3.280837 107
4265 2.977751 107
4266 5.508633 107
4267 3.300254 107
4268 5.670559 107
4269 7.241339 107
4270 8.586237 107
4271 9.396832 107
4272 9.843923 107
4273 10.947074 107
4274 0.000000 107
4275 0.000000 107
4276 0.000000 107
4277 0.000000 107
4278 0.300087 107
4279 1.870716 107
4280 4.618074 107
4281 4.186312 107
4282 0.391546 107
4283 2.421930 107
4284 1.197432 107
4285 14.505685 107
4286 1.181393 107
4287 3.312566 107
4288 0.462135 107
4289 11.674967 107
4290 5.580887 107
4291 13.540056 107
4292 12.728135 107
4293 13.096773 107
4294 13.304363 107
4295 13.698582 107
4296 13.578024 107
4297 13.025957 107
4298 0.000000 107
4299 12.763963 107
4300 3.588914 106
4301 8.580563 106
4302 7.824466 106
4303 8.868930 106
4304 9.065828 106
4305 8.517213 106
4306 1.090489 106
4307 3.784452 106
4308 9.042644 106
4309 8.625085 106
4310 3.791642 106
4311 2.500503 106
4312 7.093004 106
4313 6.930612 106
4314 6.909265 106
4315 7.781266 106
4316 7.096521 106
4317 3.280703 106
4318 27.239405 106
4319 1.826645 106
4320 1.130000 106
4321 1.329347 106
4322 1.351917 106
4323 1.623656 106
4324 1.565870 106
4325 1.193572 106
4326 6.749034 106
4327 2.195304 106
4328 5.631670 106
4329 0.529953 106
4330 8.138910 106
4331 0.864237 106
4332 1.959166 106
4333 1.417077 106
4334 3.530872 106
4335 1.238291 106
4336 0.732981 106
4337 1.241162 106
4338 1.670321 106
4339 3.870138 106
4340 2.274701 106
4341 1.500516 106
4342 2.228657 106
4343 1.273328 106
4344 0.285738 106
4345 0.439113 106
4346 0.467967 106
4347 0.354452 106
4348 0.303019 106
4349 0.414507 106
4350 0.566732 108
4351 1.186532 108
4352 0.567048 108
4353 1.798882 108
4354 3.127470 108
4355 2.343582 108
4356 2.730390 107
4357 2.260657 107
4358 1.526907 107
4359 0.989371 107
4360 0.024812 107
4361 0.041991 107
4362 0.082382 107
4363 0.114770 107
4364 0.111870 107
4365 0.102038 107
4366 0.125437 107
4367 0.260867 107
4368 0.211484 107
4369 0.071332 107
4370 0.190783 107
4371 0.111513 107
4372 0.300876 107
4373 0.267571 107
4374 0.190499 107
4375 0.229266 107
4376 0.280004 107
4377 0.379149 107
4378 0.600757 107
4379 4.182475 107
4380 6.939774 107
4381 17.615999 107
4382 8.678477 107
4383 15.929199 107
4384 5.942841 107
4385 5.719300 107
4386 8.561816 107
4387 6.298929 107
4388 458.155803 107
4389 2.647878 107
4390 4.849933 107
4391 11.538718 107
4392 79.657299 107
4393 11.429339 107
4394 2.985636 107
4395 6.056495 107
4396 5.118442 107
4397 7.646841 107
4398 6.428439 107
4399 6.038698 107
4400 2.295934 90
4401 4.433336 90
4402 5.342389 90
4403 6.707803 90
4404 5.194259 90
4405 5.681142 90
4406 3.465540 90
4407 3.579949 90
4408 3.283690 90
4409 4.306331 90
4410 3.435576 90
4411 2.883190 90
4412 4.172916 90
4413 2.455837 90
4414 22.858294 90
4415 4.609507 90
4416 103.307697 90
4417 1.228734 90
4418 22.454799 90
4419 59.799580 90
4420 4.306657 90
4421 1.715082 90
4422 38.998459 90
4423 31.332817 90
4424 4.318649 90
4425 1.648842 90
4426 21.610436 90
4427 66.016546 90
4428 3.173745 90
4429 13.060801 90
4430 3.513732 90
4431 3.278704 90
4432 73.104081 90
4433 12.318936 90
4434 3.212215 90
4435 73.506476 90
4436 3.770370 90
4437 1.929309 90
4438 43.543390 90
4439 51.832457 90
4440 4.407030 90
4441 2.026431 90
4442 42.101828 90
4443 4.744668 90
4444 62.792838 90
4445 2.100784 90
4446 24.680668 90
4447 5.075220 90
4448 96.973991 90
4449 2.303041 90
4450 9.773871 104
4451 60.667235 104
4452 4.037992 104
4453 2.988012 104
4454 1.009978 104
4455 2.037774 104
4456 1.996670 104
4457 5.353727 104
4458 2.683280 104
4459 5.869929 104
4460 4.430540 104
4461 11.410230 104
4462 2.789150 104
4463 5.824207 104
4464 1.557347 104
4465 3.585616 104
4466 3.475639 104
4467 2.347388 104
4468 3.050794 104
4469 6.681826 104
4470 1.874200 104
4471 2.855696 104
4472 4.910045 104
4473 22.485985 104
4474 45.427085 104
4475 3.080436 104
4476 7.280292 104
4477 14.245952 104
4478 1.859475 104
4479 1.890267 104
4480 7.859341 104
4481 1.451162 104
4482 1.473079 104
4483 0.002134 104
4484 0.899376 104
4485 2.672028 104
4486 3.054883 104
4487 4.087969 104
4488 3.631300 104
4489 2.239807 104
4490 3.673096 104
4491 4.405438 104
4492 21.619915 104
4493 4.339606 104
4494 3.284259 104
4495 0.561074 104
4496 5.961221 104
4497 3.804847 104
4498 4.249813 104
4499 20.501733 104
