0 1.610559 118
1 0.777805 118
2 1.144305 118
3 0.814814 118
4 0.893814 118
5 19.081517 118
6 1.696831 118
7 1.770769 117
8 1.674136 118
9 1.110864 118
10 2.131661 118
11 1.444856 118
12 5.961729 118
13 2.187415 118
14 12.269729 118
15 1.729958 118
16 1.849424 118
17 1.668576 118
18 1.565975 118
19 0.508229 118
20 0.481890 118
21 1.974085 118
22 0.689316 117
23 2.194246 118
24 0.961803 117
25 1.591602 118
26 6.388941 118
27 2.275000 118
28 1.799322 118
29 3.526678 118
30 3.172923 117
31 4.823042 118
32 1.500822 118
33 1.362915 118
34 1.161581 117
35 1.169590 117
36 1.084154 117
37 1.610788 118
38 0.442220 118
39 0.464992 118
40 0.514197 117
41 1.342992 118
42 1.553169 118
43 1.655703 118
44 0.656359 117
45 1.350322 118
46 0.595915 118
47 1.109856 118
48 0.277974 117
49 1.601992 118
50 1.423812 117
51 1.861017 117
52 1.471836 116
53 1.790402 117
54 2.692224 116
55 2.780735 117
56 1.358388 116
57 1.888821 117
58 2.793863 117
59 1.845897 117
60 9.774026 117
61 2.451017 117
62 1.819444 117
63 1.977530 117
64 1.590094 117
65 1.608504 117
66 1.575274 117
67 3.243684 117
68 2.736009 117
69 1.294299 117
70 0.360239 117
71 0.365724 116
72 0.375845 116
73 2.333556 117
74 1.652496 117
75 0.942086 116
76 0.813217 115
77 0.659670 115
78 0.827087 115
79 0.817243 115
80 0.572905 116
81 0.642687 115
82 1.290197 117
83 1.290453 117
84 0.512888 116
85 1.405009 117
86 0.509069 116
87 0.584991 116
88 0.482538 117
89 18.311846 117
90 1.113855 117
91 19.919744 117
92 1.355889 117
93 0.967872 117
94 0.934547 117
95 0.910607 117
96 2.275231 117
97 0.846282 117
98 0.237207 116
99 0.226879 116
100 0.566552 96
101 0.244281 96
102 0.284865 96
103 0.351469 96
104 1.621188 96
105 0.587411 95
106 0.498208 96
107 1.473677 96
108 0.385379 95
109 2.128677 96
110 1.556198 96
111 2.442427 96
112 3.469365 96
113 1.494521 96
114 0.437947 95
115 0.398526 95
116 1.485354 96
117 1.469552 96
118 0.391684 95
119 0.425537 95
120 2.194406 96
121 1.664729 96
122 3.081323 96
123 1.584813 96
124 1.634885 96
125 1.224688 96
126 1.421438 96
127 1.523042 96
128 1.287000 96
129 2.294500 96
130 1.394594 96
131 1.496125 96
132 1.523823 96
133 2.262000 96
134 0.686979 95
135 0.594116 95
136 1.748521 96
137 2.137750 96
138 0.535705 95
139 0.501495 95
140 1.198158 95
141 1.772667 96
142 0.519242 95
143 1.813969 96
144 1.620760 96
145 1.900802 96
146 2.463333 96
147 2.147135 96
148 2.377937 96
149 2.415625 96
150 0.877764 106
151 0.481868 106
152 1.923000 106
153 2.225632 106
154 1.704642 106
155 1.443840 106
156 2.508774 106
157 1.754236 106
158 1.812255 106
159 1.888509 106
160 14.180887 106
161 1.691698 106
162 2.971557 106
163 2.553925 106
164 1.843585 106
165 0.437200 105
166 0.414943 105
167 1.242160 106
168 0.463971 105
169 19.811283 106
170 19.809210 105
171 2.594340 106
172 17.390745 106
173 14.809038 105
174 13.072076 105
175 12.407123 106
176 11.005800 105
177 9.823533 105
178 8.209886 105
179 13.237610 105
180 6.462448 105
181 4.452476 105
182 4.007105 105
183 3.683962 105
184 2.710924 105
185 2.694781 105
186 1.946286 105
187 10.822914 105
188 1.704190 105
189 0.821390 105
190 0.417638 105
191 9.725829 105
192 0.801057 105
193 0.406343 105
194 0.396857 105
195 9.803971 105
196 0.609371 105
197 0.215571 105
198 0.307086 105
199 0.243695 105
200 15.785500 100
201 13.582120 100
202 13.223707 99
203 12.818808 99
204 12.502460 100
205 11.851520 100
206 11.198990 99
207 10.483250 100
208 13.842182 99
209 9.847200 100
210 8.580323 99
211 7.997697 99
212 6.980020 99
213 6.982758 99
214 6.369636 99
215 5.947465 99
216 4.522770 100
217 3.398800 100
218 2.711636 99
219 1.436172 99
220 0.630727 99
221 0.484798 99
222 0.329000 99
223 0.402030 99
224 0.318354 99
225 0.311730 100
226 0.332313 99
227 9.010350 100
228 0.658556 99
229 0.310424 99
230 0.342747 99
231 9.392566 99
232 0.658505 99
233 0.328720 100
234 0.323230 100
235 0.319747 99
236 0.289556 99
237 0.341525 99
238 0.273141 99
239 0.579340 100
240 0.464950 100
241 0.463580 100
242 0.479455 99
243 0.456070 100
244 0.474495 99
245 0.283909 99
246 0.266727 99
247 9.248697 99
248 0.627293 99
249 0.321586 99
250 15.924143 105
251 14.330327 104
252 12.606981 104
253 14.910067 104
254 12.286125 104
255 11.822971 104
256 10.659942 104
257 10.103481 104
258 9.923712 104
259 9.936519 104
260 8.695933 104
261 8.170356 104
262 7.012221 104
263 6.265990 104
264 5.795733 105
265 4.349279 104
266 3.618462 104
267 2.857067 104
268 2.190714 105
269 1.424837 104
270 1.222886 105
271 9.342133 105
272 9.857514 105
273 9.909471 104
274 9.681385 104
275 9.673394 104
276 0.817596 104
277 0.474683 104
278 0.692865 104
279 8.754886 105
280 0.973519 104
281 0.832904 104
282 0.681654 104
283 0.477663 104
284 0.467654 104
285 0.298057 105
286 0.273288 104
287 0.278538 104
288 0.286394 104
289 0.273905 105
290 0.267596 104
291 8.401452 104
292 0.576663 104
293 0.266115 104
294 0.286529 104
295 0.302404 104
296 0.306269 104
297 0.281327 104
298 0.293279 104
299 0.295615 104
300 16.099933 105
301 13.423667 105
302 12.854981 105
303 12.681867 105
304 12.482438 105
305 12.138810 105
306 11.583094 106
307 11.322200 105
308 10.990848 105
309 10.585229 105
310 10.012010 105
311 8.826619 105
312 7.915248 105
313 7.926819 105
314 7.363829 105
315 6.403914 105
316 5.472419 105
317 4.331638 105
318 3.471810 105
319 1.540581 105
320 1.141962 105
321 0.449257 105
322 0.332371 105
323 0.342543 105
324 0.375619 105
325 0.345810 105
326 0.325352 105
327 0.337229 105
328 0.342276 105
329 0.301676 105
330 0.283638 105
331 0.688771 105
332 0.676274 106
333 0.689774 106
334 0.772906 106
335 0.687724 105
336 0.704000 105
337 0.491133 105
338 8.576067 105
339 0.663733 105
340 0.293238 105
341 0.274075 106
342 0.346210 105
343 0.291962 105
344 0.285876 105
345 0.284467 105
346 0.283538 106
347 0.660819 105
348 0.485295 105
349 0.489714 105
350 17.333696 112
351 14.696901 111
352 13.239405 111
353 12.882955 111
354 12.536252 111
355 15.082045 111
356 15.134054 111
357 15.210946 111
358 15.120135 111
359 9.321342 111
360 8.341802 111
361 7.323171 111
362 13.487802 111
363 6.855144 111
364 13.228757 111
365 5.917429 112
366 12.258333 111
367 12.266313 112
368 3.487591 110
369 1.644955 110
370 10.239820 111
371 10.353324 111
372 10.171144 111
373 0.995882 110
374 9.596245 110
375 0.642400 110
376 0.303209 110
377 0.279209 110
378 9.460645 110
379 9.747100 110
380 0.589324 111
381 0.291691 110
382 0.322227 110
383 9.054845 110
384 9.415291 110
385 0.681555 110
386 0.254766 111
387 0.455709 110
388 8.950436 110
389 9.050173 110
390 8.863609 110
391 8.812455 110
392 1.058155 110
393 0.310918 110
394 8.000064 110
395 8.260464 110
396 0.533073 110
397 7.514315 111
398 7.665191 110
399 7.404736 110
400 16.142163 104
401 13.705544 103
402 13.122728 103
403 12.912786 103
404 15.113951 103
405 15.287981 103
406 15.451718 103
407 15.637262 103
408 12.041495 103
409 15.182311 103
410 19.811346 104
411 19.999769 104
412 19.999865 104
413 19.999767 103
414 19.807558 104
415 19.892311 103
416 19.805699 103
417 19.999804 102
418 19.999804 102
419 19.999745 102
420 19.805680 103
421 19.683621 103
422 18.934176 102
423 19.999725 102
424 19.805680 103
425 8.757980 102
426 19.805573 103
427 19.999873 102
428 7.850794 102
429 19.999804 102
430 19.805670 103
431 6.310721 104
432 4.312728 103
433 2.316117 103
434 19.999775 102
435 19.999882 102
436 19.999755 102
437 0.916431 102
438 19.611388 103
439 19.803686 102
440 19.611534 103
441 1.119119 101
442 19.999703 101
443 19.999901 101
444 19.999762 101
445 5.222637 102
446 19.803667 102
447 4.400206 102
448 19.999782 101
449 1.370495 101
450 19.999890 109
451 19.818771 109
452 19.999807 109
453 19.999752 109
454 19.999759 108
455 19.999796 108
456 19.814676 108
457 19.999804 107
458 19.814657 108
459 18.942954 109
460 1.193578 109
461 1.137495 109
462 0.335435 108
463 0.770826 109
464 0.274435 108
465 1.324661 109
466 0.620398 108
467 0.571413 109
468 0.592963 108
469 0.358417 108
470 0.673574 108
471 0.603417 108
472 0.656333 108
473 0.685269 108
474 0.587796 108
475 0.682694 108
476 0.574083 108
477 0.631537 108
478 0.691454 108
479 0.605138 109
480 0.634861 108
481 0.634602 108
482 19.466275 109
483 0.915202 109
484 0.261306 108
485 0.271324 108
486 0.927679 109
487 0.257926 108
488 0.265907 108
489 1.024000 109
490 0.792450 109
491 0.213981 108
492 0.257065 108
493 0.961578 109
494 0.277269 108
495 0.442349 109
496 2.053624 109
497 0.417519 108
498 1.104046 109
499 1.072018 109
500 2.722241 116
501 1.602353 116
502 0.357667 114
503 2.295276 116
504 1.988784 116
505 0.766789 114
506 0.711939 115
507 0.676930 114
508 1.545457 116
509 0.430698 116
510 3.137595 116
511 1.413026 116
512 1.487164 116
513 6.685405 116
514 5.235259 116
515 1.236905 116
516 2.070414 116
517 1.247974 116
518 1.425905 116
519 1.444190 116
520 1.419914 116
521 1.476862 116
522 1.209759 116
523 1.326233 116
524 1.721353 116
525 1.567362 116
526 1.698267 116
527 1.770621 116
528 1.363767 116
529 1.362500 116
530 4.356681 116
531 2.967009 115
532 1.812819 116
533 0.991414 116
534 0.757991 115
535 0.844113 115
536 0.807879 116
537 0.699730 115
538 4.328397 116
539 1.515270 115
540 1.793922 115
541 1.034748 115
542 1.288560 116
543 2.596060 116
544 0.977798 114
545 1.022379 116
546 20.000000 116
547 1.200517 116
548 1.850897 116
549 1.194217 115
550 4.249324 105
551 4.061590 105
552 1.234352 105
553 0.948495 105
554 1.027676 105
555 0.818962 105
556 1.079810 105
557 1.142905 105
558 1.157667 105
559 1.932762 105
560 1.013800 105
561 1.323048 105
562 0.928381 105
563 1.186629 105
564 0.781800 105
565 1.414410 105
566 0.819410 105
567 7.523629 105
568 2.311905 105
569 3.019419 105
570 1.324087 103
571 2.754295 105
572 1.336705 105
573 1.113837 104
574 0.873404 104
575 1.099635 104
576 1.071615 104
577 1.127798 104
578 2.062676 105
579 1.440352 105
580 1.311229 105
581 1.374010 105
582 1.468743 105
583 1.305133 105
584 1.379210 105
585 1.246429 105
586 2.797781 105
587 2.566590 105
588 2.810781 105
589 1.293286 105
590 1.173500 104
591 2.329438 105
592 2.554333 105
593 2.754314 105
594 1.886543 105
595 1.841800 105
596 2.102210 105
597 1.957114 105
598 2.693152 105
599 2.389743 105
600 2.520574 115
601 1.956374 115
602 1.914009 115
603 3.407113 115
604 1.821088 114
605 1.952132 114
606 1.841912 114
607 1.668548 115
608 3.279243 115
609 2.733548 115
610 1.800632 114
611 3.910452 115
612 1.612274 113
613 1.867357 112
614 1.821681 113
615 1.800593 113
616 5.347026 115
617 4.587956 114
618 3.739243 115
619 0.671413 92
620 3.165096 115
621 3.503583 115
622 18.447339 115
623 16.803345 113
624 4.441791 115
625 3.610132 114
626 1.905896 115
627 1.448904 114
628 1.325175 114
629 1.475386 114
630 2.467696 115
631 2.264860 114
632 0.577675 114
633 0.541175 114
634 2.589130 115
635 2.315113 115
636 1.680009 115
637 2.694913 115
638 3.171235 115
639 2.983000 115
640 2.520617 115
641 3.608096 115
642 3.555322 115
643 2.779322 115
644 3.230643 115
645 3.602730 115
646 1.398565 115
647 2.042670 115
648 1.719217 115
649 2.305983 115
650 17.733523 109
651 2.362275 109
652 1.025417 108
653 2.073495 109
654 2.180826 109
655 4.329569 109
656 1.614843 108
657 2.748119 109
658 1.958606 109
659 10.275963 109
660 1.366167 108
661 2.907817 109
662 1.101676 108
663 3.294229 109
664 3.665697 109
665 2.856679 109
666 3.026376 109
667 2.572853 109
668 1.017667 108
669 1.732862 109
670 0.858787 108
671 2.335376 109
672 2.679881 109
673 1.693407 108
674 2.850505 109
675 2.861128 109
676 3.404826 109
677 2.012257 109
678 2.521028 109
679 3.237266 109
680 2.366789 109
681 5.319596 109
682 4.944358 109
683 14.804284 109
684 1.884055 109
685 1.917550 109
686 2.241009 109
687 3.237284 109
688 2.481394 109
689 2.413294 109
690 1.592477 109
691 2.727578 109
692 3.864651 109
693 3.244587 109
694 2.629128 109
695 2.440706 109
696 1.804183 109
697 12.287991 109
698 3.183789 109
699 1.660954 109
700 4.028000 101
701 3.863109 101
702 3.356218 101
703 2.955248 101
704 2.925812 101
705 5.549149 101
706 3.420416 101
707 3.017347 101
708 2.903000 101
709 3.394188 101
710 4.521218 101
711 3.368624 101
712 3.823683 101
713 2.298198 101
714 19.999990 101
715 2.349119 101
716 8.189376 101
717 3.584510 100
718 3.640580 100
719 1.899030 100
720 3.729160 100
721 3.675300 100
722 1.713240 100
723 1.714510 100
724 1.977010 100
725 4.096560 100
726 10.694440 100
727 11.530343 99
728 11.258540 100
729 11.155172 99
730 13.216939 99
731 15.325263 99
732 15.405899 99
733 17.054606 99
734 15.607394 99
735 17.594465 99
736 0.717636 99
737 1.379313 99
738 1.488869 99
739 0.527714 98
740 0.507745 98
741 0.889394 99
742 0.259051 99
743 0.270283 99
744 10.606364 99
745 0.916424 99
746 0.953242 99
747 0.242551 98
748 0.223687 99
749 0.670131 99
750 1.918733 101
751 1.706782 101
752 1.753683 101
753 0.459340 100
754 1.407812 101
755 2.563099 101
756 2.229188 101
757 4.819426 101
758 0.901870 100
759 0.951210 100
760 0.783340 100
761 1.146850 100
762 2.724099 101
763 0.468426 101
764 0.470180 100
765 1.786723 101
766 1.520747 99
767 0.512111 99
768 1.487347 101
769 1.380180 100
770 0.438090 100
771 2.788079 101
772 6.193590 100
773 4.573703 101
774 1.904545 101
775 1.503485 101
776 1.728238 101
777 1.326911 101
778 3.751792 101
779 1.810663 101
780 1.299931 101
781 1.380802 101
782 1.392455 101
783 1.676010 101
784 1.373436 101
785 1.549604 101
786 0.466172 99
787 1.573723 101
788 0.476200 100
789 1.342710 100
790 1.580200 100
791 2.361540 100
792 0.443879 99
793 1.157610 100
794 1.245800 100
795 1.250080 100
796 1.496640 100
797 1.573310 100
798 1.404850 100
799 1.229840 100
800 3.280386 114
801 1.493719 114
802 1.281553 114
803 17.349930 114
804 1.113345 113
805 1.621518 114
806 1.222412 114
807 1.423184 114
808 1.372702 114
809 1.625842 114
810 0.507759 112
811 2.047158 114
812 2.130439 114
813 0.696204 113
814 1.613702 114
815 1.691281 114
816 2.444237 114
817 10.074798 114
818 12.067754 114
819 13.154044 114
820 13.259123 114
821 11.713772 114
822 1.084851 114
823 1.303465 114
824 8.196430 114
825 1.701404 114
826 1.143500 114
827 0.934079 114
828 1.029833 114
829 1.647202 114
830 2.289921 114
831 2.550860 114
832 1.853930 114
833 1.019000 114
834 0.911579 114
835 0.975614 114
836 0.945807 114
837 1.096921 114
838 0.766351 114
839 0.957184 114
840 1.873693 114
841 3.837877 114
842 0.762263 114
843 0.870974 114
844 1.165860 114
845 0.841535 114
846 2.142728 114
847 0.825526 114
848 0.770421 114
849 1.196737 114
850 10.503573 110
851 2.030945 110
852 1.487183 109
853 1.465282 110
854 1.396073 110
855 0.443624 109
856 0.447358 109
857 1.423573 110
858 0.427591 110
859 0.400826 109
860 1.524618 110
861 1.333182 110
862 1.519355 110
863 1.928673 110
864 2.270645 110
865 1.351036 110
866 2.565836 110
867 16.710257 109
868 4.330211 109
869 4.634550 109
870 17.833100 110
871 5.603642 109
872 18.109294 109
873 6.195955 110
874 6.466422 109
875 6.006945 109
876 5.921648 108
877 5.550491 108
878 5.278148 108
879 4.946312 109
880 4.535972 108
881 4.057615 109
882 3.839370 108
883 3.658704 108
884 3.394398 108
885 3.142796 108
886 2.572000 108
887 2.538213 108
888 2.386009 108
889 2.112926 108
890 2.080945 109
891 1.770407 108
892 16.943145 110
893 19.007092 109
894 16.556459 109
895 1.617673 110
896 0.238202 109
897 0.259697 109
898 0.876191 110
899 0.237101 109
900 0.726443 106
901 1.797632 106
902 3.802972 106
903 1.781657 105
904 1.923514 105
905 1.568670 106
906 0.432085 106
907 0.365381 105
908 1.574575 106
909 0.434314 105
910 0.410676 105
911 1.560189 106
912 0.445876 105
913 0.429667 105
914 1.661217 106
915 0.541562 105
916 1.542953 106
917 19.999981 106
918 19.811057 106
919 19.999895 105
920 19.999762 105
921 19.811274 106
922 19.999714 105
923 19.973095 105
924 19.809229 105
925 19.809457 105
926 19.999673 104
927 19.809419 105
928 19.809238 105
929 19.809410 105
930 19.809314 105
931 1.377726 106
932 1.275877 106
933 0.375676 105
934 0.437971 105
935 0.448114 105
936 1.006264 106
937 0.289210 105
938 0.309343 105
939 1.514028 106
940 0.315623 106
941 0.329362 105
942 0.325619 105
943 0.310124 105
944 1.360519 106
945 1.121991 106
946 0.308170 106
947 0.282396 106
948 0.789689 106
949 0.247019 106
950 0.600962 105
951 0.350305 105
952 1.516543 105
953 0.906476 105
954 1.498886 105
955 0.610875 104
956 1.237981 105
957 0.394200 105
958 0.360423 104
959 0.455260 104
960 1.323029 105
961 0.442644 104
962 0.374485 103
963 0.359068 103
964 1.269057 105
965 1.393933 105
966 0.454817 104
967 4.894733 105
968 3.173288 104
969 3.301490 104
970 3.186106 104
971 3.530886 105
972 2.029486 105
973 1.176400 105
974 1.255410 105
975 0.348894 104
976 1.053476 105
977 1.538924 105
978 1.031286 105
979 1.224695 105
980 1.352657 105
981 10.899210 105
982 0.952260 104
983 1.654514 105
984 1.113105 105
985 3.009133 105
986 0.820324 105
987 1.237048 105
988 0.940095 105
989 2.755505 105
990 0.885448 105
991 1.280390 105
992 1.101781 105
993 1.148143 105
994 1.421781 105
995 1.342629 105
996 0.879552 105
997 1.529038 105
998 0.702924 105
999 1.021562 105
1000 1.011860 86
1001 1.353419 86
1002 2.992395 86
1003 1.597093 86
1004 1.300140 86
1005 1.125744 86
1006 1.383488 86
1007 2.252605 86
1008 2.345023 86
1009 1.213698 86
1010 1.098209 86
1011 1.264895 86
1012 1.238686 86
1013 1.478826 86
1014 1.435047 86
1015 1.574314 86
1016 1.341767 86
1017 0.391576 85
1018 0.403588 85
1019 0.482482 85
1020 0.423918 85
1021 0.392694 85
1022 0.455047 85
1023 0.530412 85
1024 0.422835 85
1025 0.427918 85
1026 0.428424 85
1027 0.394442 86
1028 0.410256 86
1029 0.384791 86
1030 0.395800 85
1031 0.385302 86
1032 1.190163 86
1033 0.370907 86
1034 0.381235 85
1035 1.143826 86
1036 0.312247 85
1037 1.901674 86
1038 0.324318 85
1039 0.364812 85
1040 1.090930 86
1041 0.295628 86
1042 1.311860 86
1043 5.069000 86
1044 0.679965 86
1045 0.479679 84
1046 1.273453 86
1047 0.339872 86
1048 0.384106 85
1049 6.323651 86
1050 7.197368 106
1051 6.506368 106
1052 5.877274 106
1053 1.234943 106
1054 0.425343 105
1055 1.304245 106
1056 0.472857 105
1057 0.550714 105
1058 1.744670 106
1059 0.699467 105
1060 0.667453 106
1061 1.800189 106
1062 1.144257 105
1063 0.895505 105
1064 0.938229 105
1065 0.516657 105
1066 1.585019 106
1067 0.643381 105
1068 0.916971 105
1069 0.480670 106
1070 0.625505 105
1071 0.923524 105
1072 0.570533 105
1073 0.666238 105
1074 2.051245 106
1075 0.660183 104
1076 0.968798 104
1077 0.737048 104
1078 1.146433 104
1079 1.906606 104
1080 0.596848 105
1081 0.561163 104
1082 0.850538 104
1083 0.813676 105
1084 0.799038 104
1085 0.475894 104
1086 0.458135 104
1087 2.559274 106
1088 1.639724 105
1089 1.841953 106
1090 2.689726 106
1091 2.085604 106
1092 1.730448 105
1093 1.693811 106
1094 1.543085 106
1095 1.239255 106
1096 1.475849 106
1097 0.684276 105
1098 0.575543 105
1099 0.538698 106
1100 0.765849 119
1101 1.429420 119
1102 7.958669 118
1103 1.489580 119
1104 1.108908 119
1105 1.321773 119
1106 1.292109 119
1107 1.280471 119
1108 1.332345 119
1109 0.541798 119
1110 0.354395 119
1111 0.430814 118
1112 6.679303 119
1113 2.045076 118
1114 1.142790 119
1115 1.114134 119
1116 1.166084 119
1117 1.260261 119
1118 1.340445 119
1119 1.228807 119
1120 0.809059 118
1121 0.698390 118
1122 1.197445 119
1123 0.452102 118
1124 0.500805 118
1125 11.083294 119
1126 1.344815 119
1127 0.402153 118
1128 0.316992 118
1129 1.119244 119
1130 0.986067 119
1131 1.421395 119
1132 1.083555 119
1133 0.394525 118
1134 1.294639 119
1135 0.905084 119
1136 1.280720 118
1137 1.409605 119
1138 0.431525 118
1139 2.079370 119
1140 1.104529 119
1141 1.086992 118
1142 0.824353 119
1143 1.558571 119
1144 0.676441 118
1145 1.071529 119
1146 0.798479 119
1147 1.000210 119
1148 0.835378 119
1149 0.755529 119
1150 0.634082 110
1151 0.396236 110
1152 0.354936 110
1153 1.509955 110
1154 0.711275 109
1155 0.637138 109
1156 1.355573 110
1157 0.398427 110
1158 1.381045 110
1159 0.412514 109
1160 2.828591 110
1161 1.120963 109
1162 1.199991 110
1163 0.505193 109
1164 0.387917 109
1165 1.362627 110
1166 1.301127 110
1167 1.391127 110
1168 1.170364 110
1169 0.393718 110
1170 11.900064 110
1171 1.188532 109
1172 2.364655 110
1173 1.487330 109
1174 2.345018 110
1175 1.738284 109
1176 2.590818 110
1177 0.886982 110
1178 1.539418 110
1179 1.207257 109
1180 1.657427 110
1181 1.302927 109
1182 1.095227 110
1183 1.137727 110
1184 1.259518 110
1185 0.390809 110
1186 1.614236 110
1187 1.135318 110
1188 1.677773 110
1189 1.227550 109
1190 6.331109 110
1191 1.185336 110
1192 1.763027 110
1193 1.234500 110
1194 0.424505 109
1195 1.054600 110
1196 0.422627 110
1197 0.984900 110
1198 1.193527 110
1199 0.272436 110
1200 2.398509 112
1201 1.106464 112
1202 1.529473 112
1203 0.379205 112
1204 1.220384 112
1205 0.433482 112
1206 2.592214 112
1207 1.029402 112
1208 0.950723 112
1209 1.073420 112
1210 11.827304 112
1211 3.288964 112
1212 9.071268 112
1213 1.541143 112
1214 2.990500 112
1215 2.022357 112
1216 1.329321 112
1217 1.264143 112
1218 1.373688 112
1219 1.585232 112
1220 1.429509 112
1221 18.174098 112
1222 1.508589 112
1223 1.220232 112
1224 1.607812 112
1225 0.979259 112
1226 1.163259 112
1227 4.538875 112
1228 1.028786 112
1229 0.956571 112
1230 2.131080 112
1231 1.174080 112
1232 0.854830 112
1233 0.830946 112
1234 1.339268 112
1235 2.316777 112
1236 0.892857 112
1237 0.971518 112
1238 0.811562 112
1239 1.008911 112
1240 0.484018 112
1241 1.765250 112
1242 1.165196 112
1243 17.553955 112
1244 0.805134 112
1245 1.009554 112
1246 1.110071 112
1247 1.374455 112
1248 1.301643 112
1249 3.342946 112
1250 3.321062 113
1251 1.416478 113
1252 0.423779 113
1253 0.392726 113
1254 1.778832 113
1255 1.446973 113
1256 0.503469 113
1257 3.985673 113
1258 0.897903 113
1259 1.527035 113
1260 1.626168 113
1261 1.758177 113
1262 2.101301 113
1263 1.364416 113
1264 2.255425 113
1265 1.739301 113
1266 0.561973 112
1267 1.923425 113
1268 2.417575 113
1269 1.342558 113
1270 0.452770 113
1271 0.407699 113
1272 0.379106 113
1273 0.378214 112
1274 0.355330 112
1275 0.360839 112
1276 0.393241 112
1277 3.376319 113
1278 20.000000 113
1279 0.901770 113
1280 1.844327 113
1281 1.635726 113
1282 1.428000 113
1283 1.580319 113
1284 1.501354 113
1285 1.299327 113
1286 0.277438 112
1287 0.295250 112
1288 0.543752 113
1289 0.286752 113
1290 5.418549 113
1291 1.283195 113
1292 1.276788 113
1293 1.004345 113
1294 1.021611 113
1295 1.493973 113
1296 0.888726 113
1297 0.870619 113
1298 2.391504 113
1299 1.041566 113
1300 1.263349 109
1301 0.629138 109
1302 0.716743 109
1303 3.077165 109
1304 0.596743 109
1305 2.866633 109
1306 2.825385 109
1307 2.070761 109
1308 0.719925 107
1309 0.660505 107
1310 1.379101 109
1311 0.324459 109
1312 0.357343 108
1313 0.357954 108
1314 2.732523 109
1315 1.786514 109
1316 0.632481 108
1317 1.224679 109
1318 1.487358 109
1319 0.608296 108
1320 1.125404 109
1321 0.328065 108
1322 8.043092 109
1323 8.005157 108
1324 1.138826 109
1325 1.257477 109
1326 1.701560 109
1327 16.724771 109
1328 1.297716 109
1329 5.067587 109
1330 1.876284 109
1331 1.402688 109
1332 1.095055 109
1333 1.069450 109
1334 2.921128 109
1335 3.130248 109
1336 3.529954 108
1337 2.928324 108
1338 3.616593 108
1339 2.218426 108
1340 3.315037 108
1341 3.519269 108
1342 2.577275 109
1343 3.155734 109
1344 2.617120 108
1345 2.917630 108
1346 3.705213 108
1347 2.961074 108
1348 3.092815 108
1349 2.666000 108
1350 2.684090 100
1351 2.072450 100
1352 2.663780 100
1353 2.238240 100
1354 2.247030 100
1355 2.849670 100
1356 1.921900 100
1357 2.313150 100
1358 1.974530 100
1359 3.071620 100
1360 2.334250 100
1361 2.976580 100
1362 2.974530 100
1363 3.158880 100
1364 2.645830 100
1365 2.540640 100
1366 2.700100 100
1367 2.768920 100
1368 1.732600 100
1369 2.644160 100
1370 2.013350 100
1371 2.349740 100
1372 2.672170 100
1373 2.179430 100
1374 2.308100 100
1375 2.355430 100
1376 2.042350 100
1377 1.848480 100
1378 2.764010 100
1379 2.334500 100
1380 2.546810 100
1381 1.775260 100
1382 1.600380 100
1383 1.542160 100
1384 1.997500 100
1385 1.350880 100
1386 1.236190 100
1387 1.054310 100
1388 0.539798 99
1389 0.543202 99
1390 0.428727 99
1391 0.486616 99
1392 0.585505 99
1393 1.168434 99
1394 0.572400 100
1395 0.603152 99
1396 0.297778 99
1397 0.513939 99
1398 0.419470 100
1399 0.542616 99
1400 1.477526 97
1401 1.213361 97
1402 2.148330 97
1403 0.641175 97
1404 0.503835 97
1405 0.799474 97
1406 0.462680 97
1407 1.377082 97
1408 0.494711 97
1409 0.497320 97
1410 0.652062 97
1411 0.815093 97
1412 0.505464 97
1413 1.092474 97
1414 0.916907 97
1415 0.457454 97
1416 0.926485 97
1417 1.440320 97
1418 1.238031 97
1419 0.866557 97
1420 0.782876 97
1421 0.523979 97
1422 0.564711 97
1423 0.411629 97
1424 1.520567 97
1425 0.656835 97
1426 0.632928 97
1427 0.694701 97
1428 0.655330 97
1429 0.958577 97
1430 0.604165 97
1431 0.590979 97
1432 0.916113 97
1433 1.324289 97
1434 0.371604 96
1435 20.000000 97
1436 19.514948 97
1437 20.000000 97
1438 19.999773 97
1439 19.999876 97
1440 3.886876 97
1441 0.255371 97
1442 0.752010 97
1443 10.643052 97
1444 0.985753 97
1445 1.536402 97
1446 0.337887 97
1447 0.502588 97
1448 0.496897 97
1449 0.881268 97
1450 0.965484 91
1451 0.543099 91
1452 0.498198 91
1453 0.445022 91
1454 19.549440 91
1455 10.611022 91
1456 10.363659 91
1457 1.129187 91
1458 0.802209 91
1459 1.354516 91
1460 1.503165 91
1461 0.472429 91
1462 1.123132 91
1463 0.488681 91
1464 2.526121 91
1465 1.452527 91
1466 0.456275 91
1467 0.556484 91
1468 4.186538 91
1469 2.310484 91
1470 1.385780 91
1471 0.983330 91
1472 0.413253 91
1473 0.399791 91
1474 1.027308 91
1475 0.556462 91
1476 1.043912 91
1477 0.539604 91
1478 1.255066 91
1479 1.873593 91
1480 3.055165 91
1481 6.107670 91
1482 1.480516 91
1483 2.125121 91
1484 1.196253 91
1485 1.907121 91
1486 1.157571 91
1487 1.156747 91
1488 1.285484 91
1489 1.187264 91
1490 1.663637 91
1491 1.067011 91
1492 1.209176 91
1493 1.061791 91
1494 1.055670 91
1495 2.830538 91
1496 0.922989 91
1497 1.406835 91
1498 1.229758 91
1499 0.936956 91
1500 2.415861 108
1501 1.591389 108
1502 2.713065 108
1503 1.252361 108
1504 1.209343 108
1505 1.117991 108
1506 1.312472 108
1507 1.365917 108
1508 1.387778 108
1509 2.114398 108
1510 1.414046 108
1511 3.142037 108
1512 1.879500 108
1513 2.187176 108
1514 2.004065 108
1515 1.444917 108
1516 0.545477 107
1517 2.080037 108
1518 3.618972 107
1519 5.338916 107
1520 20.000000 107
1521 1.428676 108
1522 0.438417 108
1523 0.479224 107
1524 0.309411 107
1525 0.419150 107
1526 0.904037 107
1527 0.295748 107
1528 0.510176 108
1529 0.569815 108
1530 0.505102 108
1531 0.503352 108
1532 0.909944 108
1533 0.295000 107
1534 0.285664 107
1535 0.296565 108
1536 5.245602 108
1537 0.574252 107
1538 0.729243 107
1539 0.527421 107
1540 1.372463 108
1541 1.146794 107
1542 1.017374 107
1543 1.122953 107
1544 1.142869 107
1545 1.133898 108
1546 1.147407 108
1547 1.016574 108
1548 1.672898 108
1549 0.325710 107
1550 1.187083 120
1551 1.689608 120
1552 1.743842 120
1553 1.433625 120
1554 1.660317 120
1555 1.729417 120
1556 3.628700 120
1557 1.112825 120
1558 1.662483 120
1559 1.632958 120
1560 1.144225 120
1561 1.301117 120
1562 0.961450 120
1563 1.501300 120
1564 1.094675 120
1565 0.433958 120
1566 0.385467 120
1567 0.383617 120
1568 7.788850 120
1569 7.617033 120
1570 7.847250 120
1571 1.469100 120
1572 1.475333 120
1573 1.385192 120
1574 0.921242 120
1575 11.757733 120
1576 1.547625 120
1577 1.162442 120
1578 1.367842 120
1579 1.045583 120
1580 1.029708 120
1581 0.442475 120
1582 0.388208 120
1583 0.361092 120
1584 2.723883 120
1585 1.747900 120
1586 4.527625 120
1587 5.099075 120
1588 10.308367 120
1589 5.720983 120
1590 5.974058 120
1591 6.741400 120
1592 7.191133 120
1593 8.104033 120
1594 8.710867 120
1595 18.680825 120
1596 12.577158 120
1597 13.142917 120
1598 0.874000 120
1599 0.227658 120
1600 0.975319 113
1601 1.022735 113
1602 0.407841 113
1603 0.309575 113
1604 0.383673 113
1605 1.412956 113
1606 0.361080 113
1607 0.381752 113
1608 1.226611 113
1609 0.360823 113
1610 0.406602 113
1611 2.327602 113
1612 0.453874 111
1613 1.185628 113
1614 0.384991 113
1615 1.328504 113
1616 0.546531 113
1617 0.533558 113
1618 0.494894 113
1619 0.512673 113
1620 1.413381 113
1621 0.538000 112
1622 0.466875 112
1623 1.508646 113
1624 1.722655 113
1625 0.917310 113
1626 1.797788 113
1627 0.728566 113
1628 1.835858 113
1629 0.988761 113
1630 1.947708 113
1631 0.849743 113
1632 1.560903 113
1633 0.693761 113
1634 0.942071 113
1635 4.715044 113
1636 1.664416 113
1637 0.724134 112
1638 0.753232 112
1639 1.193814 113
1640 1.815628 113
1641 1.705053 113
1642 0.925425 113
1643 0.372398 113
1644 1.069602 113
1645 0.341779 113
1646 1.136009 113
1647 0.370566 113
1648 1.211372 113
1649 0.927850 113
1650 0.812218 101
1651 1.685921 101
1652 1.652614 101
1653 1.485059 101
1654 19.371069 101
1655 2.874614 101
1656 1.150941 101
1657 1.578267 101
1658 1.740030 101
1659 1.547455 101
1660 1.378337 101
1661 1.005475 101
1662 1.536505 101
1663 1.238881 101
1664 2.769267 101
1665 0.450070 100
1666 0.361640 100
1667 1.712832 101
1668 0.459050 101
1669 0.435667 99
1670 1.593188 101
1671 0.417384 99
1672 16.796941 101
1673 16.111188 101
1674 17.318594 101
1675 17.501630 100
1676 17.476470 100
1677 17.711720 100
1678 17.236490 100
1679 14.130660 100
1680 16.875436 101
1681 2.003752 101
1682 0.765089 101
1683 0.176430 100
1684 0.174620 100
1685 1.222485 101
1686 0.603267 101
1687 1.954366 101
1688 1.357416 101
1689 1.072604 101
1690 3.889515 101
1691 1.186366 101
1692 3.530129 101
1693 1.741030 101
1694 0.781079 101
1695 0.268060 100
1696 0.809634 101
1697 0.262030 100
1698 1.052376 101
1699 0.268416 101
1700 1.002274 95
1701 0.454737 95
1702 0.403632 95
1703 1.191147 95
1704 0.825747 95
1705 1.156537 95
1706 0.350632 95
1707 0.382947 95
1708 0.410358 95
1709 0.387842 95
1710 1.564295 95
1711 0.612105 95
1712 0.524789 95
1713 0.512284 95
1714 1.090937 95
1715 1.380000 95
1716 1.310968 95
1717 0.489695 95
1718 0.426074 95
1719 1.464611 95
1720 1.821179 95
1721 1.481747 95
1722 1.523147 95
1723 1.219358 95
1724 1.338463 95
1725 1.757568 95
1726 9.990779 95
1727 2.392074 95
1728 1.499516 95
1729 1.632989 95
1730 1.304232 95
1731 1.216716 95
1732 0.893389 95
1733 2.304074 95
1734 1.263684 95
1735 0.972537 95
1736 1.165432 95
1737 0.915358 95
1738 1.040126 95
1739 1.727126 95
1740 2.334032 95
1741 0.987084 95
1742 5.582726 95
1743 1.556895 95
1744 0.825653 95
1745 0.877800 95
1746 1.070989 95
1747 3.230021 95
1748 5.667179 95
1749 1.569074 95
1750 1.682240 121
1751 1.631950 121
1752 1.385678 121
1753 1.325496 121
1754 0.431959 121
1755 0.392653 121
1756 1.839727 121
1757 1.325983 121
1758 1.482868 121
1759 2.553298 121
1760 1.393446 121
1761 1.396537 121
1762 1.146231 121
1763 0.934760 121
1764 1.065570 121
1765 1.566372 121
1766 1.187529 121
1767 1.051942 121
1768 0.830231 121
1769 1.377967 121
1770 0.835525 120
1771 1.304132 121
1772 2.283207 121
1773 1.039008 121
1774 1.585182 121
1775 1.423223 121
1776 2.507760 121
1777 0.742298 121
1778 0.560694 121
1779 2.496537 121
1780 1.274959 121
1781 3.607620 121
1782 4.095140 121
1783 1.549525 120
1784 4.358256 121
1785 1.210802 121
1786 3.294430 121
1787 10.156446 121
1788 1.061157 121
1789 0.948793 121
1790 1.053950 121
1791 13.951628 121
1792 0.974711 121
1793 0.428727 121
1794 0.354727 121
1795 1.468149 121
1796 1.450050 121
1797 0.543537 121
1798 1.655174 121
1799 2.109975 121
1800 2.063252 115
1801 1.213304 115
1802 1.748948 115
1803 1.799843 115
1804 0.696713 115
1805 1.634930 115
1806 1.666843 115
1807 1.700957 115
1808 1.530252 115
1809 2.386417 115
1810 1.522496 115
1811 16.929035 115
1812 2.599365 115
1813 1.595757 115
1814 0.464270 115
1815 0.429565 115
1816 1.931896 115
1817 1.105496 115
1818 1.282113 115
1819 1.467878 115
1820 1.105452 115
1821 4.411139 115
1822 2.459209 115
1823 0.506304 115
1824 0.539843 115
1825 1.143757 115
1826 1.109861 115
1827 9.189513 115
1828 9.703096 115
1829 9.274991 115
1830 1.067791 115
1831 1.788852 115
1832 0.983913 115
1833 0.955774 115
1834 1.367113 115
1835 0.939061 115
1836 0.403696 115
1837 0.933191 115
1838 1.580548 115
1839 0.869391 115
1840 0.820270 115
1841 1.317139 115
1842 1.292235 115
1843 0.874791 115
1844 0.815739 115
1845 0.885757 115
1846 0.825687 115
1847 1.061417 115
1848 1.171322 115
1849 1.033565 115
1850 1.611495 107
1851 1.668589 107
1852 1.677009 107
1853 1.441757 107
1854 0.641196 107
1855 0.498299 107
1856 1.451963 107
1857 1.622991 107
1858 1.224944 107
1859 0.911430 107
1860 1.183682 107
1861 1.089467 107
1862 12.332654 107
1863 5.931280 107
1864 4.988112 107
1865 4.313953 107
1866 1.532458 107
1867 0.525636 107
1868 1.946299 107
1869 1.479000 106
1870 1.444645 107
1871 1.594196 107
1872 18.382458 107
1873 19.329822 107
1874 19.675617 107
1875 1.266804 107
1876 1.127346 107
1877 0.808439 107
1878 0.373748 107
1879 0.287271 107
1880 0.835150 107
1881 0.511486 107
1882 0.760626 107
1883 0.405168 107
1884 1.115093 107
1885 0.409402 107
1886 0.282748 107
1887 2.885598 107
1888 2.149664 107
1889 0.967019 107
1890 2.045850 107
1891 0.719738 107
1892 0.897299 107
1893 0.567065 107
1894 0.929645 107
1895 0.545383 107
1896 0.412383 107
1897 1.696692 107
1898 0.997963 107
1899 1.697953 107
1900 10.662355 110
1901 1.108836 110
1902 2.287173 110
1903 4.259055 110
1904 2.472364 110
1905 1.758936 110
1906 1.071725 109
1907 1.092981 108
1908 1.155157 108
1909 1.235731 108
1910 1.128796 108
1911 1.153259 108
1912 1.713327 110
1913 0.855972 107
1914 0.592074 108
1915 0.570872 109
1916 0.589602 108
1917 0.552769 108
1918 0.878349 109
1919 0.712167 108
1920 0.664833 108
1921 0.638944 107
1922 0.494654 107
1923 0.628046 108
1924 0.581954 109
1925 0.561569 109
1926 0.473664 107
1927 0.401491 108
1928 0.579417 108
1929 0.361157 108
1930 0.317065 108
1931 0.365000 108
1932 0.318509 108
1933 0.318561 107
1934 0.397092 109
1935 0.350963 108
1936 1.212518 110
1937 0.317835 109
1938 0.349239 109
1939 1.185900 110
1940 0.321128 109
1941 0.349119 109
1942 6.981573 110
1943 1.206555 110
1944 0.419844 109
1945 0.498844 109
1946 0.395477 109
1947 1.086618 110
1948 0.410917 109
1949 15.790495 109
1950 0.818124 105
1951 15.110276 105
1952 1.259190 105
1953 1.610286 105
1954 1.360371 105
1955 0.400212 104
1956 1.481381 105
1957 1.919448 105
1958 1.297810 105
1959 0.348885 104
1960 0.879743 105
1961 3.348600 105
1962 19.999714 105
1963 19.999657 105
1964 1.327505 105
1965 3.260038 105
1966 1.190505 105
1967 1.652419 105
1968 1.132429 105
1969 1.012267 105
1970 1.343514 105
1971 6.535952 105
1972 1.491190 105
1973 1.552714 105
1974 1.842724 105
1975 1.371981 105
1976 1.123943 105
1977 1.125705 105
1978 1.275648 105
1979 2.931038 105
1980 1.512914 105
1981 1.121105 105
1982 0.289933 104
1983 0.277495 105
1984 0.475750 104
1985 1.610162 105
1986 1.171000 104
1987 1.253886 105
1988 0.765990 105
1989 0.324390 105
1990 1.144257 105
1991 0.285192 104
1992 0.454346 104
1993 0.388048 105
1994 0.860829 105
1995 0.249419 105
1996 0.258798 104
1997 2.874438 105
1998 2.391510 104
1999 2.273933 104
2000 4.015000 117
2001 3.700222 117
2002 3.935709 117
2003 3.869205 117
2004 1.777829 117
2005 1.923821 117
2006 1.024784 116
2007 1.821026 117
2008 0.503017 115
2009 1.377120 117
2010 1.941658 117
2011 1.361282 117
2012 0.602940 117
2013 0.501778 117
2014 1.298120 117
2015 1.459111 117
2016 2.532556 117
2017 2.660590 117
2018 1.198333 117
2019 1.853171 117
2020 2.098845 116
2021 1.609274 117
2022 1.332427 117
2023 1.706376 117
2024 2.012214 117
2025 2.252359 117
2026 1.351231 117
2027 1.331590 117
2028 1.429128 117
2029 6.778231 117
2030 1.338915 117
2031 1.464205 117
2032 1.036060 117
2033 1.219342 117
2034 2.308504 117
2035 1.466410 117
2036 1.276342 117
2037 4.678786 117
2038 1.312701 117
2039 1.220991 117
2040 1.255171 117
2041 0.506829 117
2042 0.606325 117
2043 2.219410 117
2044 1.549457 116
2045 0.999470 117
2046 0.285940 116
2047 0.258086 116
2048 0.247078 116
2049 0.835419 117
2050 1.108717 120
2051 0.551420 119
2052 0.423597 119
2053 1.528833 120
2054 0.376068 118
2055 0.538297 118
2056 1.259242 120
2057 1.268467 120
2058 0.413882 119
2059 0.398277 119
2060 0.413580 119
2061 0.357202 119
2062 1.672858 120
2063 7.994033 120
2064 10.972067 119
2065 6.925681 119
2066 1.273867 120
2067 2.182542 120
2068 1.558908 120
2069 1.572992 120
2070 2.149450 120
2071 2.233858 120
2072 1.295508 120
2073 1.406692 120
2074 1.509058 120
2075 2.804708 120
2076 1.659392 120
2077 0.447303 119
2078 2.184617 120
2079 0.637101 119
2080 1.178412 119
2081 1.591308 120
2082 1.614992 120
2083 1.749258 120
2084 3.746083 120
2085 2.024117 120
2086 1.777683 120
2087 1.890317 120
2088 2.256067 120
2089 1.656408 120
2090 1.702183 120
2091 1.375708 120
2092 4.104592 120
2093 1.147840 119
2094 2.005033 120
2095 1.480500 120
2096 18.414700 120
2097 17.587042 119
2098 16.304193 119
2099 15.102050 119
2100 8.698688 109
2101 10.229824 108
2102 19.673157 108
2103 12.632349 109
2104 5.813361 108
2105 0.665346 107
2106 2.027954 109
2107 2.347817 109
2108 1.566908 109
2109 2.109367 109
2110 1.539349 109
2111 2.145899 109
2112 1.407945 109
2113 2.322468 109
2114 1.194769 108
2115 1.062907 108
2116 0.856259 108
2117 0.648981 108
2118 0.720620 108
2119 0.600102 108
2120 0.639519 108
2121 0.522074 108
2122 0.834037 108
2123 0.429935 108
2124 1.462713 108
2125 0.403257 109
2126 3.904284 109
2127 3.089899 109
2128 1.394220 109
2129 0.693579 107
2130 0.760224 107
2131 1.068642 109
2132 0.695835 109
2133 1.219450 109
2134 1.262275 109
2135 0.331889 108
2136 1.975532 109
2137 0.525694 108
2138 3.081303 109
2139 1.452532 109
2140 1.350954 109
2141 1.201798 109
2142 3.327642 109
2143 1.101752 109
2144 3.853110 109
2145 2.138881 109
2146 0.937046 108
2147 2.012376 109
2148 0.669468 109
2149 1.141780 109
2150 2.776692 104
2151 1.827135 104
2152 1.818721 104
2153 0.557087 103
2154 0.565398 103
2155 2.637846 104
2156 2.048683 104
2157 1.174592 103
2158 2.321635 104
2159 2.160240 104
2160 19.539702 104
2161 5.400462 104
2162 5.308115 104
2163 5.410500 104
2164 4.872437 103
2165 5.753539 102
2166 5.408806 103
2167 5.313119 101
2168 5.669667 102
2169 5.762118 102
2170 5.574699 103
2171 5.258832 101
2172 6.428644 101
2173 7.224406 101
2174 6.655255 102
2175 6.829050 101
2176 5.819426 101
2177 5.853146 103
2178 5.101861 101
2179 5.366822 101
2180 6.773406 101
2181 6.157333 102
2182 5.197198 101
2183 4.745971 102
2184 5.341029 102
2185 4.680078 102
2186 5.447772 101
2187 4.983275 102
2188 4.831369 103
2189 5.037529 102
2190 5.435356 101
2191 5.318680 103
2192 5.467765 102
2193 5.212059 102
2194 5.905228 101
2195 4.943893 103
2196 4.755356 101
2197 5.404752 101
2198 4.435990 101
2199 4.744168 101
2200 3.051366 101
2201 3.411792 101
2202 3.187317 101
2203 3.758000 101
2204 3.724475 101
2205 3.289970 101
2206 3.583861 101
2207 5.111416 101
2208 4.421356 101
2209 3.848808 99
2210 4.274535 99
2211 4.681576 99
2212 5.197180 100
2213 4.499337 101
2214 4.894510 100
2215 5.878101 99
2216 5.798750 100
2217 6.211333 99
2218 5.405263 99
2219 6.130750 100
2220 4.784141 99
2221 5.155110 100
2222 5.809566 99
2223 6.716121 99
2224 6.371010 100
2225 6.144495 99
2226 5.862707 99
2227 5.759570 100
2228 5.393283 99
2229 5.427515 99
2230 4.467434 99
2231 4.446162 99
2232 3.932070 100
2233 4.402606 99
2234 4.809810 100
2235 5.642980 100
2236 5.930242 99
2237 5.006198 101
2238 4.248060 100
2239 5.170480 100
2240 5.087586 99
2241 5.319860 100
2242 5.076240 100
2243 5.437480 100
2244 5.124070 100
2245 4.512485 99
2246 3.761220 100
2247 3.854700 100
2248 4.036790 100
2249 4.130490 100
2250 2.978812 101
2251 3.246228 101
2252 2.798320 100
2253 3.753580 100
2254 3.331690 100
2255 3.867270 100
2256 3.651040 101
2257 4.094040 101
2258 4.111760 100
2259 3.847870 100
2260 4.139690 100
2261 3.681505 99
2262 5.504818 99
2263 5.444333 99
2264 4.568500 100
2265 4.343434 99
2266 4.384260 100
2267 4.655768 99
2268 5.092313 99
2269 5.371404 99
2270 5.590960 100
2271 5.659657 99
2272 5.426770 100
2273 5.326290 100
2274 5.559099 101
2275 6.051091 99
2276 4.566535 99
2277 4.779550 100
2278 5.271717 99
2279 5.641657 99
2280 5.647230 100
2281 6.352620 100
2282 6.411990 100
2283 5.220700 100
2284 5.566290 100
2285 4.694354 99
2286 4.992240 100
2287 5.440606 99
2288 6.285300 100
2289 6.044101 99
2290 5.074636 99
2291 5.001293 99
2292 4.030465 99
2293 4.773010 99
2294 4.454130 100
2295 4.162101 99
2296 5.074130 100
2297 4.906200 100
2298 4.553860 100
2299 4.335930 100
2300 3.107376 101
2301 3.109921 101
2302 3.309230 100
2303 3.926310 100
2304 3.488770 100
2305 3.547410 100
2306 3.397158 101
2307 3.706090 100
2308 4.205890 100
2309 3.855280 100
2310 4.328758 99
2311 3.968644 101
2312 4.961110 100
2313 5.972626 99
2314 5.546640 100
2315 4.986740 100
2316 6.888950 100
2317 5.320760 100
2318 6.076667 99
2319 5.352624 101
2320 5.860120 100
2321 5.740535 99
2322 4.928818 99
2323 5.345374 99
2324 5.006838 99
2325 5.203750 100
2326 5.205162 99
2327 5.384000 99
2328 5.523740 100
2329 5.548410 100
2330 5.278390 100
2331 5.814790 100
2332 5.907168 101
2333 5.246910 100
2334 4.625131 99
2335 4.859990 100
2336 4.430500 100
2337 3.961778 99
2338 4.526910 100
2339 3.567436 101
2340 3.885687 99
2341 4.601667 99
2342 4.578808 99
2343 5.333889 99
2344 5.205596 99
2345 4.969192 99
2346 4.680818 99
2347 4.523260 100
2348 4.490687 99
2349 3.772949 99
2350 3.043931 87
2351 1.185368 87
2352 0.703721 86
2353 0.377402 87
2354 0.446651 86
2355 0.330395 86
2356 1.416057 87
2357 1.429802 86
2358 0.544430 86
2359 1.535093 86
2360 0.677570 86
2361 1.127163 86
2362 2.282931 87
2363 1.033195 87
2364 0.554494 87
2365 0.621563 87
2366 1.933314 86
2367 1.152128 86
2368 2.036512 86
2369 0.373186 86
2370 2.225419 86
2371 0.919686 86
2372 0.406233 86
2373 1.003184 87
2374 0.665523 86
2375 1.653314 86
2376 0.480523 86
2377 0.815128 86
2378 0.557977 86
2379 1.065724 87
2380 0.423698 86
2381 0.849805 87
2382 0.443837 86
2383 1.254356 87
2384 0.309663 86
2385 0.309686 86
2386 1.054126 87
2387 0.314721 86
2388 0.297977 86
2389 2.424575 87
2390 0.393812 85
2391 0.411733 86
2392 1.527092 87
2393 0.541678 87
2394 0.370349 86
2395 1.498138 87
2396 0.341849 86
2397 0.311287 87
2398 1.118161 87
2399 0.315138 87
2400 0.693855 117
2401 0.417470 117
2402 0.411795 117
2403 0.543752 117
2404 0.349368 117
2405 0.425607 117
2406 0.376615 117
2407 0.395316 117
2408 0.371667 117
2409 0.357274 117
2410 1.456222 117
2411 1.487198 116
2412 0.948078 116
2413 0.569905 116
2414 1.569581 117
2415 1.142846 117
2416 1.047350 117
2417 0.683914 116
2418 0.736603 116
2419 0.704034 116
2420 1.313675 117
2421 5.471248 117
2422 4.375603 116
2423 3.776957 116
2424 4.057336 116
2425 3.793385 117
2426 2.963769 117
2427 5.623569 116
2428 4.504500 116
2429 3.709624 117
2430 3.118922 116
2431 1.648265 117
2432 1.123414 116
2433 1.104103 116
2434 1.193940 117
2435 0.901547 117
2436 1.448470 117
2437 4.545855 117
2438 0.481647 116
2439 1.081521 117
2440 0.857526 116
2441 18.701667 117
2442 17.676819 116
2443 17.488905 116
2444 1.016658 117
2445 0.272632 117
2446 0.416276 116
2447 5.086991 117
2448 0.498650 117
2449 0.456103 116
2450 4.522158 114
2451 2.243070 114
2452 2.216281 114
2453 1.976807 114
2454 0.404230 113
2455 3.391237 114
2456 1.967770 113
2457 1.329814 113
2458 0.908307 114
2459 0.425158 114
2460 0.795746 114
2461 2.605737 114
2462 1.269930 114
2463 1.160588 114
2464 3.115088 114
2465 0.473283 113
2466 1.538886 114
2467 2.456044 114
2468 1.036743 113
2469 1.592596 114
2470 1.549114 114
2471 0.923903 113
2472 1.335149 114
2473 1.443796 113
2474 1.194175 114
2475 1.565491 114
2476 1.234333 114
2477 16.728816 114
2478 3.800456 114
2479 1.079939 114
2480 4.728504 113
2481 1.065728 114
2482 1.076088 114
2483 0.337316 114
2484 2.031061 114
2485 0.290874 111
2486 0.973807 114
2487 1.192877 114
2488 1.606263 114
2489 0.312754 114
2490 12.662175 114
2491 7.546265 113
2492 0.862868 114
2493 2.934518 114
2494 0.534868 114
2495 0.840325 114
2496 0.573202 114
2497 2.728895 114
2498 0.880474 114
2499 0.919509 114
2500 1.051780 109
2501 1.181037 109
2502 18.908798 109
2503 1.866954 109
2504 1.088459 109
2505 1.291991 109
2506 1.185743 109
2507 1.600596 109
2508 2.303046 109
2509 20.000000 109
2510 1.901349 109
2511 1.008248 109
2512 1.188807 109
2513 2.272165 109
2514 1.104266 109
2515 1.057266 109
2516 0.280303 109
2517 1.264110 109
2518 1.146294 109
2519 1.023624 109
2520 1.228294 109
2521 1.184862 109
2522 1.130908 109
2523 0.789248 109
2524 1.113807 109
2525 1.345872 109
2526 1.171982 109
2527 1.161431 109
2528 12.111101 109
2529 0.968596 109
2530 1.567303 109
2531 1.565257 109
2532 1.650991 109
2533 5.770514 109
2534 1.506312 109
2535 0.799073 109
2536 0.891725 109
2537 1.044284 109
2538 1.487376 109
2539 1.153220 109
2540 0.859817 109
2541 0.950560 109
2542 1.081422 109
2543 1.621110 109
2544 1.168927 109
2545 0.706550 109
2546 0.653587 109
2547 0.910817 109
2548 1.204550 109
2549 0.689541 109
2550 0.961096 104
2551 1.127990 104
2552 3.229269 104
2553 1.411221 104
2554 9.628144 104
2555 18.710298 104
2556 1.356077 104
2557 1.076654 104
2558 2.389606 104
2559 1.147692 104
2560 2.322365 104
2561 1.419125 104
2562 1.051606 104
2563 7.931298 104
2564 4.068971 104
2565 3.717308 104
2566 3.692856 104
2567 4.050885 104
2568 4.095096 104
2569 3.896846 104
2570 4.120481 104
2571 2.957942 104
2572 2.700808 104
2573 2.407144 104
2574 2.158596 104
2575 1.812163 104
2576 1.874712 104
2577 2.012394 104
2578 1.522548 104
2579 1.303567 104
2580 1.923115 104
2581 1.952875 104
2582 1.920375 104
2583 2.113000 104
2584 2.552356 104
2585 2.000718 103
2586 1.934350 103
2587 1.282476 103
2588 1.490854 103
2589 1.103456 103
2590 0.975184 103
2591 1.096126 103
2592 1.078816 103
2593 1.210786 103
2594 1.144680 103
2595 1.128515 103
2596 1.449058 103
2597 1.473029 103
2598 2.149709 103
2599 2.028029 103
2600 9.379776 107
2601 7.454776 107
2602 3.561178 107
2603 3.722879 107
2604 3.889234 107
2605 3.379355 107
2606 2.835738 107
2607 3.425682 107
2608 4.003477 107
2609 3.781131 107
2610 3.100953 107
2611 2.843131 107
2612 2.871542 107
2613 2.327037 107
2614 2.603421 107
2615 2.206393 107
2616 2.251888 107
2617 1.711271 107
2618 1.256822 107
2619 1.693981 107
2620 1.823308 107
2621 1.499729 107
2622 1.610280 107
2623 1.594355 107
2624 2.206523 107
2625 1.738991 107
2626 1.838626 107
2627 1.641421 107
2628 2.456785 107
2629 1.993402 107
2630 1.707692 107
2631 1.461664 107
2632 1.459187 107
2633 1.644486 107
2634 1.339776 107
2635 1.458551 107
2636 1.556542 107
2637 1.521458 107
2638 1.198131 107
2639 1.284701 107
2640 1.374290 107
2641 1.349037 107
2642 1.432505 107
2643 1.664720 107
2644 1.183701 107
2645 1.428561 107
2646 1.443682 107
2647 1.137561 107
2648 1.038869 107
2649 1.714121 107
2650 8.912481 108
2651 7.659963 108
2652 3.935794 107
2653 3.534953 107
2654 3.255570 107
2655 3.822944 107
2656 2.942523 107
2657 3.741486 107
2658 3.713495 107
2659 3.031449 107
2660 2.853472 108
2661 2.564306 108
2662 2.736806 108
2663 1.440000 108
2664 0.425234 107
2665 1.532750 108
2666 1.186370 108
2667 5.632630 108
2668 2.847065 107
2669 2.306682 107
2670 1.517570 107
2671 2.910383 107
2672 1.672402 107
2673 1.345028 106
2674 1.661802 106
2675 1.560292 106
2676 1.581019 106
2677 1.612651 106
2678 1.983858 106
2679 1.170869 107
2680 2.042226 106
2681 2.247774 106
2682 1.506538 106
2683 2.258421 107
2684 1.390056 107
2685 2.479533 107
2686 1.943151 106
2687 1.165934 106
2688 1.917710 107
2689 2.065698 106
2690 1.925764 106
2691 2.593764 106
2692 2.765057 106
2693 1.684598 107
2694 1.844623 106
2695 1.963439 107
2696 2.297858 106
2697 2.121660 106
2698 2.459519 106
2699 2.102698 106
2700 5.231590 105
2701 2.802562 105
2702 1.287905 105
2703 2.722500 104
2704 2.704971 104
2705 2.147990 104
2706 1.341635 104
2707 2.579538 104
2708 2.176471 104
2709 3.094923 104
2710 2.304510 104
2711 1.395448 105
2712 0.861923 104
2713 0.711971 104
2714 1.994750 104
2715 0.887971 104
2716 5.514308 104
2717 0.952600 105
2718 2.310875 104
2719 0.977250 104
2720 0.779712 104
2721 2.674423 104
2722 1.033240 104
2723 0.828558 104
2724 0.748404 104
2725 0.971058 104
2726 0.808202 104
2727 0.803933 104
2728 0.887606 104
2729 1.316933 104
2730 2.983433 104
2731 0.920644 104
2732 0.731865 104
2733 3.205619 105
2734 0.807750 104
2735 0.667798 104
2736 0.674510 104
2737 0.584067 104
2738 0.615712 104
2739 0.753673 104
2740 0.658058 104
2741 0.562533 105
2742 0.520885 104
2743 1.194385 104
2744 0.601577 104
2745 0.498817 104
2746 0.804413 104
2747 0.533981 104
2748 1.834260 104
2749 0.520076 105
2750 2.411189 95
2751 1.022768 95
2752 1.038905 95
2753 0.898653 95
2754 1.627126 95
2755 0.450191 94
2756 1.808695 95
2757 1.826832 95
2758 1.811179 95
2759 1.831958 95
2760 1.663894 94
2761 1.716223 94
2762 1.476617 94
2763 1.930200 95
2764 1.456245 94
2765 1.751968 94
2766 1.329723 94
2767 1.455989 94
2768 1.356830 94
2769 1.381705 95
2770 1.314319 94
2771 1.584872 94
2772 1.506745 94
2773 1.296968 94
2774 1.672330 94
2775 1.652811 95
2776 1.245085 94
2777 1.407021 94
2778 1.662362 94
2779 0.973553 94
2780 1.207489 94
2781 1.244415 94
2782 0.949734 94
2783 0.986032 94
2784 1.187457 94
2785 1.397337 95
2786 1.689189 95
2787 1.068505 95
2788 1.078053 95
2789 1.395337 95
2790 0.794617 94
2791 0.764979 94
2792 0.586421 95
2793 0.588043 94
2794 0.594085 94
2795 0.646117 94
2796 0.781232 95
2797 0.599926 94
2798 0.661779 95
2799 0.624606 94
2800 1.669269 104
2801 0.790269 104
2802 0.730519 104
2803 0.714904 104
2804 0.676529 104
2805 0.826231 104
2806 0.815760 104
2807 0.714163 104
2808 0.682702 104
2809 0.686731 104
2810 0.648654 104
2811 0.664317 104
2812 0.887865 104
2813 0.767519 104
2814 0.746481 104
2815 1.346587 104
2816 0.413692 104
2817 0.359481 104
2818 0.408689 103
2819 3.636779 104
2820 1.993738 103
2821 2.465388 103
2822 1.898875 104
2823 2.452155 103
2824 1.702456 103
2825 1.590252 103
2826 1.624243 103
2827 1.374913 103
2828 1.878524 103
2829 1.970476 103
2830 2.229029 103
2831 3.662621 103
2832 2.154864 103
2833 2.541641 103
2834 2.578757 103
2835 1.901845 103
2836 1.787854 103
2837 2.743573 103
2838 2.484621 103
2839 1.014394 104
2840 0.285408 103
2841 0.303369 103
2842 1.291894 104
2843 0.328304 102
2844 0.328602 103
2845 0.293353 102
2846 1.516359 103
2847 0.272098 102
2848 0.290078 103
2849 0.345864 103
2850 2.002157 108
2851 0.388861 108
2852 0.532398 108
2853 0.480889 108
2854 1.164815 108
2855 0.419514 107
2856 0.437626 107
2857 2.472907 108
2858 1.316589 107
2859 1.396206 107
2860 1.283019 107
2861 2.070148 108
2862 0.427804 107
2863 1.474213 108
2864 0.499551 107
2865 0.397421 107
2866 1.283657 108
2867 3.063009 108
2868 1.113148 108
2869 1.499315 108
2870 0.475159 107
2871 0.406336 107
2872 0.464213 108
2873 3.707778 108
2874 2.378224 107
2875 2.167869 107
2876 2.047037 107
2877 2.281917 108
2878 2.534047 107
2879 2.561514 107
2880 2.628271 107
2881 2.694327 107
2882 2.735477 107
2883 2.738925 107
2884 2.925916 107
2885 2.706093 107
2886 2.469645 107
2887 1.782611 108
2888 3.094981 107
2889 2.559523 107
2890 2.597869 107
2891 2.453551 107
2892 2.294991 107
2893 1.975194 108
2894 0.407843 108
2895 0.357523 107
2896 1.395380 108
2897 2.909551 107
2898 0.346542 107
2899 0.302318 107
2900 1.335256 86
2901 0.417244 86
2902 0.401977 86
2903 0.430721 86
2904 1.763640 86
2905 0.396964 83
2906 0.559205 83
2907 0.320277 83
2908 1.581767 86
2909 0.481447 85
2910 0.493976 85
2911 1.537465 86
2912 0.787721 86
2913 0.824906 85
2914 0.652477 86
2915 0.701871 85
2916 1.329535 86
2917 0.314430 86
2918 0.360212 85
2919 0.324671 85
2920 2.034407 86
2921 0.388155 84
2922 0.491762 84
2923 1.377733 86
2924 0.422541 85
2925 0.391047 85
2926 0.588035 85
2927 1.404442 86
2928 0.344224 85
2929 0.424565 85
2930 0.305384 86
2931 2.030360 86
2932 0.424435 85
2933 0.343529 85
2934 0.388174 86
2935 2.060419 86
2936 0.706302 86
2937 1.129835 85
2938 0.971698 86
2939 0.497412 85
2940 0.432812 85
2941 0.378000 85
2942 0.432163 86
2943 0.373023 86
2944 1.437965 86
2945 0.517071 85
2946 0.569329 85
2947 0.506349 86
2948 1.440977 86
2949 1.003372 86
2950 1.193907 97
2951 0.685897 97
2952 0.577268 97
2953 1.382948 97
2954 0.372490 96
2955 1.500485 97
2956 0.444979 96
2957 1.466918 97
2958 1.541505 97
2959 0.433979 97
2960 0.457670 97
2961 0.408479 96
2962 1.201536 97
2963 0.448031 96
2964 0.393323 96
2965 1.602320 97
2966 0.365604 96
2967 0.376427 96
2968 0.364437 96
2969 3.135814 97
2970 2.574729 96
2971 1.477412 97
2972 1.659309 97
2973 0.732515 97
2974 0.429792 96
2975 1.434433 97
2976 0.375583 96
2977 0.382208 96
2978 1.687629 97
2979 0.562124 97
2980 0.314558 95
2981 1.926608 97
2982 0.513792 96
2983 1.306546 97
2984 0.400495 97
2985 1.564485 97
2986 0.410833 96
2987 0.628206 97
2988 1.378340 97
2989 0.409010 97
2990 1.256278 97
2991 1.193320 97
2992 0.455907 97
2993 1.276876 97
2994 0.348823 96
2995 1.003485 97
2996 0.421371 97
2997 1.231546 97
2998 0.325438 96
2999 19.490258 97
3000 16.929961 103
3001 19.805825 103
3002 19.805845 103
3003 19.611699 103
3004 19.803951 102
3005 19.803961 102
3006 19.803941 102
3007 19.611680 103
3008 1.550330 103
3009 1.124363 102
3010 0.480127 102
3011 0.957000 102
3012 0.593725 102
3013 1.156873 102
3014 0.596265 102
3015 0.755078 103
3016 0.871980 102
3017 1.079216 102
3018 0.388029 102
3019 0.396598 102
3020 0.389049 102
3021 0.597039 102
3022 1.128621 103
3023 0.397794 102
3024 0.361725 102
3025 1.177456 103
3026 0.393294 102
3027 1.030660 103
3028 0.754255 102
3029 0.658814 102
3030 1.024087 103
3031 0.324563 103
3032 0.900854 103
3033 0.274437 103
3034 0.907097 103
3035 0.227451 102
3036 2.698447 103
3037 2.006157 102
3038 1.934627 102
3039 0.802680 103
3040 0.181765 102
3041 0.953845 103
3042 0.195510 102
3043 1.308078 103
3044 0.374951 103
3045 0.664854 103
3046 0.157569 102
3047 0.206157 102
3048 0.852388 103
3049 0.239833 102
3050 0.949309 94
3051 0.306670 94
3052 0.914596 94
3053 0.330138 94
3054 0.298372 94
3055 0.805660 94
3056 0.308468 94
3057 1.033053 94
3058 0.403596 94
3059 0.327670 94
3060 0.948968 94
3061 0.292447 94
3062 0.903383 94
3063 0.718574 94
3064 0.679777 94
3065 1.075489 94
3066 0.916319 94
3067 1.213021 94
3068 0.334064 94
3069 1.874511 94
3070 1.197468 94
3071 0.552926 94
3072 1.061798 94
3073 0.923340 94
3074 0.712904 94
3075 1.172681 94
3076 0.728213 94
3077 0.940989 94
3078 0.698617 94
3079 0.791426 94
3080 0.797362 94
3081 0.882479 94
3082 0.846191 94
3083 0.809819 94
3084 0.782128 94
3085 0.854936 94
3086 0.804872 94
3087 0.212118 93
3088 0.506574 94
3089 0.227108 93
3090 0.336355 93
3091 0.307538 93
3092 0.326892 93
3093 0.236968 93
3094 0.229054 93
3095 0.218194 93
3096 0.236011 93
3097 1.618521 94
3098 0.306298 94
3099 0.305628 94
3100 2.617263 99
3101 0.523313 99
3102 0.557889 99
3103 0.458646 99
3104 0.417566 99
3105 0.418071 99
3106 0.409384 99
3107 0.455182 99
3108 0.440212 99
3109 0.983414 99
3110 1.575040 99
3111 0.403899 99
3112 1.120455 99
3113 6.166283 99
3114 0.323162 99
3115 1.172798 99
3116 0.575364 99
3117 0.436184 98
3118 0.394889 99
3119 0.870333 99
3120 0.299303 99
3121 1.109232 99
3122 0.319357 98
3123 0.321816 98
3124 1.187727 99
3125 1.234111 99
3126 0.303879 99
3127 0.536576 99
3128 0.361051 99
3129 0.335495 99
3130 0.321212 99
3131 0.432515 99
3132 0.971061 99
3133 1.514636 99
3134 0.877667 99
3135 0.886899 99
3136 0.850919 99
3137 1.122717 99
3138 1.123162 99
3139 1.016343 99
3140 0.354808 99
3141 0.298535 99
3142 0.333545 99
3143 0.309273 99
3144 0.393061 99
3145 0.365707 99
3146 0.403293 99
3147 0.721687 99
3148 0.525354 99
3149 0.560737 99
3150 0.936689 106
3151 1.560368 106
3152 0.560189 106
3153 4.788075 106
3154 1.084349 106
3155 0.447132 106
3156 0.474811 106
3157 1.110943 106
3158 0.487679 106
3159 0.465255 106
3160 0.348047 106
3161 0.401057 106
3162 0.445585 106
3163 6.983396 106
3164 0.404736 106
3165 1.099660 106
3166 1.047519 106
3167 1.145085 106
3168 1.267066 106
3169 0.440236 106
3170 0.873236 106
3171 0.466453 106
3172 0.474330 106
3173 0.375783 106
3174 0.329547 106
3175 0.371462 106
3176 0.365038 106
3177 0.347179 106
3178 1.147434 106
3179 1.041245 106
3180 0.647698 106
3181 0.723377 106
3182 0.652632 106
3183 0.830528 106
3184 0.666038 106
3185 0.938802 106
3186 19.811292 106
3187 19.811066 106
3188 19.811226 106
3189 19.811066 106
3190 19.811283 106
3191 19.811075 106
3192 0.825868 106
3193 1.283066 106
3194 0.781104 106
3195 0.392000 106
3196 0.696000 106
3197 0.213538 106
3198 0.232208 106
3199 0.226991 106
3200 0.827119 109
3201 1.252284 109
3202 0.375670 109
3203 0.392685 108
3204 0.336574 108
3205 0.399330 109
3206 1.218349 109
3207 0.424908 109
3208 1.001963 109
3209 0.338648 108
3210 1.492514 109
3211 4.859657 108
3212 1.068780 109
3213 1.031679 109
3214 0.395817 109
3215 1.316330 109
3216 0.703771 109
3217 0.302139 108
3218 0.444426 108
3219 0.336018 109
3220 0.334176 108
3221 0.328546 108
3222 1.067459 109
3223 0.363194 108
3224 0.295009 108
3225 0.333688 109
3226 1.166927 109
3227 0.518574 108
3228 0.662306 108
3229 0.356222 108
3230 0.529324 108
3231 1.626523 109
3232 1.042165 109
3233 0.493596 109
3234 2.487657 108
3235 1.089569 109
3236 0.975541 109
3237 1.353615 109
3238 0.572615 109
3239 0.366266 109
3240 1.004202 109
3241 0.353250 108
3242 0.390537 108
3243 0.338074 108
3244 1.189862 109
3245 14.950587 109
3246 14.107119 109
3247 12.850991 108
3248 8.402000 108
3249 5.029486 109
3250 1.048120 108
3251 0.501074 108
3252 0.364657 108
3253 0.424870 108
3254 1.286926 108
3255 1.562750 108
3256 1.991769 108
3257 0.880542 107
3258 0.944302 106
3259 0.820538 106
3260 0.995387 106
3261 7.511642 106
3262 1.221311 106
3263 2.333694 108
3264 2.148704 108
3265 1.166417 108
3266 1.408019 108
3267 0.405642 106
3268 0.522623 106
3269 0.360632 106
3270 0.409462 106
3271 0.326642 106
3272 2.219713 108
3273 1.533620 108
3274 0.296887 106
3275 2.299907 108
3276 0.544346 107
3277 0.584402 107
3278 1.207852 108
3279 0.558713 108
3280 1.153991 108
3281 1.044000 108
3282 0.906417 108
3283 0.390748 107
3284 0.408972 107
3285 1.121380 108
3286 0.322880 108
3287 0.335019 108
3288 0.313065 108
3289 1.536843 108
3290 1.748806 108
3291 0.330430 107
3292 0.342411 107
3293 0.285546 108
3294 0.356832 107
3295 2.429796 108
3296 1.025407 108
3297 1.087324 108
3298 1.192981 108
3299 0.432972 107
3300 1.161807 119
3301 1.522143 119
3302 4.327807 119
3303 3.118227 119
3304 3.052407 118
3305 3.181229 118
3306 5.175042 119
3307 8.009280 118
3308 7.064653 118
3309 4.865068 118
3310 4.408636 118
3311 1.249345 119
3312 0.477161 118
3313 0.639475 118
3314 1.189529 119
3315 0.482856 118
3316 1.418580 119
3317 2.371714 119
3318 3.536403 119
3319 2.018958 118
3320 2.001803 117
3321 2.009453 117
3322 2.027252 119
3323 0.647598 117
3324 1.314462 119
3325 0.333197 117
3326 1.140252 119
3327 1.234924 119
3328 1.152311 119
3329 3.464109 119
3330 0.325890 118
3331 1.849487 119
3332 0.990992 119
3333 0.932639 119
3334 0.335983 118
3335 3.646513 119
3336 0.717092 119
3337 0.257714 119
3338 0.890185 119
3339 0.585958 118
3340 0.756500 118
3341 2.462546 119
3342 1.417891 119
3343 0.899244 119
3344 0.925529 119
3345 1.248202 119
3346 0.471832 119
3347 0.445782 119
3348 0.852286 119
3349 0.969782 119
3350 1.042106 85
3351 1.586447 85
3352 1.399671 85
3353 1.339671 85
3354 2.594341 85
3355 1.318940 84
3356 1.593118 85
3357 0.402165 85
3358 0.603776 85
3359 1.576188 85
3360 1.227353 85
3361 0.398500 84
3362 1.775341 85
3363 1.204494 85
3364 0.345729 85
3365 0.369571 84
3366 0.336274 84
3367 1.205047 85
3368 0.299095 84
3369 2.112905 84
3370 1.725588 85
3371 1.432329 85
3372 0.395405 84
3373 0.374718 85
3374 1.957341 85
3375 0.489422 83
3376 1.479788 85
3377 1.334718 85
3378 1.393588 85
3379 0.429179 84
3380 0.405119 84
3381 1.169388 85
3382 0.491765 85
3383 0.384541 85
3384 1.405953 85
3385 0.356506 85
3386 0.358929 84
3387 1.371482 85
3388 0.608071 85
3389 1.366412 85
3390 1.279682 85
3391 2.119553 85
3392 1.674464 84
3393 1.729321 84
3394 1.395400 85
3395 2.586835 85
3396 1.718048 84
3397 1.618250 84
3398 19.484729 85
3399 1.357165 85
3400 1.067927 96
3401 1.484625 96
3402 1.352771 96
3403 0.350344 96
3404 1.391844 96
3405 0.434874 95
3406 0.376758 95
3407 2.175969 96
3408 1.182842 95
3409 1.521208 96
3410 0.530084 95
3411 0.348695 95
3412 1.131250 96
3413 1.382094 96
3414 0.401253 95
3415 0.438484 95
3416 1.200167 96
3417 1.482271 96
3418 0.421179 95
3419 0.541779 95
3420 1.830573 96
3421 0.405904 94
3422 0.354011 94
3423 2.873177 96
3424 1.825737 95
3425 1.573351 94
3426 4.796448 96
3427 4.003011 95
3428 1.298052 96
3429 1.041896 96
3430 1.236052 96
3431 0.355505 95
3432 0.694229 96
3433 1.178698 96
3434 0.353427 96
3435 0.348271 96
3436 1.349396 96
3437 0.367542 96
3438 0.361263 95
3439 1.152333 96
3440 0.277905 95
3441 1.051042 96
3442 0.384347 95
3443 0.303674 95
3444 3.083833 96
3445 0.522642 95
3446 1.172031 96
3447 2.320221 95
3448 2.891031 96
3449 0.320021 96
3450 3.553626 115
3451 1.801200 115
3452 2.698383 115
3453 1.335886 114
3454 1.371825 114
3455 1.322148 115
3456 0.340544 114
3457 0.382649 114
3458 1.945878 115
3459 1.599913 115
3460 0.489939 114
3461 1.502113 115
3462 1.230557 115
3463 0.863461 115
3464 2.152296 115
3465 0.758079 114
3466 1.416661 115
3467 0.811132 114
3468 0.795142 113
3469 1.729391 115
3470 0.571000 115
3471 0.944325 114
3472 7.886565 115
3473 17.048209 115
3474 1.163965 115
3475 1.126817 115
3476 0.298200 115
3477 0.327693 114
3478 2.204487 115
3479 0.993104 115
3480 0.872183 115
3481 1.744304 115
3482 0.626313 115
3483 1.009835 115
3484 0.343557 115
3485 0.287167 114
3486 1.720696 115
3487 0.927139 115
3488 0.483789 114
3489 0.582316 114
3490 1.018670 115
3491 0.620421 114
3492 1.011426 115
3493 0.318711 114
3494 0.245456 114
3495 0.977252 115
3496 0.291921 114
3497 0.235763 114
3498 0.898730 115
3499 0.241921 114
3500 1.072814 97
3501 1.550959 97
3502 0.624042 96
3503 0.561000 96
3504 1.703299 97
3505 0.383557 97
3506 0.458546 97
3507 1.490825 97
3508 0.388573 96
3509 0.435229 96
3510 1.794701 97
3511 0.998438 96
3512 0.629000 96
3513 4.568031 97
3514 3.958474 97
3515 3.716340 97
3516 1.498175 97
3517 1.444454 97
3518 0.423021 97
3519 0.447041 97
3520 7.408309 97
3521 1.546268 97
3522 0.447083 96
3523 0.394625 96
3524 1.588649 97
3525 0.597588 97
3526 0.442229 96
3527 1.645278 97
3528 1.697361 97
3529 0.757437 96
3530 0.893464 97
3531 1.067134 97
3532 0.292598 97
3533 0.456247 97
3534 3.588897 97
3535 1.306711 97
3536 0.346365 96
3537 0.314760 96
3538 0.970691 97
3539 1.293876 97
3540 1.195948 97
3541 1.198485 97
3542 0.923351 97
3543 1.124031 97
3544 1.125165 97
3545 1.408340 97
3546 0.335082 97
3547 0.855155 97
3548 0.896928 97
3549 0.899031 97
3550 1.440123 106
3551 1.549094 106
3552 1.932264 106
3553 1.409774 106
3554 0.434295 105
3555 1.399500 106
3556 1.327557 106
3557 2.054642 106
3558 1.564340 106
3559 2.146679 106
3560 1.740151 106
3561 3.013029 105
3562 1.508708 106
3563 0.577066 106
3564 1.284670 106
3565 1.597472 106
3566 2.111264 106
3567 0.745423 104
3568 1.676858 106
3569 1.485132 106
3570 1.358755 106
3571 0.401925 106
3572 1.603943 106
3573 2.018575 106
3574 1.847491 106
3575 0.403821 106
3576 1.339236 106
3577 1.357491 106
3578 2.148585 106
3579 13.988594 106
3580 1.360887 106
3581 1.063066 106
3582 1.140453 106
3583 1.182528 106
3584 0.940462 106
3585 1.311642 106
3586 1.749133 105
3587 0.947113 106
3588 0.235390 105
3589 1.075123 106
3590 0.441724 105
3591 1.510019 106
3592 0.956792 106
3593 1.130981 105
3594 1.173481 106
3595 0.951840 106
3596 1.230538 106
3597 1.031028 106
3598 1.046896 106
3599 0.247905 105
3600 4.021558 95
3601 1.483537 95
3602 1.762705 95
3603 1.387284 95
3604 13.038463 95
3605 1.799358 95
3606 1.509989 95
3607 1.182989 95
3608 0.368505 95
3609 1.978221 95
3610 1.190316 95
3611 1.655579 95
3612 1.310568 95
3613 1.155537 95
3614 1.125305 95
3615 0.299705 95
3616 1.096989 95
3617 0.367116 95
3618 1.410632 95
3619 1.104368 95
3620 0.353684 95
3621 1.044411 95
3622 0.417684 95
3623 1.144011 95
3624 0.435642 95
3625 1.289874 95
3626 1.348916 95
3627 1.443126 95
3628 1.627221 95
3629 1.430789 95
3630 1.871579 95
3631 1.508947 95
3632 1.373126 95
3633 1.897442 95
3634 1.151568 95
3635 0.407347 95
3636 2.130305 95
3637 1.212947 95
3638 1.935032 95
3639 0.673695 95
3640 0.629474 95
3641 0.813484 95
3642 0.920926 95
3643 0.823695 95
3644 1.597979 95
3645 0.920084 95
3646 0.943653 95
3647 1.126579 95
3648 18.727979 95
3649 0.463937 95
3650 1.031774 115
3651 2.570687 115
3652 0.831017 115
3653 1.300948 115
3654 2.028139 115
3655 13.256739 115
3656 1.205304 115
3657 20.000000 115
3658 1.864252 115
3659 3.616043 115
3660 1.564696 115
3661 1.835983 115
3662 1.933583 115
3663 0.846017 115
3664 19.843113 115
3665 1.374183 115
3666 2.777252 115
3667 1.307191 115
3668 2.085687 115
3669 1.128913 115
3670 2.888565 115
3671 0.943070 115
3672 1.322983 115
3673 1.191096 115
3674 1.140104 115
3675 1.107452 115
3676 1.627852 115
3677 1.741887 115
3678 0.879600 115
3679 1.413443 115
3680 1.064632 114
3681 0.877184 114
3682 0.897226 115
3683 0.792965 115
3684 0.742435 115
3685 0.965165 115
3686 1.299391 115
3687 1.185130 115
3688 0.862974 115
3689 1.729000 115
3690 0.768322 115
3691 2.777400 115
3692 0.815461 115
3693 0.901957 115
3694 0.585435 115
3695 0.720174 115
3696 1.005687 115
3697 0.821574 115
3698 1.443687 115
3699 1.155278 115
3700 1.919098 102
3701 1.575118 102
3702 1.563098 102
3703 1.441255 102
3704 1.625196 102
3705 1.227049 102
3706 1.968422 102
3707 1.770971 102
3708 1.830902 102
3709 1.409902 102
3710 1.516941 102
3711 3.705108 102
3712 1.419529 102
3713 1.546069 102
3714 1.043304 102
3715 2.211255 102
3716 1.176196 102
3717 2.160186 102
3718 1.274539 102
3719 1.352863 102
3720 18.152412 102
3721 1.017745 102
3722 2.162049 102
3723 1.740127 102
3724 1.591980 102
3725 1.378716 102
3726 1.583020 102
3727 1.342333 102
3728 2.077510 102
3729 1.237500 102
3730 1.401912 102
3731 1.679255 102
3732 2.548578 102
3733 1.304422 102
3734 1.052637 102
3735 1.363343 102
3736 1.414735 102
3737 1.255676 102
3738 1.955598 102
3739 1.250951 102
3740 1.817412 102
3741 3.202951 102
3742 1.048069 102
3743 1.094235 102
3744 1.890559 102
3745 1.038451 102
3746 1.189559 102
3747 0.834637 102
3748 0.916990 102
3749 0.950225 102
3750 1.207035 114
3751 1.187237 114
3752 2.157237 114
3753 2.646737 114
3754 1.137096 114
3755 1.028728 114
3756 1.403614 114
3757 1.165877 114
3758 1.285728 114
3759 1.017965 114
3760 1.024965 114
3761 1.002535 114
3762 5.735675 114
3763 1.411965 114
3764 1.366789 114
3765 1.160614 114
3766 5.253895 114
3767 19.401860 114
3768 3.026026 114
3769 1.083982 114
3770 1.416482 114
3771 1.107412 114
3772 1.198526 114
3773 0.974167 114
3774 1.017421 114
3775 1.359895 114
3776 9.711658 114
3777 1.048939 114
3778 4.511825 114
3779 5.260886 114
3780 0.740447 114
3781 2.252096 114
3782 16.396202 114
3783 1.513614 114
3784 0.957825 114
3785 0.675719 114
3786 20.000000 114
3787 0.719342 114
3788 0.896404 114
3789 0.768088 114
3790 0.652535 114
3791 0.723272 114
3792 0.813974 114
3793 0.694833 114
3794 0.801412 114
3795 0.588237 114
3796 0.778061 114
3797 0.583088 114
3798 0.493026 114
3799 0.492991 114
3800 1.254224 107
3801 1.254000 107
3802 15.157187 107
3803 1.467598 107
3804 4.359243 107
3805 1.433757 107
3806 1.513963 107
3807 1.638692 107
3808 1.544439 107
3809 2.603664 107
3810 6.403421 107
3811 1.375196 107
3812 1.274121 107
3813 1.309009 107
3814 1.268374 107
3815 1.743972 107
3816 1.266720 107
3817 1.752551 107
3818 1.240495 107
3819 1.263234 107
3820 1.086710 107
3821 16.455636 107
3822 1.339879 107
3823 1.142421 107
3824 1.566299 107
3825 2.168495 107
3826 3.072944 107
3827 1.064178 107
3828 1.595121 107
3829 1.992692 107
3830 1.582243 107
3831 1.302103 107
3832 1.326308 107
3833 1.086766 107
3834 1.079776 107
3835 1.198907 107
3836 1.158636 107
3837 2.747234 107
3838 2.816168 107
3839 0.947888 107
3840 1.165364 107
3841 0.824084 107
3842 1.165439 107
3843 0.910514 107
3844 1.076888 107
3845 0.800505 107
3846 0.753140 107
3847 0.752299 107
3848 0.739458 107
3849 0.843336 107
3850 1.295505 107
3851 4.049673 107
3852 1.349505 107
3853 1.605720 107
3854 1.287944 107
3855 1.474850 107
3856 1.708963 107
3857 1.678168 107
3858 20.000000 107
3859 1.611925 107
3860 2.161458 107
3861 1.280841 107
3862 1.400065 107
3863 1.944458 107
3864 1.497206 107
3865 3.623075 107
3866 1.759486 107
3867 1.162570 107
3868 1.403804 107
3869 1.574738 107
3870 1.298708 106
3871 1.318896 106
3872 1.692255 106
3873 2.888613 106
3874 1.432104 106
3875 1.316123 106
3876 1.561925 106
3877 1.788142 106
3878 1.210491 106
3879 1.535575 106
3880 1.447368 106
3881 1.765264 106
3882 1.303245 106
3883 1.283226 106
3884 0.961613 106
3885 1.367387 106
3886 2.388991 106
3887 1.079179 106
3888 2.098000 106
3889 1.510170 106
3890 1.095434 106
3891 1.068868 106
3892 1.116849 106
3893 1.020009 106
3894 1.713585 106
3895 1.137783 106
3896 0.422762 105
3897 0.853208 106
3898 0.915198 106
3899 0.960443 106
3900 3.979221 113
3901 1.515637 113
3902 1.103938 113
3903 1.153726 113
3904 1.154646 113
3905 1.273982 113
3906 7.610080 113
3907 1.400071 113
3908 1.363858 113
3909 2.024619 113
3910 1.245805 113
3911 1.941504 113
3912 1.332381 113
3913 1.295681 113
3914 1.156035 113
3915 1.333973 113
3916 0.982611 113
3917 1.202894 113
3918 1.272841 113
3919 1.274991 113
3920 1.262381 113
3921 1.833133 113
3922 1.749345 113
3923 1.394000 113
3924 1.060681 113
3925 1.533310 113
3926 2.332239 113
3927 2.028965 113
3928 1.066929 113
3929 2.064504 113
3930 1.172929 113
3931 0.946779 113
3932 1.277726 113
3933 0.946867 113
3934 0.880973 113
3935 0.853035 113
3936 0.751664 113
3937 0.764496 113
3938 1.437257 113
3939 1.419735 113
3940 13.991442 113
3941 0.933248 113
3942 1.162212 113
3943 0.994018 113
3944 3.009549 113
3945 2.407212 113
3946 2.012053 113
3947 1.192938 113
3948 1.375292 113
3949 1.462292 113
3950 1.243678 121
3951 1.564033 121
3952 1.251149 121
3953 3.333215 121
3954 1.436769 121
3955 4.555777 121
3956 2.440942 121
3957 1.368843 121
3958 1.404587 121
3959 1.843554 121
3960 4.543554 121
3961 1.176355 121
3962 1.176388 121
3963 1.338066 121
3964 1.390364 121
3965 2.412562 121
3966 1.165818 121
3967 1.574504 121
3968 1.700050 121
3969 2.300727 121
3970 1.431504 121
3971 1.724769 121
3972 1.190628 121
3973 1.123512 121
3974 1.259347 121
3975 12.632917 121
3976 1.180884 121
3977 1.516686 121
3978 1.253661 121
3979 1.064488 121
3980 19.999893 121
3981 1.129017 121
3982 0.769471 121
3983 0.911314 121
3984 0.866562 121
3985 2.017471 121
3986 12.396124 121
3987 1.076116 121
3988 7.010760 121
3989 1.689066 121
3990 1.295008 121
3991 1.952711 121
3992 2.075512 121
3993 1.567355 121
3994 1.161380 121
3995 1.104099 121
3996 1.720364 121
3997 1.045264 121
3998 1.069702 121
3999 1.420091 121
4000 4.635652 115
4001 1.344417 115
4002 1.847530 115
4003 1.139043 115
4004 15.409365 115
4005 1.061887 115
4006 1.883000 115
4007 1.755148 115
4008 1.718991 115
4009 0.714957 115
4010 2.107522 115
4011 1.561478 115
4012 1.134043 115
4013 1.676417 115
4014 3.776417 115
4015 4.901504 115
4016 1.944635 115
4017 3.211678 115
4018 1.394635 115
4019 1.519330 115
4020 1.061435 115
4021 1.091617 115
4022 0.922678 115
4023 1.102800 115
4024 0.980270 115
4025 1.493461 115
4026 1.122400 115
4027 3.343122 115
4028 1.018009 115
4029 1.070983 115
4030 1.198574 115
4031 5.114104 115
4032 2.424904 115
4033 1.226087 115
4034 1.249130 115
4035 6.919774 115
4036 0.713243 115
4037 0.962443 115
4038 0.726139 115
4039 1.046365 115
4040 20.000000 115
4041 0.803800 115
4042 0.984730 115
4043 0.537704 115
4044 1.334104 115
4045 1.420896 115
4046 0.813348 115
4047 0.543400 115
4048 0.704026 115
4049 0.577261 115
4050 1.297620 121
4051 0.661909 121
4052 3.459215 121
4053 1.902917 121
4054 1.207479 121
4055 1.534339 121
4056 1.189017 121
4057 2.489355 121
4058 18.255140 121
4059 1.542983 121
4060 4.755132 121
4061 0.938347 121
4062 0.704992 121
4063 1.593347 121
4064 2.065653 121
4065 0.869893 121
4066 1.870744 121
4067 11.244645 121
4068 1.828455 121
4069 2.088074 121
4070 1.075289 121
4071 0.391727 121
4072 1.171438 121
4073 1.227686 121
4074 14.044033 121
4075 0.897198 121
4076 0.242050 120
4077 0.982471 121
4078 1.616182 121
4079 0.900793 121
4080 1.077025 121
4081 1.291025 121
4082 0.931587 121
4083 0.851719 121
4084 0.893669 121
4085 1.215331 121
4086 2.117959 121
4087 1.357694 121
4088 1.496909 121
4089 0.458818 121
4090 0.780942 121
4091 1.607727 121
4092 1.215256 121
4093 9.340256 121
4094 0.957719 121
4095 0.687752 121
4096 0.663190 121
4097 0.744250 120
4098 0.759083 121
4099 0.659835 121
4100 1.108828 116
4101 2.455612 116
4102 1.452722 115
4103 0.926302 116
4104 0.943250 116
4105 0.541129 116
4106 3.308267 116
4107 18.792172 116
4108 1.483698 116
4109 1.295241 116
4110 2.484888 116
4111 1.178603 116
4112 2.895534 116
4113 1.163603 116
4114 1.199871 116
4115 1.134181 116
4116 0.334250 116
4117 1.445948 116
4118 1.288810 116
4119 1.326517 116
4120 1.388034 116
4121 19.827422 116
4122 1.272586 116
4123 1.008181 116
4124 0.974448 116
4125 0.269722 115
4126 1.085853 116
4127 1.040474 116
4128 0.983172 116
4129 1.018060 116
4130 0.853681 116
4131 0.343504 115
4132 1.127802 116
4133 1.094078 116
4134 0.935940 116
4135 0.883379 116
4136 0.796534 116
4137 1.027716 116
4138 0.870517 116
4139 1.081259 116
4140 0.782914 116
4141 0.263374 115
4142 0.211922 115
4143 0.784034 116
4144 0.944647 116
4145 1.209716 116
4146 2.622681 116
4147 0.981431 116
4148 0.802207 116
4149 0.211174 115
4150 2.220319 113
4151 1.880088 113
4152 1.315487 113
4153 2.605522 113
4154 0.721841 113
4155 1.083929 113
4156 5.174673 113
4157 1.092133 113
4158 1.200664 113
4159 0.638779 113
4160 1.142496 113
4161 3.644416 113
4162 0.417044 113
4163 1.127124 113
4164 1.027885 113
4165 4.844566 113
4166 2.226044 113
4167 1.847265 113
4168 1.441336 113
4169 1.262646 113
4170 1.067442 113
4171 1.002841 113
4172 0.834425 113
4173 0.547965 113
4174 1.339212 113
4175 1.119115 113
4176 1.175655 113
4177 1.230027 113
4178 0.638407 113
4179 1.146566 113
4180 1.114274 113
4181 1.399009 113
4182 0.661363 113
4183 2.467540 113
4184 0.375549 113
4185 1.024115 113
4186 0.860124 113
4187 0.932513 113
4188 0.282566 113
4189 1.408832 113
4190 0.925885 113
4191 0.276248 113
4192 0.890416 113
4193 0.974788 113
4194 0.739805 113
4195 0.407150 113
4196 1.560407 113
4197 0.876018 113
4198 0.743752 113
4199 0.678053 113
4200 1.015308 120
4201 1.496400 120
4202 1.189092 120
4203 1.119358 120
4204 1.747775 120
4205 1.356283 120
4206 0.723227 119
4207 1.299583 120
4208 0.823924 119
4209 2.177142 120
4210 1.309242 120
4211 0.403361 119
4212 1.390458 120
4213 1.371750 120
4214 0.364387 119
4215 1.402442 120
4216 0.421815 119
4217 1.879975 120
4218 0.752075 120
4219 1.931300 120
4220 2.125517 120
4221 1.083158 120
4222 2.558725 120
4223 1.448858 120
4224 0.694625 120
4225 1.396825 120
4226 1.329808 120
4227 1.506767 120
4228 1.158525 120
4229 1.076108 120
4230 1.142442 120
4231 1.350892 120
4232 1.173042 120
4233 1.301308 120
4234 1.102942 120
4235 1.656733 120
4236 1.568775 120
4237 1.591242 120
4238 0.676143 119
4239 1.110467 120
4240 0.317193 119
4241 0.372000 119
4242 1.567933 120
4243 0.376717 120
4244 0.310269 119
4245 0.340336 119
4246 1.024758 120
4247 1.451975 120
4248 1.289192 120
4249 16.311358 120
4250 16.484029 104
4251 18.447875 104
4252 16.900631 103
4253 16.140233 103
4254 16.570375 104
4255 17.899625 104
4256 15.952951 103
4257 13.006427 103
4258 17.844291 103
4259 17.271417 103
4260 16.145612 103
4261 14.756534 103
4262 16.331505 103
4263 16.686087 103
4264 14.552942 103
4265 15.323417 103
4266 10.887893 103
4267 16.781913 103
4268 13.062462 104
4269 10.242340 103
4270 6.667078 103
4271 4.536097 103
4272 2.618320 103
4273 1.594408 103
4274 19.999827 104
4275 19.999718 103
4276 19.146262 103
4277 19.999767 103
4278 9.024413 104
4279 1.033000 104
4280 0.332913 103
4281 0.740000 104
4282 2.305625 104
4283 0.855476 103
4284 0.926233 103
4285 1.392786 103
4286 0.720510 104
4287 4.834269 104
4288 1.663317 104
4289 1.414442 104
4290 0.708500 104
4291 0.190155 103
4292 0.216922 103
4293 0.201252 103
4294 0.237612 103
4295 0.197184 103
4296 0.211388 103
4297 0.190961 103
4298 1.356798 104
4299 0.489298 104
4300 1.092245 106
4301 0.419509 106
4302 0.402217 106
4303 0.373783 106
4304 0.373981 106
4305 0.543538 106
4306 1.619009 106
4307 1.825481 106
4308 0.432642 106
4309 0.406557 106
4310 1.132538 106
4311 1.293585 106
4312 0.481114 105
4313 0.473943 105
4314 0.565333 105
4315 0.542886 105
4316 0.480190 105
4317 1.755321 106
4318 3.598934 106
4319 1.388443 106
4320 3.426566 106
4321 3.065914 105
4322 3.207105 105
4323 3.616771 105
4324 3.353362 105
4325 1.193953 106
4326 2.801557 106
4327 0.633500 106
4328 0.665226 106
4329 1.267311 106
4330 1.131434 106
4331 0.775170 106
4332 1.510953 106
4333 1.155066 106
4334 1.192349 106
4335 1.405160 106
4336 1.769830 106
4337 1.919575 106
4338 1.159009 106
4339 0.383170 106
4340 1.112972 106
4341 1.074547 106
4342 1.332906 106
4343 0.947802 106
4344 6.515151 106
4345 5.184714 105
4346 4.986257 105
4347 4.762629 105
4348 5.183181 105
4349 5.167698 106
4350 3.982094 106
4351 1.234500 106
4352 1.343934 106
4353 1.520887 106
4354 13.085792 106
4355 14.644264 106
4356 1.319755 106
4357 1.181142 106
4358 15.925877 106
4359 17.229368 106
4360 9.454764 106
4361 5.370933 105
4362 4.817086 105
4363 3.852114 105
4364 4.826581 105
4365 4.579962 106
4366 2.550743 105
4367 1.728571 105
4368 1.998200 105
4369 2.134181 105
4370 1.911038 106
4371 1.619581 105
4372 2.185305 105
4373 1.924733 105
4374 1.485219 105
4375 1.717830 106
4376 1.491095 105
4377 1.447571 105
4378 2.199305 105
4379 1.051434 106
4380 0.249577 104
4381 0.244740 104
4382 0.207365 104
4383 0.227125 104
4384 0.196972 106
4385 0.190433 104
4386 0.219990 104
4387 0.316894 104
4388 7.982330 106
4389 0.995972 106
4390 0.807566 106
4391 0.230257 105
4392 0.366886 105
4393 0.159571 105
4394 0.715934 106
4395 0.294476 105
4396 0.270642 106
4397 0.277286 105
4398 0.364962 105
4399 0.236642 106
4400 1.073056 89
4401 0.455551 89
4402 0.365034 89
4403 0.589292 89
4404 0.625483 89
4405 0.380652 89
4406 1.248910 89
4407 0.706315 89
4408 0.757545 88
4409 0.792659 88
4410 0.702876 89
4411 0.746875 88
4412 1.396067 89
4413 1.369393 89
4414 0.840534 88
4415 0.372466 88
4416 0.851125 88
4417 1.648787 89
4418 0.940114 88
4419 0.697352 88
4420 0.448000 88
4421 1.593483 89
4422 0.950045 88
4423 0.520920 88
4424 0.420943 88
4425 1.341022 89
4426 0.898528 89
4427 0.781318 88
4428 0.552568 88
4429 1.690090 89
4430 0.552011 88
4431 0.422784 88
4432 0.911886 88
4433 1.856371 89
4434 0.437489 88
4435 0.812682 88
4436 0.457727 88
4437 1.486989 89
4438 0.936727 88
4439 0.820102 88
4440 0.478236 89
4441 1.418944 89
4442 1.301326 89
4443 0.583023 88
4444 0.728205 88
4445 1.446404 89
4446 0.850899 89
4447 0.699795 88
4448 0.659875 88
4449 1.738416 89
4450 1.507775 102
4451 0.747755 102
4452 0.367265 102
4453 1.698029 102
4454 1.440824 102
4455 0.400426 101
4456 1.112471 102
4457 0.309000 102
4458 1.270755 102
4459 0.286740 100
4460 1.138873 102
4461 0.299426 101
4462 1.252294 102
4463 0.519480 102
4464 1.297539 102
4465 0.507465 101
4466 1.127931 102
4467 1.028794 102
4468 1.875225 102
4469 0.275578 102
4470 0.967980 102
4471 1.493843 102
4472 0.417970 101
4473 1.881608 102
4474 2.742686 102
4475 1.313343 102
4476 1.097225 102
4477 0.350802 101
4478 1.300137 102
4479 1.436598 102
4480 1.878392 102
4481 1.244020 102
4482 0.976604 101
4483 19.659863 102
4484 1.251765 102
4485 1.327863 102
4486 1.317696 102
4487 1.753892 102
4488 1.531284 102
4489 0.995647 102
4490 1.119275 102
4491 0.964245 102
4492 1.347667 102
4493 0.889069 102
4494 0.997265 102
4495 1.126598 102
4496 1.221578 102
4497 0.936265 102
4498 1.123059 102
4499 1.609559 102
