0 0.429390 118
1 1.760753 118
2 2.280542 118
3 0.957822 118
4 1.010001 118
5 0.000000 118
6 0.543702 118
7 13.599171 118
8 0.619425 118
9 0.556216 118
10 0.556516 118
11 0.612039 118
12 16.151773 118
13 1.790728 118
14 0.148825 118
15 0.601720 118
16 0.584139 118
17 0.621151 118
18 0.648746 118
19 1.352060 118
20 1.450856 118
21 0.458749 118
22 1.059948 118
23 0.542888 118
24 0.848849 118
25 0.946069 118
26 0.523152 118
27 5.799943 118
28 0.820690 118
29 0.462854 118
30 0.879423 118
31 0.469041 118
32 0.432178 118
33 1.265084 118
34 1.281208 118
35 0.775193 118
36 1.262795 118
37 0.500632 118
38 1.052462 118
39 1.026143 118
40 1.222994 118
41 1.041847 118
42 0.899888 118
43 0.846922 118
44 1.575808 118
45 0.724352 118
46 1.364645 118
47 1.609854 118
48 3.158219 118
49 0.719549 118
50 0.464192 116
51 0.615097 116
52 0.670035 116
53 0.709110 116
54 0.302554 116
55 0.307697 116
56 0.577677 116
57 0.531906 116
58 0.408048 116
59 0.000000 116
60 0.140193 116
61 2.823318 116
62 0.590109 116
63 0.553780 116
64 0.578135 116
65 0.797877 116
66 0.455998 116
67 0.659342 116
68 1.892088 116
69 1.597559 116
70 3.645029 116
71 3.615251 116
72 3.934768 116
73 1.247591 116
74 2.346941 116
75 2.725977 116
76 2.618517 116
77 3.297666 116
78 2.776864 116
79 3.252943 116
80 3.265405 116
81 2.443674 116
82 1.872088 116
83 0.745157 116
84 1.010690 116
85 1.514941 116
86 2.637374 116
87 5.602705 116
88 3.201061 116
89 4.378808 116
90 0.000000 116
91 1.792657 116
92 2.760958 116
93 1.849299 116
94 6.011930 116
95 0.000000 116
96 0.240842 116
97 2.485210 116
98 5.053134 116
99 5.243265 116
100 2.197855 93
101 4.133516 93
102 3.748242 93
103 4.189575 93
104 1.456311 93
105 3.026168 93
106 3.205141 93
107 1.965837 93
108 4.737165 93
109 0.726120 93
110 3.465254 93
111 30.577038 93
112 37.614095 93
113 1.411214 93
114 3.264470 93
115 3.509020 93
116 1.113900 93
117 1.365509 93
118 3.247951 93
119 3.901230 93
120 1.699104 93
121 1.384788 93
122 22.166497 93
123 1.521951 93
124 0.811954 93
125 2.179983 93
126 5.401728 93
127 3.342809 93
128 1.287144 93
129 20.799225 93
130 1.116612 93
131 1.294583 93
132 1.337059 93
133 0.744579 93
134 2.448513 93
135 2.812002 93
136 8.450247 93
137 1.155907 93
138 1.821917 93
139 1.890097 93
140 19.369068 93
141 1.233862 93
142 2.723900 93
143 0.820040 93
144 0.654775 93
145 1.134134 93
146 3.086897 93
147 1.479031 93
148 0.728456 93
149 1.898557 93
150 0.885733 102
151 1.773768 102
152 1.328286 102
153 0.356583 102
154 0.737617 102
155 1.697893 102
156 2.035166 102
157 0.584276 102
158 0.939302 102
159 1.349580 102
160 26.719816 102
161 0.626101 102
162 0.678973 102
163 0.903700 102
164 3.665563 102
165 3.104705 102
166 3.370568 102
167 1.603678 102
168 3.527308 102
169 0.000000 102
170 0.000000 102
171 27.379998 102
172 1.569394 102
173 2.328109 102
174 3.193281 102
175 3.944444 102
176 4.234249 102
177 5.439635 102
178 4.929389 102
179 0.066224 102
180 1.112832 102
181 6.073261 102
182 6.264060 102
183 6.747819 102
184 6.887380 102
185 7.034979 102
186 6.955337 102
187 0.103944 102
188 1.812664 102
189 7.424789 102
190 7.478900 102
191 0.111761 102
192 1.899152 102
193 7.775408 102
194 7.747218 102
195 0.116533 102
196 2.003259 102
197 7.998715 102
198 8.042665 102
199 7.469958 102
200 0.189571 96
201 1.757182 96
202 2.274476 96
203 2.562141 96
204 2.799142 96
205 2.924664 96
206 3.401581 96
207 3.808976 96
208 0.130110 96
209 1.876367 96
210 4.555759 96
211 4.799954 96
212 5.197046 96
213 5.564755 96
214 5.820402 96
215 5.595428 96
216 6.302641 96
217 6.284475 96
218 6.672317 96
219 6.898986 96
220 7.287374 96
221 6.715058 96
222 7.169480 96
223 7.420011 96
224 7.379515 96
225 7.090239 96
226 6.997791 96
227 0.148421 96
228 2.071265 96
229 7.349110 96
230 7.155025 96
231 0.139142 96
232 2.035391 96
233 7.159445 96
234 7.437226 96
235 7.327814 96
236 7.402345 96
237 7.548024 96
238 7.412186 96
239 7.228957 96
240 7.382905 96
241 7.249576 96
242 7.421942 96
243 7.301441 96
244 7.352255 96
245 7.435648 96
246 7.719118 96
247 0.153218 96
248 1.993170 96
249 7.908393 96
250 0.164938 100
251 2.015453 100
252 2.777718 100
253 0.122872 100
254 1.364057 100
255 3.728505 100
256 3.767424 100
257 3.526530 100
258 3.599366 100
259 3.686305 100
260 3.781593 100
261 4.414375 100
262 4.670643 100
263 5.234148 100
264 6.826276 100
265 6.301261 100
266 6.621901 100
267 6.546995 100
268 6.943082 100
269 7.084775 100
270 6.744491 100
271 0.148919 100
272 0.142258 100
273 0.125393 100
274 0.120249 100
275 0.123627 100
276 1.916669 100
277 7.609897 100
278 7.227201 100
279 0.138115 100
280 2.013583 100
281 6.715258 100
282 6.954620 100
283 7.566312 100
284 7.363608 100
285 7.365478 100
286 7.290703 100
287 7.441192 100
288 7.398218 100
289 7.236207 100
290 7.071817 100
291 0.162347 100
292 1.915434 100
293 7.598251 100
294 7.324923 100
295 7.541544 100
296 7.395414 100
297 7.753954 100
298 7.251580 100
299 7.498760 100
300 0.154044 102
301 1.959948 102
302 1.920221 102
303 2.577566 102
304 3.227747 102
305 2.454201 102
306 2.801926 102
307 2.954302 102
308 3.651250 102
309 3.777861 102
310 4.092483 102
311 4.565955 102
312 5.059165 102
313 5.334201 102
314 6.015154 102
315 5.693654 102
316 5.965936 102
317 6.534362 102
318 6.595509 102
319 6.717339 102
320 7.056408 102
321 7.189032 102
322 7.417516 102
323 7.339497 102
324 7.192911 102
325 7.258049 102
326 7.093665 102
327 7.489791 102
328 7.004285 102
329 7.170913 102
330 7.497323 102
331 7.052935 102
332 7.318157 102
333 7.181881 102
334 7.220281 102
335 7.360886 102
336 7.291544 102
337 7.091794 102
338 0.163927 102
339 2.288585 102
340 7.310571 102
341 7.568439 102
342 7.519849 102
343 7.124538 102
344 7.568193 102
345 7.466303 102
346 7.035564 102
347 7.177401 102
348 7.121842 102
349 7.266742 102
350 0.074192 107
351 1.185792 107
352 1.953218 107
353 2.387798 107
354 2.637817 107
355 0.102902 107
356 0.084820 107
357 0.075407 107
358 0.069548 107
359 1.251474 107
360 4.304748 107
361 5.009606 107
362 0.081876 107
363 1.464721 107
364 0.083778 107
365 1.585480 107
366 0.087170 107
367 0.080053 107
368 1.576343 107
369 6.829599 107
370 0.105770 107
371 0.105924 107
372 0.109210 107
373 1.946205 107
374 0.114658 107
375 1.781048 107
376 7.039437 107
377 7.378403 107
378 0.125987 107
379 0.130447 107
380 2.007893 107
381 7.522835 107
382 7.421896 107
383 0.140727 107
384 0.148939 107
385 2.121827 107
386 7.553110 107
387 7.809207 107
388 0.159068 107
389 0.166644 107
390 0.180126 107
391 0.189030 107
392 2.571083 107
393 7.999382 107
394 0.204783 107
395 0.210916 107
396 2.639459 107
397 0.258958 107
398 0.282043 107
399 0.307413 107
400 0.192344 101
401 2.372829 101
402 2.616318 101
403 3.405331 101
404 0.129113 101
405 0.107276 101
406 0.088239 101
407 0.078752 101
408 0.906124 101
409 0.077358 101
410 0.017065 101
411 4.871468 101
412 10.415930 101
413 0.000000 101
414 0.000000 101
415 5.545222 101
416 0.000000 101
417 5.633237 101
418 0.000000 101
419 0.000000 101
420 5.816753 101
421 0.000000 101
422 0.000000 101
423 4.541089 101
424 11.270359 101
425 0.000000 101
426 4.771095 101
427 10.597900 101
428 0.000000 101
429 4.589064 101
430 10.807598 101
431 0.000000 101
432 0.000000 101
433 0.000000 101
434 5.546021 101
435 10.993418 101
436 11.460622 101
437 0.002290 101
438 5.632564 101
439 10.895478 101
440 11.369490 101
441 0.017848 101
442 5.102464 101
443 11.099144 101
444 10.948805 101
445 0.019218 101
446 5.168042 101
447 0.020089 101
448 4.581855 101
449 0.017184 101
450 0.876199 106
451 0.033894 106
452 2.081401 106
453 8.049678 106
454 0.000000 106
455 5.085299 106
456 0.000000 106
457 0.000000 106
458 5.784871 106
459 0.012851 106
460 11.100424 106
461 0.614139 106
462 0.756677 106
463 4.550915 106
464 4.692476 106
465 7.074511 106
466 1.433044 106
467 2.307889 106
468 4.938250 106
469 11.030622 106
470 1.708357 106
471 1.478539 106
472 1.327806 106
473 2.069309 106
474 3.160137 106
475 1.438622 106
476 1.362096 106
477 1.429543 106
478 1.603736 106
479 1.488606 106
480 4.052350 106
481 1.745239 106
482 0.000686 106
483 3.478575 106
484 7.160663 106
485 5.315802 106
486 2.922855 106
487 5.729204 106
488 6.058616 106
489 2.818109 106
490 3.869282 106
491 7.206123 106
492 8.542108 106
493 1.702543 106
494 3.361075 106
495 3.597719 106
496 1.268241 106
497 6.989335 106
498 4.285519 106
499 0.869695 106
500 0.751125 115
501 3.491221 115
502 12.140820 115
503 4.667105 115
504 1.022364 115
505 1.587730 115
506 1.510540 115
507 1.638802 115
508 0.431608 115
509 2.806586 115
510 16.951893 115
511 0.808630 115
512 1.206115 115
513 0.000000 115
514 1.018699 115
515 2.419449 115
516 1.131777 115
517 1.684881 115
518 2.416897 115
519 2.377698 115
520 2.078521 115
521 2.324375 115
522 3.356052 115
523 10.340875 115
524 1.737509 115
525 2.417339 115
526 0.000000 115
527 14.153529 115
528 1.160680 115
529 2.103234 115
530 0.912873 115
531 1.788827 115
532 1.504799 115
533 2.196679 115
534 5.025490 115
535 2.619297 115
536 3.729325 115
537 1.964618 115
538 1.817220 115
539 3.958888 115
540 4.366276 115
541 2.744152 115
542 2.019043 115
543 0.321689 115
544 0.521997 115
545 1.664813 115
546 0.000000 115
547 0.946074 115
548 0.862897 115
549 11.023461 115
550 11.672936 103
551 82.409980 103
552 16.178857 103
553 2.054496 103
554 1.240647 103
555 1.267815 103
556 1.408778 103
557 18.790699 103
558 1.416769 103
559 95.157505 103
560 1.224129 103
561 25.595959 103
562 6.398400 103
563 3.803428 103
564 1.492668 103
565 45.480966 103
566 1.628978 103
567 188.703922 103
568 2.736516 103
569 0.460605 103
570 1.019236 103
571 0.612216 103
572 1.308488 103
573 1.397864 103
574 1.299639 103
575 1.253615 103
576 1.219668 103
577 1.789773 103
578 1.095451 103
579 1.838699 103
580 1.619575 103
581 1.554271 103
582 1.564763 103
583 1.480330 103
584 1.587009 103
585 1.552885 103
586 0.770380 103
587 0.712157 103
588 0.734913 103
589 1.833245 103
590 1.097549 103
591 0.584016 103
592 0.000000 103
593 0.441918 103
594 0.862268 103
595 1.072773 103
596 1.061455 103
597 0.959499 103
598 0.462234 103
599 0.828172 103
600 0.551117 111
601 1.066260 111
602 1.034486 111
603 0.372583 111
604 0.822257 111
605 1.020766 111
606 0.958559 111
607 1.070585 111
608 3.236639 111
609 0.482485 111
610 0.977350 111
611 0.384087 111
612 0.853853 111
613 0.975555 111
614 1.083783 111
615 1.047535 111
616 2.950541 111
617 3.941698 111
618 0.337988 111
619 1.348783 111
620 0.874753 111
621 0.450330 111
622 24.661097 111
623 27.326538 111
624 0.000000 111
625 0.793900 111
626 0.116024 111
627 0.139753 111
628 0.131285 111
629 0.136624 111
630 0.478771 111
631 0.349110 111
632 2.733717 111
633 2.808388 111
634 0.836935 111
635 0.968862 111
636 0.591389 111
637 0.608367 111
638 0.536757 111
639 0.702347 111
640 0.462128 111
641 0.904245 111
642 0.481538 111
643 0.477079 111
644 0.358549 111
645 0.847781 111
646 0.564954 111
647 0.677294 111
648 0.605960 111
649 2.349336 111
650 0.241186 107
651 0.780641 107
652 1.696929 107
653 0.597788 107
654 0.343946 107
655 7.095528 107
656 1.226759 107
657 0.518485 107
658 0.532895 107
659 0.122663 107
660 1.106396 107
661 0.425830 107
662 1.014808 107
663 0.583453 107
664 0.623540 107
665 0.521674 107
666 0.454336 107
667 0.852878 107
668 1.867660 107
669 0.687297 107
670 1.377596 107
671 0.762971 107
672 0.507392 107
673 0.673545 107
674 0.472564 107
675 0.526194 107
676 0.000000 107
677 0.744335 107
678 2.938238 107
679 0.000000 107
680 0.433158 107
681 5.165493 107
682 2.392076 107
683 0.002882 107
684 0.626025 107
685 0.981085 107
686 0.414327 107
687 0.355462 107
688 0.574656 107
689 1.517156 107
690 0.884018 107
691 0.398336 107
692 0.299035 107
693 0.634224 107
694 0.668053 107
695 0.470070 107
696 0.612299 107
697 205.995550 107
698 0.295912 107
699 0.701004 107
700 0.581581 96
701 2.656983 96
702 0.425039 96
703 1.315445 96
704 0.677631 96
705 0.316991 96
706 0.358062 96
707 0.442343 96
708 0.433406 96
709 0.687820 96
710 0.624374 96
711 0.452380 96
712 0.729816 96
713 0.651383 96
714 13.139161 96
715 4.847829 96
716 13.253662 96
717 9.034972 96
718 0.685267 96
719 0.864791 96
720 0.383502 96
721 0.441199 96
722 0.661428 96
723 0.598950 96
724 0.573857 96
725 0.323686 96
726 0.000000 96
727 0.000000 96
728 0.000000 96
729 0.000000 96
730 0.000000 96
731 0.000000 96
732 0.000000 96
733 0.000000 96
734 0.000000 96
735 0.000000 96
736 3.189659 96
737 0.569237 96
738 32.798423 96
739 72.726885 96
740 72.924856 96
741 0.999578 96
742 1.946901 96
743 2.089083 96
744 1.654297 96
745 3.298210 96
746 1.089230 96
747 2.346096 96
748 2.812734 96
749 1.520863 96
750 7.663246 97
751 1.368160 97
752 1.038384 97
753 2.830343 97
754 1.261254 97
755 14.626823 97
756 8.725196 97
757 65.754744 97
758 1.121479 97
759 10.223088 97
760 0.999303 97
761 16.628345 97
762 0.533317 97
763 3.744404 97
764 4.688904 97
765 1.629158 97
766 0.756983 97
767 3.770126 97
768 1.388816 97
769 0.779467 97
770 4.820392 97
771 0.534188 97
772 0.429592 97
773 0.286341 97
774 0.741256 97
775 1.845907 97
776 0.000000 97
777 1.353042 97
778 0.930912 97
779 0.748280 97
780 1.329294 97
781 2.472233 97
782 5.194619 97
783 0.469690 97
784 1.495787 97
785 1.154158 97
786 2.893466 97
787 1.180311 97
788 2.631145 97
789 0.559959 97
790 0.747043 97
791 46.428522 97
792 1.864285 97
793 1.046561 97
794 0.930763 97
795 0.899655 97
796 0.900665 97
797 0.712931 97
798 0.735546 97
799 0.928394 97
800 43.377615 109
801 2.786884 109
802 1.222387 109
803 23.781573 109
804 3.094836 109
805 0.933433 109
806 18.864198 109
807 1.074819 109
808 1.356340 109
809 4.938596 109
810 7.316472 109
811 1.526613 109
812 1.144164 109
813 3.572141 109
814 2.082795 109
815 0.731450 109
816 7.766076 109
817 6.852513 109
818 6.121369 109
819 5.690656 109
820 5.531201 109
821 5.852394 109
822 1.365947 109
823 1.207220 109
824 0.057430 109
825 4.990322 109
826 1.102369 109
827 3.733849 109
828 1.718919 109
829 6.068346 109
830 15.810362 109
831 11.033823 109
832 35.055301 109
833 1.557166 109
834 1.640622 109
835 0.506516 109
836 0.586613 109
837 0.884513 109
838 1.433699 109
839 7.145662 109
840 17.194356 109
841 0.240060 109
842 2.829659 109
843 2.080406 109
844 1.365913 109
845 2.164294 109
846 161.105719 109
847 1.718270 109
848 2.189630 109
849 1.241440 109
850 7.669212 106
851 0.915900 106
852 2.338394 106
853 1.854397 106
854 1.798973 106
855 5.543025 106
856 4.300076 106
857 2.429032 106
858 4.944351 106
859 4.215877 106
860 3.149743 106
861 2.837593 106
862 1.473042 106
863 1.662885 106
864 1.354928 106
865 1.886509 106
866 0.000000 106
867 0.096362 106
868 0.000000 106
869 0.000000 106
870 0.061286 106
871 0.000000 106
872 0.051254 106
873 0.000000 106
874 0.000000 106
875 0.000000 106
876 0.000000 106
877 0.000000 106
878 0.000000 106
879 0.000000 106
880 0.000000 106
881 0.000000 106
882 0.000000 106
883 0.000000 106
884 0.000000 106
885 0.000000 106
886 0.000000 106
887 0.000000 106
888 0.000000 106
889 0.000000 106
890 0.000000 106
891 0.000000 106
892 0.218785 106
893 0.002278 106
894 0.239395 106
895 1.409755 106
896 5.006021 106
897 4.782402 106
898 2.200198 106
899 4.767660 106
900 1.492269 101
901 0.576343 101
902 9.681723 101
903 20.299134 101
904 19.157717 101
905 5.742136 101
906 2.935240 101
907 2.816188 101
908 6.777683 101
909 3.184538 101
910 3.251183 101
911 6.671720 101
912 3.096249 101
913 3.237602 101
914 1.182738 101
915 2.878996 101
916 2.009644 101
917 0.000000 101
918 0.000000 101
919 0.000000 101
920 0.000000 101
921 0.000000 101
922 0.000000 101
923 0.000000 101
924 0.000000 101
925 0.000000 101
926 0.000000 101
927 0.000000 101
928 0.000000 101
929 0.000000 101
930 0.000000 101
931 3.201900 101
932 3.960861 101
933 2.838194 101
934 4.823336 101
935 5.956969 101
936 12.826367 101
937 5.096580 101
938 4.238701 101
939 1.153638 101
940 3.836551 101
941 3.525406 101
942 3.563720 101
943 3.949719 101
944 2.123115 101
945 1.325920 101
946 1.804715 101
947 2.238042 101
948 2.009740 101
949 4.466501 100
950 2.133783 103
951 37.144975 103
952 1.422846 103
953 2.029240 103
954 1.670075 103
955 2.692995 103
956 1.578453 103
957 3.126671 103
958 4.831546 103
959 4.374381 103
960 1.512354 103
961 4.128255 103
962 3.177969 103
963 4.342544 103
964 1.444700 103
965 2.761158 103
966 3.710000 103
967 20.880126 103
968 30.494839 103
969 32.134832 103
970 30.945481 103
971 32.952729 103
972 2.020107 103
973 1.959676 103
974 2.333323 103
975 4.456880 103
976 1.390641 103
977 1.113966 103
978 2.102809 103
979 1.114174 103
980 1.075944 103
981 19.674174 103
982 2.440098 103
983 1.632621 103
984 1.885916 103
985 8.193614 103
986 0.660093 103
987 4.036570 103
988 1.577904 103
989 0.117562 103
990 1.787844 103
991 1.230270 103
992 1.636847 103
993 1.884844 103
994 0.772277 103
995 0.764139 103
996 1.436894 103
997 2.266405 103
998 2.959339 103
999 0.524016 103
1000 1.494746 81
1001 1.552270 81
1002 0.707686 81
1003 2.446997 81
1004 0.895421 81
1005 1.198576 81
1006 4.730891 81
1007 1.381495 81
1008 0.916385 81
1009 1.135883 81
1010 1.268777 81
1011 0.954098 81
1012 4.494375 81
1013 13.305602 81
1014 1.828561 81
1015 1.415272 81
1016 3.818202 81
1017 5.762946 81
1018 4.881910 81
1019 5.606511 81
1020 5.586570 81
1021 5.600836 81
1022 4.669460 81
1023 4.785219 81
1024 5.122024 81
1025 5.167276 81
1026 4.929632 81
1027 5.042559 81
1028 6.453206 81
1029 4.968442 81
1030 5.017195 81
1031 5.372093 81
1032 1.491468 81
1033 3.379101 81
1034 3.027164 81
1035 1.658787 81
1036 4.385413 81
1037 1.458262 81
1038 3.532379 81
1039 2.463867 81
1040 1.681247 81
1041 4.330525 81
1042 2.622705 81
1043 0.969606 81
1044 4.315998 81
1045 5.082247 81
1046 1.123970 81
1047 2.380658 81
1048 2.468750 81
1049 6.003560 81
1050 10.271059 104
1051 11.607339 104
1052 11.854737 104
1053 1.981619 104
1054 4.779917 104
1055 2.145840 104
1056 5.654985 104
1057 5.977776 104
1058 2.249507 104
1059 5.640777 104
1060 7.506504 104
1061 22.844946 104
1062 87.310362 104
1063 127.562277 104
1064 157.533085 104
1065 69.188479 104
1066 242.709284 104
1067 44.871252 104
1068 136.459895 104
1069 72.873726 104
1070 72.575963 104
1071 172.584356 104
1072 87.861733 104
1073 149.782928 104
1074 42.598985 104
1075 61.648322 104
1076 114.037581 104
1077 85.459055 104
1078 156.278575 104
1079 205.461494 104
1080 65.041844 104
1081 65.207529 104
1082 162.873329 104
1083 139.929367 104
1084 131.248485 104
1085 42.753248 104
1086 77.051159 104
1087 0.611849 104
1088 1.440782 104
1089 1.024873 104
1090 0.710037 104
1091 1.486970 104
1092 1.056049 104
1093 0.813232 104
1094 1.799120 104
1095 1.051278 104
1096 2.422052 104
1097 4.094109 104
1098 4.197060 104
1099 8.734802 104
1100 2.234978 117
1101 1.560903 117
1102 254.954509 117
1103 0.927908 117
1104 0.942674 117
1105 0.985005 117
1106 0.868385 117
1107 0.946219 117
1108 1.734028 117
1109 4.877544 117
1110 7.307737 117
1111 5.270430 117
1112 0.057954 117
1113 20.361490 117
1114 1.026494 117
1115 1.126931 117
1116 1.045385 117
1117 2.470139 117
1118 1.991107 117
1119 1.595923 117
1120 2.838044 117
1121 2.702970 117
1122 0.370356 117
1123 1.029329 116
1124 1.002428 116
1125 0.357637 116
1126 2.449427 116
1127 4.920516 116
1128 5.258246 116
1129 1.952125 116
1130 1.881583 116
1131 2.774629 116
1132 0.000000 116
1133 0.000000 116
1134 2.948780 116
1135 10.399091 116
1136 60.971647 116
1137 2.068263 116
1138 6.253151 116
1139 0.197891 116
1140 1.004853 116
1141 0.696179 116
1142 0.000000 116
1143 0.513491 116
1144 0.772030 116
1145 5.414326 116
1146 10.324039 116
1147 64.321552 116
1148 6.054985 116
1149 2.888981 116
1150 1.662020 106
1151 4.560835 106
1152 5.178627 106
1153 1.976229 106
1154 2.504106 106
1155 2.567744 106
1156 0.000000 106
1157 0.000000 106
1158 1.358466 106
1159 2.753123 106
1160 26.133367 106
1161 62.246956 106
1162 8.266711 106
1163 24.598458 106
1164 7.209527 106
1165 4.631959 106
1166 6.031086 106
1167 1.676210 106
1168 1.593294 106
1169 6.692842 106
1170 0.481101 106
1171 1.245303 106
1172 0.593776 106
1173 0.944582 106
1174 0.565458 106
1175 0.946273 106
1176 0.531229 106
1177 1.298940 106
1178 0.572587 106
1179 1.016655 106
1180 0.583406 106
1181 1.016213 106
1182 2.117447 106
1183 1.478710 106
1184 6.309220 106
1185 17.085117 106
1186 1.011859 106
1187 1.874502 106
1188 0.000000 106
1189 0.000000 106
1190 6.494766 106
1191 7.780639 106
1192 38.215336 106
1193 1.845054 106
1194 4.000592 106
1195 3.037765 106
1196 6.734530 106
1197 4.201638 106
1198 2.494760 106
1199 3.676235 106
1200 18.592413 107
1201 42.803852 107
1202 1.192143 107
1203 5.980095 107
1204 0.000000 107
1205 2.794097 107
1206 11.938983 107
1207 5.445166 107
1208 2.045026 107
1209 3.180526 107
1210 0.251238 107
1211 32.044849 107
1212 27.777676 107
1213 6.733343 107
1214 4.048719 107
1215 0.471388 107
1216 1.384306 107
1217 1.172976 107
1218 3.390878 107
1219 1.513909 107
1220 1.010208 107
1221 1.321869 107
1222 1.518321 107
1223 6.966606 107
1224 7.183691 107
1225 0.320822 107
1226 1.370422 107
1227 10.944229 107
1228 2.117351 107
1229 2.173043 107
1230 34.358985 107
1231 1.410199 107
1232 4.204401 107
1233 1.971552 107
1234 4.330581 107
1235 32.654348 107
1236 0.310258 107
1237 0.973254 107
1238 3.354759 107
1239 1.329685 107
1240 2.575630 107
1241 5.658055 107
1242 0.957388 107
1243 0.000000 107
1244 1.875940 107
1245 8.559338 107
1246 57.502835 107
1247 1.256216 107
1248 0.486739 107
1249 0.689608 107
1250 24.422880 109
1251 1.826242 109
1252 4.281235 109
1253 4.813984 109
1254 20.340686 109
1255 4.101616 109
1256 0.946218 109
1257 8.601884 109
1258 2.438027 109
1259 0.470093 109
1260 2.662609 109
1261 1.309476 109
1262 5.021350 109
1263 3.263808 109
1264 0.876463 109
1265 0.812059 109
1266 2.169750 109
1267 1.626268 109
1268 15.727998 109
1269 2.042819 109
1270 2.857818 109
1271 6.130318 109
1272 6.053492 109
1273 6.268742 109
1274 5.914273 109
1275 6.480674 109
1276 5.859276 109
1277 4.681381 109
1278 2.005355 109
1279 0.647222 109
1280 0.661033 109
1281 0.829983 109
1282 0.000000 109
1283 0.577187 109
1284 0.657866 109
1285 7.445992 109
1286 4.712659 109
1287 16.535881 109
1288 2.066853 109
1289 4.431602 109
1290 0.160284 109
1291 17.757855 109
1292 17.974761 109
1293 1.654079 109
1294 1.944704 109
1295 14.434328 109
1296 2.036078 109
1297 1.674039 109
1298 412.428427 109
1299 0.000000 109
1300 0.543210 108
1301 1.185983 108
1302 1.133704 108
1303 0.667925 108
1304 1.444025 108
1305 0.443203 108
1306 3.175145 108
1307 0.527386 108
1308 1.369997 108
1309 1.367674 108
1310 1.030891 108
1311 2.576212 108
1312 2.469482 108
1313 1.980929 108
1314 6.222771 108
1315 0.436023 108
1316 1.048714 108
1317 0.786495 108
1318 0.388989 108
1319 0.916219 108
1320 1.018725 108
1321 2.616650 108
1322 0.140984 108
1323 0.813691 108
1324 1.337898 108
1325 0.970457 108
1326 0.907043 108
1327 0.014150 108
1328 1.491822 108
1329 0.127433 108
1330 27.860055 108
1331 1.114613 108
1332 1.745314 108
1333 0.909157 108
1334 2.439952 108
1335 3.979035 108
1336 4.062376 108
1337 4.182560 108
1338 3.883722 108
1339 3.955372 108
1340 4.201064 108
1341 4.158542 108
1342 4.217204 108
1343 4.232083 108
1344 4.676859 108
1345 4.460319 108
1346 4.872072 108
1347 4.497601 108
1348 4.395140 108
1349 4.678031 108
1350 1.988363 99
1351 2.703073 99
1352 3.010021 99
1353 2.828402 99
1354 3.186968 99
1355 2.942505 99
1356 2.986029 99
1357 2.821862 99
1358 3.171357 99
1359 3.194283 99
1360 3.439943 99
1361 3.170987 99
1362 3.227970 99
1363 3.058176 99
1364 4.250565 99
1365 2.930958 99
1366 3.020854 99
1367 3.116610 99
1368 3.286164 99
1369 3.009382 99
1370 2.945224 99
1371 3.094683 99
1372 3.283876 99
1373 3.339443 99
1374 3.196485 99
1375 3.053337 99
1376 3.322978 99
1377 3.514926 99
1378 3.143326 99
1379 3.486460 99
1380 3.770275 99
1381 3.207182 99
1382 3.856923 99
1383 4.101681 99
1384 3.474314 99
1385 3.303313 99
1386 18.422237 99
1387 76.902724 99
1388 47.873049 99
1389 48.097971 99
1390 46.632228 99
1391 82.081644 99
1392 98.820726 99
1393 206.577930 99
1394 94.005636 99
1395 106.909946 99
1396 25.680541 99
1397 60.406557 99
1398 44.491786 99
1399 89.394695 99
1400 14.968562 96
1401 71.035633 96
1402 41.856288 96
1403 49.678619 96
1404 57.375125 96
1405 92.126078 96
1406 49.197494 96
1407 204.887470 96
1408 43.464947 96
1409 62.345126 96
1410 90.603493 96
1411 96.985647 96
1412 49.103883 96
1413 110.410851 96
1414 113.358133 96
1415 50.519193 96
1416 96.806349 96
1417 16.178257 96
1418 72.470076 96
1419 89.572282 96
1420 106.718746 96
1421 41.511273 96
1422 47.839290 96
1423 27.492953 96
1424 212.712189 96
1425 95.197411 96
1426 46.754625 96
1427 97.670469 96
1428 57.752460 96
1429 105.834824 96
1430 61.331122 96
1431 55.202565 96
1432 111.608919 96
1433 1.284515 96
1434 3.843544 96
1435 0.000000 96
1436 0.010618 96
1437 0.000000 96
1438 0.000000 96
1439 0.000000 96
1440 0.192035 96
1441 3.635311 96
1442 3.198388 96
1443 0.239508 96
1444 1.045081 96
1445 2.317985 96
1446 19.865456 96
1447 1.290513 96
1448 1.259521 96
1449 2.099758 96
1450 1.461390 90
1451 2.390731 90
1452 2.802728 90
1453 3.128404 90
1454 0.003895 90
1455 0.015302 90
1456 0.000000 90
1457 1.695407 90
1458 1.952088 90
1459 1.802017 90
1460 1.645100 90
1461 2.897181 90
1462 1.381200 90
1463 3.461723 90
1464 1.511859 90
1465 0.574840 90
1466 1.731651 90
1467 1.788488 90
1468 2.110390 90
1469 2.118011 90
1470 1.412785 90
1471 1.853071 90
1472 4.547318 90
1473 6.980069 90
1474 2.268484 90
1475 4.311568 90
1476 1.745797 90
1477 4.024397 90
1478 1.036328 90
1479 2.129971 90
1480 1.457486 90
1481 1.293097 90
1482 4.448892 90
1483 1.161605 90
1484 1.521949 90
1485 0.786050 90
1486 4.687709 90
1487 2.022346 90
1488 0.713778 90
1489 2.490694 90
1490 1.208278 90
1491 2.175793 90
1492 3.740908 90
1493 1.473145 90
1494 2.244188 90
1495 24.418481 90
1496 1.613922 90
1497 0.989849 90
1498 1.264776 90
1499 0.873846 90
1500 0.660773 103
1501 1.170257 103
1502 4.482406 103
1503 1.408570 103
1504 1.355268 103
1505 1.012902 103
1506 1.034535 103
1507 1.250709 103
1508 1.257637 103
1509 1.131047 103
1510 1.327064 103
1511 0.620452 103
1512 0.718173 103
1513 1.027096 103
1514 1.743751 103
1515 1.307593 103
1516 1.826679 103
1517 0.740409 103
1518 0.571497 103
1519 10.251691 103
1520 58.996117 103
1521 0.383021 103
1522 1.130549 103
1523 0.704083 103
1524 2.884460 103
1525 1.328769 103
1526 3.330144 103
1527 2.851533 103
1528 0.000000 103
1529 0.000000 103
1530 0.000000 103
1531 0.000000 103
1532 1.379428 103
1533 2.060087 103
1534 2.479008 103
1535 2.258959 103
1536 120.240299 103
1537 1.225506 103
1538 1.020936 103
1539 0.873253 103
1540 0.979920 103
1541 1.019903 103
1542 0.986438 103
1543 1.014575 103
1544 1.005995 103
1545 1.271937 103
1546 1.741655 103
1547 0.000000 103
1548 1.106170 103
1549 2.515299 103
1550 1.878765 118
1551 0.986535 118
1552 0.682875 118
1553 2.414173 118
1554 6.587112 118
1555 0.609482 118
1556 1.340236 118
1557 0.765432 118
1558 1.847063 118
1559 1.374199 118
1560 1.287803 118
1561 1.722030 118
1562 1.217174 118
1563 0.509598 118
1564 1.209863 118
1565 2.486905 118
1566 2.266476 118
1567 2.689613 118
1568 0.719657 118
1569 0.528776 118
1570 0.047459 118
1571 1.493314 118
1572 1.198289 118
1573 1.450705 118
1574 1.257152 118
1575 0.269493 118
1576 8.207057 118
1577 0.950471 118
1578 0.764743 118
1579 0.992060 118
1580 1.386963 118
1581 2.666843 118
1582 2.596995 118
1583 2.539154 118
1584 8.535885 118
1585 11.221551 118
1586 0.000000 118
1587 0.000000 118
1588 0.000000 118
1589 0.000000 118
1590 0.000000 118
1591 0.000000 118
1592 0.000000 118
1593 0.000000 118
1594 0.000000 118
1595 0.000000 118
1596 0.000000 118
1597 0.000000 118
1598 2.389506 118
1599 5.371121 118
1600 1.782721 111
1601 1.644352 111
1602 3.868138 111
1603 3.461457 111
1604 4.114960 111
1605 1.487411 111
1606 4.300828 111
1607 4.055152 111
1608 1.193755 111
1609 3.514766 111
1610 3.248440 111
1611 1.782495 111
1612 4.198773 111
1613 1.490215 111
1614 4.238701 111
1615 2.144770 111
1616 3.938815 111
1617 5.352985 111
1618 4.615711 111
1619 5.021368 111
1620 0.889744 111
1621 10.558151 111
1622 1.779926 111
1623 1.074612 111
1624 1.598452 111
1625 2.686981 111
1626 1.683490 111
1627 2.819323 111
1628 1.483027 111
1629 2.430423 111
1630 25.190379 111
1631 89.029943 111
1632 1.971859 111
1633 1.007961 111
1634 29.972569 111
1635 1.615780 111
1636 0.000000 111
1637 0.000000 111
1638 0.000000 111
1639 3.250271 111
1640 1.256776 111
1641 1.219914 111
1642 1.916714 111
1643 4.755169 111
1644 2.471294 111
1645 6.119288 111
1646 1.013973 111
1647 2.534795 111
1648 0.505585 111
1649 1.175363 111
1650 1.630669 96
1651 2.463335 96
1652 2.024872 96
1653 0.306224 96
1654 55.491070 96
1655 13.746186 96
1656 1.602058 96
1657 1.720144 96
1658 1.106936 96
1659 1.232288 96
1660 1.554093 96
1661 2.650589 96
1662 1.996829 96
1663 1.995023 96
1664 0.157493 96
1665 0.892467 96
1666 0.975996 96
1667 0.622475 96
1668 1.279714 96
1669 1.515050 96
1670 0.574304 96
1671 1.458256 96
1672 0.060341 96
1673 0.026049 96
1674 0.021753 96
1675 0.020394 96
1676 0.014964 96
1677 0.017415 96
1678 0.023610 96
1679 0.272594 96
1680 0.022503 96
1681 0.156684 96
1682 1.984714 96
1683 4.449959 96
1684 4.429227 96
1685 0.513375 96
1686 0.716198 96
1687 3.341954 96
1688 1.901357 96
1689 0.947585 96
1690 100.460374 96
1691 1.573086 96
1692 94.653316 96
1693 0.517632 96
1694 1.694219 96
1695 3.627282 96
1696 1.649413 96
1697 3.589824 96
1698 1.294597 96
1699 3.369974 96
1700 1.041998 95
1701 2.480173 95
1702 2.156595 95
1703 0.732535 95
1704 0.743670 95
1705 2.237730 95
1706 5.325482 95
1707 5.362444 95
1708 4.062854 95
1709 3.895398 95
1710 9.404611 95
1711 29.148662 95
1712 27.842907 95
1713 28.676994 95
1714 0.896460 95
1715 1.317017 95
1716 0.687746 95
1717 1.774847 95
1718 8.837585 95
1719 1.008530 95
1720 0.796583 95
1721 0.752328 95
1722 1.189024 95
1723 3.726451 95
1724 1.000320 95
1725 0.685120 95
1726 41.500089 95
1727 8.646621 95
1728 16.180077 95
1729 0.751764 95
1730 0.886947 95
1731 1.417491 95
1732 3.155414 95
1733 27.645872 95
1734 1.210893 95
1735 1.199248 95
1736 1.259652 95
1737 2.127910 95
1738 1.396676 95
1739 0.150534 95
1740 1.174511 95
1741 0.962903 95
1742 127.078991 95
1743 3.504162 95
1744 1.900075 95
1745 1.377634 95
1746 1.060443 95
1747 29.891094 95
1748 0.375356 95
1749 7.281663 95
1750 3.254555 119
1751 2.148963 119
1752 0.753466 119
1753 1.259243 119
1754 3.153947 119
1755 3.236117 119
1756 20.482751 119
1757 1.112806 119
1758 0.907335 119
1759 28.538681 119
1760 1.992481 119
1761 1.980687 119
1762 2.422082 119
1763 2.022990 119
1764 1.887730 119
1765 1.705381 119
1766 2.658659 119
1767 1.669657 119
1768 2.458988 119
1769 0.000000 119
1770 0.000000 119
1771 0.493605 119
1772 1.357717 119
1773 4.944939 119
1774 1.502319 119
1775 3.946154 119
1776 0.480681 119
1777 0.933370 119
1778 1.046135 119
1779 1.418208 119
1780 1.157409 119
1781 6.428241 119
1782 6.531332 119
1783 17.664833 119
1784 11.010978 119
1785 1.056769 119
1786 1.245255 119
1787 0.000000 119
1788 1.164118 119
1789 1.314777 119
1790 2.037750 119
1791 0.092302 119
1792 1.546612 119
1793 3.298010 119
1794 3.628973 119
1795 0.933941 119
1796 0.862936 119
1797 2.102135 119
1798 0.917023 119
1799 0.954447 119
1800 0.571124 115
1801 2.786179 115
1802 0.560541 115
1803 0.782620 115
1804 1.769888 115
1805 0.734438 115
1806 0.748303 115
1807 0.000000 115
1808 1.665878 115
1809 2.265461 115
1810 0.628012 115
1811 0.045942 115
1812 0.578412 115
1813 2.258395 115
1814 2.759432 115
1815 3.034898 115
1816 13.320437 115
1817 1.162988 115
1818 0.977328 115
1819 1.363447 115
1820 1.181885 115
1821 131.071815 115
1822 174.125403 115
1823 1.917204 115
1824 2.239577 115
1825 0.796301 115
1826 0.957830 115
1827 7.820327 115
1828 8.192117 115
1829 8.770895 115
1830 1.113144 115
1831 22.042332 115
1832 86.443784 115
1833 1.320910 115
1834 14.594622 115
1835 1.168453 115
1836 13.154861 115
1837 1.050448 115
1838 0.616813 115
1839 1.947270 115
1840 0.935257 115
1841 7.181781 115
1842 13.830422 115
1843 6.451784 115
1844 1.963043 115
1845 1.225007 115
1846 1.185655 115
1847 0.001120 115
1848 0.001687 115
1849 0.870012 115
1850 1.064919 107
1851 10.503103 107
1852 0.000000 107
1853 0.694383 107
1854 1.528024 107
1855 1.669683 107
1856 0.447424 107
1857 0.459473 107
1858 1.646727 107
1859 1.737662 107
1860 1.196147 107
1861 0.974373 107
1862 112.687454 107
1863 0.242431 107
1864 0.613748 107
1865 1.124696 107
1866 0.644306 107
1867 1.314305 107
1868 0.584421 107
1869 0.626776 107
1870 0.834843 107
1871 0.635409 107
1872 0.131574 107
1873 0.186122 107
1874 0.139167 107
1875 0.704793 107
1876 0.782554 107
1877 1.635136 107
1878 15.171773 107
1879 3.328582 107
1880 4.763373 107
1881 3.152485 107
1882 40.475624 107
1883 3.134095 107
1884 17.897663 107
1885 3.393134 107
1886 3.257517 107
1887 73.332852 107
1888 7.264187 107
1889 17.060044 107
1890 4.297566 107
1891 1.530775 107
1892 1.601897 107
1893 1.403356 107
1894 0.618457 107
1895 1.259094 107
1896 1.206734 107
1897 0.780503 107
1898 0.883587 107
1899 2.070028 107
1900 0.759791 108
1901 5.774960 108
1902 0.561901 108
1903 0.319768 108
1904 0.407592 108
1905 0.000000 108
1906 0.000000 108
1907 0.000000 108
1908 0.000000 108
1909 0.000000 108
1910 0.000000 108
1911 0.000000 108
1912 2.971529 108
1913 5.929333 108
1914 6.631431 107
1915 5.907144 108
1916 6.592614 108
1917 5.749380 108
1918 5.888805 108
1919 5.789525 108
1920 5.971546 108
1921 5.846345 108
1922 6.091693 108
1923 5.888166 108
1924 5.954067 108
1925 6.034906 108
1926 5.880742 108
1927 6.115403 108
1928 6.231660 108
1929 6.084297 108
1930 6.378476 108
1931 6.195479 108
1932 5.926157 108
1933 5.849006 108
1934 6.457595 108
1935 5.984691 108
1936 1.323898 108
1937 3.312717 108
1938 2.700938 108
1939 1.519932 108
1940 3.502436 108
1941 3.457861 108
1942 0.152366 108
1943 0.915922 108
1944 2.066380 108
1945 1.276999 108
1946 2.004741 108
1947 2.506219 108
1948 6.000632 107
1949 2.791833 108
1950 2.030169 103
1951 0.281157 103
1952 0.503426 103
1953 1.855227 103
1954 1.438690 103
1955 3.850503 103
1956 1.289730 103
1957 12.174838 103
1958 1.067033 103
1959 2.428458 103
1960 4.260535 103
1961 1.368028 103
1962 0.000000 103
1963 0.000000 103
1964 1.233178 103
1965 24.197869 103
1966 1.172774 103
1967 0.505827 103
1968 1.544730 103
1969 1.341783 103
1970 0.605798 103
1971 0.000000 103
1972 0.643714 103
1973 1.126861 103
1974 1.093370 103
1975 1.036700 103
1976 1.652124 103
1977 1.543681 103
1978 1.887055 103
1979 0.570990 103
1980 20.535902 103
1981 1.437254 103
1982 3.668811 103
1983 3.489094 103
1984 3.631461 103
1985 9.284173 103
1986 9.827251 103
1987 10.070880 103
1988 1.497536 103
1989 3.705872 103
1990 1.129575 103
1991 3.141951 103
1992 1.914229 103
1993 2.852591 103
1994 1.638976 103
1995 3.522088 103
1996 3.724951 103
1997 100.886770 103
1998 114.198650 103
1999 110.959073 103
2000 68.749926 115
2001 85.151111 115
2002 80.802525 115
2003 81.661941 115
2004 3.840936 115
2005 3.686613 115
2006 5.480796 115
2007 1.119925 115
2008 1.664782 115
2009 1.640677 115
2010 57.284037 115
2011 1.057385 115
2012 2.199870 115
2013 13.506478 115
2014 0.000000 115
2015 1.936664 115
2016 1.010789 115
2017 0.928273 115
2018 1.312003 115
2019 0.878719 115
2020 2.865990 115
2021 1.272975 115
2022 1.663571 115
2023 1.160940 115
2024 11.178413 115
2025 4.001296 115
2026 1.394025 115
2027 0.998901 115
2028 1.169698 115
2029 1.820816 115
2030 1.474954 115
2031 1.318481 115
2032 1.585805 115
2033 1.680286 115
2034 14.040798 115
2035 1.849859 115
2036 1.080827 115
2037 216.730642 115
2038 1.492126 115
2039 1.639020 115
2040 0.931274 115
2041 1.178737 115
2042 1.111456 115
2043 7.605430 115
2044 10.243600 115
2045 2.151625 115
2046 4.803732 115
2047 5.059457 115
2048 4.412076 115
2049 3.011521 115
2050 2.536517 115
2051 6.579947 115
2052 6.637905 115
2053 1.331677 115
2054 3.117104 115
2055 3.403169 115
2056 1.752547 115
2057 53.657802 115
2058 6.889131 115
2059 5.656513 115
2060 6.900385 115
2061 7.383144 115
2062 2.715284 115
2063 1.503659 115
2064 0.271917 115
2065 3.582449 115
2066 2.232101 115
2067 0.274364 115
2068 2.627919 115
2069 0.928771 115
2070 24.818678 115
2071 28.330861 115
2072 11.749077 115
2073 0.647903 115
2074 2.492476 115
2075 31.441841 115
2076 1.020317 115
2077 3.473004 115
2078 0.494198 115
2079 1.348278 115
2080 12.620241 115
2081 1.086450 115
2082 1.785036 115
2083 0.226944 115
2084 0.564801 115
2085 0.554550 115
2086 0.569726 115
2087 0.567535 115
2088 0.527553 115
2089 0.768718 115
2090 1.341556 115
2091 0.898503 115
2092 0.200812 115
2093 0.417871 115
2094 0.375171 115
2095 0.466657 115
2096 0.050087 115
2097 0.410844 115
2098 0.595545 115
2099 0.812804 115
2100 0.553081 106
2101 1.442339 106
2102 0.011059 106
2103 34.464983 106
2104 49.898592 106
2105 0.987024 106
2106 0.567201 106
2107 0.260762 106
2108 0.856858 106
2109 1.328260 106
2110 2.947956 106
2111 0.807631 106
2112 1.044341 106
2113 12.682846 106
2114 57.836148 106
2115 104.187667 106
2116 92.150470 106
2117 22.546528 106
2118 48.199021 106
2119 47.698342 106
2120 38.953999 106
2121 40.958708 106
2122 84.603897 106
2123 36.688895 106
2124 227.042186 106
2125 1.980609 106
2126 23.761849 106
2127 14.058944 106
2128 1.143263 106
2129 1.260520 106
2130 1.193692 106
2131 1.182516 106
2132 1.804904 106
2133 1.136930 106
2134 1.767718 106
2135 1.901678 106
2136 0.000000 106
2137 0.000000 106
2138 1.180021 106
2139 0.857798 106
2140 0.815779 106
2141 4.331611 106
2142 1.660047 106
2143 1.769682 106
2144 9.329334 106
2145 16.197365 106
2146 63.274733 106
2147 14.748526 106
2148 1.926564 106
2149 0.897028 106
2150 11.125721 100
2151 5.439705 100
2152 0.653789 100
2153 1.380295 100
2154 1.376227 100
2155 1.589944 100
2156 6.498147 100
2157 15.153071 100
2158 6.109824 100
2159 5.518621 100
2160 0.002773 100
2161 0.000000 100
2162 0.000000 100
2163 0.000000 100
2164 0.000000 100
2165 0.000000 100
2166 0.000000 100
2167 0.000000 100
2168 0.000000 100
2169 0.000000 100
2170 0.000000 100
2171 0.000000 100
2172 0.000000 100
2173 0.000000 100
2174 0.000000 100
2175 0.000000 100
2176 0.000000 100
2177 0.000000 100
2178 0.000000 100
2179 0.000000 100
2180 0.000000 100
2181 0.000000 100
2182 0.000000 100
2183 0.000000 100
2184 0.000000 100
2185 0.000000 100
2186 0.000000 100
2187 0.000000 100
2188 0.000000 100
2189 0.000000 100
2190 0.000000 100
2191 0.000000 100
2192 0.000000 100
2193 0.000000 100
2194 0.000000 100
2195 0.000000 100
2196 0.000000 100
2197 0.000000 100
2198 0.000000 100
2199 0.000000 100
2200 0.000000 99
2201 0.000000 99
2202 0.000000 99
2203 0.000000 99
2204 0.000000 99
2205 0.000000 99
2206 0.000000 99
2207 0.000000 99
2208 0.000000 99
2209 0.000000 99
2210 0.000000 99
2211 0.000000 99
2212 0.000000 99
2213 0.000000 99
2214 0.000000 99
2215 0.000000 99
2216 0.000000 99
2217 0.000000 99
2218 0.000000 99
2219 0.000000 99
2220 0.000000 99
2221 0.000000 99
2222 0.000000 99
2223 0.000000 99
2224 0.000000 99
2225 0.000000 99
2226 0.000000 99
2227 0.000000 99
2228 0.000000 99
2229 0.000000 99
2230 0.000000 99
2231 0.000000 99
2232 0.000000 99
2233 0.000000 99
2234 0.000000 99
2235 0.000000 99
2236 0.000000 99
2237 0.000000 99
2238 0.000000 99
2239 0.000000 99
2240 0.000000 99
2241 0.000000 99
2242 0.000000 99
2243 0.000000 99
2244 0.000000 99
2245 0.000000 99
2246 0.000000 99
2247 0.000000 99
2248 0.000000 99
2249 0.000000 99
2250 0.000000 98
2251 0.000000 98
2252 0.000000 98
2253 0.000000 98
2254 0.000000 98
2255 0.000000 98
2256 0.000000 98
2257 0.000000 98
2258 0.000000 98
2259 0.000000 98
2260 0.000000 98
2261 0.000000 98
2262 0.000000 98
2263 0.000000 98
2264 0.000000 98
2265 0.000000 98
2266 0.000000 98
2267 0.000000 98
2268 0.000000 98
2269 0.000000 98
2270 0.000000 98
2271 0.000000 98
2272 0.000000 98
2273 0.000000 98
2274 0.000000 98
2275 0.000000 98
2276 0.000000 98
2277 0.000000 98
2278 0.000000 98
2279 0.000000 98
2280 0.000000 98
2281 0.000000 98
2282 0.000000 98
2283 0.000000 98
2284 0.000000 98
2285 0.000000 98
2286 0.000000 98
2287 0.000000 98
2288 0.000000 98
2289 0.000000 98
2290 0.000000 98
2291 0.000000 98
2292 0.000000 98
2293 0.000000 98
2294 0.000000 98
2295 0.000000 98
2296 0.000000 98
2297 0.000000 98
2298 0.000000 98
2299 0.000000 98
2300 0.000000 97
2301 0.000000 97
2302 0.000000 97
2303 0.000000 97
2304 0.000000 97
2305 0.000000 97
2306 0.000000 97
2307 0.000000 97
2308 0.000000 97
2309 0.000000 97
2310 0.000000 97
2311 0.000000 97
2312 0.000000 97
2313 0.000000 97
2314 0.000000 97
2315 0.000000 97
2316 0.000000 97
2317 0.000000 97
2318 0.000000 97
2319 0.000000 97
2320 0.000000 97
2321 0.000000 97
2322 0.000000 97
2323 0.000000 97
2324 0.000000 97
2325 0.000000 97
2326 0.000000 97
2327 0.000000 97
2328 0.000000 97
2329 0.000000 97
2330 0.000000 97
2331 0.000000 97
2332 0.000000 97
2333 0.000000 97
2334 0.000000 97
2335 0.000000 97
2336 0.000000 97
2337 0.000000 97
2338 0.000000 97
2339 0.000000 97
2340 0.000000 97
2341 0.000000 97
2342 0.000000 97
2343 0.000000 97
2344 0.000000 97
2345 0.000000 97
2346 0.000000 97
2347 0.000000 97
2348 0.000000 97
2349 0.000000 97
2350 0.000000 84
2351 2.252052 84
2352 1.614488 84
2353 21.116284 84
2354 3.846425 84
2355 3.224305 84
2356 27.636617 84
2357 106.346927 84
2358 78.675057 84
2359 153.243430 84
2360 49.333017 84
2361 128.116673 84
2362 159.070108 84
2363 109.557137 84
2364 86.287574 84
2365 80.681083 84
2366 155.950054 84
2367 130.734127 84
2368 172.008069 84
2369 38.120385 84
2370 183.722834 84
2371 122.626203 84
2372 36.184832 84
2373 144.678314 84
2374 82.031357 84
2375 170.200096 84
2376 91.739332 84
2377 133.308083 84
2378 76.297510 84
2379 149.545347 84
2380 49.430120 84
2381 138.707709 84
2382 52.751753 84
2383 2.085839 84
2384 4.691901 84
2385 5.096043 84
2386 2.361318 84
2387 4.763968 84
2388 5.261006 84
2389 31.722077 84
2390 4.391768 84
2391 4.997848 84
2392 1.163842 84
2393 3.471848 84
2394 2.974760 84
2395 1.869732 84
2396 3.877311 84
2397 4.992667 84
2398 1.668916 84
2399 4.171980 84
2400 1.935582 114
2401 4.873922 114
2402 4.442287 114
2403 4.861672 114
2404 5.150218 114
2405 5.260209 114
2406 4.962979 114
2407 4.429829 114
2408 5.096278 114
2409 5.252192 114
2410 0.998148 114
2411 0.010225 114
2412 1.464794 114
2413 2.683969 114
2414 1.142658 114
2415 2.695912 114
2416 2.135641 114
2417 3.561152 114
2418 4.478779 114
2419 5.024213 114
2420 2.402881 114
2421 0.000000 114
2422 0.000000 114
2423 0.000000 114
2424 0.000000 114
2425 0.000000 114
2426 0.000000 114
2427 0.000000 114
2428 0.000000 114
2429 0.000000 114
2430 0.000000 114
2431 0.000000 114
2432 1.116097 114
2433 0.845802 114
2434 2.331599 114
2435 14.479657 114
2436 2.950666 114
2437 1.545269 114
2438 1.857715 114
2439 2.533381 114
2440 2.288367 114
2441 0.023192 114
2442 0.027987 114
2443 0.032125 114
2444 1.807478 114
2445 5.724989 114
2446 12.505372 114
2447 213.831467 114
2448 3.426431 114
2449 3.344605 114
2450 0.368871 112
2451 0.467090 112
2452 0.494106 112
2453 1.063644 112
2454 3.900816 112
2455 67.116423 112
2456 137.596890 112
2457 0.109521 112
2458 1.105045 112
2459 3.226664 112
2460 0.921387 112
2461 9.826298 112
2462 16.036928 112
2463 4.269130 112
2464 2.286446 112
2465 3.561244 112
2466 1.667209 112
2467 3.031654 112
2468 4.396502 112
2469 1.322416 112
2470 0.969903 112
2471 0.400000 112
2472 1.140571 112
2473 0.011667 112
2474 1.329766 112
2475 0.940047 112
2476 1.678719 112
2477 2.936315 112
2478 18.289267 112
2479 3.392119 112
2480 0.304001 112
2481 4.034677 112
2482 1.671045 112
2483 1.957293 112
2484 1.206197 112
2485 2.887971 112
2486 1.675881 112
2487 15.779093 112
2488 1.547801 112
2489 7.648357 112
2490 1.007098 112
2491 3.600338 112
2492 1.816124 112
2493 0.984555 112
2494 1.816441 112
2495 1.808301 112
2496 1.243328 112
2497 78.319327 112
2498 1.197747 112
2499 1.937131 112
2500 1.198057 107
2501 1.676824 107
2502 0.006554 107
2503 0.212270 107
2504 1.901170 107
2505 4.416189 107
2506 1.742363 107
2507 4.150570 107
2508 1.187748 107
2509 0.000000 107
2510 2.351922 107
2511 2.311667 107
2512 1.542459 107
2513 16.160331 107
2514 1.491385 107
2515 2.114184 107
2516 4.645896 107
2517 1.426683 107
2518 2.185815 107
2519 0.000000 107
2520 1.978825 107
2521 1.638265 107
2522 2.303793 107
2523 1.780109 107
2524 1.307832 107
2525 1.442161 107
2526 1.598189 107
2527 1.502100 107
2528 7.566539 107
2529 5.427579 107
2530 4.440077 107
2531 1.030562 107
2532 36.841422 107
2533 49.477979 107
2534 1.289224 107
2535 2.131575 107
2536 2.269800 107
2537 1.701746 107
2538 1.584502 107
2539 2.177950 107
2540 2.113627 107
2541 1.925827 107
2542 2.069531 107
2543 0.630817 107
2544 0.992067 107
2545 2.314650 107
2546 2.458582 107
2547 1.825142 107
2548 25.390059 107
2549 1.727213 107
2550 1.375581 101
2551 1.264391 101
2552 0.178519 101
2553 2.511988 101
2554 0.000000 101
2555 3.807306 101
2556 1.405923 101
2557 1.733309 101
2558 1.228951 101
2559 0.467093 101
2560 0.834997 101
2561 0.931414 101
2562 0.919526 101
2563 0.000000 101
2564 0.000000 101
2565 0.000000 101
2566 0.000000 101
2567 0.000000 101
2568 0.000000 101
2569 0.000000 101
2570 0.000000 101
2571 0.000000 101
2572 0.000000 101
2573 0.000000 101
2574 0.000000 101
2575 0.000000 101
2576 0.000000 101
2577 0.000000 101
2578 0.000000 101
2579 0.000000 101
2580 0.000000 101
2581 0.000000 101
2582 0.000000 101
2583 0.000000 101
2584 0.000000 101
2585 0.000000 101
2586 0.000000 101
2587 0.000000 101
2588 0.000000 101
2589 0.000000 101
2590 0.000000 101
2591 0.000000 101
2592 0.000000 101
2593 0.000000 101
2594 0.000000 101
2595 0.000000 101
2596 0.000000 101
2597 0.000000 101
2598 0.000000 101
2599 0.000000 101
2600 0.000000 102
2601 0.000000 102
2602 0.000000 102
2603 0.000000 102
2604 0.000000 102
2605 0.000000 102
2606 0.000000 102
2607 0.000000 102
2608 0.000000 102
2609 0.000000 102
2610 0.000000 102
2611 0.000000 102
2612 0.000000 102
2613 0.000000 102
2614 0.000000 102
2615 0.000000 102
2616 0.000000 102
2617 0.000000 102
2618 0.000000 102
2619 0.000000 102
2620 0.000000 102
2621 0.000000 102
2622 0.000000 102
2623 0.000000 102
2624 0.000000 102
2625 0.000000 102
2626 0.000000 102
2627 0.000000 102
2628 0.000000 102
2629 0.000000 102
2630 0.000000 102
2631 0.000000 102
2632 0.000000 102
2633 0.000000 102
2634 0.000000 102
2635 0.000000 102
2636 0.000000 102
2637 0.000000 102
2638 0.000000 102
2639 0.000000 102
2640 0.000000 102
2641 0.000000 102
2642 0.000000 102
2643 0.000000 102
2644 0.000000 102
2645 0.000000 102
2646 0.000000 102
2647 0.000000 102
2648 0.000000 102
2649 0.000000 102
2650 0.000000 102
2651 0.000000 102
2652 0.000000 102
2653 0.000000 102
2654 0.000000 102
2655 0.000000 102
2656 0.000000 102
2657 0.000000 102
2658 0.000000 102
2659 0.000000 102
2660 0.000000 102
2661 0.000000 102
2662 0.000000 102
2663 4.507606 102
2664 6.894084 102
2665 2.544193 102
2666 8.088252 102
2667 0.000000 102
2668 0.000000 102
2669 0.000000 102
2670 0.000000 102
2671 0.000000 102
2672 0.000000 102
2673 0.000000 102
2674 0.000000 102
2675 0.000000 102
2676 0.000000 102
2677 0.000000 102
2678 0.000000 102
2679 0.000000 102
2680 0.000000 102
2681 0.000000 102
2682 0.000000 102
2683 0.000000 102
2684 0.000000 102
2685 0.000000 102
2686 0.000000 102
2687 0.000000 102
2688 0.000000 102
2689 0.000000 102
2690 0.000000 102
2691 0.000000 102
2692 0.000187 102
2693 0.000427 102
2694 0.000660 102
2695 0.001251 102
2696 0.001843 102
2697 0.001140 102
2698 0.001074 102
2699 0.000836 102
2700 0.001321 100
2701 0.003700 100
2702 0.005026 100
2703 0.006000 100
2704 0.005391 100
2705 0.002538 100
2706 0.001824 100
2707 0.002006 100
2708 0.001475 100
2709 0.001659 100
2710 0.002658 100
2711 3.770347 100
2712 2.897640 100
2713 3.145802 100
2714 41.199578 100
2715 2.956674 100
2716 239.124415 100
2717 3.898641 100
2718 71.526110 100
2719 1.675958 100
2720 1.853261 100
2721 26.278999 100
2722 3.695866 100
2723 2.825059 100
2724 3.907305 100
2725 3.886698 100
2726 3.980115 100
2727 4.384671 100
2728 4.708116 100
2729 13.452782 100
2730 168.981675 100
2731 3.787116 100
2732 9.029980 100
2733 254.358044 100
2734 3.874983 100
2735 6.747055 100
2736 2.898825 100
2737 7.023983 100
2738 4.041878 100
2739 4.691488 100
2740 3.979176 100
2741 3.857007 100
2742 4.853777 100
2743 42.055664 100
2744 4.586966 100
2745 4.346714 100
2746 14.075944 100
2747 2.326453 100
2748 26.463651 100
2749 2.554161 100
2750 7.814558 95
2751 3.632657 95
2752 7.193304 95
2753 4.493983 95
2754 1.632018 95
2755 5.120728 95
2756 2.136875 95
2757 3.047389 95
2758 2.186510 95
2759 1.831735 95
2760 0.996677 95
2761 0.966155 95
2762 1.090845 95
2763 1.110398 95
2764 1.099270 95
2765 1.007663 95
2766 1.111312 95
2767 1.103083 95
2768 1.067459 95
2769 1.002970 95
2770 1.438853 95
2771 1.227294 95
2772 1.285849 95
2773 1.192684 95
2774 1.131682 95
2775 0.958923 95
2776 1.497914 95
2777 1.031114 95
2778 1.251074 95
2779 1.296483 95
2780 1.196070 95
2781 1.116530 95
2782 1.292323 95
2783 1.205479 95
2784 1.102750 95
2785 1.875680 95
2786 1.628522 95
2787 1.144373 95
2788 3.835846 95
2789 1.344421 95
2790 1.719772 95
2791 1.557509 95
2792 2.548646 95
2793 2.506384 95
2794 1.750640 95
2795 1.699631 95
2796 1.637155 95
2797 1.786328 95
2798 1.637438 95
2799 1.999942 95
2800 1.985859 99
2801 2.645552 99
2802 2.074969 99
2803 2.518644 99
2804 2.544371 99
2805 2.369872 99
2806 2.382021 99
2807 2.583048 99
2808 1.829307 99
2809 2.338862 99
2810 2.238665 99
2811 2.059822 99
2812 1.838960 99
2813 2.083100 99
2814 2.171261 99
2815 1.860262 99
2816 4.057228 99
2817 3.410333 99
2818 4.479927 99
2819 0.000000 99
2820 0.000000 99
2821 0.000000 99
2822 0.000000 99
2823 0.000000 99
2824 0.000000 99
2825 0.000000 99
2826 0.000000 99
2827 0.000000 99
2828 0.000000 99
2829 0.000000 99
2830 0.000000 99
2831 0.000000 99
2832 0.000000 99
2833 0.000000 99
2834 0.000000 99
2835 0.000000 99
2836 0.000000 99
2837 0.000000 99
2838 0.000000 99
2839 3.120978 99
2840 5.655748 99
2841 7.243475 99
2842 2.993286 99
2843 6.001364 99
2844 7.836883 99
2845 7.307032 99
2846 2.075983 99
2847 3.903333 99
2848 4.147219 99
2849 4.169769 99
2850 1.849839 103
2851 4.227563 103
2852 3.968690 103
2853 3.860651 103
2854 3.790393 103
2855 7.784970 103
2856 9.295623 103
2857 3.779721 103
2858 6.003666 103
2859 6.071241 103
2860 5.979948 103
2861 1.030094 103
2862 3.492541 103
2863 1.577962 103
2864 3.394062 103
2865 3.942062 103
2866 7.334941 103
2867 20.045073 103
2868 8.794073 103
2869 2.915963 103
2870 5.955643 103
2871 6.371213 103
2872 6.929406 103
2873 1.391675 103
2874 1.363186 103
2875 1.321861 103
2876 1.344548 103
2877 1.619352 103
2878 1.314798 103
2879 1.269823 103
2880 1.296433 103
2881 1.380976 103
2882 1.331326 103
2883 1.234547 103
2884 1.029572 103
2885 1.191858 103
2886 1.273507 103
2887 1.241386 103
2888 1.306323 103
2889 1.640312 103
2890 1.189262 103
2891 1.518670 103
2892 1.571766 103
2893 0.991928 103
2894 3.581739 103
2895 3.220829 103
2896 7.041131 103
2897 89.182977 103
2898 3.514287 103
2899 3.535554 103
2900 1.356346 84
2901 2.994586 84
2902 3.372506 84
2903 3.159020 84
2904 2.043554 84
2905 4.751393 84
2906 4.886392 84
2907 4.576058 84
2908 1.308322 84
2909 2.700783 84
2910 2.948373 84
2911 2.409543 84
2912 4.767698 84
2913 4.646095 84
2914 4.248357 84
2915 4.188856 84
2916 2.673736 84
2917 7.205190 84
2918 7.532819 84
2919 7.432818 84
2920 1.363665 84
2921 4.363890 84
2922 4.856549 84
2923 1.560548 84
2924 3.894252 84
2925 4.033124 84
2926 3.666496 84
2927 2.719886 84
2928 7.185818 84
2929 7.077097 84
2930 7.408812 84
2931 0.889696 84
2932 2.647594 84
2933 2.602481 84
2934 2.337442 84
2935 1.055329 84
2936 2.890093 84
2937 2.197543 84
2938 8.589806 84
2939 9.501576 84
2940 9.150861 84
2941 9.727056 84
2942 7.868951 84
2943 9.604766 84
2944 2.136966 84
2945 5.309676 84
2946 5.000316 84
2947 5.388133 84
2948 4.033889 84
2949 5.286855 84
2950 1.962412 96
2951 3.731635 96
2952 4.390128 96
2953 1.474168 96
2954 3.802688 96
2955 1.544016 96
2956 3.764881 96
2957 3.514909 96
2958 1.709180 96
2959 3.882848 96
2960 4.096934 96
2961 3.665201 96
2962 2.148401 96
2963 5.554792 96
2964 5.511001 96
2965 2.438617 96
2966 6.888771 96
2967 6.770912 96
2968 6.458573 96
2969 25.869876 96
2970 30.034307 96
2971 1.690220 96
2972 0.551726 96
2973 4.176455 96
2974 3.576835 96
2975 3.134207 96
2976 8.833843 96
2977 7.580054 96
2978 2.389842 96
2979 5.362811 96
2980 5.008434 96
2981 1.039392 96
2982 2.492902 96
2983 1.860394 96
2984 4.412546 96
2985 1.709544 96
2986 3.763479 96
2987 4.500930 96
2988 2.310799 96
2989 5.117646 96
2990 1.340441 96
2991 2.485106 96
2992 5.365215 96
2993 3.528935 96
2994 10.919737 96
2995 2.160360 96
2996 6.216885 96
2997 2.238022 96
2998 6.481231 96
2999 0.000000 96
3000 0.022839 101
3001 0.000000 101
3002 0.000000 101
3003 0.000000 101
3004 0.000000 101
3005 0.000000 101
3006 0.000000 101
3007 0.000000 101
3008 42.433938 101
3009 298.734651 101
3010 110.656526 101
3011 528.628132 101
3012 168.841454 101
3013 481.906962 101
3014 210.538642 101
3015 256.665938 101
3016 361.628967 101
3017 520.810426 101
3018 109.334275 101
3019 131.623395 101
3020 67.991889 101
3021 256.016612 101
3022 1.263516 101
3023 2.486824 101
3024 2.664008 101
3025 2.172429 101
3026 6.750939 101
3027 0.000000 101
3028 0.000000 101
3029 0.000000 101
3030 1.219841 101
3031 2.517539 101
3032 1.951042 101
3033 4.977540 101
3034 2.655061 101
3035 6.793890 101
3036 65.220983 101
3037 77.659715 101
3038 82.072352 101
3039 4.057409 101
3040 9.757736 101
3041 2.639500 101
3042 6.404283 101
3043 2.284825 101
3044 9.530041 101
3045 2.893316 101
3046 8.478748 101
3047 7.928212 101
3048 2.637816 101
3049 7.670923 101
3050 2.161115 91
3051 6.005177 91
3052 1.596339 91
3053 4.570065 91
3054 3.169100 91
3055 2.460880 91
3056 6.149587 91
3057 0.520313 91
3058 1.616967 91
3059 1.546406 91
3060 1.661851 91
3061 3.311438 91
3062 0.000000 91
3063 0.000000 91
3064 0.000000 91
3065 0.000000 91
3066 0.000000 91
3067 2.513713 91
3068 8.830729 91
3069 3.730568 91
3070 2.584596 91
3071 4.041043 91
3072 4.445644 91
3073 4.054840 91
3074 4.456785 91
3075 4.106166 91
3076 4.147902 91
3077 4.158468 91
3078 4.067712 91
3079 4.202155 91
3080 4.039312 91
3081 4.245492 91
3082 4.296501 91
3083 4.156101 91
3084 4.359808 91
3085 4.339445 91
3086 4.227794 91
3087 7.241139 91
3088 6.506559 91
3089 13.061114 90
3090 95.095721 91
3091 16.613139 91
3092 6.211020 91
3093 5.948167 91
3094 9.123037 91
3095 10.757291 91
3096 7.288801 91
3097 0.695696 91
3098 0.897933 91
3099 0.953242 91
3100 0.268786 97
3101 0.784338 97
3102 0.827817 97
3103 0.847027 97
3104 0.798653 97
3105 0.843772 97
3106 0.852140 97
3107 0.903268 97
3108 0.740199 97
3109 2.302153 97
3110 1.835681 97
3111 25.130911 97
3112 1.511389 97
3113 430.029879 97
3114 17.833809 97
3115 2.254058 97
3116 3.286866 97
3117 5.948721 97
3118 4.404598 97
3119 4.675155 97
3120 41.466607 97
3121 1.448760 97
3122 4.320104 97
3123 3.471167 97
3124 1.256715 97
3125 1.031398 97
3126 3.372676 97
3127 4.362321 97
3128 3.059629 97
3129 3.544548 97
3130 3.377780 97
3131 3.575893 97
3132 1.163214 97
3133 4.395614 97
3134 7.289197 97
3135 7.513578 97
3136 6.866069 97
3137 7.516273 97
3138 7.003918 97
3139 4.245638 97
3140 7.541112 97
3141 6.925701 97
3142 10.982856 97
3143 10.199332 97
3144 10.654520 97
3145 12.992919 97
3146 6.343682 97
3147 2.591797 97
3148 3.738264 97
3149 3.733039 97
3150 2.875284 103
3151 5.627839 103
3152 2.984754 103
3153 5.888916 103
3154 26.485905 103
3155 7.486780 103
3156 4.405904 103
3157 29.754154 103
3158 8.811305 103
3159 8.716718 103
3160 4.872016 103
3161 3.212175 103
3162 5.152583 103
3163 304.208072 103
3164 12.343098 103
3165 15.889828 103
3166 3.992824 103
3167 2.894420 103
3168 4.877544 103
3169 5.168407 103
3170 5.054616 103
3171 9.933906 103
3172 8.763019 103
3173 10.737823 103
3174 5.912007 103
3175 5.044183 103
3176 5.939218 103
3177 12.090445 103
3178 5.089685 103
3179 5.593612 103
3180 7.087749 103
3181 7.463346 103
3182 7.303342 103
3183 6.725892 103
3184 6.865853 103
3185 5.244512 103
3186 0.000000 103
3187 0.000000 103
3188 0.000000 103
3189 0.000000 103
3190 0.000000 103
3191 0.000000 103
3192 2.832656 103
3193 88.719672 103
3194 8.119727 103
3195 6.401854 103
3196 2.528110 103
3197 5.096004 103
3198 5.088967 103
3199 3.668597 103
3200 2.740234 108
3201 6.156038 108
3202 14.485466 108
3203 15.082077 108
3204 15.026276 108
3205 13.461447 108
3206 3.751101 108
3207 12.356387 107
3208 3.590113 108
3209 9.885786 108
3210 1.523652 108
3211 112.655430 108
3212 2.123417 108
3213 2.582331 108
3214 18.086569 108
3215 2.963281 108
3216 6.467659 108
3217 9.789145 108
3218 11.621390 108
3219 12.525808 106
3220 16.268426 108
3221 12.447191 108
3222 4.708340 108
3223 10.133452 108
3224 10.043710 108
3225 9.850822 108
3226 1.529741 108
3227 1.987282 108
3228 2.195726 108
3229 4.256479 108
3230 1.810660 108
3231 1.750703 108
3232 3.277649 108
3233 5.824352 108
3234 52.911400 108
3235 2.389702 108
3236 2.437463 108
3237 1.350321 108
3238 3.591650 108
3239 3.028852 108
3240 2.110833 108
3241 5.740584 108
3242 8.682591 108
3243 5.428556 108
3244 1.955688 108
3245 1.362691 108
3246 0.159532 108
3247 0.206880 108
3248 0.244016 108
3249 5.759225 108
3250 1.539740 107
3251 3.459619 107
3252 3.636855 107
3253 3.520275 107
3254 2.219786 107
3255 3.792799 107
3256 0.341114 107
3257 0.626564 107
3258 0.683489 107
3259 0.598509 107
3260 0.678434 107
3261 0.591952 107
3262 0.569566 107
3263 0.812135 107
3264 0.000000 107
3265 5.201199 107
3266 2.027485 107
3267 3.670680 107
3268 4.669487 107
3269 3.811530 107
3270 3.734741 107
3271 4.650653 107
3272 0.737875 107
3273 9.174902 107
3274 5.657321 107
3275 26.281467 107
3276 1.970870 107
3277 2.948582 107
3278 3.628907 107
3279 9.578091 107
3280 2.603762 107
3281 2.230717 107
3282 37.481193 107
3283 4.858125 107
3284 5.052609 107
3285 1.511615 107
3286 3.495896 107
3287 3.797583 107
3288 4.981696 107
3289 5.177313 107
3290 1.342855 107
3291 4.439175 107
3292 2.678191 107
3293 4.175064 107
3294 2.527821 107
3295 38.674320 107
3296 3.739964 107
3297 1.558056 107
3298 14.396681 107
3299 2.090249 107
3300 2.086924 117
3301 0.971409 117
3302 92.166900 117
3303 168.141247 117
3304 185.264979 117
3305 176.216619 117
3306 0.220345 117
3307 0.179392 117
3308 0.257934 117
3309 0.308456 117
3310 0.312502 117
3311 3.579072 117
3312 4.698053 117
3313 5.017055 117
3314 4.391273 117
3315 7.141291 117
3316 8.253229 117
3317 65.229198 117
3318 37.553368 117
3319 61.748969 117
3320 64.378907 117
3321 70.891691 117
3322 3.606834 117
3323 4.143608 117
3324 6.892939 117
3325 11.505899 117
3326 5.538348 117
3327 1.516399 117
3328 2.432999 117
3329 37.783908 117
3330 3.485038 117
3331 41.852560 117
3332 3.060522 117
3333 3.118773 117
3334 8.325654 117
3335 0.163283 117
3336 6.892396 117
3337 3.773217 117
3338 6.378035 117
3339 2.407029 117
3340 16.394897 117
3341 1.077670 117
3342 0.711748 117
3343 3.964632 117
3344 4.201778 117
3345 3.281775 117
3346 8.855666 117
3347 8.203332 117
3348 3.918999 117
3349 1.402784 117
3350 4.341349 82
3351 1.067140 82
3352 1.557997 82
3353 1.992289 82
3354 2.186974 82
3355 6.224637 82
3356 8.081138 82
3357 17.702132 82
3358 19.300397 82
3359 4.025567 82
3360 1.529683 82
3361 5.810438 82
3362 1.348905 82
3363 5.156135 82
3364 11.556142 82
3365 11.955628 82
3366 11.946670 82
3367 6.777709 82
3368 5.031302 82
3369 207.258500 82
3370 2.118484 82
3371 2.400578 82
3372 6.742845 82
3373 5.227639 82
3374 1.509576 82
3375 3.577004 82
3376 6.742511 82
3377 4.131533 82
3378 2.343199 82
3379 6.488808 82
3380 5.090332 82
3381 1.534182 82
3382 3.252653 82
3383 3.874784 82
3384 2.496974 82
3385 5.341690 82
3386 6.492252 82
3387 0.667024 82
3388 0.972109 82
3389 3.230973 82
3390 3.211842 82
3391 64.734415 82
3392 175.666232 82
3393 184.967311 82
3394 9.176669 82
3395 11.341335 82
3396 16.952620 82
3397 16.404061 82
3398 0.000000 82
3399 2.554130 82
3400 3.349268 93
3401 2.488655 93
3402 1.871846 93
3403 8.089038 93
3404 2.279617 93
3405 6.389348 93
3406 5.438187 93
3407 1.432434 93
3408 1.244058 93
3409 2.184942 93
3410 6.111090 93
3411 4.739648 93
3412 3.443767 93
3413 2.380536 93
3414 5.424040 93
3415 6.241864 93
3416 4.189456 93
3417 2.589878 93
3418 6.253027 93
3419 5.219083 93
3420 2.333236 93
3421 6.369169 93
3422 5.346488 93
3423 24.140965 93
3424 52.936305 93
3425 49.498561 93
3426 4.238056 93
3427 4.563718 93
3428 3.344309 93
3429 3.533324 93
3430 2.425135 93
3431 5.339199 93
3432 6.441333 93
3433 2.407329 93
3434 6.774362 93
3435 5.438508 93
3436 2.510691 93
3437 6.638415 93
3438 5.417757 93
3439 1.715603 93
3440 4.801917 93
3441 2.284897 93
3442 5.427487 93
3443 5.743691 93
3444 31.397081 93
3445 19.144613 93
3446 4.889746 93
3447 36.997688 93
3448 28.277585 93
3449 15.937452 93
3450 33.125468 113
3451 3.097537 113
3452 6.941156 113
3453 12.965410 113
3454 11.214467 113
3455 3.165679 113
3456 6.327603 113
3457 6.999484 113
3458 2.025230 113
3459 2.310185 113
3460 6.053578 113
3461 0.985759 113
3462 1.528406 113
3463 1.640997 113
3464 0.668778 113
3465 1.813004 113
3466 1.787249 113
3467 2.168072 113
3468 2.027942 113
3469 5.838526 113
3470 13.008180 113
3471 3.807458 113
3472 0.000000 113
3473 0.000000 113
3474 2.474559 113
3475 2.490915 113
3476 5.330138 113
3477 6.387995 113
3478 0.422963 113
3479 0.596186 113
3480 7.032169 113
3481 17.191981 113
3482 14.209168 113
3483 2.382801 113
3484 5.210530 113
3485 6.301067 113
3486 12.308525 113
3487 2.030964 113
3488 2.461433 113
3489 2.739027 113
3490 5.124824 113
3491 14.861511 113
3492 2.524751 113
3493 6.500598 113
3494 5.152499 113
3495 2.668999 113
3496 6.355464 113
3497 5.286469 113
3498 2.681630 113
3499 6.962343 113
3500 2.077770 94
3501 2.053981 94
3502 6.596004 94
3503 5.368593 94
3504 2.352444 94
3505 5.137193 94
3506 6.646639 94
3507 2.499954 94
3508 5.584085 94
3509 6.321917 94
3510 2.431593 94
3511 6.544943 94
3512 5.353923 94
3513 18.455222 94
3514 21.549526 94
3515 21.194951 94
3516 3.282330 94
3517 2.514605 94
3518 6.657144 94
3519 5.559192 94
3520 325.761331 94
3521 2.648207 94
3522 5.497274 94
3523 6.802503 94
3524 2.698963 94
3525 7.328808 94
3526 5.484372 94
3527 0.814324 94
3528 1.137185 94
3529 1.647503 94
3530 1.437516 94
3531 2.722011 94
3532 5.667067 94
3533 7.295338 94
3534 16.173520 94
3535 2.430409 94
3536 5.621322 94
3537 7.151257 94
3538 6.580353 94
3539 1.235102 94
3540 1.588052 94
3541 7.494398 94
3542 1.876820 94
3543 1.723247 94
3544 2.893809 94
3545 1.946052 94
3546 4.866161 94
3547 4.011215 94
3548 3.436267 94
3549 2.085365 94
3550 1.613575 104
3551 2.711807 104
3552 2.249705 104
3553 2.557216 104
3554 28.919246 104
3555 3.693245 104
3556 4.985959 104
3557 26.836298 104
3558 1.733658 104
3559 1.956687 104
3560 13.200507 104
3561 150.335492 104
3562 1.565199 104
3563 4.265010 104
3564 9.392470 104
3565 1.529254 104
3566 0.243812 104
3567 5.001704 104
3568 1.412317 104
3569 4.366258 104
3570 2.076031 104
3571 4.400928 104
3572 1.914498 104
3573 0.589084 104
3574 1.187683 104
3575 3.609765 104
3576 4.182278 104
3577 1.739937 104
3578 9.059505 104
3579 130.485223 104
3580 1.875060 104
3581 12.802638 104
3582 0.601261 104
3583 0.913301 104
3584 3.088540 104
3585 16.976953 104
3586 33.041412 104
3587 3.308832 104
3588 4.904786 104
3589 1.419617 104
3590 2.014435 104
3591 0.852371 104
3592 11.106829 104
3593 32.211986 104
3594 1.932396 104
3595 7.251150 104
3596 1.758779 104
3597 4.883711 104
3598 1.384599 104
3599 4.159022 104
3600 5.795658 93
3601 17.807874 93
3602 2.136913 93
3603 3.278387 93
3604 1.394931 93
3605 1.173821 93
3606 0.832699 93
3607 1.979971 93
3608 9.247534 93
3609 1.183990 93
3610 5.935882 93
3611 0.000000 93
3612 1.391100 93
3613 1.531174 93
3614 2.076231 93
3615 7.313851 93
3616 5.300280 93
3617 10.319009 93
3618 1.252678 93
3619 3.274232 93
3620 20.183274 93
3621 2.178956 93
3622 19.714468 93
3623 2.940339 93
3624 18.841771 93
3625 3.328491 93
3626 2.301391 93
3627 2.509875 93
3628 1.477745 93
3629 1.434982 93
3630 12.501885 93
3631 5.279778 93
3632 1.423459 93
3633 1.630274 93
3634 4.179923 93
3635 6.087969 93
3636 0.765097 93
3637 2.085529 93
3638 83.770748 93
3639 2.899974 93
3640 14.809919 93
3641 4.030233 93
3642 5.204966 93
3643 3.046843 93
3644 0.282601 93
3645 2.755820 93
3646 1.346932 93
3647 50.913015 93
3648 0.015135 93
3649 3.285907 93
3650 3.522456 112
3651 4.262684 112
3652 1.033292 112
3653 2.505561 112
3654 0.758513 112
3655 0.518802 112
3656 2.252771 112
3657 0.000000 112
3658 2.400372 112
3659 14.509540 112
3660 42.237061 112
3661 3.956094 112
3662 14.541935 112
3663 4.145172 112
3664 1.928864 112
3665 2.201590 112
3666 11.800888 112
3667 7.568390 112
3668 11.120487 112
3669 2.177396 112
3670 24.916486 112
3671 5.083874 112
3672 0.787168 112
3673 3.493770 112
3674 2.025208 112
3675 3.017760 112
3676 31.696329 112
3677 89.166174 112
3678 0.026442 112
3679 1.395517 112
3680 1.738816 112
3681 2.300370 112
3682 2.727956 112
3683 2.064405 112
3684 0.000000 112
3685 1.508194 112
3686 0.858024 112
3687 19.569006 112
3688 2.169778 112
3689 0.218988 112
3690 2.711628 112
3691 223.500023 112
3692 0.761565 112
3693 3.045340 112
3694 2.357648 112
3695 19.000772 112
3696 1.584479 112
3697 6.304314 112
3698 2.153905 112
3699 0.629111 112
3700 0.797509 100
3701 2.104331 100
3702 6.973762 100
3703 2.293381 100
3704 2.513568 100
3705 1.894662 100
3706 0.908357 100
3707 7.059322 100
3708 0.382084 100
3709 2.955429 100
3710 3.569776 100
3711 0.109790 100
3712 7.316153 100
3713 1.603306 100
3714 3.393817 100
3715 3.621950 100
3716 1.789618 100
3717 1.454586 100
3718 1.810532 100
3719 2.186077 100
3720 0.014866 100
3721 2.251714 100
3722 9.507712 100
3723 0.669623 100
3724 2.128281 100
3725 2.157091 100
3726 2.542477 100
3727 2.049529 100
3728 1.832027 100
3729 0.000000 100
3730 2.243432 100
3731 6.197609 100
3732 12.494306 100
3733 2.346051 100
3734 2.394817 100
3735 17.294317 100
3736 2.382377 100
3737 1.159424 100
3738 94.810393 100
3739 1.813861 100
3740 2.706793 100
3741 2.981732 100
3742 2.671188 100
3743 2.427210 100
3744 19.015574 100
3745 7.215905 100
3746 1.261028 100
3747 2.805120 100
3748 1.814877 100
3749 0.000000 100
3750 6.693692 110
3751 1.820593 110
3752 5.906100 110
3753 0.657774 110
3754 1.728175 110
3755 1.339587 110
3756 12.973908 110
3757 2.366183 110
3758 2.609750 110
3759 1.400390 110
3760 1.093956 110
3761 1.999857 110
3762 0.200661 110
3763 1.534454 110
3764 2.101201 110
3765 2.557866 110
3766 0.833957 110
3767 0.000000 110
3768 17.434644 110
3769 1.714513 110
3770 3.070661 110
3771 1.225496 110
3772 1.972724 110
3773 4.587340 110
3774 5.921273 110
3775 1.637561 110
3776 0.042858 110
3777 2.649420 110
3778 359.447237 110
3779 2.926228 110
3780 2.408712 110
3781 19.902151 110
3782 94.603630 110
3783 36.300790 110
3784 1.850687 110
3785 2.503008 110
3786 0.000000 110
3787 2.480231 110
3788 1.493821 110
3789 14.660214 110
3790 3.205260 110
3791 3.321737 110
3792 2.811607 110
3793 2.762394 110
3794 2.476802 110
3795 4.394732 110
3796 1.060062 110
3797 2.794668 110
3798 3.281535 110
3799 3.095201 110
3800 1.136711 107
3801 2.444977 107
3802 0.079295 107
3803 3.607442 107
3804 2.122540 107
3805 3.246324 107
3806 2.292447 107
3807 1.243284 107
3808 3.321028 107
3809 7.949696 107
3810 1.472830 107
3811 1.939788 107
3812 1.726442 107
3813 0.516036 107
3814 5.580675 107
3815 2.907541 107
3816 1.924004 107
3817 1.363784 107
3818 2.180640 107
3819 2.183564 107
3820 5.693638 107
3821 0.044222 107
3822 5.803663 107
3823 2.360088 107
3824 14.116552 107
3825 15.853944 107
3826 0.500762 107
3827 3.423023 107
3828 1.419523 107
3829 1.198549 107
3830 20.472293 107
3831 2.534169 107
3832 19.224290 107
3833 1.527191 107
3834 3.279205 107
3835 2.246283 107
3836 3.593917 107
3837 37.136701 107
3838 56.771087 107
3839 3.247069 107
3840 0.000000 107
3841 2.591886 107
3842 37.462583 107
3843 3.911140 107
3844 1.391568 107
3845 1.796806 107
3846 1.872870 107
3847 12.150931 107
3848 1.600507 107
3849 0.971871 107
3850 1.927785 105
3851 4.325428 105
3852 1.377248 105
3853 1.773340 105
3854 1.623654 105
3855 1.926091 105
3856 1.413730 105
3857 2.114821 105
3858 0.000000 105
3859 4.187610 105
3860 3.472049 105
3861 3.941010 105
3862 1.230878 105
3863 1.652735 105
3864 2.235401 105
3865 33.980225 105
3866 0.599815 105
3867 4.686587 105
3868 2.489884 105
3869 2.015257 105
3870 2.829924 105
3871 1.747031 105
3872 1.082480 105
3873 1.543558 105
3874 2.011083 105
3875 1.989948 105
3876 1.304568 105
3877 4.081757 105
3878 2.880699 105
3879 2.681075 105
3880 2.078229 105
3881 1.936677 105
3882 7.005104 105
3883 2.577751 105
3884 3.027014 105
3885 0.833480 105
3886 0.525625 105
3887 3.208037 105
3888 46.148340 105
3889 16.341225 105
3890 5.479279 105
3891 7.318031 105
3892 2.698445 105
3893 2.362899 105
3894 1.399138 105
3895 6.397702 105
3896 10.937542 105
3897 3.546556 105
3898 1.644869 105
3899 2.859921 105
3900 86.017442 111
3901 1.511691 111
3902 3.300030 111
3903 2.133078 111
3904 1.605719 111
3905 1.526780 111
3906 0.000000 111
3907 1.085602 111
3908 2.629705 111
3909 0.269754 111
3910 2.415015 111
3911 1.576843 111
3912 0.862793 111
3913 2.549134 111
3914 2.454622 111
3915 2.301795 111
3916 1.894998 111
3917 2.009558 111
3918 0.978431 111
3919 1.195828 111
3920 1.913466 111
3921 0.984914 111
3922 0.869993 111
3923 2.126272 111
3924 5.793792 111
3925 1.456857 111
3926 28.254554 111
3927 12.498469 111
3928 1.536092 111
3929 45.738726 111
3930 1.584232 111
3931 3.587074 111
3932 0.937581 111
3933 1.415231 111
3934 2.633954 111
3935 2.149492 111
3936 2.511457 111
3937 2.345350 111
3938 1.111959 111
3939 13.357013 111
3940 0.048821 111
3941 3.573273 111
3942 1.805572 111
3943 0.961617 111
3944 2.369257 111
3945 37.130340 111
3946 1.840680 111
3947 2.392166 111
3948 2.068479 111
3949 14.965931 111
3950 0.952743 119
3951 2.077609 119
3952 6.488692 119
3953 0.505669 119
3954 1.603329 119
3955 48.185630 119
3956 52.023078 119
3957 1.609414 119
3958 1.631351 119
3959 9.327941 119
3960 0.000000 119
3961 1.571729 119
3962 1.544857 119
3963 5.167031 119
3964 5.554981 119
3965 15.087947 119
3966 2.643896 119
3967 13.079187 119
3968 0.891703 119
3969 0.448503 119
3970 15.779192 119
3971 2.850250 119
3972 2.269270 119
3973 0.000000 119
3974 3.577864 119
3975 1.870769 119
3976 1.954145 119
3977 0.873303 119
3978 2.723206 119
3979 1.669282 119
3980 0.000000 119
3981 4.210679 119
3982 3.334247 119
3983 3.410228 119
3984 2.104202 119
3985 1.111536 119
3986 0.066527 119
3987 1.570158 119
3988 5.333760 119
3989 0.804853 119
3990 3.346101 119
3991 0.514477 119
3992 11.512138 119
3993 0.580552 119
3994 0.501796 119
3995 0.707593 119
3996 0.768758 119
3997 0.670292 119
3998 1.700936 119
3999 1.060320 119
4000 0.217999 113
4001 0.459061 113
4002 2.844912 113
4003 1.592857 113
4004 2.892959 113
4005 1.895320 113
4006 8.500305 113
4007 4.789743 113
4008 0.634803 113
4009 1.984372 113
4010 0.672783 113
4011 1.409914 113
4012 2.654990 113
4013 5.109138 113
4014 4.071065 113
4015 0.363049 113
4016 0.508271 113
4017 1.183585 113
4018 1.113305 113
4019 0.470096 113
4020 2.917447 113
4021 1.530771 113
4022 3.210175 113
4023 3.769099 113
4024 1.423603 113
4025 3.265134 113
4026 1.947002 112
4027 30.539398 112
4028 1.584328 112
4029 1.778068 112
4030 1.691226 112
4031 320.535653 112
4032 115.585836 112
4033 39.810327 111
4034 5.687064 112
4035 35.793864 112
4036 2.156159 112
4037 1.330805 112
4038 8.881892 112
4039 0.832301 112
4040 0.000000 112
4041 3.168177 112
4042 0.802323 112
4043 1.968442 112
4044 0.818928 112
4045 9.079711 112
4046 23.700257 112
4047 1.817504 112
4048 1.562930 112
4049 1.790487 112
4050 3.025082 120
4051 1.413501 120
4052 0.589368 120
4053 2.388864 120
4054 0.857487 120
4055 1.593574 120
4056 1.677428 120
4057 1.124081 120
4058 0.010598 120
4059 0.546723 120
4060 139.379393 120
4061 1.769082 120
4062 1.530078 120
4063 1.578698 120
4064 1.242224 120
4065 2.863031 120
4066 25.933038 120
4067 0.312771 120
4068 7.698290 120
4069 2.533522 120
4070 0.564281 120
4071 1.071245 120
4072 0.852598 120
4073 1.299084 120
4074 1.017389 120
4075 3.208339 120
4076 7.901678 120
4077 2.632470 120
4078 0.489087 120
4079 0.667361 120
4080 2.241654 120
4081 2.822685 120
4082 2.334601 120
4083 3.223818 120
4084 7.913749 120
4085 0.711261 120
4086 4.143995 120
4087 0.765659 120
4088 3.398291 120
4089 3.378117 120
4090 3.298859 120
4091 4.184597 120
4092 13.390369 120
4093 0.117576 120
4094 8.513413 120
4095 3.576244 120
4096 3.711802 120
4097 2.406389 120
4098 1.925895 120
4099 3.563301 120
4100 2.879602 114
4101 0.867117 114
4102 1.694827 114
4103 2.133620 114
4104 1.980494 114
4105 3.568850 114
4106 26.982137 114
4107 0.002797 114
4108 3.144806 114
4109 1.188955 114
4110 0.289623 114
4111 14.304494 114
4112 107.438415 114
4113 1.886168 114
4114 2.168134 114
4115 3.170644 114
4116 6.367884 114
4117 10.902136 114
4118 4.806044 114
4119 22.721556 114
4120 3.821837 114
4121 0.000000 114
4122 7.860035 114
4123 2.330060 114
4124 2.628726 114
4125 6.117513 114
4126 7.961894 114
4127 2.905724 114
4128 1.818185 114
4129 6.178182 114
4130 3.380279 114
4131 4.320570 114
4132 0.699600 114
4133 1.796037 114
4134 0.000000 114
4135 0.000000 114
4136 3.375312 114
4137 2.709541 114
4138 3.900496 114
4139 3.621724 114
4140 3.194779 114
4141 8.161896 114
4142 7.107558 114
4143 3.525020 114
4144 1.095006 114
4145 2.759955 114
4146 3.086339 114
4147 1.768742 114
4148 2.738812 114
4149 7.111431 114
4150 0.971895 112
4151 5.257060 112
4152 1.526925 112
4153 1.099561 112
4154 6.045644 112
4155 4.588334 112
4156 3.288662 112
4157 1.884825 112
4158 3.514995 112
4159 9.564844 112
4160 1.800100 112
4161 34.339784 112
4162 15.598560 112
4163 11.505385 112
4164 3.275172 112
4165 0.000000 112
4166 11.743875 112
4167 5.231309 112
4168 2.699269 112
4169 0.876614 112
4170 2.400768 112
4171 2.001354 112
4172 5.968078 112
4173 14.045452 112
4174 2.751637 112
4175 3.438838 112
4176 11.767491 112
4177 1.034549 112
4178 1.611041 112
4179 2.934257 112
4180 2.754651 112
4181 4.225179 112
4182 4.135728 112
4183 45.289103 112
4184 11.562783 112
4185 5.446366 112
4186 2.513763 112
4187 3.304710 112
4188 8.642101 112
4189 0.738994 112
4190 6.709138 112
4191 15.398633 112
4192 1.786946 112
4193 2.515431 112
4194 1.113420 112
4195 3.445793 112
4196 0.547182 112
4197 6.101857 112
4198 2.666518 112
4199 2.960065 112
4200 1.357935 117
4201 3.067572 117
4202 2.102298 117
4203 4.870651 117
4204 9.708842 117
4205 5.692207 117
4206 5.293351 117
4207 4.687322 117
4208 6.278741 117
4209 8.759155 117
4210 1.400231 117
4211 4.995346 117
4212 4.132666 117
4213 1.440895 117
4214 4.800874 117
4215 10.736308 117
4216 5.582954 117
4217 1.277582 117
4218 3.356168 117
4219 9.537292 117
4220 1.259091 117
4221 2.152966 117
4222 111.552655 117
4223 0.000000 117
4224 2.437501 117
4225 1.785282 117
4226 1.430144 117
4227 4.424695 117
4228 4.249938 117
4229 2.173753 117
4230 3.415385 117
4231 4.606615 117
4232 1.817713 117
4233 1.674118 117
4234 1.967102 117
4235 2.746653 117
4236 0.742949 117
4237 0.668859 117
4238 1.784061 117
4239 1.641562 117
4240 3.275532 117
4241 3.400169 117
4242 1.486848 117
4243 3.673352 117
4244 3.530178 117
4245 3.738701 117
4246 1.556708 117
4247 0.601397 117
4248 1.003042 117
4249 0.834343 117
4250 0.141702 101
4251 0.236134 101
4252 1.434399 101
4253 1.721144 101
4254 1.801672 101
4255 1.267593 101
4256 1.776526 101
4257 2.682668 101
4258 1.232759 101
4259 2.171903 101
4260 2.564836 101
4261 3.359496 101
4262 2.522117 101
4263 2.116253 101
4264 3.710117 101
4265 2.535737 101
4266 4.565774 101
4267 2.423069 101
4268 3.716747 101
4269 5.402318 101
4270 6.872482 101
4271 7.347460 101
4272 7.952967 101
4273 9.435661 101
4274 0.018344 101
4275 4.600529 101
4276 0.000000 101
4277 4.703464 101
4278 0.130350 101
4279 1.153484 101
4280 3.110987 101
4281 2.936525 101
4282 0.389985 101
4283 2.610747 101
4284 1.249645 101
4285 16.255838 101
4286 1.226865 101
4287 3.773931 101
4288 0.479719 101
4289 11.538930 101
4290 5.778080 101
4291 13.208875 101
4292 12.434166 101
4293 12.950205 101
4294 13.045830 101
4295 13.235923 101
4296 13.037580 101
4297 13.046855 101
4298 0.000000 101
4299 12.365589 101
4300 2.801307 104
4301 7.566577 104
4302 8.718445 104
4303 7.779874 104
4304 7.712151 104
4305 7.402088 104
4306 0.951863 104
4307 3.025880 104
4308 9.580852 104
4309 9.212978 104
4310 3.790464 104
4311 3.372339 104
4312 6.001742 104
4313 6.006645 104
4314 5.698741 104
4315 5.959149 104
4316 6.482732 104
4317 4.504121 104
4318 36.321082 104
4319 1.401186 104
4320 1.571558 104
4321 2.266733 104
4322 2.859741 104
4323 2.464949 104
4324 2.409500 104
4325 0.979342 104
4326 12.632248 104
4327 2.808024 104
4328 7.013235 104
4329 0.730653 104
4330 12.299676 104
4331 1.139366 104
4332 1.656497 104
4333 1.135102 104
4334 3.425978 104
4335 1.368631 104
4336 0.548975 104
4337 0.979920 104
4338 1.260299 104
4339 3.325029 104
4340 2.095069 104
4341 1.317821 104
4342 1.884907 104
4343 1.089230 104
4344 0.000000 104
4345 0.000000 104
4346 0.000000 104
4347 0.000000 104
4348 0.000000 104
4349 0.000000 104
4350 0.000000 104
4351 1.622497 104
4352 0.533321 104
4353 1.910173 104
4354 2.384681 104
4355 1.584328 104
4356 2.671642 104
4357 1.838286 104
4358 1.147915 104
4359 1.001674 104
4360 0.000000 104
4361 0.000000 104
4362 0.000000 104
4363 0.000000 104
4364 0.000000 104
4365 0.000000 104
4366 0.000000 104
4367 0.000000 104
4368 0.000000 104
4369 0.000000 104
4370 0.000000 104
4371 0.000000 104
4372 0.000000 104
4373 0.000000 104
4374 0.000000 104
4375 0.000000 104
4376 0.000000 104
4377 0.000000 104
4378 0.000000 104
4379 4.132372 104
4380 6.956007 104
4381 17.351352 104
4382 8.361052 104
4383 15.756935 104
4384 5.811873 104
4385 5.505279 104
4386 8.473133 104
4387 6.287180 104
4388 292.163372 104
4389 2.464417 104
4390 3.732622 104
4391 10.506692 104
4392 65.766770 104
4393 8.635023 104
4394 2.905917 104
4395 5.982968 104
4396 4.937631 104
4397 7.189522 104
4398 6.276129 104
4399 5.751924 104
4400 2.253548 87
4401 4.953214 87
4402 5.628051 87
4403 6.884942 87
4404 5.626047 87
4405 5.730939 87
4406 3.268287 87
4407 3.669803 87
4408 3.341796 87
4409 4.203791 87
4410 3.417199 87
4411 2.749698 87
4412 3.438635 87
4413 1.988319 87
4414 21.829134 87
4415 4.348921 87
4416 91.527415 87
4417 0.702837 87
4418 17.060261 87
4419 39.203067 87
4420 2.947209 87
4421 0.668677 87
4422 24.406270 87
4423 17.432159 87
4424 1.759492 87
4425 0.799953 87
4426 15.533457 87
4427 32.290486 87
4428 1.868759 87
4429 6.425595 87
4430 2.075727 87
4431 1.884731 87
4432 36.704113 87
4433 8.942843 87
4434 1.900780 87
4435 47.699110 87
4436 2.412040 87
4437 1.705048 87
4438 39.612049 87
4439 38.364344 87
4440 3.060407 87
4441 1.517968 87
4442 37.417033 87
4443 3.839409 87
4444 53.718795 87
4445 0.924937 87
4446 11.936146 87
4447 1.984780 87
4448 39.728332 87
4449 1.093213 87
4450 7.297304 101
4451 49.039266 101
4452 2.945728 101
4453 1.454071 101
4454 0.873715 101
4455 1.766907 101
4456 1.712908 101
4457 4.897734 101
4458 2.334030 101
4459 5.402521 101
4460 3.510000 101
4461 9.893037 101
4462 2.767736 101
4463 5.051022 101
4464 1.317591 101
4465 3.228574 101
4466 3.001572 101
4467 2.124252 101
4468 2.812594 101
4469 6.240454 101
4470 1.416077 101
4471 2.675973 101
4472 4.623426 101
4473 18.103977 101
4474 40.113325 101
4475 2.717314 101
4476 5.862517 101
4477 12.616444 101
4478 1.642552 101
4479 1.667684 101
4480 6.702542 101
4481 1.365943 101
4482 1.371426 101
4483 0.002226 101
4484 1.960559 101
4485 2.481825 101
4486 2.811865 101
4487 4.047827 101
4488 3.226817 101
4489 1.922317 101
4490 3.534333 101
4491 4.112350 101
4492 17.202438 101
4493 3.763106 101
4494 3.168132 101
4495 0.442297 101
4496 5.623743 101
4497 3.514835 101
4498 3.810156 101
4499 16.232143 101
