0 1.871288 118
1 1.228322 118
2 1.015703 118
3 0.803788 118
4 0.830720 118
5 19.117576 118
6 1.812627 118
7 1.717095 116
8 1.692890 118
9 1.000610 118
10 1.742966 118
11 1.224525 118
12 5.694331 118
13 2.330720 118
14 5.587237 118
15 1.670237 118
16 1.749661 118
17 1.841780 118
18 1.891542 118
19 0.546479 117
20 0.484239 117
21 1.785619 118
22 0.592803 117
23 1.896568 118
24 0.916863 117
25 1.474780 118
26 2.126102 118
27 2.363237 118
28 1.725441 118
29 3.698508 118
30 1.275701 117
31 2.631500 118
32 1.606424 118
33 1.619042 118
34 0.969436 117
35 1.168568 118
36 1.125778 117
37 1.479712 118
38 0.526060 117
39 0.514838 117
40 0.402778 117
41 1.396941 118
42 1.887763 118
43 1.308805 118
44 0.481534 118
45 1.354076 118
46 0.456907 118
47 0.564407 118
48 0.238847 118
49 1.334314 118
50 1.345496 117
51 2.111949 117
52 1.451557 115
53 1.597162 117
54 2.340586 116
55 2.533299 117
56 1.316609 115
57 1.692615 117
58 2.291897 117
59 1.556368 117
60 9.741419 117
61 2.377504 117
62 1.721094 117
63 1.696709 117
64 1.629880 117
65 1.511427 117
66 1.561701 117
67 2.360812 117
68 2.558556 117
69 1.277436 117
70 0.383819 116
71 0.471862 116
72 0.321819 116
73 1.696923 117
74 1.191513 117
75 0.780784 116
76 0.481569 116
77 0.459509 116
78 0.500319 116
79 0.583009 116
80 0.464216 116
81 0.408248 117
82 1.246752 117
83 1.277974 117
84 0.453293 116
85 1.320359 117
86 0.441776 116
87 0.460888 116
88 0.473379 116
89 6.011325 117
90 1.211179 117
91 20.000000 117
92 1.072991 117
93 0.686017 117
94 0.780496 117
95 0.795103 117
96 2.042188 117
97 0.673692 117
98 0.211735 117
99 0.235274 117
100 0.713632 95
101 0.380705 95
102 0.331137 95
103 0.332547 95
104 1.266495 95
105 0.420221 95
106 0.360242 95
107 1.108758 95
108 0.393853 95
109 1.756747 95
110 1.180747 95
111 2.108989 95
112 4.351232 95
113 1.034168 95
114 0.407189 95
115 0.393042 95
116 1.336611 95
117 1.093705 95
118 0.389295 95
119 0.408674 95
120 1.990642 95
121 1.292832 95
122 4.240474 95
123 1.251042 95
124 1.297642 95
125 1.220611 95
126 1.396632 95
127 1.201116 95
128 1.101105 95
129 1.989495 95
130 1.348063 95
131 1.207042 95
132 1.216326 95
133 1.897379 95
134 0.442674 95
135 0.479411 95
136 1.679147 95
137 1.844884 95
138 0.394368 95
139 0.408221 95
140 1.030011 95
141 1.630316 95
142 0.464137 95
143 1.173074 95
144 1.115695 95
145 1.350147 95
146 2.253789 95
147 1.326884 95
148 1.708242 95
149 1.820389 95
150 1.079524 105
151 0.631524 105
152 1.962667 105
153 2.189410 105
154 1.718286 105
155 1.307124 105
156 2.768410 105
157 1.443162 105
158 1.624952 105
159 1.524200 105
160 14.126257 105
161 1.724533 105
162 2.741848 105
163 2.433990 105
164 1.589448 105
165 0.381800 105
166 0.363875 104
167 1.016838 105
168 0.350248 105
169 19.999962 105
170 19.999644 104
171 2.835467 105
172 16.120181 105
173 13.585762 105
174 12.606423 104
175 11.485808 104
176 10.333769 104
177 9.203250 104
178 8.355876 105
179 13.780077 104
180 7.262462 104
181 5.937885 104
182 5.229260 104
183 4.567105 105
184 4.037433 104
185 2.763413 104
186 2.360385 104
187 10.965183 104
188 2.510558 104
189 0.752250 104
190 0.442452 104
191 9.496333 105
192 0.699788 104
193 0.253067 105
194 0.205519 104
195 9.653971 104
196 0.560740 104
197 0.209529 104
198 0.226673 104
199 0.195817 104
200 16.571120 100
201 14.303800 100
202 12.975540 100
203 12.257051 99
204 11.875040 99
205 11.640505 99
206 11.043384 99
207 10.639131 99
208 14.002434 99
209 9.714800 100
210 9.148390 100
211 8.123210 100
212 7.599576 99
213 6.753990 100
214 6.031152 99
215 5.226182 99
216 4.756340 100
217 3.408253 99
218 2.694626 99
219 1.540242 99
220 1.061212 99
221 0.690162 99
222 0.621576 99
223 0.333384 99
224 0.296525 99
225 0.425111 99
226 0.335530 100
227 9.327495 99
228 0.707798 99
229 0.297830 100
230 0.311556 99
231 9.563970 99
232 0.828390 100
233 0.526667 99
234 0.483798 99
235 0.302939 99
236 0.302070 100
237 0.287343 99
238 0.307120 100
239 0.291889 99
240 0.304232 99
241 0.296710 100
242 0.259929 99
243 0.465970 100
244 0.453270 100
245 0.523222 99
246 0.277949 99
247 9.404374 99
248 0.607180 100
249 0.450540 100
250 16.560171 105
251 14.211371 105
252 13.505162 105
253 15.406981 104
254 12.766648 105
255 11.558381 105
256 10.402114 105
257 9.383337 104
258 9.176240 104
259 9.172654 104
260 8.708457 105
261 7.225886 105
262 7.256606 104
263 6.819076 105
264 6.041848 105
265 5.106276 105
266 4.207942 104
267 3.052314 105
268 2.510779 104
269 2.135933 105
270 1.767077 104
271 9.843442 104
272 9.933865 104
273 9.934010 104
274 9.794638 105
275 9.811724 105
276 0.587423 104
277 0.312442 104
278 0.272865 104
279 8.560010 105
280 0.598838 105
281 0.412362 105
282 0.341886 105
283 0.266724 105
284 0.250276 105
285 0.281019 105
286 0.256558 104
287 0.301356 104
288 0.260279 104
289 0.254567 104
290 0.251250 104
291 8.510029 104
292 0.585390 105
293 0.444790 105
294 0.291486 105
295 0.305914 105
296 0.249462 104
297 0.480962 104
298 0.464429 105
299 0.444250 104
300 16.544933 105
301 14.384305 105
302 13.307581 105
303 13.185625 104
304 13.006721 104
305 11.850500 104
306 11.470404 104
307 10.996324 105
308 10.849962 104
309 9.768827 104
310 9.447648 105
311 8.408692 104
312 7.835760 104
313 7.062692 104
314 6.182644 104
315 5.710385 104
316 4.571423 104
317 3.988419 105
318 3.303337 104
319 2.141019 105
320 1.770510 104
321 0.944305 105
322 0.509740 104
323 0.283181 105
324 0.279394 104
325 0.464663 104
326 0.466192 104
327 0.324577 104
328 0.435837 104
329 0.507327 104
330 0.343324 105
331 0.262577 104
332 0.268490 104
333 0.513942 104
334 0.617438 105
335 0.582471 104
336 0.549548 104
337 0.458752 105
338 8.689305 105
339 0.829087 104
340 0.440144 104
341 0.479106 104
342 0.577467 105
343 0.494250 104
344 0.444433 104
345 0.384981 105
346 0.244183 104
347 0.232210 105
348 0.249125 104
349 0.258394 104
350 17.779919 111
351 15.230649 111
352 14.057315 111
353 13.555709 110
354 12.911901 111
355 15.165036 110
356 15.364709 110
357 15.463673 110
358 15.347291 110
359 10.372482 110
360 9.628836 110
361 8.641838 111
362 14.280655 110
363 7.214000 111
364 13.270883 111
365 5.696527 110
366 12.239568 111
367 12.267982 110
368 3.895459 111
369 2.226055 110
370 10.148364 110
371 10.384991 110
372 10.051327 110
373 0.718218 110
374 9.615800 110
375 0.822505 111
376 0.465791 110
377 0.255685 111
378 9.377118 110
379 9.971936 110
380 1.140209 110
381 0.864309 110
382 0.737218 110
383 9.353315 111
384 9.692018 111
385 1.021847 111
386 0.437423 111
387 0.296409 110
388 8.891055 110
389 8.908455 110
390 8.718555 110
391 8.610445 110
392 0.739082 110
393 0.452482 110
394 7.929218 110
395 7.922622 111
396 0.689291 110
397 7.435523 111
398 7.499782 110
399 7.129405 111
400 16.685010 104
401 14.365510 104
402 13.853779 104
403 13.336214 103
404 15.433379 103
405 15.475136 103
406 15.541699 103
407 15.459175 103
408 11.705835 103
409 15.249951 103
410 18.141068 103
411 19.615183 104
412 19.901971 102
413 19.999792 101
414 19.803951 102
415 19.611476 103
416 19.803765 102
417 19.999723 101
418 19.803735 102
419 19.611427 103
420 19.803814 102
421 19.803725 102
422 19.999802 101
423 19.803588 102
424 19.999782 101
425 19.803696 102
426 19.803765 102
427 19.611553 103
428 19.803804 102
429 19.999812 101
430 19.999871 101
431 19.804461 102
432 19.999861 101
433 19.999782 101
434 19.999812 101
435 19.999723 101
436 19.999861 101
437 18.972068 103
438 19.999851 101
439 19.999703 101
440 19.999861 101
441 12.791228 101
442 19.999792 101
443 19.803696 102
444 19.804010 102
445 7.240137 102
446 19.803706 102
447 6.957833 102
448 19.803696 102
449 4.953495 101
450 19.999963 109
451 10.934119 109
452 19.954431 109
453 19.816339 109
454 19.999860 107
455 19.814639 108
456 19.999897 107
457 19.999776 107
458 19.814704 108
459 19.148239 109
460 1.321128 109
461 1.042661 109
462 0.309926 108
463 0.721459 109
464 0.344972 108
465 1.430422 109
466 0.655927 109
467 0.575315 108
468 0.672798 109
469 0.465546 108
470 0.691676 108
471 0.609620 108
472 0.688796 108
473 0.720676 108
474 0.576981 108
475 0.772972 108
476 0.594546 108
477 0.587202 109
478 0.593083 108
479 0.573306 108
480 0.572657 108
481 0.585509 108
482 19.567679 109
483 0.829835 109
484 0.203101 109
485 0.232639 108
486 0.938725 109
487 0.226426 108
488 0.202380 108
489 0.941376 109
490 0.790651 109
491 0.233722 108
492 0.225898 108
493 1.094642 109
494 0.292193 109
495 0.350224 107
496 1.956596 109
497 0.255346 107
498 0.809615 109
499 1.253826 109
500 1.100422 116
501 1.510078 116
502 0.444026 115
503 2.211379 116
504 1.654250 116
505 0.786333 114
506 0.820791 115
507 0.680465 114
508 1.621897 116
509 0.556877 114
510 2.978767 116
511 1.448241 116
512 1.581216 116
513 5.922422 116
514 1.794517 116
515 1.198543 116
516 2.280345 116
517 1.763147 116
518 1.261724 116
519 1.534422 116
520 1.170802 116
521 1.170095 116
522 1.065086 116
523 1.596612 116
524 1.632353 116
525 1.389991 116
526 1.621698 116
527 1.720897 116
528 1.094819 116
529 1.259491 116
530 3.899336 116
531 3.017310 116
532 1.409871 116
533 0.423181 116
534 0.787078 116
535 0.448190 116
536 0.580724 116
537 0.447569 116
538 3.130655 116
539 1.011914 116
540 1.907388 116
541 0.869095 116
542 1.157810 116
543 3.052612 116
544 1.031228 114
545 0.883759 116
546 20.000000 116
547 1.381690 116
548 1.532853 116
549 0.996121 116
550 2.800543 105
551 3.827752 105
552 0.721657 105
553 0.536695 105
554 0.721171 105
555 0.584781 105
556 0.529105 105
557 0.618810 105
558 0.772981 105
559 1.588333 105
560 0.862038 105
561 0.819619 105
562 0.749324 105
563 0.613438 105
564 0.596229 105
565 0.937905 105
566 0.511152 105
567 7.855838 105
568 2.240867 105
569 3.309781 105
570 1.239520 102
571 2.555990 105
572 1.269029 103
573 1.194683 104
574 0.740146 103
575 0.766702 104
576 1.109699 103
577 0.989398 103
578 1.601733 105
579 1.364162 105
580 1.190114 105
581 1.425305 105
582 1.349676 105
583 1.543057 105
584 1.338086 105
585 1.446857 105
586 2.736067 105
587 2.684276 105
588 2.520962 105
589 1.205962 104
590 0.576320 103
591 2.142990 105
592 2.781152 105
593 3.117762 105
594 2.464667 105
595 2.400371 105
596 2.254190 105
597 2.068286 105
598 3.219324 105
599 2.642162 105
600 2.782895 114
601 2.317412 114
602 2.229439 114
603 3.534333 114
604 2.151018 114
605 2.410168 113
606 2.489885 113
607 2.012336 113
608 2.977482 114
609 2.871711 114
610 1.807561 114
611 3.842281 114
612 2.417179 112
613 2.159598 112
614 1.959491 114
615 2.359168 113
616 4.893614 114
617 3.427833 114
618 3.898754 114
619 0.820363 91
620 3.748439 114
621 2.985114 114
622 19.832982 114
623 19.829848 112
624 3.811895 114
625 3.288789 114
626 1.649044 114
627 1.006027 112
628 1.207277 112
629 1.337625 112
630 2.140395 114
631 1.735274 113
632 0.467027 113
633 0.440062 113
634 2.112202 114
635 1.795070 114
636 1.474518 114
637 2.277316 114
638 2.388711 114
639 3.604640 114
640 3.024132 114
641 4.987611 113
642 3.380158 114
643 3.188851 114
644 4.007105 114
645 2.871500 114
646 1.321018 114
647 1.162289 114
648 1.327518 114
649 2.083105 114
650 17.633890 109
651 2.960798 109
652 0.820804 107
653 2.005688 109
654 2.216817 109
655 4.836440 109
656 1.572250 108
657 3.190514 109
658 1.696229 109
659 9.583349 109
660 0.812713 108
661 2.183972 109
662 1.080102 108
663 1.605385 109
664 1.315789 109
665 3.558202 109
666 3.547073 109
667 2.891761 109
668 1.764542 107
669 1.834927 109
670 0.637546 108
671 2.052468 109
672 1.913954 109
673 1.331275 109
674 2.984413 109
675 3.061954 109
676 3.619211 109
677 1.951578 109
678 2.506486 109
679 3.180954 109
680 2.592183 109
681 5.245092 109
682 4.274275 109
683 18.328780 109
684 1.192972 109
685 2.089394 109
686 1.486807 109
687 3.045642 109
688 2.244312 109
689 1.934780 109
690 1.583284 109
691 2.889486 109
692 3.590193 109
693 3.610284 109
694 2.491642 109
695 1.876908 109
696 1.479211 109
697 14.368688 109
698 2.983101 109
699 1.474486 109
700 4.522286 98
701 4.066949 98
702 3.803378 98
703 2.855847 98
704 2.785561 98
705 5.204602 98
706 3.080918 98
707 3.277582 98
708 2.414531 98
709 2.572847 98
710 4.547602 98
711 3.193061 98
712 3.628439 98
713 2.250755 98
714 5.994327 98
715 2.155827 98
716 7.754786 98
717 2.815990 98
718 4.188235 98
719 2.206878 98
720 3.339786 98
721 3.382735 98
722 1.324500 98
723 1.199480 98
724 1.658449 98
725 3.154224 98
726 14.697163 98
727 17.078622 98
728 15.147520 98
729 15.017816 98
730 17.662429 98
731 18.448643 98
732 19.084276 98
733 19.344102 98
734 19.059378 98
735 19.355276 98
736 0.665469 98
737 1.673235 98
738 1.562327 98
739 0.656888 98
740 0.564663 98
741 0.843847 98
742 0.274235 98
743 0.304454 97
744 0.508724 98
745 0.680990 98
746 0.829755 98
747 0.232929 98
748 0.233102 98
749 0.567408 98
750 1.986070 100
751 1.729050 100
752 1.284560 100
753 0.441429 98
754 1.459010 100
755 2.272350 100
756 2.060080 100
757 4.894920 100
758 0.689333 99
759 1.050657 99
760 0.810390 100
761 1.063232 99
762 2.710580 100
763 0.452778 99
764 0.632620 100
765 1.671910 100
766 1.449434 99
767 0.470643 98
768 1.604040 100
769 1.439505 99
770 0.563758 99
771 2.797960 100
772 6.280828 99
773 4.164950 100
774 1.683090 100
775 1.272860 100
776 1.895190 100
777 1.456930 100
778 3.321440 100
779 1.614310 100
780 1.066780 100
781 1.192400 100
782 0.953790 100
783 1.355570 100
784 1.033060 100
785 0.996450 100
786 0.354380 100
787 1.082340 100
788 0.386690 100
789 1.333330 100
790 1.064390 100
791 2.025940 100
792 0.346550 100
793 1.131700 100
794 0.929460 100
795 0.979460 100
796 0.843130 100
797 0.939800 100
798 1.048610 100
799 12.281830 100
800 3.488912 114
801 1.252719 114
802 1.332360 114
803 18.083184 114
804 1.265259 112
805 1.737386 114
806 1.477717 113
807 1.340211 114
808 2.068070 114
809 1.527009 114
810 0.546124 113
811 1.493289 114
812 1.794482 114
813 0.388558 113
814 1.418640 114
815 1.577675 114
816 2.442509 114
817 10.525404 114
818 12.874281 114
819 14.609509 114
820 14.579289 114
821 13.214368 114
822 0.868991 114
823 1.002202 114
824 9.126254 114
825 0.888588 114
826 0.865460 113
827 0.819000 113
828 0.806292 113
829 0.926796 113
830 1.671168 113
831 2.359841 113
832 1.510743 113
833 0.895947 113
834 0.695097 113
835 0.784593 113
836 0.721434 113
837 0.703221 113
838 0.637389 113
839 0.559593 113
840 1.602965 113
841 3.627186 113
842 0.536779 113
843 0.452673 113
844 0.697690 113
845 0.571345 113
846 1.880540 113
847 0.500947 113
848 0.483000 113
849 0.568062 113
850 19.832718 110
851 1.391727 110
852 0.472991 108
853 1.388555 110
854 1.396700 110
855 0.393284 109
856 0.462065 108
857 1.193255 110
858 0.603486 109
859 0.329734 109
860 1.105445 110
861 1.014191 110
862 1.141209 110
863 1.741727 110
864 1.152609 110
865 1.256491 110
866 3.854418 110
867 17.524927 109
868 6.561391 110
869 7.399560 109
870 18.736119 109
871 9.172046 109
872 19.151817 109
873 10.891936 110
874 11.274780 109
875 10.617706 109
876 9.256309 110
877 7.945450 109
878 6.956028 109
879 5.832468 109
880 4.813165 109
881 4.240339 109
882 3.863091 110
883 3.675294 109
884 3.356624 109
885 3.058609 110
886 2.841028 109
887 2.781450 109
888 2.685573 110
889 2.561349 109
890 2.311028 109
891 2.160743 109
892 17.193582 110
893 18.684028 109
894 17.473477 109
895 1.459136 110
896 0.290991 109
897 0.228596 109
898 0.946391 110
899 0.191282 110
900 1.163010 105
901 3.026810 105
902 3.012105 105
903 1.501154 104
904 1.554692 104
905 1.565295 105
906 0.397524 103
907 0.334010 103
908 1.575552 105
909 0.480402 102
910 0.343098 102
911 1.519800 105
912 0.381311 103
913 0.431663 104
914 1.436010 105
915 0.391385 104
916 1.219790 105
917 19.999943 105
918 19.999769 104
919 19.999923 104
920 19.999718 103
921 19.999922 103
922 19.999767 103
923 19.999942 103
924 19.999670 103
925 19.999922 103
926 19.807365 104
927 19.807587 104
928 19.999718 103
929 19.999903 103
930 19.999716 102
931 0.915808 104
932 1.202552 105
933 0.316375 104
934 0.263356 104
935 0.238317 104
936 0.931923 104
937 0.236625 104
938 0.249467 105
939 1.305895 105
940 0.290202 104
941 0.225981 105
942 0.253577 104
943 0.189087 104
944 1.211390 105
945 0.929114 105
946 0.305683 104
947 0.294375 104
948 0.770819 105
949 0.199848 105
950 0.698095 105
951 0.614905 105
952 1.475238 105
953 0.693680 103
954 1.444514 105
955 0.554625 104
956 1.310810 105
957 0.329452 104
958 0.364175 103
959 0.386010 103
960 1.209333 105
961 0.426340 103
962 0.305796 103
963 0.288699 103
964 1.378010 105
965 1.569086 105
966 0.413068 103
967 4.282924 105
968 3.324279 104
969 3.132673 104
970 3.243144 104
971 2.988390 105
972 1.940410 105
973 1.178124 105
974 1.036533 105
975 0.274010 104
976 1.296762 105
977 1.410438 105
978 1.010810 105
979 1.064371 105
980 1.377419 105
981 14.300867 105
982 2.542692 104
983 1.646476 105
984 0.914067 105
985 2.194562 105
986 0.612295 105
987 0.786695 105
988 0.655333 105
989 2.564438 105
990 0.824314 105
991 0.888362 105
992 0.563667 105
993 0.766895 105
994 0.945924 105
995 1.049219 105
996 0.732514 105
997 0.629257 105
998 0.503914 105
999 0.554371 105
1000 0.804372 86
1001 1.422849 86
1002 2.331093 86
1003 1.543058 86
1004 1.274849 86
1005 1.314547 86
1006 0.984174 86
1007 1.283023 86
1008 1.865151 86
1009 1.071547 86
1010 0.980279 86
1011 1.221430 86
1012 1.157779 86
1013 1.338163 86
1014 1.347291 86
1015 1.772570 86
1016 1.217442 86
1017 0.386953 85
1018 0.373419 86
1019 0.340529 85
1020 0.428165 85
1021 0.382129 85
1022 0.397412 85
1023 0.376953 85
1024 0.385941 85
1025 0.380859 85
1026 0.370859 85
1027 0.401686 86
1028 0.425071 85
1029 0.374200 85
1030 0.386471 85
1031 0.365259 85
1032 1.087221 86
1033 0.346706 85
1034 0.363035 85
1035 0.921523 86
1036 0.289047 86
1037 1.224802 86
1038 0.407767 86
1039 1.720523 86
1040 0.928547 86
1041 0.333788 85
1042 0.850140 86
1043 0.579570 86
1044 0.307488 86
1045 0.273209 86
1046 1.008349 86
1047 0.287372 86
1048 0.452500 86
1049 8.354698 86
1050 8.389179 106
1051 7.934821 106
1052 6.251276 105
1053 1.380094 106
1054 0.407689 106
1055 1.156415 106
1056 0.306581 105
1057 0.464906 106
1058 1.355151 106
1059 0.460543 105
1060 0.469743 105
1061 1.854557 106
1062 0.950915 106
1063 0.744429 105
1064 0.911448 105
1065 0.705581 105
1066 1.463324 105
1067 0.447708 106
1068 0.659476 105
1069 0.612790 105
1070 0.425790 105
1071 0.825857 105
1072 0.543708 106
1073 0.934324 105
1074 1.928566 106
1075 0.645400 105
1076 0.766981 105
1077 0.688314 105
1078 0.967876 105
1079 1.534057 105
1080 0.458390 105
1081 0.441086 105
1082 0.812981 105
1083 0.621208 106
1084 0.650076 105
1085 0.356514 105
1086 0.508972 106
1087 2.089462 106
1088 1.478133 105
1089 1.566086 105
1090 2.439877 106
1091 1.934396 106
1092 1.705648 105
1093 1.631543 105
1094 1.273057 106
1095 1.612226 106
1096 1.204547 106
1097 0.375410 105
1098 0.365086 105
1099 0.367876 105
1100 1.086706 119
1101 1.168983 119
1102 7.654085 118
1103 1.826588 119
1104 2.204311 119
1105 2.275084 119
1106 2.181345 119
1107 1.774756 119
1108 1.123000 119
1109 0.315597 119
1110 0.364746 118
1111 0.312525 118
1112 6.423824 119
1113 1.846703 118
1114 1.874294 119
1115 1.628059 119
1116 1.596168 119
1117 0.977950 119
1118 1.056681 119
1119 1.170664 119
1120 0.758571 119
1121 0.719773 119
1122 1.255118 119
1123 0.301686 118
1124 0.458644 118
1125 9.946529 119
1126 1.067681 119
1127 0.301754 118
1128 0.262076 118
1129 0.764193 119
1130 0.804546 119
1131 1.074429 119
1132 2.298429 119
1133 1.967765 119
1134 0.867042 119
1135 0.806008 119
1136 1.081655 119
1137 1.127681 119
1138 0.310737 118
1139 2.517697 119
1140 1.022756 119
1141 1.187000 119
1142 0.822563 119
1143 1.499739 119
1144 0.816782 119
1145 1.133639 119
1146 0.924210 119
1147 0.920319 119
1148 0.696723 119
1149 0.586580 119
1150 0.802118 110
1151 0.523264 110
1152 0.326582 110
1153 1.610991 110
1154 0.645398 108
1155 0.809167 108
1156 2.788545 110
1157 1.809642 109
1158 1.388991 110
1159 0.429130 108
1160 3.042282 110
1161 1.063222 108
1162 1.141336 110
1163 0.623248 109
1164 0.380459 109
1165 1.136209 110
1166 1.378918 110
1167 1.140700 110
1168 1.011591 110
1169 0.411245 110
1170 2.157582 110
1171 0.721633 109
1172 1.605664 110
1173 1.421661 109
1174 1.733009 110
1175 1.392752 109
1176 2.222164 110
1177 0.659400 110
1178 1.629655 110
1179 1.198982 109
1180 1.485055 110
1181 1.380376 109
1182 1.013309 110
1183 1.062318 110
1184 1.359855 110
1185 0.313755 110
1186 1.010109 110
1187 0.833555 110
1188 1.413100 110
1189 1.181182 110
1190 1.782555 110
1191 0.990100 110
1192 1.543564 110
1193 1.002309 110
1194 0.301109 110
1195 0.744936 110
1196 0.419527 110
1197 0.813718 110
1198 1.030055 110
1199 0.399436 110
1200 2.252847 111
1201 1.016667 111
1202 1.290288 111
1203 0.349209 110
1204 1.143126 111
1205 0.420838 111
1206 2.493964 111
1207 0.899613 111
1208 0.767622 111
1209 0.860739 111
1210 12.542505 111
1211 3.397784 111
1212 7.584432 111
1213 1.304495 111
1214 2.987703 111
1215 2.005541 111
1216 1.472883 111
1217 1.146982 111
1218 0.971865 111
1219 1.895757 111
1220 1.443009 111
1221 16.727018 111
1222 1.724577 111
1223 1.304514 111
1224 1.318063 111
1225 0.908036 111
1226 1.071874 111
1227 3.923477 111
1228 0.810532 111
1229 0.871297 111
1230 2.315153 111
1231 1.334414 111
1232 0.828360 111
1233 0.777523 111
1234 1.078126 111
1235 2.435369 111
1236 0.850604 111
1237 1.115099 111
1238 1.130676 111
1239 1.076171 111
1240 0.278072 111
1241 1.902604 111
1242 1.293243 111
1243 17.827144 111
1244 1.354730 111
1245 0.798468 111
1246 0.781423 111
1247 1.425342 111
1248 1.279297 111
1249 1.600856 111
1250 3.268354 113
1251 1.472053 113
1252 0.357741 112
1253 0.392306 111
1254 1.794655 113
1255 1.522062 113
1256 0.597081 111
1257 5.685062 113
1258 0.875336 113
1259 1.606310 113
1260 1.474903 113
1261 1.386221 113
1262 1.938381 113
1263 1.272018 113
1264 1.865230 113
1265 1.484522 113
1266 0.410732 112
1267 1.505115 113
1268 2.222416 113
1269 1.666389 113
1270 0.397643 112
1271 0.489955 111
1272 0.375559 111
1273 0.427786 112
1274 0.334571 112
1275 0.443694 111
1276 0.422874 111
1277 3.720150 113
1278 19.879159 113
1279 0.949053 113
1280 1.239018 113
1281 1.511779 113
1282 1.237168 113
1283 1.611628 113
1284 1.187673 113
1285 0.982540 113
1286 0.374150 113
1287 0.405619 113
1288 0.397088 113
1289 0.205752 113
1290 5.289239 113
1291 0.754009 113
1292 0.856513 113
1293 0.676389 113
1294 0.676168 113
1295 5.438035 113
1296 0.495124 113
1297 0.501345 113
1298 1.835336 113
1299 0.525611 113
1300 1.250890 109
1301 0.751385 109
1302 0.863945 109
1303 2.899009 109
1304 0.749569 109
1305 2.458651 109
1306 3.961908 109
1307 1.949018 109
1308 0.630056 107
1309 0.634907 108
1310 1.285835 109
1311 0.307157 108
1312 0.468704 108
1313 0.384685 108
1314 2.447633 109
1315 1.745532 109
1316 0.472275 109
1317 1.155725 109
1318 1.629064 109
1319 0.652111 108
1320 1.218440 109
1321 0.323287 108
1322 7.558505 109
1323 7.932259 108
1324 1.190055 109
1325 1.279615 109
1326 1.174275 109
1327 11.614890 109
1328 1.278101 109
1329 5.567156 109
1330 1.708183 109
1331 1.204771 109
1332 0.985771 109
1333 0.791055 109
1334 2.039486 109
1335 1.430092 109
1336 0.923248 109
1337 1.468936 109
1338 1.472872 109
1339 0.956734 109
1340 1.144587 109
1341 1.048330 109
1342 0.680826 109
1343 0.559294 109
1344 0.742284 109
1345 1.056193 109
1346 0.546697 109
1347 0.764606 109
1348 0.796826 109
1349 0.817358 109
1350 1.741540 100
1351 1.324960 100
1352 1.518940 100
1353 1.337210 100
1354 1.289200 100
1355 1.088290 100
1356 1.297070 100
1357 1.209290 100
1358 1.226150 100
1359 1.273240 100
1360 1.551920 100
1361 0.868930 100
1362 1.513590 100
1363 1.697570 100
1364 0.895430 100
1365 1.189600 100
1366 1.083360 100
1367 1.687080 100
1368 1.251660 100
1369 1.193680 100
1370 0.981970 100
1371 0.860510 100
1372 1.106606 99
1373 1.225747 99
1374 1.187444 99
1375 1.425747 99
1376 1.169354 99
1377 1.219354 99
1378 1.410270 100
1379 1.054620 100
1380 1.438747 99
1381 0.960010 99
1382 0.998879 99
1383 0.855374 99
1384 0.741768 99
1385 1.109535 99
1386 1.592850 100
1387 1.162212 99
1388 0.730242 99
1389 0.420424 99
1390 0.825818 99
1391 1.016424 99
1392 0.944727 99
1393 1.318354 99
1394 0.705120 100
1395 0.770667 99
1396 0.364929 99
1397 0.638340 100
1398 0.459200 100
1399 0.782808 99
1400 1.621929 98
1401 0.831204 98
1402 2.335806 98
1403 0.612541 98
1404 0.611474 97
1405 0.738557 97
1406 0.545433 97
1407 1.332454 97
1408 0.552402 97
1409 0.705928 97
1410 0.755163 98
1411 0.870536 97
1412 0.627629 97
1413 0.866531 98
1414 0.808577 97
1415 0.435296 98
1416 0.836907 97
1417 1.770082 98
1418 1.270908 98
1419 0.708423 97
1420 0.957320 97
1421 0.701010 97
1422 0.473835 97
1423 0.381629 97
1424 1.513124 97
1425 0.701673 98
1426 0.409206 97
1427 0.769041 97
1428 0.490814 97
1429 0.675763 97
1430 0.470520 98
1431 0.533608 97
1432 0.838837 98
1433 1.364163 98
1434 0.354289 97
1435 20.000000 98
1436 19.147898 98
1437 19.999948 96
1438 19.999833 96
1439 19.793722 97
1440 3.896571 98
1441 0.313278 97
1442 1.145378 98
1443 8.963888 98
1444 0.665639 97
1445 0.708653 98
1446 0.295412 97
1447 0.490732 97
1448 0.483663 98
1449 1.095969 98
1450 1.000261 92
1451 0.492304 92
1452 0.431370 92
1453 0.408967 92
1454 19.523304 92
1455 12.303380 92
1456 9.480620 92
1457 1.707772 92
1458 0.829522 90
1459 1.379989 92
1460 1.306848 92
1461 0.649857 91
1462 1.271804 92
1463 0.388780 91
1464 2.851663 92
1465 1.613033 92
1466 0.439582 91
1467 0.821758 91
1468 5.450652 92
1469 2.502065 92
1470 1.413880 92
1471 1.138685 92
1472 0.562620 92
1473 0.374088 91
1474 1.116543 92
1475 0.658087 92
1476 1.496489 92
1477 0.430228 92
1478 1.447250 92
1479 1.720141 92
1480 2.903174 92
1481 5.262152 92
1482 1.169304 92
1483 1.415370 92
1484 1.071337 92
1485 1.932011 92
1486 1.053565 92
1487 1.009043 92
1488 1.286641 92
1489 1.254413 92
1490 1.441337 92
1491 1.003076 92
1492 1.128685 92
1493 1.037750 92
1494 0.907054 92
1495 3.173674 92
1496 1.117228 92
1497 1.372902 92
1498 1.205848 92
1499 1.091489 92
1500 3.276336 107
1501 1.493579 107
1502 2.549888 107
1503 1.315140 107
1504 1.317327 107
1505 1.256626 107
1506 1.172785 107
1507 1.152720 107
1508 1.410318 107
1509 1.453682 107
1510 1.369636 107
1511 2.466720 107
1512 2.315729 107
1513 2.080953 107
1514 1.934355 107
1515 1.351523 107
1516 0.505585 106
1517 2.433252 107
1518 4.793879 107
1519 6.589103 107
1520 20.000000 107
1521 1.250533 107
1522 0.510336 107
1523 0.581206 107
1524 0.294336 107
1525 0.388355 107
1526 0.989019 107
1527 0.334093 107
1528 0.599065 107
1529 0.787748 107
1530 0.596935 107
1531 0.614252 107
1532 0.978991 107
1533 0.318159 107
1534 0.317785 107
1535 0.398262 107
1536 5.369692 107
1537 0.597187 107
1538 0.565738 107
1539 0.601710 107
1540 1.323850 107
1541 1.272651 106
1542 1.338170 106
1543 1.104896 106
1544 1.123673 107
1545 0.987093 107
1546 1.180879 107
1547 0.801103 107
1548 1.394692 107
1549 0.268308 107
1550 1.109289 121
1551 1.957760 121
1552 1.870050 121
1553 1.573917 121
1554 1.640678 121
1555 2.006339 121
1556 3.511686 121
1557 1.040975 121
1558 1.323554 121
1559 1.104339 121
1560 1.220628 121
1561 1.485289 121
1562 1.076165 121
1563 1.560876 121
1564 1.271446 121
1565 0.426308 120
1566 0.423750 120
1567 0.513099 121
1568 7.604405 121
1569 5.797388 121
1570 7.978099 121
1571 1.262455 121
1572 0.898333 120
1573 1.462165 121
1574 17.077901 121
1575 14.775083 121
1576 1.604760 121
1577 1.306008 121
1578 1.603893 121
1579 1.004405 121
1580 1.189736 121
1581 0.358636 121
1582 0.332711 121
1583 0.337380 121
1584 2.595438 121
1585 1.699628 121
1586 19.835058 121
1587 19.824008 120
1588 19.871575 120
1589 19.810800 120
1590 19.811392 120
1591 19.532642 120
1592 19.558325 120
1593 19.678008 121
1594 19.881758 120
1595 19.670817 120
1596 19.582353 119
1597 19.330208 120
1598 0.616165 121
1599 0.265041 121
1600 0.819558 113
1601 1.138071 113
1602 0.293098 112
1603 0.321277 112
1604 0.282116 112
1605 1.066903 113
1606 0.336348 112
1607 0.352496 113
1608 1.403053 113
1609 0.390841 113
1610 0.327035 113
1611 1.302619 113
1612 0.316261 111
1613 1.386115 113
1614 0.299243 111
1615 0.999345 113
1616 0.497071 113
1617 0.534327 113
1618 0.452080 113
1619 0.487938 113
1620 1.156912 113
1621 0.372973 113
1622 0.393956 113
1623 1.835133 113
1624 1.499956 113
1625 0.593690 113
1626 1.301646 113
1627 0.468062 113
1628 1.317186 113
1629 0.467327 113
1630 1.613327 113
1631 1.108044 113
1632 1.365195 113
1633 0.635752 113
1634 1.045867 113
1635 8.373221 113
1636 1.629372 113
1637 0.734885 113
1638 0.618850 113
1639 1.106655 113
1640 1.295345 113
1641 1.182894 113
1642 0.789717 113
1643 0.305752 113
1644 0.773487 113
1645 0.288071 113
1646 1.060743 113
1647 0.333938 112
1648 1.151690 113
1649 0.831257 113
1650 0.862270 100
1651 1.529360 100
1652 1.382230 100
1653 6.311920 100
1654 19.194475 99
1655 2.016081 99
1656 1.176192 99
1657 1.409495 99
1658 1.469273 99
1659 1.810394 99
1660 1.087232 99
1661 1.003081 99
1662 1.391869 99
1663 1.183747 99
1664 2.780980 99
1665 0.432969 98
1666 0.407000 98
1667 1.975798 99
1668 0.523000 97
1669 0.489082 97
1670 1.226444 99
1671 0.412480 98
1672 17.805505 99
1673 18.236980 99
1674 17.851273 99
1675 17.990980 99
1676 18.420707 99
1677 18.551293 99
1678 17.705586 99
1679 13.918758 99
1680 17.807576 99
1681 1.734758 99
1682 0.492970 99
1683 0.162101 99
1684 0.155465 99
1685 1.033869 99
1686 0.616556 99
1687 1.692980 99
1688 0.871111 99
1689 0.758313 99
1690 4.010505 99
1691 1.285576 99
1692 3.886889 99
1693 1.469303 99
1694 0.494566 99
1695 0.215424 99
1696 0.511737 99
1697 0.185485 99
1698 0.694768 99
1699 0.177515 99
1700 1.129073 96
1701 0.471604 96
1702 0.449323 96
1703 1.374729 96
1704 0.846568 95
1705 1.198760 96
1706 0.342617 94
1707 0.303436 94
1708 0.357468 94
1709 0.327211 95
1710 1.713219 96
1711 0.628947 94
1712 0.603011 95
1713 0.544615 96
1714 1.314750 96
1715 1.417875 96
1716 1.561010 96
1717 0.491379 95
1718 0.441255 94
1719 1.881469 96
1720 1.479958 96
1721 1.691229 96
1722 1.516542 96
1723 1.151271 96
1724 1.337542 96
1725 1.492271 96
1726 10.872458 96
1727 2.641896 96
1728 1.183221 95
1729 1.986042 96
1730 1.298844 96
1731 1.225135 96
1732 1.001750 96
1733 2.089604 96
1734 0.748000 96
1735 1.051667 96
1736 0.741417 96
1737 0.890292 96
1738 0.942052 96
1739 1.499167 96
1740 1.730521 96
1741 1.237198 96
1742 5.772938 96
1743 1.839385 96
1744 0.836521 96
1745 0.938740 96
1746 0.681448 96
1747 2.531427 96
1748 4.844448 96
1749 1.510906 96
1750 1.770967 120
1751 1.170542 120
1752 1.061092 120
1753 1.192025 120
1754 0.373563 119
1755 0.393731 119
1756 2.103375 120
1757 1.068475 120
1758 1.272492 120
1759 2.943158 120
1760 1.096600 120
1761 1.058742 120
1762 0.874425 120
1763 1.149900 120
1764 1.095492 120
1765 0.940658 120
1766 1.317250 120
1767 0.880550 120
1768 1.181733 120
1769 1.286508 120
1770 0.690350 120
1771 1.418383 120
1772 2.359700 120
1773 1.136100 120
1774 1.438617 120
1775 1.149200 120
1776 8.315150 120
1777 4.853983 120
1778 4.302192 120
1779 1.265808 120
1780 1.079175 120
1781 1.182733 120
1782 1.250533 120
1783 0.491100 120
1784 1.671783 120
1785 1.410208 120
1786 5.224167 120
1787 12.229233 120
1788 1.347158 120
1789 0.870283 120
1790 0.995200 120
1791 13.554767 120
1792 0.899017 120
1793 0.295767 120
1794 0.308758 120
1795 1.330633 120
1796 1.253633 120
1797 0.448400 120
1798 1.454692 120
1799 1.320433 120
1800 1.639422 116
1801 0.797759 116
1802 2.409009 116
1803 1.585819 116
1804 0.667219 114
1805 1.804216 116
1806 1.884250 116
1807 1.712966 116
1808 1.430448 116
1809 2.159293 116
1810 1.608466 116
1811 16.790759 116
1812 1.972052 116
1813 1.889440 116
1814 0.505947 114
1815 0.425096 114
1816 1.529707 116
1817 0.736241 116
1818 1.369302 116
1819 1.286069 116
1820 1.398931 116
1821 4.619991 115
1822 2.715470 115
1823 0.411600 115
1824 0.620174 115
1825 1.313216 116
1826 1.195647 116
1827 10.710914 116
1828 11.845322 115
1829 12.184783 115
1830 1.048026 116
1831 1.854345 116
1832 0.760543 116
1833 0.807655 116
1834 1.201560 116
1835 0.752069 116
1836 0.322491 116
1837 0.947164 116
1838 1.633914 116
1839 0.730310 116
1840 0.898724 116
1841 1.113069 116
1842 1.060293 116
1843 0.881448 116
1844 0.817793 116
1845 1.012741 116
1846 0.768517 116
1847 1.123879 116
1848 0.918931 116
1849 1.004224 116
1850 1.742352 108
1851 2.018204 108
1852 1.525593 108
1853 1.571648 108
1854 0.434972 106
1855 0.571255 106
1856 1.840167 108
1857 1.767287 108
1858 1.719000 108
1859 0.820139 108
1860 1.253426 108
1861 1.309870 108
1862 14.304528 108
1863 3.961528 108
1864 2.335269 108
1865 0.975664 107
1866 1.505620 108
1867 0.643259 108
1868 4.211620 108
1869 2.681028 107
1870 1.549741 108
1871 1.748491 108
1872 17.367898 108
1873 17.058333 108
1874 12.830620 108
1875 1.211019 108
1876 1.255639 108
1877 0.788648 108
1878 0.366981 108
1879 0.311037 108
1880 0.671481 108
1881 0.411194 108
1882 0.652731 108
1883 0.276176 108
1884 1.133306 108
1885 0.330278 108
1886 0.269204 108
1887 2.936056 108
1888 2.082120 108
1889 0.888917 108
1890 1.975417 108
1891 0.711639 108
1892 0.690602 108
1893 0.728602 108
1894 1.054769 108
1895 0.412954 108
1896 0.647843 108
1897 1.007019 108
1898 0.947722 108
1899 18.558046 108
1900 2.211245 110
1901 1.174164 110
1902 1.463227 110
1903 3.863173 110
1904 2.503791 110
1905 3.037655 110
1906 2.536618 110
1907 2.491560 109
1908 2.223073 110
1909 2.214165 109
1910 2.205450 109
1911 2.090556 108
1912 1.248918 110
1913 0.276481 108
1914 0.440073 109
1915 0.293704 108
1916 0.311861 108
1917 0.424796 108
1918 0.383899 109
1919 0.304477 109
1920 0.305817 109
1921 0.329495 109
1922 0.391981 108
1923 0.398046 108
1924 0.463231 108
1925 0.293843 108
1926 0.314426 108
1927 0.307700 110
1928 0.274769 108
1929 0.277926 108
1930 0.364102 108
1931 0.337000 108
1932 0.369611 108
1933 0.269349 109
1934 0.313741 108
1935 0.297550 109
1936 1.325909 110
1937 0.268064 109
1938 0.297110 109
1939 1.316455 110
1940 0.360541 109
1941 0.300018 110
1942 10.497300 110
1943 1.630673 110
1944 0.375964 110
1945 0.525450 109
1946 0.446853 109
1947 1.289882 110
1948 0.357519 108
1949 8.965213 108
1950 1.135495 105
1951 14.837076 105
1952 1.318962 105
1953 1.328295 105
1954 1.316086 105
1955 0.387505 103
1956 1.266305 105
1957 1.608295 105
1958 1.028267 105
1959 0.385914 105
1960 0.657333 105
1961 0.751867 105
1962 19.999724 105
1963 19.999676 105
1964 1.186152 105
1965 3.113800 105
1966 1.168562 105
1967 1.364505 105
1968 1.016514 105
1969 1.012581 105
1970 1.361838 105
1971 10.763848 105
1972 1.481457 105
1973 1.420895 105
1974 1.410638 105
1975 1.269343 105
1976 0.834495 105
1977 0.970343 105
1978 0.815343 105
1979 2.467133 105
1980 1.488924 105
1981 1.071581 105
1982 0.374476 105
1983 0.254752 105
1984 0.290838 105
1985 1.787276 105
1986 1.163419 105
1987 1.235095 105
1988 0.611914 105
1989 0.250257 105
1990 0.982933 105
1991 0.336905 105
1992 0.454933 105
1993 0.301238 105
1994 0.776990 105
1995 0.295000 105
1996 0.255733 105
1997 2.963686 105
1998 2.380476 105
1999 2.389514 105
2000 4.036129 116
2001 3.800845 116
2002 3.969043 116
2003 3.944940 116
2004 2.054466 116
2005 2.108509 116
2006 0.916202 114
2007 1.616810 116
2008 0.605957 115
2009 1.642517 116
2010 1.766061 114
2011 1.479224 116
2012 0.449991 116
2013 0.441461 115
2014 1.113448 116
2015 1.156810 116
2016 2.349293 116
2017 2.412517 116
2018 1.139078 116
2019 2.432905 116
2020 1.954087 115
2021 2.570129 116
2022 1.059621 116
2023 1.204793 116
2024 2.006733 116
2025 1.643853 116
2026 1.507733 116
2027 1.315052 116
2028 1.180897 116
2029 11.047905 116
2030 1.134664 116
2031 1.263957 116
2032 0.833603 116
2033 1.102026 116
2034 2.615888 116
2035 1.501112 116
2036 1.104103 116
2037 4.920474 116
2038 0.799043 116
2039 0.652345 116
2040 0.902914 116
2041 0.501328 116
2042 0.429940 116
2043 2.192043 116
2044 1.458534 116
2045 0.636474 116
2046 0.280310 116
2047 0.195767 116
2048 0.214983 116
2049 0.532000 116
2050 0.969367 120
2051 0.527633 120
2052 0.359383 120
2053 1.435108 120
2054 0.379627 118
2055 0.469706 119
2056 1.250750 120
2057 1.168915 118
2058 0.359336 119
2059 0.374432 118
2060 0.372686 118
2061 0.338441 118
2062 1.429808 120
2063 1.761842 120
2064 1.432093 118
2065 0.388427 117
2066 1.280942 120
2067 4.831150 120
2068 1.138450 120
2069 1.533167 120
2070 2.138300 120
2071 2.037117 120
2072 1.396858 120
2073 1.425833 120
2074 1.542550 120
2075 3.069458 120
2076 1.399483 120
2077 0.573308 120
2078 2.286042 120
2079 0.661058 120
2080 1.197117 120
2081 1.379183 120
2082 1.882400 120
2083 1.384500 120
2084 2.432308 120
2085 2.074092 120
2086 1.942550 120
2087 1.921475 120
2088 1.992000 120
2089 1.530733 120
2090 1.341433 120
2091 1.076824 119
2092 3.636336 119
2093 1.186101 119
2094 1.667403 119
2095 1.292319 119
2096 18.619193 119
2097 17.164664 119
2098 16.335168 119
2099 16.074849 119
2100 7.112578 109
2101 9.243679 109
2102 19.569239 109
2103 12.275514 109
2104 5.900533 107
2105 0.765393 107
2106 2.129183 109
2107 2.440165 109
2108 1.721330 109
2109 2.013229 109
2110 1.627532 109
2111 1.473826 109
2112 1.420844 109
2113 2.559771 109
2114 1.097028 108
2115 0.880935 108
2116 0.734491 108
2117 0.488037 108
2118 0.481358 109
2119 0.460880 108
2120 0.417148 108
2121 0.461648 108
2122 0.577880 108
2123 0.389065 108
2124 1.011917 109
2125 0.373880 108
2126 3.702725 109
2127 2.045651 109
2128 1.299092 109
2129 0.853093 107
2130 0.967308 107
2131 1.110495 109
2132 0.691284 109
2133 1.014147 109
2134 1.340661 109
2135 0.303704 108
2136 1.417275 109
2137 0.350229 109
2138 1.277174 109
2139 1.205174 109
2140 0.943156 109
2141 0.862936 109
2142 3.014440 109
2143 0.874633 109
2144 3.502890 109
2145 2.651248 109
2146 1.411055 109
2147 2.481826 109
2148 0.437303 109
2149 1.236165 109
2150 2.726078 103
2151 1.495757 103
2152 1.736961 103
2153 0.543446 101
2154 0.486990 102
2155 2.495078 102
2156 2.058127 102
2157 1.056690 100
2158 2.463765 102
2159 1.983382 102
2160 19.863882 102
2161 18.020069 102
2162 18.308870 100
2163 18.476129 101
2164 18.945840 100
2165 18.794610 100
2166 17.591960 100
2167 17.288257 101
2168 16.795670 100
2169 16.517540 100
2170 15.105000 101
2171 15.780901 101
2172 16.370697 99
2173 15.748370 100
2174 15.737130 100
2175 15.813406 101
2176 16.034495 99
2177 16.014121 99
2178 15.066320 100
2179 15.059440 100
2180 15.450480 100
2181 15.291030 99
2182 15.906140 100
2183 16.044535 99
2184 15.980465 101
2185 15.308099 101
2186 14.795374 99
2187 15.200450 100
2188 15.385670 100
2189 16.358040 100
2190 15.260152 99
2191 15.597149 101
2192 16.279600 100
2193 15.594450 100
2194 14.695838 99
2195 15.442747 99
2196 14.618677 99
2197 15.643596 99
2198 14.249838 99
2199 14.015091 99
2200 12.870218 101
2201 12.477257 101
2202 14.036000 101
2203 13.658515 101
2204 15.450090 100
2205 15.208889 99
2206 15.726283 99
2207 16.343758 99
2208 16.967210 100
2209 17.194778 99
2210 15.749160 100
2211 15.660495 99
2212 14.880475 99
2213 14.858258 97
2214 13.706979 97
2215 13.867990 98
2216 14.656608 97
2217 14.314879 99
2218 15.667443 97
2219 15.551939 98
2220 15.165374 99
2221 15.757794 97
2222 14.432081 99
2223 13.954082 98
2224 15.502888 98
2225 14.438670 97
2226 15.561825 97
2227 14.359980 98
2228 14.351459 98
2229 15.095444 99
2230 15.691237 97
2231 14.930258 97
2232 15.476867 98
2233 14.669337 98
2234 14.722608 97
2235 14.563577 97
2236 13.948814 97
2237 14.537804 97
2238 14.743541 98
2239 14.587670 97
2240 13.662250 100
2241 13.695268 97
2242 12.380412 97
2243 13.006255 98
2244 11.582051 99
2245 11.595367 98
2246 10.779724 98
2247 10.371929 98
2248 10.649598 97
2249 9.700979 97
2250 13.583574 101
2251 12.994446 101
2252 14.053574 101
2253 14.865178 101
2254 16.148475 101
2255 16.790750 100
2256 17.066414 99
2257 16.326970 100
2258 15.957168 101
2259 16.517620 100
2260 15.436939 99
2261 15.329677 99
2262 15.858765 98
2263 15.377742 97
2264 15.011420 100
2265 15.262237 97
2266 14.864299 97
2267 16.094990 97
2268 15.637990 98
2269 15.898010 97
2270 15.535827 98
2271 14.168867 98
2272 15.119510 98
2273 15.336222 99
2274 16.274010 97
2275 15.750459 98
2276 15.700258 97
2277 14.510596 99
2278 15.303500 98
2279 14.642204 98
2280 15.977639 97
2281 16.269175 97
2282 15.158172 99
2283 15.109582 98
2284 15.584608 97
2285 15.715071 98
2286 16.007691 97
2287 15.169021 97
2288 15.092061 98
2289 14.766113 97
2290 14.314745 98
2291 14.369980 98
2292 14.190052 97
2293 13.913232 99
2294 13.380814 97
2295 12.056561 98
2296 12.677602 98
2297 11.688577 97
2298 10.831310 100
2299 9.551592 98
2300 13.621890 100
2301 13.374400 100
2302 14.475920 100
2303 14.733840 100
2304 16.264449 98
2305 15.781293 99
2306 16.418388 98
2307 16.811051 98
2308 16.414707 99
2309 16.781112 98
2310 15.903550 100
2311 16.327278 97
2312 15.246938 97
2313 15.447594 96
2314 15.459844 96
2315 15.722144 97
2316 15.319439 98
2317 15.491794 97
2318 16.271792 96
2319 16.198825 97
2320 15.689781 96
2321 15.718608 97
2322 16.031330 97
2323 15.760276 98
2324 15.667206 97
2325 15.784227 97
2326 15.573292 96
2327 14.638333 99
2328 15.825729 96
2329 15.991646 96
2330 15.338814 97
2331 15.463072 97
2332 15.261041 98
2333 14.747010 96
2334 15.688000 96
2335 15.910708 96
2336 14.541629 97
2337 14.315680 97
2338 13.972010 96
2339 14.364182 99
2340 14.789454 97
2341 14.467845 97
2342 12.468144 97
2343 12.583670 97
2344 12.051969 98
2345 12.033173 98
2346 11.561673 98
2347 10.666938 96
2348 9.948198 96
2349 7.773175 97
2350 12.261976 85
2351 0.987671 85
2352 0.558376 85
2353 0.447024 85
2354 0.403306 85
2355 0.322600 85
2356 1.293565 85
2357 1.196212 85
2358 0.623659 85
2359 1.235647 85
2360 0.577753 85
2361 1.137447 85
2362 2.155376 85
2363 0.655706 85
2364 0.554671 85
2365 0.508424 85
2366 1.337624 85
2367 0.956471 85
2368 1.815306 85
2369 0.523624 85
2370 2.248659 85
2371 0.831682 85
2372 0.446059 85
2373 1.010953 85
2374 0.565447 85
2375 1.692318 85
2376 0.622106 85
2377 0.690600 85
2378 0.411565 85
2379 0.863647 85
2380 0.380376 85
2381 0.757118 85
2382 0.381953 85
2383 1.256247 85
2384 0.279476 84
2385 0.345750 84
2386 1.020553 85
2387 0.266906 85
2388 0.322765 85
2389 1.903671 85
2390 0.318298 84
2391 0.342500 84
2392 1.089012 85
2393 0.389482 85
2394 0.329882 85
2395 0.993965 85
2396 0.304435 85
2397 0.278282 85
2398 1.082659 85
2399 0.278753 85
2400 1.003410 117
2401 0.607462 117
2402 0.355658 117
2403 0.297333 117
2404 0.275299 117
2405 0.282923 117
2406 0.296778 117
2407 0.294103 117
2408 0.342615 117
2409 0.352667 117
2410 1.664000 117
2411 1.458896 115
2412 0.711070 115
2413 0.475922 115
2414 1.278915 117
2415 1.514154 117
2416 0.740632 114
2417 0.450070 115
2418 0.478158 114
2419 0.389017 116
2420 1.400692 117
2421 1.418316 117
2422 0.373181 116
2423 0.574095 116
2424 0.506250 116
2425 0.414353 116
2426 0.479966 116
2427 0.406172 116
2428 0.334224 116
2429 0.374690 116
2430 0.466672 116
2431 1.398385 117
2432 1.231598 117
2433 1.156379 116
2434 1.274615 117
2435 1.143692 117
2436 1.517359 117
2437 2.108128 117
2438 0.609231 117
2439 1.113316 117
2440 0.645162 117
2441 18.132675 117
2442 17.690855 117
2443 17.751419 117
2444 0.911701 117
2445 0.313615 117
2446 0.327983 117
2447 5.475675 117
2448 0.331068 117
2449 0.307256 117
2450 4.738947 114
2451 2.398851 114
2452 2.187947 114
2453 1.693219 114
2454 0.427696 112
2455 3.568254 114
2456 2.095223 112
2457 1.083232 112
2458 0.778535 114
2459 0.486333 114
2460 0.790482 114
2461 2.770588 114
2462 1.162429 112
2463 1.033807 114
2464 1.247974 114
2465 0.300566 113
2466 2.360184 114
2467 1.746123 114
2468 0.992531 113
2469 1.965737 114
2470 1.742263 114
2471 1.246451 113
2472 1.217711 114
2473 1.774903 113
2474 1.324342 114
2475 1.378895 114
2476 1.126746 114
2477 16.683939 114
2478 3.878868 114
2479 0.860009 114
2480 5.858342 114
2481 0.640798 114
2482 0.967132 114
2483 0.460868 114
2484 0.899404 114
2485 0.330596 114
2486 0.758825 114
2487 1.015132 114
2488 0.794649 114
2489 0.257246 114
2490 0.841851 114
2491 0.276754 114
2492 0.841947 114
2493 1.046325 114
2494 0.571877 114
2495 0.663991 114
2496 0.688447 114
2497 2.652395 114
2498 0.771526 114
2499 0.594737 114
2500 1.183844 109
2501 1.228991 109
2502 19.037945 109
2503 1.991606 109
2504 1.110376 109
2505 1.541468 109
2506 1.112550 109
2507 10.212844 109
2508 2.131119 109
2509 20.000000 109
2510 1.496028 109
2511 0.975596 109
2512 1.052541 109
2513 2.114477 109
2514 1.106422 109
2515 0.733440 109
2516 0.310101 109
2517 1.014000 109
2518 1.097716 109
2519 1.140018 109
2520 0.876844 109
2521 1.259009 109
2522 0.997174 109
2523 1.027367 109
2524 0.863459 109
2525 1.140073 109
2526 0.745083 109
2527 1.083927 109
2528 9.667339 109
2529 0.893752 109
2530 0.735294 109
2531 1.023183 109
2532 2.072211 109
2533 4.697881 109
2534 1.293055 109
2535 0.545128 109
2536 1.486046 109
2537 0.671413 109
2538 0.977706 109
2539 0.917642 109
2540 0.815936 109
2541 0.683761 109
2542 0.570670 109
2543 0.589110 109
2544 0.635404 109
2545 0.591385 109
2546 0.424284 109
2547 0.561615 109
2548 0.784266 109
2549 0.452541 109
2550 1.089097 103
2551 1.266146 103
2552 5.954320 103
2553 1.293165 103
2554 19.806524 103
2555 1.145214 103
2556 1.462718 103
2557 1.179379 103
2558 2.010757 103
2559 1.135718 103
2560 2.130117 103
2561 1.458311 103
2562 1.564068 103
2563 7.308583 103
2564 5.288748 103
2565 5.226922 103
2566 5.020466 103
2567 3.964010 103
2568 4.088476 103
2569 2.762427 103
2570 2.559117 103
2571 1.792981 103
2572 2.102883 103
2573 1.852087 103
2574 1.949602 103
2575 2.500252 103
2576 2.347631 103
2577 2.144408 103
2578 2.252670 103
2579 1.538767 103
2580 1.949515 103
2581 1.651476 103
2582 1.574689 103
2583 1.938175 103
2584 1.600427 103
2585 1.658330 103
2586 1.810864 103
2587 2.271883 103
2588 2.031184 103
2589 1.424786 103
2590 1.898689 103
2591 2.625981 103
2592 1.802392 102
2593 1.633912 102
2594 1.534392 102
2595 1.915863 102
2596 1.863059 102
2597 1.094971 102
2598 0.816804 102
2599 1.276931 102
2600 7.386841 107
2601 5.702710 107
2602 4.549439 107
2603 3.303243 107
2604 3.806299 107
2605 3.814467 107
2606 2.215642 106
2607 2.294038 106
2608 2.633340 106
2609 3.257028 106
2610 2.618094 106
2611 2.713963 107
2612 2.293425 106
2613 3.460509 106
2614 2.574632 106
2615 2.126868 106
2616 1.996636 107
2617 2.057434 106
2618 1.432206 107
2619 2.337802 106
2620 2.198425 106
2621 1.672121 107
2622 1.671009 106
2623 2.362830 106
2624 1.706355 107
2625 1.432962 106
2626 1.769925 106
2627 2.084123 106
2628 1.884849 106
2629 2.016425 106
2630 1.564179 106
2631 1.683645 107
2632 1.473274 106
2633 1.271495 107
2634 1.070217 106
2635 1.174972 106
2636 1.532533 107
2637 1.306066 106
2638 1.374509 106
2639 1.274509 106
2640 1.146198 106
2641 1.041170 106
2642 1.081217 106
2643 0.891617 107
2644 1.488528 106
2645 1.346425 106
2646 0.841972 107
2647 1.323481 106
2648 1.060774 106
2649 1.371698 106
2650 7.922443 106
2651 4.598425 106
2652 3.731708 106
2653 3.873594 106
2654 4.138745 106
2655 4.128132 106
2656 3.173238 105
2657 3.461200 105
2658 2.398933 105
2659 2.208533 105
2660 2.611581 105
2661 2.469705 105
2662 2.885406 106
2663 1.577981 106
2664 0.328514 105
2665 1.421189 106
2666 1.415632 106
2667 20.000000 106
2668 20.000000 105
2669 20.000000 105
2670 20.000000 105
2671 20.000000 105
2672 19.811302 106
2673 19.811330 106
2674 20.000000 105
2675 19.809543 105
2676 19.809543 105
2677 19.809552 105
2678 19.622670 106
2679 19.807712 104
2680 19.619067 105
2681 19.807702 104
2682 19.807760 104
2683 19.619076 105
2684 19.807712 104
2685 19.807721 104
2686 19.807721 104
2687 19.807721 104
2688 19.807750 104
2689 19.807923 104
2690 19.807740 104
2691 19.807702 104
2692 19.619076 105
2693 19.807760 104
2694 19.807712 104
2695 19.807721 104
2696 19.619276 105
2697 19.807798 104
2698 19.760106 104
2699 19.615433 104
2700 20.000000 104
2701 19.807702 104
2702 20.000000 103
2703 19.999971 102
2704 19.615404 104
2705 19.805854 103
2706 20.000000 102
2707 19.805816 103
2708 20.000000 102
2709 19.611699 103
2710 19.803931 102
2711 1.392000 103
2712 0.835347 101
2713 0.927059 102
2714 1.751471 102
2715 0.748039 102
2716 4.754594 101
2717 0.717139 101
2718 1.785941 101
2719 0.715194 103
2720 0.536990 102
2721 2.032284 102
2722 0.598379 103
2723 0.497752 101
2724 0.472500 102
2725 0.641971 102
2726 0.595922 102
2727 0.648950 101
2728 0.557911 101
2729 0.795376 101
2730 2.516608 102
2731 0.537379 103
2732 0.687118 102
2733 3.155350 103
2734 0.495146 103
2735 0.512706 102
2736 0.683347 101
2737 0.643317 101
2738 0.503109 101
2739 0.495480 102
2740 0.432480 102
2741 0.537495 101
2742 0.469451 102
2743 0.907775 102
2744 0.575155 103
2745 0.475981 104
2746 0.719427 103
2747 0.550874 103
2748 1.470324 102
2749 0.457447 103
2750 2.118568 95
2751 0.720755 94
2752 0.677084 95
2753 0.653453 95
2754 1.403242 95
2755 0.458129 93
2756 1.486011 95
2757 1.783632 95
2758 1.517042 95
2759 1.875484 95
2760 1.460000 95
2761 1.710436 94
2762 1.777958 95
2763 1.521415 94
2764 1.340383 94
2765 1.180511 94
2766 1.280000 95
2767 1.500811 95
2768 1.613511 94
2769 1.265872 94
2770 1.311787 94
2771 1.515383 94
2772 1.719723 94
2773 1.180840 94
2774 1.207232 95
2775 1.506309 94
2776 1.275106 94
2777 1.623872 94
2778 1.502684 95
2779 1.566287 94
2780 1.330521 94
2781 0.925042 95
2782 0.990138 94
2783 1.103191 94
2784 1.170245 94
2785 1.349074 95
2786 1.307516 95
2787 0.938202 94
2788 0.800095 95
2789 1.563383 94
2790 0.486330 94
2791 0.707194 93
2792 0.543915 94
2793 0.717011 92
2794 0.665033 92
2795 0.432065 93
2796 0.590553 94
2797 0.503783 92
2798 0.466163 92
2799 0.413753 93
2800 1.275233 103
2801 0.698748 103
2802 0.616854 103
2803 0.639417 103
2804 0.660942 103
2805 0.720214 103
2806 0.733029 103
2807 0.635039 103
2808 0.635524 103
2809 0.645971 103
2810 0.590049 103
2811 0.576301 103
2812 0.601534 103
2813 0.661204 103
2814 0.639796 103
2815 1.276447 103
2816 0.362588 102
2817 0.394388 103
2818 0.322882 102
2819 19.951893 103
2820 20.000000 101
2821 19.754990 102
2822 19.801990 101
2823 20.000000 100
2824 20.000000 100
2825 20.000000 100
2826 19.607922 102
2827 19.505020 101
2828 19.406089 101
2829 19.406020 101
2830 19.798141 99
2831 19.798010 99
2832 19.798040 99
2833 19.798020 99
2834 19.798061 99
2835 19.405980 101
2836 19.797980 99
2837 19.798051 99
2838 19.798030 99
2839 0.796078 103
2840 0.200614 101
2841 0.167980 102
2842 1.051107 103
2843 0.152657 102
2844 0.225871 101
2845 0.170592 103
2846 1.216194 103
2847 0.223510 102
2848 0.232275 102
2849 0.205416 101
2850 1.303185 108
2851 0.503481 108
2852 0.371796 108
2853 0.365888 107
2854 1.056991 108
2855 0.308509 106
2856 0.310330 106
2857 2.034083 108
2858 1.390698 106
2859 1.153500 106
2860 1.122217 106
2861 1.959704 108
2862 0.377557 106
2863 1.276917 108
2864 0.317579 107
2865 0.398566 106
2866 1.163654 107
2867 2.955991 108
2868 0.901776 107
2869 1.435398 108
2870 0.373477 107
2871 0.350215 107
2872 0.303065 107
2873 1.058509 108
2874 0.337458 107
2875 0.409421 107
2876 0.511318 107
2877 0.498430 107
2878 0.508439 107
2879 0.566346 107
2880 0.390449 107
2881 0.376907 107
2882 0.442738 107
2883 0.474364 107
2884 0.403505 107
2885 0.425213 108
2886 0.383196 107
2887 0.418907 107
2888 0.477224 107
2889 0.399093 108
2890 0.375579 107
2891 0.391495 107
2892 0.464215 107
2893 2.219731 108
2894 0.331370 108
2895 0.532370 108
2896 1.479648 108
2897 3.277454 108
2898 0.524667 108
2899 0.318574 108
2900 1.495791 86
2901 0.698314 86
2902 0.377576 85
2903 0.436035 86
2904 1.436163 86
2905 0.295282 85
2906 0.332940 84
2907 0.343167 84
2908 1.437116 86
2909 0.406424 85
2910 0.358765 85
2911 1.410209 86
2912 0.567553 85
2913 0.625165 85
2914 0.577659 85
2915 0.544412 85
2916 2.080674 86
2917 0.463721 86
2918 0.503118 85
2919 0.436674 86
2920 1.629698 86
2921 0.301941 85
2922 0.389271 85
2923 1.149628 86
2924 0.404906 85
2925 0.396953 85
2926 0.425388 85
2927 1.436837 86
2928 0.318894 85
2929 0.289419 86
2930 0.319988 85
2931 1.771244 86
2932 0.409741 85
2933 0.461118 85
2934 0.336733 86
2935 1.733558 86
2936 0.701791 86
2937 1.111988 86
2938 0.853814 86
2939 0.369512 86
2940 0.394477 86
2941 0.325884 86
2942 0.373477 86
2943 0.394035 86
2944 1.354151 86
2945 0.601500 86
2946 0.829523 86
2947 0.687326 86
2948 1.288512 86
2949 0.611353 85
2950 1.517794 97
2951 0.600546 97
2952 0.512979 97
2953 1.276165 97
2954 0.364579 95
2955 1.261082 97
2956 0.454695 95
2957 1.476052 97
2958 1.345412 97
2959 0.392832 95
2960 0.340358 95
2961 0.425295 95
2962 1.367289 97
2963 0.595691 97
2964 0.308635 96
2965 1.399505 97
2966 0.395104 96
2967 0.481115 96
2968 0.410423 97
2969 3.078557 97
2970 2.802604 96
2971 1.607000 97
2972 10.225505 97
2973 0.683794 97
2974 0.376573 96
2975 1.094124 97
2976 0.376814 97
2977 0.362031 97
2978 1.088577 97
2979 0.338969 96
2980 0.345594 96
2981 1.057959 97
2982 0.435639 97
2983 1.289701 97
2984 0.414897 97
2985 1.216412 97
2986 0.353515 97
2987 0.547134 97
2988 0.854526 97
2989 0.352526 97
2990 1.165443 97
2991 0.912103 97
2992 0.348299 97
2993 0.911381 97
2994 0.293237 97
2995 18.424804 97
2996 17.421145 69
2997 0.657835 97
2998 0.291144 97
2999 19.867134 97
3000 19.903893 103
3001 19.804010 102
3002 19.755402 102
3003 19.803366 101
3004 19.802010 101
3005 19.802020 101
3006 19.802030 101
3007 19.800020 100
3008 1.515932 103
3009 1.144049 102
3010 0.447392 102
3011 0.656765 102
3012 0.385049 103
3013 0.953647 102
3014 0.518275 102
3015 0.760814 102
3016 0.821388 103
3017 0.985196 102
3018 0.371165 103
3019 0.323657 102
3020 0.308235 102
3021 0.629748 103
3022 1.204301 103
3023 0.369294 102
3024 0.354208 101
3025 0.912408 103
3026 0.256392 102
3027 1.098379 103
3028 0.631676 102
3029 0.444196 102
3030 0.906650 103
3031 0.298461 102
3032 0.819583 103
3033 0.306882 102
3034 0.794485 103
3035 0.246431 102
3036 2.365087 103
3037 1.981843 102
3038 2.004863 102
3039 0.561340 103
3040 0.184641 103
3041 1.097350 103
3042 0.575748 103
3043 1.085379 103
3044 0.167806 103
3045 0.522903 103
3046 0.160223 103
3047 0.172010 103
3048 0.566660 103
3049 0.173961 103
3050 1.341436 94
3051 0.267591 93
3052 0.806479 94
3053 0.279021 94
3054 0.262681 94
3055 0.959457 94
3056 0.284989 94
3057 1.597851 94
3058 0.543670 94
3059 0.552872 94
3060 0.939160 94
3061 0.424883 94
3062 0.757106 94
3063 0.604872 94
3064 0.509957 94
3065 0.787511 94
3066 0.653606 94
3067 0.887734 94
3068 0.211702 94
3069 1.951447 94
3070 1.186234 94
3071 0.761298 94
3072 0.794362 94
3073 0.706234 94
3074 0.741543 94
3075 0.697064 94
3076 0.768606 94
3077 0.766064 94
3078 1.083660 94
3079 0.862979 94
3080 0.916032 94
3081 1.128170 94
3082 0.740904 94
3083 0.547851 94
3084 0.799064 94
3085 0.686723 94
3086 0.878426 94
3087 0.226074 94
3088 0.480138 94
3089 0.365521 94
3090 0.482660 94
3091 0.242968 94
3092 0.282830 94
3093 0.222500 94
3094 0.236011 94
3095 0.235862 94
3096 0.218543 94
3097 0.960613 93
3098 0.323151 93
3099 0.389753 93
3100 2.686929 99
3101 0.701616 99
3102 0.441788 99
3103 0.509374 99
3104 0.500192 99
3105 0.451684 98
3106 0.485020 99
3107 0.531303 99
3108 0.585818 99
3109 1.215444 99
3110 1.802293 99
3111 0.259622 98
3112 1.188768 99
3113 5.585101 99
3114 0.380394 99
3115 1.085071 99
3116 0.395727 99
3117 0.304949 99
3118 0.334071 99
3119 1.062525 99
3120 0.321041 98
3121 1.155667 99
3122 0.324283 99
3123 0.398838 99
3124 1.011657 99
3125 1.442273 99
3126 0.500101 99
3127 0.472374 99
3128 0.485010 99
3129 0.487162 99
3130 0.390364 99
3131 0.458182 99
3132 1.247939 99
3133 1.266202 99
3134 0.699040 99
3135 0.808929 99
3136 1.103687 99
3137 0.774899 99
3138 0.809707 99
3139 0.844919 99
3140 0.314737 99
3141 0.268606 99
3142 0.296465 99
3143 0.307303 99
3144 0.305939 99
3145 0.264202 99
3146 0.431980 99
3147 0.678384 99
3148 0.500551 98
3149 0.458404 99
3150 1.083173 104
3151 1.241173 104
3152 0.487913 103
3153 1.690462 104
3154 0.594097 103
3155 0.432165 103
3156 0.341240 104
3157 0.852481 104
3158 0.363320 103
3159 0.348262 103
3160 0.343369 103
3161 0.393117 103
3162 0.312163 104
3163 7.043692 104
3164 0.443846 104
3165 1.086904 104
3166 0.902212 104
3167 1.169981 104
3168 1.126183 104
3169 0.437365 104
3170 0.660663 104
3171 0.441471 104
3172 0.412692 104
3173 0.326317 104
3174 0.320769 104
3175 0.518058 104
3176 0.384135 104
3177 0.347837 104
3178 0.925096 104
3179 0.936433 104
3180 0.752279 104
3181 0.696250 104
3182 0.722779 104
3183 0.657029 104
3184 0.659952 104
3185 0.774567 104
3186 19.999904 104
3187 19.999712 104
3188 19.999817 104
3189 19.999740 104
3190 19.999894 104
3191 19.999856 104
3192 0.649894 104
3193 0.773625 104
3194 0.668837 104
3195 0.195683 104
3196 0.518731 104
3197 0.199827 104
3198 0.230067 104
3199 0.184240 104
3200 1.071287 108
3201 1.136528 108
3202 0.368324 108
3203 0.302785 107
3204 0.385139 108
3205 0.451084 107
3206 1.072037 108
3207 0.305972 107
3208 1.044676 108
3209 0.336636 107
3210 1.254963 108
3211 4.679523 107
3212 0.901019 108
3213 0.845537 108
3214 0.357250 108
3215 0.775611 108
3216 0.412880 108
3217 0.307315 108
3218 0.244880 108
3219 0.306380 108
3220 0.368685 108
3221 0.268019 108
3222 1.103491 108
3223 0.335620 108
3224 0.298870 108
3225 0.535685 108
3226 1.072444 108
3227 0.981935 107
3228 1.048505 107
3229 0.353449 107
3230 0.844250 108
3231 0.852426 108
3232 1.012593 108
3233 0.308009 108
3234 2.377704 108
3235 0.840769 108
3236 0.651593 108
3237 0.838204 108
3238 0.328889 108
3239 0.321389 108
3240 0.871713 108
3241 0.340861 108
3242 0.309852 108
3243 0.278528 108
3244 1.180602 108
3245 14.451537 108
3246 14.470148 108
3247 13.253380 108
3248 8.597380 108
3249 5.705296 108
3250 1.198731 108
3251 0.529383 107
3252 0.354776 107
3253 0.310234 107
3254 1.125204 108
3255 1.341287 108
3256 1.679889 108
3257 1.085636 107
3258 0.934274 106
3259 1.234387 106
3260 1.089604 106
3261 6.458528 106
3262 1.327159 107
3263 2.192083 108
3264 1.445769 108
3265 1.098519 108
3266 1.180472 108
3267 0.375278 108
3268 0.394435 108
3269 0.294667 108
3270 0.327102 108
3271 0.297481 108
3272 2.312824 108
3273 1.524037 108
3274 0.570019 106
3275 2.266935 108
3276 0.498602 108
3277 0.416167 108
3278 0.872194 108
3279 0.244611 108
3280 0.998954 108
3281 1.083741 108
3282 1.008120 108
3283 0.315213 108
3284 0.325667 108
3285 0.884056 108
3286 0.524546 108
3287 0.339667 108
3288 0.296565 108
3289 0.753130 108
3290 1.553824 108
3291 0.376426 108
3292 0.367528 108
3293 0.384620 108
3294 0.317352 108
3295 2.372981 108
3296 0.742130 108
3297 1.016500 108
3298 0.741926 108
3299 0.701139 108
3300 1.290975 119
3301 1.476126 119
3302 4.155277 119
3303 2.852619 118
3304 2.822222 117
3305 3.047880 117
3306 6.572294 119
3307 7.894436 117
3308 8.486686 118
3309 5.524385 117
3310 5.326483 118
3311 1.309866 119
3312 0.417752 117
3313 0.401314 118
3314 1.059908 119
3315 0.342754 118
3316 1.185042 119
3317 2.486723 119
3318 2.800723 119
3319 1.919093 118
3320 2.021763 118
3321 1.876712 118
3322 1.118681 119
3323 0.723958 118
3324 0.918345 119
3325 0.331950 119
3326 0.968034 119
3327 1.031202 119
3328 1.309235 119
3329 4.157613 119
3330 0.487697 119
3331 8.384933 119
3332 0.871244 119
3333 1.017815 119
3334 0.280471 119
3335 3.771361 119
3336 0.851176 119
3337 0.226185 119
3338 0.709521 119
3339 0.516992 119
3340 0.865731 119
3341 6.285042 119
3342 5.058857 119
3343 0.753109 119
3344 0.727756 119
3345 0.712479 119
3346 0.413412 119
3347 0.387639 119
3348 0.615227 119
3349 2.970782 119
3350 3.973918 85
3351 1.790753 85
3352 1.261518 85
3353 1.064435 85
3354 2.008753 85
3355 2.874714 84
3356 1.583600 85
3357 0.431262 84
3358 0.518471 85
3359 0.911600 85
3360 1.054824 85
3361 0.249494 85
3362 1.322141 85
3363 1.000565 85
3364 0.366565 85
3365 0.286294 85
3366 0.316094 85
3367 1.351659 85
3368 0.364353 85
3369 2.211624 85
3370 1.419694 85
3371 0.975071 85
3372 0.399600 85
3373 0.310024 85
3374 1.444282 85
3375 0.414298 84
3376 1.312835 85
3377 0.977788 85
3378 1.364894 85
3379 0.318452 84
3380 0.352143 84
3381 1.324047 85
3382 0.374329 85
3383 0.301929 85
3384 1.332376 85
3385 0.324167 84
3386 0.358459 85
3387 1.391482 85
3388 0.649953 85
3389 0.968071 85
3390 0.913729 85
3391 1.729094 85
3392 1.379424 85
3393 1.913671 85
3394 1.332753 85
3395 2.014224 85
3396 1.565047 85
3397 1.324706 85
3398 19.986647 85
3399 0.685529 85
3400 1.095968 95
3401 1.245905 95
3402 1.479853 95
3403 0.238568 95
3404 1.223053 95
3405 0.347021 94
3406 0.316138 94
3407 1.311168 95
3408 0.598415 94
3409 1.091768 95
3410 0.317511 94
3411 0.421589 95
3412 0.673053 95
3413 0.935221 95
3414 0.267874 95
3415 0.309063 95
3416 0.860105 95
3417 1.002284 95
3418 0.296585 94
3419 0.315255 94
3420 0.934442 95
3421 0.484947 95
3422 0.397463 95
3423 2.551368 95
3424 1.270232 95
3425 1.525389 95
3426 4.731147 95
3427 4.301263 95
3428 1.271589 95
3429 1.203674 95
3430 1.057726 95
3431 0.281905 95
3432 0.279411 95
3433 0.720947 95
3434 0.420179 95
3435 0.256779 95
3436 0.684463 95
3437 0.269411 95
3438 0.297853 95
3439 1.647684 95
3440 0.268758 95
3441 0.681821 95
3442 0.222221 95
3443 0.216242 95
3444 2.665895 95
3445 0.296495 95
3446 1.007200 95
3447 1.934287 94
3448 2.538726 95
3449 0.426463 95
3450 3.730730 115
3451 1.479965 115
3452 2.417287 115
3453 1.069553 114
3454 1.284920 113
3455 1.087435 115
3456 0.448496 113
3457 0.398708 113
3458 2.056078 115
3459 1.317870 115
3460 0.427482 114
3461 1.464635 115
3462 1.432722 115
3463 0.904722 115
3464 1.958496 115
3465 0.843504 115
3466 0.986078 115
3467 0.699748 115
3468 0.773330 115
3469 1.248765 115
3470 0.399070 115
3471 0.967174 115
3472 12.309817 115
3473 11.101617 115
3474 0.991974 115
3475 1.012696 115
3476 0.321061 115
3477 0.316061 115
3478 2.316043 115
3479 1.171374 115
3480 1.138357 115
3481 1.664539 115
3482 0.783548 115
3483 1.088965 115
3484 0.303235 115
3485 0.339165 115
3486 2.037791 115
3487 1.124209 115
3488 0.731452 115
3489 0.995861 115
3490 0.942765 115
3491 0.579330 115
3492 0.975035 115
3493 0.281739 115
3494 0.311009 115
3495 0.913183 115
3496 0.287200 115
3497 0.275383 115
3498 1.030365 115
3499 0.283496 115
3500 1.616041 97
3501 1.648629 97
3502 0.388229 96
3503 0.358958 96
3504 1.320619 97
3505 0.698740 96
3506 0.634938 96
3507 1.654897 97
3508 0.427896 96
3509 0.454845 97
3510 1.098216 97
3511 0.608448 96
3512 0.408365 96
3513 19.888196 97
3514 19.792063 96
3515 19.588330 97
3516 0.876691 97
3517 0.953990 97
3518 0.325598 97
3519 0.389165 97
3520 6.116144 97
3521 1.030237 97
3522 0.321928 97
3523 0.374938 97
3524 1.040588 97
3525 0.351536 97
3526 0.398526 97
3527 1.387928 97
3528 1.395124 97
3529 0.748361 97
3530 0.670711 97
3531 1.178680 97
3532 0.331155 97
3533 0.287552 96
3534 3.643402 97
3535 1.157948 97
3536 0.366144 97
3537 0.506464 97
3538 1.017268 97
3539 1.255072 97
3540 1.115753 97
3541 0.763608 97
3542 0.793639 97
3543 0.730825 97
3544 0.646588 97
3545 1.312340 97
3546 0.254485 97
3547 0.641577 97
3548 0.649351 97
3549 0.966794 97
3550 1.430368 106
3551 1.708745 106
3552 1.934009 106
3553 1.254651 106
3554 0.358962 104
3555 1.660915 106
3556 1.343302 106
3557 1.715057 106
3558 1.095642 106
3559 1.561802 106
3560 1.402764 106
3561 2.851557 106
3562 1.398358 106
3563 0.414179 106
3564 1.205925 106
3565 1.543311 106
3566 2.791906 106
3567 0.952991 106
3568 1.149425 106
3569 1.717726 106
3570 1.185642 106
3571 0.388811 106
3572 1.878689 106
3573 2.170981 106
3574 1.793321 106
3575 0.410830 106
3576 1.144896 106
3577 1.065660 106
3578 2.179425 106
3579 14.897151 106
3580 1.158802 106
3581 0.803226 106
3582 1.376679 106
3583 0.789623 106
3584 0.663368 106
3585 1.133198 106
3586 1.622623 106
3587 0.624736 106
3588 0.208047 106
3589 1.662981 106
3590 0.673783 106
3591 6.529160 106
3592 0.942264 106
3593 0.781264 106
3594 0.680151 106
3595 0.571953 106
3596 0.778292 106
3597 0.644604 106
3598 0.585151 106
3599 0.188009 106
3600 4.065926 95
3601 0.993726 95
3602 1.469495 95
3603 1.429737 95
3604 13.913484 95
3605 1.210632 95
3606 1.492211 95
3607 1.222526 95
3608 0.338653 95
3609 1.630000 95
3610 0.997295 95
3611 1.508874 95
3612 1.322084 95
3613 1.024589 95
3614 1.060358 95
3615 0.273263 95
3616 1.182832 95
3617 0.489032 95
3618 1.437421 95
3619 0.852189 95
3620 0.523011 95
3621 1.118821 95
3622 0.344137 95
3623 1.333453 95
3624 0.393191 94
3625 0.989579 95
3626 1.268274 95
3627 1.221379 95
3628 1.785221 95
3629 1.697000 95
3630 1.891600 95
3631 1.118821 95
3632 1.310368 95
3633 1.411474 95
3634 0.912211 95
3635 0.404095 95
3636 1.261958 95
3637 1.793495 95
3638 1.753326 95
3639 0.797947 95
3640 0.467179 95
3641 0.511695 95
3642 0.760095 95
3643 0.637789 95
3644 1.663063 95
3645 0.486432 95
3646 0.975811 95
3647 1.088242 95
3648 18.763547 95
3649 0.408863 95
3650 1.260754 114
3651 2.373623 114
3652 1.065684 114
3653 1.270114 114
3654 1.959237 114
3655 2.122956 114
3656 1.031123 114
3657 20.000000 114
3658 3.188965 114
3659 3.027605 114
3660 1.190886 114
3661 1.423868 114
3662 2.048140 114
3663 0.805860 114
3664 19.668351 114
3665 1.204798 114
3666 2.724526 114
3667 1.350746 114
3668 1.793105 114
3669 0.865307 114
3670 2.945272 114
3671 0.685719 114
3672 1.018930 114
3673 1.006667 114
3674 0.968860 114
3675 0.991035 114
3676 1.585544 114
3677 1.608719 114
3678 0.611439 114
3679 1.132930 114
3680 1.030956 114
3681 0.781184 114
3682 0.641509 114
3683 0.555044 114
3684 0.558009 114
3685 1.033333 114
3686 0.982605 114
3687 0.714746 114
3688 0.411544 114
3689 1.575263 114
3690 0.609728 114
3691 2.550614 114
3692 0.767877 114
3693 0.445588 114
3694 0.399675 114
3695 0.447167 114
3696 0.719281 114
3697 0.489211 114
3698 1.281684 114
3699 0.889974 114
3700 1.574723 101
3701 1.466851 101
3702 1.621970 101
3703 1.287059 101
3704 1.491396 101
3705 1.386356 101
3706 1.482594 101
3707 1.739624 101
3708 1.322099 101
3709 1.126535 101
3710 1.113921 101
3711 3.074089 101
3712 1.203683 101
3713 1.084069 101
3714 0.999950 101
3715 2.105723 101
3716 1.114059 101
3717 1.488970 101
3718 1.371317 101
3719 1.095653 101
3720 18.405188 101
3721 1.044911 101
3722 1.704851 101
3723 1.320723 101
3724 1.180416 101
3725 0.972485 101
3726 1.192792 101
3727 1.140218 101
3728 1.201970 101
3729 1.024337 101
3730 1.065505 101
3731 1.664287 101
3732 2.060356 101
3733 0.891792 101
3734 0.823109 101
3735 1.338683 101
3736 1.212426 101
3737 1.053950 101
3738 2.247792 101
3739 0.980515 101
3740 0.860287 101
3741 0.795495 101
3742 0.852317 101
3743 0.643634 101
3744 1.589277 101
3745 0.622149 101
3746 1.137287 101
3747 0.581842 101
3748 0.696624 101
3749 0.757030 101
3750 1.346053 114
3751 1.561079 114
3752 2.017395 114
3753 2.927789 114
3754 1.347228 114
3755 0.951237 114
3756 1.774798 114
3757 0.819202 114
3758 1.188465 114
3759 0.933947 114
3760 0.990325 114
3761 0.899009 114
3762 3.742061 114
3763 1.156851 114
3764 0.860237 114
3765 0.947395 114
3766 2.668018 114
3767 19.317746 114
3768 2.901974 114
3769 0.979053 114
3770 1.304333 114
3771 1.162728 114
3772 1.227763 114
3773 0.788237 114
3774 0.995175 114
3775 1.141886 114
3776 9.546781 114
3777 0.782272 114
3778 4.494614 114
3779 4.144175 114
3780 0.672061 114
3781 2.116360 114
3782 14.626526 114
3783 1.786430 114
3784 0.717570 114
3785 0.643526 114
3786 20.000000 114
3787 0.505754 114
3788 0.779807 114
3789 0.748518 114
3790 0.658105 114
3791 0.511763 114
3792 0.526825 114
3793 0.456912 114
3794 0.655553 114
3795 0.483105 114
3796 0.602719 114
3797 0.725026 114
3798 0.463342 114
3799 0.437228 114
3800 1.172374 107
3801 1.437916 107
3802 13.839065 107
3803 1.456327 107
3804 3.190112 107
3805 1.031374 107
3806 1.259421 107
3807 1.203421 107
3808 0.995318 107
3809 2.528523 107
3810 1.633065 107
3811 1.042841 107
3812 1.144467 107
3813 1.211804 107
3814 1.075916 107
3815 1.114000 107
3816 1.376318 107
3817 1.198925 107
3818 1.292907 107
3819 1.065215 107
3820 1.035673 107
3821 11.785729 107
3822 1.120981 107
3823 0.868860 107
3824 1.617916 107
3825 1.919505 107
3826 2.245869 107
3827 1.084710 107
3828 1.303785 107
3829 1.278729 107
3830 0.903009 107
3831 1.096701 107
3832 1.018411 107
3833 0.904972 107
3834 0.696701 107
3835 0.960009 107
3836 1.014374 107
3837 2.667252 107
3838 2.642150 107
3839 0.705617 107
3840 1.211822 107
3841 0.608047 107
3842 0.814252 107
3843 0.703065 107
3844 0.825617 107
3845 0.991879 107
3846 1.123607 107
3847 0.886523 107
3848 0.903766 107
3849 0.867000 107
3850 1.253142 106
3851 3.781321 106
3852 1.576387 106
3853 1.621132 106
3854 1.314292 106
3855 1.086368 106
3856 1.204915 106
3857 1.201717 106
3858 1.458491 106
3859 1.082094 106
3860 1.936896 106
3861 1.060283 106
3862 1.356651 106
3863 1.624292 106
3864 1.515179 106
3865 3.237396 106
3866 1.642500 106
3867 1.105906 106
3868 1.273868 106
3869 1.333755 106
3870 1.142906 106
3871 0.998585 106
3872 1.807453 106
3873 3.315377 106
3874 1.104538 106
3875 0.990255 106
3876 1.448208 106
3877 1.821292 106
3878 0.911368 106
3879 1.209972 106
3880 1.117368 106
3881 0.973519 106
3882 1.042368 106
3883 0.860566 106
3884 1.151377 106
3885 1.116302 106
3886 1.966132 106
3887 0.894830 106
3888 1.780736 106
3889 1.463660 106
3890 0.893726 106
3891 0.922311 106
3892 0.842132 106
3893 1.039406 106
3894 18.338085 106
3895 1.004613 106
3896 0.423887 106
3897 0.712830 106
3898 0.620311 106
3899 0.543981 106
3900 5.159788 113
3901 1.313628 113
3902 0.930912 113
3903 1.187832 113
3904 1.018796 113
3905 0.990124 113
3906 7.056221 113
3907 1.200434 113
3908 0.868416 113
3909 1.859673 113
3910 0.937991 113
3911 1.791496 113
3912 1.098637 113
3913 0.860681 113
3914 0.897018 113
3915 0.757522 113
3916 0.862513 113
3917 0.993743 113
3918 0.823035 113
3919 1.241487 113
3920 19.034938 113
3921 19.288230 113
3922 1.106442 113
3923 0.979761 113
3924 0.720310 113
3925 9.590504 113
3926 1.857124 113
3927 1.437513 113
3928 1.021673 113
3929 1.513115 113
3930 0.566947 113
3931 0.751310 113
3932 0.902912 113
3933 0.525735 113
3934 0.492363 113
3935 0.435487 113
3936 0.402717 113
3937 0.419071 113
3938 0.694575 113
3939 0.940204 113
3940 9.736168 113
3941 0.494504 113
3942 0.553310 113
3943 0.676735 113
3944 0.482381 113
3945 1.795770 113
3946 0.411363 113
3947 0.284336 113
3948 0.406894 113
3949 0.967690 113
3950 1.458959 121
3951 1.426860 121
3952 1.132934 121
3953 3.236802 121
3954 1.426066 121
3955 5.227818 121
3956 2.126860 121
3957 1.209860 121
3958 0.965496 121
3959 1.327661 121
3960 1.670116 121
3961 1.095661 121
3962 1.102992 121
3963 1.289355 121
3964 0.901851 121
3965 2.159289 121
3966 1.063818 121
3967 1.430975 121
3968 1.296719 121
3969 1.937686 121
3970 1.312008 121
3971 1.168306 121
3972 0.995339 121
3973 0.951215 121
3974 1.151554 121
3975 16.810000 121
3976 0.858975 121
3977 1.142529 121
3978 3.012719 121
3979 0.972661 121
3980 19.999909 121
3981 1.056107 121
3982 0.654711 121
3983 0.831851 121
3984 0.954942 121
3985 2.040364 121
3986 6.410645 121
3987 0.965306 121
3988 7.532893 121
3989 5.437157 121
3990 1.372190 121
3991 1.479579 121
3992 1.970289 121
3993 1.610512 121
3994 1.031149 121
3995 0.986430 121
3996 1.392099 121
3997 0.686603 121
3998 0.906488 121
3999 1.254736 121
4000 4.961009 115
4001 1.555948 115
4002 1.743696 115
4003 1.195017 115
4004 16.928339 115
4005 0.851713 115
4006 1.538130 115
4007 1.799339 115
4008 2.547113 115
4009 0.670661 115
4010 2.012000 115
4011 1.245504 115
4012 0.757591 115
4013 1.764617 115
4014 2.148296 115
4015 4.644574 115
4016 2.059974 115
4017 3.183930 115
4018 1.846365 115
4019 1.506861 115
4020 1.149609 115
4021 1.054904 115
4022 0.947461 115
4023 0.805157 115
4024 1.097035 115
4025 1.383696 115
4026 1.021522 115
4027 3.095113 115
4028 0.979391 115
4029 0.841565 115
4030 1.099226 115
4031 5.402070 115
4032 1.993139 115
4033 1.278226 115
4034 1.236043 115
4035 5.022913 115
4036 0.765209 115
4037 0.730113 115
4038 0.735861 115
4039 0.869739 115
4040 20.000000 115
4041 0.504104 115
4042 0.662557 115
4043 0.455696 115
4044 0.987548 115
4045 1.297670 115
4046 0.849548 115
4047 0.459783 115
4048 0.654704 115
4049 0.421774 115
4050 1.467736 121
4051 0.727620 121
4052 3.033306 121
4053 1.721587 121
4054 1.171331 121
4055 1.075380 121
4056 0.965306 121
4057 2.136678 121
4058 18.233240 121
4059 1.135421 121
4060 3.993818 121
4061 0.845306 121
4062 0.696314 121
4063 0.961190 121
4064 1.467992 121
4065 0.747074 121
4066 1.712421 121
4067 4.280645 121
4068 1.964587 121
4069 1.798612 121
4070 0.812256 121
4071 0.333215 121
4072 0.878512 121
4073 1.304826 121
4074 7.071636 121
4075 0.800339 121
4076 0.258975 121
4077 0.784884 121
4078 2.401793 121
4079 0.939273 121
4080 0.744380 121
4081 1.091207 121
4082 0.770537 121
4083 0.803165 121
4084 0.756380 121
4085 1.097719 121
4086 1.736653 121
4087 1.356281 121
4088 1.893256 121
4089 0.602876 121
4090 0.667636 121
4091 1.306926 121
4092 1.051537 121
4093 15.897512 121
4094 0.661347 121
4095 0.468562 121
4096 0.492967 121
4097 0.608818 121
4098 0.647661 121
4099 0.409975 121
4100 1.198974 116
4101 1.604621 116
4102 0.489070 114
4103 0.718383 115
4104 1.012698 116
4105 0.358922 115
4106 3.031897 116
4107 19.777552 116
4108 1.304500 116
4109 15.834716 116
4110 1.045517 116
4111 1.007216 116
4112 2.733397 116
4113 1.054319 116
4114 1.097578 116
4115 0.738172 116
4116 0.304595 116
4117 1.477983 116
4118 0.949707 116
4119 1.174638 116
4120 0.918017 116
4121 19.999810 116
4122 1.074759 116
4123 1.172353 116
4124 0.774500 116
4125 0.260776 116
4126 0.762224 116
4127 1.013267 116
4128 0.957578 116
4129 0.894586 116
4130 0.678871 116
4131 0.259957 116
4132 0.933388 116
4133 0.859233 116
4134 0.792052 116
4135 0.847603 116
4136 0.669672 116
4137 0.954966 116
4138 0.654733 116
4139 0.991379 116
4140 10.119181 116
4141 5.354879 116
4142 1.141043 116
4143 0.996250 116
4144 1.198483 116
4145 0.867241 116
4146 2.294612 116
4147 0.756552 116
4148 0.594517 116
4149 0.240991 116
4150 2.380211 114
4151 2.126412 114
4152 1.367912 114
4153 1.578491 114
4154 0.929482 114
4155 0.861246 114
4156 5.189395 114
4157 1.232430 114
4158 0.970044 114
4159 0.340237 114
4160 2.049447 114
4161 3.188675 114
4162 0.455114 114
4163 1.129746 114
4164 0.907868 114
4165 11.851614 114
4166 1.910851 114
4167 1.800807 114
4168 1.046035 114
4169 1.324772 114
4170 1.249018 114
4171 1.284298 114
4172 0.900684 114
4173 0.344956 114
4174 1.130939 114
4175 1.179605 114
4176 1.181325 114
4177 1.268219 114
4178 0.696658 114
4179 1.031930 114
4180 1.047842 114
4181 0.915851 114
4182 0.364482 114
4183 2.208298 114
4184 0.335860 114
4185 0.777368 114
4186 0.720246 114
4187 0.820693 114
4188 0.324053 114
4189 1.584193 114
4190 0.797825 114
4191 0.263430 114
4192 0.872316 114
4193 0.859132 114
4194 0.780886 114
4195 0.344947 114
4196 1.602632 114
4197 1.004544 114
4198 0.669342 114
4199 0.764447 114
4200 1.649767 120
4201 1.389142 120
4202 0.913975 120
4203 1.130700 120
4204 1.758625 120
4205 1.235175 120
4206 0.688345 119
4207 1.200942 120
4208 0.772375 120
4209 2.014667 120
4210 0.990775 120
4211 0.393450 120
4212 1.232217 120
4213 1.366408 120
4214 0.515542 120
4215 1.343892 120
4216 0.359242 120
4217 1.605433 120
4218 0.830550 120
4219 1.561150 120
4220 1.427825 120
4221 1.013475 120
4222 2.274375 120
4223 1.104117 120
4224 0.860817 120
4225 1.098017 120
4226 1.051917 120
4227 1.162542 120
4228 1.156992 120
4229 1.013375 120
4230 0.949425 120
4231 1.025725 120
4232 0.890533 120
4233 1.133308 120
4234 1.655558 120
4235 1.689458 120
4236 1.203633 120
4237 1.293808 120
4238 0.722708 120
4239 0.868667 120
4240 0.315658 120
4241 0.294700 120
4242 1.071400 120
4243 0.392742 120
4244 0.296592 120
4245 0.322250 120
4246 0.854917 120
4247 0.959183 120
4248 1.191525 120
4249 17.672400 120
4250 17.142837 104
4251 18.417558 104
4252 17.705135 104
4253 17.481738 103
4254 17.058327 104
4255 18.182404 104
4256 15.566317 104
4257 13.312827 104
4258 18.232721 104
4259 17.469702 104
4260 16.939962 104
4261 16.178471 104
4262 16.643702 104
4263 17.352365 104
4264 14.887058 104
4265 16.716615 104
4266 12.728721 104
4267 17.053760 104
4268 13.067510 104
4269 9.824558 104
4270 6.192798 104
4271 3.973731 104
4272 2.262202 104
4273 0.897192 104
4274 18.623529 104
4275 19.999767 103
4276 18.662107 103
4277 19.999709 103
4278 9.518010 104
4279 2.307731 104
4280 1.663538 104
4281 0.576327 104
4282 2.224567 104
4283 0.723048 104
4284 1.164135 104
4285 1.077154 104
4286 1.051510 104
4287 4.123712 104
4288 2.040529 104
4289 1.286683 104
4290 0.575356 104
4291 0.177048 104
4292 0.301981 104
4293 0.252346 104
4294 0.437433 104
4295 0.225413 104
4296 0.191673 104
4297 0.170038 104
4298 0.916779 104
4299 0.230798 104
4300 1.315689 106
4301 0.428896 106
4302 0.400200 105
4303 0.409971 105
4304 0.307552 105
4305 0.314152 105
4306 1.149009 106
4307 1.549689 106
4308 0.417419 105
4309 0.369333 105
4310 1.044670 106
4311 1.233132 106
4312 0.383783 106
4313 0.356800 105
4314 0.368358 106
4315 0.357667 105
4316 0.546419 105
4317 1.651557 106
4318 3.948708 106
4319 0.992160 106
4320 1.828085 106
4321 1.871604 106
4322 1.382566 106
4323 1.654283 106
4324 1.632217 106
4325 1.022887 106
4326 3.467000 106
4327 0.520726 106
4328 0.673906 106
4329 1.569358 106
4330 1.033642 106
4331 0.599047 106
4332 1.261755 106
4333 0.940717 106
4334 1.087991 106
4335 1.246057 106
4336 1.371377 106
4337 1.609538 106
4338 0.949953 106
4339 0.293038 106
4340 0.920953 106
4341 0.845934 106
4342 1.086689 106
4343 0.775651 106
4344 17.810896 106
4345 17.304453 106
4346 17.839274 106
4347 17.332585 106
4348 17.729198 106
4349 17.993075 106
4350 13.953264 106
4351 0.952623 106
4352 1.088660 106
4353 1.218698 106
4354 13.335340 106
4355 14.384226 106
4356 0.940340 106
4357 0.934632 106
4358 14.283623 106
4359 12.319255 106
4360 12.487717 106
4361 7.941774 106
4362 4.489472 106
4363 3.729689 106
4364 3.044783 106
4365 2.790377 106
4366 2.012198 106
4367 2.550547 106
4368 1.872047 106
4369 2.174132 106
4370 2.496236 106
4371 2.343821 106
4372 2.049198 106
4373 1.919915 106
4374 1.347745 106
4375 1.366764 106
4376 1.611396 106
4377 1.639670 106
4378 1.748934 106
4379 0.713509 106
4380 0.212198 106
4381 0.213311 106
4382 0.263972 106
4383 0.247670 106
4384 0.199255 106
4385 0.180802 106
4386 0.274179 106
4387 0.221425 106
4388 7.928868 106
4389 0.750717 106
4390 0.640491 106
4391 0.172849 106
4392 0.374038 106
4393 0.205132 106
4394 0.449358 106
4395 0.204047 106
4396 0.194632 106
4397 0.195255 106
4398 0.327868 106
4399 0.180491 106
4400 1.432854 89
4401 0.519909 88
4402 0.385708 89
4403 0.384955 89
4404 0.368068 88
4405 0.325511 88
4406 0.858798 89
4407 0.721899 89
4408 0.874573 89
4409 0.750629 89
4410 0.857315 89
4411 0.631180 89
4412 1.144539 89
4413 1.283022 89
4414 0.762337 89
4415 0.413663 89
4416 0.572281 89
4417 1.721517 89
4418 0.822854 89
4419 0.855191 89
4420 0.589034 89
4421 1.665213 89
4422 1.331596 89
4423 0.732831 89
4424 0.528506 89
4425 1.721517 89
4426 1.169640 89
4427 0.816629 89
4428 1.149303 89
4429 1.862753 89
4430 0.453461 89
4431 0.501843 89
4432 0.838730 89
4433 2.662674 89
4434 0.781483 89
4435 0.878708 89
4436 0.804494 89
4437 1.522966 89
4438 0.999112 89
4439 0.771371 89
4440 0.390135 89
4441 1.244607 89
4442 0.930933 89
4443 0.444944 89
4444 0.608270 89
4445 1.408629 89
4446 1.142348 89
4447 0.569843 89
4448 0.837404 89
4449 1.224727 88
4450 1.835020 102
4451 0.731931 102
4452 0.547745 102
4453 1.224696 102
4454 1.343392 102
4455 0.413752 101
4456 0.989049 102
4457 0.294775 102
4458 1.197706 102
4459 0.304460 100
4460 0.948735 102
4461 0.227307 101
4462 0.844608 102
4463 0.297559 102
4464 0.962392 102
4465 0.403431 102
4466 0.958716 102
4467 0.833304 102
4468 0.763510 102
4469 0.244343 102
4470 0.949039 102
4471 0.985627 102
4472 0.244461 102
4473 1.774863 102
4474 2.470147 102
4475 1.320833 102
4476 1.120863 102
4477 0.311931 102
4478 0.985824 102
4479 0.968255 102
4480 1.785294 102
4481 1.152265 102
4482 0.743578 102
4483 19.699598 102
4484 1.085824 102
4485 0.787412 102
4486 0.787010 102
4487 0.719676 102
4488 1.545510 102
4489 0.745529 102
4490 0.768608 102
4491 0.700020 102
4492 0.999245 102
4493 0.544529 102
4494 0.659853 102
4495 0.742000 102
4496 0.939824 102
4497 0.713784 102
4498 0.946471 102
4499 1.224343 102
