0 0.830986
1 0.830986
2 0.830986
3 0.830986
4 0.830986
5 0.830986
6 0.830986
7 0.816901
8 0.830986
9 0.830986
10 0.830986
11 0.830986
12 0.830986
13 0.830986
14 0.830986
15 0.830986
16 0.830986
17 0.830986
18 0.830986
19 0.823944
20 0.823944
21 0.830986
22 0.816901
23 0.830986
24 0.823944
25 0.830986
26 0.830986
27 0.830986
28 0.830986
29 0.830986
30 0.830986
31 0.830986
32 0.830986
33 0.830986
34 0.823944
35 0.823944
36 0.823944
37 0.830986
38 0.830986
39 0.823944
40 0.830986
41 0.830986
42 0.830986
43 0.830986
44 0.823944
45 0.830986
46 0.823944
47 0.830986
48 0.816901
49 0.830986
50 0.816901
51 0.816901
52 0.809859
53 0.816901
54 0.816901
55 0.816901
56 0.809859
57 0.816901
58 0.816901
59 0.816901
60 0.816901
61 0.816901
62 0.816901
63 0.816901
64 0.816901
65 0.816901
66 0.816901
67 0.816901
68 0.816901
69 0.816901
70 0.809859
71 0.809859
72 0.809859
73 0.816901
74 0.816901
75 0.809859
76 0.809859
77 0.816901
78 0.809859
79 0.809859
80 0.809859
81 0.809859
82 0.816901
83 0.816901
84 0.809859
85 0.816901
86 0.809859
87 0.809859
88 0.809859
89 0.816901
90 0.816901
91 0.816901
92 0.816901
93 0.816901
94 0.816901
95 0.816901
96 0.816901
97 0.816901
98 0.809859
99 0.809859
100 0.654930
101 0.647887
102 0.654930
103 0.654930
104 0.654930
105 0.647887
106 0.647887
107 0.654930
108 0.654930
109 0.654930
110 0.654930
111 0.654930
112 0.654930
113 0.654930
114 0.654930
115 0.654930
116 0.654930
117 0.654930
118 0.654930
119 0.654930
120 0.654930
121 0.654930
122 0.654930
123 0.654930
124 0.654930
125 0.654930
126 0.654930
127 0.654930
128 0.654930
129 0.654930
130 0.654930
131 0.654930
132 0.654930
133 0.654930
134 0.654930
135 0.654930
136 0.654930
137 0.654930
138 0.654930
139 0.647887
140 0.647887
141 0.654930
142 0.654930
143 0.654930
144 0.654930
145 0.654930
146 0.654930
147 0.654930
148 0.654930
149 0.654930
150 0.697183
151 0.690141
152 0.697183
153 0.697183
154 0.697183
155 0.697183
156 0.697183
157 0.697183
158 0.697183
159 0.697183
160 0.697183
161 0.697183
162 0.697183
163 0.697183
164 0.697183
165 0.690141
166 0.690141
167 0.697183
168 0.697183
169 0.697183
170 0.690141
171 0.697183
172 0.697183
173 0.690141
174 0.690141
175 0.690141
176 0.690141
177 0.690141
178 0.690141
179 0.697183
180 0.690141
181 0.690141
182 0.690141
183 0.690141
184 0.690141
185 0.690141
186 0.690141
187 0.690141
188 0.690141
189 0.690141
190 0.690141
191 0.690141
192 0.690141
193 0.690141
194 0.690141
195 0.690141
196 0.690141
197 0.697183
198 0.690141
199 0.690141
200 0.669014
201 0.676056
202 0.669014
203 0.669014
204 0.669014
205 0.669014
206 0.669014
207 0.669014
208 0.676056
209 0.669014
210 0.669014
211 0.669014
212 0.669014
213 0.669014
214 0.669014
215 0.669014
216 0.669014
217 0.669014
218 0.669014
219 0.669014
220 0.669014
221 0.669014
222 0.669014
223 0.669014
224 0.669014
225 0.669014
226 0.676056
227 0.669014
228 0.676056
229 0.669014
230 0.669014
231 0.669014
232 0.669014
233 0.669014
234 0.669014
235 0.669014
236 0.669014
237 0.669014
238 0.669014
239 0.669014
240 0.669014
241 0.669014
242 0.676056
243 0.669014
244 0.669014
245 0.669014
246 0.676056
247 0.669014
248 0.669014
249 0.669014
250 0.697183
251 0.697183
252 0.697183
253 0.697183
254 0.697183
255 0.697183
256 0.697183
257 0.697183
258 0.697183
259 0.697183
260 0.697183
261 0.697183
262 0.697183
263 0.697183
264 0.697183
265 0.697183
266 0.697183
267 0.697183
268 0.697183
269 0.697183
270 0.697183
271 0.697183
272 0.697183
273 0.697183
274 0.697183
275 0.697183
276 0.697183
277 0.697183
278 0.697183
279 0.697183
280 0.697183
281 0.697183
282 0.697183
283 0.697183
284 0.697183
285 0.690141
286 0.690141
287 0.690141
288 0.690141
289 0.690141
290 0.690141
291 0.690141
292 0.690141
293 0.690141
294 0.690141
295 0.690141
296 0.690141
297 0.690141
298 0.690141
299 0.690141
300 0.711268
301 0.711268
302 0.711268
303 0.711268
304 0.711268
305 0.711268
306 0.711268
307 0.711268
308 0.711268
309 0.711268
310 0.711268
311 0.711268
312 0.711268
313 0.711268
314 0.711268
315 0.711268
316 0.711268
317 0.711268
318 0.711268
319 0.711268
320 0.711268
321 0.711268
322 0.711268
323 0.711268
324 0.711268
325 0.711268
326 0.711268
327 0.711268
328 0.711268
329 0.711268
330 0.711268
331 0.711268
332 0.711268
333 0.711268
334 0.711268
335 0.711268
336 0.711268
337 0.711268
338 0.711268
339 0.711268
340 0.711268
341 0.711268
342 0.711268
343 0.711268
344 0.711268
345 0.711268
346 0.711268
347 0.711268
348 0.711268
349 0.711268
350 0.760563
351 0.760563
352 0.760563
353 0.760563
354 0.760563
355 0.760563
356 0.760563
357 0.760563
358 0.760563
359 0.760563
360 0.760563
361 0.760563
362 0.760563
363 0.760563
364 0.760563
365 0.760563
366 0.760563
367 0.760563
368 0.760563
369 0.760563
370 0.760563
371 0.760563
372 0.760563
373 0.760563
374 0.760563
375 0.760563
376 0.760563
377 0.760563
378 0.760563
379 0.760563
380 0.760563
381 0.760563
382 0.760563
383 0.760563
384 0.760563
385 0.760563
386 0.760563
387 0.760563
388 0.760563
389 0.760563
390 0.760563
391 0.760563
392 0.760563
393 0.760563
394 0.760563
395 0.760563
396 0.760563
397 0.760563
398 0.760563
399 0.760563
400 0.711268
401 0.711268
402 0.711268
403 0.711268
404 0.711268
405 0.711268
406 0.711268
407 0.711268
408 0.711268
409 0.711268
410 0.711268
411 0.711268
412 0.711268
413 0.711268
414 0.711268
415 0.711268
416 0.711268
417 0.711268
418 0.711268
419 0.711268
420 0.711268
421 0.711268
422 0.704225
423 0.711268
424 0.704225
425 0.711268
426 0.704225
427 0.704225
428 0.711268
429 0.704225
430 0.704225
431 0.704225
432 0.704225
433 0.704225
434 0.704225
435 0.704225
436 0.704225
437 0.704225
438 0.704225
439 0.704225
440 0.704225
441 0.704225
442 0.711268
443 0.704225
444 0.711268
445 0.704225
446 0.711268
447 0.704225
448 0.711268
449 0.704225
450 0.746479
451 0.739437
452 0.746479
453 0.739437
454 0.739437
455 0.739437
456 0.746479
457 0.739437
458 0.739437
459 0.746479
460 0.746479
461 0.746479
462 0.746479
463 0.746479
464 0.746479
465 0.746479
466 0.746479
467 0.746479
468 0.746479
469 0.746479
470 0.746479
471 0.746479
472 0.746479
473 0.746479
474 0.746479
475 0.746479
476 0.746479
477 0.746479
478 0.746479
479 0.746479
480 0.746479
481 0.746479
482 0.746479
483 0.746479
484 0.739437
485 0.739437
486 0.746479
487 0.739437
488 0.739437
489 0.746479
490 0.746479
491 0.739437
492 0.739437
493 0.746479
494 0.739437
495 0.739437
496 0.746479
497 0.739437
498 0.746479
499 0.746479
500 0.809859
501 0.809859
502 0.802817
503 0.809859
504 0.809859
505 0.802817
506 0.802817
507 0.809859
508 0.809859
509 0.809859
510 0.809859
511 0.809859
512 0.809859
513 0.809859
514 0.809859
515 0.809859
516 0.809859
517 0.809859
518 0.809859
519 0.809859
520 0.809859
521 0.809859
522 0.809859
523 0.809859
524 0.809859
525 0.809859
526 0.809859
527 0.809859
528 0.809859
529 0.809859
530 0.809859
531 0.802817
532 0.809859
533 0.809859
534 0.802817
535 0.809859
536 0.809859
537 0.809859
538 0.809859
539 0.802817
540 0.802817
541 0.802817
542 0.809859
543 0.809859
544 0.788732
545 0.809859
546 0.809859
547 0.809859
548 0.809859
549 0.802817
550 0.718310
551 0.711268
552 0.711268
553 0.718310
554 0.718310
555 0.718310
556 0.711268
557 0.711268
558 0.718310
559 0.718310
560 0.718310
561 0.718310
562 0.711268
563 0.718310
564 0.711268
565 0.711268
566 0.711268
567 0.711268
568 0.718310
569 0.718310
570 0.697183
571 0.718310
572 0.718310
573 0.718310
574 0.718310
575 0.718310
576 0.718310
577 0.718310
578 0.718310
579 0.718310
580 0.718310
581 0.718310
582 0.718310
583 0.718310
584 0.718310
585 0.718310
586 0.718310
587 0.718310
588 0.718310
589 0.711268
590 0.704225
591 0.718310
592 0.718310
593 0.718310
594 0.718310
595 0.718310
596 0.718310
597 0.718310
598 0.718310
599 0.718310
600 0.781690
601 0.781690
602 0.781690
603 0.781690
604 0.774648
605 0.774648
606 0.774648
607 0.774648
608 0.781690
609 0.781690
610 0.781690
611 0.781690
612 0.774648
613 0.774648
614 0.774648
615 0.774648
616 0.781690
617 0.774648
618 0.781690
619 0.732394
620 0.781690
621 0.781690
622 0.781690
623 0.767606
624 0.781690
625 0.774648
626 0.781690
627 0.781690
628 0.774648
629 0.774648
630 0.781690
631 0.774648
632 0.774648
633 0.774648
634 0.781690
635 0.774648
636 0.781690
637 0.781690
638 0.781690
639 0.781690
640 0.781690
641 0.774648
642 0.781690
643 0.781690
644 0.781690
645 0.781690
646 0.781690
647 0.781690
648 0.781690
649 0.781690
650 0.753521
651 0.753521
652 0.746479
653 0.753521
654 0.753521
655 0.753521
656 0.746479
657 0.753521
658 0.753521
659 0.753521
660 0.746479
661 0.753521
662 0.753521
663 0.753521
664 0.753521
665 0.753521
666 0.753521
667 0.753521
668 0.746479
669 0.753521
670 0.746479
671 0.753521
672 0.753521
673 0.753521
674 0.753521
675 0.753521
676 0.753521
677 0.753521
678 0.753521
679 0.753521
680 0.753521
681 0.753521
682 0.753521
683 0.753521
684 0.753521
685 0.753521
686 0.753521
687 0.753521
688 0.753521
689 0.753521
690 0.753521
691 0.753521
692 0.753521
693 0.753521
694 0.753521
695 0.753521
696 0.753521
697 0.753521
698 0.753521
699 0.753521
700 0.676056
701 0.676056
702 0.676056
703 0.676056
704 0.676056
705 0.676056
706 0.676056
707 0.676056
708 0.676056
709 0.676056
710 0.676056
711 0.676056
712 0.676056
713 0.676056
714 0.676056
715 0.676056
716 0.676056
717 0.676056
718 0.676056
719 0.676056
720 0.676056
721 0.676056
722 0.676056
723 0.676056
724 0.676056
725 0.676056
726 0.676056
727 0.669014
728 0.669014
729 0.669014
730 0.669014
731 0.669014
732 0.669014
733 0.669014
734 0.669014
735 0.669014
736 0.676056
737 0.676056
738 0.676056
739 0.669014
740 0.669014
741 0.676056
742 0.669014
743 0.661972
744 0.669014
745 0.669014
746 0.669014
747 0.661972
748 0.661972
749 0.669014
750 0.683099
751 0.683099
752 0.683099
753 0.676056
754 0.683099
755 0.683099
756 0.683099
757 0.683099
758 0.676056
759 0.683099
760 0.676056
761 0.676056
762 0.683099
763 0.676056
764 0.676056
765 0.683099
766 0.683099
767 0.676056
768 0.683099
769 0.676056
770 0.676056
771 0.683099
772 0.669014
773 0.683099
774 0.683099
775 0.683099
776 0.683099
777 0.683099
778 0.683099
779 0.683099
780 0.683099
781 0.683099
782 0.683099
783 0.683099
784 0.683099
785 0.683099
786 0.676056
787 0.683099
788 0.683099
789 0.683099
790 0.683099
791 0.683099
792 0.676056
793 0.683099
794 0.683099
795 0.683099
796 0.683099
797 0.683099
798 0.683099
799 0.683099
800 0.760563
801 0.760563
802 0.760563
803 0.760563
804 0.753521
805 0.760563
806 0.753521
807 0.760563
808 0.760563
809 0.760563
810 0.753521
811 0.760563
812 0.760563
813 0.753521
814 0.760563
815 0.760563
816 0.760563
817 0.760563
818 0.760563
819 0.760563
820 0.760563
821 0.760563
822 0.760563
823 0.760563
824 0.760563
825 0.760563
826 0.760563
827 0.760563
828 0.760563
829 0.760563
830 0.760563
831 0.760563
832 0.760563
833 0.760563
834 0.760563
835 0.760563
836 0.760563
837 0.760563
838 0.760563
839 0.760563
840 0.760563
841 0.760563
842 0.760563
843 0.760563
844 0.760563
845 0.760563
846 0.760563
847 0.760563
848 0.760563
849 0.760563
850 0.746479
851 0.746479
852 0.739437
853 0.746479
854 0.746479
855 0.746479
856 0.732394
857 0.746479
858 0.739437
859 0.739437
860 0.746479
861 0.746479
862 0.746479
863 0.746479
864 0.746479
865 0.739437
866 0.739437
867 0.732394
868 0.732394
869 0.732394
870 0.732394
871 0.732394
872 0.732394
873 0.732394
874 0.732394
875 0.732394
876 0.739437
877 0.732394
878 0.739437
879 0.732394
880 0.739437
881 0.732394
882 0.732394
883 0.732394
884 0.732394
885 0.732394
886 0.732394
887 0.732394
888 0.732394
889 0.732394
890 0.732394
891 0.732394
892 0.739437
893 0.732394
894 0.732394
895 0.739437
896 0.732394
897 0.732394
898 0.739437
899 0.732394
900 0.704225
901 0.704225
902 0.704225
903 0.697183
904 0.697183
905 0.704225
906 0.690141
907 0.690141
908 0.704225
909 0.697183
910 0.697183
911 0.704225
912 0.697183
913 0.697183
914 0.704225
915 0.697183
916 0.704225
917 0.704225
918 0.697183
919 0.697183
920 0.697183
921 0.697183
922 0.690141
923 0.697183
924 0.690141
925 0.697183
926 0.697183
927 0.690141
928 0.690141
929 0.697183
930 0.697183
931 0.704225
932 0.704225
933 0.697183
934 0.697183
935 0.697183
936 0.697183
937 0.697183
938 0.697183
939 0.704225
940 0.697183
941 0.697183
942 0.697183
943 0.697183
944 0.704225
945 0.704225
946 0.697183
947 0.697183
948 0.704225
949 0.697183
950 0.725352
951 0.725352
952 0.725352
953 0.711268
954 0.725352
955 0.718310
956 0.725352
957 0.718310
958 0.718310
959 0.718310
960 0.725352
961 0.718310
962 0.718310
963 0.718310
964 0.725352
965 0.725352
966 0.718310
967 0.725352
968 0.718310
969 0.718310
970 0.718310
971 0.718310
972 0.725352
973 0.725352
974 0.725352
975 0.725352
976 0.725352
977 0.725352
978 0.725352
979 0.725352
980 0.725352
981 0.725352
982 0.718310
983 0.725352
984 0.725352
985 0.725352
986 0.725352
987 0.725352
988 0.725352
989 0.725352
990 0.725352
991 0.725352
992 0.725352
993 0.725352
994 0.725352
995 0.725352
996 0.725352
997 0.725352
998 0.725352
999 0.725352
1000 0.570423
1001 0.570423
1002 0.570423
1003 0.570423
1004 0.570423
1005 0.570423
1006 0.570423
1007 0.570423
1008 0.570423
1009 0.570423
1010 0.570423
1011 0.570423
1012 0.570423
1013 0.570423
1014 0.570423
1015 0.570423
1016 0.570423
1017 0.563380
1018 0.563380
1019 0.563380
1020 0.563380
1021 0.563380
1022 0.563380
1023 0.563380
1024 0.563380
1025 0.563380
1026 0.563380
1027 0.570423
1028 0.563380
1029 0.563380
1030 0.563380
1031 0.563380
1032 0.570423
1033 0.563380
1034 0.563380
1035 0.570423
1036 0.563380
1037 0.570423
1038 0.563380
1039 0.563380
1040 0.570423
1041 0.563380
1042 0.570423
1043 0.570423
1044 0.570423
1045 0.563380
1046 0.570423
1047 0.563380
1048 0.563380
1049 0.570423
1050 0.725352
1051 0.725352
1052 0.725352
1053 0.725352
1054 0.725352
1055 0.725352
1056 0.725352
1057 0.725352
1058 0.725352
1059 0.725352
1060 0.725352
1061 0.725352
1062 0.725352
1063 0.725352
1064 0.725352
1065 0.725352
1066 0.725352
1067 0.725352
1068 0.725352
1069 0.725352
1070 0.725352
1071 0.725352
1072 0.725352
1073 0.725352
1074 0.725352
1075 0.725352
1076 0.725352
1077 0.725352
1078 0.718310
1079 0.718310
1080 0.718310
1081 0.718310
1082 0.718310
1083 0.718310
1084 0.718310
1085 0.718310
1086 0.718310
1087 0.718310
1088 0.718310
1089 0.718310
1090 0.718310
1091 0.718310
1092 0.718310
1093 0.718310
1094 0.718310
1095 0.718310
1096 0.718310
1097 0.718310
1098 0.718310
1099 0.718310
1100 0.816901
1101 0.816901
1102 0.816901
1103 0.816901
1104 0.816901
1105 0.816901
1106 0.816901
1107 0.816901
1108 0.816901
1109 0.816901
1110 0.809859
1111 0.816901
1112 0.816901
1113 0.809859
1114 0.816901
1115 0.816901
1116 0.816901
1117 0.816901
1118 0.816901
1119 0.816901
1120 0.816901
1121 0.816901
1122 0.816901
1123 0.809859
1124 0.809859
1125 0.816901
1126 0.816901
1127 0.809859
1128 0.802817
1129 0.816901
1130 0.816901
1131 0.816901
1132 0.816901
1133 0.809859
1134 0.816901
1135 0.816901
1136 0.809859
1137 0.816901
1138 0.802817
1139 0.816901
1140 0.816901
1141 0.809859
1142 0.816901
1143 0.816901
1144 0.809859
1145 0.816901
1146 0.816901
1147 0.809859
1148 0.816901
1149 0.816901
1150 0.746479
1151 0.746479
1152 0.746479
1153 0.746479
1154 0.739437
1155 0.739437
1156 0.746479
1157 0.739437
1158 0.746479
1159 0.732394
1160 0.746479
1161 0.739437
1162 0.746479
1163 0.739437
1164 0.739437
1165 0.746479
1166 0.746479
1167 0.746479
1168 0.746479
1169 0.746479
1170 0.746479
1171 0.739437
1172 0.746479
1173 0.746479
1174 0.746479
1175 0.739437
1176 0.746479
1177 0.739437
1178 0.746479
1179 0.739437
1180 0.746479
1181 0.739437
1182 0.746479
1183 0.746479
1184 0.746479
1185 0.739437
1186 0.746479
1187 0.746479
1188 0.746479
1189 0.732394
1190 0.746479
1191 0.746479
1192 0.746479
1193 0.746479
1194 0.739437
1195 0.746479
1196 0.739437
1197 0.746479
1198 0.746479
1199 0.739437
1200 0.753521
1201 0.753521
1202 0.753521
1203 0.753521
1204 0.753521
1205 0.753521
1206 0.753521
1207 0.753521
1208 0.753521
1209 0.753521
1210 0.753521
1211 0.753521
1212 0.753521
1213 0.753521
1214 0.753521
1215 0.753521
1216 0.753521
1217 0.753521
1218 0.753521
1219 0.753521
1220 0.753521
1221 0.753521
1222 0.753521
1223 0.753521
1224 0.753521
1225 0.753521
1226 0.753521
1227 0.753521
1228 0.753521
1229 0.753521
1230 0.753521
1231 0.753521
1232 0.753521
1233 0.753521
1234 0.753521
1235 0.753521
1236 0.753521
1237 0.753521
1238 0.753521
1239 0.753521
1240 0.753521
1241 0.753521
1242 0.753521
1243 0.753521
1244 0.753521
1245 0.753521
1246 0.753521
1247 0.753521
1248 0.753521
1249 0.753521
1250 0.753521
1251 0.753521
1252 0.746479
1253 0.746479
1254 0.753521
1255 0.753521
1256 0.746479
1257 0.753521
1258 0.753521
1259 0.753521
1260 0.753521
1261 0.753521
1262 0.753521
1263 0.753521
1264 0.753521
1265 0.753521
1266 0.746479
1267 0.753521
1268 0.753521
1269 0.753521
1270 0.746479
1271 0.746479
1272 0.753521
1273 0.746479
1274 0.746479
1275 0.746479
1276 0.746479
1277 0.753521
1278 0.753521
1279 0.753521
1280 0.753521
1281 0.753521
1282 0.753521
1283 0.753521
1284 0.753521
1285 0.753521
1286 0.746479
1287 0.746479
1288 0.753521
1289 0.753521
1290 0.753521
1291 0.753521
1292 0.753521
1293 0.753521
1294 0.753521
1295 0.753521
1296 0.753521
1297 0.753521
1298 0.753521
1299 0.753521
1300 0.760563
1301 0.760563
1302 0.760563
1303 0.760563
1304 0.753521
1305 0.760563
1306 0.760563
1307 0.760563
1308 0.746479
1309 0.753521
1310 0.760563
1311 0.753521
1312 0.753521
1313 0.753521
1314 0.760563
1315 0.760563
1316 0.753521
1317 0.760563
1318 0.760563
1319 0.753521
1320 0.760563
1321 0.753521
1322 0.760563
1323 0.753521
1324 0.760563
1325 0.760563
1326 0.760563
1327 0.760563
1328 0.760563
1329 0.760563
1330 0.760563
1331 0.760563
1332 0.760563
1333 0.760563
1334 0.760563
1335 0.753521
1336 0.753521
1337 0.753521
1338 0.753521
1339 0.760563
1340 0.753521
1341 0.753521
1342 0.753521
1343 0.753521
1344 0.753521
1345 0.753521
1346 0.753521
1347 0.753521
1348 0.753521
1349 0.753521
1350 0.697183
1351 0.690141
1352 0.690141
1353 0.697183
1354 0.690141
1355 0.697183
1356 0.697183
1357 0.697183
1358 0.697183
1359 0.690141
1360 0.690141
1361 0.697183
1362 0.690141
1363 0.697183
1364 0.690141
1365 0.697183
1366 0.697183
1367 0.697183
1368 0.697183
1369 0.697183
1370 0.690141
1371 0.690141
1372 0.690141
1373 0.697183
1374 0.690141
1375 0.690141
1376 0.697183
1377 0.697183
1378 0.690141
1379 0.690141
1380 0.697183
1381 0.690141
1382 0.690141
1383 0.697183
1384 0.697183
1385 0.690141
1386 0.697183
1387 0.697183
1388 0.690141
1389 0.690141
1390 0.690141
1391 0.690141
1392 0.690141
1393 0.690141
1394 0.690141
1395 0.690141
1396 0.697183
1397 0.690141
1398 0.690141
1399 0.690141
1400 0.676056
1401 0.669014
1402 0.676056
1403 0.669014
1404 0.661972
1405 0.669014
1406 0.661972
1407 0.669014
1408 0.669014
1409 0.669014
1410 0.661972
1411 0.669014
1412 0.669014
1413 0.661972
1414 0.661972
1415 0.669014
1416 0.661972
1417 0.676056
1418 0.669014
1419 0.669014
1420 0.669014
1421 0.669014
1422 0.669014
1423 0.669014
1424 0.676056
1425 0.669014
1426 0.669014
1427 0.669014
1428 0.669014
1429 0.669014
1430 0.669014
1431 0.669014
1432 0.669014
1433 0.676056
1434 0.669014
1435 0.676056
1436 0.669014
1437 0.669014
1438 0.669014
1439 0.669014
1440 0.676056
1441 0.669014
1442 0.676056
1443 0.676056
1444 0.669014
1445 0.669014
1446 0.669014
1447 0.669014
1448 0.669014
1449 0.676056
1450 0.633803
1451 0.626761
1452 0.633803
1453 0.626761
1454 0.633803
1455 0.633803
1456 0.633803
1457 0.633803
1458 0.626761
1459 0.633803
1460 0.633803
1461 0.626761
1462 0.633803
1463 0.626761
1464 0.633803
1465 0.626761
1466 0.626761
1467 0.626761
1468 0.633803
1469 0.633803
1470 0.633803
1471 0.633803
1472 0.626761
1473 0.626761
1474 0.633803
1475 0.633803
1476 0.633803
1477 0.626761
1478 0.633803
1479 0.633803
1480 0.633803
1481 0.633803
1482 0.633803
1483 0.633803
1484 0.633803
1485 0.633803
1486 0.633803
1487 0.633803
1488 0.633803
1489 0.633803
1490 0.633803
1491 0.633803
1492 0.633803
1493 0.633803
1494 0.633803
1495 0.633803
1496 0.633803
1497 0.633803
1498 0.633803
1499 0.633803
1500 0.725352
1501 0.725352
1502 0.725352
1503 0.725352
1504 0.725352
1505 0.725352
1506 0.725352
1507 0.725352
1508 0.725352
1509 0.725352
1510 0.725352
1511 0.725352
1512 0.725352
1513 0.725352
1514 0.725352
1515 0.725352
1516 0.718310
1517 0.725352
1518 0.718310
1519 0.718310
1520 0.718310
1521 0.725352
1522 0.718310
1523 0.718310
1524 0.718310
1525 0.718310
1526 0.718310
1527 0.718310
1528 0.725352
1529 0.725352
1530 0.725352
1531 0.725352
1532 0.725352
1533 0.725352
1534 0.718310
1535 0.718310
1536 0.725352
1537 0.718310
1538 0.718310
1539 0.718310
1540 0.725352
1541 0.718310
1542 0.718310
1543 0.718310
1544 0.718310
1545 0.725352
1546 0.725352
1547 0.725352
1548 0.725352
1549 0.718310
1550 0.830986
1551 0.830986
1552 0.830986
1553 0.830986
1554 0.830986
1555 0.830986
1556 0.830986
1557 0.830986
1558 0.830986
1559 0.830986
1560 0.830986
1561 0.830986
1562 0.830986
1563 0.830986
1564 0.830986
1565 0.823944
1566 0.823944
1567 0.823944
1568 0.830986
1569 0.823944
1570 0.823944
1571 0.830986
1572 0.823944
1573 0.830986
1574 0.830986
1575 0.830986
1576 0.830986
1577 0.830986
1578 0.830986
1579 0.830986
1580 0.830986
1581 0.823944
1582 0.823944
1583 0.823944
1584 0.830986
1585 0.823944
1586 0.830986
1587 0.823944
1588 0.823944
1589 0.823944
1590 0.823944
1591 0.823944
1592 0.823944
1593 0.823944
1594 0.823944
1595 0.830986
1596 0.823944
1597 0.823944
1598 0.830986
1599 0.823944
1600 0.781690
1601 0.781690
1602 0.781690
1603 0.781690
1604 0.781690
1605 0.781690
1606 0.781690
1607 0.781690
1608 0.781690
1609 0.781690
1610 0.781690
1611 0.781690
1612 0.781690
1613 0.781690
1614 0.781690
1615 0.781690
1616 0.781690
1617 0.781690
1618 0.781690
1619 0.781690
1620 0.781690
1621 0.781690
1622 0.781690
1623 0.781690
1624 0.781690
1625 0.781690
1626 0.781690
1627 0.781690
1628 0.781690
1629 0.781690
1630 0.781690
1631 0.781690
1632 0.781690
1633 0.774648
1634 0.774648
1635 0.774648
1636 0.774648
1637 0.774648
1638 0.774648
1639 0.774648
1640 0.774648
1641 0.774648
1642 0.774648
1643 0.774648
1644 0.774648
1645 0.774648
1646 0.774648
1647 0.774648
1648 0.774648
1649 0.774648
1650 0.676056
1651 0.676056
1652 0.676056
1653 0.676056
1654 0.676056
1655 0.676056
1656 0.676056
1657 0.676056
1658 0.676056
1659 0.676056
1660 0.676056
1661 0.676056
1662 0.676056
1663 0.676056
1664 0.676056
1665 0.669014
1666 0.669014
1667 0.676056
1668 0.661972
1669 0.669014
1670 0.676056
1671 0.661972
1672 0.676056
1673 0.676056
1674 0.669014
1675 0.669014
1676 0.669014
1677 0.669014
1678 0.669014
1679 0.669014
1680 0.669014
1681 0.676056
1682 0.676056
1683 0.669014
1684 0.676056
1685 0.676056
1686 0.669014
1687 0.676056
1688 0.676056
1689 0.676056
1690 0.676056
1691 0.676056
1692 0.676056
1693 0.676056
1694 0.676056
1695 0.669014
1696 0.676056
1697 0.661972
1698 0.676056
1699 0.676056
1700 0.669014
1701 0.669014
1702 0.661972
1703 0.669014
1704 0.661972
1705 0.669014
1706 0.661972
1707 0.661972
1708 0.661972
1709 0.669014
1710 0.669014
1711 0.661972
1712 0.661972
1713 0.661972
1714 0.669014
1715 0.669014
1716 0.669014
1717 0.669014
1718 0.661972
1719 0.669014
1720 0.669014
1721 0.669014
1722 0.669014
1723 0.669014
1724 0.669014
1725 0.669014
1726 0.669014
1727 0.669014
1728 0.654930
1729 0.669014
1730 0.669014
1731 0.669014
1732 0.669014
1733 0.669014
1734 0.669014
1735 0.669014
1736 0.669014
1737 0.669014
1738 0.669014
1739 0.669014
1740 0.669014
1741 0.669014
1742 0.669014
1743 0.669014
1744 0.669014
1745 0.669014
1746 0.669014
1747 0.669014
1748 0.669014
1749 0.669014
1750 0.838028
1751 0.838028
1752 0.838028
1753 0.838028
1754 0.830986
1755 0.838028
1756 0.838028
1757 0.838028
1758 0.838028
1759 0.838028
1760 0.838028
1761 0.838028
1762 0.838028
1763 0.838028
1764 0.838028
1765 0.838028
1766 0.838028
1767 0.838028
1768 0.838028
1769 0.838028
1770 0.830986
1771 0.838028
1772 0.838028
1773 0.838028
1774 0.838028
1775 0.838028
1776 0.838028
1777 0.830986
1778 0.830986
1779 0.838028
1780 0.838028
1781 0.838028
1782 0.838028
1783 0.838028
1784 0.838028
1785 0.838028
1786 0.838028
1787 0.838028
1788 0.838028
1789 0.838028
1790 0.838028
1791 0.838028
1792 0.838028
1793 0.838028
1794 0.838028
1795 0.838028
1796 0.838028
1797 0.838028
1798 0.838028
1799 0.838028
1800 0.809859
1801 0.809859
1802 0.809859
1803 0.809859
1804 0.802817
1805 0.809859
1806 0.809859
1807 0.809859
1808 0.809859
1809 0.809859
1810 0.809859
1811 0.809859
1812 0.809859
1813 0.809859
1814 0.795775
1815 0.795775
1816 0.809859
1817 0.809859
1818 0.809859
1819 0.809859
1820 0.809859
1821 0.809859
1822 0.802817
1823 0.802817
1824 0.802817
1825 0.809859
1826 0.809859
1827 0.809859
1828 0.802817
1829 0.802817
1830 0.809859
1831 0.809859
1832 0.802817
1833 0.809859
1834 0.809859
1835 0.809859
1836 0.802817
1837 0.809859
1838 0.809859
1839 0.809859
1840 0.809859
1841 0.809859
1842 0.809859
1843 0.809859
1844 0.809859
1845 0.809859
1846 0.809859
1847 0.809859
1848 0.809859
1849 0.809859
1850 0.753521
1851 0.753521
1852 0.753521
1853 0.753521
1854 0.739437
1855 0.739437
1856 0.753521
1857 0.753521
1858 0.753521
1859 0.753521
1860 0.753521
1861 0.753521
1862 0.753521
1863 0.753521
1864 0.746479
1865 0.753521
1866 0.753521
1867 0.746479
1868 0.753521
1869 0.746479
1870 0.753521
1871 0.753521
1872 0.753521
1873 0.753521
1874 0.753521
1875 0.753521
1876 0.753521
1877 0.753521
1878 0.746479
1879 0.746479
1880 0.753521
1881 0.753521
1882 0.746479
1883 0.746479
1884 0.753521
1885 0.746479
1886 0.746479
1887 0.753521
1888 0.753521
1889 0.739437
1890 0.753521
1891 0.753521
1892 0.753521
1893 0.753521
1894 0.753521
1895 0.746479
1896 0.746479
1897 0.753521
1898 0.753521
1899 0.753521
1900 0.760563
1901 0.760563
1902 0.760563
1903 0.760563
1904 0.760563
1905 0.760563
1906 0.746479
1907 0.746479
1908 0.746479
1909 0.746479
1910 0.746479
1911 0.746479
1912 0.760563
1913 0.753521
1914 0.753521
1915 0.753521
1916 0.753521
1917 0.753521
1918 0.753521
1919 0.753521
1920 0.753521
1921 0.753521
1922 0.753521
1923 0.753521
1924 0.753521
1925 0.753521
1926 0.753521
1927 0.753521
1928 0.753521
1929 0.753521
1930 0.760563
1931 0.753521
1932 0.760563
1933 0.753521
1934 0.760563
1935 0.753521
1936 0.760563
1937 0.760563
1938 0.760563
1939 0.760563
1940 0.753521
1941 0.753521
1942 0.760563
1943 0.760563
1944 0.753521
1945 0.753521
1946 0.753521
1947 0.760563
1948 0.753521
1949 0.753521
1950 0.725352
1951 0.725352
1952 0.725352
1953 0.725352
1954 0.725352
1955 0.718310
1956 0.725352
1957 0.725352
1958 0.725352
1959 0.718310
1960 0.725352
1961 0.725352
1962 0.725352
1963 0.725352
1964 0.725352
1965 0.725352
1966 0.725352
1967 0.725352
1968 0.725352
1969 0.725352
1970 0.725352
1971 0.725352
1972 0.725352
1973 0.725352
1974 0.725352
1975 0.725352
1976 0.725352
1977 0.725352
1978 0.725352
1979 0.725352
1980 0.725352
1981 0.725352
1982 0.718310
1983 0.718310
1984 0.718310
1985 0.725352
1986 0.718310
1987 0.718310
1988 0.725352
1989 0.718310
1990 0.725352
1991 0.718310
1992 0.711268
1993 0.725352
1994 0.725352
1995 0.711268
1996 0.711268
1997 0.725352
1998 0.718310
1999 0.725352
2000 0.809859
2001 0.802817
2002 0.802817
2003 0.802817
2004 0.809859
2005 0.809859
2006 0.802817
2007 0.809859
2008 0.795775
2009 0.809859
2010 0.802817
2011 0.809859
2012 0.809859
2013 0.802817
2014 0.809859
2015 0.809859
2016 0.809859
2017 0.809859
2018 0.809859
2019 0.809859
2020 0.809859
2021 0.809859
2022 0.809859
2023 0.809859
2024 0.809859
2025 0.809859
2026 0.809859
2027 0.809859
2028 0.809859
2029 0.809859
2030 0.809859
2031 0.809859
2032 0.809859
2033 0.809859
2034 0.809859
2035 0.809859
2036 0.809859
2037 0.809859
2038 0.809859
2039 0.809859
2040 0.809859
2041 0.802817
2042 0.802817
2043 0.809859
2044 0.809859
2045 0.809859
2046 0.802817
2047 0.802817
2048 0.802817
2049 0.809859
2050 0.809859
2051 0.809859
2052 0.809859
2053 0.809859
2054 0.795775
2055 0.802817
2056 0.809859
2057 0.802817
2058 0.802817
2059 0.802817
2060 0.802817
2061 0.802817
2062 0.809859
2063 0.809859
2064 0.795775
2065 0.795775
2066 0.809859
2067 0.809859
2068 0.809859
2069 0.809859
2070 0.809859
2071 0.809859
2072 0.809859
2073 0.809859
2074 0.809859
2075 0.809859
2076 0.809859
2077 0.809859
2078 0.809859
2079 0.802817
2080 0.802817
2081 0.809859
2082 0.809859
2083 0.809859
2084 0.809859
2085 0.809859
2086 0.809859
2087 0.809859
2088 0.809859
2089 0.809859
2090 0.809859
2091 0.809859
2092 0.809859
2093 0.802817
2094 0.809859
2095 0.809859
2096 0.809859
2097 0.802817
2098 0.802817
2099 0.802817
2100 0.739437
2101 0.732394
2102 0.739437
2103 0.739437
2104 0.732394
2105 0.732394
2106 0.739437
2107 0.739437
2108 0.739437
2109 0.739437
2110 0.739437
2111 0.739437
2112 0.739437
2113 0.739437
2114 0.732394
2115 0.732394
2116 0.739437
2117 0.732394
2118 0.732394
2119 0.732394
2120 0.739437
2121 0.732394
2122 0.732394
2123 0.732394
2124 0.732394
2125 0.739437
2126 0.739437
2127 0.739437
2128 0.739437
2129 0.739437
2130 0.739437
2131 0.739437
2132 0.739437
2133 0.739437
2134 0.739437
2135 0.739437
2136 0.739437
2137 0.739437
2138 0.739437
2139 0.739437
2140 0.739437
2141 0.739437
2142 0.739437
2143 0.739437
2144 0.739437
2145 0.739437
2146 0.739437
2147 0.739437
2148 0.739437
2149 0.739437
2150 0.697183
2151 0.697183
2152 0.697183
2153 0.697183
2154 0.690141
2155 0.697183
2156 0.697183
2157 0.690141
2158 0.697183
2159 0.697183
2160 0.697183
2161 0.697183
2162 0.697183
2163 0.690141
2164 0.683099
2165 0.683099
2166 0.683099
2167 0.683099
2168 0.690141
2169 0.690141
2170 0.683099
2171 0.683099
2172 0.683099
2173 0.683099
2174 0.683099
2175 0.683099
2176 0.690141
2177 0.683099
2178 0.690141
2179 0.683099
2180 0.683099
2181 0.683099
2182 0.683099
2183 0.690141
2184 0.683099
2185 0.690141
2186 0.683099
2187 0.683099
2188 0.683099
2189 0.683099
2190 0.683099
2191 0.683099
2192 0.683099
2193 0.683099
2194 0.690141
2195 0.683099
2196 0.683099
2197 0.690141
2198 0.683099
2199 0.690141
2200 0.690141
2201 0.690141
2202 0.690141
2203 0.690141
2204 0.690141
2205 0.690141
2206 0.683099
2207 0.690141
2208 0.683099
2209 0.683099
2210 0.683099
2211 0.683099
2212 0.690141
2213 0.683099
2214 0.690141
2215 0.683099
2216 0.690141
2217 0.683099
2218 0.690141
2219 0.683099
2220 0.690141
2221 0.683099
2222 0.683099
2223 0.683099
2224 0.683099
2225 0.683099
2226 0.683099
2227 0.683099
2228 0.690141
2229 0.683099
2230 0.683099
2231 0.683099
2232 0.683099
2233 0.683099
2234 0.683099
2235 0.683099
2236 0.690141
2237 0.683099
2238 0.683099
2239 0.683099
2240 0.683099
2241 0.683099
2242 0.683099
2243 0.690141
2244 0.683099
2245 0.683099
2246 0.683099
2247 0.683099
2248 0.683099
2249 0.676056
2250 0.690141
2251 0.690141
2252 0.690141
2253 0.690141
2254 0.690141
2255 0.683099
2256 0.683099
2257 0.683099
2258 0.683099
2259 0.683099
2260 0.683099
2261 0.683099
2262 0.683099
2263 0.683099
2264 0.683099
2265 0.676056
2266 0.683099
2267 0.676056
2268 0.676056
2269 0.676056
2270 0.683099
2271 0.676056
2272 0.683099
2273 0.676056
2274 0.676056
2275 0.676056
2276 0.683099
2277 0.676056
2278 0.676056
2279 0.676056
2280 0.683099
2281 0.676056
2282 0.676056
2283 0.683099
2284 0.676056
2285 0.676056
2286 0.676056
2287 0.676056
2288 0.683099
2289 0.676056
2290 0.683099
2291 0.676056
2292 0.676056
2293 0.676056
2294 0.676056
2295 0.676056
2296 0.676056
2297 0.676056
2298 0.669014
2299 0.669014
2300 0.676056
2301 0.676056
2302 0.676056
2303 0.676056
2304 0.676056
2305 0.669014
2306 0.669014
2307 0.669014
2308 0.669014
2309 0.669014
2310 0.669014
2311 0.676056
2312 0.669014
2313 0.669014
2314 0.661972
2315 0.661972
2316 0.661972
2317 0.669014
2318 0.669014
2319 0.669014
2320 0.661972
2321 0.669014
2322 0.661972
2323 0.661972
2324 0.661972
2325 0.669014
2326 0.661972
2327 0.661972
2328 0.661972
2329 0.661972
2330 0.661972
2331 0.661972
2332 0.669014
2333 0.661972
2334 0.661972
2335 0.661972
2336 0.661972
2337 0.661972
2338 0.669014
2339 0.661972
2340 0.669014
2341 0.669014
2342 0.676056
2343 0.661972
2344 0.661972
2345 0.661972
2346 0.661972
2347 0.654930
2348 0.661972
2349 0.654930
2350 0.591549
2351 0.591549
2352 0.584507
2353 0.584507
2354 0.584507
2355 0.577465
2356 0.591549
2357 0.584507
2358 0.584507
2359 0.584507
2360 0.584507
2361 0.584507
2362 0.584507
2363 0.584507
2364 0.584507
2365 0.584507
2366 0.584507
2367 0.584507
2368 0.584507
2369 0.584507
2370 0.584507
2371 0.584507
2372 0.584507
2373 0.584507
2374 0.584507
2375 0.584507
2376 0.591549
2377 0.584507
2378 0.591549
2379 0.584507
2380 0.584507
2381 0.584507
2382 0.584507
2383 0.591549
2384 0.584507
2385 0.584507
2386 0.591549
2387 0.584507
2388 0.584507
2389 0.591549
2390 0.591549
2391 0.584507
2392 0.591549
2393 0.584507
2394 0.584507
2395 0.591549
2396 0.584507
2397 0.584507
2398 0.591549
2399 0.584507
2400 0.802817
2401 0.802817
2402 0.802817
2403 0.802817
2404 0.802817
2405 0.802817
2406 0.802817
2407 0.802817
2408 0.802817
2409 0.802817
2410 0.802817
2411 0.802817
2412 0.802817
2413 0.802817
2414 0.802817
2415 0.802817
2416 0.802817
2417 0.802817
2418 0.802817
2419 0.802817
2420 0.802817
2421 0.802817
2422 0.795775
2423 0.795775
2424 0.795775
2425 0.795775
2426 0.795775
2427 0.795775
2428 0.795775
2429 0.795775
2430 0.795775
2431 0.802817
2432 0.802817
2433 0.802817
2434 0.802817
2435 0.802817
2436 0.802817
2437 0.802817
2438 0.802817
2439 0.802817
2440 0.802817
2441 0.802817
2442 0.802817
2443 0.802817
2444 0.802817
2445 0.802817
2446 0.802817
2447 0.802817
2448 0.795775
2449 0.788732
2450 0.788732
2451 0.788732
2452 0.788732
2453 0.788732
2454 0.781690
2455 0.788732
2456 0.781690
2457 0.781690
2458 0.788732
2459 0.788732
2460 0.788732
2461 0.788732
2462 0.781690
2463 0.788732
2464 0.788732
2465 0.781690
2466 0.788732
2467 0.788732
2468 0.767606
2469 0.788732
2470 0.788732
2471 0.781690
2472 0.788732
2473 0.781690
2474 0.788732
2475 0.788732
2476 0.788732
2477 0.788732
2478 0.788732
2479 0.788732
2480 0.788732
2481 0.788732
2482 0.788732
2483 0.781690
2484 0.788732
2485 0.781690
2486 0.788732
2487 0.788732
2488 0.788732
2489 0.774648
2490 0.788732
2491 0.781690
2492 0.788732
2493 0.788732
2494 0.788732
2495 0.788732
2496 0.788732
2497 0.788732
2498 0.788732
2499 0.788732
2500 0.753521
2501 0.753521
2502 0.753521
2503 0.753521
2504 0.753521
2505 0.753521
2506 0.753521
2507 0.753521
2508 0.753521
2509 0.753521
2510 0.753521
2511 0.753521
2512 0.753521
2513 0.753521
2514 0.753521
2515 0.753521
2516 0.746479
2517 0.753521
2518 0.753521
2519 0.753521
2520 0.753521
2521 0.753521
2522 0.753521
2523 0.753521
2524 0.753521
2525 0.753521
2526 0.753521
2527 0.753521
2528 0.753521
2529 0.753521
2530 0.753521
2531 0.753521
2532 0.753521
2533 0.753521
2534 0.753521
2535 0.753521
2536 0.753521
2537 0.753521
2538 0.753521
2539 0.753521
2540 0.753521
2541 0.753521
2542 0.753521
2543 0.753521
2544 0.753521
2545 0.753521
2546 0.753521
2547 0.753521
2548 0.753521
2549 0.753521
2550 0.711268
2551 0.711268
2552 0.711268
2553 0.711268
2554 0.711268
2555 0.711268
2556 0.711268
2557 0.711268
2558 0.711268
2559 0.711268
2560 0.711268
2561 0.711268
2562 0.711268
2563 0.711268
2564 0.711268
2565 0.711268
2566 0.711268
2567 0.711268
2568 0.711268
2569 0.711268
2570 0.711268
2571 0.711268
2572 0.711268
2573 0.711268
2574 0.711268
2575 0.711268
2576 0.711268
2577 0.711268
2578 0.711268
2579 0.711268
2580 0.711268
2581 0.711268
2582 0.711268
2583 0.711268
2584 0.711268
2585 0.711268
2586 0.711268
2587 0.711268
2588 0.711268
2589 0.711268
2590 0.711268
2591 0.711268
2592 0.711268
2593 0.711268
2594 0.711268
2595 0.711268
2596 0.711268
2597 0.711268
2598 0.711268
2599 0.711268
2600 0.711268
2601 0.711268
2602 0.711268
2603 0.711268
2604 0.711268
2605 0.711268
2606 0.711268
2607 0.711268
2608 0.711268
2609 0.711268
2610 0.711268
2611 0.711268
2612 0.711268
2613 0.711268
2614 0.711268
2615 0.711268
2616 0.711268
2617 0.711268
2618 0.711268
2619 0.711268
2620 0.711268
2621 0.711268
2622 0.711268
2623 0.711268
2624 0.711268
2625 0.711268
2626 0.711268
2627 0.711268
2628 0.711268
2629 0.711268
2630 0.711268
2631 0.711268
2632 0.711268
2633 0.711268
2634 0.711268
2635 0.711268
2636 0.711268
2637 0.711268
2638 0.711268
2639 0.711268
2640 0.711268
2641 0.711268
2642 0.711268
2643 0.711268
2644 0.711268
2645 0.711268
2646 0.711268
2647 0.711268
2648 0.711268
2649 0.711268
2650 0.718310
2651 0.718310
2652 0.718310
2653 0.718310
2654 0.718310
2655 0.718310
2656 0.718310
2657 0.718310
2658 0.718310
2659 0.718310
2660 0.718310
2661 0.718310
2662 0.718310
2663 0.718310
2664 0.704225
2665 0.718310
2666 0.718310
2667 0.718310
2668 0.711268
2669 0.711268
2670 0.711268
2671 0.711268
2672 0.711268
2673 0.711268
2674 0.711268
2675 0.711268
2676 0.711268
2677 0.711268
2678 0.718310
2679 0.711268
2680 0.718310
2681 0.711268
2682 0.711268
2683 0.711268
2684 0.711268
2685 0.711268
2686 0.711268
2687 0.711268
2688 0.718310
2689 0.711268
2690 0.711268
2691 0.711268
2692 0.711268
2693 0.711268
2694 0.711268
2695 0.711268
2696 0.711268
2697 0.711268
2698 0.711268
2699 0.711268
2700 0.704225
2701 0.704225
2702 0.704225
2703 0.704225
2704 0.704225
2705 0.704225
2706 0.704225
2707 0.704225
2708 0.704225
2709 0.704225
2710 0.704225
2711 0.704225
2712 0.697183
2713 0.697183
2714 0.697183
2715 0.704225
2716 0.697183
2717 0.697183
2718 0.697183
2719 0.697183
2720 0.697183
2721 0.697183
2722 0.697183
2723 0.697183
2724 0.697183
2725 0.697183
2726 0.697183
2727 0.697183
2728 0.697183
2729 0.697183
2730 0.697183
2731 0.697183
2732 0.697183
2733 0.697183
2734 0.697183
2735 0.704225
2736 0.697183
2737 0.697183
2738 0.697183
2739 0.697183
2740 0.697183
2741 0.697183
2742 0.697183
2743 0.704225
2744 0.697183
2745 0.704225
2746 0.697183
2747 0.697183
2748 0.697183
2749 0.697183
2750 0.669014
2751 0.661972
2752 0.661972
2753 0.661972
2754 0.669014
2755 0.661972
2756 0.669014
2757 0.669014
2758 0.669014
2759 0.669014
2760 0.661972
2761 0.669014
2762 0.661972
2763 0.661972
2764 0.661972
2765 0.661972
2766 0.661972
2767 0.661972
2768 0.661972
2769 0.661972
2770 0.661972
2771 0.661972
2772 0.661972
2773 0.661972
2774 0.661972
2775 0.661972
2776 0.661972
2777 0.661972
2778 0.661972
2779 0.661972
2780 0.661972
2781 0.661972
2782 0.661972
2783 0.661972
2784 0.661972
2785 0.669014
2786 0.669014
2787 0.661972
2788 0.669014
2789 0.669014
2790 0.661972
2791 0.661972
2792 0.661972
2793 0.661972
2794 0.661972
2795 0.661972
2796 0.661972
2797 0.661972
2798 0.661972
2799 0.661972
2800 0.697183
2801 0.690141
2802 0.690141
2803 0.690141
2804 0.690141
2805 0.690141
2806 0.690141
2807 0.690141
2808 0.690141
2809 0.690141
2810 0.690141
2811 0.690141
2812 0.690141
2813 0.690141
2814 0.690141
2815 0.697183
2816 0.690141
2817 0.690141
2818 0.690141
2819 0.697183
2820 0.690141
2821 0.683099
2822 0.683099
2823 0.683099
2824 0.683099
2825 0.683099
2826 0.697183
2827 0.683099
2828 0.683099
2829 0.683099
2830 0.683099
2831 0.683099
2832 0.690141
2833 0.683099
2834 0.683099
2835 0.683099
2836 0.683099
2837 0.690141
2838 0.683099
2839 0.697183
2840 0.697183
2841 0.690141
2842 0.697183
2843 0.690141
2844 0.690141
2845 0.690141
2846 0.697183
2847 0.690141
2848 0.690141
2849 0.690141
2850 0.725352
2851 0.718310
2852 0.718310
2853 0.718310
2854 0.725352
2855 0.718310
2856 0.718310
2857 0.725352
2858 0.718310
2859 0.725352
2860 0.725352
2861 0.725352
2862 0.718310
2863 0.725352
2864 0.711268
2865 0.711268
2866 0.725352
2867 0.725352
2868 0.725352
2869 0.725352
2870 0.718310
2871 0.725352
2872 0.718310
2873 0.725352
2874 0.725352
2875 0.725352
2876 0.725352
2877 0.725352
2878 0.725352
2879 0.725352
2880 0.725352
2881 0.725352
2882 0.725352
2883 0.725352
2884 0.725352
2885 0.725352
2886 0.725352
2887 0.725352
2888 0.725352
2889 0.725352
2890 0.725352
2891 0.725352
2892 0.725352
2893 0.725352
2894 0.718310
2895 0.725352
2896 0.725352
2897 0.718310
2898 0.718310
2899 0.718310
2900 0.591549
2901 0.584507
2902 0.584507
2903 0.591549
2904 0.591549
2905 0.577465
2906 0.577465
2907 0.577465
2908 0.591549
2909 0.577465
2910 0.577465
2911 0.591549
2912 0.584507
2913 0.584507
2914 0.591549
2915 0.584507
2916 0.591549
2917 0.584507
2918 0.584507
2919 0.584507
2920 0.591549
2921 0.584507
2922 0.584507
2923 0.591549
2924 0.584507
2925 0.584507
2926 0.584507
2927 0.591549
2928 0.584507
2929 0.584507
2930 0.591549
2931 0.591549
2932 0.584507
2933 0.584507
2934 0.584507
2935 0.591549
2936 0.584507
2937 0.584507
2938 0.591549
2939 0.584507
2940 0.584507
2941 0.584507
2942 0.584507
2943 0.584507
2944 0.591549
2945 0.584507
2946 0.584507
2947 0.584507
2948 0.591549
2949 0.584507
2950 0.676056
2951 0.676056
2952 0.676056
2953 0.676056
2954 0.669014
2955 0.676056
2956 0.669014
2957 0.676056
2958 0.676056
2959 0.669014
2960 0.669014
2961 0.669014
2962 0.676056
2963 0.669014
2964 0.669014
2965 0.676056
2966 0.669014
2967 0.669014
2968 0.669014
2969 0.676056
2970 0.669014
2971 0.676056
2972 0.676056
2973 0.676056
2974 0.669014
2975 0.676056
2976 0.669014
2977 0.669014
2978 0.676056
2979 0.669014
2980 0.669014
2981 0.676056
2982 0.669014
2983 0.676056
2984 0.669014
2985 0.676056
2986 0.669014
2987 0.669014
2988 0.676056
2989 0.676056
2990 0.676056
2991 0.676056
2992 0.661972
2993 0.676056
2994 0.669014
2995 0.676056
2996 0.669014
2997 0.676056
2998 0.669014
2999 0.676056
3000 0.704225
3001 0.704225
3002 0.704225
3003 0.697183
3004 0.697183
3005 0.697183
3006 0.697183
3007 0.697183
3008 0.704225
3009 0.704225
3010 0.697183
3011 0.697183
3012 0.697183
3013 0.697183
3014 0.697183
3015 0.697183
3016 0.697183
3017 0.704225
3018 0.697183
3019 0.697183
3020 0.697183
3021 0.697183
3022 0.704225
3023 0.697183
3024 0.697183
3025 0.704225
3026 0.690141
3027 0.704225
3028 0.697183
3029 0.697183
3030 0.704225
3031 0.697183
3032 0.704225
3033 0.697183
3034 0.704225
3035 0.697183
3036 0.704225
3037 0.697183
3038 0.697183
3039 0.704225
3040 0.697183
3041 0.704225
3042 0.697183
3043 0.704225
3044 0.697183
3045 0.704225
3046 0.697183
3047 0.697183
3048 0.704225
3049 0.697183
3050 0.640845
3051 0.640845
3052 0.640845
3053 0.640845
3054 0.640845
3055 0.640845
3056 0.640845
3057 0.640845
3058 0.640845
3059 0.640845
3060 0.640845
3061 0.640845
3062 0.640845
3063 0.640845
3064 0.640845
3065 0.640845
3066 0.640845
3067 0.640845
3068 0.640845
3069 0.640845
3070 0.640845
3071 0.640845
3072 0.640845
3073 0.640845
3074 0.640845
3075 0.640845
3076 0.640845
3077 0.640845
3078 0.640845
3079 0.640845
3080 0.640845
3081 0.640845
3082 0.640845
3083 0.640845
3084 0.640845
3085 0.640845
3086 0.640845
3087 0.640845
3088 0.640845
3089 0.640845
3090 0.640845
3091 0.640845
3092 0.640845
3093 0.640845
3094 0.640845
3095 0.640845
3096 0.640845
3097 0.640845
3098 0.640845
3099 0.640845
3100 0.683099
3101 0.683099
3102 0.683099
3103 0.683099
3104 0.683099
3105 0.683099
3106 0.683099
3107 0.683099
3108 0.683099
3109 0.683099
3110 0.683099
3111 0.683099
3112 0.683099
3113 0.683099
3114 0.683099
3115 0.683099
3116 0.683099
3117 0.683099
3118 0.683099
3119 0.683099
3120 0.683099
3121 0.683099
3122 0.683099
3123 0.683099
3124 0.683099
3125 0.683099
3126 0.683099
3127 0.683099
3128 0.683099
3129 0.683099
3130 0.683099
3131 0.683099
3132 0.683099
3133 0.683099
3134 0.683099
3135 0.683099
3136 0.683099
3137 0.683099
3138 0.683099
3139 0.683099
3140 0.683099
3141 0.683099
3142 0.683099
3143 0.683099
3144 0.683099
3145 0.683099
3146 0.683099
3147 0.683099
3148 0.683099
3149 0.683099
3150 0.725352
3151 0.725352
3152 0.725352
3153 0.725352
3154 0.725352
3155 0.725352
3156 0.725352
3157 0.725352
3158 0.725352
3159 0.725352
3160 0.725352
3161 0.725352
3162 0.725352
3163 0.725352
3164 0.725352
3165 0.725352
3166 0.725352
3167 0.725352
3168 0.725352
3169 0.725352
3170 0.725352
3171 0.725352
3172 0.725352
3173 0.725352
3174 0.725352
3175 0.725352
3176 0.725352
3177 0.725352
3178 0.725352
3179 0.725352
3180 0.725352
3181 0.725352
3182 0.725352
3183 0.725352
3184 0.725352
3185 0.725352
3186 0.725352
3187 0.725352
3188 0.725352
3189 0.725352
3190 0.725352
3191 0.725352
3192 0.725352
3193 0.725352
3194 0.725352
3195 0.725352
3196 0.725352
3197 0.725352
3198 0.725352
3199 0.725352
3200 0.760563
3201 0.760563
3202 0.753521
3203 0.746479
3204 0.746479
3205 0.753521
3206 0.760563
3207 0.760563
3208 0.760563
3209 0.753521
3210 0.760563
3211 0.753521
3212 0.760563
3213 0.760563
3214 0.760563
3215 0.760563
3216 0.760563
3217 0.753521
3218 0.753521
3219 0.753521
3220 0.753521
3221 0.753521
3222 0.760563
3223 0.753521
3224 0.753521
3225 0.753521
3226 0.760563
3227 0.753521
3228 0.753521
3229 0.753521
3230 0.753521
3231 0.760563
3232 0.760563
3233 0.753521
3234 0.753521
3235 0.760563
3236 0.760563
3237 0.760563
3238 0.760563
3239 0.753521
3240 0.760563
3241 0.753521
3242 0.753521
3243 0.753521
3244 0.760563
3245 0.760563
3246 0.753521
3247 0.753521
3248 0.753521
3249 0.760563
3250 0.753521
3251 0.753521
3252 0.753521
3253 0.753521
3254 0.753521
3255 0.753521
3256 0.753521
3257 0.746479
3258 0.746479
3259 0.746479
3260 0.746479
3261 0.746479
3262 0.746479
3263 0.753521
3264 0.753521
3265 0.753521
3266 0.753521
3267 0.746479
3268 0.746479
3269 0.746479
3270 0.746479
3271 0.746479
3272 0.753521
3273 0.753521
3274 0.732394
3275 0.753521
3276 0.746479
3277 0.746479
3278 0.753521
3279 0.746479
3280 0.753521
3281 0.753521
3282 0.746479
3283 0.746479
3284 0.746479
3285 0.753521
3286 0.732394
3287 0.739437
3288 0.739437
3289 0.753521
3290 0.753521
3291 0.732394
3292 0.739437
3293 0.739437
3294 0.739437
3295 0.753521
3296 0.753521
3297 0.753521
3298 0.753521
3299 0.746479
3300 0.823944
3301 0.823944
3302 0.823944
3303 0.816901
3304 0.816901
3305 0.816901
3306 0.823944
3307 0.816901
3308 0.816901
3309 0.816901
3310 0.816901
3311 0.823944
3312 0.816901
3313 0.816901
3314 0.823944
3315 0.816901
3316 0.823944
3317 0.816901
3318 0.823944
3319 0.816901
3320 0.816901
3321 0.816901
3322 0.823944
3323 0.802817
3324 0.823944
3325 0.823944
3326 0.823944
3327 0.823944
3328 0.823944
3329 0.823944
3330 0.816901
3331 0.823944
3332 0.823944
3333 0.823944
3334 0.809859
3335 0.823944
3336 0.823944
3337 0.816901
3338 0.823944
3339 0.809859
3340 0.809859
3341 0.823944
3342 0.809859
3343 0.823944
3344 0.823944
3345 0.823944
3346 0.809859
3347 0.802817
3348 0.823944
3349 0.823944
3350 0.577465
3351 0.577465
3352 0.577465
3353 0.577465
3354 0.577465
3355 0.570423
3356 0.577465
3357 0.577465
3358 0.577465
3359 0.577465
3360 0.577465
3361 0.570423
3362 0.577465
3363 0.577465
3364 0.577465
3365 0.570423
3366 0.570423
3367 0.577465
3368 0.563380
3369 0.570423
3370 0.577465
3371 0.577465
3372 0.570423
3373 0.570423
3374 0.577465
3375 0.570423
3376 0.577465
3377 0.577465
3378 0.577465
3379 0.570423
3380 0.570423
3381 0.577465
3382 0.570423
3383 0.577465
3384 0.577465
3385 0.570423
3386 0.570423
3387 0.577465
3388 0.570423
3389 0.577465
3390 0.577465
3391 0.577465
3392 0.570423
3393 0.570423
3394 0.577465
3395 0.577465
3396 0.570423
3397 0.570423
3398 0.577465
3399 0.577465
3400 0.654930
3401 0.654930
3402 0.654930
3403 0.647887
3404 0.654930
3405 0.640845
3406 0.647887
3407 0.654930
3408 0.647887
3409 0.654930
3410 0.654930
3411 0.647887
3412 0.654930
3413 0.654930
3414 0.640845
3415 0.640845
3416 0.654930
3417 0.654930
3418 0.654930
3419 0.647887
3420 0.654930
3421 0.640845
3422 0.640845
3423 0.654930
3424 0.647887
3425 0.647887
3426 0.654930
3427 0.647887
3428 0.654930
3429 0.654930
3430 0.654930
3431 0.647887
3432 0.647887
3433 0.654930
3434 0.640845
3435 0.640845
3436 0.654930
3437 0.647887
3438 0.647887
3439 0.654930
3440 0.647887
3441 0.654930
3442 0.647887
3443 0.647887
3444 0.654930
3445 0.647887
3446 0.654930
3447 0.640845
3448 0.654930
3449 0.640845
3450 0.795775
3451 0.795775
3452 0.795775
3453 0.788732
3454 0.788732
3455 0.795775
3456 0.788732
3457 0.795775
3458 0.795775
3459 0.795775
3460 0.788732
3461 0.795775
3462 0.795775
3463 0.788732
3464 0.795775
3465 0.795775
3466 0.795775
3467 0.795775
3468 0.788732
3469 0.795775
3470 0.788732
3471 0.795775
3472 0.795775
3473 0.781690
3474 0.795775
3475 0.795775
3476 0.788732
3477 0.788732
3478 0.795775
3479 0.788732
3480 0.795775
3481 0.795775
3482 0.788732
3483 0.795775
3484 0.788732
3485 0.788732
3486 0.795775
3487 0.795775
3488 0.788732
3489 0.788732
3490 0.795775
3491 0.781690
3492 0.795775
3493 0.788732
3494 0.788732
3495 0.795775
3496 0.788732
3497 0.788732
3498 0.795775
3499 0.781690
3500 0.661972
3501 0.661972
3502 0.654930
3503 0.654930
3504 0.661972
3505 0.654930
3506 0.654930
3507 0.661972
3508 0.654930
3509 0.654930
3510 0.661972
3511 0.654930
3512 0.654930
3513 0.661972
3514 0.661972
3515 0.654930
3516 0.661972
3517 0.661972
3518 0.654930
3519 0.654930
3520 0.661972
3521 0.661972
3522 0.654930
3523 0.654930
3524 0.661972
3525 0.654930
3526 0.654930
3527 0.661972
3528 0.661972
3529 0.654930
3530 0.654930
3531 0.661972
3532 0.654930
3533 0.654930
3534 0.661972
3535 0.661972
3536 0.654930
3537 0.654930
3538 0.661972
3539 0.661972
3540 0.661972
3541 0.661972
3542 0.661972
3543 0.661972
3544 0.661972
3545 0.661972
3546 0.661972
3547 0.661972
3548 0.661972
3549 0.661972
3550 0.732394
3551 0.732394
3552 0.732394
3553 0.732394
3554 0.725352
3555 0.732394
3556 0.732394
3557 0.732394
3558 0.732394
3559 0.732394
3560 0.732394
3561 0.732394
3562 0.732394
3563 0.718310
3564 0.732394
3565 0.732394
3566 0.732394
3567 0.718310
3568 0.732394
3569 0.732394
3570 0.732394
3571 0.725352
3572 0.732394
3573 0.732394
3574 0.732394
3575 0.725352
3576 0.732394
3577 0.732394
3578 0.732394
3579 0.732394
3580 0.732394
3581 0.732394
3582 0.732394
3583 0.732394
3584 0.732394
3585 0.732394
3586 0.718310
3587 0.732394
3588 0.725352
3589 0.732394
3590 0.725352
3591 0.732394
3592 0.732394
3593 0.725352
3594 0.732394
3595 0.732394
3596 0.732394
3597 0.732394
3598 0.732394
3599 0.732394
3600 0.654930
3601 0.647887
3602 0.654930
3603 0.654930
3604 0.654930
3605 0.654930
3606 0.654930
3607 0.654930
3608 0.654930
3609 0.654930
3610 0.654930
3611 0.654930
3612 0.654930
3613 0.654930
3614 0.654930
3615 0.654930
3616 0.654930
3617 0.654930
3618 0.654930
3619 0.647887
3620 0.647887
3621 0.654930
3622 0.654930
3623 0.654930
3624 0.654930
3625 0.654930
3626 0.654930
3627 0.654930
3628 0.654930
3629 0.654930
3630 0.654930
3631 0.654930
3632 0.654930
3633 0.654930
3634 0.654930
3635 0.654930
3636 0.654930
3637 0.654930
3638 0.654930
3639 0.654930
3640 0.654930
3641 0.654930
3642 0.654930
3643 0.654930
3644 0.654930
3645 0.654930
3646 0.654930
3647 0.654930
3648 0.654930
3649 0.654930
3650 0.788732
3651 0.788732
3652 0.788732
3653 0.788732
3654 0.788732
3655 0.788732
3656 0.788732
3657 0.788732
3658 0.788732
3659 0.788732
3660 0.788732
3661 0.788732
3662 0.788732
3663 0.788732
3664 0.788732
3665 0.788732
3666 0.788732
3667 0.788732
3668 0.788732
3669 0.788732
3670 0.788732
3671 0.788732
3672 0.788732
3673 0.788732
3674 0.788732
3675 0.788732
3676 0.788732
3677 0.788732
3678 0.788732
3679 0.788732
3680 0.788732
3681 0.781690
3682 0.788732
3683 0.788732
3684 0.788732
3685 0.788732
3686 0.788732
3687 0.788732
3688 0.788732
3689 0.788732
3690 0.788732
3691 0.788732
3692 0.788732
3693 0.788732
3694 0.788732
3695 0.788732
3696 0.788732
3697 0.788732
3698 0.788732
3699 0.788732
3700 0.697183
3701 0.697183
3702 0.697183
3703 0.697183
3704 0.697183
3705 0.697183
3706 0.697183
3707 0.697183
3708 0.697183
3709 0.697183
3710 0.697183
3711 0.697183
3712 0.697183
3713 0.697183
3714 0.697183
3715 0.697183
3716 0.697183
3717 0.697183
3718 0.697183
3719 0.697183
3720 0.697183
3721 0.697183
3722 0.697183
3723 0.697183
3724 0.697183
3725 0.697183
3726 0.697183
3727 0.697183
3728 0.697183
3729 0.697183
3730 0.697183
3731 0.697183
3732 0.697183
3733 0.697183
3734 0.697183
3735 0.697183
3736 0.697183
3737 0.697183
3738 0.697183
3739 0.697183
3740 0.697183
3741 0.697183
3742 0.697183
3743 0.697183
3744 0.697183
3745 0.697183
3746 0.697183
3747 0.697183
3748 0.697183
3749 0.697183
3750 0.774648
3751 0.774648
3752 0.774648
3753 0.774648
3754 0.774648
3755 0.774648
3756 0.774648
3757 0.774648
3758 0.774648
3759 0.774648
3760 0.774648
3761 0.774648
3762 0.774648
3763 0.774648
3764 0.774648
3765 0.774648
3766 0.774648
3767 0.774648
3768 0.774648
3769 0.774648
3770 0.774648
3771 0.774648
3772 0.774648
3773 0.774648
3774 0.774648
3775 0.774648
3776 0.774648
3777 0.774648
3778 0.774648
3779 0.774648
3780 0.774648
3781 0.774648
3782 0.774648
3783 0.774648
3784 0.774648
3785 0.774648
3786 0.774648
3787 0.774648
3788 0.774648
3789 0.774648
3790 0.774648
3791 0.774648
3792 0.774648
3793 0.774648
3794 0.774648
3795 0.774648
3796 0.774648
3797 0.774648
3798 0.774648
3799 0.774648
3800 0.753521
3801 0.753521
3802 0.753521
3803 0.753521
3804 0.753521
3805 0.753521
3806 0.753521
3807 0.753521
3808 0.753521
3809 0.753521
3810 0.753521
3811 0.753521
3812 0.753521
3813 0.753521
3814 0.753521
3815 0.753521
3816 0.753521
3817 0.753521
3818 0.753521
3819 0.753521
3820 0.753521
3821 0.753521
3822 0.753521
3823 0.753521
3824 0.753521
3825 0.753521
3826 0.753521
3827 0.753521
3828 0.753521
3829 0.753521
3830 0.753521
3831 0.753521
3832 0.753521
3833 0.753521
3834 0.753521
3835 0.753521
3836 0.753521
3837 0.753521
3838 0.753521
3839 0.753521
3840 0.753521
3841 0.753521
3842 0.753521
3843 0.753521
3844 0.753521
3845 0.753521
3846 0.753521
3847 0.753521
3848 0.753521
3849 0.753521
3850 0.739437
3851 0.739437
3852 0.739437
3853 0.739437
3854 0.739437
3855 0.739437
3856 0.739437
3857 0.732394
3858 0.732394
3859 0.732394
3860 0.732394
3861 0.732394
3862 0.732394
3863 0.732394
3864 0.732394
3865 0.732394
3866 0.732394
3867 0.732394
3868 0.732394
3869 0.732394
3870 0.732394
3871 0.732394
3872 0.732394
3873 0.732394
3874 0.732394
3875 0.732394
3876 0.732394
3877 0.732394
3878 0.732394
3879 0.732394
3880 0.732394
3881 0.732394
3882 0.732394
3883 0.732394
3884 0.732394
3885 0.732394
3886 0.732394
3887 0.732394
3888 0.732394
3889 0.732394
3890 0.732394
3891 0.732394
3892 0.732394
3893 0.732394
3894 0.732394
3895 0.732394
3896 0.732394
3897 0.732394
3898 0.732394
3899 0.732394
3900 0.774648
3901 0.774648
3902 0.774648
3903 0.774648
3904 0.774648
3905 0.774648
3906 0.774648
3907 0.774648
3908 0.774648
3909 0.774648
3910 0.774648
3911 0.774648
3912 0.774648
3913 0.774648
3914 0.774648
3915 0.774648
3916 0.774648
3917 0.774648
3918 0.774648
3919 0.774648
3920 0.774648
3921 0.774648
3922 0.774648
3923 0.774648
3924 0.774648
3925 0.774648
3926 0.774648
3927 0.774648
3928 0.774648
3929 0.774648
3930 0.774648
3931 0.774648
3932 0.774648
3933 0.774648
3934 0.774648
3935 0.774648
3936 0.774648
3937 0.774648
3938 0.774648
3939 0.774648
3940 0.774648
3941 0.774648
3942 0.774648
3943 0.774648
3944 0.774648
3945 0.774648
3946 0.774648
3947 0.774648
3948 0.774648
3949 0.774648
3950 0.823944
3951 0.823944
3952 0.823944
3953 0.823944
3954 0.823944
3955 0.823944
3956 0.823944
3957 0.823944
3958 0.823944
3959 0.823944
3960 0.823944
3961 0.823944
3962 0.823944
3963 0.823944
3964 0.823944
3965 0.823944
3966 0.823944
3967 0.823944
3968 0.823944
3969 0.823944
3970 0.823944
3971 0.823944
3972 0.823944
3973 0.823944
3974 0.823944
3975 0.823944
3976 0.823944
3977 0.823944
3978 0.823944
3979 0.823944
3980 0.823944
3981 0.823944
3982 0.823944
3983 0.823944
3984 0.823944
3985 0.823944
3986 0.823944
3987 0.823944
3988 0.823944
3989 0.823944
3990 0.823944
3991 0.823944
3992 0.823944
3993 0.823944
3994 0.823944
3995 0.823944
3996 0.823944
3997 0.823944
3998 0.823944
3999 0.823944
4000 0.788732
4001 0.788732
4002 0.788732
4003 0.788732
4004 0.788732
4005 0.788732
4006 0.788732
4007 0.788732
4008 0.788732
4009 0.788732
4010 0.788732
4011 0.788732
4012 0.788732
4013 0.788732
4014 0.788732
4015 0.781690
4016 0.788732
4017 0.788732
4018 0.788732
4019 0.788732
4020 0.788732
4021 0.788732
4022 0.788732
4023 0.788732
4024 0.788732
4025 0.788732
4026 0.788732
4027 0.788732
4028 0.788732
4029 0.788732
4030 0.788732
4031 0.788732
4032 0.788732
4033 0.788732
4034 0.788732
4035 0.788732
4036 0.788732
4037 0.788732
4038 0.788732
4039 0.788732
4040 0.788732
4041 0.788732
4042 0.788732
4043 0.788732
4044 0.788732
4045 0.788732
4046 0.788732
4047 0.788732
4048 0.788732
4049 0.788732
4050 0.845070
4051 0.845070
4052 0.845070
4053 0.845070
4054 0.845070
4055 0.845070
4056 0.845070
4057 0.845070
4058 0.845070
4059 0.845070
4060 0.845070
4061 0.845070
4062 0.845070
4063 0.845070
4064 0.845070
4065 0.845070
4066 0.845070
4067 0.845070
4068 0.845070
4069 0.845070
4070 0.845070
4071 0.838028
4072 0.845070
4073 0.845070
4074 0.845070
4075 0.845070
4076 0.838028
4077 0.845070
4078 0.845070
4079 0.845070
4080 0.845070
4081 0.845070
4082 0.845070
4083 0.845070
4084 0.845070
4085 0.845070
4086 0.845070
4087 0.845070
4088 0.845070
4089 0.845070
4090 0.845070
4091 0.845070
4092 0.845070
4093 0.845070
4094 0.845070
4095 0.845070
4096 0.845070
4097 0.845070
4098 0.845070
4099 0.845070
4100 0.795775
4101 0.802817
4102 0.802817
4103 0.802817
4104 0.802817
4105 0.795775
4106 0.802817
4107 0.802817
4108 0.802817
4109 0.802817
4110 0.802817
4111 0.802817
4112 0.802817
4113 0.802817
4114 0.802817
4115 0.802817
4116 0.795775
4117 0.802817
4118 0.802817
4119 0.802817
4120 0.802817
4121 0.802817
4122 0.802817
4123 0.802817
4124 0.802817
4125 0.795775
4126 0.802817
4127 0.802817
4128 0.802817
4129 0.802817
4130 0.802817
4131 0.795775
4132 0.802817
4133 0.802817
4134 0.802817
4135 0.802817
4136 0.802817
4137 0.802817
4138 0.802817
4139 0.802817
4140 0.802817
4141 0.802817
4142 0.795775
4143 0.802817
4144 0.802817
4145 0.802817
4146 0.802817
4147 0.802817
4148 0.802817
4149 0.795775
4150 0.788732
4151 0.788732
4152 0.788732
4153 0.788732
4154 0.788732
4155 0.788732
4156 0.788732
4157 0.788732
4158 0.788732
4159 0.781690
4160 0.788732
4161 0.788732
4162 0.788732
4163 0.788732
4164 0.788732
4165 0.788732
4166 0.788732
4167 0.788732
4168 0.788732
4169 0.788732
4170 0.788732
4171 0.788732
4172 0.788732
4173 0.788732
4174 0.788732
4175 0.788732
4176 0.788732
4177 0.788732
4178 0.781690
4179 0.788732
4180 0.788732
4181 0.788732
4182 0.781690
4183 0.788732
4184 0.788732
4185 0.788732
4186 0.788732
4187 0.788732
4188 0.781690
4189 0.788732
4190 0.788732
4191 0.781690
4192 0.788732
4193 0.788732
4194 0.788732
4195 0.781690
4196 0.788732
4197 0.788732
4198 0.788732
4199 0.788732
4200 0.816901
4201 0.816901
4202 0.816901
4203 0.816901
4204 0.816901
4205 0.816901
4206 0.809859
4207 0.816901
4208 0.809859
4209 0.816901
4210 0.816901
4211 0.816901
4212 0.816901
4213 0.816901
4214 0.809859
4215 0.816901
4216 0.809859
4217 0.816901
4218 0.809859
4219 0.816901
4220 0.816901
4221 0.816901
4222 0.816901
4223 0.816901
4224 0.816901
4225 0.816901
4226 0.816901
4227 0.816901
4228 0.816901
4229 0.816901
4230 0.816901
4231 0.816901
4232 0.816901
4233 0.816901
4234 0.816901
4235 0.816901
4236 0.816901
4237 0.816901
4238 0.809859
4239 0.816901
4240 0.809859
4241 0.809859
4242 0.816901
4243 0.809859
4244 0.809859
4245 0.809859
4246 0.816901
4247 0.816901
4248 0.816901
4249 0.816901
4250 0.711268
4251 0.711268
4252 0.704225
4253 0.704225
4254 0.711268
4255 0.711268
4256 0.711268
4257 0.704225
4258 0.711268
4259 0.704225
4260 0.704225
4261 0.704225
4262 0.711268
4263 0.711268
4264 0.704225
4265 0.711268
4266 0.704225
4267 0.711268
4268 0.711268
4269 0.704225
4270 0.704225
4271 0.704225
4272 0.704225
4273 0.711268
4274 0.711268
4275 0.704225
4276 0.704225
4277 0.704225
4278 0.711268
4279 0.711268
4280 0.704225
4281 0.711268
4282 0.711268
4283 0.704225
4284 0.704225
4285 0.704225
4286 0.704225
4287 0.711268
4288 0.711268
4289 0.711268
4290 0.711268
4291 0.704225
4292 0.704225
4293 0.711268
4294 0.704225
4295 0.704225
4296 0.704225
4297 0.704225
4298 0.711268
4299 0.711268
4300 0.739437
4301 0.732394
4302 0.732394
4303 0.732394
4304 0.732394
4305 0.732394
4306 0.739437
4307 0.739437
4308 0.732394
4309 0.732394
4310 0.739437
4311 0.739437
4312 0.732394
4313 0.725352
4314 0.725352
4315 0.725352
4316 0.725352
4317 0.739437
4318 0.739437
4319 0.739437
4320 0.739437
4321 0.732394
4322 0.732394
4323 0.732394
4324 0.732394
4325 0.739437
4326 0.739437
4327 0.732394
4328 0.732394
4329 0.739437
4330 0.739437
4331 0.739437
4332 0.739437
4333 0.739437
4334 0.739437
4335 0.739437
4336 0.739437
4337 0.739437
4338 0.739437
4339 0.732394
4340 0.739437
4341 0.739437
4342 0.739437
4343 0.739437
4344 0.739437
4345 0.739437
4346 0.732394
4347 0.739437
4348 0.732394
4349 0.739437
4350 0.732394
4351 0.732394
4352 0.732394
4353 0.732394
4354 0.732394
4355 0.732394
4356 0.732394
4357 0.732394
4358 0.732394
4359 0.732394
4360 0.732394
4361 0.725352
4362 0.732394
4363 0.725352
4364 0.725352
4365 0.725352
4366 0.725352
4367 0.725352
4368 0.725352
4369 0.725352
4370 0.725352
4371 0.725352
4372 0.725352
4373 0.725352
4374 0.725352
4375 0.725352
4376 0.732394
4377 0.725352
4378 0.725352
4379 0.732394
4380 0.725352
4381 0.725352
4382 0.725352
4383 0.725352
4384 0.725352
4385 0.725352
4386 0.725352
4387 0.732394
4388 0.732394
4389 0.732394
4390 0.732394
4391 0.725352
4392 0.725352
4393 0.725352
4394 0.732394
4395 0.732394
4396 0.725352
4397 0.725352
4398 0.725352
4399 0.725352
4400 0.612676
4401 0.612676
4402 0.605634
4403 0.612676
4404 0.612676
4405 0.605634
4406 0.612676
4407 0.598592
4408 0.605634
4409 0.598592
4410 0.605634
4411 0.598592
4412 0.612676
4413 0.612676
4414 0.605634
4415 0.598592
4416 0.605634
4417 0.612676
4418 0.605634
4419 0.605634
4420 0.605634
4421 0.612676
4422 0.605634
4423 0.605634
4424 0.605634
4425 0.612676
4426 0.605634
4427 0.605634
4428 0.605634
4429 0.612676
4430 0.605634
4431 0.605634
4432 0.612676
4433 0.612676
4434 0.605634
4435 0.612676
4436 0.605634
4437 0.612676
4438 0.605634
4439 0.598592
4440 0.598592
4441 0.612676
4442 0.605634
4443 0.605634
4444 0.612676
4445 0.612676
4446 0.605634
4447 0.605634
4448 0.605634
4449 0.612676
4450 0.711268
4451 0.711268
4452 0.711268
4453 0.711268
4454 0.711268
4455 0.704225
4456 0.711268
4457 0.711268
4458 0.711268
4459 0.704225
4460 0.711268
4461 0.704225
4462 0.711268
4463 0.697183
4464 0.711268
4465 0.697183
4466 0.711268
4467 0.711268
4468 0.711268
4469 0.704225
4470 0.711268
4471 0.711268
4472 0.704225
4473 0.711268
4474 0.704225
4475 0.711268
4476 0.711268
4477 0.704225
4478 0.711268
4479 0.711268
4480 0.711268
4481 0.711268
4482 0.704225
4483 0.711268
4484 0.711268
4485 0.711268
4486 0.711268
4487 0.711268
4488 0.711268
4489 0.711268
4490 0.711268
4491 0.711268
4492 0.711268
4493 0.711268
4494 0.711268
4495 0.711268
4496 0.711268
4497 0.711268
4498 0.711268
4499 0.711268
