0 0.408427 119
1 1.772577 119
2 2.268456 119
3 1.039845 119
4 1.042171 119
5 0.000000 119
6 0.565368 119
7 14.163843 119
8 0.639080 119
9 0.600252 119
10 0.580006 119
11 0.665120 119
12 17.183376 119
13 2.111742 119
14 0.176169 119
15 0.664357 119
16 1.559440 119
17 1.534728 119
18 0.708836 119
19 1.380438 119
20 1.466228 119
21 0.486243 119
22 1.147860 119
23 0.684041 119
24 0.957084 119
25 1.009464 119
26 1.024033 119
27 6.423288 119
28 0.864104 119
29 0.803192 119
30 1.519242 119
31 0.836459 119
32 0.448717 119
33 1.278937 119
34 1.330277 119
35 0.772966 119
36 1.302987 119
37 0.564701 119
38 1.094768 119
39 1.024992 119
40 1.267174 119
41 1.167978 119
42 1.006658 119
43 0.910746 119
44 1.604818 119
45 0.806367 119
46 1.384995 119
47 2.250149 119
48 4.249461 119
49 0.914603 119
50 0.481387 118
51 0.557727 118
52 0.624970 118
53 0.724121 118
54 0.317706 118
55 0.301899 118
56 0.571589 118
57 0.541800 118
58 0.445396 118
59 0.000000 118
60 0.045384 118
61 3.193025 118
62 0.566362 118
63 0.665592 118
64 0.582643 118
65 0.859363 118
66 0.531539 118
67 0.790083 118
68 2.239873 118
69 2.124587 118
70 4.035137 118
71 4.095756 118
72 4.027208 118
73 1.326175 118
74 2.534875 118
75 2.161989 118
76 2.512281 118
77 3.669307 118
78 2.798199 118
79 2.855645 118
80 2.769298 118
81 2.219688 118
82 2.000578 118
83 0.895528 118
84 1.014331 118
85 1.125265 118
86 2.347897 118
87 4.082672 118
88 2.652031 118
89 0.101390 118
90 0.000000 118
91 0.523938 118
92 3.144001 118
93 2.288490 118
94 7.113145 118
95 0.000000 118
96 0.225457 118
97 2.677540 118
98 5.212762 118
99 5.526274 118
100 2.347027 95
101 4.643789 95
102 4.384957 95
103 4.264736 95
104 1.512120 95
105 3.195767 95
106 3.390226 95
107 2.211120 95
108 4.423988 94
109 0.705539 95
110 4.742192 95
111 29.097619 95
112 5.573256 95
113 1.726424 95
114 3.827463 95
115 4.081383 95
116 1.352968 95
117 1.713802 95
118 3.932498 95
119 4.101344 95
120 1.856122 95
121 1.724169 95
122 11.079621 95
123 1.761384 95
124 0.899213 95
125 2.855612 95
126 6.817183 95
127 3.415925 95
128 1.710294 95
129 26.403464 95
130 1.244665 95
131 1.790791 95
132 1.755182 95
133 0.717484 95
134 1.753935 95
135 1.970598 95
136 6.716359 95
137 1.364888 95
138 1.980784 95
139 2.017905 95
140 20.525198 95
141 1.238854 95
142 2.956116 95
143 0.906322 95
144 0.707316 95
145 1.071499 95
146 2.661732 95
147 1.664038 95
148 0.939430 95
149 2.055003 95
150 1.002925 108
151 1.820219 108
152 1.476378 108
153 0.389370 108
154 0.846433 108
155 1.769509 108
156 2.515461 108
157 0.668515 108
158 0.963064 108
159 1.462115 108
160 30.508623 108
161 0.693164 108
162 0.715415 108
163 0.935180 108
164 3.929935 108
165 3.380814 108
166 3.671877 108
167 1.673448 108
168 3.682305 108
169 0.000000 108
170 0.000000 108
171 31.495163 108
172 1.665509 108
173 2.474428 108
174 2.910123 108
175 3.790632 108
176 4.519698 108
177 8.178316 108
178 6.204008 108
179 0.062307 108
180 1.384095 108
181 7.124287 108
182 6.781690 108
183 7.985542 108
184 8.172937 108
185 8.047758 108
186 8.783545 108
187 0.096254 108
188 1.693627 108
189 9.122967 108
190 8.494212 108
191 0.107358 108
192 1.948106 108
193 9.279023 108
194 9.520922 108
195 0.108199 108
196 1.913033 108
197 8.814645 108
198 8.897271 108
199 8.870908 108
200 0.113574 102
201 1.769830 102
202 2.351187 102
203 2.453692 102
204 2.566985 102
205 3.125913 102
206 3.199936 102
207 3.612359 102
208 0.109937 102
209 1.739913 102
210 4.682217 102
211 5.053181 102
212 5.098592 102
213 5.539799 102
214 5.786176 102
215 5.960200 102
216 6.105827 102
217 6.323058 102
218 6.299013 102
219 6.675399 102
220 6.530198 102
221 6.738728 102
222 7.121929 102
223 7.626562 102
224 7.925787 102
225 7.274669 102
226 7.026730 102
227 0.135314 102
228 2.745354 102
229 7.255979 102
230 7.348514 102
231 0.127685 102
232 1.886962 102
233 7.410222 102
234 7.540526 102
235 7.303429 102
236 7.923757 102
237 7.764692 102
238 7.650367 102
239 7.300641 102
240 7.600989 102
241 7.700902 102
242 7.424767 102
243 7.380657 102
244 7.254688 102
245 7.610270 102
246 8.039258 102
247 0.132615 102
248 2.090105 102
249 7.653152 102
250 0.145064 108
251 2.962029 108
252 4.982025 108
253 0.121043 108
254 2.309931 108
255 6.309646 108
256 5.387565 108
257 5.001761 108
258 5.414036 108
259 6.263760 108
260 6.085206 108
261 5.841478 108
262 6.019439 108
263 6.776943 108
264 8.807948 108
265 7.575529 108
266 7.578525 108
267 7.693591 108
268 7.864400 108
269 8.360544 108
270 8.456907 108
271 0.151759 108
272 0.134633 108
273 0.127505 108
274 0.137551 108
275 0.127414 108
276 1.938814 108
277 8.868643 108
278 8.309088 108
279 0.143054 108
280 2.053627 108
281 8.807819 108
282 7.548904 108
283 7.950893 108
284 8.873469 108
285 8.472312 108
286 8.472252 108
287 8.664839 108
288 8.846240 108
289 9.357259 108
290 8.552877 108
291 0.141920 108
292 2.896287 108
293 9.166412 108
294 8.879497 108
295 9.436021 108
296 8.977272 108
297 9.025738 108
298 8.672019 108
299 8.783343 108
300 0.140994 108
301 3.238205 108
302 3.125314 108
303 3.681184 108
304 4.364609 108
305 4.522051 108
306 4.190260 108
307 4.185242 108
308 4.653196 108
309 5.541347 108
310 5.406369 108
311 6.039611 108
312 5.234203 108
313 6.400895 108
314 5.758335 108
315 6.233075 108
316 6.819803 108
317 7.853407 108
318 7.903943 108
319 7.629221 108
320 7.492083 108
321 8.530407 108
322 8.202549 108
323 8.400550 108
324 8.308810 108
325 8.140092 108
326 8.450009 108
327 8.054452 108
328 7.875976 108
329 8.476769 108
330 9.234010 108
331 9.056128 108
332 8.603162 108
333 8.724124 108
334 8.732280 108
335 8.862835 108
336 9.000203 108
337 9.003494 108
338 0.147789 108
339 2.757157 108
340 8.457983 108
341 9.163048 108
342 8.509979 108
343 8.701525 108
344 9.026979 108
345 9.463326 108
346 8.732613 108
347 8.683424 108
348 9.337426 108
349 8.732352 108
350 0.045227 115
351 1.924520 115
352 3.339748 115
353 3.767660 115
354 3.760172 115
355 0.097077 115
356 0.074697 115
357 0.060391 115
358 0.067133 115
359 1.259863 115
360 5.201902 115
361 5.131413 115
362 0.084702 115
363 2.136951 115
364 0.081979 115
365 2.447365 115
366 0.082999 115
367 0.080780 115
368 1.549516 115
369 8.404323 115
370 0.102349 115
371 0.098222 115
372 0.102520 115
373 1.809902 115
374 0.108698 115
375 1.812486 115
376 8.176678 115
377 8.490903 115
378 0.116428 115
379 0.115923 115
380 1.963763 115
381 8.581513 115
382 8.325869 115
383 0.127361 115
384 0.124543 115
385 2.084146 115
386 7.563785 115
387 8.986062 115
388 0.135650 115
389 0.138545 115
390 0.149603 115
391 0.167480 115
392 2.233431 115
393 8.766480 115
394 0.190095 115
395 0.208535 115
396 2.492485 115
397 0.236998 115
398 0.241744 115
399 0.278711 115
400 0.241575 108
401 2.989259 108
402 4.566228 108
403 5.100229 108
404 0.118522 108
405 0.099772 108
406 0.091881 108
407 0.096812 108
408 1.650440 108
409 0.092551 108
410 0.000000 108
411 0.000000 108
412 0.000000 108
413 0.000000 108
414 0.000000 108
415 0.000000 108
416 0.000000 108
417 0.000000 108
418 0.000000 108
419 0.000000 108
420 0.000000 108
421 0.000000 108
422 0.000000 108
423 0.000000 108
424 0.000000 108
425 0.000000 108
426 0.000000 108
427 0.000000 108
428 0.000000 108
429 0.000000 108
430 0.000000 108
431 0.000000 108
432 0.000000 108
433 0.000000 108
434 0.000000 108
435 0.000000 108
436 0.000000 108
437 0.000000 108
438 0.000000 108
439 0.000000 108
440 0.000000 108
441 0.000000 108
442 0.000000 108
443 0.000000 108
444 0.000000 108
445 0.000000 108
446 0.000000 108
447 0.000000 108
448 0.000000 108
449 0.000000 108
450 0.000000 110
451 0.000000 110
452 0.000000 110
453 0.000000 110
454 0.000000 110
455 0.000000 110
456 0.000000 110
457 0.000000 110
458 0.000000 110
459 0.008249 110
460 14.384768 110
461 2.269967 110
462 5.397532 110
463 4.976212 110
464 5.399422 110
465 8.644709 110
466 1.618519 110
467 2.507411 110
468 5.491270 110
469 12.984636 110
470 1.889000 110
471 1.604060 110
472 1.446300 110
473 2.354475 110
474 3.507806 110
475 1.561432 110
476 1.524432 110
477 1.569684 110
478 1.772007 110
479 1.663236 110
480 4.541235 110
481 1.921885 110
482 0.002399 110
483 2.826848 110
484 8.163881 110
485 5.878431 110
486 3.487462 110
487 6.487090 110
488 6.870458 110
489 2.973303 110
490 4.426762 110
491 8.628362 110
492 8.973053 110
493 2.069353 110
494 3.951674 110
495 4.134668 110
496 1.648613 110
497 7.627807 110
498 5.458183 110
499 0.000000 110
500 0.000000 117
501 4.286732 117
502 12.641551 117
503 5.711449 117
504 1.314580 117
505 1.707838 117
506 1.701921 117
507 1.745413 117
508 0.855269 117
509 3.530667 117
510 22.653855 117
511 0.889558 117
512 1.054413 117
513 0.356617 117
514 0.510354 117
515 3.188621 117
516 1.828259 117
517 2.308795 117
518 2.776083 117
519 3.374987 117
520 2.861384 117
521 2.683817 117
522 4.191228 117
523 14.754145 117
524 1.701150 117
525 2.926062 117
526 5.804909 117
527 17.091222 117
528 1.411030 117
529 2.862980 117
530 0.919559 117
531 1.764485 117
532 1.423658 117
533 2.419303 117
534 5.418584 117
535 2.864111 117
536 4.084574 117
537 2.112008 117
538 1.967734 117
539 4.303609 117
540 4.787420 117
541 3.323950 117
542 2.202616 117
543 0.376926 117
544 0.718323 117
545 1.780852 117
546 0.000000 117
547 1.613112 117
548 0.750385 117
549 9.592314 117
550 9.627721 105
551 69.843025 105
552 14.153095 105
553 1.682338 105
554 1.094653 105
555 1.042956 105
556 1.168116 105
557 15.987717 105
558 0.934092 105
559 74.883943 105
560 1.086026 105
561 21.451716 105
562 5.219019 105
563 3.284254 105
564 1.364422 105
565 37.876483 105
566 1.411998 105
567 157.172390 105
568 2.417561 105
569 0.366849 105
570 0.789348 105
571 0.519133 105
572 1.136349 105
573 1.186948 105
574 1.161415 105
575 1.149128 105
576 1.108703 105
577 1.619365 105
578 0.979854 105
579 1.687325 105
580 1.516673 105
581 1.439373 105
582 1.414041 105
583 1.387156 105
584 1.519760 105
585 1.409403 105
586 0.512065 105
587 0.603709 105
588 0.607175 105
589 1.528508 105
590 0.947102 105
591 0.499220 105
592 0.000000 105
593 0.383593 105
594 0.772416 105
595 1.003506 105
596 0.940897 105
597 0.815904 105
598 0.379543 105
599 0.740782 105
600 0.477762 116
601 0.948481 116
602 0.866904 116
603 0.323729 116
604 0.757337 116
605 0.925504 116
606 0.837105 116
607 0.935130 116
608 2.897478 116
609 0.451368 116
610 0.862959 116
611 0.353586 116
612 0.753828 116
613 0.860370 116
614 0.910685 116
615 0.911824 116
616 2.087661 116
617 2.933478 116
618 0.258024 116
619 1.163204 116
620 0.834033 116
621 0.294194 116
622 17.049672 116
623 13.075509 116
624 0.000000 116
625 0.674115 116
626 0.166590 116
627 0.169822 116
628 0.159676 116
629 0.167384 116
630 0.569582 116
631 0.404129 116
632 2.862770 116
633 2.962560 116
634 0.616774 116
635 0.710227 116
636 0.575375 116
637 0.477615 116
638 0.396187 116
639 0.689284 116
640 0.528071 116
641 0.689380 116
642 0.402743 116
643 0.504745 116
644 0.295181 116
645 0.567784 116
646 0.511308 116
647 0.619161 116
648 0.488230 116
649 1.786435 116
650 0.197811 112
651 0.584215 112
652 1.404789 112
653 0.532065 112
654 0.275584 112
655 6.037707 112
656 0.991346 112
657 0.482914 112
658 0.534611 112
659 0.097900 112
660 0.977039 112
661 0.380311 112
662 0.853249 112
663 0.610394 112
664 0.590180 112
665 0.445218 112
666 0.387968 112
667 0.702293 112
668 1.586833 112
669 0.634551 112
670 1.211013 112
671 0.625396 112
672 0.430983 112
673 0.547635 112
674 0.404523 112
675 0.000000 112
676 0.000000 112
677 0.547293 112
678 2.680818 112
679 0.000000 112
680 0.336735 112
681 4.340227 112
682 1.501291 112
683 0.031175 112
684 0.532740 112
685 0.930426 112
686 0.340077 112
687 0.324044 112
688 0.534685 112
689 1.241177 112
690 0.737324 112
691 0.314724 112
692 0.280461 112
693 0.575322 112
694 0.599710 112
695 0.397325 112
696 0.523202 112
697 132.746097 112
698 0.290799 112
699 0.651204 112
700 0.585575 104
701 1.989662 104
702 0.354470 104
703 0.975695 104
704 0.550281 104
705 0.288324 104
706 0.327122 104
707 0.396285 104
708 0.327552 104
709 0.527508 104
710 0.631959 104
711 0.387970 104
712 0.704011 104
713 0.552591 104
714 7.426781 104
715 4.513059 104
716 10.527040 104
717 6.858601 104
718 0.648098 104
719 0.914080 104
720 0.331450 104
721 0.325212 104
722 0.562640 104
723 0.539236 104
724 0.451955 103
725 0.217307 103
726 0.285135 103
727 0.249002 103
728 0.261645 103
729 0.552727 103
730 0.845636 103
731 0.698094 103
732 0.412579 103
733 1.074713 103
734 0.407675 103
735 1.015840 103
736 3.442172 103
737 0.632316 103
738 46.009420 103
739 77.833392 103
740 80.071306 103
741 1.124959 103
742 2.323207 103
743 2.516938 103
744 1.330413 103
745 3.080141 103
746 1.073284 103
747 2.440521 103
748 2.864512 103
749 1.654394 103
750 8.468176 102
751 1.682092 102
752 1.146312 102
753 3.125993 102
754 1.445967 102
755 15.763173 102
756 9.853974 102
757 79.848612 102
758 1.096970 102
759 10.177617 102
760 1.173103 102
761 19.521302 102
762 0.556501 102
763 3.531053 101
764 4.868162 102
765 1.414484 102
766 0.791410 102
767 3.607448 101
768 1.651694 102
769 0.802009 102
770 4.845906 102
771 0.571725 102
772 0.341698 102
773 0.262200 102
774 0.874474 102
775 2.109456 102
776 0.000000 102
777 1.489554 102
778 0.873534 102
779 0.853851 102
780 1.538561 102
781 2.654000 102
782 5.017537 102
783 1.025319 102
784 2.052673 102
785 1.241431 102
786 2.905192 102
787 1.230159 102
788 2.687449 102
789 0.637369 102
790 0.781170 102
791 50.789675 102
792 1.994858 102
793 1.279437 102
794 0.986770 102
795 1.039497 102
796 1.027846 102
797 0.784769 102
798 0.789010 102
799 1.068807 102
800 45.529215 115
801 3.335079 115
802 1.322179 115
803 14.581431 115
804 2.816174 115
805 1.136140 115
806 17.468721 115
807 1.394846 115
808 1.562352 115
809 4.940315 115
810 7.402725 115
811 1.600266 115
812 1.217811 115
813 3.937102 115
814 2.439482 115
815 0.850124 115
816 8.777309 115
817 5.459423 115
818 4.176323 115
819 3.691706 115
820 3.611921 115
821 4.355001 115
822 1.551701 115
823 1.362172 115
824 0.052118 115
825 4.117968 115
826 1.330346 115
827 5.110753 115
828 1.797779 115
829 6.793625 115
830 16.941953 115
831 11.822034 115
832 49.786240 115
833 1.312298 115
834 1.528679 115
835 1.148489 115
836 1.178253 115
837 0.991130 115
838 1.132585 115
839 8.141067 115
840 17.235738 115
841 0.247295 115
842 2.790907 115
843 2.207807 115
844 1.594307 115
845 2.234986 115
846 179.068044 115
847 1.906146 115
848 2.365093 115
849 1.385253 115
850 34.807015 113
851 0.940195 113
852 2.251347 113
853 2.037809 113
854 1.688101 113
855 3.787281 113
856 4.082280 113
857 1.880413 113
858 3.809745 113
859 4.448339 113
860 2.595088 113
861 2.608435 113
862 0.624933 113
863 1.650012 113
864 0.789489 113
865 0.770016 113
866 0.000000 113
867 0.028389 113
868 0.000000 113
869 0.000000 113
870 0.016875 113
871 0.000000 112
872 0.013566 112
873 0.000000 112
874 0.000000 112
875 0.000000 112
876 0.000000 112
877 0.000000 112
878 0.000000 112
879 0.000000 112
880 0.000000 112
881 0.000000 112
882 0.000000 112
883 0.000000 112
884 0.000000 112
885 0.000000 112
886 0.000000 112
887 0.000000 112
888 0.000000 112
889 0.000000 112
890 0.000000 112
891 0.000000 112
892 0.126656 112
893 0.000000 112
894 0.055033 112
895 1.596235 112
896 5.354960 112
897 5.036870 112
898 2.489133 112
899 5.404438 112
900 1.667628 108
901 0.478085 108
902 10.256183 108
903 21.361924 108
904 21.250455 108
905 6.587397 108
906 2.980330 108
907 3.127666 108
908 7.465259 108
909 3.368893 108
910 3.258902 108
911 7.443070 108
912 3.064792 108
913 3.151504 108
914 1.359060 108
915 3.335573 108
916 2.511806 108
917 0.000000 108
918 0.000000 108
919 0.000000 108
920 0.000000 108
921 0.000000 108
922 0.000000 108
923 0.000000 108
924 0.000000 108
925 0.000000 108
926 0.000000 108
927 0.000000 108
928 0.000000 108
929 0.000000 108
930 0.000000 107
931 3.400873 107
932 4.232687 107
933 3.044073 107
934 4.884301 107
935 5.902884 107
936 14.011799 107
937 4.990215 107
938 4.422511 107
939 0.949145 107
940 3.249949 107
941 3.582243 107
942 3.339817 107
943 3.761558 107
944 2.066845 107
945 1.400017 107
946 2.139360 107
947 2.671441 107
948 2.179584 107
949 5.115202 107
950 2.195825 107
951 39.267108 107
952 1.816223 107
953 2.280379 107
954 1.900844 107
955 2.751049 107
956 1.402845 107
957 3.014650 107
958 4.064736 107
959 4.693634 107
960 1.474169 107
961 4.482592 107
962 3.340497 107
963 4.778394 107
964 1.509522 107
965 2.848243 107
966 3.413733 107
967 22.093410 107
968 32.270788 107
969 31.726716 107
970 32.274310 107
971 32.555674 107
972 1.989692 107
973 1.901140 107
974 2.316206 107
975 4.649102 107
976 1.387118 107
977 1.031347 107
978 2.434113 107
979 1.191377 107
980 1.123941 107
981 11.631282 107
982 1.233820 107
983 1.600604 107
984 1.976039 107
985 7.974219 107
986 1.514888 107
987 4.257632 107
988 1.626269 107
989 0.115242 107
990 1.947838 107
991 1.330832 107
992 1.795748 107
993 2.092886 107
994 0.887644 107
995 0.838866 107
996 1.462261 107
997 2.514803 107
998 3.205321 107
999 0.683776 107
1000 1.460977 86
1001 1.575858 86
1002 0.718167 86
1003 2.398299 86
1004 1.017828 86
1005 1.128969 86
1006 4.739913 86
1007 0.455713 86
1008 0.941337 86
1009 1.389408 86
1010 1.524202 86
1011 1.200753 86
1012 5.522818 86
1013 15.154022 86
1014 1.727337 86
1015 1.636061 86
1016 4.812629 86
1017 6.316986 86
1018 6.257585 86
1019 6.033285 86
1020 6.396590 86
1021 6.483251 86
1022 6.240588 86
1023 5.850601 86
1024 6.995527 86
1025 6.027697 86
1026 6.272287 86
1027 5.957625 86
1028 7.026054 86
1029 6.266603 86
1030 6.326791 86
1031 6.351651 86
1032 1.569315 86
1033 3.375519 86
1034 3.687648 86
1035 1.670342 86
1036 4.768057 86
1037 1.882422 86
1038 4.152954 86
1039 3.209299 86
1040 1.728747 86
1041 4.676186 86
1042 2.749123 86
1043 0.293624 86
1044 3.622019 86
1045 4.553466 86
1046 1.266700 86
1047 2.402273 86
1048 2.763611 86
1049 4.908936 86
1050 8.254528 106
1051 9.597573 106
1052 9.490681 106
1053 2.297090 106
1054 4.474184 106
1055 2.196746 106
1056 5.294539 106
1057 6.391967 106
1058 2.330824 106
1059 5.817158 106
1060 7.174792 106
1061 23.764022 106
1062 102.006367 106
1063 124.086301 106
1064 167.304166 106
1065 71.298233 106
1066 248.952571 106
1067 44.630804 106
1068 132.075853 106
1069 83.323156 106
1070 72.225529 106
1071 178.759134 106
1072 104.971923 106
1073 143.057600 106
1074 46.561920 106
1075 73.782916 106
1076 127.032886 106
1077 99.838926 106
1078 186.575054 106
1079 257.909813 106
1080 71.138427 106
1081 73.855239 106
1082 174.761505 106
1083 138.935915 106
1084 140.472834 106
1085 47.714300 106
1086 96.263972 106
1087 0.519695 106
1088 1.145518 106
1089 0.831806 106
1090 0.554499 106
1091 1.061075 106
1092 0.779678 106
1093 0.613077 106
1094 2.172808 106
1095 1.179877 106
1096 2.328577 106
1097 4.243847 106
1098 4.437305 106
1099 7.537157 106
1100 2.115943 121
1101 1.730914 121
1102 254.295024 121
1103 0.829891 121
1104 0.856382 121
1105 0.997758 121
1106 0.902169 121
1107 1.007217 121
1108 1.824771 121
1109 5.062212 121
1110 6.804996 121
1111 5.459535 121
1112 0.064561 121
1113 22.577641 121
1114 1.048513 121
1115 1.055940 121
1116 1.042696 121
1117 2.715947 121
1118 2.248584 121
1119 1.731088 121
1120 3.282455 121
1121 3.067376 121
1122 0.430918 121
1123 1.160337 121
1124 1.040849 121
1125 0.456537 121
1126 2.518904 121
1127 5.200046 121
1128 5.783506 121
1129 2.198317 121
1130 1.847321 121
1131 2.998806 121
1132 1.306487 121
1133 2.328127 121
1134 2.941193 121
1135 9.183282 121
1136 60.685731 121
1137 2.107751 121
1138 5.712887 121
1139 0.325150 121
1140 1.016338 121
1141 0.846890 121
1142 0.000000 121
1143 0.504988 121
1144 0.774349 121
1145 5.028477 121
1146 9.975122 121
1147 64.603643 121
1148 6.887839 121
1149 2.752057 121
1150 2.139762 111
1151 5.407059 111
1152 4.934037 108
1153 2.070848 111
1154 2.668704 111
1155 2.554568 111
1156 2.056670 111
1157 4.366134 111
1158 1.269221 111
1159 2.829735 111
1160 11.659109 111
1161 37.131575 111
1162 5.758540 111
1163 22.244227 111
1164 6.441789 111
1165 3.491669 111
1166 2.276321 111
1167 0.636752 111
1168 1.777190 111
1169 6.327395 111
1170 0.519726 111
1171 1.340046 111
1172 0.639165 111
1173 1.074497 111
1174 0.631140 111
1175 1.065888 111
1176 0.586008 111
1177 1.309847 111
1178 0.640853 111
1179 1.073134 111
1180 0.637759 111
1181 1.107344 111
1182 1.799334 110
1183 1.332563 110
1184 6.359323 110
1185 14.005561 110
1186 0.851567 110
1187 1.634670 110
1188 0.034595 110
1189 0.119934 110
1190 6.313087 110
1191 9.069814 110
1192 45.789809 110
1193 2.325043 110
1194 4.418946 110
1195 3.251430 110
1196 7.620527 110
1197 4.712827 110
1198 3.043029 110
1199 4.392720 110
1200 13.413298 113
1201 41.429024 113
1202 1.398384 113
1203 6.098678 113
1204 0.000000 113
1205 3.276732 113
1206 11.763349 113
1207 5.551069 113
1208 0.696534 113
1209 2.987344 113
1210 0.308552 113
1211 34.552234 113
1212 29.754287 113
1213 5.660592 113
1214 4.175916 113
1215 0.381265 113
1216 0.879367 113
1217 1.397469 113
1218 3.421381 113
1219 1.765471 113
1220 1.118816 113
1221 2.024000 113
1222 1.563944 113
1223 2.459692 113
1224 5.030394 113
1225 1.953278 113
1226 1.567004 113
1227 25.113350 113
1228 2.211054 113
1229 2.225813 113
1230 34.696639 113
1231 1.600733 113
1232 3.761753 113
1233 2.033412 113
1234 4.571560 113
1235 36.290429 113
1236 0.518671 113
1237 1.051374 113
1238 2.850400 113
1239 1.016506 113
1240 2.212869 113
1241 6.222155 113
1242 1.372272 113
1243 0.000000 113
1244 2.417520 113
1245 9.290738 113
1246 61.393575 113
1247 1.199685 113
1248 0.480387 113
1249 0.685794 113
1250 25.268676 114
1251 1.800411 114
1252 3.615135 114
1253 4.441695 114
1254 19.508761 114
1255 5.052611 114
1256 1.124981 114
1257 4.737649 114
1258 2.097545 114
1259 0.552319 114
1260 3.373927 114
1261 1.401026 114
1262 5.043345 114
1263 6.181134 114
1264 1.011098 114
1265 0.754267 114
1266 2.329898 114
1267 1.681128 114
1268 14.593469 114
1269 2.338747 114
1270 3.040199 114
1271 6.360361 114
1272 6.425190 114
1273 6.646434 114
1274 6.638912 114
1275 6.987602 114
1276 5.801580 114
1277 4.931812 114
1278 1.263187 114
1279 0.432361 114
1280 0.552959 114
1281 0.672821 114
1282 0.000000 114
1283 0.567940 114
1284 0.666681 114
1285 7.331223 114
1286 4.635761 114
1287 16.837513 114
1288 2.109796 114
1289 4.404967 114
1290 0.166022 114
1291 18.195412 114
1292 18.063873 113
1293 1.686391 113
1294 2.002049 113
1295 17.926762 113
1296 2.155984 113
1297 1.787843 113
1298 451.635377 113
1299 0.000000 113
1300 0.448244 110
1301 0.964093 110
1302 0.902528 110
1303 0.083433 110
1304 0.748402 110
1305 0.466944 110
1306 2.967213 110
1307 0.712082 110
1308 1.773182 110
1309 1.984377 110
1310 1.213170 110
1311 2.791599 110
1312 2.672870 110
1313 2.138506 110
1314 8.168216 110
1315 0.928761 110
1316 1.975001 110
1317 1.556620 110
1318 0.964099 110
1319 2.026913 110
1320 1.118862 110
1321 3.177861 110
1322 0.197423 110
1323 0.747820 110
1324 1.340068 110
1325 1.237487 110
1326 1.459769 110
1327 0.324885 110
1328 1.600260 110
1329 0.140097 110
1330 27.678279 110
1331 1.443277 110
1332 2.396562 110
1333 1.005887 110
1334 1.017217 110
1335 1.153587 110
1336 1.557712 110
1337 1.737603 110
1338 2.033480 110
1339 1.942821 110
1340 2.123853 110
1341 2.312813 110
1342 2.169523 110
1343 1.990022 110
1344 2.240018 110
1345 2.202444 110
1346 2.436206 110
1347 2.321857 110
1348 2.581948 110
1349 2.285139 110
1350 0.972076 100
1351 1.549769 100
1352 1.492388 100
1353 1.637736 100
1354 1.675474 100
1355 1.657600 100
1356 1.932123 100
1357 1.900296 100
1358 1.719946 100
1359 2.193106 100
1360 1.958968 100
1361 1.722539 100
1362 1.926950 100
1363 1.802194 100
1364 3.498303 100
1365 2.070782 100
1366 2.082515 100
1367 2.055234 100
1368 2.009763 100
1369 2.094336 100
1370 2.141874 100
1371 2.614128 100
1372 2.564299 100
1373 2.164037 100
1374 2.234110 100
1375 2.130177 100
1376 2.104888 100
1377 2.251805 100
1378 2.161046 100
1379 2.514906 100
1380 2.374048 100
1381 2.323263 100
1382 2.180384 100
1383 2.359674 100
1384 2.412801 100
1385 2.065841 100
1386 18.046679 100
1387 86.460294 100
1388 57.037882 100
1389 52.887366 100
1390 57.895427 100
1391 102.690508 100
1392 133.074122 100
1393 273.915330 100
1394 111.828634 100
1395 140.332299 100
1396 30.422986 100
1397 75.107789 100
1398 56.227613 100
1399 116.456794 100
1400 17.388225 98
1401 75.343030 98
1402 38.917457 98
1403 49.721151 98
1404 59.175366 98
1405 94.226054 98
1406 47.348522 98
1407 191.744092 98
1408 42.308814 98
1409 56.955416 98
1410 83.423291 98
1411 95.969312 98
1412 48.362002 98
1413 110.011344 98
1414 118.628538 98
1415 46.656970 98
1416 106.190024 98
1417 16.259425 98
1418 74.303748 98
1419 86.087526 98
1420 117.888888 98
1421 46.420080 98
1422 48.476190 98
1423 26.747255 98
1424 237.465090 98
1425 96.283837 98
1426 47.266809 98
1427 100.560691 98
1428 58.777242 98
1429 112.517075 98
1430 62.467438 98
1431 50.718215 98
1432 122.811750 98
1433 0.800523 98
1434 2.455778 98
1435 0.001147 98
1436 0.038658 98
1437 0.004389 98
1438 0.002452 98
1439 0.000577 98
1440 0.197269 98
1441 3.761445 98
1442 3.194553 98
1443 0.205277 98
1444 1.218959 98
1445 2.332990 98
1446 18.045293 98
1447 1.324172 98
1448 1.285576 98
1449 2.487874 98
1450 1.629869 92
1451 2.568632 92
1452 2.981185 92
1453 3.331284 92
1454 0.003220 92
1455 3.229307 92
1456 3.254972 92
1457 0.951335 92
1458 0.961089 92
1459 2.209631 92
1460 1.911866 92
1461 3.661301 92
1462 1.622870 92
1463 4.056850 92
1464 2.774987 92
1465 0.770732 92
1466 1.845959 92
1467 2.020206 92
1468 2.149534 92
1469 2.316534 92
1470 1.647409 92
1471 1.963842 92
1472 4.749879 92
1473 7.742078 92
1474 2.688355 92
1475 4.846799 92
1476 1.874608 92
1477 4.098533 92
1478 1.159975 92
1479 1.608889 92
1480 1.032317 92
1481 0.833952 92
1482 3.710925 92
1483 0.801273 92
1484 1.599342 92
1485 0.784457 92
1486 4.979387 92
1487 2.543245 92
1488 0.832597 92
1489 2.740598 92
1490 0.748434 92
1491 2.188614 92
1492 3.839305 92
1493 1.688675 92
1494 2.426882 92
1495 28.064280 92
1496 1.843917 92
1497 1.134809 92
1498 1.121301 92
1499 1.062660 92
1500 0.478178 109
1501 1.155748 109
1502 3.195995 109
1503 1.407367 109
1504 1.497335 109
1505 1.519247 109
1506 1.618195 109
1507 1.496432 109
1508 1.531848 109
1509 1.366522 109
1510 1.436091 109
1511 0.383021 109
1512 0.442942 109
1513 1.027267 109
1514 1.569345 109
1515 1.315165 109
1516 1.998860 109
1517 0.663821 109
1518 0.495718 109
1519 10.507618 109
1520 49.938650 109
1521 0.356595 109
1522 0.966848 109
1523 0.584208 109
1524 2.441199 109
1525 1.101777 109
1526 2.969156 109
1527 2.655733 109
1528 0.000000 109
1529 0.000000 109
1530 0.000000 109
1531 0.000000 109
1532 1.280921 109
1533 2.037410 109
1534 2.383141 109
1535 2.220455 109
1536 108.685788 109
1537 1.021665 109
1538 0.978371 109
1539 0.852536 109
1540 0.972959 109
1541 0.972509 109
1542 0.989312 109
1543 0.986189 109
1544 0.958959 109
1545 1.059500 109
1546 1.738713 109
1547 0.000000 109
1548 1.233299 109
1549 2.597344 109
1550 2.100385 121
1551 0.965053 121
1552 0.698143 121
1553 2.511349 121
1554 5.347157 121
1555 0.646270 121
1556 2.316614 121
1557 0.752762 121
1558 1.883369 121
1559 1.727466 121
1560 1.190722 121
1561 1.744999 121
1562 1.268918 121
1563 0.559179 121
1564 1.412811 121
1565 2.899884 121
1566 2.521157 121
1567 3.114476 121
1568 0.672953 121
1569 0.531593 121
1570 0.057137 121
1571 1.884945 121
1572 1.382774 121
1573 1.827791 121
1574 1.305986 121
1575 0.206416 121
1576 10.621132 121
1577 1.128908 121
1578 0.974357 121
1579 1.267770 121
1580 1.787928 121
1581 3.262607 121
1582 3.015268 121
1583 3.198455 121
1584 4.182824 121
1585 4.731087 121
1586 1.859899 121
1587 2.588133 121
1588 0.269191 121
1589 2.038955 121
1590 2.245473 121
1591 2.414916 121
1592 2.000816 121
1593 2.613135 121
1594 1.436495 121
1595 0.060232 121
1596 2.255209 121
1597 2.158565 121
1598 2.632446 121
1599 5.490108 121
1600 2.053518 114
1601 1.894643 114
1602 4.416714 114
1603 4.235679 114
1604 4.375245 114
1605 1.436146 114
1606 3.859714 114
1607 3.709388 114
1608 1.253298 114
1609 3.834651 114
1610 4.065970 114
1611 1.700524 114
1612 4.640394 114
1613 1.803662 114
1614 4.101062 114
1615 2.002490 114
1616 3.934724 114
1617 4.839458 114
1618 3.908234 114
1619 5.871558 114
1620 1.013663 114
1621 10.800924 114
1622 1.774354 114
1623 1.072843 114
1624 1.073240 114
1625 1.919560 114
1626 1.237391 114
1627 1.824730 114
1628 1.189743 114
1629 1.831099 114
1630 28.786038 114
1631 95.611905 114
1632 2.589227 114
1633 1.207867 114
1634 36.666887 114
1635 1.313071 114
1636 0.000000 114
1637 0.000111 114
1638 0.000000 114
1639 6.425134 114
1640 1.267792 114
1641 1.484392 114
1642 2.732785 114
1643 5.841826 114
1644 3.374724 114
1645 7.234545 114
1646 1.485685 114
1647 3.222271 114
1648 0.569241 114
1649 1.519383 114
1650 1.987165 103
1651 2.603894 103
1652 2.494917 103
1653 1.194498 103
1654 49.093351 103
1655 18.170832 103
1656 2.015706 103
1657 2.298068 103
1658 1.424238 103
1659 1.276332 103
1660 1.739963 103
1661 3.107919 103
1662 2.660881 103
1663 2.680868 103
1664 0.251711 103
1665 1.587507 103
1666 1.686517 103
1667 0.764156 103
1668 1.289217 103
1669 1.600921 103
1670 0.690265 103
1671 1.479295 103
1672 0.053639 103
1673 0.030643 103
1674 0.024073 103
1675 0.019073 103
1676 0.015069 103
1677 0.016354 103
1678 0.015658 103
1679 0.209102 103
1680 0.014638 103
1681 0.352051 103
1682 1.976393 103
1683 4.507370 103
1684 4.518463 103
1685 0.504330 103
1686 0.701562 103
1687 3.936038 103
1688 2.060904 103
1689 0.914028 103
1690 111.028934 103
1691 2.232928 103
1692 105.400654 103
1693 0.599149 103
1694 1.755757 103
1695 3.958610 103
1696 1.730289 103
1697 3.994358 103
1698 1.364080 103
1699 3.675468 103
1700 1.283666 98
1701 2.667524 98
1702 2.622825 98
1703 0.701042 98
1704 0.717689 98
1705 2.349358 98
1706 5.197078 97
1707 5.121629 98
1708 4.284061 98
1709 3.710283 98
1710 11.375461 98
1711 33.135537 98
1712 31.536951 98
1713 33.163570 98
1714 1.050343 98
1715 1.382941 98
1716 0.750688 98
1717 1.997646 98
1718 9.929233 98
1719 1.113476 98
1720 0.932124 98
1721 0.881248 98
1722 1.181193 98
1723 4.064257 98
1724 1.186177 98
1725 0.933154 98
1726 46.114171 98
1727 10.580012 98
1728 18.495215 98
1729 0.669627 98
1730 0.840428 98
1731 1.554450 98
1732 3.365816 98
1733 32.154267 98
1734 1.344078 98
1735 1.312142 98
1736 1.345334 98
1737 2.063167 98
1738 1.584859 98
1739 0.158066 98
1740 1.445748 98
1741 0.812247 98
1742 122.475242 98
1743 3.493065 98
1744 2.246456 98
1745 1.548008 98
1746 1.293787 98
1747 27.169046 98
1748 0.327910 98
1749 7.473097 98
1750 3.385198 122
1751 2.432423 122
1752 0.869598 122
1753 1.454942 122
1754 3.230424 122
1755 3.245716 122
1756 22.227871 122
1757 1.260186 122
1758 1.019509 122
1759 26.122089 122
1760 1.683695 122
1761 2.104355 122
1762 1.974728 122
1763 1.617928 122
1764 1.784775 122
1765 2.391353 122
1766 2.025380 122
1767 2.074835 122
1768 2.375979 122
1769 0.000000 122
1770 0.000000 122
1771 0.685713 122
1772 1.283622 122
1773 4.681258 122
1774 1.595750 122
1775 4.151407 122
1776 0.723692 122
1777 1.058590 122
1778 1.041279 122
1779 1.366899 122
1780 1.198295 122
1781 7.261269 122
1782 5.889228 122
1783 18.433817 122
1784 12.083498 122
1785 1.069026 122
1786 0.964183 122
1787 0.000000 122
1788 1.269936 122
1789 1.377265 122
1790 2.292265 122
1791 0.094343 122
1792 1.748366 122
1793 3.437192 122
1794 3.628830 122
1795 0.795340 122
1796 0.847402 122
1797 1.893572 122
1798 0.760291 122
1799 0.825640 122
1800 0.471894 117
1801 2.479869 117
1802 0.547139 117
1803 0.707143 117
1804 1.642687 117
1805 0.732834 117
1806 0.756574 117
1807 0.000000 117
1808 1.598772 117
1809 1.816218 117
1810 0.609802 117
1811 0.044304 117
1812 0.484308 117
1813 2.395553 117
1814 3.112543 117
1815 3.040114 117
1816 13.366786 117
1817 1.178345 117
1818 1.086105 117
1819 1.133205 117
1820 1.294345 117
1821 142.812215 117
1822 186.785326 117
1823 2.007846 117
1824 2.244722 117
1825 0.997346 117
1826 1.063147 117
1827 6.583407 117
1828 7.042540 117
1829 7.338055 117
1830 1.215323 117
1831 23.828939 117
1832 93.752361 117
1833 1.514135 117
1834 16.528970 117
1835 1.330851 117
1836 14.142567 117
1837 1.157194 117
1838 0.713037 117
1839 2.136228 117
1840 1.085367 117
1841 5.563024 117
1842 15.255163 117
1843 7.566081 117
1844 2.085256 117
1845 1.305403 117
1846 1.181504 117
1847 0.630501 117
1848 0.625770 117
1849 0.728633 117
1850 1.085636 110
1851 10.145449 110
1852 0.349132 110
1853 0.681969 110
1854 1.489769 110
1855 1.703657 110
1856 0.529521 110
1857 0.631790 110
1858 1.593703 110
1859 1.656033 110
1860 1.182183 110
1861 1.018401 110
1862 111.569021 110
1863 0.394561 110
1864 1.259534 110
1865 1.560429 110
1866 0.670160 110
1867 1.314847 110
1868 0.560028 110
1869 0.516050 110
1870 0.850007 110
1871 1.287436 110
1872 0.081221 110
1873 0.185426 110
1874 0.127235 110
1875 0.790668 110
1876 0.832396 110
1877 1.913308 110
1878 15.566159 110
1879 3.525716 110
1880 5.461637 110
1881 3.205482 110
1882 41.070198 110
1883 3.258896 110
1884 17.494842 110
1885 3.165799 110
1886 3.038168 110
1887 76.483209 110
1888 8.073912 110
1889 18.020122 110
1890 4.570572 110
1891 1.724972 110
1892 1.804585 110
1893 1.340056 110
1894 0.630029 110
1895 1.243161 110
1896 1.215133 110
1897 0.749029 110
1898 0.858863 110
1899 2.247388 110
1900 0.090034 111
1901 7.108792 111
1902 0.525285 111
1903 0.325825 111
1904 0.434654 111
1905 0.000000 111
1906 0.000000 111
1907 0.000000 111
1908 0.000000 111
1909 0.000000 111
1910 0.000000 111
1911 0.000000 111
1912 2.967469 111
1913 6.468510 111
1914 6.510129 110
1915 6.327591 111
1916 6.655972 111
1917 6.369239 111
1918 6.567386 111
1919 6.383147 111
1920 6.517427 111
1921 6.385387 111
1922 6.451616 111
1923 6.988583 111
1924 6.207797 111
1925 6.206392 111
1926 6.242933 111
1927 6.231247 111
1928 6.574867 111
1929 6.558759 111
1930 6.444553 111
1931 6.030349 111
1932 6.374418 111
1933 6.458511 111
1934 6.436482 111
1935 6.596877 111
1936 1.484881 111
1937 3.478478 111
1938 2.694604 111
1939 1.520978 111
1940 3.111236 111
1941 3.157875 111
1942 0.115333 111
1943 0.932818 111
1944 2.139468 111
1945 1.340343 111
1946 2.187861 111
1947 2.675564 111
1948 6.493255 109
1949 0.000000 111
1950 2.290550 106
1951 0.566376 106
1952 1.263671 106
1953 1.970164 106
1954 1.588960 106
1955 4.002716 106
1956 1.465251 106
1957 12.770285 106
1958 0.975483 106
1959 2.554129 106
1960 4.633844 106
1961 1.534037 106
1962 0.000000 106
1963 0.000000 106
1964 1.244726 106
1965 26.138796 106
1966 1.409302 106
1967 0.421608 106
1968 1.826130 106
1969 1.508714 106
1970 0.627253 106
1971 0.000000 106
1972 0.669363 106
1973 1.063510 106
1974 1.041895 106
1975 1.324864 106
1976 1.772909 106
1977 2.130813 106
1978 2.067002 106
1979 0.524032 106
1980 20.875395 106
1981 1.792977 106
1982 3.780129 106
1983 3.536369 106
1984 3.797872 106
1985 11.159014 106
1986 10.903473 106
1987 10.708022 106
1988 1.483752 106
1989 3.828016 106
1990 1.196823 106
1991 3.466067 106
1992 2.121309 106
1993 3.143688 106
1994 1.729695 106
1995 3.619348 106
1996 3.791580 106
1997 106.980601 106
1998 122.636203 106
1999 117.184047 106
2000 83.782184 118
2001 94.757558 118
2002 89.863262 118
2003 90.369679 118
2004 5.048333 118
2005 5.621568 118
2006 6.703893 118
2007 1.131264 118
2008 1.667027 118
2009 1.742575 118
2010 60.072087 118
2011 1.131359 118
2012 2.387018 118
2013 15.453231 118
2014 0.000000 118
2015 2.170254 118
2016 1.014990 118
2017 1.087515 118
2018 1.246271 118
2019 1.283333 118
2020 3.258311 118
2021 1.192644 118
2022 1.852046 118
2023 1.222089 118
2024 11.920975 118
2025 5.658850 118
2026 1.600220 118
2027 1.222938 118
2028 1.347961 118
2029 0.335958 118
2030 1.602262 118
2031 1.151242 118
2032 1.637003 118
2033 1.938365 118
2034 13.746692 118
2035 1.788393 118
2036 1.163334 118
2037 257.764309 118
2038 1.905187 118
2039 1.716231 118
2040 1.094617 118
2041 1.241326 118
2042 1.159755 118
2043 7.820616 118
2044 9.634308 118
2045 2.152442 118
2046 4.775674 118
2047 4.868312 118
2048 4.541779 118
2049 3.532027 118
2050 2.533169 120
2051 7.147655 120
2052 6.463874 120
2053 1.372595 120
2054 3.067811 120
2055 3.016729 120
2056 2.138725 120
2057 59.363776 120
2058 5.461046 120
2059 6.233812 120
2060 6.214076 120
2061 7.347641 120
2062 2.779685 120
2063 1.899005 120
2064 0.281414 120
2065 3.593823 120
2066 1.924130 120
2067 0.271125 120
2068 3.096989 120
2069 0.885684 120
2070 26.630232 120
2071 25.019025 120
2072 13.403317 120
2073 0.721554 120
2074 3.512633 120
2075 31.705954 120
2076 1.476028 120
2077 2.844111 120
2078 0.462632 120
2079 1.388246 120
2080 13.032128 120
2081 1.230973 120
2082 2.780281 120
2083 0.229853 120
2084 0.577889 120
2085 0.589937 120
2086 0.566073 120
2087 0.583327 120
2088 0.589923 120
2089 0.734423 120
2090 1.457488 120
2091 0.980476 120
2092 0.224312 120
2093 0.425632 120
2094 0.401345 120
2095 0.465428 120
2096 0.020373 120
2097 0.136389 120
2098 0.228644 120
2099 0.445985 120
2100 0.606133 109
2101 0.971161 109
2102 0.003210 109
2103 19.733203 109
2104 27.787607 109
2105 1.024299 109
2106 0.605279 109
2107 0.274367 109
2108 0.810551 109
2109 1.316760 109
2110 2.887176 109
2111 0.861976 109
2112 1.112240 109
2113 13.967167 109
2114 59.719501 109
2115 108.001237 109
2116 98.573639 109
2117 22.457557 109
2118 49.704753 109
2119 51.420591 109
2120 40.165038 109
2121 41.033225 109
2122 86.551002 109
2123 38.532465 109
2124 246.922553 109
2125 1.986699 109
2126 28.049962 109
2127 14.292620 109
2128 1.448470 109
2129 1.534045 109
2130 1.496433 109
2131 1.342652 109
2132 2.144762 109
2133 1.279160 109
2134 2.124514 109
2135 2.177269 109
2136 16.744926 109
2137 9.328009 109
2138 1.302876 109
2139 0.902896 109
2140 1.050068 109
2141 4.838931 109
2142 1.770582 109
2143 2.030725 109
2144 8.085895 109
2145 15.269935 109
2146 51.674836 109
2147 12.637376 109
2148 1.770961 109
2149 0.913918 109
2150 14.183644 106
2151 5.107271 106
2152 0.644711 106
2153 1.334479 106
2154 1.340252 106
2155 1.622855 106
2156 6.506869 106
2157 12.034131 106
2158 6.126731 106
2159 7.832181 106
2160 0.003022 106
2161 0.584682 106
2162 0.347038 106
2163 0.539795 106
2164 0.598720 106
2165 0.638228 106
2166 0.571573 106
2167 0.642611 106
2168 0.581305 106
2169 0.571451 106
2170 1.022420 106
2171 0.956419 106
2172 0.545339 106
2173 0.756438 106
2174 0.849239 106
2175 1.002318 106
2176 0.843023 106
2177 0.725062 106
2178 0.842706 106
2179 0.853686 106
2180 0.929245 106
2181 0.788226 106
2182 1.072998 106
2183 1.029598 106
2184 1.004534 106
2185 1.004959 106
2186 0.868680 106
2187 1.081786 106
2188 0.939300 106
2189 0.997605 106
2190 0.950764 106
2191 1.126695 106
2192 1.118501 106
2193 1.137770 106
2194 1.112152 106
2195 1.022081 106
2196 1.222136 106
2197 1.141033 106
2198 1.360566 106
2199 1.382730 106
2200 0.922097 103
2201 0.875803 103
2202 1.154299 103
2203 0.753007 103
2204 0.663991 103
2205 1.146561 103
2206 0.951620 103
2207 0.583411 103
2208 0.686699 103
2209 0.689853 103
2210 0.740747 103
2211 0.664668 103
2212 0.860561 103
2213 0.625415 103
2214 0.730108 103
2215 0.554731 103
2216 0.778048 103
2217 0.663924 103
2218 0.659396 103
2219 0.711739 103
2220 0.756700 103
2221 0.699921 103
2222 0.822167 103
2223 0.698268 103
2224 0.811721 103
2225 1.114304 103
2226 0.860000 103
2227 0.725064 103
2228 0.900984 103
2229 0.919790 103
2230 0.820717 103
2231 0.881994 103
2232 0.904109 103
2233 0.906510 103
2234 0.878546 103
2235 0.885968 103
2236 0.940876 103
2237 1.270651 103
2238 0.953147 103
2239 1.119349 103
2240 1.163554 103
2241 1.079431 103
2242 1.041448 103
2243 0.968350 103
2244 1.229740 103
2245 0.937263 103
2246 1.693107 103
2247 1.206696 103
2248 1.027038 103
2249 1.041736 103
2250 0.588068 103
2251 0.733278 103
2252 0.586688 103
2253 0.736918 103
2254 0.598540 103
2255 0.601903 103
2256 0.645610 103
2257 0.591903 103
2258 0.501582 103
2259 0.497699 103
2260 0.502469 103
2261 0.665508 103
2262 0.631005 103
2263 0.726308 103
2264 0.682136 103
2265 0.619711 103
2266 0.799293 103
2267 0.684495 103
2268 0.752072 103
2269 0.734599 103
2270 0.910204 103
2271 0.731821 103
2272 0.884533 103
2273 0.765666 103
2274 0.801457 103
2275 0.766391 103
2276 0.843317 103
2277 0.870278 103
2278 0.693598 103
2279 0.872999 103
2280 0.726137 103
2281 0.834949 103
2282 0.779471 103
2283 0.856884 103
2284 0.776979 103
2285 0.871014 103
2286 0.841769 103
2287 0.875460 103
2288 1.032165 103
2289 0.968654 103
2290 0.997514 103
2291 1.113972 103
2292 1.008165 103
2293 1.031310 103
2294 1.509442 103
2295 1.138847 103
2296 1.222132 103
2297 1.349113 103
2298 1.253754 103
2299 1.456955 103
2300 0.596739 101
2301 0.720240 101
2302 0.669009 101
2303 0.791256 101
2304 0.671280 101
2305 0.783301 101
2306 0.664146 101
2307 0.637992 101
2308 0.634421 101
2309 0.760931 101
2310 0.637347 101
2311 0.667782 101
2312 0.849824 101
2313 0.779347 101
2314 0.800161 101
2315 0.843333 101
2316 0.839486 101
2317 1.005671 101
2318 0.873403 101
2319 0.957794 101
2320 0.877027 101
2321 0.789764 101
2322 0.905610 101
2323 0.834702 101
2324 0.902068 101
2325 0.833584 101
2326 0.867274 101
2327 0.751427 101
2328 0.930389 101
2329 1.059508 101
2330 0.959158 101
2331 1.120052 101
2332 0.877447 101
2333 1.068234 101
2334 1.187083 101
2335 0.920784 101
2336 1.036285 101
2337 0.709548 101
2338 0.990968 101
2339 0.918135 101
2340 1.079118 101
2341 1.131659 101
2342 1.174503 101
2343 1.040890 101
2344 1.101253 101
2345 1.261552 101
2346 1.130905 101
2347 1.275513 101
2348 1.395174 101
2349 2.071798 101
2350 0.789745 87
2351 2.203482 87
2352 1.689959 87
2353 21.184907 87
2354 3.816166 87
2355 2.998877 87
2356 24.868794 87
2357 94.998546 87
2358 80.231242 87
2359 161.012745 87
2360 44.588408 87
2361 112.685567 87
2362 170.627233 87
2363 99.241101 87
2364 76.507318 87
2365 69.718761 87
2366 165.543232 87
2367 126.591257 87
2368 192.243836 87
2369 31.717539 87
2370 187.296597 87
2371 113.485240 87
2372 37.349609 87
2373 157.083627 87
2374 72.388875 87
2375 197.660749 87
2376 77.970934 87
2377 116.127857 87
2378 68.387499 87
2379 161.763046 87
2380 45.378551 87
2381 123.863475 87
2382 48.156927 87
2383 2.403952 87
2384 4.681452 87
2385 5.542612 87
2386 2.558014 87
2387 4.913420 87
2388 5.601525 87
2389 29.844110 87
2390 4.087646 87
2391 4.504334 87
2392 1.477196 87
2393 3.363226 87
2394 3.205669 87
2395 2.074569 87
2396 3.688387 87
2397 4.712689 87
2398 1.868763 87
2399 4.181686 87
2400 2.513394 118
2401 5.420441 118
2402 5.067854 118
2403 4.992916 118
2404 5.249376 118
2405 5.168884 118
2406 5.013038 118
2407 4.632816 118
2408 5.158488 118
2409 5.089602 118
2410 1.197347 118
2411 0.011628 118
2412 1.604219 118
2413 2.652893 118
2414 1.385343 118
2415 2.531050 118
2416 1.962420 118
2417 3.213106 118
2418 4.527812 118
2419 5.150832 118
2420 2.409284 118
2421 0.242498 118
2422 1.303296 118
2423 0.396322 118
2424 0.488198 118
2425 1.176529 118
2426 2.154357 118
2427 0.930348 118
2428 0.790036 118
2429 0.796773 118
2430 0.479085 118
2431 0.000000 118
2432 1.221486 118
2433 0.932688 118
2434 2.795555 118
2435 17.523354 118
2436 3.704079 118
2437 2.808325 118
2438 2.222908 118
2439 2.889215 118
2440 3.212447 118
2441 0.029213 118
2442 0.030774 118
2443 0.032905 118
2444 2.648912 118
2445 5.895403 118
2446 12.462773 118
2447 275.634239 118
2448 3.653059 118
2449 3.439983 118
2450 0.297667 116
2451 0.476693 116
2452 0.503245 116
2453 1.134357 116
2454 3.849288 116
2455 69.782412 116
2456 138.624050 116
2457 0.107896 116
2458 1.174104 116
2459 3.336428 116
2460 0.839863 116
2461 10.281104 116
2462 16.937120 116
2463 5.249494 116
2464 2.380682 116
2465 4.081032 116
2466 1.914868 116
2467 3.748867 116
2468 5.200712 116
2469 1.612978 116
2470 1.178195 116
2471 0.435829 116
2472 1.357696 116
2473 0.013814 116
2474 1.643207 116
2475 0.100356 116
2476 2.038206 116
2477 1.714806 116
2478 16.125485 116
2479 3.771859 116
2480 0.284527 116
2481 4.262225 116
2482 1.588931 116
2483 1.953883 116
2484 1.479719 115
2485 3.524332 115
2486 2.049966 115
2487 19.632286 115
2488 1.702711 115
2489 8.565637 115
2490 0.863037 115
2491 2.949991 115
2492 1.970892 115
2493 2.209981 115
2494 2.090211 115
2495 2.082080 115
2496 1.322847 115
2497 81.806915 115
2498 1.386225 115
2499 2.380039 115
2500 1.361592 110
2501 1.974875 110
2502 0.005955 110
2503 0.213976 110
2504 2.251381 110
2505 5.047097 110
2506 2.105153 110
2507 3.719012 110
2508 1.470841 110
2509 0.000000 110
2510 1.830276 110
2511 2.537108 110
2512 1.885856 110
2513 17.291979 110
2514 1.548253 110
2515 2.217358 110
2516 4.584820 110
2517 1.405093 110
2518 2.591927 110
2519 0.000000 110
2520 2.056306 110
2521 2.001359 110
2522 2.810405 110
2523 1.881320 110
2524 1.166508 110
2525 1.604588 110
2526 1.515058 110
2527 1.745352 110
2528 8.599776 110
2529 6.698093 110
2530 5.061971 110
2531 1.402545 110
2532 49.820116 110
2533 25.897672 110
2534 1.629645 110
2535 2.432023 110
2536 2.676938 110
2537 2.024220 110
2538 1.267935 110
2539 2.368012 110
2540 2.709281 110
2541 1.977344 110
2542 2.374219 110
2543 0.671646 110
2544 0.896862 110
2545 2.422364 110
2546 2.690483 110
2547 1.861865 110
2548 27.723509 110
2549 2.191050 110
2550 1.606142 104
2551 1.307574 104
2552 0.187561 104
2553 2.398903 104
2554 0.000000 104
2555 3.380054 104
2556 1.710290 104
2557 2.049610 104
2558 1.448710 104
2559 1.290507 104
2560 1.024452 104
2561 1.603132 104
2562 0.963556 104
2563 0.174582 104
2564 0.105924 104
2565 0.229824 104
2566 0.016294 104
2567 0.029021 104
2568 0.040546 104
2569 0.048902 104
2570 0.019456 104
2571 0.051348 104
2572 0.056040 104
2573 0.082383 104
2574 0.166204 104
2575 0.094813 104
2576 0.387080 104
2577 0.088220 104
2578 0.106975 104
2579 0.086704 104
2580 0.054862 104
2581 0.036843 104
2582 0.064368 104
2583 0.126214 104
2584 0.162259 104
2585 0.047944 104
2586 0.068715 104
2587 0.215111 104
2588 0.122997 104
2589 0.223150 104
2590 0.146911 104
2591 0.196592 104
2592 0.109553 104
2593 0.162156 104
2594 0.063457 104
2595 0.194207 104
2596 0.183941 104
2597 0.417510 104
2598 0.344377 104
2599 0.411981 104
2600 0.346358 107
2601 0.441332 107
2602 0.607412 107
2603 0.313155 107
2604 0.345610 107
2605 0.204001 107
2606 0.242016 107
2607 0.155530 107
2608 0.137547 107
2609 0.133670 107
2610 0.051524 107
2611 0.159970 107
2612 0.343253 107
2613 0.224453 107
2614 0.256563 107
2615 0.184508 107
2616 0.288575 107
2617 0.207233 107
2618 0.209637 107
2619 0.068781 107
2620 0.195912 107
2621 0.115752 107
2622 0.142704 107
2623 0.105439 107
2624 0.129336 107
2625 0.058912 107
2626 0.108414 107
2627 0.092337 107
2628 0.099854 107
2629 0.541990 107
2630 0.583678 107
2631 0.066562 107
2632 0.121764 107
2633 0.154596 107
2634 0.116087 107
2635 0.216876 107
2636 0.079775 107
2637 0.104999 107
2638 0.140096 107
2639 0.252463 107
2640 0.156788 107
2641 0.102841 107
2642 0.127676 107
2643 0.127455 107
2644 0.231318 107
2645 0.376148 107
2646 0.204625 107
2647 0.345584 107
2648 0.478376 107
2649 0.314962 107
2650 0.301192 110
2651 0.251383 110
2652 0.308240 110
2653 0.193390 110
2654 0.236074 110
2655 0.298221 110
2656 0.295745 110
2657 0.164648 110
2658 0.327723 110
2659 0.146429 110
2660 0.074769 110
2661 0.053708 110
2662 0.151786 110
2663 4.948766 110
2664 7.009108 110
2665 2.726977 110
2666 9.506168 110
2667 0.000000 110
2668 0.000000 110
2669 0.000000 110
2670 0.000000 110
2671 0.000000 110
2672 0.000000 110
2673 0.000000 110
2674 0.000000 110
2675 0.000000 110
2676 0.000000 110
2677 0.000000 110
2678 0.000000 110
2679 0.000000 110
2680 0.000000 110
2681 0.000000 110
2682 0.000000 110
2683 0.000000 110
2684 0.000000 110
2685 0.000000 110
2686 0.000000 110
2687 0.000000 110
2688 0.000225 110
2689 0.000323 110
2690 0.000000 110
2691 0.000206 110
2692 0.000479 110
2693 0.000340 110
2694 0.001135 110
2695 0.001172 110
2696 0.001274 110
2697 0.000933 110
2698 0.000534 110
2699 0.000414 110
2700 0.000000 107
2701 0.000000 107
2702 0.000000 107
2703 0.000000 107
2704 0.000000 107
2705 0.000000 107
2706 0.000000 107
2707 0.000000 107
2708 0.000000 107
2709 0.000000 107
2710 0.000000 107
2711 3.298691 107
2712 2.555191 107
2713 2.900258 107
2714 34.659550 107
2715 2.984931 107
2716 258.053605 107
2717 4.063943 107
2718 56.318559 107
2719 1.779526 107
2720 1.827206 107
2721 25.838122 107
2722 3.815130 107
2723 2.757863 107
2724 3.750831 107
2725 4.596489 107
2726 4.533435 107
2727 4.753159 107
2728 5.376908 107
2729 14.622789 107
2730 157.103816 107
2731 4.195417 107
2732 4.196532 107
2733 251.601367 107
2734 4.433571 107
2735 8.305601 107
2736 3.190290 107
2737 7.621581 107
2738 4.541312 107
2739 4.818475 107
2740 4.560949 107
2741 4.174841 107
2742 5.159444 107
2743 55.420550 107
2744 4.680931 107
2745 4.609093 107
2746 15.505022 107
2747 2.444031 107
2748 27.157547 107
2749 3.043661 107
2750 7.806783 95
2751 4.127715 95
2752 8.863045 95
2753 4.383527 95
2754 2.501946 95
2755 6.050744 95
2756 2.367126 95
2757 3.103343 95
2758 2.889803 95
2759 1.873370 95
2760 1.062382 95
2761 1.180843 95
2762 1.050905 95
2763 1.171553 95
2764 1.022729 95
2765 1.036205 95
2766 0.960998 95
2767 1.260183 95
2768 1.232047 95
2769 1.038612 95
2770 1.401027 95
2771 1.282809 95
2772 1.315649 95
2773 1.204284 95
2774 1.143575 95
2775 1.134706 95
2776 1.495851 95
2777 1.124236 95
2778 1.680555 95
2779 1.322070 95
2780 1.356013 95
2781 1.118140 95
2782 1.335242 95
2783 1.475049 95
2784 1.148365 95
2785 1.837606 95
2786 1.561823 95
2787 1.104514 95
2788 2.928610 95
2789 1.185562 95
2790 1.617772 95
2791 1.572116 95
2792 2.536118 95
2793 2.715845 95
2794 1.807827 95
2795 1.786304 95
2796 1.552495 95
2797 1.723577 95
2798 1.576088 95
2799 2.011568 95
2800 1.853250 109
2801 2.424245 109
2802 1.967058 109
2803 2.431628 109
2804 2.481875 109
2805 2.098500 109
2806 2.178101 109
2807 2.752638 109
2808 1.769804 109
2809 2.212821 109
2810 1.985584 109
2811 2.095323 109
2812 1.717268 109
2813 2.066264 109
2814 2.031903 109
2815 1.980127 109
2816 4.316439 109
2817 3.526534 109
2818 4.327075 109
2819 0.000000 109
2820 0.000000 109
2821 0.000000 109
2822 0.000000 109
2823 0.000000 109
2824 0.000000 109
2825 0.000000 109
2826 0.000000 109
2827 0.000000 109
2828 0.000000 109
2829 0.000000 109
2830 0.000000 109
2831 0.000000 109
2832 0.000000 109
2833 0.000000 109
2834 0.000000 109
2835 0.000000 109
2836 0.000000 109
2837 0.000000 109
2838 0.000000 109
2839 3.239428 109
2840 6.931764 109
2841 7.451545 109
2842 3.601884 109
2843 5.551947 109
2844 7.644108 109
2845 7.188539 109
2846 2.622544 109
2847 4.493316 109
2848 4.494682 109
2849 4.356211 109
2850 2.012297 109
2851 3.862104 109
2852 4.491311 109
2853 4.150489 109
2854 4.294137 109
2855 7.778264 109
2856 9.636484 109
2857 3.817092 109
2858 5.806699 109
2859 5.758676 109
2860 5.646765 109
2861 1.039569 109
2862 3.590344 109
2863 1.596659 109
2864 3.566656 109
2865 3.774130 109
2866 8.360754 109
2867 26.960065 109
2868 8.673878 109
2869 2.971235 109
2870 5.862621 109
2871 6.122909 109
2872 6.482832 109
2873 2.292239 109
2874 2.517747 109
2875 2.879141 109
2876 2.877557 109
2877 3.385355 109
2878 2.610022 109
2879 2.691412 109
2880 2.610706 109
2881 3.089388 109
2882 3.411780 109
2883 3.208049 109
2884 2.785754 109
2885 2.958434 109
2886 2.690536 109
2887 2.630004 109
2888 2.900583 109
2889 3.579699 109
2890 2.519928 109
2891 3.656544 109
2892 3.709978 109
2893 0.944300 109
2894 3.401381 109
2895 3.176811 109
2896 9.672359 109
2897 105.628558 109
2898 4.054436 109
2899 4.346483 109
2900 1.554421 86
2901 3.162408 86
2902 3.455426 86
2903 3.032761 86
2904 2.105603 86
2905 5.014910 86
2906 4.929010 86
2907 4.563995 86
2908 2.327249 86
2909 4.796485 86
2910 4.923828 86
2911 2.466597 86
2912 4.947375 86
2913 4.528552 86
2914 4.681414 86
2915 5.162585 86
2916 3.602620 86
2917 6.920786 86
2918 8.039014 86
2919 6.459480 86
2920 1.538957 86
2921 4.804521 86
2922 5.489392 86
2923 1.926974 86
2924 4.151943 86
2925 4.162268 86
2926 3.806293 86
2927 3.285013 86
2928 7.618463 86
2929 8.141490 86
2930 7.749097 86
2931 1.230317 86
2932 4.437376 86
2933 4.629527 86
2934 4.133486 86
2935 1.288556 86
2936 3.866957 86
2937 3.051605 86
2938 7.149836 86
2939 9.176644 86
2940 9.158410 86
2941 10.636046 86
2942 9.199368 86
2943 10.264913 86
2944 3.246728 86
2945 5.610327 86
2946 5.303619 86
2947 5.592039 86
2948 4.197072 86
2949 5.067802 86
2950 2.101452 99
2951 4.495334 99
2952 4.823362 99
2953 1.769859 99
2954 3.835357 99
2955 1.708923 99
2956 3.863571 99
2957 3.666422 99
2958 1.612752 99
2959 4.040176 99
2960 3.819711 99
2961 3.614426 99
2962 2.532124 99
2963 6.002339 99
2964 5.428575 99
2965 2.644308 99
2966 6.769235 99
2967 6.207535 99
2968 5.743853 99
2969 31.326526 99
2970 32.411679 99
2971 1.889574 99
2972 0.702161 99
2973 4.643613 99
2974 3.778699 99
2975 3.185721 99
2976 7.105862 99
2977 7.809938 99
2978 2.871376 99
2979 5.913908 99
2980 5.830668 99
2981 1.173780 99
2982 2.577617 99
2983 2.149148 99
2984 5.236493 99
2985 1.649878 99
2986 3.384199 99
2987 4.033577 99
2988 2.569477 99
2989 5.507654 99
2990 1.551608 99
2991 2.726555 99
2992 5.341145 99
2993 4.421546 99
2994 11.982978 99
2995 2.235180 99
2996 6.765701 99
2997 2.415637 99
2998 7.197449 99
2999 0.000282 99
3000 0.042003 106
3001 0.000000 106
3002 0.000000 106
3003 0.000000 106
3004 0.000000 106
3005 0.000000 106
3006 0.000000 106
3007 0.000000 106
3008 41.483301 106
3009 278.331074 106
3010 106.698525 106
3011 499.742993 106
3012 166.643502 106
3013 450.873160 106
3014 243.264010 106
3015 283.647685 106
3016 351.982334 106
3017 532.552234 106
3018 119.261441 106
3019 139.653713 106
3020 73.727480 106
3021 298.502066 106
3022 1.347188 106
3023 2.522343 106
3024 2.689215 106
3025 2.430132 106
3026 7.305326 106
3027 0.000000 106
3028 0.000000 106
3029 0.000000 106
3030 1.523409 106
3031 3.347833 106
3032 2.075268 106
3033 5.149347 106
3034 3.398004 106
3035 7.600904 106
3036 75.311554 106
3037 84.127484 106
3038 86.519058 106
3039 4.559540 106
3040 11.461598 106
3041 3.019142 106
3042 7.130400 106
3043 2.266189 106
3044 10.704889 106
3045 3.317359 106
3046 8.497975 106
3047 8.015866 106
3048 3.382395 106
3049 7.494593 106
3050 2.711457 95
3051 6.624271 95
3052 2.489270 95
3053 5.223350 95
3054 3.366272 95
3055 2.752256 95
3056 6.615278 95
3057 0.504121 95
3058 1.147808 95
3059 1.036241 95
3060 2.153642 95
3061 4.434146 95
3062 0.000000 95
3063 0.000000 95
3064 0.000000 95
3065 0.000000 95
3066 0.000000 95
3067 2.910722 95
3068 8.779356 95
3069 3.216647 95
3070 3.001179 95
3071 4.420518 95
3072 4.769355 95
3073 4.807043 95
3074 4.562672 95
3075 4.548726 95
3076 4.518910 95
3077 4.527023 95
3078 4.500218 95
3079 4.473872 95
3080 4.401298 95
3081 4.396887 95
3082 4.747610 95
3083 4.762403 95
3084 4.917008 95
3085 4.681913 95
3086 2.604628 95
3087 3.857007 95
3088 5.104601 95
3089 6.882881 95
3090 53.484556 95
3091 10.625506 95
3092 4.491784 95
3093 3.700704 95
3094 6.105914 95
3095 7.039765 95
3096 4.710942 95
3097 0.784108 95
3098 0.905612 95
3099 0.983146 95
3100 0.399840 99
3101 0.880172 99
3102 0.930211 99
3103 0.919401 99
3104 0.831214 99
3105 0.900152 99
3106 0.921950 99
3107 0.888662 99
3108 0.795787 99
3109 2.083610 99
3110 2.130561 99
3111 23.807434 99
3112 1.536538 99
3113 428.977432 99
3114 17.511278 99
3115 2.630047 99
3116 3.649597 99
3117 6.458416 99
3118 4.159298 99
3119 5.576765 99
3120 43.402724 99
3121 1.596155 99
3122 4.499822 99
3123 3.978592 99
3124 1.433578 99
3125 1.110541 99
3126 4.080908 99
3127 4.806174 99
3128 3.319650 99
3129 3.624395 99
3130 3.837054 99
3131 3.813909 99
3132 1.487254 99
3133 5.411028 99
3134 7.874482 99
3135 8.117135 99
3136 7.747539 99
3137 7.559031 99
3138 8.079029 99
3139 4.997420 99
3140 7.540923 99
3141 7.582905 99
3142 11.211457 99
3143 10.870204 99
3144 11.155930 99
3145 13.973418 99
3146 7.070617 99
3147 2.836623 99
3148 3.811270 99
3149 3.790943 99
3150 2.908733 109
3151 6.752106 109
3152 3.068629 109
3153 5.766174 109
3154 25.983227 109
3155 7.636315 109
3156 4.391338 109
3157 31.657635 109
3158 8.797252 109
3159 8.031886 109
3160 4.864238 109
3161 3.132063 109
3162 5.058737 109
3163 324.072541 109
3164 11.519724 109
3165 17.549687 109
3166 3.626490 109
3167 2.701220 109
3168 4.490860 109
3169 5.081249 109
3170 5.197337 109
3171 10.649588 109
3172 9.108133 109
3173 11.262642 109
3174 6.952578 109
3175 5.869022 109
3176 6.682028 109
3177 13.202722 109
3178 5.099067 109
3179 5.690336 109
3180 7.320989 109
3181 7.505092 109
3182 7.173644 109
3183 7.060261 109
3184 7.460069 109
3185 5.124353 109
3186 0.000000 109
3187 0.000000 109
3188 0.000000 109
3189 0.000000 109
3190 0.000000 109
3191 0.000000 109
3192 2.466128 109
3193 94.254587 109
3194 6.976077 109
3195 6.574565 109
3196 2.607206 109
3197 5.087280 109
3198 5.244190 109
3199 3.828412 109
3200 3.683120 110
3201 5.703493 110
3202 15.297134 110
3203 17.242901 110
3204 13.961145 110
3205 16.646036 110
3206 3.047971 110
3207 13.314227 109
3208 3.908894 110
3209 9.490012 110
3210 2.260345 110
3211 148.534622 110
3212 3.485234 110
3213 2.807863 110
3214 17.394996 110
3215 3.392390 110
3216 6.602348 110
3217 9.122276 110
3218 10.506295 110
3219 13.198451 110
3220 14.437584 110
3221 11.963942 110
3222 4.953041 110
3223 10.321049 110
3224 10.232330 110
3225 10.166778 110
3226 1.601276 110
3227 2.648104 110
3228 2.625138 110
3229 4.267207 110
3230 2.411232 110
3231 1.797658 110
3232 3.846096 110
3233 5.696532 110
3234 38.180404 110
3235 3.003087 110
3236 2.549517 110
3237 1.795536 110
3238 4.558008 110
3239 3.481306 110
3240 1.981478 110
3241 6.381366 110
3242 9.143012 110
3243 5.671621 110
3244 2.219211 110
3245 1.186450 110
3246 0.164222 110
3247 0.127535 110
3248 0.220315 110
3249 6.737277 110
3250 1.682684 109
3251 3.355533 109
3252 3.762814 109
3253 3.593315 109
3254 2.139370 109
3255 3.851819 109
3256 1.679454 109
3257 2.551714 109
3258 2.605614 109
3259 2.388376 109
3260 2.607813 109
3261 16.639861 109
3262 2.365945 109
3263 0.763077 109
3264 1.838114 109
3265 5.532937 109
3266 2.044328 109
3267 4.135182 109
3268 4.492168 109
3269 4.411624 109
3270 4.138824 109
3271 4.406770 109
3272 0.778781 109
3273 10.223126 109
3274 5.557346 109
3275 29.036851 109
3276 2.004591 109
3277 3.070951 109
3278 4.356280 109
3279 9.846870 109
3280 2.711246 109
3281 2.195410 109
3282 39.926494 109
3283 5.050813 109
3284 5.301966 109
3285 2.096201 109
3286 5.025477 109
3287 5.517262 109
3288 6.929848 109
3289 7.891614 109
3290 1.498433 109
3291 4.948188 109
3292 2.746279 109
3293 4.511293 109
3294 2.660465 109
3295 48.217589 109
3296 4.296154 109
3297 1.672490 109
3298 14.941875 109
3299 2.283947 109
3300 2.368566 119
3301 0.879368 119
3302 100.618050 119
3303 181.904091 119
3304 198.978976 119
3305 188.633302 119
3306 0.244737 119
3307 0.187575 119
3308 0.250542 119
3309 0.284949 119
3310 0.344568 119
3311 4.732566 119
3312 6.725008 119
3313 6.579045 119
3314 4.622378 119
3315 6.984471 119
3316 9.708216 119
3317 76.383191 119
3318 40.285384 119
3319 71.947444 119
3320 72.451916 119
3321 74.604701 119
3322 4.034911 119
3323 4.243781 119
3324 7.172175 119
3325 12.610914 119
3326 5.656862 119
3327 1.682923 119
3328 2.485635 119
3329 41.781195 119
3330 3.317060 119
3331 48.201437 119
3332 2.418520 119
3333 4.380802 119
3334 8.563159 119
3335 0.310530 119
3336 8.106695 119
3337 3.959369 119
3338 7.715785 119
3339 2.585487 119
3340 17.892007 119
3341 2.320538 119
3342 1.642809 119
3343 4.992947 119
3344 4.970538 119
3345 2.711905 119
3346 8.369906 119
3347 7.964190 119
3348 4.048220 119
3349 1.371538 119
3350 4.305156 86
3351 1.254499 86
3352 1.846620 86
3353 2.189062 86
3354 2.144460 86
3355 6.409916 86
3356 11.600671 86
3357 23.170862 86
3358 25.480989 86
3359 5.400530 86
3360 1.774439 86
3361 6.487000 86
3362 1.541285 86
3363 6.668960 86
3364 12.524204 86
3365 12.802470 86
3366 11.935547 86
3367 8.038399 86
3368 5.566748 86
3369 205.893241 86
3370 2.303671 86
3371 2.444342 86
3372 5.957858 86
3373 5.261770 86
3374 1.840313 86
3375 3.965800 86
3376 7.604555 86
3377 4.388123 86
3378 2.524187 86
3379 6.868734 86
3380 5.275792 86
3381 1.718517 86
3382 3.627245 86
3383 3.956857 86
3384 2.789222 86
3385 5.552016 86
3386 6.996760 86
3387 1.191261 86
3388 1.225512 86
3389 3.778906 86
3390 3.587080 86
3391 70.246608 86
3392 179.074472 86
3393 218.588255 86
3394 9.736231 86
3395 10.227107 86
3396 13.253127 86
3397 13.886606 86
3398 0.072342 86
3399 2.605725 86
3400 3.138959 97
3401 2.292187 97
3402 2.236442 97
3403 9.832576 97
3404 2.109491 97
3405 6.551439 97
3406 4.874368 97
3407 1.517175 97
3408 1.221191 97
3409 2.360930 97
3410 6.472961 97
3411 5.051071 97
3412 3.701077 97
3413 2.420234 97
3414 4.770093 97
3415 6.636029 97
3416 4.259182 97
3417 2.247721 97
3418 6.609692 97
3419 5.686185 97
3420 2.386767 97
3421 6.267585 97
3422 5.053214 97
3423 31.737656 97
3424 68.715464 97
3425 68.800713 97
3426 3.523275 97
3427 3.706890 97
3428 4.317316 97
3429 4.748132 97
3430 2.645591 97
3431 5.645517 97
3432 6.782991 97
3433 2.741275 97
3434 6.585036 97
3435 5.667981 97
3436 2.597684 97
3437 6.770243 97
3438 5.613874 97
3439 1.771813 97
3440 4.439047 97
3441 2.702138 97
3442 5.960308 97
3443 6.253486 97
3444 36.467251 97
3445 24.044448 97
3446 5.348122 97
3447 41.835117 97
3448 34.826727 97
3449 17.886370 97
3450 32.472668 116
3451 3.498370 116
3452 7.108909 116
3453 13.739982 116
3454 11.008040 116
3455 3.121143 116
3456 7.674490 116
3457 7.896998 116
3458 1.993900 116
3459 2.394343 116
3460 5.792277 116
3461 1.433772 116
3462 1.836284 116
3463 1.722321 116
3464 1.884668 116
3465 3.118981 116
3466 1.905390 116
3467 2.290460 116
3468 2.162897 116
3469 4.514451 116
3470 12.271549 116
3471 3.803167 116
3472 0.238587 116
3473 19.560010 116
3474 1.876846 116
3475 2.983345 116
3476 5.951249 116
3477 7.518277 116
3478 0.523756 116
3479 0.662256 116
3480 9.871926 116
3481 14.269325 116
3482 17.439760 116
3483 3.043719 116
3484 5.817112 116
3485 7.051324 116
3486 17.218902 116
3487 2.371047 116
3488 2.797223 116
3489 2.929437 116
3490 6.273064 116
3491 17.312768 116
3492 3.059962 116
3493 7.577995 116
3494 6.086506 116
3495 3.066189 116
3496 7.686626 116
3497 6.048908 116
3498 3.105742 116
3499 7.735463 116
3500 2.499562 97
3501 2.121607 97
3502 6.688268 97
3503 5.676235 97
3504 2.472362 97
3505 5.578835 97
3506 6.538132 97
3507 2.430532 97
3508 5.239580 97
3509 6.541789 97
3510 2.545182 97
3511 6.710678 97
3512 5.249101 97
3513 18.143765 97
3514 21.306573 97
3515 21.366403 97
3516 4.172329 97
3517 2.662952 97
3518 7.189347 97
3519 5.683115 97
3520 337.449254 97
3521 2.590773 97
3522 5.895871 97
3523 7.671166 97
3524 2.750062 97
3525 7.004479 97
3526 5.986577 97
3527 0.818227 97
3528 1.231875 97
3529 1.598173 97
3530 1.568242 97
3531 2.849757 97
3532 5.988178 97
3533 7.273041 97
3534 22.047293 97
3535 2.722395 97
3536 6.044687 97
3537 7.481054 97
3538 6.433480 97
3539 1.493599 97
3540 1.734349 97
3541 8.456215 97
3542 2.282589 97
3543 2.293161 97
3544 2.956373 97
3545 1.668822 97
3546 4.978745 97
3547 4.022160 97
3548 3.674859 97
3549 2.208185 97
3550 2.047849 107
3551 3.877821 107
3552 2.609378 107
3553 2.923813 107
3554 30.134749 107
3555 4.145838 107
3556 5.731591 107
3557 32.284283 107
3558 1.933823 107
3559 3.541176 107
3560 13.958619 107
3561 163.599971 107
3562 1.678354 107
3563 4.684771 107
3564 13.444513 107
3565 1.852480 107
3566 0.528898 107
3567 4.501990 107
3568 1.934734 107
3569 5.499609 107
3570 2.580292 107
3571 4.941252 107
3572 2.032984 107
3573 0.714879 107
3574 1.954677 107
3575 6.495411 107
3576 5.628934 107
3577 2.280177 107
3578 10.831008 107
3579 170.856478 107
3580 2.102825 107
3581 15.779355 106
3582 0.714673 107
3583 1.252144 107
3584 4.861332 107
3585 22.596349 107
3586 40.588115 107
3587 3.561729 107
3588 5.320571 107
3589 1.509888 107
3590 1.883549 107
3591 1.425207 107
3592 10.881853 107
3593 20.597334 107
3594 2.488323 107
3595 8.360323 107
3596 2.034986 107
3597 5.516574 107
3598 1.504368 107
3599 4.647836 107
3600 3.910257 95
3601 14.629338 95
3602 2.400974 95
3603 3.204076 95
3604 0.605711 95
3605 1.289543 95
3606 0.895902 95
3607 2.006889 95
3608 9.310003 95
3609 1.403133 95
3610 7.004124 95
3611 0.000000 95
3612 1.733110 95
3613 1.858797 95
3614 2.292955 95
3615 8.492464 95
3616 6.975461 95
3617 12.029101 95
3618 1.384514 95
3619 3.915006 95
3620 22.482057 95
3621 2.387056 95
3622 20.349215 95
3623 3.306325 95
3624 21.755316 95
3625 3.670483 95
3626 2.698305 95
3627 2.931175 95
3628 1.604019 95
3629 1.566756 95
3630 15.818257 95
3631 5.881660 95
3632 1.688476 95
3633 1.289243 95
3634 4.081696 95
3635 5.610133 95
3636 1.003294 95
3637 2.375761 95
3638 105.080499 95
3639 4.318771 95
3640 16.573742 95
3641 4.308087 95
3642 5.851010 95
3643 3.027005 95
3644 0.304276 95
3645 3.832693 95
3646 1.549873 95
3647 59.394043 95
3648 0.010850 95
3649 3.343659 95
3650 3.876437 115
3651 4.477925 115
3652 1.102028 115
3653 2.863528 115
3654 0.949770 115
3655 0.515175 115
3656 2.615298 115
3657 0.000000 115
3658 0.804735 115
3659 15.939087 115
3660 56.059086 115
3661 4.564791 115
3662 17.048898 115
3663 5.481921 115
3664 0.637902 115
3665 2.041350 115
3666 12.975108 115
3667 8.530821 115
3668 13.137569 115
3669 2.283683 115
3670 26.341549 115
3671 5.430625 115
3672 0.946016 115
3673 3.540333 115
3674 2.918802 115
3675 2.987391 115
3676 39.469785 115
3677 101.360018 115
3678 0.000757 115
3679 1.517903 115
3680 1.863992 115
3681 2.265709 115
3682 2.959857 115
3683 2.486642 115
3684 0.000000 115
3685 1.708834 115
3686 0.923574 115
3687 17.487653 115
3688 2.273859 115
3689 0.191078 115
3690 1.783575 115
3691 287.419875 115
3692 0.712277 115
3693 3.403251 115
3694 2.532996 115
3695 19.166090 115
3696 2.135994 115
3697 6.418653 115
3698 2.380390 115
3699 0.739088 115
3700 0.874062 101
3701 2.089598 101
3702 6.899472 101
3703 2.564895 101
3704 2.799385 101
3705 2.036431 101
3706 0.910626 101
3707 7.994273 101
3708 0.395702 101
3709 3.436522 101
3710 4.084910 101
3711 0.179267 101
3712 10.159951 101
3713 1.674724 101
3714 3.781611 101
3715 3.966382 101
3716 2.164626 101
3717 1.557730 101
3718 2.249706 101
3719 2.324445 101
3720 1.210078 101
3721 2.250322 101
3722 12.077522 101
3723 0.661712 101
3724 2.420900 101
3725 2.038095 101
3726 2.723233 101
3727 2.075484 101
3728 1.820855 101
3729 2.375499 101
3730 2.333613 101
3731 7.413401 101
3732 13.584387 101
3733 2.701895 101
3734 2.804413 101
3735 21.944902 101
3736 2.264575 101
3737 1.491171 101
3738 107.791614 101
3739 1.915396 101
3740 3.003989 101
3741 2.776748 100
3742 2.221298 101
3743 1.500444 101
3744 23.659328 101
3745 7.933582 101
3746 1.474432 101
3747 3.077554 101
3748 1.602447 101
3749 0.000000 101
3750 8.076269 116
3751 2.396381 116
3752 7.546119 116
3753 0.919231 116
3754 2.081248 116
3755 1.601033 116
3756 14.734993 116
3757 2.222169 116
3758 2.771240 116
3759 1.367683 116
3760 1.974778 116
3761 1.958117 116
3762 0.831139 116
3763 1.680442 116
3764 2.169136 116
3765 2.555218 116
3766 0.738178 116
3767 0.000000 116
3768 16.505932 116
3769 2.318747 116
3770 3.912432 116
3771 1.500671 116
3772 2.238962 116
3773 4.978852 116
3774 6.115279 116
3775 1.592674 116
3776 0.009197 116
3777 2.749510 116
3778 376.972535 116
3779 2.448985 116
3780 2.769588 116
3781 16.617236 116
3782 137.373211 116
3783 77.960140 116
3784 2.177397 116
3785 2.536913 116
3786 0.000000 116
3787 2.718021 116
3788 1.427923 116
3789 17.567934 116
3790 3.619247 116
3791 3.587474 116
3792 3.074548 116
3793 2.946918 116
3794 2.584455 116
3795 5.058627 116
3796 1.155498 116
3797 3.532080 116
3798 3.362067 116
3799 3.095092 116
3800 1.420591 108
3801 2.442344 108
3802 0.231724 108
3803 1.791930 108
3804 3.371661 108
3805 2.941087 108
3806 3.220189 108
3807 2.189908 108
3808 3.314961 108
3809 7.379313 108
3810 0.002488 108
3811 2.209612 108
3812 2.210835 108
3813 0.645524 108
3814 6.665015 108
3815 5.113712 108
3816 2.151176 108
3817 2.034301 108
3818 2.151531 108
3819 3.059306 108
3820 6.026452 108
3821 0.425064 108
3822 8.514997 108
3823 2.509606 108
3824 17.581161 108
3825 21.658289 108
3826 0.380300 108
3827 3.666992 108
3828 1.455259 108
3829 0.753691 108
3830 14.794170 108
3831 3.002924 108
3832 21.312232 108
3833 1.594605 108
3834 3.537257 108
3835 1.008822 108
3836 3.989803 108
3837 38.765860 108
3838 51.319881 108
3839 4.468452 108
3840 0.000000 108
3841 2.753136 108
3842 44.729808 108
3843 4.858272 108
3844 1.844241 108
3845 2.792981 108
3846 2.880026 108
3847 18.753408 108
3848 2.589712 108
3849 1.038695 108
3850 2.297688 109
3851 4.453708 109
3852 1.450182 109
3853 1.731107 109
3854 1.869755 109
3855 1.938412 109
3856 1.701917 109
3857 2.326324 109
3858 0.013834 109
3859 4.822146 109
3860 1.667218 109
3861 4.911729 109
3862 1.492203 109
3863 2.148911 109
3864 2.955120 109
3865 39.186222 109
3866 2.703611 109
3867 4.988319 109
3868 3.230081 109
3869 2.629805 109
3870 3.838071 109
3871 2.098236 109
3872 1.074582 109
3873 1.941363 109
3874 2.076636 109
3875 2.527556 109
3876 1.344251 109
3877 4.321861 109
3878 4.516559 109
3879 2.865000 109
3880 2.312768 109
3881 2.426118 109
3882 8.290226 109
3883 3.014557 109
3884 3.803803 109
3885 1.004641 109
3886 0.813900 109
3887 3.873722 109
3888 47.282880 109
3889 18.829185 109
3890 7.197881 109
3891 7.593186 109
3892 2.394954 109
3893 3.022908 109
3894 1.257502 109
3895 5.528781 109
3896 8.590196 109
3897 4.025291 109
3898 1.606927 109
3899 3.051708 109
3900 163.789672 114
3901 1.570845 114
3902 3.367663 114
3903 2.527297 114
3904 1.510434 114
3905 1.780660 114
3906 0.000000 114
3907 1.169035 114
3908 3.653036 114
3909 0.282203 114
3910 2.986507 114
3911 1.766642 114
3912 2.009604 114
3913 2.628373 114
3914 2.619900 114
3915 2.520059 114
3916 2.213638 114
3917 2.451541 114
3918 1.071115 114
3919 1.317657 114
3920 1.840566 114
3921 0.819959 114
3922 0.997321 114
3923 1.556966 114
3924 7.104051 114
3925 1.997437 114
3926 24.749749 114
3927 14.562900 114
3928 1.725982 114
3929 56.737418 114
3930 2.144024 114
3931 3.390136 114
3932 1.290548 114
3933 1.614375 114
3934 3.438793 114
3935 2.227868 114
3936 2.507131 114
3937 3.036110 114
3938 1.167123 114
3939 13.932421 114
3940 0.119337 114
3941 3.844465 114
3942 2.467069 114
3943 0.993591 114
3944 1.943189 114
3945 40.101215 114
3946 1.716434 114
3947 2.529336 114
3948 1.874990 114
3949 15.687197 114
3950 1.103824 121
3951 2.115301 121
3952 5.904417 121
3953 0.513609 121
3954 1.800950 121
3955 34.682617 121
3956 59.142658 121
3957 2.347122 121
3958 1.964954 121
3959 7.337853 121
3960 0.000000 121
3961 1.713967 121
3962 1.717533 121
3963 6.371066 121
3964 6.660338 121
3965 18.688143 121
3966 3.353970 121
3967 14.246637 121
3968 0.944934 121
3969 0.414058 121
3970 17.850831 121
3971 2.661295 121
3972 2.760994 121
3973 0.000000 121
3974 4.398337 121
3975 1.007808 121
3976 2.206199 121
3977 0.979553 121
3978 3.469535 121
3979 1.989156 121
3980 0.000000 121
3981 4.773713 121
3982 3.984380 121
3983 3.736202 121
3984 2.655144 121
3985 1.159620 121
3986 0.107591 121
3987 1.665510 121
3988 4.863711 121
3989 0.834987 121
3990 3.467427 121
3991 0.515688 121
3992 11.234940 121
3993 0.617879 121
3994 0.545299 121
3995 0.750547 121
3996 0.933700 121
3997 0.705859 121
3998 1.186042 121
3999 1.040069 121
4000 0.254633 118
4001 0.471283 118
4002 3.378488 118
4003 1.586394 118
4004 2.167974 118
4005 2.096706 118
4006 2.020907 118
4007 5.271351 118
4008 0.534676 118
4009 2.153545 118
4010 0.666378 118
4011 1.572686 118
4012 2.974517 118
4013 6.880850 118
4014 4.888753 118
4015 0.323357 118
4016 0.458333 118
4017 1.134543 118
4018 1.418892 118
4019 0.629933 118
4020 3.540236 118
4021 1.594290 118
4022 3.389791 118
4023 4.537393 118
4024 1.612094 118
4025 3.285655 118
4026 2.145226 118
4027 34.707953 118
4028 1.729892 118
4029 1.925863 118
4030 1.905552 118
4031 379.669323 118
4032 124.938356 118
4033 45.088427 118
4034 6.074125 118
4035 22.021836 118
4036 2.378697 118
4037 1.421155 118
4038 7.525671 118
4039 0.807225 118
4040 0.000000 118
4041 3.555285 118
4042 0.999901 118
4043 2.220990 118
4044 0.704740 118
4045 8.781918 118
4046 23.916498 118
4047 1.866676 118
4048 1.538727 118
4049 1.817098 118
4050 2.742044 122
4051 1.350730 122
4052 0.357795 122
4053 2.342971 122
4054 0.981639 122
4055 1.467775 122
4056 1.949679 122
4057 1.156987 122
4058 0.012669 122
4059 0.686928 122
4060 145.562183 122
4061 2.162599 122
4062 1.972164 122
4063 1.984779 122
4064 1.696847 122
4065 2.777700 122
4066 27.822747 122
4067 0.656778 122
4068 9.992315 122
4069 3.470689 122
4070 1.311280 122
4071 3.032273 122
4072 0.951867 122
4073 1.422843 122
4074 0.147960 122
4075 3.222868 122
4076 7.942836 122
4077 2.238705 122
4078 0.242090 122
4079 0.677759 122
4080 2.735895 122
4081 2.858208 122
4082 1.622897 122
4083 3.468229 122
4084 7.782249 122
4085 0.672833 122
4086 4.518272 122
4087 0.487247 122
4088 3.062975 122
4089 3.523245 122
4090 3.543842 122
4091 4.049581 122
4092 13.340135 122
4093 0.036938 122
4094 9.255922 122
4095 3.187094 122
4096 3.848703 122
4097 2.668222 122
4098 2.018419 122
4099 3.469556 122
4100 3.612525 118
4101 1.840834 118
4102 2.893284 118
4103 2.316003 118
4104 2.182862 118
4105 3.556498 118
4106 23.817334 118
4107 0.007084 118
4108 4.175286 118
4109 2.953716 118
4110 0.826982 118
4111 19.230631 118
4112 108.050260 118
4113 2.212839 118
4114 2.184763 118
4115 3.300409 118
4116 6.717361 118
4117 12.224911 118
4118 4.513157 118
4119 24.957891 118
4120 5.078547 118
4121 0.000000 118
4122 9.022828 118
4123 2.494261 118
4124 2.880525 118
4125 6.464076 118
4126 8.777051 118
4127 2.996164 118
4128 2.418607 118
4129 5.801009 118
4130 3.478517 118
4131 4.631557 118
4132 1.068800 118
4133 0.820599 118
4134 0.000000 118
4135 0.000000 118
4136 4.707688 118
4137 5.818775 118
4138 4.143128 118
4139 4.913336 118
4140 3.650908 118
4141 8.564358 118
4142 7.349462 118
4143 3.898236 118
4144 0.840759 118
4145 2.662234 118
4146 2.780244 118
4147 1.905062 118
4148 3.164357 118
4149 7.518296 118
4150 0.975031 115
4151 5.130665 115
4152 1.173135 115
4153 1.233160 115
4154 5.578739 115
4155 5.007393 115
4156 2.956269 115
4157 1.925555 115
4158 3.487761 115
4159 9.754962 115
4160 1.887922 115
4161 32.186647 115
4162 17.098512 115
4163 14.074930 115
4164 3.674955 115
4165 0.219999 115
4166 12.849850 115
4167 5.645144 115
4168 2.967337 115
4169 0.989718 115
4170 2.546556 115
4171 2.332266 115
4172 10.446938 115
4173 19.401468 115
4174 2.746612 115
4175 3.781757 115
4176 14.438150 115
4177 0.260919 115
4178 0.434824 115
4179 3.349349 115
4180 3.101814 115
4181 4.298030 115
4182 4.592892 115
4183 56.432958 115
4184 14.652708 115
4185 6.423651 115
4186 2.863484 115
4187 3.682649 115
4188 9.968661 115
4189 0.859941 115
4190 8.109439 115
4191 17.535930 115
4192 2.373031 115
4193 2.363764 115
4194 1.181359 115
4195 3.357854 115
4196 0.615485 115
4197 7.368641 115
4198 3.368198 115
4199 3.444807 115
4200 1.626825 121
4201 3.427985 121
4202 2.850820 121
4203 5.382997 121
4204 11.505000 121
4205 9.303714 121
4206 8.991782 121
4207 8.206255 121
4208 10.066509 121
4209 11.234188 121
4210 1.677607 121
4211 4.833728 121
4212 4.343375 121
4213 1.661428 121
4214 5.634381 121
4215 12.976815 121
4216 6.459100 121
4217 1.461277 121
4218 3.290026 121
4219 10.180082 121
4220 1.248516 121
4221 2.372407 121
4222 120.343554 121
4223 0.000000 121
4224 1.284341 121
4225 2.122311 121
4226 1.473866 121
4227 3.090813 121
4228 5.191179 121
4229 2.926089 121
4230 3.747957 121
4231 5.729851 121
4232 2.405316 121
4233 1.895155 121
4234 2.078311 121
4235 3.675575 121
4236 0.799367 121
4237 0.772435 121
4238 2.417146 121
4239 1.777339 121
4240 3.539633 121
4241 3.444161 121
4242 1.820653 121
4243 4.381226 121
4244 4.050063 121
4245 4.252674 121
4246 1.774656 121
4247 0.742118 121
4248 1.090605 121
4249 1.105392 121
4250 0.800512 107
4251 1.104959 107
4252 3.653640 107
4253 3.211121 107
4254 1.874351 107
4255 2.448219 107
4256 3.198338 107
4257 3.116639 107
4258 3.080360 107
4259 4.212955 107
4260 4.325254 107
4261 4.913482 107
4262 2.950514 107
4263 3.247636 107
4264 4.790301 107
4265 2.811131 107
4266 3.619220 107
4267 3.713761 107
4268 6.218665 107
4269 6.865456 107
4270 8.926001 107
4271 9.603556 107
4272 8.957563 107
4273 11.289920 107
4274 0.000000 107
4275 0.000000 107
4276 0.000000 107
4277 0.000000 107
4278 0.432703 107
4279 1.555422 107
4280 4.543962 107
4281 4.351988 107
4282 0.386642 107
4283 2.539607 107
4284 1.151308 107
4285 14.933958 107
4286 1.150613 107
4287 3.413785 107
4288 0.471053 107
4289 12.055086 107
4290 5.902592 107
4291 13.453827 107
4292 12.763612 107
4293 13.496760 107
4294 13.854343 107
4295 13.777533 107
4296 13.538175 107
4297 13.504661 107
4298 0.000000 107
4299 11.534239 107
4300 2.921827 106
4301 7.998888 106
4302 7.838800 106
4303 8.136123 106
4304 7.981658 106
4305 8.320530 106
4306 1.034117 106
4307 3.526266 106
4308 9.058388 106
4309 8.757027 106
4310 3.384272 106
4311 5.169791 106
4312 9.487125 106
4313 9.817150 106
4314 9.613405 106
4315 8.660350 106
4316 9.456786 106
4317 3.059718 106
4318 25.873792 106
4319 1.624947 106
4320 0.997131 106
4321 1.412622 106
4322 1.432638 106
4323 1.466937 106
4324 1.532001 106
4325 1.161518 106
4326 8.000556 106
4327 2.275120 106
4328 5.567828 106
4329 0.517327 106
4330 8.528944 106
4331 0.929726 106
4332 1.914680 106
4333 1.317908 106
4334 3.265701 106
4335 1.182549 106
4336 0.668635 106
4337 1.162447 106
4338 1.584505 106
4339 3.614584 106
4340 2.242570 106
4341 1.418626 106
4342 2.074743 106
4343 1.231122 106
4344 0.248959 106
4345 0.378751 106
4346 0.378045 106
4347 0.378837 106
4348 0.622994 106
4349 0.570610 106
4350 0.682731 107
4351 1.105765 107
4352 0.529398 107
4353 1.629170 107
4354 1.693834 107
4355 1.107337 107
4356 2.923201 107
4357 2.261821 107
4358 0.861621 107
4359 0.639448 107
4360 0.026094 107
4361 0.067861 107
4362 0.130654 107
4363 0.185203 107
4364 0.208282 107
4365 0.283894 107
4366 0.271212 107
4367 0.343865 107
4368 0.290731 107
4369 0.078325 107
4370 0.262224 107
4371 0.102592 107
4372 0.218161 107
4373 0.195332 107
4374 0.084404 107
4375 0.181960 107
4376 0.178703 107
4377 0.246647 107
4378 0.409134 107
4379 4.273056 107
4380 7.114731 107
4381 17.765152 107
4382 8.776212 107
4383 16.059143 107
4384 5.962233 107
4385 5.580848 107
4386 8.652849 107
4387 6.393193 107
4388 444.975425 107
4389 2.701218 107
4390 4.793588 107
4391 11.866687 105
4392 79.902590 107
4393 10.784532 107
4394 2.944586 107
4395 5.879258 107
4396 5.352867 107
4397 7.399974 107
4398 6.190310 107
4399 5.847744 107
4400 2.314100 90
4401 4.709881 90
4402 5.255525 90
4403 6.665770 90
4404 5.560038 90
4405 5.813961 90
4406 3.427970 90
4407 3.749136 90
4408 3.331026 90
4409 4.249573 90
4410 3.217537 90
4411 2.699173 90
4412 3.574964 90
4413 2.609568 90
4414 22.979105 90
4415 5.061329 90
4416 104.336291 90
4417 2.141078 90
4418 25.319083 90
4419 79.723206 90
4420 5.080345 90
4421 2.112579 90
4422 44.629587 90
4423 44.951919 90
4424 4.911794 90
4425 2.532901 90
4426 30.197730 90
4427 77.208009 90
4428 4.620397 90
4429 16.554808 90
4430 5.425141 90
4431 4.555173 90
4432 102.298122 90
4433 17.088007 90
4434 4.607768 90
4435 94.645023 90
4436 5.036806 90
4437 2.292444 90
4438 47.284927 90
4439 62.155221 90
4440 5.824276 90
4441 2.384430 90
4442 48.552440 90
4443 5.996036 90
4444 69.555518 90
4445 2.198408 90
4446 25.474402 90
4447 4.627410 90
4448 93.359880 90
4449 2.912911 90
4450 15.050909 104
4451 91.150073 104
4452 5.073321 104
4453 2.123535 104
4454 0.962090 104
4455 1.921586 104
4456 1.890301 104
4457 4.762847 104
4458 2.421639 104
4459 5.661192 104
4460 4.609503 104
4461 11.145583 104
4462 2.885766 104
4463 5.065070 104
4464 1.426673 104
4465 3.615844 104
4466 3.667206 104
4467 2.345337 104
4468 2.582860 104
4469 5.894976 104
4470 1.684826 104
4471 2.563152 104
4472 4.988189 104
4473 23.096084 104
4474 47.047376 104
4475 2.845112 104
4476 7.370497 104
4477 14.690083 104
4478 1.846447 104
4479 1.869866 104
4480 6.944018 104
4481 1.440930 104
4482 1.448978 104
4483 0.002250 104
4484 0.563258 104
4485 2.618181 104
4486 3.216312 104
4487 4.150637 104
4488 2.842688 104
4489 2.186061 104
4490 3.324646 104
4491 4.262451 104
4492 21.400116 104
4493 4.424113 104
4494 3.633406 104
4495 0.530460 104
4496 5.886203 104
4497 3.221938 104
4498 4.223905 104
4499 18.914258 104
