0 1.734627 118
1 1.061822 118
2 0.862161 118
3 0.962754 118
4 0.876186 118
5 18.706805 118
6 1.648949 118
7 1.596619 118
8 1.626432 118
9 1.046169 118
10 1.841585 118
11 1.457314 118
12 5.630059 118
13 2.281746 118
14 15.814737 118
15 1.691619 118
16 1.968373 118
17 1.762169 118
18 1.472856 118
19 0.569568 118
20 0.556568 118
21 1.692407 118
22 0.650795 117
23 2.083203 118
24 1.049504 117
25 1.634746 118
26 2.184212 118
27 2.570695 118
28 2.001627 118
29 9.891695 118
30 10.251280 118
31 13.275610 118
32 1.498890 118
33 1.585025 118
34 1.245530 117
35 1.036205 117
36 1.182718 117
37 1.977119 118
38 0.467889 117
39 0.421179 117
40 0.412009 117
41 1.541839 118
42 1.405542 118
43 1.454220 118
44 0.457231 117
45 1.278441 118
46 0.879983 117
47 0.710280 118
48 0.182636 118
49 1.264195 118
50 1.487229 118
51 2.127881 118
52 1.375077 117
53 1.544254 118
54 2.556120 117
55 2.594373 118
56 1.314449 118
57 1.699661 118
58 2.889627 118
59 1.730788 118
60 9.774525 118
61 2.313102 118
62 1.825059 118
63 1.598246 118
64 1.607034 118
65 1.780119 118
66 1.733144 118
67 2.307610 118
68 2.584169 118
69 1.376737 118
70 0.438593 118
71 0.403297 118
72 0.372145 117
73 1.864034 118
74 1.436136 118
75 1.091726 117
76 0.754222 117
77 0.830470 117
78 0.815812 117
79 0.805239 117
80 0.620427 117
81 0.570161 118
82 1.151373 118
83 1.346271 118
84 0.562915 117
85 1.475627 118
86 0.615195 118
87 0.639297 118
88 0.637059 118
89 19.319678 118
90 1.194110 118
91 19.830576 118
92 1.135737 118
93 0.915619 118
94 0.967839 118
95 0.976661 118
96 2.214373 118
97 1.057771 118
98 0.260658 117
99 0.314410 117
100 0.708906 96
101 0.458073 96
102 0.411677 96
103 0.383646 96
104 1.781719 96
105 0.650670 94
106 0.451479 94
107 1.433813 96
108 0.404432 95
109 1.641427 96
110 1.480698 96
111 2.320667 96
112 4.995781 96
113 1.297656 96
114 0.386747 95
115 0.418232 95
116 1.401708 96
117 1.430281 96
118 0.389653 95
119 0.434105 95
120 1.876750 96
121 1.695552 96
122 3.519948 96
123 1.553073 96
124 1.525427 96
125 1.325687 96
126 1.280615 96
127 1.352156 96
128 1.175948 96
129 2.281083 96
130 1.430708 96
131 1.379500 96
132 1.250698 96
133 7.098979 96
134 4.021674 95
135 2.949126 95
136 2.468677 96
137 2.045750 96
138 0.639200 95
139 0.729979 95
140 1.015032 95
141 2.919771 96
142 0.472313 96
143 1.590802 96
144 4.016635 96
145 2.082635 96
146 3.305292 96
147 1.699021 96
148 2.260948 96
149 2.258323 96
150 1.382075 106
151 0.723943 106
152 2.097613 106
153 2.256226 106
154 2.066358 106
155 1.484245 106
156 2.505028 106
157 1.747198 106
158 2.000934 106
159 1.903434 106
160 13.935906 106
161 2.080868 106
162 2.558340 106
163 2.831236 106
164 1.697745 106
165 0.418000 106
166 0.440190 105
167 1.314991 106
168 0.416906 106
169 19.811519 106
170 19.622500 106
171 2.568358 106
172 16.445132 106
173 13.661698 106
174 11.487547 106
175 11.131283 106
176 9.258848 105
177 8.221170 106
178 6.654286 105
179 12.648476 105
180 5.867724 105
181 5.326514 105
182 4.883415 106
183 4.258695 105
184 3.028528 106
185 2.705810 105
186 1.927305 105
187 10.801990 105
188 1.723371 105
189 0.971210 105
190 0.413810 105
191 9.801524 105
192 0.579895 105
193 0.214886 105
194 0.200305 105
195 9.760305 105
196 0.580600 105
197 0.208123 106
198 0.210925 106
199 0.436802 106
200 16.432990 101
201 13.756277 101
202 12.196188 101
203 11.997347 101
204 11.179950 101
205 10.603178 101
206 10.220218 101
207 9.618554 101
208 13.144644 101
209 8.801683 101
210 8.429515 101
211 8.052327 101
212 7.667109 101
213 6.296455 101
214 5.446634 101
215 3.937040 101
216 3.537832 101
217 2.773030 101
218 2.153129 101
219 1.287891 101
220 0.743109 101
221 0.514436 101
222 0.382030 101
223 0.501842 101
224 0.718238 101
225 0.708574 101
226 0.683693 101
227 9.220297 101
228 0.875861 101
229 0.479426 101
230 0.503327 101
231 9.522089 101
232 0.844475 101
233 0.483149 101
234 0.300683 101
235 0.274891 101
236 0.298792 101
237 0.256168 101
238 0.295000 101
239 0.291000 101
240 0.284921 101
241 0.288644 101
242 0.266554 101
243 0.284158 101
244 0.418307 101
245 0.593208 101
246 0.647248 101
247 9.592891 101
248 1.123743 101
249 0.693683 101
250 16.374594 106
251 13.521698 106
252 12.608113 106
253 14.400962 106
254 11.208830 106
255 10.691604 106
256 10.325585 106
257 9.760604 106
258 9.025443 106
259 9.026443 106
260 7.892038 106
261 7.345934 106
262 6.790000 106
263 6.824689 106
264 6.204764 106
265 4.730849 106
266 4.575104 106
267 3.233208 106
268 2.123575 106
269 1.583151 106
270 0.480217 106
271 9.392085 106
272 9.628821 106
273 9.700670 106
274 9.631358 106
275 9.823764 106
276 0.807264 106
277 0.587981 106
278 0.475708 106
279 8.700943 106
280 0.794189 106
281 0.470170 106
282 0.311519 106
283 0.455840 106
284 0.438170 106
285 0.320132 106
286 0.393075 106
287 0.484104 106
288 0.495481 106
289 0.442311 106
290 0.456877 106
291 8.661047 106
292 0.779858 106
293 0.237670 106
294 0.277368 106
295 0.251708 106
296 0.258340 106
297 0.262802 106
298 0.308245 106
299 0.240821 106
300 16.415813 107
301 13.751654 107
302 13.172131 107
303 12.648729 107
304 11.904439 107
305 11.524701 107
306 11.115542 107
307 10.394215 107
308 10.030084 107
309 9.844140 107
310 9.494477 107
311 8.933907 107
312 8.755206 107
313 7.817430 107
314 6.870636 107
315 5.784495 107
316 5.064009 107
317 4.136327 107
318 3.418290 107
319 2.161579 107
320 0.779636 107
321 0.527841 107
322 0.367579 107
323 0.326785 107
324 0.479224 107
325 0.300523 107
326 0.290131 107
327 0.267299 107
328 0.311271 107
329 0.303748 107
330 0.292888 107
331 0.285421 107
332 0.293897 107
333 0.323318 107
334 0.285290 107
335 0.458019 107
336 0.282523 107
337 0.448271 107
338 8.673112 107
339 0.599579 107
340 0.440327 107
341 0.249841 107
342 0.275944 107
343 0.272178 107
344 0.271701 107
345 0.254813 107
346 0.270897 107
347 0.451234 107
348 0.433617 107
349 0.444028 107
350 17.577779 113
351 15.697451 113
352 14.395929 113
353 13.184885 113
354 12.812920 113
355 15.293602 113
356 15.305451 113
357 15.091434 113
358 14.715894 113
359 9.820434 113
360 9.470912 113
361 9.629274 113
362 14.300593 113
363 8.112743 113
364 13.993549 113
365 7.760434 113
366 13.097372 113
367 12.989655 113
368 4.483354 113
369 1.649912 113
370 9.953239 113
371 10.318876 113
372 10.037416 113
373 0.793752 113
374 9.480363 113
375 0.806699 113
376 0.424265 113
377 0.450920 113
378 9.445646 113
379 9.881496 113
380 0.905336 113
381 0.760363 113
382 0.594212 113
383 9.443150 113
384 9.671726 113
385 1.100637 113
386 0.591531 113
387 0.446646 113
388 8.800239 113
389 8.871903 113
390 8.746965 113
391 8.472699 113
392 0.635805 113
393 0.265628 113
394 7.871106 113
395 7.862637 113
396 0.672850 113
397 7.147416 113
398 7.358752 113
399 6.945248 113
400 16.633302 106
401 13.895783 106
402 13.151151 106
403 12.599802 106
404 14.852047 106
405 14.967802 106
406 14.596670 106
407 14.413038 105
408 9.845124 105
409 14.279562 105
410 19.560467 105
411 19.999757 103
412 19.807548 104
413 18.536308 104
414 17.569596 104
415 19.999767 103
416 19.135049 103
417 19.618876 105
418 19.149427 103
419 17.532107 103
420 19.999835 103
421 18.008301 103
422 17.430146 103
423 19.999748 103
424 19.807462 104
425 14.342105 105
426 19.999680 103
427 19.999854 103
428 12.410680 103
429 19.999748 103
430 19.999816 103
431 13.047175 103
432 11.369874 103
433 8.521641 103
434 19.807462 104
435 19.999806 103
436 19.999767 103
437 14.510433 104
438 19.807538 104
439 19.999835 103
440 19.999786 103
441 15.350175 103
442 19.999777 103
443 19.807538 104
444 19.807462 104
445 10.756558 104
446 19.999748 103
447 9.336233 103
448 19.618790 105
449 6.564327 104
450 19.999899 109
451 19.818642 109
452 19.999807 109
453 19.999725 109
454 19.816404 109
455 19.999806 108
456 19.999852 108
457 19.816312 109
458 19.999852 108
459 19.114367 109
460 1.239477 109
461 1.264468 109
462 0.399037 108
463 0.919541 109
464 0.375370 108
465 1.514110 109
466 0.663204 108
467 0.604194 108
468 0.548028 108
469 0.365194 108
470 0.573037 108
471 0.621157 108
472 0.567679 109
473 0.609370 108
474 0.611454 108
475 0.596685 108
476 0.551833 108
477 0.603972 108
478 0.575333 108
479 0.568611 108
480 0.597176 108
481 0.559824 108
482 19.810028 109
483 0.811789 109
484 0.295157 108
485 0.237778 108
486 0.849798 109
487 0.213213 108
488 0.258248 109
489 0.978853 109
490 0.788248 109
491 0.245806 108
492 0.205806 108
493 0.834028 109
494 0.234593 108
495 0.238241 108
496 1.682211 109
497 0.266167 108
498 1.275138 109
499 19.816862 109
500 19.662371 116
501 1.579216 116
502 0.469200 115
503 2.889862 116
504 2.027250 116
505 0.803983 116
506 0.718416 113
507 0.850204 113
508 1.514069 116
509 0.422017 115
510 3.881233 116
511 1.600009 116
512 1.276690 116
513 6.026207 116
514 2.147259 116
515 1.312060 116
516 2.135500 116
517 1.378353 116
518 1.292345 116
519 1.513121 116
520 1.467181 116
521 1.153224 116
522 0.946138 116
523 1.263086 116
524 1.635259 116
525 1.387509 116
526 1.662819 116
527 1.856724 116
528 1.483034 116
529 1.503974 116
530 2.758698 116
531 2.240730 115
532 1.655448 116
533 0.610069 116
534 0.712871 116
535 0.700629 116
536 0.658638 116
537 0.738267 116
538 2.356862 116
539 1.057965 115
540 1.703313 115
541 0.915991 116
542 1.903724 116
543 2.863905 116
544 0.906491 116
545 0.934655 116
546 7.674534 116
547 1.459207 116
548 2.497095 116
549 1.460966 116
550 3.274571 105
551 4.556467 105
552 0.892600 105
553 0.914762 105
554 1.085562 105
555 0.933752 105
556 1.042438 105
557 1.583981 105
558 1.322324 105
559 2.234267 105
560 1.316210 105
561 1.328010 105
562 1.048190 105
563 1.008210 105
564 1.045019 105
565 1.851486 105
566 0.886171 105
567 7.429390 105
568 2.531048 105
569 3.418133 105
570 1.663010 103
571 2.984514 105
572 1.039371 105
573 1.086057 105
574 0.912133 105
575 1.131124 105
576 1.210505 105
577 0.769171 105
578 1.926162 105
579 1.278229 105
580 1.153410 105
581 1.265943 105
582 1.111448 105
583 1.283857 105
584 1.309610 105
585 1.156419 105
586 2.738933 105
587 2.264219 105
588 1.976314 105
589 1.322590 105
590 0.712448 105
591 1.980743 105
592 2.382010 105
593 3.006229 105
594 1.994257 105
595 1.856286 105
596 1.748410 105
597 1.826048 105
598 3.246886 105
599 1.876895 105
600 3.046852 115
601 1.943887 115
602 1.961748 115
603 4.353470 115
604 2.030270 115
605 2.006765 115
606 2.075261 115
607 1.861289 114
608 2.972226 115
609 2.587374 115
610 1.564043 115
611 3.684357 115
612 1.824263 114
613 1.841456 114
614 2.025860 114
615 1.757886 114
616 4.820713 115
617 3.964770 113
618 4.655609 115
619 1.162980 98
620 3.215400 115
621 3.349652 115
622 8.906478 115
623 8.102939 114
624 3.331243 115
625 3.069583 115
626 2.168026 115
627 1.497805 113
628 1.385867 113
629 1.318965 113
630 1.942687 115
631 1.427044 114
632 0.496667 114
633 0.473272 114
634 2.413930 115
635 1.947474 114
636 2.325991 115
637 2.672600 115
638 2.989583 115
639 2.748643 115
640 2.342913 115
641 3.367351 114
642 3.384904 115
643 2.530922 115
644 3.935043 115
645 2.810774 115
646 1.875565 115
647 1.454443 115
648 1.682330 115
649 2.115078 115
650 17.919264 110
651 2.678527 110
652 1.187609 110
653 2.620891 110
654 2.557309 110
655 4.958682 110
656 1.562422 109
657 2.743009 110
658 2.235909 110
659 9.828300 110
660 1.181241 108
661 2.655445 110
662 1.734532 109
663 1.677936 110
664 1.667736 110
665 3.476527 110
666 2.829782 110
667 2.862500 110
668 1.039917 109
669 1.931664 110
670 0.625101 109
671 2.246673 110
672 2.191745 110
673 1.985688 109
674 3.101673 110
675 2.807691 110
676 3.713573 110
677 1.903164 110
678 2.686845 110
679 2.860900 110
680 2.368336 110
681 4.852564 110
682 4.733964 110
683 19.521418 110
684 1.752300 110
685 2.579618 110
686 2.327827 110
687 2.636664 110
688 2.410045 110
689 2.613036 110
690 1.493755 110
691 3.050400 110
692 3.615664 110
693 3.220545 110
694 2.312145 110
695 2.045236 110
696 1.640836 110
697 17.275964 110
698 2.800809 110
699 2.242791 110
700 4.203853 102
701 3.991039 102
702 3.736569 102
703 2.845843 102
704 2.933127 102
705 5.411843 102
706 3.366951 102
707 3.183971 102
708 3.275196 102
709 3.432402 102
710 4.473098 102
711 3.154275 102
712 3.601206 102
713 2.706480 102
714 19.954343 102
715 2.219275 102
716 8.083206 102
717 3.946608 102
718 3.922382 102
719 1.886490 102
720 4.251186 102
721 4.228637 102
722 2.121451 102
723 1.712873 102
724 2.068853 102
725 4.284000 102
726 9.335373 102
727 10.195713 101
728 8.603733 101
729 8.563881 101
730 12.518871 101
731 13.484248 101
732 12.541604 101
733 13.206495 101
734 10.399951 102
735 14.451505 101
736 0.827657 102
737 2.940098 102
738 1.720147 102
739 0.686970 101
740 0.692337 101
741 0.842412 102
742 0.254376 101
743 0.240822 101
744 14.239402 102
745 1.156686 102
746 0.950804 102
747 0.244020 101
748 0.220559 102
749 0.652029 102
750 2.181446 101
751 1.708871 101
752 1.515505 101
753 0.587140 100
754 1.586822 101
755 2.285574 101
756 2.431703 101
757 5.929396 101
758 0.940710 100
759 1.146267 101
760 0.987762 101
761 1.306842 101
762 2.788634 101
763 0.509554 101
764 0.448190 100
765 1.881337 101
766 1.495780 100
767 0.526069 101
768 1.819535 101
769 1.427140 100
770 0.423069 101
771 2.348911 101
772 4.736440 100
773 4.511802 101
774 1.633554 101
775 1.310208 101
776 1.917505 101
777 1.092970 101
778 4.271673 101
779 2.136752 101
780 1.309594 101
781 1.432663 101
782 1.240990 101
783 1.702703 101
784 1.557515 101
785 1.436881 101
786 0.395880 100
787 1.327931 101
788 0.532861 101
789 1.491723 101
790 1.454040 101
791 2.262772 101
792 0.492485 99
793 1.245198 101
794 1.154297 101
795 1.162178 101
796 1.139089 101
797 1.414950 101
798 1.373723 101
799 0.967386 101
800 3.210904 115
801 1.309487 115
802 1.304565 115
803 18.193591 115
804 1.632395 114
805 1.626009 114
806 1.311965 113
807 1.408921 114
808 1.686825 114
809 1.997675 114
810 0.478451 113
811 1.189096 114
812 2.147096 114
813 0.452664 113
814 1.378728 114
815 1.806711 114
816 2.520184 114
817 11.628842 114
818 14.143009 114
819 15.351789 114
820 14.888430 114
821 13.018289 114
822 1.148404 114
823 1.282851 114
824 14.188632 114
825 1.127579 114
826 1.189754 114
827 0.998851 114
828 0.992202 114
829 1.073509 114
830 2.009851 114
831 2.347816 114
832 3.264018 114
833 0.914658 114
834 0.762649 114
835 0.997982 114
836 0.987412 114
837 1.046018 114
838 0.730781 114
839 0.817535 114
840 1.926114 114
841 3.872044 114
842 0.731404 114
843 0.641465 114
844 0.888096 114
845 0.722158 114
846 1.946254 114
847 0.767851 114
848 0.765061 114
849 0.961193 114
850 10.093892 111
851 1.775991 111
852 0.599108 111
853 1.190622 111
854 1.424153 111
855 0.490836 110
856 0.413847 111
857 1.610550 111
858 0.385373 110
859 0.614691 110
860 1.683252 111
861 1.465234 111
862 1.414432 111
863 1.791604 111
864 1.322459 111
865 1.468036 111
866 3.487136 110
867 17.961009 110
868 4.969736 110
869 5.547800 110
870 18.766218 110
871 7.429216 111
872 18.670577 111
873 7.878500 110
874 7.846691 110
875 7.504118 110
876 7.372627 110
877 6.803382 110
878 6.312234 111
879 5.747703 111
880 5.362164 110
881 5.013127 110
882 4.646118 110
883 4.139945 110
884 3.914955 110
885 3.496099 111
886 3.133255 110
887 2.776591 110
888 2.390191 110
889 2.234595 111
890 2.242734 109
891 1.893257 109
892 16.874618 110
893 18.684862 109
894 17.180486 109
895 1.540227 110
896 0.215697 109
897 0.238339 109
898 0.716191 110
899 0.200569 109
900 0.758355 107
901 1.739346 107
902 3.136037 107
903 1.492162 105
904 1.669286 105
905 1.753140 107
906 0.517299 107
907 0.408906 106
908 1.318075 107
909 0.428698 106
910 0.485226 106
911 1.463879 107
912 0.403698 106
913 0.508131 107
914 1.693093 107
915 0.459311 106
916 1.707047 107
917 19.999972 107
918 19.999783 106
919 19.999981 106
920 19.812869 107
921 19.999962 106
922 19.999717 106
923 19.999915 106
924 19.999745 106
925 19.999953 106
926 19.999755 106
927 19.813000 107
928 19.812766 107
929 19.999915 106
930 19.999689 106
931 1.101477 107
932 1.235868 106
933 0.360867 105
934 0.261543 105
935 0.281610 105
936 0.817114 105
937 0.249840 106
938 0.254752 105
939 1.272443 106
940 0.218762 105
941 0.250905 105
942 0.228076 105
943 0.194305 105
944 1.208160 106
945 0.883396 106
946 0.471743 105
947 0.379086 105
948 0.711500 106
949 0.200736 106
950 0.739905 105
951 0.511250 104
952 1.487419 105
953 1.012699 103
954 1.470038 105
955 0.824596 104
956 1.116733 105
957 0.342433 104
958 0.339788 104
959 0.460654 104
960 1.224286 105
961 0.495481 104
962 0.363510 104
963 0.344298 104
964 1.418086 105
965 1.342695 105
966 0.449490 104
967 4.815857 105
968 3.064078 103
969 3.237510 104
970 3.183699 103
971 3.348731 104
972 2.210810 105
973 1.075210 105
974 1.157010 105
975 0.389298 104
976 1.199162 105
977 1.452438 105
978 1.156876 105
979 1.761705 105
980 1.319286 105
981 11.707705 105
982 1.353231 104
983 1.567962 105
984 1.035267 105
985 2.333648 105
986 0.655686 105
987 2.031714 105
988 1.142743 105
989 2.844476 105
990 0.984352 105
991 1.309000 105
992 0.848086 105
993 0.967324 105
994 1.269495 105
995 1.288086 105
996 0.762562 105
997 1.064352 105
998 0.722105 105
999 0.740200 105
1000 1.077349 86
1001 1.395593 86
1002 2.521837 86
1003 1.415081 86
1004 1.290430 86
1005 1.171663 86
1006 1.116500 86
1007 1.657802 86
1008 2.043581 86
1009 1.275105 86
1010 1.068733 86
1011 1.480372 86
1012 2.166430 86
1013 1.448140 86
1014 1.288419 86
1015 1.920581 86
1016 1.222000 86
1017 0.421729 85
1018 0.467471 85
1019 0.431341 85
1020 0.408906 85
1021 0.407407 86
1022 0.423706 85
1023 0.418929 85
1024 0.421694 85
1025 0.476694 85
1026 0.416812 85
1027 0.417576 85
1028 0.412071 85
1029 0.463106 85
1030 0.368082 85
1031 0.383512 86
1032 0.976186 86
1033 0.274529 85
1034 0.266459 85
1035 1.224477 86
1036 0.336082 85
1037 1.172314 86
1038 0.344388 85
1039 0.394824 85
1040 1.083849 86
1041 0.325106 85
1042 1.162337 86
1043 5.341070 86
1044 0.586988 85
1045 0.584059 85
1046 1.160698 86
1047 0.416388 85
1048 0.377388 85
1049 8.111302 86
1050 8.550406 106
1051 7.229066 106
1052 6.685438 105
1053 1.171632 106
1054 0.372438 105
1055 1.177292 106
1056 0.350810 105
1057 0.548314 105
1058 1.209132 106
1059 0.341352 105
1060 0.397181 105
1061 2.025075 106
1062 1.284895 105
1063 1.108933 105
1064 0.995038 106
1065 0.713981 106
1066 1.799581 105
1067 0.571105 105
1068 0.837210 105
1069 0.676990 105
1070 0.521790 105
1071 0.981790 105
1072 0.676557 106
1073 0.769171 105
1074 2.068849 106
1075 0.560375 104
1076 0.664562 105
1077 0.736548 104
1078 0.726269 104
1079 1.600606 104
1080 0.456452 104
1081 0.538288 104
1082 0.976288 104
1083 0.825543 105
1084 0.536692 104
1085 0.357229 105
1086 0.431190 105
1087 2.532934 106
1088 1.628971 104
1089 1.759462 104
1090 2.362160 106
1091 2.017219 105
1092 1.645267 105
1093 1.702933 104
1094 1.526226 106
1095 1.339311 106
1096 0.994953 106
1097 0.573840 106
1098 0.503491 106
1099 0.334104 106
1100 0.952109 119
1101 1.551050 119
1102 8.222754 118
1103 1.436269 119
1104 1.364513 119
1105 1.558798 119
1106 1.506000 119
1107 1.924790 119
1108 1.221798 119
1109 0.470076 118
1110 0.528093 118
1111 0.421169 118
1112 6.541403 119
1113 2.069720 118
1114 1.488126 119
1115 1.708672 119
1116 1.314429 119
1117 0.932739 119
1118 1.184126 119
1119 1.036992 119
1120 0.833466 118
1121 0.605390 118
1122 1.179462 119
1123 0.328746 118
1124 0.295356 118
1125 10.244193 119
1126 1.024798 119
1127 0.279661 118
1128 0.294563 119
1129 0.956361 119
1130 1.102429 119
1131 1.204370 119
1132 1.058370 119
1133 0.389559 118
1134 0.973403 119
1135 0.928101 119
1136 1.048277 119
1137 1.241580 119
1138 0.421538 117
1139 2.983202 119
1140 1.394555 119
1141 1.040731 119
1142 0.807471 119
1143 1.447899 119
1144 0.741559 118
1145 0.923378 119
1146 0.729370 119
1147 0.881297 118
1148 0.848681 119
1149 0.656193 119
1150 0.966900 110
1151 0.446109 110
1152 0.497136 110
1153 1.651373 110
1154 0.916028 109
1155 0.951670 109
1156 1.314900 110
1157 0.354500 110
1158 1.337709 110
1159 0.480248 109
1160 2.404145 110
1161 0.939716 109
1162 1.428427 110
1163 0.721564 110
1164 0.353972 109
1165 1.382491 110
1166 1.538900 110
1167 1.632600 110
1168 0.949373 110
1169 0.571464 110
1170 2.036518 110
1171 0.714881 109
1172 1.558664 110
1173 1.012045 110
1174 1.614191 110
1175 1.331505 109
1176 1.978818 110
1177 0.706908 109
1178 1.769582 110
1179 1.089110 109
1180 1.504727 110
1181 0.959550 109
1182 2.621045 110
1183 1.182600 110
1184 1.386773 110
1185 0.353257 109
1186 1.201564 110
1187 1.483718 110
1188 17.374582 110
1189 17.265688 109
1190 2.025164 110
1191 1.145900 110
1192 1.610800 110
1193 1.081009 110
1194 0.344853 109
1195 0.922991 110
1196 0.344109 110
1197 0.905991 110
1198 1.287100 110
1199 0.310624 109
1200 2.405177 113
1201 1.092115 113
1202 1.371655 113
1203 0.579186 113
1204 1.343292 113
1205 0.473726 113
1206 2.595655 113
1207 1.028053 113
1208 1.084354 113
1209 0.813044 113
1210 12.786850 113
1211 3.014708 113
1212 10.508265 113
1213 1.469097 113
1214 2.984912 113
1215 2.149584 113
1216 1.455646 113
1217 1.439168 113
1218 1.098088 113
1219 2.198301 113
1220 1.465814 113
1221 17.970549 113
1222 1.578655 113
1223 1.304876 113
1224 1.398292 113
1225 0.990876 113
1226 1.163407 113
1227 3.785885 113
1228 0.995646 113
1229 1.019973 113
1230 2.314699 113
1231 0.990885 113
1232 0.838558 113
1233 0.779681 113
1234 0.947283 113
1235 2.271062 113
1236 0.795726 113
1237 0.995416 113
1238 0.793956 113
1239 0.928292 113
1240 0.371805 113
1241 1.231407 113
1242 0.804903 113
1243 11.436177 113
1244 0.762673 113
1245 1.072602 113
1246 0.856885 113
1247 1.462336 113
1248 1.112584 113
1249 1.646938 113
1250 4.227407 113
1251 1.608779 113
1252 0.403304 112
1253 0.445903 113
1254 1.826796 113
1255 1.480850 113
1256 0.584973 112
1257 3.466531 113
1258 0.792894 113
1259 1.795938 113
1260 1.379956 113
1261 1.501761 113
1262 2.125381 113
1263 1.723938 113
1264 1.921876 113
1265 1.675133 113
1266 0.484384 112
1267 1.898035 113
1268 2.288513 113
1269 1.377717 113
1270 0.428902 112
1271 0.372170 112
1272 0.382625 112
1273 0.359759 112
1274 0.391857 112
1275 0.370743 113
1276 0.352402 112
1277 3.413858 113
1278 20.000000 113
1279 1.203442 113
1280 1.646442 113
1281 1.810469 113
1282 1.621336 113
1283 1.224619 113
1284 1.551681 113
1285 1.066805 113
1286 0.218116 112
1287 0.409009 113
1288 0.507504 113
1289 0.234434 113
1290 5.326770 113
1291 1.457646 113
1292 1.143814 113
1293 0.702832 113
1294 0.819248 113
1295 1.282619 113
1296 0.733133 113
1297 0.721062 113
1298 1.786779 113
1299 0.686248 113
1300 1.294927 109
1301 0.599385 109
1302 0.912505 109
1303 1.863982 109
1304 0.660963 108
1305 2.192908 109
1306 2.566908 109
1307 3.014807 109
1308 1.525234 107
1309 1.435140 107
1310 1.158844 109
1311 0.364074 108
1312 0.382593 108
1313 0.406167 108
1314 2.829844 109
1315 1.496945 109
1316 0.706815 108
1317 1.270101 109
1318 1.433826 109
1319 0.733481 108
1320 1.304881 109
1321 0.332472 108
1322 5.717450 109
1323 6.732009 108
1324 1.201532 109
1325 1.106128 109
1326 1.278817 109
1327 18.447945 109
1328 1.463917 109
1329 5.045697 109
1330 1.950266 109
1331 1.447174 109
1332 1.196477 109
1333 1.138459 109
1334 3.526679 109
1335 2.618889 108
1336 2.836361 108
1337 2.356324 108
1338 2.401229 109
1339 2.938306 108
1340 3.212667 108
1341 3.646324 108
1342 2.681620 108
1343 3.627796 108
1344 3.230611 108
1345 3.378899 109
1346 2.145165 109
1347 3.322694 108
1348 2.803509 108
1349 1.721593 108
1350 3.597220 100
1351 2.674070 100
1352 1.861220 100
1353 2.447000 100
1354 1.877210 100
1355 2.713430 100
1356 2.407980 100
1357 3.075070 100
1358 2.539020 100
1359 2.987670 100
1360 2.476340 100
1361 2.487920 100
1362 2.188320 100
1363 2.112100 100
1364 2.200030 100
1365 2.392660 100
1366 1.785400 100
1367 2.128630 100
1368 2.199220 100
1369 2.371940 100
1370 3.054820 100
1371 2.370890 100
1372 1.870870 100
1373 1.903110 100
1374 2.291160 100
1375 1.714630 100
1376 2.520880 100
1377 1.898110 100
1378 1.499930 100
1379 2.559400 100
1380 1.729360 100
1381 1.668830 100
1382 1.809140 100
1383 1.602780 100
1384 2.007740 100
1385 1.498110 100
1386 1.159230 100
1387 1.072480 100
1388 0.623040 100
1389 0.375760 100
1390 0.443330 100
1391 0.613060 100
1392 0.664340 100
1393 1.038140 100
1394 0.587100 100
1395 0.579340 100
1396 0.306360 100
1397 0.405500 100
1398 0.377640 100
1399 0.458020 100
1400 1.592194 98
1401 1.135510 98
1402 2.273020 98
1403 0.611443 97
1404 0.598186 97
1405 0.802175 97
1406 0.518732 97
1407 1.429722 97
1408 0.587806 98
1409 0.539531 98
1410 0.683794 97
1411 0.797381 97
1412 0.658206 97
1413 0.873206 97
1414 0.978948 97
1415 0.512814 97
1416 0.610408 98
1417 1.846806 98
1418 1.367144 97
1419 0.754227 97
1420 0.796082 97
1421 0.578866 97
1422 0.641367 98
1423 0.489907 97
1424 1.687206 97
1425 0.743691 97
1426 0.493113 97
1427 0.669175 97
1428 0.586143 98
1429 0.821010 97
1430 0.461928 97
1431 0.636814 97
1432 0.728619 97
1433 1.545245 98
1434 0.356753 97
1435 20.000000 98
1436 19.795878 98
1437 19.795929 98
1438 19.795704 98
1439 19.795837 98
1440 4.012296 98
1441 0.320888 98
1442 1.240265 98
1443 8.958214 98
1444 0.567845 97
1445 0.438010 97
1446 0.314732 97
1447 0.478786 98
1448 0.458235 98
1449 0.880990 98
1450 0.933674 92
1451 0.569011 92
1452 0.524087 92
1453 0.477402 92
1454 19.625022 92
1455 2.191783 92
1456 1.972880 92
1457 1.745424 92
1458 1.095411 90
1459 1.642174 92
1460 1.581337 92
1461 0.582044 91
1462 1.566848 92
1463 0.442143 91
1464 1.801837 92
1465 0.990769 91
1466 0.475538 91
1467 0.412209 91
1468 1.437500 92
1469 1.612511 92
1470 1.606533 92
1471 1.383141 92
1472 0.454813 91
1473 0.513747 91
1474 1.027391 92
1475 0.478957 92
1476 1.466359 92
1477 0.494692 91
1478 1.476543 92
1479 1.632717 92
1480 1.924739 92
1481 2.731783 92
1482 1.525228 92
1483 2.114924 92
1484 1.587261 92
1485 2.323815 92
1486 1.443293 92
1487 1.252522 92
1488 1.347293 92
1489 1.297815 92
1490 1.954598 92
1491 1.280413 92
1492 1.367076 92
1493 1.169391 92
1494 1.230011 92
1495 3.105989 92
1496 1.078304 92
1497 1.752467 92
1498 1.419326 92
1499 1.299576 92
1500 2.739917 108
1501 1.676880 108
1502 2.596287 108
1503 1.484852 108
1504 1.363046 108
1505 1.330926 108
1506 1.427417 108
1507 1.263213 108
1508 1.525176 108
1509 1.250741 108
1510 1.292778 108
1511 2.600037 108
1512 4.044185 108
1513 2.306963 108
1514 1.923426 108
1515 1.532963 108
1516 0.474542 107
1517 2.210093 108
1518 5.689917 108
1519 6.105028 107
1520 20.000000 107
1521 1.250009 108
1522 0.451290 107
1523 0.590327 107
1524 0.307439 107
1525 0.344869 107
1526 0.824271 107
1527 0.292806 108
1528 0.679667 108
1529 0.599630 108
1530 0.637139 108
1531 0.525444 108
1532 1.158398 108
1533 0.370343 108
1534 0.379150 107
1535 0.385953 107
1536 5.603213 108
1537 0.568187 107
1538 0.557426 108
1539 0.538398 108
1540 1.419231 108
1541 1.097963 107
1542 1.393299 107
1543 1.099093 107
1544 1.060458 107
1545 0.903398 108
1546 1.341935 108
1547 0.843074 108
1548 1.643472 108
1549 0.289850 107
1550 1.157025 121
1551 2.045405 121
1552 2.094579 121
1553 1.978942 121
1554 1.771124 121
1555 1.783347 121
1556 3.991000 121
1557 1.477884 121
1558 1.624430 121
1559 1.287388 121
1560 1.338331 121
1561 1.729231 121
1562 1.096041 121
1563 1.804322 121
1564 1.241702 121
1565 0.417388 121
1566 0.512433 120
1567 0.357892 120
1568 6.923636 121
1569 7.107300 120
1570 7.522167 120
1571 1.536612 121
1572 0.765700 120
1573 1.531901 121
1574 0.845471 121
1575 10.783248 121
1576 1.581760 121
1577 1.510950 121
1578 1.425711 121
1579 1.131579 121
1580 1.269942 121
1581 0.343700 120
1582 0.385967 121
1583 0.346125 120
1584 3.040595 121
1585 1.847488 121
1586 5.853793 121
1587 4.778492 120
1588 7.913725 120
1589 5.158983 120
1590 4.933650 120
1591 3.542317 120
1592 3.832075 120
1593 3.650058 120
1594 5.575392 120
1595 17.582617 120
1596 5.499208 120
1597 4.354525 120
1598 0.971471 121
1599 0.277242 120
1600 1.044184 114
1601 1.489728 114
1602 0.414807 114
1603 0.394298 114
1604 0.431867 113
1605 1.247553 114
1606 0.367876 113
1607 0.425062 113
1608 1.599351 114
1609 0.381133 113
1610 0.419018 113
1611 1.208289 114
1612 0.391062 113
1613 1.231395 114
1614 0.397867 113
1615 1.668105 114
1616 0.597841 113
1617 0.531487 113
1618 0.502298 114
1619 0.505442 113
1620 1.227798 114
1621 0.434345 113
1622 0.448832 113
1623 1.429632 114
1624 1.709921 114
1625 0.436482 112
1626 1.545237 114
1627 0.495737 114
1628 1.455623 114
1629 0.519368 114
1630 1.872939 114
1631 1.171177 113
1632 1.645456 114
1633 0.833885 113
1634 0.959920 113
1635 2.898395 114
1636 1.560184 114
1637 0.694518 114
1638 0.756425 113
1639 1.259044 114
1640 1.469939 114
1641 1.477351 114
1642 1.149088 114
1643 0.313540 113
1644 1.075018 114
1645 0.312254 114
1646 1.576088 114
1647 0.439429 112
1648 1.511860 114
1649 1.252368 114
1650 1.074618 102
1651 2.039422 102
1652 1.343039 102
1653 1.364157 102
1654 19.291598 102
1655 3.165304 102
1656 0.867490 102
1657 1.171980 102
1658 1.186461 102
1659 2.048059 102
1660 0.825794 102
1661 1.078804 102
1662 1.283814 102
1663 15.492588 102
1664 2.751990 102
1665 0.403970 101
1666 0.393386 101
1667 1.669765 102
1668 0.502400 100
1669 0.404208 101
1670 1.683353 102
1671 0.494600 100
1672 16.487863 102
1673 18.183861 101
1674 17.358525 101
1675 17.686902 102
1676 18.592485 101
1677 17.850307 101
1678 18.252814 102
1679 13.953891 101
1680 17.799832 101
1681 1.789010 102
1682 0.771402 102
1683 0.144842 101
1684 0.155559 102
1685 1.205284 102
1686 0.567317 101
1687 2.084794 102
1688 1.273480 102
1689 0.910735 102
1690 3.978716 102
1691 1.239794 102
1692 3.630039 102
1693 1.622392 102
1694 0.700186 102
1695 0.190832 101
1696 0.639471 102
1697 0.210505 101
1698 0.823480 102
1699 0.178010 101
1700 1.048354 96
1701 0.598677 96
1702 0.370969 96
1703 1.398458 96
1704 0.830705 95
1705 1.647635 96
1706 0.330740 96
1707 0.457438 96
1708 0.343358 95
1709 0.327716 95
1710 2.063667 96
1711 0.540385 96
1712 0.718781 96
1713 0.622854 96
1714 1.772271 96
1715 1.337240 96
1716 1.735438 96
1717 0.431295 95
1718 0.452105 95
1719 1.500073 96
1720 1.976563 96
1721 1.710135 96
1722 1.690292 96
1723 1.435208 96
1724 1.475208 96
1725 2.024979 96
1726 9.804427 96
1727 2.939156 96
1728 1.494053 95
1729 2.230844 96
1730 1.836469 96
1731 1.295010 96
1732 1.400688 96
1733 2.295021 96
1734 1.012104 96
1735 1.187198 96
1736 1.182740 96
1737 1.190969 96
1738 1.131875 96
1739 1.635073 96
1740 1.690104 96
1741 1.255812 96
1742 5.593937 96
1743 1.672896 96
1744 0.922802 96
1745 0.875594 96
1746 1.030063 96
1747 3.428479 96
1748 3.080115 96
1749 1.741896 96
1750 1.848579 121
1751 1.931711 121
1752 1.382149 121
1753 1.207488 121
1754 0.437124 121
1755 0.415421 121
1756 2.169942 121
1757 1.330405 121
1758 1.628983 121
1759 2.327570 121
1760 1.018851 121
1761 0.771083 121
1762 0.837636 121
1763 0.906504 121
1764 0.742917 121
1765 0.826504 121
1766 0.881926 121
1767 0.722554 121
1768 0.698298 121
1769 1.126678 121
1770 0.771289 121
1771 1.256835 121
1772 2.302579 121
1773 1.194347 121
1774 1.550099 121
1775 1.433331 121
1776 8.776554 121
1777 1.500372 121
1778 0.741752 121
1779 1.144091 121
1780 1.058496 121
1781 1.440777 121
1782 1.470380 121
1783 0.444992 121
1784 1.590835 121
1785 1.571124 121
1786 5.548521 121
1787 14.272545 121
1788 1.321099 121
1789 1.018917 121
1790 1.081240 121
1791 16.322504 121
1792 0.917355 121
1793 0.315587 121
1794 0.345868 121
1795 1.399702 121
1796 1.372769 121
1797 0.655107 121
1798 1.772653 121
1799 1.244628 121
1800 1.808769 117
1801 0.888103 117
1802 2.080479 117
1803 1.906991 117
1804 0.805819 116
1805 2.006009 117
1806 2.016530 117
1807 1.990299 117
1808 1.609786 117
1809 2.773051 117
1810 1.751641 117
1811 16.559598 117
1812 2.448718 117
1813 1.781940 117
1814 0.441517 116
1815 0.474129 116
1816 1.829436 117
1817 0.877179 117
1818 1.577915 117
1819 1.456316 117
1820 1.440547 117
1821 4.559302 116
1822 2.524538 117
1823 0.612224 116
1824 0.482922 116
1825 1.330427 117
1826 1.388026 117
1827 13.666632 117
1828 13.911336 116
1829 14.024905 116
1830 1.223786 117
1831 2.037590 117
1832 1.146239 117
1833 1.183188 117
1834 1.725658 117
1835 1.019521 117
1836 0.382491 116
1837 1.149991 117
1838 1.421812 117
1839 1.214376 117
1840 1.020470 117
1841 1.462667 117
1842 1.157256 117
1843 0.952530 117
1844 1.032402 117
1845 1.073274 117
1846 1.024701 117
1847 1.327547 117
1848 0.971060 117
1849 1.242556 117
1850 1.564870 108
1851 2.233167 108
1852 2.317500 108
1853 1.599444 108
1854 0.540215 107
1855 0.542458 107
1856 1.752574 108
1857 2.015343 108
1858 1.515148 108
1859 1.003481 108
1860 1.320037 108
1861 1.219130 108
1862 11.296056 108
1863 3.656593 108
1864 1.240368 106
1865 0.832170 106
1866 1.686778 108
1867 0.586065 107
1868 3.210296 108
1869 2.404327 107
1870 1.791593 108
1871 1.859954 108
1872 4.531630 108
1873 3.133861 108
1874 3.717898 108
1875 1.552602 108
1876 1.431685 108
1877 1.222472 108
1878 0.431764 106
1879 0.289280 107
1880 0.976426 108
1881 0.622327 107
1882 0.720888 107
1883 0.327302 106
1884 1.435278 108
1885 0.490935 107
1886 0.332579 107
1887 2.925278 108
1888 2.348759 108
1889 0.954340 106
1890 2.332093 108
1891 0.881231 108
1892 0.861685 108
1893 0.785083 108
1894 1.221407 108
1895 0.408112 107
1896 0.561832 107
1897 1.366037 108
1898 1.199880 108
1899 0.881167 108
1900 14.275109 110
1901 1.156818 110
1902 1.745545 110
1903 4.314073 110
1904 2.343555 110
1905 1.234218 110
1906 0.670257 109
1907 0.789464 110
1908 0.737165 109
1909 0.732651 109
1910 0.758798 109
1911 0.867273 110
1912 1.300927 110
1913 0.410213 108
1914 0.447651 109
1915 0.331583 108
1916 0.258073 109
1917 0.342358 109
1918 0.344148 108
1919 0.345009 109
1920 0.312202 109
1921 0.361898 108
1922 0.351120 108
1923 0.367972 108
1924 0.313759 108
1925 0.314611 108
1926 0.330954 109
1927 0.321157 108
1928 0.306000 108
1929 0.328486 109
1930 0.428591 110
1931 0.472222 108
1932 0.536278 108
1933 0.413734 109
1934 0.384257 109
1935 0.418991 108
1936 1.388964 110
1937 0.368798 109
1938 0.366211 109
1939 1.096118 110
1940 0.324128 109
1941 0.333220 109
1942 6.095873 110
1943 1.888527 110
1944 0.629818 110
1945 0.628743 109
1946 0.474257 109
1947 1.159173 110
1948 0.440229 109
1949 15.708330 109
1950 1.110676 105
1951 14.930971 105
1952 1.352086 105
1953 1.478171 105
1954 1.431952 105
1955 0.454442 104
1956 1.296219 105
1957 2.575648 105
1958 1.527952 105
1959 0.510394 104
1960 0.775438 105
1961 1.056724 105
1962 19.999705 105
1963 19.999638 105
1964 1.352676 105
1965 3.388638 105
1966 1.091324 105
1967 2.289857 105
1968 1.285076 105
1969 1.260619 105
1970 1.575752 105
1971 10.442571 105
1972 1.484114 105
1973 1.468829 105
1974 1.582857 105
1975 1.588714 105
1976 1.169267 105
1977 1.127476 105
1978 1.003533 105
1979 2.754562 105
1980 1.632286 105
1981 1.138305 105
1982 0.273038 104
1983 0.279952 104
1984 0.257192 104
1985 1.987429 105
1986 1.004019 104
1987 1.027144 104
1988 0.876486 105
1989 0.248567 104
1990 1.103419 105
1991 0.270388 103
1992 0.419184 103
1993 0.259154 104
1994 0.809295 105
1995 0.276183 104
1996 0.314779 104
1997 2.659124 105
1998 2.211905 105
1999 2.059154 104
2000 5.225462 117
2001 4.622615 117
2002 4.683325 117
2003 4.582880 117
2004 1.631487 117
2005 1.838436 117
2006 0.969974 117
2007 1.490034 117
2008 0.525052 116
2009 1.349607 117
2010 1.847974 117
2011 1.604274 117
2012 0.434368 117
2013 0.424474 116
2014 1.267940 117
2015 1.285880 117
2016 2.351641 117
2017 2.384650 117
2018 1.313291 117
2019 1.963308 117
2020 2.441431 116
2021 1.602530 117
2022 1.288120 117
2023 2.035803 117
2024 1.923795 117
2025 2.257855 117
2026 1.415957 117
2027 1.346410 117
2028 1.389120 117
2029 5.446692 117
2030 1.373974 117
2031 1.515299 117
2032 0.989838 117
2033 1.116983 117
2034 2.674333 117
2035 1.490316 117
2036 1.357111 117
2037 4.211103 117
2038 1.200462 117
2039 0.878393 117
2040 1.002214 117
2041 0.437431 116
2042 0.480862 116
2043 2.201487 117
2044 1.222353 116
2045 0.660077 117
2046 0.201440 116
2047 0.173190 116
2048 0.194836 116
2049 0.446491 116
2050 1.390833 120
2051 0.616151 119
2052 0.345824 119
2053 1.504467 120
2054 0.615261 119
2055 0.545242 120
2056 1.225933 120
2057 1.622737 118
2058 0.378916 119
2059 0.428797 118
2060 0.397169 118
2061 0.430941 118
2062 1.733075 120
2063 2.025892 120
2064 2.209353 119
2065 0.687950 119
2066 1.200983 120
2067 4.955900 120
2068 1.466225 120
2069 2.087842 120
2070 2.550800 120
2071 2.266267 120
2072 1.506975 120
2073 1.811067 120
2074 1.381425 120
2075 3.061900 120
2076 1.584308 120
2077 0.601067 119
2078 2.087750 120
2079 0.652622 119
2080 1.455748 119
2081 1.723633 120
2082 1.828658 120
2083 1.622492 120
2084 2.337408 120
2085 2.208075 120
2086 1.995283 120
2087 2.052617 120
2088 2.253542 120
2089 1.615225 120
2090 1.515925 120
2091 1.329083 120
2092 4.272483 120
2093 1.189701 117
2094 1.673608 120
2095 1.556280 118
2096 18.684033 120
2097 17.687874 119
2098 16.871042 119
2099 15.681269 119
2100 7.400055 109
2101 10.519771 109
2102 19.162119 109
2103 13.402330 109
2104 6.891111 108
2105 0.709370 108
2106 2.096743 109
2107 2.611321 109
2108 1.539055 109
2109 2.298716 109
2110 1.794743 109
2111 1.836651 109
2112 1.386945 109
2113 2.698367 109
2114 1.094881 109
2115 0.923183 109
2116 0.794667 108
2117 0.617009 108
2118 0.573065 108
2119 0.539491 108
2120 0.512648 108
2121 0.601954 109
2122 0.848157 108
2123 0.516769 108
2124 1.185204 108
2125 0.432185 108
2126 4.066972 109
2127 3.549670 109
2128 1.347541 109
2129 0.758491 108
2130 0.783269 108
2131 0.956000 109
2132 0.791624 109
2133 1.055615 109
2134 0.986633 109
2135 0.317694 108
2136 1.565651 109
2137 0.370651 109
2138 2.063486 109
2139 1.221853 109
2140 0.974532 109
2141 1.153257 109
2142 3.001560 109
2143 0.857312 109
2144 3.281725 109
2145 1.772376 109
2146 0.704389 108
2147 1.573550 109
2148 0.461284 109
2149 0.969440 109
2150 3.368094 106
2151 1.998538 106
2152 1.474981 106
2153 0.476657 105
2154 0.565114 105
2155 2.602717 106
2156 2.128566 106
2157 1.183829 105
2158 2.316906 106
2159 2.129283 106
2160 19.541481 106
2161 5.904255 106
2162 4.253048 105
2163 4.453094 106
2164 5.214229 105
2165 5.145305 105
2166 3.974876 105
2167 4.386133 105
2168 4.102657 105
2169 3.669076 105
2170 3.832667 105
2171 4.531114 105
2172 4.939495 105
2173 4.541943 105
2174 4.077676 105
2175 4.147810 105
2176 4.549629 105
2177 4.191848 105
2178 3.909448 105
2179 3.535467 105
2180 3.890670 106
2181 3.260581 105
2182 3.735905 105
2183 3.604190 105
2184 3.687324 105
2185 3.390981 105
2186 3.064933 105
2187 3.375802 106
2188 2.859292 106
2189 3.179686 105
2190 3.260562 105
2191 2.076124 105
2192 2.632632 106
2193 2.450571 105
2194 3.013594 106
2195 2.375819 105
2196 2.040953 106
2197 2.438067 105
2198 1.512295 105
2199 1.982990 105
2200 4.544333 102
2201 3.486549 102
2202 3.227373 102
2203 4.389843 102
2204 4.263010 102
2205 4.183657 102
2206 4.574882 102
2207 3.755971 102
2208 4.331716 102
2209 4.876284 102
2210 3.864922 102
2211 4.304402 102
2212 5.055696 102
2213 3.767647 102
2214 4.613441 102
2215 4.345490 102
2216 4.865039 102
2217 4.615373 102
2218 4.118451 102
2219 4.181569 102
2220 3.996088 102
2221 3.903373 102
2222 4.092039 102
2223 4.142804 102
2224 3.965676 102
2225 3.389324 102
2226 3.891882 102
2227 3.138186 102
2228 2.420784 102
2229 3.268206 102
2230 3.393422 102
2231 3.582990 102
2232 3.237833 102
2233 2.785402 102
2234 2.900725 102
2235 2.998029 102
2236 3.354588 102
2237 2.380343 102
2238 2.611284 102
2239 2.906863 102
2240 2.732206 102
2241 2.693078 102
2242 2.551206 102
2243 2.030157 102
2244 1.805039 102
2245 1.881108 102
2246 1.452373 102
2247 1.760157 102
2248 2.203500 102
2249 1.953686 102
2250 4.934059 102
2251 3.679304 102
2252 4.231294 102
2253 4.449941 102
2254 3.315775 102
2255 4.326775 102
2256 4.464284 102
2257 4.483892 102
2258 3.706843 102
2259 3.372647 102
2260 3.980706 102
2261 4.404775 102
2262 3.843402 102
2263 4.841412 102
2264 4.927765 102
2265 4.079265 102
2266 4.351520 102
2267 3.249078 102
2268 4.371863 102
2269 4.404559 102
2270 4.022657 102
2271 4.054549 102
2272 4.053882 102
2273 3.924216 102
2274 4.561245 102
2275 3.004392 102
2276 3.669147 102
2277 4.175039 102
2278 3.465324 102
2279 3.984971 102
2280 3.898176 102
2281 3.178441 102
2282 4.001657 102
2283 3.384569 102
2284 2.960216 102
2285 2.531912 102
2286 3.091941 102
2287 3.380931 102
2288 1.997559 102
2289 2.246990 102
2290 2.541402 102
2291 2.315755 102
2292 2.141471 102
2293 2.316961 102
2294 1.450853 102
2295 1.698853 102
2296 2.778245 102
2297 1.646833 102
2298 1.731255 102
2299 1.714784 102
2300 4.768723 101
2301 2.977564 101
2302 3.365693 101
2303 3.930960 101
2304 3.968960 101
2305 3.951248 101
2306 3.699970 101
2307 3.809822 101
2308 4.417020 101
2309 4.190059 101
2310 3.831901 101
2311 5.753178 101
2312 4.797455 101
2313 3.888347 101
2314 5.480901 101
2315 4.526426 101
2316 4.661465 101
2317 4.081842 101
2318 3.838822 101
2319 4.240198 101
2320 4.290871 101
2321 3.739168 101
2322 4.098129 101
2323 4.394802 101
2324 3.753663 101
2325 4.078040 101
2326 3.763119 101
2327 3.513762 101
2328 4.067762 101
2329 4.123287 101
2330 3.277366 101
2331 3.283624 101
2332 2.966248 101
2333 2.902663 101
2334 2.371990 101
2335 3.225000 101
2336 3.276099 101
2337 2.885396 101
2338 2.589099 101
2339 2.282950 101
2340 2.370149 101
2341 1.824515 101
2342 2.369871 101
2343 2.362059 101
2344 2.419059 101
2345 1.741812 101
2346 2.471772 101
2347 1.394881 101
2348 1.283515 101
2349 1.208970 101
2350 5.844184 87
2351 1.296287 87
2352 0.793337 86
2353 0.632291 86
2354 0.545651 86
2355 0.450419 86
2356 1.419161 87
2357 1.483872 86
2358 0.771605 86
2359 1.314477 86
2360 0.624419 86
2361 1.185012 86
2362 2.372828 87
2363 0.743221 86
2364 0.570535 86
2365 0.723093 86
2366 1.627291 86
2367 1.126244 86
2368 2.261517 87
2369 0.441593 86
2370 2.281430 86
2371 0.651907 86
2372 0.411791 86
2373 0.931174 86
2374 0.463756 86
2375 1.686488 86
2376 0.582465 86
2377 0.534419 86
2378 0.376547 86
2379 1.050942 86
2380 0.396151 86
2381 0.812919 86
2382 0.529093 86
2383 1.060540 87
2384 0.269965 86
2385 0.241012 86
2386 1.058287 87
2387 0.287430 86
2388 0.320814 86
2389 2.116034 87
2390 0.317812 85
2391 0.320588 85
2392 1.672575 87
2393 0.356862 87
2394 0.392047 86
2395 1.183529 87
2396 0.308942 86
2397 0.293547 86
2398 1.078931 87
2399 0.319839 87
2400 1.246282 117
2401 0.466224 116
2402 0.485612 116
2403 0.410991 116
2404 0.354368 117
2405 0.396629 116
2406 0.363940 116
2407 0.342496 117
2408 0.375802 116
2409 0.375302 116
2410 1.488248 117
2411 1.614112 116
2412 0.845504 115
2413 0.497696 115
2414 1.318325 117
2415 1.182077 117
2416 0.894621 116
2417 0.688759 116
2418 0.671371 116
2419 0.664647 116
2420 1.420547 117
2421 19.995923 117
2422 19.658376 117
2423 19.828336 116
2424 19.826713 115
2425 19.826322 115
2426 19.826130 115
2427 19.826287 115
2428 19.652174 115
2429 19.652409 115
2430 19.483147 116
2431 1.163274 117
2432 0.708735 117
2433 1.079845 116
2434 0.915000 117
2435 0.873231 117
2436 0.849299 117
2437 1.101940 117
2438 0.408284 116
2439 0.734923 117
2440 0.389853 116
2441 18.811179 117
2442 18.082829 117
2443 17.656647 116
2444 0.958821 117
2445 0.172948 116
2446 0.261543 116
2447 4.009000 117
2448 0.248871 116
2449 0.252034 116
2450 4.680096 115
2451 2.428400 115
2452 2.315570 114
2453 1.744878 115
2454 0.448652 115
2455 3.733713 115
2456 2.026500 114
2457 1.399219 114
2458 5.320243 115
2459 2.563226 115
2460 15.250887 115
2461 2.630748 115
2462 1.281443 115
2463 1.110287 115
2464 1.170583 115
2465 0.382430 114
2466 1.309696 115
2467 1.739852 115
2468 1.027357 115
2469 2.141261 115
2470 1.486470 115
2471 1.355921 114
2472 1.165991 115
2473 1.498105 114
2474 1.464078 115
2475 1.465957 115
2476 1.043965 115
2477 15.243417 115
2478 4.092600 115
2479 1.062939 115
2480 4.725504 113
2481 1.091687 115
2482 4.094365 115
2483 1.005209 115
2484 0.882322 115
2485 0.282113 115
2486 1.019252 115
2487 1.178035 115
2488 0.968809 115
2489 0.246383 115
2490 1.142339 115
2491 0.293860 114
2492 1.000087 115
2493 0.804417 115
2494 0.490139 115
2495 0.785148 115
2496 0.452913 115
2497 2.531113 115
2498 0.878626 115
2499 0.689261 115
2500 1.530046 109
2501 1.154073 109
2502 19.009174 109
2503 1.916523 109
2504 1.290349 109
2505 1.199330 109
2506 1.394560 109
2507 1.694147 109
2508 1.820064 109
2509 20.000000 109
2510 1.813092 109
2511 1.192532 109
2512 1.341431 109
2513 2.511899 109
2514 1.274321 109
2515 1.099018 109
2516 0.288881 109
2517 1.262890 109
2518 1.164358 109
2519 1.250514 109
2520 1.018183 109
2521 1.377431 109
2522 1.183394 109
2523 1.071046 109
2524 1.122009 109
2525 2.868624 109
2526 0.982633 109
2527 1.070945 109
2528 13.413523 109
2529 1.067725 109
2530 1.012046 109
2531 1.267844 109
2532 1.486128 109
2533 5.528798 109
2534 1.379761 109
2535 0.745358 109
2536 0.738890 109
2537 0.630064 109
2538 1.128679 109
2539 0.994055 109
2540 1.061963 109
2541 0.885018 109
2542 0.731450 109
2543 1.590468 109
2544 0.784890 109
2545 0.629349 109
2546 0.567505 109
2547 0.916844 109
2548 0.903128 109
2549 0.603606 109
2550 1.314288 104
2551 1.502385 104
2552 3.867490 104
2553 1.131788 104
2554 17.477365 104
2555 1.499067 104
2556 1.362596 104
2557 1.454173 104
2558 2.371827 104
2559 1.942981 104
2560 2.255529 104
2561 1.523644 104
2562 1.385788 104
2563 13.700173 104
2564 5.938433 104
2565 4.972221 104
2566 5.905000 104
2567 4.690731 104
2568 3.719106 104
2569 3.915933 104
2570 3.023913 104
2571 3.248885 104
2572 3.701163 104
2573 3.326067 104
2574 2.173942 104
2575 2.211558 104
2576 2.249163 104
2577 1.917913 104
2578 1.709760 104
2579 2.484269 104
2580 2.695942 104
2581 1.494385 104
2582 2.297433 104
2583 1.682875 104
2584 2.537712 104
2585 2.735788 104
2586 2.634490 104
2587 2.124058 104
2588 2.110212 104
2589 2.214731 104
2590 2.448740 104
2591 1.479019 104
2592 1.816721 104
2593 1.248865 104
2594 1.552260 104
2595 0.967000 104
2596 1.887327 104
2597 2.092981 104
2598 2.024048 104
2599 2.113327 104
2600 7.920449 107
2601 8.664916 107
2602 3.894159 107
2603 3.865477 107
2604 3.993383 107
2605 5.018981 107
2606 4.695302 106
2607 3.700792 106
2608 4.247821 106
2609 4.168934 106
2610 5.845481 106
2611 4.404906 106
2612 3.066575 106
2613 3.484651 106
2614 3.337972 106
2615 1.932822 107
2616 2.854689 106
2617 2.187925 106
2618 3.186383 107
2619 2.915632 106
2620 3.215519 106
2621 2.732443 106
2622 3.075802 106
2623 2.829189 106
2624 2.807717 106
2625 3.141877 106
2626 2.180132 106
2627 2.085340 106
2628 2.630257 105
2629 2.299543 105
2630 3.123305 105
2631 2.563670 106
2632 1.768790 105
2633 2.667358 106
2634 2.347037 107
2635 1.744162 105
2636 1.666010 105
2637 1.984981 105
2638 1.735190 105
2639 1.215143 105
2640 1.279340 106
2641 0.948990 105
2642 1.428095 105
2643 1.600066 106
2644 1.357981 106
2645 1.836229 105
2646 1.511181 105
2647 1.529629 105
2648 1.562648 105
2649 1.570305 105
2650 8.381391 110
2651 9.124064 110
2652 4.786245 110
2653 4.228155 110
2654 3.610491 110
2655 4.244155 110
2656 4.259807 109
2657 4.269037 109
2658 3.603229 109
2659 4.170844 109
2660 4.901826 109
2661 4.195073 109
2662 2.940578 109
2663 1.659245 110
2664 0.335404 109
2665 1.505018 110
2666 1.248764 110
2667 4.460564 110
2668 2.215624 109
2669 2.549891 110
2670 2.906835 109
2671 2.012691 110
2672 2.633000 109
2673 1.824376 109
2674 1.700881 109
2675 1.310248 109
2676 1.668431 109
2677 1.444266 109
2678 1.390275 109
2679 1.500606 109
2680 1.866596 109
2681 0.974771 109
2682 1.401450 109
2683 0.945505 109
2684 0.739872 109
2685 1.048881 109
2686 1.816055 109
2687 1.088385 109
2688 1.165835 109
2689 1.547872 109
2690 1.481587 109
2691 1.902495 109
2692 2.104791 110
2693 1.937752 109
2694 1.761505 109
2695 1.737358 109
2696 1.898459 109
2697 1.718651 109
2698 0.779312 109
2699 0.967908 109
2700 4.481481 106
2701 3.213714 105
2702 2.250829 105
2703 2.481933 104
2704 1.706200 105
2705 2.684009 106
2706 1.931529 104
2707 1.749779 104
2708 1.769594 106
2709 2.143481 104
2710 1.815894 104
2711 1.394934 106
2712 1.098689 106
2713 0.990286 105
2714 1.962895 105
2715 0.942163 104
2716 5.581250 104
2717 1.008740 104
2718 2.226410 105
2719 0.919635 104
2720 0.721115 104
2721 2.545810 105
2722 0.846567 104
2723 0.748104 106
2724 0.741010 104
2725 0.730663 104
2726 0.904505 105
2727 0.716904 104
2728 0.896933 104
2729 1.157924 105
2730 3.251771 105
2731 0.843562 105
2732 0.843240 104
2733 3.712260 104
2734 0.711260 104
2735 0.722635 104
2736 0.530619 105
2737 0.633448 105
2738 0.494867 105
2739 0.491644 104
2740 0.534219 105
2741 0.497566 106
2742 0.700095 105
2743 1.020923 104
2744 0.600856 104
2745 0.479452 104
2746 0.728962 104
2747 0.479731 104
2748 1.802240 104
2749 0.469846 104
2750 2.522463 95
2751 0.928800 95
2752 0.952085 94
2753 1.149319 94
2754 1.503168 95
2755 0.440064 94
2756 1.562232 95
2757 1.824895 95
2758 1.538768 95
2759 2.188695 95
2760 1.890957 94
2761 1.533713 94
2762 1.476319 94
2763 1.746347 95
2764 1.604660 94
2765 1.434904 94
2766 1.491819 94
2767 1.408489 94
2768 1.799457 94
2769 1.973000 95
2770 1.377202 94
2771 1.613936 94
2772 1.259872 94
2773 1.452213 94
2774 1.549745 94
2775 1.157266 94
2776 1.158117 94
2777 1.600947 94
2778 0.997543 94
2779 1.030170 94
2780 1.188766 94
2781 1.024011 95
2782 0.989702 94
2783 1.227947 94
2784 1.091874 95
2785 1.228779 95
2786 1.753147 95
2787 1.001179 95
2788 0.710179 95
2789 0.797053 95
2790 0.443221 95
2791 0.465526 95
2792 0.431884 95
2793 0.522968 95
2794 0.584011 95
2795 0.537674 95
2796 0.459621 95
2797 0.431979 95
2798 0.532295 95
2799 0.579747 95
2800 1.494840 106
2801 0.783047 106
2802 0.908604 106
2803 0.728736 106
2804 0.652726 106
2805 0.749066 106
2806 0.696906 106
2807 0.854736 106
2808 0.787708 106
2809 0.716226 106
2810 0.663160 106
2811 0.741943 106
2812 0.858566 106
2813 0.749377 106
2814 0.715764 106
2815 1.382877 106
2816 0.466305 105
2817 0.460067 104
2818 0.450562 105
2819 4.109443 106
2820 2.919250 104
2821 2.144404 104
2822 2.192548 104
2823 1.879538 104
2824 1.794867 105
2825 2.109538 104
2826 2.786529 104
2827 2.409660 106
2828 1.793394 104
2829 1.267038 104
2830 1.918257 105
2831 1.782779 104
2832 1.234769 104
2833 1.759571 105
2834 1.435571 105
2835 1.997529 104
2836 2.172404 104
2837 2.276644 104
2838 2.449596 104
2839 1.391783 106
2840 0.281981 105
2841 0.296906 106
2842 1.453472 106
2843 0.451105 105
2844 0.258543 105
2845 0.288752 105
2846 1.117642 106
2847 0.258286 105
2848 0.308314 105
2849 0.269533 105
2850 1.764102 108
2851 0.457324 108
2852 0.382701 107
2853 0.345140 107
2854 1.435185 108
2855 0.430037 107
2856 0.398224 107
2857 2.318157 108
2858 1.346963 107
2859 1.402168 107
2860 1.346430 107
2861 2.154880 108
2862 0.616187 107
2863 1.300500 108
2864 0.477519 108
2865 0.420206 107
2866 1.078380 108
2867 3.028972 108
2868 0.982806 108
2869 1.169528 108
2870 0.370602 108
2871 0.406364 107
2872 0.377607 107
2873 8.709593 108
2874 7.434935 107
2875 8.455168 107
2876 7.872327 107
2877 5.877589 107
2878 7.464318 107
2879 6.272981 108
2880 6.046916 107
2881 5.278710 107
2882 4.892383 107
2883 3.300897 107
2884 3.039458 107
2885 2.331598 107
2886 2.115861 108
2887 1.647720 107
2888 1.479047 107
2889 1.255713 108
2890 1.314224 107
2891 1.154271 107
2892 1.229935 107
2893 2.066500 108
2894 0.335579 107
2895 0.394611 108
2896 1.797426 108
2897 3.151463 108
2898 0.485879 107
2899 0.380551 107
2900 1.261593 86
2901 0.418882 85
2902 0.361071 84
2903 0.368871 85
2904 2.128209 86
2905 0.465988 83
2906 0.283976 85
2907 0.417195 82
2908 1.772209 86
2909 0.452000 84
2910 0.582176 85
2911 1.590535 86
2912 0.665694 85
2913 0.808953 86
2914 0.575835 85
2915 0.584941 85
2916 1.322802 86
2917 0.372918 85
2918 0.364588 85
2919 0.545471 85
2920 1.567430 86
2921 0.329802 86
2922 0.380976 85
2923 1.485698 86
2924 0.371188 85
2925 0.462835 85
2926 0.430071 85
2927 1.551558 86
2928 0.405506 85
2929 0.343081 86
2930 0.326741 85
2931 1.833919 86
2932 0.620847 85
2933 0.571282 85
2934 0.405365 85
2935 2.067965 86
2936 0.857529 85
2937 0.863894 85
2938 0.943674 86
2939 0.492570 86
2940 0.362198 86
2941 0.327221 86
2942 0.356779 86
2943 0.403360 86
2944 1.304884 86
2945 0.512247 85
2946 0.495094 85
2947 0.768506 85
2948 1.414116 86
2949 0.649647 85
2950 1.587278 97
2951 0.696979 97
2952 0.584866 97
2953 1.384979 97
2954 0.456938 96
2955 1.510619 97
2956 0.481667 96
2957 1.241021 97
2958 1.433330 97
2959 0.652227 97
2960 0.549031 96
2961 0.516052 96
2962 1.459052 97
2963 0.319063 96
2964 0.465656 96
2965 1.457608 97
2966 0.413896 96
2967 0.428313 96
2968 0.376103 97
2969 3.453454 97
2970 2.531719 96
2971 1.493495 97
2972 1.663887 97
2973 0.459608 97
2974 0.396082 97
2975 1.589175 97
2976 0.483253 95
2977 0.384323 96
2978 1.370072 97
2979 0.359073 96
2980 0.336041 97
2981 1.317711 97
2982 0.423708 96
2983 1.676423 97
2984 0.599063 96
2985 1.304887 97
2986 0.446396 96
2987 0.376229 96
2988 1.525732 97
2989 0.441521 96
2990 1.449701 97
2991 1.316711 97
2992 0.351312 96
2993 1.071402 97
2994 0.377887 97
2995 1.359113 97
2996 0.398052 96
2997 1.090938 97
2998 0.324281 96
2999 19.751186 97
3000 17.736728 103
3001 19.803922 102
3002 19.803922 102
3003 19.801980 101
3004 19.800050 100
3005 19.603980 101
3006 19.800020 100
3007 19.603980 101
3008 1.958602 103
3009 1.130650 103
3010 0.441520 102
3011 0.733637 102
3012 0.394951 102
3013 0.897206 102
3014 0.460304 102
3015 0.533471 102
3016 0.572505 103
3017 0.696843 102
3018 0.423196 102
3019 0.330382 102
3020 0.306447 103
3021 0.682725 102
3022 1.236835 103
3023 0.326833 102
3024 0.334363 102
3025 1.054515 103
3026 0.249412 102
3027 1.005971 103
3028 0.500225 102
3029 0.398225 102
3030 0.975262 103
3031 0.317451 102
3032 0.846058 103
3033 0.232398 103
3034 0.795893 103
3035 0.224524 103
3036 2.360505 103
3037 1.793039 102
3038 1.912757 103
3039 0.742680 103
3040 0.210137 102
3041 0.974612 103
3042 0.238922 103
3043 1.627670 103
3044 0.197574 101
3045 0.867456 103
3046 0.216961 102
3047 0.199255 102
3048 0.848922 103
3049 0.218637 102
3050 1.165064 94
3051 0.301902 92
3052 0.932255 94
3053 0.356021 94
3054 0.321064 94
3055 1.475223 94
3056 0.251819 94
3057 1.046266 94
3058 0.461809 94
3059 0.370351 94
3060 0.879723 94
3061 0.267638 94
3062 0.974543 94
3063 0.672872 94
3064 0.988330 94
3065 0.835277 94
3066 0.783713 94
3067 1.136862 94
3068 0.408883 94
3069 1.745181 94
3070 1.315628 94
3071 0.704947 94
3072 0.881638 94
3073 0.870245 94
3074 0.913511 94
3075 0.697628 94
3076 0.772681 94
3077 0.649309 94
3078 0.652351 94
3079 0.837436 94
3080 0.718000 94
3081 0.662755 94
3082 0.730064 94
3083 0.772851 94
3084 0.598415 94
3085 0.619936 94
3086 0.963468 94
3087 0.265817 93
3088 0.390968 93
3089 0.238194 93
3090 0.260548 93
3091 0.205237 93
3092 0.287894 94
3093 0.222624 93
3094 0.192753 93
3095 0.207054 93
3096 0.229634 93
3097 1.077064 94
3098 0.422457 94
3099 0.361574 94
3100 2.233495 99
3101 0.764152 99
3102 0.510939 98
3103 0.566816 98
3104 0.606439 98
3105 0.529354 99
3106 0.495214 98
3107 0.434121 99
3108 0.430031 98
3109 1.328717 99
3110 1.555404 99
3111 0.293778 99
3112 0.961414 99
3113 6.444323 99
3114 0.376758 99
3115 1.421283 99
3116 0.795253 99
3117 0.363717 99
3118 0.450653 98
3119 0.919667 99
3120 0.299303 99
3121 1.039747 99
3122 0.372667 99
3123 0.362040 99
3124 0.938242 99
3125 1.305475 99
3126 0.418929 99
3127 0.336646 99
3128 0.283687 99
3129 0.384081 99
3130 0.285354 99
3131 0.314030 99
3132 0.930576 99
3133 1.251768 99
3134 0.872495 99
3135 0.798081 99
3136 0.870020 99
3137 0.894313 99
3138 0.886778 99
3139 1.100899 99
3140 0.292505 99
3141 0.315364 99
3142 0.299535 99
3143 0.341758 99
3144 0.255293 99
3145 0.369455 99
3146 0.303970 99
3147 0.724051 99
3148 0.691343 99
3149 0.743556 99
3150 1.250729 107
3151 1.432150 107
3152 0.655336 107
3153 1.828701 107
3154 0.465654 107
3155 0.318589 107
3156 0.340935 107
3157 1.012916 107
3158 0.375243 107
3159 0.360804 107
3160 0.398692 107
3161 0.340720 107
3162 0.375224 107
3163 7.583477 107
3164 0.418785 107
3165 1.011393 107
3166 1.045598 107
3167 1.001084 107
3168 1.043636 107
3169 0.441897 107
3170 0.599981 107
3171 0.372346 107
3172 0.341869 107
3173 0.435664 107
3174 0.262421 107
3175 0.310299 107
3176 0.410626 107
3177 0.468692 107
3178 1.119757 107
3179 0.954252 107
3180 0.739486 107
3181 0.782486 107
3182 0.708907 107
3183 0.750215 107
3184 0.694589 107
3185 1.097187 107
3186 19.813065 107
3187 19.811094 106
3188 19.626000 107
3189 19.811094 106
3190 19.811226 106
3191 19.811170 106
3192 0.552654 107
3193 0.725140 107
3194 0.494477 107
3195 0.165430 107
3196 0.481299 107
3197 0.174280 107
3198 0.188589 107
3199 0.179037 107
3200 1.267917 109
3201 1.463954 109
3202 0.304917 109
3203 0.316991 109
3204 0.338444 108
3205 0.366315 108
3206 1.220000 109
3207 0.321083 108
3208 1.194550 109
3209 0.348889 108
3210 1.201587 109
3211 4.897110 109
3212 1.191110 109
3213 1.196679 109
3214 0.389787 108
3215 1.224890 109
3216 0.681917 109
3217 0.314330 109
3218 0.312844 109
3219 0.336239 109
3220 0.335156 109
3221 0.316211 109
3222 1.261505 109
3223 0.398380 108
3224 0.366778 108
3225 0.445398 108
3226 1.272413 109
3227 0.434009 108
3228 0.622120 108
3229 0.387231 108
3230 0.493463 108
3231 1.153881 109
3232 1.070982 109
3233 0.347481 108
3234 2.670778 108
3235 1.164982 109
3236 0.813440 109
3237 1.003972 109
3238 0.323685 108
3239 0.328843 108
3240 1.142358 109
3241 0.470426 108
3242 0.319528 108
3243 0.382028 108
3244 1.578156 109
3245 14.473349 109
3246 14.249370 108
3247 12.760722 108
3248 7.907624 109
3249 5.222367 109
3250 1.410278 108
3251 0.552806 108
3252 0.366019 107
3253 0.390481 108
3254 1.285380 108
3255 1.160713 108
3256 1.609537 108
3257 1.094224 107
3258 0.935346 107
3259 1.271308 107
3260 0.961673 107
3261 7.724346 107
3262 0.874037 107
3263 2.580287 108
3264 1.692611 108
3265 1.354231 108
3266 1.232944 108
3267 0.342722 108
3268 0.444343 108
3269 0.366222 108
3270 0.591308 107
3271 0.564682 107
3272 2.307028 108
3273 1.733722 108
3274 0.517198 106
3275 2.296065 108
3276 0.449570 107
3277 0.426112 107
3278 1.115704 108
3279 0.368561 107
3280 1.162704 108
3281 1.275346 107
3282 0.993028 107
3283 0.321566 106
3284 0.341679 106
3285 1.201491 108
3286 0.326241 108
3287 0.421953 107
3288 0.330411 107
3289 1.340926 108
3290 1.662824 108
3291 0.378224 107
3292 0.375131 107
3293 0.356000 107
3294 0.366500 108
3295 2.564861 108
3296 1.109843 108
3297 4.027157 108
3298 1.224685 108
3299 1.932176 108
3300 2.183050 119
3301 1.654134 119
3302 4.411723 119
3303 3.119415 118
3304 3.093119 118
3305 3.143847 118
3306 5.425857 119
3307 8.345771 118
3308 6.714093 118
3309 6.134712 118
3310 4.777441 118
3311 1.241261 119
3312 0.485771 118
3313 0.515169 118
3314 1.410151 119
3315 0.366508 118
3316 1.431437 119
3317 2.243110 118
3318 3.421908 119
3319 2.027525 118
3320 1.917429 119
3321 2.017534 118
3322 1.101597 119
3323 0.761210 119
3324 1.159378 119
3325 0.367915 118
3326 1.151546 119
3327 1.301353 119
3328 1.294748 119
3329 3.761588 119
3330 0.352655 119
3331 1.562782 119
3332 0.990849 119
3333 1.236008 119
3334 0.222856 118
3335 3.007412 119
3336 0.848286 119
3337 0.228681 119
3338 0.801387 119
3339 0.525008 118
3340 0.761941 118
3341 1.842395 119
3342 1.170328 116
3343 0.712992 119
3344 0.828134 119
3345 1.353286 119
3346 0.405282 117
3347 0.370650 117
3348 0.718403 119
3349 0.827269 119
3350 1.395965 85
3351 1.601976 85
3352 1.402212 85
3353 1.396659 85
3354 1.428235 85
3355 0.405036 84
3356 1.431871 85
3357 0.351400 85
3358 0.408918 85
3359 1.343565 85
3360 1.079294 85
3361 0.369776 85
3362 1.535565 85
3363 1.380200 85
3364 0.296200 85
3365 0.280179 84
3366 0.329702 84
3367 1.279141 85
3368 0.349541 85
3369 1.960518 85
3370 1.664176 85
3371 1.417294 85
3372 0.433333 84
3373 0.390833 84
3374 1.512894 85
3375 0.313835 85
3376 1.471741 85
3377 1.473365 85
3378 1.360871 85
3379 0.349953 85
3380 0.326682 85
3381 1.259706 85
3382 0.452857 84
3383 0.333179 84
3384 1.449365 85
3385 0.520190 84
3386 0.354762 84
3387 1.348894 85
3388 0.559048 84
3389 1.186282 85
3390 1.347541 85
3391 2.403976 85
3392 1.701718 85
3393 2.007541 85
3394 1.877082 85
3395 2.893094 85
3396 1.903200 85
3397 1.609859 85
3398 16.715941 85
3399 0.921200 85
3400 1.175208 96
3401 1.284604 96
3402 1.602948 96
3403 0.367400 95
3404 1.636437 96
3405 0.604479 96
3406 0.414229 96
3407 1.525083 96
3408 0.744126 95
3409 1.455594 96
3410 0.347948 96
3411 0.448011 95
3412 1.152490 96
3413 1.265250 96
3414 0.391379 95
3415 0.399958 95
3416 1.513948 96
3417 1.399552 96
3418 0.494844 96
3419 0.736521 96
3420 1.652458 96
3421 0.499821 95
3422 0.404853 95
3423 2.717865 96
3424 1.559232 95
3425 1.459968 94
3426 5.198052 96
3427 4.182531 96
3428 1.229021 96
3429 1.309333 96
3430 1.593292 96
3431 0.325215 93
3432 0.319645 93
3433 1.168948 96
3434 0.313568 95
3435 0.317084 95
3436 1.174010 96
3437 0.325326 95
3438 0.386284 95
3439 1.115063 96
3440 0.318011 95
3441 1.011438 96
3442 0.395396 96
3443 0.246323 96
3444 2.976177 96
3445 0.432958 95
3446 1.138781 96
3447 1.842968 95
3448 2.858219 96
3449 0.329521 96
3450 3.469647 116
3451 1.761448 116
3452 2.279207 116
3453 1.272904 115
3454 1.427635 115
3455 1.403647 116
3456 0.410819 116
3457 0.366652 115
3458 1.898784 116
3459 1.416034 116
3460 0.721560 116
3461 1.450457 116
3462 1.363733 116
3463 0.852148 115
3464 1.999267 116
3465 0.718583 115
3466 1.410422 116
3467 0.793105 114
3468 0.792211 114
3469 1.699621 116
3470 0.459565 115
3471 1.338138 116
3472 7.494931 116
3473 18.352583 115
3474 1.195586 116
3475 1.025164 116
3476 0.317270 115
3477 0.295957 115
3478 1.544190 116
3479 0.693496 115
3480 0.872155 116
3481 1.618250 116
3482 0.775452 115
3483 1.053638 116
3484 0.258345 116
3485 0.284243 115
3486 1.797026 116
3487 1.110750 116
3488 0.577217 115
3489 0.574913 115
3490 1.164000 116
3491 0.492365 115
3492 1.033121 116
3493 0.236278 115
3494 0.228974 116
3495 0.839233 116
3496 0.238835 115
3497 0.257409 115
3498 0.635871 116
3499 0.413336 116
3500 1.197000 97
3501 1.481330 97
3502 0.472323 96
3503 0.481375 96
3504 1.510134 97
3505 0.420000 97
3506 0.454510 96
3507 1.364608 97
3508 0.406510 96
3509 0.456344 96
3510 1.486443 97
3511 0.463598 97
3512 0.404969 97
3513 4.421835 97
3514 3.961583 96
3515 3.672792 96
3516 1.089825 97
3517 1.407845 97
3518 0.404583 96
3519 0.431802 96
3520 8.027371 97
3521 1.372979 97
3522 0.404649 97
3523 0.372701 97
3524 1.800423 97
3525 0.551200 95
3526 0.575442 95
3527 1.466753 97
3528 1.473144 97
3529 0.690698 96
3530 0.689875 96
3531 1.268309 97
3532 0.349625 96
3533 0.352323 96
3534 3.709825 97
3535 1.012979 97
3536 0.311229 96
3537 0.268490 96
3538 1.054443 97
3539 1.299062 97
3540 1.116639 97
3541 0.867897 97
3542 0.942608 97
3543 0.855619 97
3544 0.945649 97
3545 1.373773 97
3546 0.311771 96
3547 0.849660 97
3548 0.778938 97
3549 1.174320 97
3550 1.508981 106
3551 1.839500 106
3552 2.119613 106
3553 1.210755 106
3554 0.417324 105
3555 1.078340 106
3556 1.305274 106
3557 2.106528 106
3558 1.511406 106
3559 1.647368 106
3560 1.649642 106
3561 2.836396 106
3562 1.912849 106
3563 0.602680 103
3564 1.610377 106
3565 1.853934 106
3566 2.386774 106
3567 0.866505 105
3568 2.794330 106
3569 1.498623 106
3570 1.450028 106
3571 0.367038 105
3572 1.321425 106
3573 2.270311 106
3574 1.881255 106
3575 0.445448 105
3576 1.337245 106
3577 1.576792 106
3578 2.564038 106
3579 13.514340 106
3580 1.510858 106
3581 0.883925 106
3582 1.590991 106
3583 1.171491 106
3584 0.823292 106
3585 1.299557 106
3586 1.365000 105
3587 0.917208 106
3588 0.175146 103
3589 2.385321 106
3590 0.840581 105
3591 1.373736 106
3592 0.981858 106
3593 0.896800 105
3594 0.961585 106
3595 0.684575 106
3596 0.902811 106
3597 0.977858 106
3598 0.802849 106
3599 0.170086 105
3600 3.929295 95
3601 1.358379 95
3602 1.465821 95
3603 1.169432 95
3604 13.856642 95
3605 2.446789 95
3606 1.527442 95
3607 1.376958 95
3608 0.428137 95
3609 1.563505 95
3610 1.488832 95
3611 1.556105 95
3612 1.378032 95
3613 1.413842 95
3614 1.298063 95
3615 0.346326 95
3616 1.193853 95
3617 0.337705 95
3618 1.589074 95
3619 1.166558 95
3620 0.461905 95
3621 1.324621 95
3622 0.473232 95
3623 1.455305 95
3624 0.453726 95
3625 1.027695 95
3626 1.189284 95
3627 1.346621 95
3628 1.718989 95
3629 1.745663 95
3630 2.366179 95
3631 1.325800 95
3632 1.361411 95
3633 1.828589 95
3634 0.959053 95
3635 0.527179 95
3636 1.399768 95
3637 0.986168 95
3638 2.084074 95
3639 0.562400 95
3640 0.580137 95
3641 0.596474 95
3642 0.844158 95
3643 0.590347 95
3644 1.483726 95
3645 0.500284 95
3646 1.427789 95
3647 0.897053 95
3648 18.588968 95
3649 0.382716 95
3650 1.203983 115
3651 2.713991 115
3652 0.745470 115
3653 1.081252 115
3654 1.920157 115
3655 2.327452 115
3656 1.395513 115
3657 1.437730 115
3658 2.846443 115
3659 3.718078 115
3660 1.542609 115
3661 2.040774 115
3662 2.532757 115
3663 1.489878 115
3664 19.968504 115
3665 1.350991 115
3666 3.451530 115
3667 1.527409 115
3668 2.019774 115
3669 1.057757 115
3670 2.843148 115
3671 1.021278 115
3672 1.301252 115
3673 1.180539 115
3674 1.012470 115
3675 1.145661 115
3676 1.645017 115
3677 1.734643 115
3678 0.891235 115
3679 1.287565 115
3680 1.118412 114
3681 0.923360 114
3682 0.878826 115
3683 0.761452 115
3684 0.753330 115
3685 0.916287 115
3686 1.177270 115
3687 1.092096 115
3688 0.736235 115
3689 1.544191 115
3690 0.742122 115
3691 2.773757 115
3692 0.984965 115
3693 0.655783 115
3694 0.705957 115
3695 0.691548 115
3696 0.912287 115
3697 0.679757 115
3698 1.292252 115
3699 1.237470 115
3700 4.035584 101
3701 1.403010 101
3702 1.444267 101
3703 1.099050 101
3704 1.388188 101
3705 1.083802 101
3706 1.617624 101
3707 1.764644 101
3708 1.529119 101
3709 1.095030 101
3710 1.389079 101
3711 3.087475 101
3712 1.456238 101
3713 1.278703 101
3714 1.242099 101
3715 2.309941 101
3716 1.094257 101
3717 1.647257 101
3718 1.382901 101
3719 1.151059 101
3720 18.503624 101
3721 1.427802 101
3722 1.843871 101
3723 1.749604 101
3724 1.334525 101
3725 1.172287 101
3726 1.172317 101
3727 1.170416 101
3728 1.516842 101
3729 1.062683 101
3730 1.042941 101
3731 1.339366 101
3732 2.498881 101
3733 0.959584 101
3734 0.872287 101
3735 1.059317 101
3736 0.965752 101
3737 1.016871 101
3738 1.989248 101
3739 0.975683 101
3740 0.684594 101
3741 1.289891 101
3742 0.720416 101
3743 0.820495 101
3744 1.613287 101
3745 0.635376 101
3746 0.959406 101
3747 0.851545 101
3748 0.711703 101
3749 0.766634 101
3750 1.549435 115
3751 1.674957 115
3752 2.097861 115
3753 2.108426 115
3754 1.155713 115
3755 1.293774 115
3756 1.639957 115
3757 1.190730 115
3758 1.368600 115
3759 1.174461 115
3760 1.382565 115
3761 1.446217 115
3762 3.504287 115
3763 1.759696 115
3764 1.202965 115
3765 1.199661 115
3766 3.395287 115
3767 19.573548 115
3768 3.428426 115
3769 1.354765 115
3770 1.464174 115
3771 1.649730 115
3772 1.521017 115
3773 1.083191 115
3774 1.247774 115
3775 1.361591 115
3776 10.808139 115
3777 1.000043 115
3778 4.951313 115
3779 7.209635 115
3780 1.616139 115
3781 2.199791 115
3782 13.983061 115
3783 1.571087 115
3784 0.791365 115
3785 0.642713 115
3786 20.000000 115
3787 1.422252 115
3788 1.028609 115
3789 0.905278 115
3790 0.681452 115
3791 0.640626 115
3792 0.593235 115
3793 0.646574 115
3794 0.687974 115
3795 0.643183 115
3796 0.752000 115
3797 0.647704 115
3798 0.515452 115
3799 0.519096 115
3800 1.365981 107
3801 1.396056 107
3802 14.515000 107
3803 1.418589 107
3804 1.492841 107
3805 1.259579 107
3806 1.587953 107
3807 1.451000 107
3808 1.338561 107
3809 2.244720 107
3810 17.378813 107
3811 1.523439 107
3812 1.499673 107
3813 1.392850 107
3814 1.403037 107
3815 1.537047 107
3816 1.446794 107
3817 1.429897 107
3818 1.959271 107
3819 1.609879 107
3820 1.423168 107
3821 16.736673 107
3822 1.415879 107
3823 1.105944 107
3824 1.591673 107
3825 2.229112 107
3826 2.338075 107
3827 1.110570 107
3828 1.482505 107
3829 1.457673 107
3830 1.198346 107
3831 1.027206 107
3832 1.488738 107
3833 1.063383 107
3834 1.080299 107
3835 2.384383 107
3836 1.075467 107
3837 2.649570 107
3838 2.862636 107
3839 1.042636 107
3840 1.373467 107
3841 0.808570 107
3842 1.166654 107
3843 0.780196 107
3844 1.079832 107
3845 0.719234 107
3846 0.778495 107
3847 0.839271 107
3848 0.858075 107
3849 0.948869 107
3850 1.390869 107
3851 3.835234 107
3852 1.362290 107
3853 1.746056 107
3854 1.541692 107
3855 1.534411 107
3856 1.318075 107
3857 1.461439 107
3858 20.000000 107
3859 1.702009 107
3860 2.038804 107
3861 1.718710 107
3862 1.551935 107
3863 1.996028 107
3864 1.794869 107
3865 3.694103 107
3866 1.674364 107
3867 1.292944 107
3868 1.478710 107
3869 1.697486 107
3870 1.487589 107
3871 1.495299 107
3872 1.638888 107
3873 2.500140 107
3874 1.206907 107
3875 1.225065 107
3876 1.810738 107
3877 2.094150 107
3878 1.217570 107
3879 1.449710 107
3880 1.121037 107
3881 1.121093 107
3882 1.416523 107
3883 1.200252 107
3884 1.106897 107
3885 1.416879 107
3886 2.115467 107
3887 1.083234 107
3888 1.975495 107
3889 19.999963 107
3890 1.262804 107
3891 1.018383 107
3892 1.233794 107
3893 1.110579 107
3894 1.320112 107
3895 1.114598 107
3896 0.399371 105
3897 1.114215 107
3898 0.870720 107
3899 0.670570 107
3900 4.285929 113
3901 1.519779 113
3902 1.195115 113
3903 1.187885 113
3904 1.447018 113
3905 1.142442 113
3906 7.746681 113
3907 1.567142 113
3908 1.361159 113
3909 2.230743 113
3910 1.029292 113
3911 1.901956 113
3912 1.154389 113
3913 1.391504 113
3914 1.180779 113
3915 1.099425 113
3916 1.279673 113
3917 1.133274 113
3918 1.256805 113
3919 1.367796 113
3920 1.153752 113
3921 1.975628 113
3922 1.397257 113
3923 1.353416 113
3924 1.163646 113
3925 2.333752 113
3926 2.284717 113
3927 2.520513 113
3928 1.005717 113
3929 2.686009 113
3930 0.836805 113
3931 1.030248 113
3932 1.142124 113
3933 0.793248 113
3934 0.800416 113
3935 0.706956 113
3936 0.652150 113
3937 0.632487 113
3938 1.167655 113
3939 1.298168 113
3940 5.390566 113
3941 0.664124 113
3942 0.836381 113
3943 0.726903 113
3944 0.908381 113
3945 2.128088 113
3946 0.731407 113
3947 0.553593 113
3948 0.669876 113
3949 1.269106 113
3950 1.560091 121
3951 1.528223 121
3952 1.468653 121
3953 3.502339 121
3954 1.404413 121
3955 4.574686 121
3956 2.431579 121
3957 1.387132 121
3958 1.267331 121
3959 1.700025 121
3960 2.332107 121
3961 1.331504 121
3962 1.308529 121
3963 1.270240 121
3964 1.398545 121
3965 2.151818 121
3966 1.046967 121
3967 1.574669 121
3968 1.963339 121
3969 2.170174 121
3970 1.813603 121
3971 1.399132 121
3972 1.116140 121
3973 1.127736 121
3974 1.384711 121
3975 17.964149 121
3976 1.163306 121
3977 1.482934 121
3978 1.359066 121
3979 1.096405 121
3980 19.999975 121
3981 1.180364 121
3982 0.778950 121
3983 0.529554 121
3984 0.757769 121
3985 2.260438 121
3986 12.706785 121
3987 0.927025 121
3988 6.498983 120
3989 1.574223 121
3990 1.513455 121
3991 1.670256 121
3992 2.200488 121
3993 1.601240 121
3994 1.141397 121
3995 1.244372 121
3996 1.353231 121
3997 0.979364 121
3998 0.973851 121
3999 1.336562 121
4000 4.610624 117
4001 1.593111 117
4002 1.858641 117
4003 1.038333 117
4004 16.301880 117
4005 1.166556 117
4006 1.830966 117
4007 1.770530 117
4008 1.783171 117
4009 0.842684 117
4010 2.053274 117
4011 1.362684 117
4012 0.914299 117
4013 1.564248 117
4014 1.116342 117
4015 4.082043 117
4016 2.125154 117
4017 3.578085 117
4018 1.587726 117
4019 1.576051 117
4020 1.207060 117
4021 1.173068 117
4022 0.959940 117
4023 0.971120 117
4024 1.093342 117
4025 1.603103 117
4026 1.275795 117
4027 3.719701 117
4028 1.070675 117
4029 1.437197 117
4030 1.168171 117
4031 5.288598 117
4032 9.320385 117
4033 0.837120 117
4034 0.891991 117
4035 6.337863 117
4036 0.461521 117
4037 0.686017 117
4038 0.402368 117
4039 0.432538 117
4040 20.000000 117
4041 0.528171 117
4042 0.549077 117
4043 0.381932 117
4044 1.413607 117
4045 1.539368 117
4046 0.660111 117
4047 0.370812 117
4048 0.613949 117
4049 0.432538 117
4050 1.373826 121
4051 1.058372 121
4052 3.290380 121
4053 2.130488 121
4054 1.106934 121
4055 1.355959 121
4056 1.218975 121
4057 2.287256 121
4058 18.281628 121
4059 1.378074 121
4060 5.033579 121
4061 1.390686 121
4062 0.929099 121
4063 1.430926 121
4064 1.579942 121
4065 0.951074 121
4066 1.944488 121
4067 2.912537 121
4068 1.661074 121
4069 1.999653 121
4070 1.099198 121
4071 0.339092 120
4072 1.195645 121
4073 1.190694 121
4074 7.871917 121
4075 0.928488 121
4076 0.267817 120
4077 1.084529 121
4078 1.671636 121
4079 1.142463 121
4080 1.033446 121
4081 1.320884 121
4082 1.105339 121
4083 0.650959 121
4084 1.039562 121
4085 1.213107 121
4086 1.914851 121
4087 2.207537 121
4088 1.306215 121
4089 0.660091 121
4090 0.698140 121
4091 1.689793 121
4092 0.980529 121
4093 12.717736 121
4094 0.922562 121
4095 0.702504 121
4096 0.721182 121
4097 0.779182 121
4098 0.696091 121
4099 0.606521 121
4100 1.547667 117
4101 7.558949 117
4102 8.191974 116
4103 1.031513 117
4104 0.854547 117
4105 0.328879 116
4106 3.296803 117
4107 19.329179 117
4108 1.371342 117
4109 1.223154 117
4110 1.438179 117
4111 1.365120 117
4112 2.420085 117
4113 1.148752 117
4114 1.294256 117
4115 1.137462 117
4116 0.298393 117
4117 1.627231 117
4118 1.336641 117
4119 1.318786 117
4120 1.338615 117
4121 19.828932 117
4122 1.312698 116
4123 1.220569 116
4124 1.007284 116
4125 0.323643 115
4126 1.012905 116
4127 1.118474 116
4128 1.094250 116
4129 0.910784 116
4130 0.856922 116
4131 0.273687 115
4132 1.078931 116
4133 1.295190 116
4134 0.840250 116
4135 0.805793 116
4136 0.818474 116
4137 0.827560 116
4138 0.688733 116
4139 0.868621 116
4140 0.832638 116
4141 0.240612 116
4142 0.363391 115
4143 0.746983 116
4144 0.940353 116
4145 0.935121 116
4146 0.998336 116
4147 0.895000 116
4148 0.731293 116
4149 0.231784 116
4150 2.593202 114
4151 2.071026 114
4152 1.271342 114
4153 7.954096 114
4154 0.975272 114
4155 1.023336 113
4156 5.347798 114
4157 1.460640 114
4158 1.308202 114
4159 0.457460 113
4160 1.580088 114
4161 3.310149 114
4162 0.426325 114
4163 1.235868 114
4164 1.355518 114
4165 6.486904 114
4166 2.409333 114
4167 2.185158 114
4168 1.173939 114
4169 1.312246 114
4170 1.186763 114
4171 1.470377 114
4172 0.714649 114
4173 0.349904 114
4174 1.414588 114
4175 1.230939 114
4176 1.293035 114
4177 4.946219 114
4178 2.473903 113
4179 1.282579 114
4180 1.521746 114
4181 1.575798 114
4182 0.523412 114
4183 2.454263 114
4184 0.391177 113
4185 1.206096 114
4186 1.033158 114
4187 1.144333 114
4188 0.271395 114
4189 1.742219 114
4190 1.040518 114
4191 0.282743 113
4192 1.018333 114
4193 0.910246 114
4194 0.977088 114
4195 0.310584 113
4196 1.789132 114
4197 0.979421 114
4198 0.876000 114
4199 0.905982 114
4200 1.566900 120
4201 1.560842 120
4202 1.314192 120
4203 1.259425 120
4204 1.919058 120
4205 1.342867 120
4206 0.895800 120
4207 1.300333 120
4208 0.955538 119
4209 2.278992 120
4210 1.455158 120
4211 0.512916 119
4212 1.335550 120
4213 1.771708 120
4214 0.518723 119
4215 1.542692 120
4216 0.575235 119
4217 1.999383 120
4218 0.844788 118
4219 1.750325 120
4220 1.496875 120
4221 1.247800 120
4222 2.303983 120
4223 1.255467 120
4224 0.828583 120
4225 1.147275 120
4226 1.297525 120
4227 1.772092 120
4228 1.386067 120
4229 1.178217 120
4230 1.240750 120
4231 1.145867 120
4232 1.227492 120
4233 1.387958 120
4234 1.175400 120
4235 1.921025 120
4236 1.422708 120
4237 1.746467 120
4238 0.636689 119
4239 1.043017 120
4240 0.317076 119
4241 0.357706 119
4242 1.172775 120
4243 0.286034 119
4244 0.313681 119
4245 0.393142 120
4246 1.066542 120
4247 2.010458 120
4248 1.346033 120
4249 17.149817 120
4250 16.802943 105
4251 18.750419 105
4252 16.650337 104
4253 15.968924 105
4254 17.158857 105
4255 17.716676 105
4256 15.053667 105
4257 12.578152 105
4258 17.151486 105
4259 16.747250 104
4260 16.570229 105
4261 16.354875 104
4262 15.637600 105
4263 17.288529 104
4264 16.287173 104
4265 15.608467 105
4266 12.157248 105
4267 16.477010 104
4268 13.510019 104
4269 9.945337 104
4270 6.001788 104
4271 3.277510 104
4272 2.135192 104
4273 1.115538 104
4274 19.999743 105
4275 19.999827 104
4276 18.932923 104
4277 19.999760 104
4278 9.568067 105
4279 0.998390 105
4280 0.274029 104
4281 0.695933 105
4282 2.026752 105
4283 0.726702 104
4284 0.718200 105
4285 1.041106 104
4286 0.894279 104
4287 5.832010 105
4288 1.917590 105
4289 1.617448 105
4290 0.795990 105
4291 0.219788 104
4292 0.235067 104
4293 0.263481 104
4294 0.201221 104
4295 0.198163 104
4296 0.365648 105
4297 0.247086 105
4298 1.438848 105
4299 0.453876 105
4300 1.418276 105
4301 0.511886 105
4302 0.487086 105
4303 0.415663 104
4304 0.484817 104
4305 0.518510 104
4306 1.271724 105
4307 1.204171 105
4308 0.442229 105
4309 0.363457 105
4310 0.992048 105
4311 1.340486 105
4312 0.538733 105
4313 0.528543 105
4314 0.533933 105
4315 0.676400 105
4316 0.683819 105
4317 1.528057 105
4318 3.264590 105
4319 1.195743 105
4320 2.820200 105
4321 2.830410 105
4322 2.565886 105
4323 2.740600 105
4324 2.268733 105
4325 1.026486 105
4326 4.064190 105
4327 0.950505 105
4328 1.050276 105
4329 1.899962 105
4330 1.843619 105
4331 1.017229 105
4332 1.395895 105
4333 1.156495 105
4334 1.384619 105
4335 1.408143 105
4336 1.370724 105
4337 1.596943 105
4338 0.939667 105
4339 0.327924 105
4340 0.780886 105
4341 0.845181 105
4342 1.065038 105
4343 0.962505 105
4344 5.194667 105
4345 4.084343 105
4346 5.399876 105
4347 4.530895 105
4348 4.030552 105
4349 4.016790 105
4350 5.184236 106
4351 1.486783 106
4352 1.692840 106
4353 1.384547 106
4354 11.961057 106
4355 13.116349 106
4356 1.372217 106
4357 1.095594 106
4358 15.275613 106
4359 15.535066 106
4360 8.326170 106
4361 5.645808 104
4362 4.922365 104
4363 3.020769 104
4364 3.018837 104
4365 3.259885 104
4366 3.297644 104
4367 3.233404 104
4368 3.194057 105
4369 4.342629 105
4370 3.398721 104
4371 3.083019 104
4372 3.230058 104
4373 3.198279 104
4374 3.159481 104
4375 2.584337 104
4376 3.670798 104
4377 1.808808 104
4378 2.193667 105
4379 0.954198 106
4380 0.245142 106
4381 0.245689 106
4382 0.274743 105
4383 0.231952 105
4384 0.199276 105
4385 0.203695 105
4386 0.224714 105
4387 0.191448 105
4388 8.845321 106
4389 1.008302 106
4390 0.813453 106
4391 0.176019 106
4392 0.391143 105
4393 0.349333 105
4394 0.574585 106
4395 0.178557 106
4396 0.176000 105
4397 0.182390 105
4398 0.177819 105
4399 0.406581 105
4400 1.250034 89
4401 0.439398 88
4402 0.419750 88
4403 0.628742 89
4404 0.501528 89
4405 0.494523 88
4406 1.540955 89
4407 0.766443 88
4408 0.644898 88
4409 0.828250 88
4410 0.667135 89
4411 0.770273 88
4412 1.646371 89
4413 1.387753 89
4414 0.883090 89
4415 0.382614 88
4416 0.582227 88
4417 1.494820 89
4418 1.091295 88
4419 0.789125 88
4420 0.451091 88
4421 1.567112 89
4422 1.057511 88
4423 0.863920 88
4424 0.610534 88
4425 1.587685 89
4426 0.885046 87
4427 0.797333 87
4428 0.433195 87
4429 2.529337 89
4430 0.517398 88
4431 0.537908 87
4432 1.142253 87
4433 1.874865 89
4434 0.403830 88
4435 0.758943 88
4436 0.412000 88
4437 1.264989 89
4438 0.979432 88
4439 0.739273 88
4440 0.465409 88
4441 1.390506 89
4442 1.091921 89
4443 0.398831 89
4444 0.625921 89
4445 1.606831 89
4446 0.845932 88
4447 0.533045 88
4448 0.696830 88
4449 1.271517 89
4450 1.787563 103
4451 0.718786 103
4452 0.392078 103
4453 1.663942 103
4454 1.471816 103
4455 0.386059 102
4456 1.236689 103
4457 0.290422 102
4458 1.257922 103
4459 0.418392 102
4460 1.338068 103
4461 0.268961 102
4462 1.190835 103
4463 0.313804 102
4464 1.204670 103
4465 0.526794 102
4466 1.258757 103
4467 1.046835 103
4468 1.044981 103
4469 0.485510 102
4470 1.414845 103
4471 1.301058 103
4472 0.561422 102
4473 2.051893 103
4474 2.524461 102
4475 1.416806 103
4476 1.234262 103
4477 0.301843 102
4478 1.148961 103
4479 1.034631 103
4480 1.905485 103
4481 1.290981 103
4482 0.836255 102
4483 19.644553 103
4484 1.704039 103
4485 1.195699 103
4486 1.015456 103
4487 0.934184 103
4488 1.786524 103
4489 1.208544 103
4490 1.017845 103
4491 0.926777 103
4492 1.300854 103
4493 0.862252 103
4494 1.047932 103
4495 1.094621 103
4496 1.191728 103
4497 0.931243 103
4498 1.130408 103
4499 2.060524 103
