0 2.614916 119
1 1.134756 119
2 0.781697 119
3 0.863042 119
4 0.640504 119
5 18.894395 119
6 1.680361 119
7 1.790093 118
8 1.544437 119
9 0.834025 119
10 1.682630 119
11 1.478706 119
12 5.460353 119
13 1.775000 119
14 14.903950 119
15 1.449454 119
16 1.739445 119
17 1.566479 119
18 1.345143 119
19 0.492212 118
20 0.447712 118
21 1.662252 119
22 0.626415 118
23 1.717176 119
24 0.811576 118
25 1.521815 119
26 1.897118 119
27 1.945067 119
28 1.520588 119
29 1.475689 119
30 0.738653 118
31 1.653655 119
32 1.283773 119
33 1.365588 119
34 0.966807 119
35 1.342966 118
36 1.101992 119
37 1.263437 119
38 0.506356 118
39 0.444686 118
40 0.407559 118
41 1.421294 119
42 1.424168 119
43 1.306555 119
44 0.611521 119
45 1.414739 119
46 0.451546 119
47 0.694731 119
48 0.220085 118
49 1.091034 119
50 1.275907 118
51 1.842466 118
52 1.360308 117
53 1.487322 118
54 2.307517 118
55 2.647398 118
56 1.211410 117
57 1.682169 118
58 2.262008 118
59 12.366788 118
60 10.713898 118
61 2.034780 118
62 1.756203 118
63 1.489034 118
64 1.785017 118
65 1.479449 118
66 1.299847 118
67 1.393381 118
68 2.132712 118
69 1.116847 118
70 0.563991 117
71 0.379103 117
72 0.277128 117
73 1.453525 118
74 0.997008 118
75 0.701282 117
76 0.545137 117
77 0.470231 117
78 0.487513 117
79 0.545026 117
80 0.438390 118
81 0.355188 117
82 0.921407 118
83 0.994203 118
84 0.438325 117
85 1.055983 118
86 0.361282 117
87 0.425026 117
88 0.392231 117
89 18.995280 118
90 0.820847 118
91 19.573644 118
92 1.153483 118
93 0.764398 118
94 0.883534 118
95 0.777229 118
96 2.364686 118
97 0.769619 118
98 0.193940 117
99 0.228356 118
100 0.431547 95
101 0.392632 95
102 0.297505 95
103 0.327568 95
104 0.996737 95
105 0.338568 95
106 0.343916 95
107 0.914484 95
108 0.364989 95
109 1.599168 95
110 1.074474 95
111 1.646705 95
112 2.795105 95
113 1.119316 95
114 0.379842 95
115 0.300789 95
116 0.790158 95
117 1.034232 95
118 0.335958 95
119 0.331063 95
120 1.854663 95
121 1.169253 95
122 4.442958 95
123 1.068768 95
124 0.943484 95
125 0.787105 95
126 1.008042 95
127 0.941484 95
128 0.947432 95
129 1.898421 95
130 1.148368 95
131 0.884347 95
132 0.806789 95
133 1.882579 95
134 0.632937 95
135 0.523484 95
136 1.372579 95
137 1.384368 95
138 0.412400 95
139 0.437895 95
140 1.186126 95
141 1.347495 95
142 0.583758 95
143 1.122989 95
144 1.160126 95
145 1.848326 95
146 2.737547 95
147 1.581495 95
148 1.498937 95
149 1.997295 95
150 0.876917 108
151 0.388630 108
152 1.561102 108
153 1.933981 108
154 1.529787 108
155 0.928611 108
156 3.204481 108
157 1.256731 108
158 1.744981 108
159 1.543954 108
160 14.154954 108
161 1.368231 108
162 2.720593 108
163 2.347417 108
164 1.358991 108
165 0.366972 107
166 0.394748 107
167 1.011713 108
168 0.373131 107
169 19.814981 108
170 19.812832 107
171 2.504630 108
172 16.909463 108
173 13.649280 107
174 12.239355 107
175 10.756374 107
176 9.658830 106
177 7.794556 108
178 7.842075 107
179 13.674774 106
180 7.228953 106
181 6.030245 106
182 5.226057 106
183 4.533585 106
184 3.260868 106
185 2.848368 106
186 1.726519 106
187 10.460083 108
188 1.315196 107
189 0.393561 107
190 0.258430 107
191 9.775887 106
192 0.564075 106
193 0.367439 107
194 0.203151 106
195 9.985509 106
196 0.584311 106
197 0.208340 106
198 0.212748 107
199 0.257321 106
200 16.554716 102
201 14.670574 101
202 13.917030 101
203 12.902030 101
204 12.866030 100
205 11.958941 101
206 11.454441 102
207 10.691990 100
208 13.997723 101
209 10.032430 100
210 8.889310 100
211 8.511980 100
212 7.695660 100
213 6.951257 101
214 6.098455 101
215 5.252833 102
216 4.905840 100
217 4.343820 100
218 3.956180 100
219 2.808535 101
220 1.894050 101
221 1.060198 101
222 0.267255 102
223 0.271921 101
224 0.262871 101
225 0.306713 101
226 0.272772 101
227 9.237840 100
228 0.562290 100
229 0.380000 101
230 0.417129 101
231 9.252040 100
232 0.603970 100
233 0.281760 100
234 0.244218 101
235 0.257109 101
236 0.271500 100
237 0.313780 100
238 0.447360 100
239 0.255590 100
240 0.213360 100
241 0.255120 100
242 0.232743 101
243 0.237000 101
244 0.264670 100
245 0.279861 101
246 0.388570 100
247 9.080762 101
248 0.735079 101
249 0.415880 100
250 16.730262 107
251 14.071944 107
252 13.753083 108
253 15.110841 107
254 12.970340 106
255 12.142755 106
256 11.645626 107
257 11.061142 106
258 10.361905 105
259 9.702462 106
260 9.684132 106
261 8.841781 105
262 7.788783 106
263 6.728962 106
264 5.738916 107
265 5.077238 105
266 4.493632 106
267 3.876717 106
268 3.274810 105
269 1.840019 107
270 1.256009 106
271 9.477453 106
272 9.682962 105
273 9.426368 106
274 9.418472 106
275 9.359785 107
276 0.769491 106
277 0.246229 105
278 0.440581 105
279 8.517438 105
280 0.941113 106
281 0.597972 106
282 0.802038 105
283 0.585915 106
284 0.771495 105
285 0.789152 105
286 0.777476 105
287 0.786589 107
288 0.752613 106
289 0.403566 106
290 0.388717 106
291 8.131217 106
292 0.721406 106
293 0.218343 105
294 0.202905 105
295 0.201869 107
296 0.239654 107
297 0.205887 106
298 0.218905 105
299 0.232745 106
300 16.664056 108
301 14.406692 107
302 13.556458 107
303 13.076472 106
304 12.714896 106
305 12.157858 106
306 11.842738 107
307 11.560075 107
308 11.043495 107
309 10.362972 107
310 9.712019 108
311 9.075841 107
312 8.585736 106
313 7.415636 107
314 6.712037 107
315 6.332551 107
316 5.362785 107
317 4.633245 106
318 3.622879 107
319 2.386636 107
320 1.763594 106
321 0.627679 106
322 0.276467 107
323 0.326302 106
324 0.347528 106
325 0.438673 107
326 0.443766 107
327 0.262085 106
328 0.291349 106
329 0.234113 106
330 0.264075 107
331 0.224538 106
332 0.225579 107
333 0.438651 106
334 0.668103 107
335 0.692075 106
336 0.489346 107
337 0.457085 106
338 8.943726 106
339 0.694682 107
340 0.445355 107
341 0.417972 106
342 0.423613 106
343 0.406566 106
344 0.328355 107
345 0.221566 106
346 0.228038 106
347 0.218439 107
348 0.215028 107
349 0.245226 106
350 17.882351 114
351 15.941217 115
352 14.475748 115
353 13.905737 114
354 13.684619 113
355 15.509301 113
356 15.746106 113
357 15.742509 114
358 15.562667 114
359 11.260018 114
360 10.407711 114
361 9.403655 113
362 14.103982 113
363 7.840772 114
364 13.438549 113
365 5.987301 113
366 12.424289 114
367 12.385325 114
368 4.362886 114
369 2.314851 114
370 10.129043 115
371 10.560142 113
372 10.202265 113
373 0.892646 113
374 9.570735 113
375 0.782239 113
376 0.401202 114
377 0.395974 115
378 9.240761 113
379 9.401165 115
380 0.739623 114
381 0.221130 115
382 0.622626 115
383 8.900518 114
384 9.210487 113
385 0.545115 113
386 0.391368 114
387 0.249860 114
388 8.704114 114
389 8.873646 113
390 8.656851 114
391 8.499637 113
392 0.492168 113
393 0.228354 113
394 7.849310 113
395 7.964416 113
396 0.643404 114
397 7.285412 114
398 7.351430 114
399 7.101699 113
400 16.983611 108
401 14.862630 108
402 13.211630 108
403 12.672630 108
404 14.787685 108
405 14.453667 108
406 14.869651 106
407 14.760626 107
408 10.096234 107
409 14.425566 106
410 18.537168 107
411 19.999738 107
412 19.999804 107
413 19.324769 108
414 18.716907 108
415 19.812822 107
416 18.358330 106
417 19.999764 106
418 17.894425 106
419 15.534113 106
420 19.999802 106
421 18.259651 106
422 17.759745 106
423 19.999811 106
424 19.812935 107
425 17.481318 107
426 19.999745 106
427 19.999840 106
428 12.658538 106
429 19.999764 106
430 19.999792 106
431 17.736415 106
432 16.116434 106
433 14.839589 107
434 19.812869 107
435 19.999840 106
436 19.812869 107
437 5.935783 106
438 19.999755 106
439 19.719477 107
440 19.811170 106
441 6.284590 105
442 19.999676 105
443 19.811142 106
444 19.811085 106
445 2.648210 105
446 19.999686 105
447 2.119104 106
448 19.811057 106
449 2.565505 105
450 19.999945 110
451 19.999855 110
452 19.999773 110
453 19.999835 109
454 19.999807 109
455 19.999725 109
456 19.999898 108
457 19.999741 108
458 19.816505 109
459 18.854218 110
460 1.049409 110
461 1.006009 110
462 0.427422 109
463 0.509000 110
464 0.248450 109
465 1.123555 110
466 0.518110 109
467 0.522455 110
468 0.506927 109
469 0.395083 109
470 0.514734 109
471 0.563587 109
472 0.535670 109
473 0.491716 109
474 0.538855 110
475 0.517459 109
476 0.538624 109
477 0.562303 109
478 0.546936 109
479 0.491835 109
480 0.484220 109
481 0.512718 110
482 19.587800 110
483 0.968836 110
484 0.218882 110
485 0.207459 109
486 0.729136 110
487 0.185518 110
488 0.386782 110
489 0.853755 110
490 0.742782 110
491 0.226532 109
492 0.210138 109
493 0.824973 110
494 0.230394 109
495 0.230009 109
496 1.640127 110
497 0.177973 110
498 0.849236 110
499 19.818536 110
500 19.831094 117
501 1.445256 117
502 0.379548 115
503 1.961051 117
504 1.438068 117
505 0.931231 117
506 0.695291 117
507 0.584328 116
508 1.162872 117
509 0.470069 116
510 2.931641 117
511 1.488974 117
512 3.353836 116
513 11.041402 117
514 2.500017 117
515 1.149547 117
516 2.062239 117
517 1.258162 117
518 1.902906 117
519 1.171137 117
520 1.273470 117
521 0.977564 117
522 1.037821 117
523 1.251120 117
524 1.615624 117
525 1.122803 117
526 1.558111 117
527 1.339342 117
528 1.109598 117
529 0.917427 117
530 4.137915 117
531 2.556466 116
532 1.525692 117
533 0.590744 117
534 0.585241 116
535 0.534282 117
536 0.612145 117
537 0.547556 117
538 3.105983 117
539 1.978835 115
540 3.923539 115
541 3.110422 116
542 1.248650 117
543 2.530299 117
544 1.053319 116
545 0.773214 117
546 19.829214 117
547 1.050872 117
548 1.924137 117
549 1.227504 117
550 3.019562 105
551 3.793600 105
552 1.214552 105
553 0.947010 105
554 0.568238 105
555 0.611990 105
556 0.731362 105
557 1.132333 105
558 0.834571 105
559 2.355838 105
560 1.045562 105
561 1.195733 105
562 0.973076 105
563 0.794524 105
564 0.814924 105
565 1.406686 105
566 0.644038 105
567 7.715886 105
568 2.017029 105
569 2.253333 105
570 0.830724 105
571 1.789648 105
572 1.085695 105
573 1.260838 105
574 0.909743 105
575 0.810038 105
576 0.865705 105
577 0.683981 105
578 1.787838 105
579 1.243838 105
580 1.063038 105
581 1.156124 105
582 1.128295 105
583 0.968486 105
584 0.926600 105
585 1.106886 105
586 2.277143 105
587 2.195076 105
588 2.086886 105
589 1.406740 104
590 0.899282 103
591 1.845476 105
592 2.067810 105
593 2.533543 105
594 1.955248 105
595 1.787533 105
596 2.013038 105
597 1.904971 105
598 2.903590 105
599 2.259495 105
600 2.299595 116
601 1.708466 116
602 1.711681 116
603 3.114940 116
604 1.846009 115
605 1.933207 116
606 1.899296 115
607 1.974678 115
608 2.812043 116
609 2.109655 116
610 1.307776 116
611 2.964431 116
612 2.051517 116
613 1.804069 116
614 1.998470 115
615 2.128374 115
616 4.142853 116
617 3.386052 115
618 3.680586 116
619 1.223200 105
620 2.970353 116
621 3.409793 116
622 12.480983 116
623 14.220791 115
624 2.846293 116
625 2.478026 115
626 1.714431 116
627 1.679765 115
628 1.489209 115
629 1.257965 115
630 1.884491 116
631 1.488487 115
632 0.516435 115
633 0.567504 115
634 2.323974 116
635 1.888704 115
636 1.447517 116
637 2.490440 116
638 2.679621 116
639 2.514560 116
640 2.366466 116
641 2.496325 114
642 3.344767 116
643 2.325733 116
644 2.622810 116
645 2.934621 116
646 1.660362 116
647 1.709155 116
648 1.354431 116
649 1.986672 116
650 18.110232 112
651 2.318080 112
652 0.887473 112
653 1.692991 112
654 2.439125 112
655 4.010812 112
656 1.407919 111
657 3.149134 112
658 1.895330 112
659 10.581696 112
660 1.520339 112
661 2.220509 112
662 1.199838 111
663 1.380875 112
664 1.511429 112
665 3.160027 112
666 3.045375 112
667 2.361170 112
668 1.277768 112
669 1.810455 112
670 0.878694 111
671 2.254955 112
672 2.006848 112
673 1.811622 111
674 3.106670 112
675 2.799937 112
676 3.775616 112
677 1.531116 112
678 2.498000 112
679 3.019786 112
680 2.492330 112
681 4.927455 112
682 3.243116 112
683 15.722536 112
684 1.444571 112
685 1.958884 112
686 1.867259 112
687 2.821473 112
688 2.468670 112
689 1.900616 112
690 1.258420 112
691 2.896920 112
692 4.037545 112
693 3.658045 112
694 2.731723 112
695 2.233286 112
696 1.463902 112
697 17.042438 112
698 3.033777 112
699 1.570536 112
700 4.251490 104
701 3.073519 104
702 3.155471 104
703 2.650000 104
704 2.420635 104
705 5.084942 104
706 3.416452 104
707 2.744077 104
708 2.414115 104
709 2.759471 104
710 4.209260 104
711 3.135837 104
712 2.942942 104
713 2.131260 104
714 7.452163 104
715 2.038577 104
716 7.283817 104
717 3.304837 104
718 3.559548 104
719 1.812500 104
720 3.547817 104
721 4.067067 104
722 2.028452 104
723 1.623125 104
724 1.835534 103
725 3.640049 103
726 9.305379 103
727 10.243186 102
728 9.428961 102
729 8.862873 102
730 13.468735 102
731 14.173853 102
732 13.714573 103
733 14.660680 103
734 11.857186 102
735 15.363078 103
736 0.716592 103
737 1.548301 103
738 1.447019 103
739 0.644833 102
740 0.668529 102
741 0.948641 103
742 0.298097 103
743 0.266284 102
744 2.904078 103
745 0.984767 103
746 0.883068 103
747 0.225304 102
748 0.236049 102
749 0.713961 103
750 1.862078 102
751 1.514931 102
752 1.080686 102
753 0.380287 101
754 1.058657 102
755 2.157392 102
756 2.087549 102
757 4.296735 102
758 0.705842 101
759 1.004069 101
760 0.639485 101
761 0.798495 101
762 2.981529 102
763 0.484330 100
764 0.580129 101
765 1.999794 102
766 1.433941 101
767 0.439079 101
768 1.376529 102
769 1.408265 102
770 0.418851 101
771 2.785186 102
772 5.320882 102
773 4.981118 102
774 1.611245 102
775 1.067471 102
776 1.649078 102
777 1.046147 102
778 4.279137 102
779 1.336225 102
780 1.192765 102
781 1.175578 102
782 1.479716 102
783 1.505706 102
784 0.970186 102
785 1.019255 102
786 0.414137 102
787 1.296186 102
788 0.462327 101
789 1.192373 102
790 1.359343 102
791 2.322245 102
792 0.344832 101
793 1.181343 102
794 1.153559 102
795 1.019147 102
796 1.087755 102
797 1.158265 102
798 1.205412 102
799 0.975451 102
800 2.916287 115
801 1.070791 115
802 1.051365 115
803 18.221035 115
804 1.220833 114
805 1.580913 115
806 1.101876 113
807 1.313087 115
808 1.304017 115
809 1.332070 115
810 0.366211 114
811 1.283591 115
812 1.680539 115
813 0.318579 114
814 1.410478 115
815 1.214739 115
816 2.217661 115
817 12.101896 115
818 14.697835 115
819 16.206896 115
820 16.179026 115
821 14.111296 115
822 0.940913 115
823 0.974922 115
824 8.378487 115
825 1.197357 115
826 1.044913 115
827 0.834130 115
828 0.782730 115
829 1.022991 115
830 1.789930 115
831 2.099365 115
832 1.817009 115
833 0.916574 115
834 0.806974 115
835 0.867400 115
836 0.821461 115
837 0.873487 115
838 0.978191 115
839 0.632157 115
840 1.774104 115
841 3.687183 115
842 0.637913 115
843 0.601957 115
844 0.783296 115
845 0.745026 115
846 1.730365 115
847 0.770191 115
848 0.678496 115
849 0.889470 115
850 7.712018 113
851 1.505690 113
852 0.446929 112
853 1.136540 113
854 1.180938 113
855 0.479150 113
856 0.571732 112
857 1.428885 113
858 0.318866 112
859 0.394865 111
860 1.180841 113
861 1.033354 113
862 2.679044 113
863 1.620681 113
864 1.185602 113
865 1.801540 113
866 18.227743 113
867 19.146867 113
868 19.005366 112
869 18.973732 112
870 19.306125 112
871 18.286946 111
872 19.076964 110
873 16.849936 110
874 11.795345 110
875 6.980182 110
876 4.012636 110
877 4.041495 111
878 3.912173 110
879 4.096436 110
880 3.623709 110
881 3.660405 111
882 3.140109 110
883 2.988755 110
884 2.807279 111
885 3.062409 110
886 2.915391 110
887 2.811000 110
888 2.803273 110
889 2.520468 111
890 2.460315 111
891 2.171514 111
892 17.703705 112
893 19.363342 111
894 18.409360 111
895 1.632589 112
896 0.194243 111
897 0.219396 111
898 0.702205 112
899 0.225054 111
900 0.917648 108
901 1.684694 108
902 2.340972 108
903 1.257757 107
904 1.151336 107
905 1.405463 108
906 0.320481 108
907 0.357589 107
908 1.167009 108
909 0.529352 108
910 0.401682 107
911 1.164157 108
912 0.354028 108
913 0.526250 108
914 1.318639 108
915 0.360085 106
916 1.228324 108
917 19.999981 108
918 19.814556 108
919 19.999935 107
920 19.999710 107
921 19.999897 107
922 19.814537 108
923 19.999916 107
924 19.999692 107
925 19.999916 107
926 19.999692 107
927 19.999916 107
928 19.999701 107
929 19.999935 107
930 19.812832 107
931 0.831252 107
932 1.067636 107
933 0.287274 106
934 0.249925 106
935 0.243142 106
936 0.835708 106
937 0.298575 106
938 0.246523 107
939 1.448664 107
940 0.387972 106
941 0.397500 106
942 0.280028 106
943 0.411104 106
944 1.281645 107
945 0.736935 107
946 0.465953 106
947 0.252467 107
948 0.694953 107
949 0.214358 106
950 1.052617 107
951 0.368613 106
952 1.151075 107
953 0.718299 107
954 1.438159 107
955 0.671486 107
956 1.252421 107
957 0.425009 106
958 0.323821 106
959 0.533189 106
960 1.106495 107
961 0.446642 106
962 0.328349 106
963 0.291575 106
964 1.200439 107
965 1.543243 107
966 0.368368 106
967 4.441374 107
968 3.122368 106
969 3.146924 105
970 3.291619 105
971 3.062067 105
972 1.737065 107
973 1.226579 107
974 1.155551 107
975 0.330916 107
976 1.247112 107
977 1.233000 107
978 1.216187 107
979 1.184495 107
980 1.088748 107
981 14.334140 107
982 3.619632 106
983 1.397196 107
984 1.130860 107
985 2.591589 107
986 0.665019 107
987 1.229925 107
988 1.307178 107
989 3.313206 107
990 0.835187 107
991 1.234383 107
992 0.880664 107
993 0.985336 107
994 1.091196 107
995 1.224692 107
996 0.901645 107
997 2.212374 107
998 0.801869 107
999 0.842701 107
1000 0.845000 86
1001 1.157221 86
1002 2.359907 86
1003 1.444826 86
1004 1.124558 86
1005 1.061058 86
1006 1.042872 86
1007 1.499988 86
1008 1.949291 86
1009 0.991500 86
1010 0.841453 86
1011 1.097849 86
1012 0.981802 86
1013 1.509360 86
1014 1.194651 86
1015 1.320012 86
1016 1.149337 86
1017 0.357081 86
1018 0.350535 86
1019 0.370872 86
1020 0.371047 85
1021 0.358329 85
1022 0.428082 85
1023 0.359306 85
1024 0.307200 85
1025 0.346753 85
1026 0.319635 85
1027 0.381718 85
1028 0.328372 86
1029 0.327186 86
1030 0.322802 86
1031 0.388247 85
1032 1.040767 86
1033 0.272482 85
1034 0.277118 85
1035 0.963930 86
1036 0.291628 86
1037 0.924465 86
1038 0.241907 86
1039 0.256930 86
1040 0.954988 86
1041 0.244048 84
1042 0.966116 86
1043 3.622826 86
1044 0.533953 85
1045 0.586518 85
1046 0.855814 86
1047 0.313306 85
1048 0.248435 85
1049 8.340314 86
1050 7.865425 106
1051 7.108075 106
1052 6.834085 106
1053 1.266698 106
1054 0.377876 105
1055 1.202151 106
1056 0.392495 105
1057 0.358443 106
1058 1.377264 106
1059 0.454257 105
1060 0.474724 105
1061 1.652783 106
1062 1.093632 106
1063 0.746810 105
1064 0.840333 105
1065 0.522286 105
1066 1.570676 105
1067 0.425267 105
1068 0.897000 106
1069 0.643410 105
1070 0.439190 105
1071 0.845514 105
1072 0.648990 105
1073 0.769552 105
1074 1.860509 106
1075 0.373867 105
1076 0.478705 105
1077 0.416790 105
1078 0.810676 105
1079 1.208971 105
1080 0.498171 105
1081 0.398676 105
1082 0.503448 105
1083 0.609019 105
1084 0.423981 106
1085 0.449476 105
1086 0.472686 105
1087 2.573340 106
1088 1.961971 104
1089 1.969260 104
1090 2.842217 106
1091 2.427457 105
1092 2.028029 104
1093 1.962298 104
1094 1.299594 106
1095 0.968679 106
1096 1.091745 106
1097 0.374295 105
1098 0.370368 106
1099 0.324752 105
1100 1.162917 121
1101 1.201678 121
1102 7.180587 121
1103 1.411835 121
1104 1.297149 121
1105 1.287702 121
1106 1.296760 121
1107 1.269785 121
1108 0.985917 121
1109 0.312933 120
1110 0.332058 120
1111 0.314983 120
1112 6.253851 121
1113 1.866892 120
1114 1.316000 121
1115 1.101124 121
1116 1.181207 121
1117 1.104628 121
1118 1.426074 121
1119 1.272851 121
1120 0.780529 121
1121 0.689033 120
1122 1.114223 121
1123 0.417655 119
1124 0.308767 120
1125 10.807413 121
1126 1.116405 121
1127 0.306408 120
1128 0.263826 121
1129 0.925116 121
1130 1.192000 121
1131 1.011207 121
1132 0.972074 121
1133 0.426375 120
1134 1.055430 121
1135 0.924496 121
1136 1.202000 120
1137 1.163736 121
1138 0.323496 119
1139 2.117008 121
1140 1.310008 121
1141 1.109692 120
1142 0.867190 121
1143 1.410967 121
1144 0.881058 121
1145 1.122727 121
1146 0.872017 121
1147 0.818133 120
1148 0.899140 121
1149 0.754752 121
1150 1.026054 111
1151 0.603189 111
1152 0.300135 111
1153 1.280973 111
1154 0.612273 110
1155 0.643691 110
1156 1.009937 111
1157 0.279218 110
1158 1.111072 111
1159 0.345009 110
1160 2.956288 111
1161 0.991773 110
1162 1.532928 111
1163 0.469764 110
1164 0.356264 110
1165 1.178180 111
1166 1.425252 111
1167 1.496405 111
1168 1.037252 111
1169 0.376892 111
1170 1.673342 111
1171 0.449400 110
1172 1.259054 111
1173 0.506755 110
1174 1.477288 111
1175 0.627173 110
1176 1.375973 111
1177 0.444845 110
1178 1.306360 111
1179 0.554604 111
1180 1.233874 111
1181 0.504855 110
1182 1.033418 110
1183 1.155382 110
1184 1.046136 110
1185 0.296661 109
1186 1.338109 110
1187 1.258564 110
1188 16.947591 110
1189 16.551138 109
1190 1.766382 110
1191 1.148855 110
1192 1.434627 110
1193 1.067700 110
1194 0.285927 109
1195 1.059745 110
1196 0.372202 109
1197 1.042564 110
1198 1.154982 110
1199 0.276555 110
1200 2.515761 113
1201 0.982319 113
1202 1.088451 113
1203 0.331690 113
1204 0.991912 113
1205 0.346487 113
1206 2.456292 113
1207 0.869646 113
1208 0.945062 113
1209 0.820726 113
1210 12.259416 113
1211 3.248779 113
1212 7.663000 113
1213 1.571637 113
1214 2.448558 113
1215 1.841442 113
1216 1.662850 113
1217 0.927805 113
1218 1.106434 113
1219 0.910788 113
1220 1.287133 113
1221 14.094053 113
1222 1.354690 113
1223 1.382850 113
1224 1.152504 113
1225 0.733832 113
1226 1.013478 113
1227 3.391805 113
1228 0.696965 113
1229 0.882027 113
1230 2.242363 113
1231 0.905496 113
1232 0.768841 113
1233 0.915991 113
1234 0.962947 113
1235 2.231770 113
1236 0.874549 113
1237 0.862867 113
1238 0.993655 113
1239 1.054018 113
1240 0.381451 113
1241 1.277982 113
1242 0.723832 113
1243 16.461018 113
1244 0.703372 113
1245 0.856053 113
1246 0.766912 113
1247 1.354929 113
1248 1.353239 113
1249 1.289460 113
1250 2.963053 114
1251 1.250193 114
1252 0.357416 113
1253 0.383973 113
1254 1.855482 114
1255 1.147070 114
1256 0.596628 113
1257 6.189895 114
1258 0.783412 114
1259 1.551623 114
1260 1.228623 114
1261 1.435605 114
1262 2.021754 114
1263 1.295982 114
1264 1.691184 114
1265 1.620053 114
1266 0.374143 112
1267 1.575947 114
1268 2.336553 114
1269 1.075368 114
1270 0.398018 114
1271 0.335407 113
1272 0.328460 113
1273 0.310228 114
1274 0.432389 113
1275 0.413637 113
1276 0.299752 113
1277 3.004754 114
1278 20.000000 114
1279 1.367763 114
1280 1.708246 114
1281 1.913465 114
1282 2.153149 114
1283 2.027939 114
1284 1.547228 114
1285 1.203167 114
1286 0.211009 113
1287 0.307796 113
1288 0.431018 114
1289 0.235789 114
1290 5.303921 114
1291 1.303789 114
1292 1.574372 113
1293 0.746274 113
1294 0.778770 113
1295 3.548796 113
1296 0.814982 113
1297 0.870018 113
1298 2.092805 113
1299 0.721726 113
1300 1.599527 110
1301 0.676218 110
1302 0.605927 110
1303 12.208209 110
1304 2.523853 109
1305 2.544218 110
1306 4.791691 110
1307 1.545500 110
1308 0.590615 109
1309 0.596028 109
1310 1.052155 110
1311 0.305174 109
1312 0.355486 109
1313 0.307321 109
1314 2.262836 110
1315 1.323727 110
1316 0.339716 109
1317 1.006436 110
1318 1.133927 110
1319 0.520211 109
1320 0.997355 110
1321 0.255691 110
1322 6.162709 110
1323 9.354509 110
1324 1.080000 110
1325 0.890273 110
1326 0.921800 110
1327 2.532900 110
1328 0.863382 110
1329 5.026627 110
1330 1.933455 110
1331 1.394627 110
1332 0.929400 110
1333 0.994545 110
1334 2.529782 110
1335 2.764345 110
1336 1.897321 109
1337 1.810394 109
1338 1.579450 109
1339 1.367761 109
1340 1.335202 109
1341 1.220119 109
1342 1.602555 110
1343 1.750255 110
1344 1.392455 110
1345 1.146618 110
1346 1.388083 109
1347 1.389782 110
1348 0.811670 109
1349 1.023908 109
1350 2.386380 100
1351 1.638949 99
1352 1.742545 99
1353 1.485960 99
1354 1.219899 99
1355 1.914232 99
1356 1.540354 99
1357 1.066626 99
1358 2.029495 99
1359 1.237980 99
1360 1.036879 99
1361 1.356263 99
1362 1.719010 99
1363 1.494020 100
1364 1.140850 100
1365 1.306470 100
1366 0.962380 100
1367 1.167390 100
1368 1.065980 100
1369 1.295950 100
1370 1.352657 99
1371 0.975778 99
1372 0.707495 99
1373 0.896121 99
1374 0.865354 99
1375 1.409770 100
1376 0.777525 99
1377 0.863253 99
1378 0.651596 99
1379 0.647535 99
1380 0.947051 99
1381 0.766909 99
1382 0.693889 99
1383 0.628182 99
1384 0.584535 99
1385 0.863061 99
1386 1.352530 100
1387 1.139000 100
1388 0.428420 100
1389 0.337210 100
1390 0.494540 100
1391 0.581040 100
1392 0.608680 100
1393 1.103070 100
1394 0.515960 100
1395 0.627970 100
1396 0.448040 100
1397 0.432840 100
1398 0.305150 100
1399 0.416610 100
1400 1.446214 98
1401 0.925398 98
1402 2.030694 98
1403 0.484196 97
1404 0.441175 97
1405 0.558010 97
1406 0.514856 97
1407 1.436629 97
1408 0.496907 97
1409 0.494485 97
1410 0.568557 97
1411 0.619175 97
1412 0.485979 97
1413 0.806429 98
1414 0.926701 97
1415 0.416371 97
1416 0.716340 97
1417 1.485286 98
1418 1.143588 97
1419 0.784021 97
1420 0.700031 98
1421 0.550227 97
1422 0.511639 97
1423 0.436546 97
1424 1.398887 97
1425 0.718082 97
1426 0.492062 97
1427 0.833608 97
1428 0.540969 97
1429 0.733093 97
1430 0.503103 97
1431 0.446505 97
1432 0.754071 98
1433 1.524510 98
1434 0.370835 97
1435 19.883592 98
1436 18.521134 97
1437 19.816031 97
1438 19.836907 97
1439 19.979247 97
1440 3.816184 98
1441 0.243206 97
1442 0.885469 98
1443 9.736745 98
1444 0.656724 98
1445 0.558474 97
1446 0.833660 97
1447 0.699165 97
1448 0.561938 97
1449 0.870663 98
1450 1.115435 92
1451 0.470196 92
1452 0.380489 92
1453 0.328598 92
1454 19.592228 92
1455 0.718207 92
1456 0.522989 92
1457 1.402370 92
1458 1.117418 91
1459 1.644087 92
1460 1.206761 92
1461 0.415396 91
1462 1.146109 92
1463 0.344637 91
1464 1.936130 92
1465 1.413967 91
1466 0.460418 91
1467 0.653217 92
1468 1.339207 92
1469 1.435859 92
1470 1.607033 92
1471 1.215207 92
1472 0.349791 91
1473 0.452099 91
1474 0.781043 92
1475 0.467663 92
1476 1.289446 92
1477 0.406440 91
1478 1.312880 92
1479 1.636315 92
1480 2.214685 92
1481 2.959130 92
1482 1.530163 92
1483 2.072685 92
1484 1.106174 92
1485 2.278348 92
1486 1.217391 92
1487 1.285185 92
1488 1.272489 92
1489 1.134152 92
1490 1.990152 92
1491 1.319717 92
1492 1.179022 92
1493 1.251239 92
1494 1.073685 92
1495 3.132717 92
1496 1.296391 92
1497 1.524065 92
1498 1.581543 92
1499 1.059826 92
1500 3.492936 109
1501 1.357743 109
1502 2.435055 109
1503 1.218670 109
1504 1.026349 109
1505 1.062477 109
1506 1.225477 109
1507 1.273706 109
1508 1.253055 109
1509 1.080789 109
1510 1.189165 109
1511 3.398119 109
1512 2.049110 109
1513 2.096248 109
1514 2.007716 109
1515 1.456972 109
1516 0.464426 108
1517 2.305257 109
1518 5.064889 108
1519 6.551648 108
1520 20.000000 108
1521 1.446486 109
1522 0.542278 108
1523 0.741269 108
1524 0.303523 109
1525 0.543018 109
1526 0.834275 109
1527 0.429463 108
1528 0.665138 109
1529 0.641174 109
1530 0.692706 109
1531 0.654890 109
1532 0.909835 109
1533 0.327537 108
1534 0.320769 108
1535 0.296130 108
1536 5.351615 109
1537 0.645972 108
1538 0.537587 109
1539 0.492657 108
1540 1.483972 109
1541 1.269796 108
1542 1.085176 108
1543 1.163917 108
1544 1.206685 108
1545 1.280413 109
1546 1.053752 109
1547 0.846596 109
1548 1.743688 109
1549 0.344211 109
1550 1.296686 121
1551 1.721860 121
1552 1.326413 121
1553 1.348091 121
1554 1.425273 121
1555 1.467901 121
1556 4.038694 121
1557 1.115727 121
1558 1.256612 121
1559 1.257975 121
1560 1.126165 121
1561 1.407826 121
1562 1.168653 121
1563 1.668851 121
1564 1.121570 121
1565 0.375600 120
1566 0.405658 120
1567 0.363233 120
1568 7.384380 121
1569 6.483675 120
1570 8.287642 120
1571 0.981777 121
1572 0.650708 120
1573 1.343207 121
1574 0.817099 121
1575 13.399769 121
1576 1.500917 121
1577 1.316380 121
1578 1.317802 121
1579 1.310347 121
1580 1.230678 121
1581 0.352901 121
1582 0.347851 121
1583 0.320558 120
1584 3.547545 121
1585 2.765300 120
1586 1.914149 121
1587 1.056612 121
1588 3.264810 121
1589 1.815042 120
1590 1.248900 120
1591 1.251808 120
1592 1.159667 120
1593 1.366733 120
1594 1.634033 120
1595 12.666017 120
1596 1.579000 121
1597 1.686067 119
1598 1.054744 121
1599 0.253192 120
1600 0.797693 114
1601 1.312219 114
1602 0.319000 113
1603 0.293805 113
1604 0.309814 113
1605 1.138325 114
1606 0.367000 113
1607 0.407177 113
1608 1.160605 114
1609 0.337389 113
1610 0.357876 113
1611 1.114079 114
1612 0.305912 113
1613 1.013360 114
1614 0.383522 113
1615 1.099561 114
1616 0.467681 113
1617 0.447239 113
1618 0.508522 113
1619 0.491133 113
1620 1.182939 114
1621 0.578319 113
1622 0.344894 113
1623 1.509623 114
1624 1.821474 114
1625 0.520634 112
1626 1.714088 114
1627 0.587389 113
1628 1.679544 114
1629 0.652761 113
1630 1.925719 114
1631 1.057623 114
1632 1.414439 114
1633 0.623496 113
1634 0.823219 114
1635 3.502939 114
1636 20.000000 114
1637 20.000000 113
1638 20.000000 113
1639 0.801509 114
1640 1.101833 114
1641 1.087421 114
1642 0.911930 114
1643 0.285912 113
1644 0.846772 114
1645 0.230389 113
1646 0.850632 114
1647 0.213377 114
1648 1.030439 114
1649 0.800342 114
1650 0.979583 103
1651 1.407893 103
1652 1.078320 103
1653 1.603476 103
1654 19.217903 103
1655 1.641505 103
1656 0.877398 103
1657 1.166786 103
1658 1.232990 103
1659 1.043922 103
1660 0.990204 103
1661 1.011417 103
1662 1.127369 103
1663 1.076563 103
1664 2.509350 103
1665 0.390641 103
1666 0.371794 102
1667 1.369078 103
1668 0.477686 102
1669 0.396735 102
1670 1.271379 103
1671 0.358376 101
1672 17.029126 103
1673 17.152049 102
1674 17.914373 102
1675 18.466706 102
1676 18.625431 102
1677 18.674294 102
1678 18.870598 102
1679 15.325402 102
1680 18.939824 102
1681 1.891505 103
1682 0.645670 103
1683 0.171480 102
1684 0.251330 103
1685 1.287019 103
1686 0.590912 102
1687 1.843689 103
1688 0.997748 103
1689 1.030592 103
1690 3.808136 103
1691 0.961233 103
1692 3.604903 103
1693 1.779456 103
1694 0.664981 103
1695 0.158225 102
1696 0.696631 103
1697 0.162078 103
1698 0.940786 103
1699 0.174951 102
1700 1.174612 98
1701 0.625102 98
1702 0.324286 98
1703 1.272031 98
1704 0.944021 97
1705 1.233786 98
1706 0.293536 97
1707 0.307979 97
1708 0.344000 97
1709 0.320000 97
1710 1.590500 98
1711 0.603763 97
1712 0.639351 97
1713 0.412520 98
1714 1.223296 98
1715 1.355776 98
1716 1.411061 98
1717 0.370124 97
1718 0.382680 97
1719 1.739020 98
1720 1.357296 98
1721 1.650480 98
1722 2.101133 98
1723 1.310561 98
1724 1.543020 98
1725 1.571561 98
1726 9.841122 98
1727 2.264071 98
1728 1.081062 97
1729 1.922684 98
1730 1.529367 98
1731 1.440449 98
1732 1.239673 98
1733 2.217735 98
1734 1.031020 98
1735 1.425378 98
1736 1.266857 98
1737 1.365806 98
1738 1.060031 98
1739 1.593837 98
1740 1.901765 98
1741 1.650071 98
1742 6.506276 98
1743 1.892286 98
1744 0.970724 98
1745 0.899214 98
1746 0.616908 98
1747 2.866796 98
1748 2.973745 98
1749 1.572765 98
1750 1.581262 122
1751 1.054902 122
1752 0.929549 122
1753 1.080623 122
1754 0.532189 122
1755 0.345467 122
1756 1.590844 122
1757 1.154344 122
1758 1.010713 122
1759 2.769738 122
1760 1.975844 122
1761 1.150361 122
1762 1.566090 122
1763 1.577508 122
1764 1.978500 122
1765 1.234082 122
1766 1.239926 122
1767 1.478992 122
1768 1.018631 122
1769 1.222016 122
1770 0.789231 121
1771 1.362057 122
1772 2.077295 122
1773 1.186057 122
1774 1.355123 122
1775 1.159426 122
1776 1.851443 122
1777 0.575516 122
1778 0.625352 122
1779 1.173344 122
1780 1.167107 122
1781 1.220959 122
1782 1.293680 122
1783 0.485303 122
1784 1.212992 122
1785 0.963238 122
1786 6.588107 122
1787 14.369090 122
1788 0.942672 122
1789 0.812377 122
1790 0.904344 122
1791 14.328451 122
1792 0.742246 122
1793 0.224041 122
1794 0.255934 122
1795 1.163533 122
1796 1.232984 122
1797 0.540738 122
1798 1.482090 122
1799 1.033656 122
1800 1.578222 117
1801 0.684496 117
1802 1.498162 117
1803 1.815581 117
1804 0.893431 116
1805 1.437248 117
1806 1.524085 117
1807 1.850009 117
1808 1.569248 117
1809 2.151017 117
1810 1.413333 117
1811 16.727581 117
1812 1.933624 117
1813 1.769658 117
1814 0.467905 116
1815 0.392615 117
1816 1.945376 117
1817 0.772103 117
1818 1.455641 117
1819 1.497906 117
1820 1.288479 117
1821 4.550829 117
1822 2.661231 117
1823 0.377776 116
1824 0.431733 116
1825 1.184094 117
1826 1.233308 117
1827 8.518803 117
1828 8.734761 117
1829 8.644759 116
1830 1.143333 117
1831 2.016436 117
1832 1.181684 117
1833 1.166034 117
1834 1.649094 117
1835 0.974940 117
1836 0.428793 116
1837 1.143060 117
1838 1.440171 117
1839 0.858726 117
1840 1.112966 117
1841 1.329872 117
1842 1.166692 117
1843 0.934436 117
1844 1.047043 117
1845 0.930060 117
1846 0.802556 117
1847 1.203718 117
1848 1.145462 117
1849 1.316179 117
1850 1.582018 110
1851 1.835355 110
1852 2.066473 110
1853 1.459309 110
1854 0.576755 110
1855 0.521982 109
1856 1.838682 110
1857 1.739255 110
1858 1.316491 110
1859 0.780173 110
1860 1.276900 110
1861 1.080873 110
1862 10.985118 110
1863 2.476045 110
1864 0.523615 109
1865 0.459670 109
1866 1.521436 110
1867 0.455229 109
1868 1.744400 110
1869 1.178109 110
1870 1.440355 110
1871 1.266473 110
1872 17.999109 110
1873 17.815118 110
1874 17.635682 110
1875 1.276955 110
1876 1.109609 110
1877 0.819609 110
1878 0.286945 109
1879 0.266661 109
1880 1.012091 110
1881 0.651282 110
1882 0.742514 109
1883 0.289376 109
1884 1.505627 110
1885 0.283618 110
1886 0.382527 110
1887 2.325918 110
1888 2.046627 110
1889 1.025991 109
1890 2.024136 110
1891 0.711318 110
1892 0.909536 110
1893 0.795300 110
1894 1.161527 110
1895 0.488009 109
1896 0.427697 109
1897 1.360700 110
1898 1.123255 110
1899 0.598255 110
1900 10.099865 111
1901 0.894378 111
1902 1.631559 111
1903 3.799360 111
1904 2.169676 111
1905 1.052883 111
1906 0.874991 110
1907 0.782145 110
1908 0.644055 110
1909 0.760473 110
1910 1.014609 110
1911 0.755655 110
1912 1.153658 111
1913 0.387873 110
1914 0.332527 110
1915 0.305771 109
1916 0.315330 109
1917 0.365826 109
1918 0.500182 110
1919 0.379862 109
1920 0.275156 109
1921 0.393450 109
1922 0.347691 110
1923 0.260339 109
1924 0.317477 109
1925 0.291862 109
1926 0.320791 110
1927 0.356890 109
1928 0.288495 109
1929 0.394164 110
1930 0.341445 110
1931 0.355596 109
1932 0.358709 110
1933 0.310282 110
1934 0.277500 110
1935 0.279046 109
1936 0.971586 111
1937 0.307591 110
1938 0.286900 110
1939 0.991910 111
1940 0.531164 110
1941 0.248591 110
1942 11.069486 111
1943 1.921577 111
1944 0.520198 111
1945 0.552500 110
1946 0.397991 110
1947 1.174117 111
1948 0.465264 110
1949 15.767745 110
1950 1.164972 106
1951 15.023802 106
1952 1.053198 106
1953 1.435821 106
1954 1.110896 106
1955 0.476406 106
1956 1.449330 106
1957 2.435566 106
1958 2.745038 106
1959 0.586743 105
1960 0.778802 106
1961 0.738679 106
1962 19.999736 106
1963 19.999623 106
1964 1.153198 106
1965 3.339349 106
1966 1.093500 106
1967 2.027160 106
1968 0.938679 106
1969 0.954425 106
1970 1.551057 106
1971 7.939991 106
1972 1.483755 106
1973 1.398632 106
1974 1.533443 106
1975 0.957774 106
1976 0.917736 106
1977 0.902170 106
1978 0.890104 106
1979 2.724877 106
1980 1.487406 106
1981 0.980462 106
1982 0.313829 105
1983 0.255038 105
1984 0.292590 105
1985 1.597613 106
1986 0.906810 105
1987 1.133848 105
1988 1.035991 106
1989 0.254095 105
1990 1.070547 106
1991 0.243790 105
1992 0.547010 105
1993 0.273790 105
1994 0.945462 106
1995 0.206162 105
1996 0.225848 105
1997 3.073972 106
1998 2.241238 105
1999 1.981324 105
2000 3.667661 118
2001 3.405051 118
2002 3.787288 118
2003 3.794169 118
2004 1.468051 118
2005 1.495593 118
2006 1.073487 117
2007 1.394144 118
2008 0.538684 117
2009 1.555636 118
2010 1.800410 117
2011 1.358110 118
2012 0.454564 117
2013 0.406915 117
2014 1.203127 118
2015 1.138958 118
2016 2.476559 118
2017 2.293729 118
2018 1.091398 118
2019 1.229983 118
2020 1.128205 117
2021 1.456237 118
2022 0.937339 118
2023 1.236568 118
2024 1.633695 118
2025 1.819847 118
2026 1.131042 118
2027 1.150695 118
2028 1.024517 118
2029 13.057093 118
2030 1.260542 118
2031 1.300627 118
2032 1.035288 118
2033 1.077610 118
2034 2.387076 118
2035 1.586085 118
2036 1.276864 118
2037 4.439636 118
2038 0.966093 118
2039 0.973551 118
2040 0.974398 118
2041 0.424726 117
2042 0.416308 117
2043 2.389466 118
2044 1.670402 117
2045 0.849831 118
2046 0.227786 117
2047 0.232043 117
2048 0.177000 117
2049 0.832805 118
2050 1.104550 120
2051 0.421250 120
2052 0.337208 120
2053 1.378983 120
2054 0.359042 118
2055 0.413958 118
2056 1.092408 120
2057 1.202134 119
2058 0.405361 119
2059 0.423193 119
2060 0.350521 119
2061 0.464882 119
2062 1.582900 120
2063 1.682625 120
2064 1.370533 120
2065 0.412244 119
2066 1.630300 120
2067 5.476492 120
2068 1.321442 120
2069 1.634092 120
2070 2.239683 120
2071 2.240467 120
2072 1.337633 120
2073 1.491300 120
2074 1.194967 120
2075 2.714758 120
2076 1.443242 120
2077 0.471294 119
2078 1.974142 120
2079 0.675798 119
2080 1.244588 119
2081 1.248333 120
2082 1.301633 120
2083 1.611233 120
2084 1.565333 120
2085 1.270042 120
2086 1.568308 120
2087 1.265108 120
2088 1.356858 120
2089 1.606567 120
2090 1.285550 120
2091 1.278150 120
2092 3.350492 120
2093 1.113034 118
2094 1.598008 120
2095 1.380143 119
2096 18.927442 120
2097 18.173592 120
2098 17.195300 120
2099 16.309151 119
2100 7.175679 109
2101 7.574477 109
2102 19.856670 109
2103 15.395853 109
2104 7.659916 107
2105 0.825757 107
2106 1.444367 109
2107 2.294505 109
2108 1.385294 109
2109 2.192587 109
2110 1.567927 109
2111 1.445266 109
2112 1.187028 109
2113 1.835046 109
2114 1.004241 108
2115 0.912000 109
2116 0.892630 108
2117 0.337927 109
2118 0.508055 109
2119 0.522278 108
2120 0.548620 108
2121 0.563926 108
2122 0.668093 108
2123 0.507670 109
2124 1.112606 109
2125 0.357324 108
2126 3.445138 109
2127 2.152945 109
2128 0.927119 109
2129 0.741778 108
2130 0.563685 108
2131 0.931505 109
2132 0.688284 109
2133 1.116376 109
2134 0.973220 109
2135 0.294611 108
2136 1.507890 109
2137 0.296185 108
2138 1.852624 109
2139 1.126569 109
2140 0.900853 109
2141 0.798688 109
2142 2.893661 109
2143 0.816083 109
2144 3.820752 109
2145 1.709606 109
2146 0.702284 109
2147 1.613486 109
2148 0.574679 109
2149 0.937275 109
2150 2.252509 106
2151 1.734104 106
2152 1.597642 106
2153 0.695343 105
2154 0.447419 105
2155 2.234189 106
2156 1.914142 106
2157 1.053314 105
2158 2.090915 106
2159 2.161623 106
2160 19.376519 106
2161 7.666943 105
2162 5.603452 104
2163 6.204577 104
2164 5.958452 104
2165 6.136500 104
2166 6.655183 104
2167 5.342724 105
2168 6.037673 104
2169 6.320490 104
2170 4.423192 104
2171 4.554971 104
2172 4.325769 104
2173 4.002774 106
2174 4.865990 104
2175 4.923471 104
2176 4.043314 105
2177 3.825264 106
2178 4.134648 105
2179 3.509486 105
2180 3.601276 105
2181 4.564538 104
2182 2.582375 104
2183 3.443029 105
2184 3.640462 106
2185 3.682750 104
2186 3.905371 105
2187 2.697865 104
2188 2.811257 105
2189 2.644781 105
2190 2.663143 105
2191 2.599676 105
2192 2.510298 104
2193 2.531286 105
2194 2.177635 104
2195 2.395632 106
2196 2.031743 105
2197 1.742817 104
2198 1.873635 104
2199 1.807000 105
2200 4.028922 103
2201 4.004359 103
2202 3.091204 103
2203 3.408343 102
2204 4.516578 102
2205 5.473107 103
2206 4.522058 103
2207 5.797863 102
2208 4.760608 102
2209 6.016539 102
2210 5.466311 103
2211 6.022225 102
2212 5.743049 102
2213 4.767282 103
2214 5.224835 103
2215 6.059136 103
2216 4.699735 102
2217 5.068010 102
2218 5.298641 103
2219 4.512689 103
2220 3.950670 103
2221 4.447699 103
2222 4.812602 103
2223 4.922588 102
2224 3.901854 103
2225 3.941097 103
2226 3.757039 102
2227 4.218087 103
2228 3.196716 102
2229 3.690136 103
2230 3.276437 103
2231 3.196806 103
2232 3.341728 103
2233 3.447379 103
2234 3.119029 103
2235 3.467951 103
2236 3.341408 103
2237 2.351107 103
2238 3.421437 103
2239 2.490010 102
2240 2.521485 103
2241 3.108618 102
2242 2.848255 102
2243 2.839854 103
2244 2.594461 102
2245 2.527738 103
2246 1.672029 102
2247 1.975087 103
2248 2.021382 102
2249 2.061843 102
2250 3.697126 103
2251 3.786379 103
2252 3.445495 103
2253 4.279500 102
2254 4.316223 103
2255 4.338588 102
2256 4.648275 102
2257 5.417942 103
2258 7.123243 103
2259 6.649330 103
2260 5.921476 103
2261 5.956716 102
2262 5.036981 103
2263 4.745471 102
2264 4.756029 102
2265 5.208845 103
2266 4.741553 103
2267 5.223786 103
2268 4.363058 103
2269 4.787476 103
2270 4.234069 102
2271 4.776728 103
2272 4.334725 102
2273 4.840621 103
2274 4.790583 103
2275 4.543718 103
2276 4.197676 102
2277 3.279641 103
2278 3.256291 103
2279 3.717757 103
2280 4.016058 103
2281 3.234311 103
2282 3.907019 103
2283 3.342485 103
2284 3.387206 102
2285 3.055255 102
2286 2.746311 103
2287 2.486592 103
2288 2.983569 102
2289 3.306971 103
2290 2.385990 103
2291 2.269524 103
2292 3.027767 103
2293 2.255243 103
2294 2.045728 103
2295 1.732676 102
2296 1.585155 103
2297 1.442757 103
2298 1.669058 103
2299 1.514117 103
2300 4.591198 101
2301 3.520624 101
2302 3.929891 101
2303 3.854440 100
2304 4.760780 100
2305 5.136660 100
2306 5.757020 101
2307 5.325280 100
2308 5.309130 100
2309 4.944347 101
2310 5.856730 100
2311 5.251380 100
2312 4.929300 100
2313 4.499060 100
2314 5.830188 101
2315 4.745960 101
2316 5.583680 100
2317 4.803350 100
2318 5.219277 101
2319 4.337700 100
2320 4.627980 100
2321 4.839050 101
2322 5.095990 101
2323 3.849257 101
2324 3.615050 101
2325 3.929891 101
2326 4.531554 101
2327 3.862446 101
2328 3.512386 101
2329 3.824178 101
2330 3.169130 100
2331 3.158356 101
2332 3.513920 100
2333 2.992495 101
2334 2.982480 100
2335 2.982257 101
2336 2.716650 100
2337 2.967040 100
2338 2.996545 101
2339 3.421406 101
2340 2.208307 101
2341 2.496970 101
2342 2.506337 101
2343 2.470248 101
2344 2.532812 101
2345 1.678190 100
2346 1.694455 101
2347 2.024881 101
2348 1.872198 101
2349 1.863406 101
2350 3.724747 87
2351 1.016291 86
2352 0.513965 86
2353 0.453709 86
2354 0.309360 86
2355 0.275826 86
2356 1.330080 87
2357 1.291733 86
2358 0.710174 86
2359 1.178407 86
2360 0.566151 86
2361 0.814477 86
2362 1.875523 86
2363 0.771174 86
2364 0.628093 86
2365 0.616540 87
2366 1.231512 86
2367 0.900291 86
2368 2.071802 86
2369 0.831372 86
2370 2.383349 86
2371 0.704453 86
2372 0.413674 86
2373 0.929802 86
2374 0.401930 86
2375 1.474081 86
2376 0.553093 86
2377 0.770453 86
2378 0.741965 86
2379 1.056093 86
2380 0.415628 86
2381 0.854453 86
2382 0.378547 86
2383 0.924575 87
2384 0.273686 86
2385 0.243140 86
2386 1.082609 87
2387 0.215563 87
2388 0.288314 86
2389 2.028299 87
2390 0.300306 85
2391 0.277605 86
2392 1.212299 87
2393 0.400035 86
2394 0.290651 86
2395 0.921759 87
2396 0.241989 87
2397 0.254674 86
2398 1.000138 87
2399 0.234767 86
2400 0.930458 118
2401 0.341831 118
2402 0.341432 118
2403 0.338551 118
2404 0.332441 118
2405 0.282017 118
2406 0.251271 118
2407 0.269602 118
2408 0.357958 118
2409 0.299661 118
2410 1.278093 118
2411 1.215449 118
2412 0.811368 117
2413 0.380744 117
2414 1.221525 118
2415 1.053195 118
2416 0.513940 117
2417 0.460957 117
2418 0.376923 117
2419 0.378641 117
2420 1.161517 118
2421 6.515924 118
2422 7.284667 117
2423 9.438812 117
2424 10.224675 117
2425 11.637547 117
2426 9.989632 117
2427 11.786966 117
2428 13.123453 117
2429 13.937197 117
2430 14.448368 117
2431 1.208703 118
2432 0.842111 117
2433 0.788897 117
2434 0.679373 118
2435 0.614339 118
2436 0.740034 118
2437 0.713127 118
2438 0.341538 117
2439 0.751932 118
2440 0.413737 118
2441 17.636508 118
2442 17.084000 117
2443 16.800880 117
2444 0.765864 118
2445 0.173585 118
2446 0.226692 117
2447 4.238949 118
2448 0.212407 118
2449 0.218729 118
2450 5.132276 116
2451 2.294621 116
2452 2.232845 116
2453 1.595026 116
2454 0.552365 115
2455 3.291474 116
2456 2.059296 115
2457 1.270783 115
2458 1.107310 116
2459 0.439147 116
2460 0.905724 116
2461 1.976138 116
2462 1.196339 115
2463 1.015819 116
2464 1.296155 116
2465 0.307565 115
2466 1.128871 116
2467 1.641509 116
2468 0.953443 115
2469 1.227871 116
2470 1.035026 116
2471 0.908362 116
2472 1.015233 116
2473 1.079939 115
2474 1.035655 116
2475 10.270414 116
2476 0.762879 116
2477 17.352302 116
2478 4.849155 116
2479 0.931793 116
2480 7.264522 115
2481 0.898147 116
2482 0.880259 116
2483 0.424687 115
2484 0.904452 115
2485 0.226843 115
2486 0.995678 115
2487 1.080591 115
2488 0.780287 115
2489 0.272518 114
2490 1.026704 115
2491 0.346132 114
2492 0.712635 115
2493 0.789209 115
2494 0.630070 115
2495 0.828922 115
2496 0.469522 115
2497 2.472661 115
2498 0.874557 115
2499 0.796557 115
2500 1.252682 110
2501 1.108136 110
2502 19.119464 110
2503 1.721682 110
2504 1.214800 110
2505 1.215373 110
2506 1.227400 110
2507 11.065464 110
2508 1.846209 110
2509 20.000000 110
2510 1.192609 110
2511 1.173318 110
2512 0.797900 110
2513 2.276027 110
2514 1.078809 110
2515 0.847927 110
2516 0.213413 109
2517 0.987400 110
2518 0.933909 110
2519 1.001645 110
2520 0.914091 110
2521 1.165764 110
2522 0.959455 110
2523 0.805309 110
2524 2.895455 110
2525 1.284836 110
2526 0.870609 110
2527 0.861391 110
2528 7.772027 110
2529 0.769736 110
2530 0.771673 110
2531 0.820464 110
2532 1.472836 110
2533 4.776282 110
2534 1.190845 110
2535 0.818536 110
2536 0.744236 110
2537 0.598073 110
2538 1.316909 110
2539 0.950782 110
2540 0.785100 110
2541 0.575036 110
2542 0.771091 110
2543 0.916164 110
2544 0.868727 110
2545 0.700418 110
2546 0.530536 110
2547 0.866527 110
2548 0.909645 110
2549 0.595673 110
2550 1.031298 104
2551 1.110606 104
2552 3.649683 104
2553 1.142673 104
2554 20.000000 104
2555 1.393769 104
2556 1.281317 104
2557 1.159827 104
2558 1.953115 104
2559 1.082490 104
2560 1.961250 104
2561 1.201644 104
2562 1.309538 104
2563 10.221221 104
2564 4.501788 104
2565 4.486827 104
2566 6.237529 104
2567 3.969346 104
2568 3.918135 104
2569 3.929212 104
2570 5.148192 104
2571 2.841913 104
2572 3.074673 104
2573 1.824144 104
2574 1.582904 104
2575 2.199067 104
2576 2.280846 104
2577 1.719500 104
2578 1.237808 104
2579 1.615202 104
2580 2.421788 104
2581 3.056577 104
2582 1.653250 104
2583 1.594375 104
2584 1.703298 104
2585 2.181337 104
2586 1.578106 104
2587 1.893125 104
2588 1.526077 104
2589 1.624702 104
2590 1.484510 104
2591 1.714962 104
2592 2.046385 104
2593 1.802125 104
2594 1.465788 104
2595 2.118587 104
2596 1.019462 104
2597 1.485010 104
2598 1.636875 104
2599 1.378067 104
2600 6.239364 107
2601 6.516402 107
2602 4.304318 107
2603 3.654093 107
2604 7.230327 107
2605 4.036075 107
2606 3.984121 107
2607 5.962084 107
2608 4.569290 107
2609 4.669056 107
2610 3.778215 107
2611 3.404617 107
2612 3.183505 107
2613 2.206850 107
2614 1.828299 107
2615 1.914897 107
2616 1.401673 107
2617 1.322991 107
2618 1.750832 107
2619 5.605785 107
2620 2.644523 107
2621 2.447131 107
2622 1.744879 107
2623 2.102196 107
2624 1.991776 107
2625 3.027336 107
2626 2.158626 107
2627 2.547421 107
2628 2.439944 107
2629 1.708411 107
2630 1.438776 107
2631 3.160869 107
2632 1.715430 107
2633 1.566850 107
2634 1.301729 107
2635 0.864056 107
2636 3.357963 107
2637 1.705224 107
2638 1.114196 107
2639 2.444336 107
2640 1.840019 107
2641 2.370542 107
2642 1.590439 107
2643 2.154065 107
2644 1.557318 107
2645 0.742196 107
2646 1.183505 107
2647 1.118308 107
2648 1.057009 107
2649 1.554140 107
2650 7.027409 110
2651 6.998491 110
2652 4.680591 110
2653 7.234709 110
2654 4.087518 110
2655 4.244691 110
2656 3.969609 110
2657 3.873773 110
2658 3.210764 110
2659 3.539964 110
2660 5.531891 110
2661 4.709618 110
2662 3.199364 110
2663 1.301418 110
2664 0.333477 109
2665 1.170709 110
2666 1.261636 110
2667 5.448327 110
2668 3.936376 109
2669 3.332881 109
2670 2.768211 109
2671 2.662798 109
2672 2.925972 109
2673 1.475569 109
2674 1.724303 109
2675 1.580679 109
2676 1.390156 109
2677 1.356009 109
2678 2.279982 109
2679 1.558119 109
2680 1.769853 109
2681 1.269633 109
2682 1.461624 109
2683 2.210927 109
2684 1.949202 109
2685 2.116156 109
2686 1.656936 109
2687 1.280156 109
2688 1.979532 109
2689 1.244495 109
2690 0.934404 109
2691 1.273881 109
2692 1.422257 109
2693 0.880255 110
2694 0.936138 109
2695 1.430761 109
2696 1.036642 109
2697 1.062055 109
2698 1.353936 109
2699 1.195312 109
2700 3.647280 107
2701 1.554664 107
2702 2.220234 107
2703 1.544785 107
2704 1.544748 107
2705 1.820748 107
2706 2.828290 107
2707 2.027626 107
2708 2.391692 107
2709 2.105262 107
2710 1.968262 107
2711 1.623224 107
2712 1.145736 106
2713 0.824632 106
2714 2.002660 106
2715 1.009075 107
2716 5.744236 106
2717 0.920142 106
2718 2.228472 106
2719 1.011500 106
2720 0.929877 106
2721 2.435047 106
2722 0.901159 107
2723 0.931679 106
2724 0.845280 107
2725 0.799670 106
2726 0.645327 107
2727 1.247084 107
2728 0.659491 106
2729 1.102302 106
2730 3.113396 106
2731 0.711802 106
2732 0.628387 106
2733 3.878226 106
2734 1.008774 106
2735 0.517670 106
2736 0.653243 107
2737 0.760113 106
2738 0.692830 106
2739 1.033877 106
2740 0.585481 106
2741 0.649868 106
2742 0.805290 107
2743 1.112962 106
2744 0.925160 106
2745 0.490330 106
2746 0.779151 106
2747 0.756651 106
2748 1.819415 106
2749 0.525858 106
2750 2.201821 95
2751 0.678095 95
2752 0.834095 95
2753 0.850305 95
2754 1.395484 95
2755 0.378213 94
2756 1.359221 95
2757 1.645779 95
2758 1.509663 95
2759 1.759106 94
2760 1.506064 94
2761 1.367064 94
2762 1.153716 95
2763 1.428400 95
2764 1.508064 94
2765 1.368372 94
2766 1.464574 94
2767 1.378277 94
2768 1.635585 94
2769 1.885085 94
2770 1.394347 95
2771 1.434611 95
2772 1.156372 94
2773 1.206117 94
2774 1.598617 94
2775 1.323277 94
2776 1.105745 94
2777 1.354511 94
2778 0.986200 95
2779 1.023266 94
2780 1.264649 94
2781 1.336234 94
2782 0.809936 94
2783 1.026723 94
2784 0.964702 94
2785 1.184853 95
2786 1.041221 95
2787 0.748663 95
2788 0.733368 95
2789 1.381358 95
2790 0.481978 93
2791 0.517806 93
2792 0.423430 93
2793 0.440333 93
2794 0.431075 93
2795 0.554755 94
2796 0.538149 94
2797 0.479426 94
2798 0.531223 94
2799 0.503011 93
2800 1.396789 109
2801 0.685642 109
2802 0.607064 109
2803 0.592972 109
2804 0.672991 109
2805 0.764073 109
2806 0.640303 109
2807 0.636147 109
2808 0.654257 109
2809 0.627982 109
2810 0.621018 109
2811 0.593927 109
2812 0.804706 109
2813 0.636413 109
2814 0.571569 109
2815 1.063119 109
2816 0.400046 108
2817 0.320380 108
2818 0.393306 108
2819 3.995514 109
2820 2.957537 108
2821 2.320639 108
2822 2.137500 108
2823 2.080824 108
2824 2.053287 108
2825 2.389130 108
2826 2.012578 109
2827 2.055898 108
2828 2.439926 108
2829 2.202370 108
2830 2.722259 108
2831 2.005241 108
2832 1.721574 108
2833 1.746685 108
2834 1.868444 108
2835 1.249193 109
2836 1.864444 108
2837 1.054324 108
2838 1.282769 108
2839 1.183128 109
2840 0.269642 109
2841 0.271843 108
2842 1.369339 109
2843 0.479954 108
2844 0.275037 107
2845 0.340430 107
2846 0.950523 109
2847 0.415333 108
2848 0.262991 108
2849 0.252194 108
2850 1.079404 109
2851 0.384165 109
2852 0.321339 109
2853 0.316367 109
2854 1.389771 109
2855 0.522167 108
2856 0.241880 108
2857 1.849294 109
2858 1.032111 108
2859 1.350009 109
2860 1.036880 108
2861 1.906495 109
2862 0.338407 108
2863 1.150009 109
2864 0.288194 108
2865 0.306620 108
2866 1.042752 109
2867 2.753771 109
2868 1.013000 109
2869 1.187275 109
2870 0.298204 108
2871 0.308417 108
2872 0.389565 108
2873 1.412685 108
2874 1.230120 108
2875 0.959450 109
2876 0.853468 109
2877 0.965156 109
2878 1.009222 108
2879 1.176537 108
2880 0.923870 108
2881 1.107352 108
2882 1.108505 109
2883 0.972167 108
2884 1.108472 108
2885 1.344167 108
2886 1.146935 108
2887 1.254472 108
2888 0.770000 108
2889 0.962560 109
2890 0.757651 109
2891 0.946936 109
2892 0.674833 108
2893 1.974257 109
2894 0.317028 108
2895 0.264407 108
2896 1.633312 109
2897 3.099561 107
2898 0.284720 107
2899 0.234000 107
2900 1.097233 86
2901 0.436477 86
2902 0.314291 86
2903 0.320558 86
2904 1.757895 86
2905 0.582941 85
2906 0.753583 84
2907 0.738459 85
2908 1.450174 86
2909 0.408155 84
2910 0.407571 84
2911 1.650442 86
2912 0.616624 85
2913 0.638176 85
2914 0.576733 86
2915 0.527279 86
2916 1.130372 86
2917 0.257329 85
2918 0.307082 85
2919 0.354976 85
2920 1.414477 86
2921 0.360435 85
2922 0.303341 85
2923 1.452244 86
2924 0.338976 85
2925 0.341435 85
2926 0.390224 85
2927 1.313174 86
2928 0.369271 85
2929 0.325635 85
2930 0.310059 85
2931 1.886628 86
2932 0.366709 86
2933 0.380706 85
2934 0.389741 85
2935 1.902326 86
2936 0.592733 86
2937 0.975388 85
2938 0.928430 86
2939 0.537682 85
2940 0.365576 85
2941 0.352624 85
2942 0.318776 85
2943 0.448212 85
2944 1.128767 86
2945 0.419694 85
2946 0.453906 85
2947 0.522279 86
2948 1.394419 86
2949 0.635918 85
2950 1.439000 99
2951 0.501556 99
2952 0.496576 99
2953 1.146485 99
2954 0.301459 98
2955 1.093778 99
2956 0.352776 98
2957 0.966081 99
2958 1.109758 99
2959 0.301394 99
2960 0.430327 98
2961 0.355194 98
2962 1.006788 99
2963 0.354000 98
2964 0.324541 98
2965 1.762020 99
2966 0.265021 95
2967 0.337495 97
2968 0.353740 96
2969 2.571394 99
2970 2.458949 98
2971 1.291343 99
2972 1.789465 99
2973 0.783242 99
2974 0.375021 97
2975 1.128626 99
2976 0.363480 98
2977 0.305082 98
2978 1.205121 99
2979 0.315929 98
2980 0.256633 98
2981 1.335626 99
2982 0.395619 97
2983 0.928354 99
2984 0.361490 98
2985 1.062242 99
2986 0.332082 98
2987 0.278586 99
2988 1.306303 99
2989 0.268367 98
2990 1.126566 99
2991 0.996162 99
2992 0.339612 98
2993 1.068364 99
2994 0.362204 98
2995 1.203232 99
2996 0.314735 98
2997 1.126838 99
2998 0.294327 98
2999 19.729592 98
3000 17.242236 106
3001 19.811368 106
3002 19.811340 106
3003 19.809581 105
3004 19.807702 104
3005 19.619076 105
3006 19.619086 105
3007 19.807702 104
3008 1.455830 106
3009 0.992886 105
3010 0.336868 106
3011 0.744486 105
3012 0.390267 105
3013 1.060171 105
3014 0.547657 105
3015 0.633838 105
3016 0.736543 105
3017 0.843142 106
3018 0.343410 105
3019 0.336429 105
3020 0.383590 105
3021 0.410571 105
3022 0.911594 106
3023 0.427133 105
3024 0.309915 106
3025 0.982340 106
3026 0.252600 105
3027 0.936755 106
3028 0.367962 106
3029 0.453000 105
3030 0.904566 106
3031 0.251896 106
3032 0.820585 106
3033 0.229819 105
3034 0.856179 106
3035 0.231562 105
3036 2.515443 106
3037 1.996226 106
3038 2.004857 105
3039 0.671368 106
3040 0.143124 105
3041 0.912387 106
3042 0.369867 105
3043 1.317613 106
3044 0.158362 105
3045 0.672802 106
3046 0.153509 106
3047 0.153314 105
3048 0.634717 106
3049 0.193952 105
3050 0.782695 95
3051 0.238495 95
3052 0.833916 95
3053 0.236368 95
3054 0.314463 95
3055 0.695568 95
3056 0.236021 95
3057 1.831663 95
3058 0.831379 95
3059 0.890379 95
3060 0.672053 95
3061 0.255779 95
3062 0.841726 95
3063 0.604263 95
3064 0.571274 95
3065 0.734600 95
3066 0.462053 95
3067 0.839863 95
3068 0.305463 95
3069 1.551295 95
3070 1.334737 95
3071 0.709684 95
3072 0.684558 95
3073 0.669884 95
3074 0.665368 95
3075 0.616526 95
3076 0.682263 95
3077 1.076126 95
3078 0.714389 95
3079 0.824168 95
3080 0.541589 95
3081 0.631147 95
3082 0.575526 95
3083 0.661547 95
3084 0.442926 95
3085 0.491832 95
3086 0.985179 95
3087 0.355126 95
3088 0.551495 95
3089 0.440884 95
3090 0.392063 95
3091 0.426358 95
3092 0.300316 95
3093 0.377358 95
3094 0.393579 95
3095 0.359579 95
3096 0.331905 95
3097 1.067337 95
3098 0.369526 95
3099 0.405032 95
3100 2.027879 99
3101 0.653626 99
3102 0.517707 99
3103 0.578768 99
3104 0.572313 99
3105 0.690020 99
3106 0.659586 99
3107 0.663182 99
3108 0.569737 99
3109 0.918465 99
3110 1.236808 99
3111 0.216414 99
3112 0.868960 99
3113 5.788828 99
3114 0.327697 99
3115 0.833273 99
3116 0.436596 99
3117 0.287990 99
3118 0.296384 99
3119 0.803212 99
3120 0.344232 99
3121 0.952909 99
3122 0.268747 99
3123 0.341131 99
3124 0.770414 99
3125 0.996485 99
3126 0.290929 99
3127 0.354747 99
3128 0.314394 99
3129 0.329869 99
3130 0.476960 99
3131 0.307788 99
3132 1.153212 99
3133 1.122657 99
3134 0.679657 99
3135 0.571283 99
3136 0.869838 99
3137 0.721283 99
3138 0.609071 99
3139 0.712364 99
3140 0.244788 99
3141 0.242071 99
3142 0.240000 99
3143 0.246848 99
3144 0.277687 99
3145 0.306131 99
3146 0.205485 99
3147 0.764343 99
3148 0.461333 99
3149 0.618212 99
3150 1.111743 109
3151 1.274385 109
3152 0.503138 109
3153 2.139165 109
3154 0.493275 109
3155 0.309009 109
3156 0.354431 109
3157 1.001128 109
3158 0.317789 109
3159 0.329211 109
3160 0.310798 109
3161 0.365312 109
3162 0.373624 109
3163 6.837239 109
3164 0.338771 109
3165 1.116422 109
3166 0.831991 109
3167 0.589541 109
3168 0.844450 109
3169 0.391312 109
3170 0.567358 109
3171 0.349459 109
3172 0.404899 109
3173 0.364963 109
3174 0.338413 109
3175 0.292028 109
3176 0.283248 109
3177 0.328358 109
3178 0.900349 109
3179 0.854028 109
3180 0.576101 109
3181 0.779284 109
3182 0.620394 109
3183 0.491193 109
3184 0.594514 109
3185 0.812257 109
3186 19.816477 109
3187 19.816248 109
3188 19.816440 109
3189 19.816358 109
3190 19.816514 109
3191 19.814639 108
3192 0.453294 109
3193 0.635606 109
3194 0.461991 109
3195 0.189468 109
3196 0.617743 109
3197 0.221780 109
3198 0.230761 109
3199 0.177615 109
3200 0.886391 110
3201 0.836191 110
3202 0.220127 110
3203 0.197789 109
3204 0.376927 110
3205 0.272100 110
3206 0.933891 110
3207 0.257982 109
3208 0.907173 110
3209 0.275255 110
3210 0.917064 110
3211 4.241716 109
3212 0.980673 110
3213 0.969291 110
3214 0.259127 110
3215 0.846818 110
3216 0.700991 110
3217 0.434376 109
3218 0.291165 109
3219 0.254899 109
3220 0.441275 109
3221 0.237891 110
3222 0.859200 110
3223 0.266028 109
3224 0.262633 109
3225 0.256606 109
3226 1.212755 110
3227 0.345167 108
3228 0.359209 110
3229 0.243697 109
3230 0.317349 109
3231 0.993645 110
3232 0.800445 110
3233 0.291294 109
3234 2.517165 109
3235 0.997327 110
3236 0.697682 110
3237 0.864282 110
3238 0.373394 109
3239 0.296486 109
3240 0.948409 110
3241 0.205394 109
3242 0.240459 109
3243 0.232464 110
3244 1.121127 110
3245 15.494018 110
3246 16.025000 109
3247 14.886725 109
3248 9.994780 109
3249 6.006018 110
3250 1.182835 109
3251 0.399982 109
3252 0.273945 109
3253 0.290422 109
3254 1.116982 109
3255 1.240165 109
3256 1.191688 109
3257 0.813296 108
3258 0.827361 108
3259 0.954556 108
3260 0.622083 108
3261 2.288861 108
3262 0.768500 108
3263 2.295642 109
3264 1.671284 109
3265 1.207725 109
3266 1.337119 109
3267 0.287861 108
3268 0.341692 107
3269 0.470869 107
3270 0.393523 107
3271 0.367364 107
3272 2.408541 109
3273 1.595716 109
3274 0.305083 108
3275 2.074606 109
3276 0.504710 107
3277 0.328561 107
3278 0.954119 109
3279 0.306722 108
3280 0.905413 109
3281 0.976908 109
3282 0.713546 108
3283 0.259519 108
3284 0.220981 108
3285 0.890835 109
3286 0.322982 109
3287 0.348694 108
3288 0.223697 109
3289 0.975688 109
3290 1.504459 109
3291 0.264370 108
3292 0.322239 109
3293 0.286944 108
3294 0.317417 108
3295 2.405229 109
3296 0.958339 109
3297 0.985156 109
3298 1.034358 109
3299 0.377806 108
3300 1.004622 119
3301 1.166613 119
3302 4.171345 119
3303 3.153118 119
3304 2.930983 118
3305 3.162186 118
3306 5.718622 119
3307 9.053763 118
3308 8.945669 118
3309 4.781195 118
3310 3.855212 118
3311 1.103866 119
3312 0.385551 118
3313 0.545754 118
3314 1.217445 119
3315 0.379686 118
3316 1.471429 119
3317 2.332034 118
3318 3.083874 119
3319 1.852807 119
3320 1.792890 118
3321 1.864169 118
3322 1.075454 119
3323 0.765475 118
3324 0.958076 119
3325 0.289364 118
3326 1.133672 119
3327 1.174185 119
3328 0.967756 119
3329 3.354504 119
3330 0.343597 119
3331 1.453185 119
3332 0.950513 119
3333 0.809336 119
3334 0.223246 118
3335 2.425429 119
3336 0.741933 119
3337 0.210504 119
3338 0.603706 119
3339 0.679874 119
3340 0.630210 119
3341 9.487983 119
3342 5.474378 119
3343 0.664101 119
3344 0.717118 119
3345 1.386857 119
3346 0.387271 118
3347 0.348424 118
3348 0.769975 119
3349 3.081597 119
3350 3.337977 86
3351 1.564151 86
3352 1.170302 86
3353 0.871849 86
3354 1.239419 86
3355 0.324235 85
3356 1.222233 86
3357 0.375459 85
3358 0.583558 86
3359 1.245686 86
3360 1.143733 86
3361 0.315847 85
3362 1.353267 86
3363 1.172453 86
3364 0.424209 86
3365 0.499965 85
3366 0.341729 85
3367 1.298442 86
3368 0.439918 85
3369 1.981506 85
3370 1.279907 86
3371 1.198105 86
3372 0.395824 85
3373 0.323706 85
3374 1.196070 86
3375 0.338694 85
3376 1.449860 86
3377 1.072930 86
3378 1.175977 86
3379 0.314506 85
3380 0.283459 85
3381 1.276093 86
3382 0.316282 85
3383 0.487435 85
3384 1.285488 86
3385 0.519360 86
3386 0.297128 86
3387 1.213628 86
3388 0.790151 86
3389 0.986419 86
3390 0.956500 86
3391 1.999744 86
3392 1.408906 85
3393 1.705024 85
3394 1.619058 86
3395 3.012116 86
3396 2.400694 85
3397 2.474035 85
3398 5.784779 86
3399 1.094826 86
3400 1.138247 97
3401 1.140227 97
3402 1.246928 97
3403 0.287959 97
3404 1.384165 97
3405 0.569667 96
3406 0.313896 96
3407 1.363670 97
3408 0.853615 96
3409 1.130021 97
3410 0.334979 96
3411 0.518615 96
3412 0.830691 97
3413 1.067175 97
3414 0.401385 96
3415 0.348427 96
3416 1.319072 97
3417 1.264454 97
3418 0.297835 97
3419 0.301646 96
3420 1.109845 97
3421 0.337969 96
3422 0.450344 96
3423 2.687567 97
3424 1.218856 97
3425 1.502771 96
3426 4.842598 97
3427 3.947292 96
3428 1.326402 97
3429 1.148773 97
3430 1.213134 97
3431 0.433918 97
3432 0.282412 97
3433 1.008443 97
3434 0.309021 96
3435 0.372760 96
3436 1.154021 97
3437 0.317588 97
3438 0.268844 96
3439 1.177443 97
3440 0.276156 96
3441 0.959134 97
3442 0.286510 96
3443 0.323677 96
3444 2.958000 97
3445 0.279938 97
3446 1.425598 97
3447 1.824615 96
3448 2.936464 97
3449 0.271866 97
3450 2.974431 116
3451 1.356267 116
3452 2.128112 116
3453 1.155887 115
3454 1.214843 115
3455 1.061353 116
3456 0.335548 115
3457 0.289931 116
3458 1.928129 116
3459 1.182819 116
3460 0.396377 114
3461 1.126974 116
3462 1.485353 116
3463 0.944345 116
3464 2.004871 116
3465 1.079079 114
3466 1.087750 116
3467 0.736148 115
3468 0.751035 115
3469 1.454922 116
3470 0.414304 115
3471 1.259595 116
3472 7.837853 116
3473 17.938191 115
3474 1.123009 116
3475 0.890560 116
3476 0.250061 115
3477 0.273357 115
3478 2.544509 116
3479 1.861802 116
3480 1.287862 116
3481 1.441500 116
3482 0.597470 115
3483 1.053353 116
3484 0.265261 115
3485 0.425235 115
3486 1.394267 116
3487 0.750629 116
3488 0.471509 116
3489 0.502388 116
3490 0.824698 116
3491 0.432139 115
3492 0.716793 116
3493 0.241904 115
3494 0.205696 115
3495 0.870000 116
3496 0.249748 115
3497 0.193270 115
3498 0.875897 116
3499 0.338443 115
3500 1.134536 97
3501 1.528856 97
3502 0.432729 96
3503 0.363208 96
3504 1.377959 97
3505 0.467711 97
3506 0.549381 97
3507 1.363330 97
3508 0.367885 96
3509 0.373167 96
3510 1.196505 97
3511 0.356258 97
3512 0.344031 97
3513 3.855536 97
3514 3.350448 96
3515 3.128688 96
3516 1.395289 97
3517 1.309856 97
3518 0.282052 96
3519 0.303458 96
3520 7.638918 97
3521 1.144907 97
3522 0.283340 97
3523 0.318155 97
3524 1.255175 97
3525 0.396094 96
3526 0.633521 96
3527 1.366742 97
3528 1.600021 97
3529 0.758814 97
3530 0.599526 97
3531 1.134691 97
3532 0.311619 97
3533 0.285124 97
3534 3.355216 97
3535 1.000546 97
3536 0.238438 96
3537 0.350906 96
3538 0.984443 97
3539 0.934598 97
3540 0.641134 97
3541 1.024670 97
3542 0.955856 97
3543 0.946505 97
3544 0.809928 97
3545 1.386814 97
3546 0.304412 97
3547 0.706732 97
3548 0.871711 97
3549 0.840907 97
3550 1.135178 107
3551 1.354093 107
3552 1.568813 107
3553 1.117477 107
3554 0.380642 106
3555 1.136421 107
3556 1.308804 107
3557 1.795869 107
3558 1.401327 107
3559 1.093393 107
3560 1.553561 107
3561 3.129085 106
3562 1.392299 107
3563 0.431286 105
3564 1.174150 107
3565 1.173701 107
3566 1.675393 107
3567 0.694604 106
3568 1.409598 107
3569 1.434523 107
3570 1.412897 107
3571 0.490792 106
3572 1.048252 107
3573 1.852178 107
3574 1.695093 107
3575 0.311660 106
3576 1.178822 107
3577 1.018075 107
3578 2.159290 107
3579 13.363224 107
3580 0.992178 107
3581 1.021206 107
3582 1.568056 107
3583 1.239383 107
3584 0.995533 107
3585 1.212916 107
3586 1.540402 107
3587 0.975514 107
3588 0.180757 107
3589 1.216645 107
3590 0.489617 107
3591 1.053037 107
3592 0.948336 107
3593 1.184151 106
3594 0.994234 107
3595 0.507589 107
3596 0.850607 107
3597 0.946879 107
3598 0.766318 107
3599 0.195104 106
3600 3.560958 95
3601 1.043821 95
3602 0.969116 95
3603 1.193779 95
3604 13.341263 95
3605 1.234074 95
3606 1.559274 95
3607 1.282874 95
3608 0.538516 95
3609 1.526789 95
3610 0.804368 95
3611 1.240811 95
3612 1.141000 95
3613 1.229011 95
3614 1.108168 95
3615 0.334116 95
3616 0.923358 95
3617 0.303021 95
3618 1.255884 95
3619 0.806926 95
3620 0.324337 95
3621 1.080747 95
3622 0.298568 95
3623 0.916916 95
3624 0.274137 95
3625 0.873842 95
3626 1.250684 95
3627 1.102242 95
3628 1.416747 95
3629 1.272063 95
3630 1.613716 95
3631 0.927716 95
3632 1.049368 95
3633 1.424105 95
3634 1.014084 95
3635 0.444937 95
3636 1.190495 95
3637 0.994032 95
3638 1.864063 95
3639 0.708084 95
3640 0.581021 95
3641 0.509316 95
3642 0.842684 95
3643 0.500074 95
3644 1.385253 95
3645 0.458168 95
3646 0.996305 95
3647 0.906484 95
3648 18.954495 95
3649 0.329537 95
3650 1.018261 115
3651 2.290504 115
3652 1.053513 115
3653 0.961330 115
3654 1.649243 115
3655 1.557104 115
3656 1.325696 115
3657 20.000000 115
3658 1.969661 115
3659 3.035826 115
3660 1.190861 115
3661 2.006496 115
3662 1.981748 115
3663 1.021530 115
3664 19.916896 115
3665 1.145252 115
3666 2.765217 115
3667 1.307696 115
3668 1.607339 115
3669 1.142496 115
3670 2.776313 115
3671 0.955748 115
3672 0.996035 115
3673 0.965070 115
3674 0.858957 115
3675 1.037443 115
3676 1.435122 115
3677 1.668104 115
3678 0.866235 115
3679 1.526209 115
3680 0.854235 115
3681 0.808835 115
3682 0.715130 115
3683 0.659991 115
3684 0.709243 115
3685 0.863470 115
3686 1.162391 115
3687 0.680035 115
3688 0.655496 115
3689 1.707061 115
3690 0.748539 115
3691 2.693687 115
3692 0.762461 115
3693 0.673000 115
3694 0.566478 115
3695 0.539496 115
3696 0.994217 115
3697 0.519122 115
3698 1.304417 115
3699 0.894835 115
3700 1.335257 101
3701 0.943604 101
3702 1.085980 101
3703 0.933208 101
3704 1.230594 101
3705 1.021386 101
3706 1.473950 101
3707 1.386525 101
3708 1.344931 101
3709 0.967901 101
3710 1.213178 101
3711 2.770733 101
3712 1.406782 101
3713 1.400119 101
3714 1.202238 101
3715 1.964495 101
3716 1.372455 101
3717 2.032079 101
3718 1.086109 101
3719 1.089673 101
3720 10.939475 101
3721 1.134663 101
3722 1.498762 101
3723 1.392010 101
3724 1.030010 101
3725 1.005653 101
3726 0.799574 101
3727 0.744782 101
3728 1.243574 101
3729 0.880495 101
3730 0.978505 101
3731 0.923574 101
3732 2.338188 101
3733 0.840030 101
3734 0.771554 101
3735 0.981921 101
3736 1.055287 101
3737 1.058248 101
3738 1.727693 101
3739 0.963733 101
3740 0.669762 101
3741 0.751257 101
3742 0.775752 101
3743 1.010505 101
3744 1.472109 101
3745 0.653931 101
3746 0.784970 101
3747 0.993614 101
3748 0.747267 101
3749 0.650901 101
3750 1.168388 116
3751 1.194078 116
3752 1.905750 116
3753 1.743940 116
3754 1.340578 116
3755 1.154655 116
3756 1.470121 116
3757 1.038879 116
3758 1.252784 116
3759 1.149612 116
3760 1.094966 116
3761 1.020034 116
3762 2.541853 116
3763 1.660543 116
3764 0.975078 116
3765 1.041086 116
3766 3.930629 116
3767 19.526991 116
3768 3.187741 116
3769 1.395086 116
3770 1.481155 116
3771 1.180362 116
3772 1.263862 116
3773 1.028534 116
3774 1.129043 116
3775 1.163733 116
3776 19.058259 116
3777 1.084716 116
3778 4.195319 116
3779 4.754319 116
3780 0.770483 116
3781 2.380612 116
3782 12.420629 116
3783 1.514707 116
3784 0.836129 116
3785 0.665328 116
3786 20.000000 116
3787 0.649060 116
3788 0.811216 116
3789 0.868517 116
3790 0.756017 116
3791 0.719793 116
3792 0.555543 116
3793 0.736284 116
3794 0.774750 116
3795 0.809819 116
3796 0.787466 116
3797 0.518009 116
3798 0.552353 116
3799 0.538664 116
3800 1.198315 108
3801 1.286565 108
3802 8.470889 108
3803 1.402935 108
3804 1.013741 108
3805 1.080491 108
3806 1.153685 108
3807 1.023444 108
3808 1.151380 108
3809 2.083454 108
3810 19.655241 108
3811 1.420398 108
3812 1.449269 108
3813 1.284287 108
3814 1.310815 108
3815 1.320722 108
3816 1.355102 108
3817 1.224426 108
3818 1.322991 108
3819 1.143704 108
3820 1.132778 108
3821 8.062685 108
3822 1.039981 108
3823 0.876009 108
3824 1.387593 108
3825 2.217648 108
3826 3.259880 108
3827 0.968574 108
3828 1.705759 108
3829 2.144481 108
3830 1.371130 108
3831 1.035250 108
3832 1.311472 108
3833 1.140787 108
3834 0.895463 108
3835 10.522806 108
3836 0.970602 108
3837 2.678935 108
3838 2.967694 108
3839 0.930407 108
3840 1.226833 108
3841 0.660426 108
3842 1.108472 108
3843 0.528278 108
3844 1.125167 108
3845 0.660259 108
3846 0.717787 108
3847 0.542000 108
3848 0.691444 108
3849 0.906972 108
3850 1.162982 109
3851 3.568661 109
3852 1.225495 109
3853 1.778037 109
3854 1.202872 109
3855 1.511248 109
3856 1.130661 109
3857 1.221523 109
3858 19.297431 109
3859 1.499514 109
3860 2.356679 109
3861 1.333229 109
3862 1.122927 109
3863 1.567294 109
3864 1.423422 109
3865 3.218138 109
3866 1.703330 109
3867 1.098046 109
3868 1.061046 109
3869 1.569596 109
3870 1.178101 109
3871 1.302009 109
3872 2.145257 109
3873 2.089495 109
3874 1.073670 109
3875 1.176018 109
3876 1.255550 109
3877 1.563560 109
3878 0.931844 109
3879 1.125092 109
3880 0.965257 109
3881 1.257661 109
3882 0.953239 109
3883 1.279000 109
3884 0.955734 109
3885 1.117881 109
3886 1.880073 109
3887 0.742587 109
3888 2.221477 109
3889 1.928220 109
3890 0.814505 109
3891 0.973807 109
3892 0.870183 109
3893 0.812899 109
3894 1.705670 109
3895 1.066624 109
3896 0.468926 108
3897 0.717349 109
3898 0.855083 109
3899 0.619771 109
3900 3.873044 114
3901 1.279088 114
3902 0.874088 114
3903 1.021614 114
3904 1.090904 114
3905 1.058579 114
3906 7.956246 114
3907 1.400579 114
3908 0.855377 114
3909 2.116211 114
3910 0.900237 114
3911 1.626956 114
3912 1.088737 114
3913 0.971351 114
3914 0.827553 114
3915 0.977412 114
3916 0.847386 114
3917 0.856193 114
3918 1.079070 114
3919 1.425912 114
3920 0.942851 114
3921 1.498105 114
3922 1.077640 114
3923 1.404728 114
3924 0.885000 114
3925 1.084026 114
3926 1.929754 114
3927 1.712404 114
3928 0.817000 114
3929 2.030746 114
3930 0.813491 114
3931 0.908044 114
3932 1.261044 114
3933 0.707053 114
3934 0.681772 114
3935 0.548018 114
3936 0.765737 114
3937 0.509026 114
3938 0.805219 114
3939 1.330579 114
3940 8.707079 114
3941 0.774053 114
3942 0.953281 114
3943 0.673930 114
3944 1.078737 114
3945 2.095377 114
3946 0.626772 114
3947 0.390404 114
3948 0.697026 114
3949 1.168842 114
3950 1.462810 121
3951 1.081041 121
3952 1.132802 121
3953 3.004727 121
3954 1.330140 121
3955 5.442298 121
3956 2.258793 121
3957 1.000934 121
3958 1.278603 121
3959 2.222669 121
3960 1.308504 121
3961 1.271124 121
3962 1.226760 121
3963 1.018455 121
3964 1.279727 121
3965 1.998785 121
3966 1.037992 121
3967 1.324521 121
3968 1.345289 121
3969 1.504091 121
3970 1.467050 121
3971 1.156992 121
3972 0.968545 121
3973 0.758554 121
3974 1.018372 121
3975 11.429264 121
3976 1.120876 121
3977 1.827760 121
3978 1.188843 121
3979 0.914488 121
3980 19.999926 121
3981 0.827719 121
3982 0.837967 121
3983 0.824446 121
3984 0.771545 121
3985 2.321248 121
3986 12.226157 121
3987 0.891521 121
3988 5.568876 121
3989 2.014736 121
3990 1.139868 121
3991 1.734405 121
3992 2.045512 121
3993 1.349050 121
3994 1.067207 121
3995 1.103405 121
3996 1.293479 121
3997 1.080496 121
3998 6.307107 121
3999 1.325364 121
4000 4.706551 118
4001 1.386907 118
4002 1.492856 118
4003 1.186127 118
4004 16.664661 118
4005 0.941627 118
4006 1.262542 118
4007 1.554169 118
4008 2.405017 118
4009 0.767525 118
4010 2.062898 118
4011 1.303686 118
4012 0.768517 118
4013 1.710127 118
4014 1.043864 118
4015 3.785873 118
4016 1.888763 118
4017 2.963110 118
4018 1.247169 118
4019 1.284966 118
4020 0.840068 118
4021 1.185712 118
4022 0.733059 118
4023 0.933017 118
4024 0.995449 118
4025 0.866169 118
4026 0.886763 118
4027 2.971653 118
4028 0.776712 118
4029 0.951475 118
4030 0.954847 118
4031 4.716517 118
4032 2.171788 118
4033 1.278839 118
4034 0.991127 118
4035 6.571085 118
4036 0.756780 118
4037 0.830229 118
4038 0.589975 118
4039 0.727517 118
4040 20.000000 118
4041 0.548458 118
4042 0.604907 118
4043 0.445975 118
4044 2.077737 118
4045 1.326534 118
4046 0.685373 118
4047 0.414780 118
4048 0.596076 118
4049 0.396390 118
4050 1.511762 122
4051 0.609836 122
4052 3.916172 122
4053 1.713426 122
4054 1.192541 122
4055 1.237713 122
4056 0.956877 122
4057 2.121410 122
4058 18.392328 122
4059 1.370016 122
4060 4.236811 122
4061 0.916041 122
4062 0.725393 122
4063 0.911180 122
4064 2.334238 122
4065 1.221107 122
4066 1.891008 122
4067 1.641475 122
4068 1.394033 122
4069 1.490238 122
4070 0.856148 122
4071 0.276694 121
4072 0.790541 122
4073 0.980811 122
4074 7.983680 122
4075 0.849254 122
4076 0.239628 121
4077 0.922230 122
4078 5.263410 122
4079 0.955131 122
4080 0.790574 122
4081 1.389967 122
4082 1.070852 122
4083 0.698311 122
4084 0.991410 122
4085 0.915795 122
4086 1.535172 122
4087 1.113549 122
4088 1.168787 122
4089 0.848566 122
4090 0.711943 122
4091 1.376885 122
4092 0.784852 122
4093 16.199967 122
4094 0.856697 122
4095 0.556967 122
4096 0.754648 122
4097 0.929598 122
4098 0.644803 122
4099 0.634582 122
4100 1.245856 118
4101 1.144492 118
4102 0.498470 117
4103 0.947203 118
4104 0.868432 118
4105 0.310658 117
4106 3.156407 118
4107 18.725644 118
4108 1.431373 118
4109 1.556136 118
4110 1.377864 118
4111 1.186847 118
4112 2.391322 118
4113 1.080636 118
4114 1.338110 118
4115 0.883746 118
4116 0.264949 118
4117 1.468008 118
4118 1.283008 118
4119 1.181559 118
4120 0.980059 118
4121 19.830390 118
4122 0.960712 118
4123 1.059822 118
4124 1.025483 118
4125 0.300829 117
4126 1.200737 118
4127 0.949703 118
4128 0.952322 118
4129 0.813720 118
4130 0.865559 118
4131 0.252769 117
4132 1.061373 118
4133 3.816356 118
4134 0.650441 118
4135 0.808169 118
4136 0.700042 118
4137 1.335271 118
4138 0.739542 118
4139 0.791314 118
4140 0.740975 118
4141 0.226898 118
4142 0.210619 118
4143 0.539839 118
4144 1.048347 118
4145 1.008136 118
4146 1.155051 118
4147 0.760983 118
4148 0.524678 118
4149 0.374246 118
4150 2.144670 115
4151 1.518530 115
4152 1.399930 115
4153 1.423548 115
4154 0.761330 115
4155 1.274809 115
4156 4.835704 115
4157 1.006261 115
4158 1.024374 115
4159 0.477140 114
4160 1.098383 115
4161 3.284861 115
4162 0.446763 114
4163 1.181765 115
4164 0.890357 115
4165 6.568965 115
4166 1.721583 115
4167 2.233878 115
4168 1.155287 115
4169 1.180765 115
4170 1.048339 115
4171 1.014339 115
4172 0.473157 115
4173 0.242461 115
4174 1.184470 115
4175 1.014826 115
4176 0.861252 115
4177 6.580087 115
4178 4.520667 114
4179 1.092087 115
4180 1.091600 115
4181 1.271365 115
4182 0.402570 114
4183 1.864904 115
4184 0.354643 115
4185 0.892757 115
4186 0.834278 115
4187 0.765339 115
4188 0.212974 115
4189 1.355357 115
4190 0.749087 115
4191 0.269452 115
4192 1.021983 115
4193 1.020330 115
4194 0.981157 115
4195 0.325193 114
4196 1.767287 115
4197 0.908843 115
4198 0.874357 115
4199 0.714713 115
4200 1.171661 121
4201 1.085248 121
4202 0.941785 121
4203 1.032884 121
4204 1.853587 121
4205 1.080231 121
4206 0.800083 120
4207 1.017455 121
4208 0.665967 121
4209 2.190628 121
4210 1.125000 121
4211 0.315033 120
4212 1.268942 121
4213 1.345124 121
4214 0.401917 120
4215 1.468223 121
4216 0.298807 119
4217 1.787529 121
4218 0.631967 120
4219 1.633802 121
4220 1.681942 121
4221 1.189190 121
4222 2.202207 121
4223 1.057306 121
4224 0.732884 121
4225 1.002198 121
4226 1.373595 121
4227 2.095909 121
4228 0.970074 121
4229 0.977364 121
4230 1.021603 121
4231 0.910512 121
4232 0.888140 121
4233 1.008620 121
4234 0.915463 121
4235 1.359174 121
4236 1.168256 121
4237 1.435041 121
4238 0.489322 121
4239 0.961975 121
4240 0.333934 121
4241 0.397808 120
4242 1.267008 121
4243 0.295542 120
4244 0.283883 120
4245 0.289650 120
4246 1.031777 121
4247 1.599884 121
4248 1.124967 121
4249 17.144909 121
4250 17.108636 107
4251 18.797953 107
4252 17.364009 107
4253 16.095645 107
4254 17.284458 107
4255 17.956327 107
4256 15.169963 107
4257 14.340679 106
4258 17.393710 107
4259 16.438692 107
4260 16.059179 106
4261 15.271651 106
4262 16.553187 107
4263 17.114402 107
4264 15.447887 106
4265 15.586009 107
4266 11.883311 106
4267 16.549383 107
4268 11.947804 107
4269 9.840187 107
4270 6.455566 106
4271 4.724849 106
4272 3.041113 106
4273 1.265383 107
4274 18.314804 107
4275 19.999689 106
4276 18.845245 106
4277 19.999698 106
4278 10.520458 107
4279 0.750019 107
4280 0.230632 106
4281 0.661766 107
4282 1.772841 107
4283 0.628142 106
4284 0.600906 106
4285 0.839085 106
4286 0.628132 106
4287 4.228654 107
4288 1.425140 107
4289 1.178785 107
4290 0.569822 107
4291 0.160374 107
4292 0.151150 107
4293 0.155000 106
4294 0.148123 106
4295 0.162821 106
4296 0.151415 106
4297 0.152736 106
4298 2.421495 107
4299 0.384224 107
4300 1.145057 106
4301 0.354085 106
4302 0.318387 106
4303 0.404557 106
4304 0.354208 106
4305 0.315651 106
4306 1.059717 106
4307 1.344962 106
4308 0.309581 105
4309 0.365152 105
4310 0.958943 106
4311 1.146642 106
4312 0.374600 105
4313 0.350076 105
4314 0.384190 105
4315 0.434371 105
4316 0.430543 105
4317 1.897085 106
4318 3.807142 106
4319 1.313000 106
4320 2.708849 106
4321 2.406743 105
4322 1.794343 105
4323 1.913048 105
4324 1.825476 105
4325 0.953708 106
4326 4.105792 106
4327 0.891876 105
4328 1.379800 105
4329 2.493019 106
4330 1.630358 106
4331 1.568387 106
4332 1.249255 106
4333 0.967179 106
4334 1.338594 106
4335 1.579736 106
4336 1.359245 106
4337 1.584726 106
4338 1.147877 106
4339 0.279585 106
4340 0.862500 106
4341 1.022396 106
4342 1.057623 106
4343 1.159038 106
4344 6.870689 106
4345 5.566453 106
4346 6.307810 105
4347 5.990886 105
4348 5.178667 105
4349 5.385743 105
4350 3.502028 107
4351 0.997168 107
4352 1.053056 107
4353 1.072953 107
4354 13.364150 107
4355 15.528953 107
4356 1.467533 107
4357 1.037794 107
4358 16.618561 107
4359 17.239290 107
4360 10.275645 107
4361 5.877934 106
4362 4.243783 106
4363 3.792623 106
4364 2.987245 106
4365 2.610897 107
4366 2.261443 106
4367 1.866840 106
4368 2.192717 106
4369 3.155849 106
4370 1.835104 106
4371 4.335509 106
4372 1.097150 107
4373 2.366085 106
4374 3.316151 106
4375 2.261283 106
4376 2.616632 106
4377 1.962660 106
4378 1.861868 106
4379 0.775234 107
4380 0.228764 106
4381 0.188377 106
4382 0.280755 106
4383 0.199594 106
4384 0.303330 106
4385 0.171557 106
4386 0.190274 106
4387 0.191585 106
4388 7.850168 107
4389 0.574570 107
4390 0.577570 107
4391 0.182019 106
4392 0.443327 107
4393 0.183538 106
4394 0.731028 107
4395 0.202542 107
4396 0.175538 106
4397 0.203717 106
4398 0.184755 106
4399 0.183745 106
4400 1.397544 90
4401 0.329700 90
4402 0.515356 90
4403 0.355678 90
4404 0.419311 90
4405 0.322033 90
4406 1.104811 90
4407 0.764348 89
4408 0.626663 89
4409 0.749753 89
4410 1.096506 89
4411 0.729456 90
4412 1.136656 90
4413 1.278378 90
4414 0.620856 90
4415 0.264697 89
4416 0.620416 89
4417 1.629578 90
4418 0.885449 89
4419 0.577730 89
4420 0.630978 89
4421 1.196256 90
4422 1.307292 89
4423 0.757337 89
4424 0.475333 90
4425 1.278189 90
4426 0.817011 89
4427 0.926067 89
4428 0.317289 90
4429 1.883600 90
4430 0.461202 89
4431 0.366416 89
4432 0.805506 89
4433 1.953667 90
4434 0.467011 88
4435 0.697830 88
4436 0.491318 88
4437 1.423533 90
4438 0.814034 89
4439 0.524933 89
4440 0.323011 89
4441 1.053978 90
4442 0.624809 89
4443 0.263124 89
4444 0.491180 89
4445 1.729222 90
4446 0.801000 89
4447 0.480663 89
4448 0.554517 89
4449 1.282867 90
4450 1.587298 104
4451 0.731212 104
4452 0.533327 104
4453 1.598692 104
4454 1.273163 104
4455 0.429000 103
4456 1.208442 104
4457 0.285118 102
4458 1.164933 104
4459 0.262476 103
4460 0.918692 104
4461 0.228126 103
4462 0.981903 103
4463 0.278382 102
4464 0.905587 104
4465 0.250365 104
4466 1.206673 104
4467 0.994087 104
4468 1.170837 104
4469 0.407019 103
4470 1.010702 104
4471 1.375125 104
4472 0.286388 103
4473 1.615596 104
4474 2.295433 104
4475 1.209827 104
4476 0.900529 104
4477 0.272117 103
4478 1.021625 104
4479 1.082308 104
4480 1.846933 104
4481 1.082365 104
4482 0.629505 103
4483 19.652913 104
4484 2.808404 104
4485 0.808798 104
4486 0.931827 104
4487 0.801644 104
4488 1.652788 104
4489 0.945058 104
4490 1.112865 104
4491 0.854635 104
4492 1.181606 104
4493 0.807260 104
4494 0.783856 104
4495 1.008058 104
4496 0.918144 104
4497 1.027231 104
4498 1.026231 104
4499 1.241298 104
