0 2.408686 118
1 1.117744 117
2 1.274237 118
3 1.197983 117
4 0.766923 117
5 19.833669 118
6 1.815720 118
7 2.062161 118
8 1.774042 118
9 1.167559 118
10 2.129500 118
11 1.657975 118
12 6.842085 118
13 2.777483 118
14 5.024890 118
15 1.969322 118
16 1.789136 118
17 1.781195 118
18 1.732017 118
19 0.780137 117
20 0.646803 117
21 2.024602 118
22 0.646726 117
23 1.927788 118
24 0.766784 116
25 1.937475 118
26 2.240941 118
27 2.513636 118
28 1.921008 118
29 1.871144 118
30 0.879641 117
31 1.827661 118
32 1.648805 118
33 1.577127 118
34 1.579214 117
35 1.338949 118
36 1.324154 117
37 1.628992 118
38 0.495795 117
39 0.468034 117
40 0.467897 117
41 1.688229 118
42 1.625356 118
43 1.376458 118
44 0.564424 118
45 1.335059 118
46 0.489265 117
47 1.017720 118
48 0.339112 116
49 2.199017 118
50 1.680121 116
51 2.702828 116
52 1.343377 114
53 2.062181 116
54 2.763404 114
55 2.926828 116
56 1.500096 115
57 2.108422 116
58 3.037276 116
59 2.033241 116
60 12.062328 116
61 2.590129 116
62 1.969681 116
63 1.883414 116
64 1.671293 116
65 1.978043 116
66 1.813216 116
67 2.384233 116
68 2.863241 116
69 1.714543 116
70 0.391896 115
71 0.481684 114
72 0.613211 114
73 1.639466 116
74 1.165733 116
75 0.657704 115
76 0.557035 115
77 0.520591 115
78 0.622087 115
79 0.501696 115
80 0.578574 115
81 0.546174 115
82 1.203922 116
83 1.334112 116
84 0.534655 116
85 1.218543 116
86 0.631828 116
87 0.535374 115
88 0.482652 115
89 5.395526 116
90 1.091060 116
91 19.757474 116
92 1.230095 116
93 1.000621 116
94 1.234052 116
95 1.044026 116
96 3.335431 116
97 0.950431 116
98 0.408586 116
99 0.576362 116
100 0.520129 93
101 0.293860 93
102 0.358226 93
103 0.461269 93
104 1.739978 93
105 0.474652 92
106 0.374609 92
107 1.647602 93
108 0.653387 93
109 2.030312 93
110 1.719527 93
111 2.503957 93
112 5.043441 93
113 1.281376 93
114 0.444118 93
115 0.410645 93
116 1.592699 93
117 1.269613 93
118 0.344849 93
119 0.368624 93
120 2.080387 93
121 1.500570 93
122 9.428527 93
123 1.774742 93
124 1.473763 93
125 1.334495 93
126 1.277505 93
127 1.503742 93
128 1.493290 93
129 2.145505 93
130 1.434978 93
131 1.358312 93
132 1.116688 93
133 1.984409 93
134 0.493430 93
135 0.508194 93
136 1.792495 93
137 2.422613 93
138 0.731604 91
139 0.654902 92
140 1.430582 91
141 1.952398 93
142 0.697290 93
143 1.724430 93
144 1.437323 93
145 1.538495 93
146 2.108785 93
147 1.818043 93
148 2.061860 93
149 2.330817 93
150 1.335653 101
151 1.084750 100
152 2.300861 101
153 2.585119 101
154 2.027366 101
155 1.871228 101
156 3.331673 101
157 2.077010 101
158 2.345228 101
159 1.752495 101
160 15.262545 101
161 1.700535 101
162 2.774109 101
163 2.563733 101
164 1.913307 101
165 0.579610 100
166 0.632490 100
167 1.457446 101
168 0.418100 100
169 19.802050 101
170 19.799680 100
171 2.935772 101
172 16.833743 101
173 13.354152 99
174 12.021850 100
175 11.195475 99
176 9.812101 99
177 8.861121 99
178 7.620040 99
179 13.237170 100
180 6.473131 99
181 5.494898 98
182 4.509786 98
183 4.102316 98
184 2.677551 98
185 1.888010 98
186 1.483980 98
187 10.066838 99
188 1.227122 98
189 0.477131 99
190 0.602673 98
191 9.569313 99
192 0.902949 99
193 0.527306 98
194 0.280765 98
195 9.667276 98
196 0.586232 99
197 0.241827 98
198 0.279204 98
199 0.256337 98
200 16.197260 96
201 13.550474 95
202 13.290547 95
203 12.834426 94
204 11.761968 94
205 11.367968 94
206 10.735617 94
207 10.266606 94
208 13.251421 95
209 8.610323 93
210 8.069946 93
211 7.612495 93
212 6.498947 94
213 6.273553 94
214 5.638394 94
215 5.045255 94
216 4.285362 94
217 3.467151 93
218 2.673574 94
219 1.481989 93
220 0.875915 94
221 0.295172 93
222 0.311946 93
223 0.313731 93
224 0.308000 93
225 0.295731 93
226 0.290839 93
227 9.103649 94
228 0.601511 94
229 0.286398 93
230 0.282447 94
231 9.445161 93
232 0.598269 93
233 0.272742 93
234 0.331298 94
235 0.311872 94
236 0.260832 95
237 0.517280 93
238 0.485226 93
239 0.488753 93
240 0.452914 93
241 0.545301 93
242 0.639258 93
243 0.476516 93
244 0.539298 94
245 0.457860 93
246 0.428894 94
247 9.230537 95
248 0.583862 94
249 0.257860 93
250 16.330660 100
251 14.040939 99
252 13.585162 99
253 14.819470 100
254 11.958010 100
255 10.577677 99
256 9.606687 99
257 9.168810 100
258 8.961990 99
259 8.183899 99
260 7.906990 98
261 7.700768 99
262 6.966184 98
263 5.957081 99
264 5.158091 99
265 4.425255 98
266 3.547636 99
267 2.189408 98
268 1.757424 99
269 1.340586 99
270 0.856606 99
271 9.578657 99
272 9.930898 98
273 9.836010 99
274 9.776869 99
275 9.862323 99
276 0.771960 99
277 0.644000 99
278 0.480286 98
279 8.606163 98
280 0.859459 98
281 0.420327 98
282 0.244020 98
283 0.711576 99
284 0.709414 99
285 0.634707 99
286 0.598765 98
287 0.456796 98
288 0.369283 99
289 0.356765 98
290 0.247071 99
291 8.365192 99
292 0.580323 99
293 0.423290 100
294 0.438929 98
295 0.223378 98
296 0.250888 98
297 0.450143 98
298 0.257566 99
299 0.370093 97
300 16.399614 101
301 13.925703 101
302 13.629020 100
303 12.488350 100
304 11.888260 100
305 11.865800 100
306 10.897520 100
307 10.454110 100
308 9.636670 100
309 8.837838 99
310 8.245870 100
311 6.974283 99
312 5.724250 100
313 5.404455 99
314 5.326818 99
315 4.789495 99
316 3.971434 99
317 3.178828 99
318 2.346838 99
319 1.801465 99
320 0.921061 99
321 0.491980 100
322 0.512879 99
323 0.508414 99
324 0.490210 100
325 0.539626 99
326 0.614990 99
327 0.476091 99
328 0.536808 99
329 0.486636 99
330 0.523485 99
331 0.374717 99
332 0.619910 100
333 0.525740 100
334 0.477727 99
335 0.520010 100
336 0.864677 99
337 0.541600 100
338 9.160788 99
339 1.023420 100
340 0.668410 100
341 0.549190 100
342 0.485620 100
343 0.448192 99
344 0.495060 100
345 0.450040 99
346 0.531101 99
347 0.438242 99
348 0.538480 100
349 0.440162 99
350 17.565306 108
351 15.571383 107
352 14.745406 106
353 14.018047 106
354 13.080755 106
355 15.437925 107
356 15.542208 106
357 15.440748 107
358 15.467679 106
359 9.958476 105
360 9.024010 105
361 7.821406 106
362 13.936952 105
363 7.304915 106
364 12.972745 106
365 6.233972 106
366 12.354248 105
367 12.601010 105
368 3.901067 105
369 2.242724 105
370 10.067462 106
371 10.260321 106
372 9.879160 106
373 0.758585 106
374 9.415124 105
375 0.606105 105
376 0.608547 106
377 0.461924 105
378 9.096377 106
379 9.718457 105
380 0.745543 105
381 0.243114 105
382 0.512283 106
383 8.912274 106
384 9.272695 105
385 1.049724 105
386 0.451236 106
387 0.481811 106
388 8.450868 106
389 8.610762 105
390 8.595200 105
391 8.288343 105
392 0.577733 105
393 0.277914 105
394 7.491245 106
395 7.571358 106
396 0.810785 107
397 7.204585 106
398 7.418419 105
399 7.139733 105
400 16.595752 101
401 14.461310 100
402 13.856030 100
403 12.353356 101
404 14.545500 100
405 14.808130 100
406 14.839960 100
407 14.768540 100
408 10.173990 99
409 14.378380 100
410 15.559347 101
411 19.801772 101
412 19.999940 100
413 19.139440 100
414 19.020380 100
415 19.999740 100
416 19.411160 100
417 19.999700 100
418 19.949730 100
419 19.999737 99
420 19.999859 99
421 18.909490 100
422 18.054586 99
423 19.999717 99
424 19.999798 99
425 9.948970 99
426 19.799870 100
427 19.999808 99
428 7.897030 99
429 19.999838 99
430 19.999828 99
431 10.561707 99
432 10.334838 99
433 8.176263 99
434 19.799820 100
435 19.799810 100
436 19.999859 99
437 13.336586 99
438 19.999808 99
439 19.799850 100
440 19.999889 99
441 19.254232 99
442 19.799820 100
443 19.999859 99
444 19.999798 99
445 19.999859 99
446 19.999788 99
447 19.999798 99
448 19.999788 99
449 19.999838 99
450 19.999943 106
451 12.606160 106
452 19.999774 106
453 19.999821 106
454 18.893821 106
455 19.999771 105
456 18.889226 106
457 19.439162 105
458 19.763972 106
459 19.326571 105
460 1.325953 106
461 1.150358 106
462 0.322981 106
463 0.727774 106
464 0.337095 105
465 1.647009 106
466 0.626476 105
467 0.628981 105
468 0.772943 105
469 0.470829 105
470 0.628076 105
471 0.617067 105
472 0.575000 105
473 0.650752 105
474 0.584124 105
475 0.653210 105
476 0.693724 105
477 0.582962 105
478 0.600219 105
479 0.668829 105
480 0.623905 105
481 0.574467 105
482 19.650708 106
483 0.906632 106
484 0.263453 106
485 0.362810 105
486 1.084840 106
487 0.380324 105
488 0.265802 106
489 1.074057 106
490 0.986594 106
491 0.298010 105
492 0.204533 105
493 1.035547 106
494 0.252857 105
495 0.289162 105
496 2.141887 106
497 0.227610 105
498 0.892453 106
499 1.207340 106
500 1.428913 115
501 1.636261 115
502 0.358124 113
503 2.391130 115
504 1.986817 115
505 1.027491 114
506 1.022693 114
507 1.076500 114
508 1.888348 115
509 0.797186 113
510 3.850626 115
511 1.923843 115
512 1.862687 115
513 1.199017 115
514 1.429478 115
515 1.327148 115
516 2.442965 115
517 1.663270 115
518 1.598096 115
519 1.295617 115
520 1.515139 115
521 1.447548 115
522 1.176643 115
523 1.519470 115
524 2.062861 115
525 1.693722 115
526 1.862922 115
527 2.160452 115
528 1.684974 115
529 1.755861 115
530 2.990365 115
531 2.104825 114
532 1.264087 115
533 0.600377 114
534 0.797298 114
535 0.681122 115
536 0.588930 114
537 0.543435 115
538 2.834757 115
539 1.164921 114
540 1.162825 114
541 0.671167 114
542 1.463504 115
543 2.931226 115
544 1.380973 112
545 0.947565 115
546 20.000000 115
547 2.922826 115
548 1.645791 115
549 1.241105 114
550 2.963157 102
551 3.867039 102
552 0.870713 101
553 0.968716 102
554 0.755020 102
555 0.735578 102
556 0.700832 101
557 0.932755 102
558 0.946431 102
559 1.955218 101
560 0.825485 101
561 1.094157 102
562 0.925088 102
563 0.887294 102
564 0.861912 102
565 1.603802 101
566 0.776578 102
567 8.543745 102
568 1.910186 102
569 2.414676 102
570 0.958694 98
571 1.885882 102
572 0.867921 101
573 0.873970 101
574 0.692208 101
575 0.894485 101
576 0.935287 101
577 0.682822 101
578 1.632314 102
579 1.196931 102
580 1.368020 102
581 1.154686 102
582 1.164049 102
583 1.192480 102
584 1.060412 102
585 1.301392 102
586 2.334441 102
587 2.065412 102
588 2.488304 102
589 1.072000 102
590 0.707461 102
591 1.630510 102
592 2.073167 102
593 3.131892 102
594 1.990333 102
595 1.760137 102
596 2.532069 102
597 2.195804 102
598 3.194284 102
599 2.283196 102
600 2.493559 111
601 1.623414 111
602 2.078414 111
603 3.424396 111
604 1.812136 110
605 1.676882 110
606 1.860573 110
607 1.959282 110
608 2.869766 111
609 2.224703 111
610 1.821288 111
611 3.156973 111
612 1.992688 109
613 1.753578 109
614 1.507954 109
615 1.944294 109
616 3.356739 111
617 2.356400 110
618 3.900198 111
619 1.392311 103
620 3.434865 111
621 2.077820 111
622 8.602270 111
623 7.735164 110
624 2.840820 111
625 3.352764 110
626 2.568072 111
627 1.837679 109
628 1.693236 110
629 1.478073 109
630 2.047694 111
631 1.483118 110
632 0.653045 110
633 0.495982 111
634 1.663541 111
635 1.304018 111
636 1.865117 111
637 1.996144 111
638 2.130243 111
639 2.550937 111
640 2.818946 111
641 3.334333 111
642 3.162054 111
643 3.439883 111
644 2.016847 111
645 2.311261 111
646 1.678532 111
647 1.288991 111
648 1.576964 111
649 1.439144 111
650 18.129822 107
651 1.613037 107
652 0.521368 106
653 1.553832 107
654 1.765103 107
655 3.432897 107
656 0.748267 105
657 2.714439 107
658 1.757673 107
659 10.833411 107
660 1.144774 106
661 1.802243 107
662 0.699887 106
663 1.546636 107
664 1.630402 107
665 3.348673 107
666 3.161150 107
667 1.851131 107
668 0.640594 106
669 1.760682 107
670 0.616570 107
671 1.749748 107
672 1.596383 107
673 1.139543 105
674 3.178000 107
675 2.641850 107
676 3.855019 107
677 1.141019 107
678 2.371336 107
679 3.006402 107
680 1.749112 107
681 4.875738 107
682 2.236449 107
683 19.167860 107
684 1.469561 107
685 1.525579 107
686 1.659047 107
687 2.709561 107
688 2.286794 107
689 1.467271 107
690 1.428879 107
691 2.312355 107
692 3.000785 107
693 3.508000 107
694 2.379467 107
695 1.575075 107
696 1.139336 107
697 14.629486 107
698 3.568785 107
699 1.009178 107
700 4.635792 96
701 4.325552 96
702 3.872563 96
703 2.786938 96
704 2.352750 96
705 4.591833 96
706 3.274146 96
707 2.036510 96
708 1.848417 96
709 2.355135 96
710 5.290406 96
711 3.849979 96
712 3.883448 96
713 1.689312 96
714 6.100521 96
715 2.236073 96
716 7.650521 96
717 2.734562 96
718 4.118240 96
719 2.302271 96
720 3.651562 96
721 4.048990 96
722 1.701979 96
723 2.103417 96
724 1.817969 96
725 2.739531 96
726 20.000000 96
727 19.999916 95
728 19.999884 95
729 19.999789 95
730 19.999863 95
731 19.999768 95
732 19.999895 95
733 19.791573 96
734 19.999905 95
735 19.999853 95
736 0.799729 96
737 1.291063 96
738 2.139344 96
739 0.553558 95
740 0.721337 95
741 1.188052 96
742 0.535552 96
743 0.540979 96
744 1.071635 96
745 1.834760 96
746 1.288521 96
747 0.711823 96
748 0.555189 95
749 1.036042 96
750 2.296845 97
751 2.194000 97
752 1.592289 97
753 0.574927 96
754 1.643990 97
755 2.440567 97
756 2.496474 97
757 5.208526 97
758 1.270063 96
759 1.625125 96
760 1.094823 96
761 1.384351 97
762 2.817969 97
763 0.591490 96
764 0.476896 96
765 2.428093 97
766 1.504845 97
767 0.509646 96
768 1.709175 97
769 1.729260 96
770 0.693615 96
771 2.752155 97
772 3.662526 95
773 4.802608 97
774 1.665237 97
775 1.561928 97
776 1.885216 97
777 1.526474 97
778 4.216196 97
779 1.770845 97
780 1.264701 97
781 1.325804 97
782 1.591124 97
783 2.549670 97
784 1.332742 97
785 1.239876 97
786 0.644854 96
787 1.119897 97
788 0.424031 97
789 2.193278 97
790 1.860247 97
791 2.610052 97
792 0.415742 97
793 1.098464 97
794 1.286536 97
795 1.076928 97
796 1.342412 97
797 1.273381 97
798 1.670289 97
799 1.296134 97
800 3.263523 109
801 1.358991 109
802 1.269339 109
803 17.027706 109
804 1.213927 109
805 1.702092 109
806 1.223252 107
807 1.961339 109
808 2.293761 109
809 2.176303 109
810 0.635056 107
811 1.384505 109
812 1.996578 109
813 0.460241 108
814 1.410119 109
815 1.832275 109
816 2.754055 109
817 15.678459 109
818 16.443156 109
819 16.827725 109
820 17.297064 109
821 18.000963 109
822 1.031505 109
823 1.158789 109
824 9.608651 109
825 0.994055 109
826 1.217330 109
827 1.124358 109
828 1.103615 109
829 1.075817 109
830 1.878138 109
831 2.427807 109
832 1.796275 109
833 1.113927 109
834 1.081550 109
835 4.131982 109
836 2.696413 109
837 1.245183 109
838 0.751303 109
839 0.821119 109
840 2.075679 109
841 3.812046 109
842 0.853165 109
843 0.569661 109
844 1.067211 109
845 0.898596 109
846 2.159358 109
847 0.716899 109
848 0.827945 109
849 1.213119 109
850 12.284491 106
851 2.162925 106
852 0.509438 105
853 1.454717 106
854 1.849292 106
855 0.686305 105
856 0.611790 105
857 1.620038 106
858 0.723151 106
859 0.610438 105
860 1.400189 106
861 1.092170 106
862 1.738991 106
863 2.161274 106
864 1.753292 106
865 1.392943 106
866 3.214330 106
867 16.808400 105
868 4.449210 105
869 4.486629 105
870 17.851745 106
871 5.925533 105
872 17.471453 106
873 6.150629 105
874 6.138276 105
875 5.767371 105
876 5.285181 105
877 5.059971 105
878 4.608133 105
879 4.139524 105
880 4.076867 105
881 3.863095 105
882 3.584283 106
883 3.293962 105
884 2.908352 105
885 2.813467 105
886 2.486438 105
887 2.688648 105
888 2.287352 105
889 2.173238 105
890 2.019257 105
891 1.811581 105
892 16.844340 106
893 18.754548 104
894 16.758619 105
895 1.768217 106
896 0.428058 104
897 0.414067 105
898 1.051972 106
899 0.292438 105
900 1.418090 100
901 3.268560 100
902 3.531130 100
903 1.567694 98
904 1.933112 98
905 1.913820 100
906 0.535101 99
907 0.652818 99
908 1.982000 100
909 0.554500 100
910 0.615091 99
911 1.919920 100
912 0.466152 99
913 0.584424 99
914 1.608330 100
915 0.455828 99
916 1.480970 100
917 20.000000 100
918 19.999677 99
919 19.999889 99
920 19.999747 99
921 19.999960 99
922 19.799710 100
923 19.999899 99
924 19.999737 99
925 19.999949 99
926 19.999758 99
927 19.999899 99
928 19.999818 99
929 19.999970 99
930 19.799770 100
931 1.275576 99
932 1.423490 100
933 0.529111 99
934 0.623910 100
935 0.329101 99
936 1.409270 100
937 0.397848 99
938 0.519273 99
939 1.712560 100
940 0.308848 99
941 0.275778 99
942 0.286242 99
943 0.262172 99
944 1.190100 100
945 0.789180 100
946 0.283404 99
947 0.425929 99
948 0.788460 100
949 0.265515 99
950 0.947245 102
951 0.504127 102
952 1.363951 102
953 0.935040 101
954 1.524902 102
955 0.838520 102
956 1.279333 102
957 0.486784 102
958 0.369725 102
959 0.457529 102
960 1.221588 102
961 0.600706 102
962 0.391088 102
963 0.335314 102
964 1.372549 102
965 1.645716 102
966 0.582505 101
967 4.826745 102
968 3.624802 101
969 4.046792 101
970 3.468327 101
971 3.621584 101
972 8.465216 102
973 0.991118 102
974 1.095618 102
975 0.356314 102
976 0.906637 102
977 1.317157 102
978 1.009137 102
979 1.400833 102
980 1.609098 102
981 7.250961 102
982 0.624980 102
983 1.863137 102
984 1.134941 102
985 2.414892 102
986 1.070882 102
987 1.446549 102
988 1.067980 102
989 2.697559 102
990 0.846333 102
991 3.533255 102
992 1.080471 102
993 1.026598 102
994 1.381814 102
995 1.180235 102
996 0.588108 102
997 1.046843 102
998 0.833922 102
999 0.680902 102
1000 1.052963 81
1001 1.639827 81
1002 3.188926 81
1003 1.797395 81
1004 2.513247 81
1005 1.757037 81
1006 1.553790 81
1007 1.452716 81
1008 2.544728 81
1009 1.292556 81
1010 1.566494 81
1011 1.557123 81
1012 1.260617 81
1013 1.684716 81
1014 1.326642 81
1015 1.808222 81
1016 0.915420 81
1017 0.393284 81
1018 0.438815 81
1019 0.408309 81
1020 0.437630 81
1021 0.394049 81
1022 0.350074 81
1023 0.375728 81
1024 0.498926 81
1025 0.474556 81
1026 0.512914 81
1027 0.435333 81
1028 0.427938 81
1029 0.487469 81
1030 0.406012 81
1031 0.425420 81
1032 1.485259 81
1033 0.594593 81
1034 0.570137 80
1035 1.067481 81
1036 0.269725 80
1037 1.481074 81
1038 0.537575 80
1039 0.555962 80
1040 1.142593 81
1041 0.329388 80
1042 1.099568 81
1043 1.893296 81
1044 0.435086 81
1045 0.354425 80
1046 1.265790 81
1047 0.367321 81
1048 0.449050 80
1049 6.805321 81
1050 6.905471 104
1051 7.222183 104
1052 5.798612 103
1053 0.979654 104
1054 0.454481 104
1055 1.380923 104
1056 0.607365 104
1057 0.755288 104
1058 1.171019 104
1059 0.694250 104
1060 0.348317 104
1061 2.025683 104
1062 1.308817 104
1063 0.855625 104
1064 1.204808 104
1065 0.599673 104
1066 1.848971 104
1067 0.449837 104
1068 0.697721 104
1069 0.551163 104
1070 0.780250 104
1071 1.040567 104
1072 0.548731 104
1073 0.805904 104
1074 2.138904 104
1075 0.997184 103
1076 0.843068 103
1077 0.785049 103
1078 1.037660 103
1079 1.632932 103
1080 0.532223 103
1081 0.440136 103
1082 0.853796 103
1083 0.610592 103
1084 0.823204 103
1085 0.302777 103
1086 0.569272 103
1087 1.304330 103
1088 0.785466 103
1089 0.850262 103
1090 1.476942 103
1091 1.102583 103
1092 0.829515 103
1093 1.088981 103
1094 1.278932 103
1095 1.057835 103
1096 0.951233 103
1097 0.347689 103
1098 0.450078 103
1099 0.285495 103
1100 0.957457 116
1101 1.624672 116
1102 7.995353 116
1103 1.535474 116
1104 1.807612 116
1105 1.339983 116
1106 1.349897 116
1107 1.709629 116
1108 1.433828 116
1109 0.508826 115
1110 0.308330 115
1111 0.354296 115
1112 6.531181 116
1113 1.741513 115
1114 1.364595 116
1115 1.470983 116
1116 1.187017 116
1117 1.319802 116
1118 1.466069 116
1119 1.506095 116
1120 0.896353 116
1121 0.969629 116
1122 1.271388 116
1123 0.530293 116
1124 0.387887 115
1125 10.834095 116
1126 1.181871 116
1127 0.357383 115
1128 0.300174 115
1129 1.001293 116
1130 1.289940 116
1131 1.193259 116
1132 19.827526 116
1133 19.824211 114
1134 1.206793 116
1135 1.231414 116
1136 1.302793 116
1137 1.371129 116
1138 0.280183 115
1139 3.200259 116
1140 1.392698 116
1141 1.429374 115
1142 1.099560 116
1143 1.373922 116
1144 0.754383 115
1145 1.296629 116
1146 1.053310 116
1147 0.923870 115
1148 0.847474 116
1149 0.734672 116
1150 1.153491 106
1151 0.537840 106
1152 0.550415 106
1153 1.914858 106
1154 0.720606 104
1155 0.830952 104
1156 19.811321 106
1157 19.618867 105
1158 1.716349 106
1159 0.578971 105
1160 2.171991 106
1161 0.993990 105
1162 1.714660 106
1163 0.886274 106
1164 0.486638 105
1165 1.475943 106
1166 1.294208 106
1167 1.222292 106
1168 1.417047 106
1169 0.494009 106
1170 5.350179 106
1171 0.702279 104
1172 1.594755 106
1173 3.426724 105
1174 1.533698 106
1175 3.303743 105
1176 2.959623 106
1177 0.573952 105
1178 1.557113 106
1179 1.328038 105
1180 1.463415 106
1181 1.530314 105
1182 1.434491 106
1183 1.288915 106
1184 1.408811 106
1185 0.412695 105
1186 1.145708 106
1187 1.205962 106
1188 1.960415 106
1189 1.462838 105
1190 1.717613 106
1191 1.458132 106
1192 2.018849 106
1193 1.324170 106
1194 0.428057 105
1195 1.120698 106
1196 0.565924 105
1197 1.051208 106
1198 1.284821 106
1199 0.441305 105
1200 1.377579 107
1201 0.766944 107
1202 0.924131 107
1203 0.319822 107
1204 0.931084 107
1205 0.392084 107
1206 2.077860 107
1207 0.886794 107
1208 0.561523 107
1209 0.876682 107
1210 12.651449 107
1211 3.054542 107
1212 8.505533 107
1213 1.301112 107
1214 2.914953 107
1215 2.056206 107
1216 1.283065 107
1217 1.345673 107
1218 1.370383 107
1219 2.364402 107
1220 1.481523 107
1221 15.456888 107
1222 1.427953 107
1223 1.011206 107
1224 1.075009 107
1225 9.314925 107
1226 1.064168 107
1227 8.843626 107
1228 0.796196 107
1229 0.805748 107
1230 2.327159 107
1231 1.192364 107
1232 0.637505 107
1233 0.937748 107
1234 1.202579 107
1235 1.990907 107
1236 0.727682 107
1237 0.781019 107
1238 0.788645 107
1239 0.895514 107
1240 0.320879 107
1241 1.336626 107
1242 1.039000 107
1243 16.764785 107
1244 0.914458 107
1245 1.075589 107
1246 0.849262 107
1247 1.236458 107
1248 1.212972 107
1249 1.539794 107
1250 4.054417 108
1251 1.888407 108
1252 0.758636 107
1253 0.550869 107
1254 2.173639 108
1255 1.515944 108
1256 1.165613 106
1257 3.269056 108
1258 1.036315 108
1259 1.919667 108
1260 1.991491 108
1261 1.748556 108
1262 2.084537 108
1263 1.424852 108
1264 1.981343 108
1265 1.969759 108
1266 0.447449 107
1267 1.746750 108
1268 2.490824 108
1269 1.619204 108
1270 0.514028 108
1271 0.358729 107
1272 0.377759 108
1273 0.367533 107
1274 0.495888 107
1275 0.405542 107
1276 0.547692 107
1277 3.887000 108
1278 20.000000 108
1279 0.862130 108
1280 2.017111 108
1281 1.153546 108
1282 1.572843 108
1283 1.363398 108
1284 1.164380 108
1285 1.218620 108
1286 0.225869 107
1287 0.223972 107
1288 0.420870 108
1289 0.187037 108
1290 5.421361 108
1291 1.020528 108
1292 1.166602 108
1293 1.327528 108
1294 1.004796 108
1295 1.406528 108
1296 0.795148 108
1297 0.717194 108
1298 2.028259 108
1299 1.080565 108
1300 1.512991 108
1301 0.854463 108
1302 0.743509 108
1303 2.103444 108
1304 0.662140 107
1305 2.493981 108
1306 3.090935 108
1307 2.445389 108
1308 0.648613 106
1309 0.745764 106
1310 1.491009 108
1311 0.377167 108
1312 0.359065 107
1313 0.472269 108
1314 2.527315 108
1315 2.710935 108
1316 0.967358 106
1317 1.920176 108
1318 2.745167 108
1319 1.129131 107
1320 1.289065 108
1321 0.378467 107
1322 9.978583 108
1323 5.948607 107
1324 2.742481 108
1325 1.689148 108
1326 1.634435 108
1327 17.633324 108
1328 1.643194 108
1329 4.503519 108
1330 1.959102 108
1331 2.078324 108
1332 1.169935 108
1333 1.035389 108
1334 1.193704 108
1335 1.031748 107
1336 0.908645 107
1337 0.814682 107
1338 0.723187 107
1339 0.648196 107
1340 0.566111 108
1341 0.514458 107
1342 0.655131 107
1343 0.624000 108
1344 0.566262 107
1345 0.708083 108
1346 0.499991 107
1347 0.501579 107
1348 0.572636 107
1349 0.593701 107
1350 1.747091 99
1351 1.521475 99
1352 1.514253 99
1353 1.843879 99
1354 1.480949 99
1355 1.314030 99
1356 1.417485 99
1357 1.270030 99
1358 1.211667 99
1359 1.202404 99
1360 1.201061 99
1361 1.217727 99
1362 1.131101 99
1363 1.465919 99
1364 1.307455 99
1365 1.091960 99
1366 1.136960 99
1367 1.298808 99
1368 1.369697 99
1369 0.950172 99
1370 1.265081 99
1371 0.920980 99
1372 1.017293 99
1373 1.041505 99
1374 0.955939 99
1375 1.190737 99
1376 0.994838 99
1377 0.849586 99
1378 0.834040 99
1379 1.142384 99
1380 1.017737 99
1381 1.053970 99
1382 0.737343 99
1383 0.936364 99
1384 0.931030 99
1385 1.133960 99
1386 1.787414 99
1387 1.671122 98
1388 0.800071 99
1389 1.041898 98
1390 1.055541 98
1391 1.195551 98
1392 1.122786 98
1393 1.882051 98
1394 0.974551 98
1395 1.152929 99
1396 0.690694 98
1397 1.070776 98
1398 0.802296 98
1399 0.902265 98
1400 1.672896 96
1401 0.944074 95
1402 2.341292 96
1403 0.770147 95
1404 0.670000 95
1405 0.810853 95
1406 0.515516 95
1407 1.409232 95
1408 0.472232 95
1409 0.670905 95
1410 0.702516 95
1411 0.737368 95
1412 0.621558 95
1413 0.900642 95
1414 1.044926 95
1415 0.724168 95
1416 1.111505 95
1417 2.192208 96
1418 1.447811 95
1419 0.955937 95
1420 0.900768 95
1421 0.705792 96
1422 0.651158 95
1423 0.521552 96
1424 1.840642 95
1425 0.834062 96
1426 0.546168 95
1427 0.745811 95
1428 0.672632 95
1429 0.887137 95
1430 0.574031 96
1431 0.474842 95
1432 0.868094 96
1433 1.226760 96
1434 0.295895 95
1435 20.000000 96
1436 19.791646 96
1437 19.999958 95
1438 19.999747 95
1439 19.999863 95
1440 3.862021 96
1441 0.288463 95
1442 0.874938 96
1443 9.475125 96
1444 0.506495 95
1445 0.578000 96
1446 0.365337 95
1447 0.630021 95
1448 0.550316 95
1449 2.862542 96
1450 1.536400 90
1451 0.956303 89
1452 0.686311 90
1453 0.664674 89
1454 19.478911 90
1455 15.932689 90
1456 4.502544 90
1457 1.963156 90
1458 1.430337 89
1459 2.070100 90
1460 1.654067 90
1461 0.467506 89
1462 1.806833 90
1463 0.673708 89
1464 3.787978 90
1465 2.571135 89
1466 0.535865 89
1467 0.515393 89
1468 14.011933 90
1469 7.794689 90
1470 1.676122 90
1471 1.591233 90
1472 0.586236 89
1473 0.695146 89
1474 2.993989 90
1475 4.349744 90
1476 1.525022 90
1477 0.573112 89
1478 1.587733 90
1479 1.711233 90
1480 1.598844 90
1481 1.662167 90
1482 1.588800 90
1483 1.795744 90
1484 1.765200 90
1485 2.280733 90
1486 1.447656 90
1487 1.601644 90
1488 1.642656 90
1489 1.525156 90
1490 1.735233 90
1491 1.432578 90
1492 1.703511 90
1493 1.569489 90
1494 1.380589 90
1495 3.715933 90
1496 1.322989 90
1497 1.759456 90
1498 1.830578 90
1499 1.563322 90
1500 3.031854 103
1501 1.729718 103
1502 2.969524 103
1503 1.686010 103
1504 1.925660 103
1505 1.620369 103
1506 1.713068 103
1507 1.695223 103
1508 1.579563 103
1509 1.398282 103
1510 1.595175 103
1511 2.538515 103
1512 2.253456 103
1513 2.231049 103
1514 2.151359 103
1515 1.547126 103
1516 0.451676 102
1517 3.143786 103
1518 5.252755 102
1519 5.413196 102
1520 20.000000 102
1521 1.534612 103
1522 0.651892 102
1523 0.783709 103
1524 0.402500 102
1525 0.557816 103
1526 1.129196 102
1527 0.398155 103
1528 0.680806 103
1529 0.770301 103
1530 0.791728 103
1531 0.785806 103
1532 1.414573 103
1533 0.335098 102
1534 0.332853 102
1535 0.370578 102
1536 6.475961 103
1537 0.663667 102
1538 0.646804 102
1539 0.634824 102
1540 1.684990 103
1541 1.244667 102
1542 1.259431 102
1543 1.241353 102
1544 1.174255 102
1545 1.363398 103
1546 1.214505 103
1547 1.316340 103
1548 1.985417 103
1549 0.498471 102
1550 1.390915 118
1551 2.017898 118
1552 2.058890 118
1553 1.981763 118
1554 1.469619 118
1555 1.774441 118
1556 4.958856 118
1557 1.452907 118
1558 1.559695 118
1559 1.624932 118
1560 1.567992 118
1561 2.014042 118
1562 1.148576 118
1563 1.901441 118
1564 3.438949 118
1565 1.144556 117
1566 0.860379 116
1567 0.766655 116
1568 7.209746 118
1569 5.886239 117
1570 8.357744 117
1571 1.336475 118
1572 0.684280 118
1573 1.555847 118
1574 0.900119 118
1575 8.866958 118
1576 1.884025 118
1577 1.355347 118
1578 1.819449 118
1579 1.354619 118
1580 1.383856 118
1581 0.360359 117
1582 0.342111 117
1583 0.374975 118
1584 3.382025 118
1585 2.141241 116
1586 19.892508 118
1587 19.999872 117
1588 19.869821 117
1589 19.769138 116
1590 19.426060 116
1591 19.688250 116
1592 19.783336 116
1593 19.470371 116
1594 19.388078 116
1595 18.875922 116
1596 18.552009 117
1597 18.503513 117
1598 0.887686 118
1599 0.346119 118
1600 0.924216 111
1601 1.379586 111
1602 0.626306 111
1603 0.562136 110
1604 0.507664 110
1605 1.242270 111
1606 0.370982 111
1607 0.375000 111
1608 1.675468 111
1609 0.616279 111
1610 0.714441 111
1611 1.208027 111
1612 0.366216 111
1613 1.338532 111
1614 0.318135 111
1615 1.139351 111
1616 0.636775 111
1617 0.547604 111
1618 0.523901 111
1619 0.584225 111
1620 1.334369 111
1621 0.624982 111
1622 0.566829 111
1623 1.545234 111
1624 1.350892 111
1625 0.409351 111
1626 1.212910 111
1627 0.487324 111
1628 1.413505 111
1629 0.440836 110
1630 2.003000 111
1631 1.150568 111
1632 2.040559 111
1633 1.062209 110
1634 1.332700 110
1635 2.142090 111
1636 1.293180 111
1637 0.746063 111
1638 0.642691 110
1639 1.047441 111
1640 1.132595 111
1641 1.218973 111
1642 0.837901 111
1643 0.341369 111
1644 1.023009 111
1645 0.448117 111
1646 1.070532 111
1647 0.347234 111
1648 1.352342 111
1649 1.382189 111
1650 1.402667 96
1651 1.922417 96
1652 13.871031 96
1653 2.275990 96
1654 19.156094 96
1655 2.049115 96
1656 1.186219 96
1657 2.189854 96
1658 2.025385 96
1659 1.699135 96
1660 1.252010 96
1661 1.066927 96
1662 1.880417 96
1663 0.934750 96
1664 2.937260 96
1665 0.783853 95
1666 0.585326 95
1667 1.911594 96
1668 0.485660 94
1669 0.516340 94
1670 2.146594 96
1671 0.440656 93
1672 15.007740 96
1673 14.925568 95
1674 15.683579 95
1675 15.713263 95
1676 15.744032 95
1677 15.314558 95
1678 15.522168 95
1679 11.805937 96
1680 15.211875 96
1681 2.296896 96
1682 0.987760 96
1683 0.194358 95
1684 0.226547 95
1685 1.564188 96
1686 0.789200 95
1687 3.669365 96
1688 1.483646 96
1689 1.221052 96
1690 4.244385 96
1691 1.108396 96
1692 4.090271 96
1693 2.000948 96
1694 0.945865 96
1695 0.398842 95
1696 1.043969 96
1697 0.406968 95
1698 1.144552 96
1699 0.432552 96
1700 1.655484 95
1701 0.846777 94
1702 0.660968 95
1703 1.391274 95
1704 0.895168 95
1705 1.741568 95
1706 0.723574 94
1707 0.858734 94
1708 0.662511 94
1709 0.591305 95
1710 2.215968 95
1711 0.800160 94
1712 0.920734 94
1713 0.901426 94
1714 1.649137 95
1715 1.904442 95
1716 2.206611 95
1717 0.889000 93
1718 0.649096 94
1719 1.856011 95
1720 1.701863 95
1721 2.159263 95
1722 1.718758 95
1723 1.492695 95
1724 1.954537 95
1725 2.128179 95
1726 10.320011 95
1727 2.924558 95
1728 1.931613 93
1729 2.095863 95
1730 1.799800 95
1731 1.526916 95
1732 1.545926 95
1733 2.231800 95
1734 1.192189 95
1735 1.230705 95
1736 1.343789 95
1737 1.292579 95
1738 1.349021 95
1739 2.035537 95
1740 1.839905 95
1741 1.130053 95
1742 6.768032 95
1743 1.735011 95
1744 0.958537 95
1745 0.999653 95
1746 1.047758 95
1747 2.385105 95
1748 2.345674 95
1749 1.921368 95
1750 1.939437 119
1751 1.400294 119
1752 1.467269 119
1753 1.459286 119
1754 0.593210 119
1755 0.389622 119
1756 2.321454 119
1757 1.409882 119
1758 1.531050 119
1759 3.687496 119
1760 1.465891 119
1761 1.270429 119
1762 0.980168 119
1763 0.850647 119
1764 1.204244 119
1765 1.118529 119
1766 0.933714 119
1767 1.366933 119
1768 0.910042 119
1769 1.329933 119
1770 0.995597 119
1771 2.349639 119
1772 2.365639 119
1773 1.104874 119
1774 1.783899 119
1775 1.370697 119
1776 5.161101 119
1777 1.198966 119
1778 0.844563 119
1779 1.286807 119
1780 1.461244 119
1781 1.604017 119
1782 1.394706 119
1783 0.454832 119
1784 1.524521 119
1785 1.245235 119
1786 6.616084 119
1787 13.954319 119
1788 1.420076 119
1789 0.881000 119
1790 1.069361 119
1791 15.298697 119
1792 0.919479 119
1793 0.351908 119
1794 0.319235 119
1795 1.228933 119
1796 1.250235 119
1797 0.619771 118
1798 2.041899 119
1799 1.150824 119
1800 1.672991 115
1801 0.992368 114
1802 2.375061 115
1803 1.999409 115
1804 0.753374 115
1805 2.021730 115
1806 2.115713 115
1807 2.147000 115
1808 1.790904 115
1809 2.400252 115
1810 2.209696 115
1811 16.523861 115
1812 2.162383 115
1813 1.990783 115
1814 0.495263 114
1815 0.518044 113
1816 1.974852 115
1817 0.980104 115
1818 1.689652 115
1819 1.309904 115
1820 1.337878 115
1821 4.795474 114
1822 2.863763 114
1823 0.596579 114
1824 0.533912 114
1825 1.145565 115
1826 1.508548 115
1827 7.227539 115
1828 6.966739 115
1829 6.771096 114
1830 1.040478 115
1831 2.399704 115
1832 1.271570 114
1833 1.430078 115
1834 1.859748 115
1835 1.159739 115
1836 0.820904 114
1837 1.743739 115
1838 1.437730 115
1839 1.040357 115
1840 1.324443 115
1841 1.458209 115
1842 1.334017 115
1843 1.070591 115
1844 1.311861 115
1845 0.921635 115
1846 0.931965 115
1847 11.471643 115
1848 8.179139 115
1849 1.274435 115
1850 1.669645 107
1851 1.951019 107
1852 17.706065 107
1853 1.656813 107
1854 0.516340 106
1855 0.565566 106
1856 1.810832 107
1857 2.040682 107
1858 1.787729 107
1859 0.904925 107
1860 1.453794 107
1861 1.606710 107
1862 9.154084 107
1863 2.781458 107
1864 0.977104 106
1865 0.509104 106
1866 1.711907 107
1867 0.475509 106
1868 1.972944 107
1869 1.324415 106
1870 2.001477 107
1871 1.585056 107
1872 16.494346 107
1873 16.664206 107
1874 16.670308 107
1875 1.414617 107
1876 1.046234 107
1877 1.311477 107
1878 0.313362 105
1879 0.305288 104
1880 1.159757 107
1881 0.738217 106
1882 0.620476 105
1883 0.291048 104
1884 1.177430 107
1885 0.320065 107
1886 0.272481 106
1887 3.403093 107
1888 2.151841 107
1889 1.195811 106
1890 2.176121 107
1891 0.862224 107
1892 0.930514 107
1893 0.842121 107
1894 0.935710 107
1895 0.465785 107
1896 0.429636 107
1897 1.490150 107
1898 0.961981 107
1899 0.864308 107
1900 2.328843 108
1901 1.287917 108
1902 1.713630 108
1903 3.915880 108
1904 2.597491 108
1905 2.838259 108
1906 2.164636 107
1907 1.914075 107
1908 1.920533 107
1909 2.208785 107
1910 1.904028 107
1911 1.900916 107
1912 1.414898 108
1913 0.375905 105
1914 0.442538 106
1915 0.418104 106
1916 0.367067 105
1917 0.373179 106
1918 0.431355 107
1919 0.393029 105
1920 0.370336 107
1921 0.413056 107
1922 0.370619 105
1923 0.330481 106
1924 0.356476 105
1925 0.538651 106
1926 0.450257 105
1927 0.428829 105
1928 0.365935 107
1929 0.409075 107
1930 0.404085 106
1931 0.335514 105
1932 0.488571 105
1933 0.393695 105
1934 0.424802 106
1935 0.434377 106
1936 1.440806 108
1937 0.583243 107
1938 0.411935 107
1939 1.195815 108
1940 0.382271 107
1941 0.362234 107
1942 7.664741 108
1943 1.363009 108
1944 0.638009 107
1945 0.628925 107
1946 0.482981 107
1947 1.073648 108
1948 0.435822 107
1949 16.056131 107
1950 1.621835 103
1951 14.893903 103
1952 1.681524 103
1953 1.452699 103
1954 1.210806 103
1955 0.416961 102
1956 1.356718 103
1957 2.209350 103
1958 1.584515 103
1959 0.612902 102
1960 1.031990 103
1961 1.319767 103
1962 19.999718 103
1963 19.999650 103
1964 1.712282 103
1965 3.825291 103
1966 1.340854 103
1967 2.174194 103
1968 1.263922 103
1969 0.834796 103
1970 1.575291 103
1971 0.962087 103
1972 2.793660 103
1973 1.578272 103
1974 1.574214 103
1975 1.586738 103
1976 1.061845 103
1977 1.246146 103
1978 1.213922 103
1979 19.170485 103
1980 1.957777 103
1981 1.237631 103
1982 0.309099 101
1983 0.404755 102
1984 0.265495 101
1985 1.889505 103
1986 1.291087 103
1987 1.185903 103
1988 1.211087 103
1989 0.265627 102
1990 1.159553 103
1991 0.239126 103
1992 0.497951 102
1993 0.280637 102
1994 1.195350 103
1995 0.255637 102
1996 0.229775 102
1997 3.091000 103
1998 2.640059 102
1999 2.360340 103
2000 4.222452 115
2001 4.141661 115
2002 4.546609 115
2003 4.355643 115
2004 2.103122 115
2005 2.130748 115
2006 1.388772 114
2007 1.635104 115
2008 0.614254 114
2009 1.605774 115
2010 1.949513 113
2011 1.859739 115
2012 0.542193 114
2013 0.484788 113
2014 1.544504 115
2015 1.780409 115
2016 2.661330 115
2017 3.007217 115
2018 1.377617 115
2019 2.893817 115
2020 2.883330 115
2021 1.721478 115
2022 1.416365 115
2023 1.456696 115
2024 2.182487 115
2025 2.316104 115
2026 1.453035 115
2027 1.788322 115
2028 1.509426 115
2029 6.108983 115
2030 2.086226 115
2031 1.532983 115
2032 1.209991 115
2033 1.180530 115
2034 2.719870 115
2035 1.608617 115
2036 1.340296 115
2037 5.149017 115
2038 1.219939 115
2039 0.982278 115
2040 1.478261 115
2041 0.523018 114
2042 0.595974 114
2043 2.935174 115
2044 1.514351 114
2045 0.911809 115
2046 0.226912 114
2047 0.215609 115
2048 0.230895 114
2049 0.926130 115
2050 1.512783 115
2051 0.614739 115
2052 0.338643 115
2053 1.712296 115
2054 0.613982 114
2055 0.620263 114
2056 1.457652 115
2057 1.300991 114
2058 0.416500 114
2059 0.412184 114
2060 0.448333 114
2061 0.355974 114
2062 2.068696 115
2063 2.910304 115
2064 4.043027 113
2065 1.013947 113
2066 1.753522 115
2067 3.093157 115
2068 1.326365 115
2069 2.002809 115
2070 2.351930 115
2071 2.609148 115
2072 1.549835 115
2073 1.872800 115
2074 1.673870 115
2075 4.086313 115
2076 1.886713 115
2077 0.693851 114
2078 2.053252 115
2079 0.662000 114
2080 1.266202 114
2081 1.339235 115
2082 1.840904 115
2083 1.695852 115
2084 1.680687 115
2085 2.880478 115
2086 2.179009 115
2087 2.147643 115
2088 2.023896 115
2089 1.928165 115
2090 1.518435 115
2091 1.373061 115
2092 4.671765 115
2093 1.293848 112
2094 1.851070 115
2095 1.447877 114
2096 18.185765 115
2097 16.736079 114
2098 15.068018 114
2099 12.917696 115
2100 8.126858 106
2101 10.749170 106
2102 19.708925 106
2103 11.099670 106
2104 5.600029 105
2105 1.006885 104
2106 1.843170 106
2107 2.724613 106
2108 1.390113 106
2109 2.482887 106
2110 1.780472 106
2111 1.820377 106
2112 1.820519 106
2113 2.354170 106
2114 1.014606 104
2115 0.833743 105
2116 0.734067 104
2117 0.564154 104
2118 0.557106 104
2119 0.568615 104
2120 0.450571 105
2121 0.479200 105
2122 0.629779 104
2123 0.391250 104
2124 1.014462 104
2125 0.396913 104
2126 3.908481 106
2127 2.065358 106
2128 1.254906 106
2129 0.959038 105
2130 0.978590 105
2131 1.095396 106
2132 0.756764 106
2133 1.772198 106
2134 1.761236 106
2135 0.510173 104
2136 5.166104 106
2137 4.748736 106
2138 1.876953 106
2139 1.347972 106
2140 1.157226 106
2141 1.202302 106
2142 3.273415 106
2143 1.132613 106
2144 3.370462 106
2145 1.659774 106
2146 0.514200 105
2147 1.708340 106
2148 0.584679 106
2149 1.150915 106
2150 2.368596 99
2151 2.174889 99
2152 1.459515 99
2153 0.543010 98
2154 0.533704 98
2155 2.766667 99
2156 2.084980 99
2157 0.848755 98
2158 2.904616 99
2159 2.331172 99
2160 19.426283 99
2161 19.810000 99
2162 19.999773 97
2163 19.795633 98
2164 19.999711 97
2165 19.999649 97
2166 19.999722 97
2167 19.999753 97
2168 19.795643 98
2169 19.999660 97
2170 19.999680 97
2171 19.999639 97
2172 19.795582 98
2173 19.999619 97
2174 19.795582 98
2175 19.999608 97
2176 19.795602 98
2177 19.999711 97
2178 19.999639 97
2179 19.999577 97
2180 19.999629 97
2181 19.999660 97
2182 19.795551 98
2183 19.999660 97
2184 19.999619 97
2185 19.999701 97
2186 19.795612 98
2187 19.999619 97
2188 19.999639 97
2189 19.999639 97
2190 19.999660 97
2191 19.999639 97
2192 19.999680 97
2193 19.999701 97
2194 19.795592 98
2195 19.999619 97
2196 19.595687 99
2197 19.999608 97
2198 19.999691 97
2199 19.999649 97
2200 19.999908 98
2201 19.999837 98
2202 19.999806 98
2203 19.795735 98
2204 19.999887 97
2205 19.795714 98
2206 19.999804 97
2207 19.999742 97
2208 19.999794 97
2209 19.795704 98
2210 19.999763 97
2211 19.999753 97
2212 19.999773 97
2213 19.999773 97
2214 19.999763 97
2215 19.999691 97
2216 19.999773 97
2217 19.999701 97
2218 19.999773 97
2219 19.999722 97
2220 19.999753 97
2221 19.999691 97
2222 19.999722 97
2223 19.795663 98
2224 19.795541 98
2225 19.999773 97
2226 19.999691 97
2227 19.795663 98
2228 19.999784 97
2229 19.795643 98
2230 19.999701 97
2231 19.999722 97
2232 19.795653 98
2233 19.999722 97
2234 19.795724 98
2235 19.999742 97
2236 19.795653 98
2237 19.999711 97
2238 19.999814 97
2239 19.999722 97
2240 19.999753 97
2241 19.999773 97
2242 19.999753 97
2243 19.795714 98
2244 19.999794 97
2245 19.999711 97
2246 19.999814 97
2247 19.999794 97
2248 19.999763 97
2249 19.999722 97
2250 19.999939 98
2251 19.999816 98
2252 19.999816 98
2253 19.999804 97
2254 19.999691 97
2255 19.999814 97
2256 19.999814 97
2257 19.999742 97
2258 19.999660 97
2259 19.999711 97
2260 19.999711 97
2261 19.999711 97
2262 19.999691 97
2263 19.999639 97
2264 19.999670 97
2265 19.999677 96
2266 19.999708 96
2267 19.999615 96
2268 19.999667 96
2269 19.793567 97
2270 19.999677 96
2271 19.999688 96
2272 19.999750 96
2273 19.999656 96
2274 19.999625 96
2275 19.999729 96
2276 19.793557 97
2277 19.793505 97
2278 19.999719 96
2279 19.793526 97
2280 19.793557 97
2281 19.999740 96
2282 19.999771 96
2283 19.999708 96
2284 19.999750 96
2285 19.999740 96
2286 19.793619 97
2287 19.999708 96
2288 19.999708 96
2289 19.999667 96
2290 19.999708 96
2291 19.999708 96
2292 19.793557 97
2293 19.999708 96
2294 19.591633 98
2295 19.999740 96
2296 19.999792 96
2297 19.999719 96
2298 19.999729 96
2299 19.999740 96
2300 19.999958 96
2301 19.999760 96
2302 19.999833 96
2303 19.999768 95
2304 19.999853 95
2305 19.999779 95
2306 19.999789 95
2307 19.999726 95
2308 19.999800 95
2309 19.791385 96
2310 19.999737 95
2311 19.999611 95
2312 19.999758 95
2313 19.999663 95
2314 19.999684 95
2315 19.999713 94
2316 19.999723 94
2317 19.999713 94
2318 19.999777 94
2319 19.999638 94
2320 19.789232 95
2321 19.999670 94
2322 19.789232 95
2323 19.999617 94
2324 19.999702 94
2325 19.999681 94
2326 19.999734 94
2327 19.999670 94
2328 19.999745 94
2329 19.999649 94
2330 19.999702 94
2331 19.789126 95
2332 19.999777 94
2333 19.999670 94
2334 19.789232 95
2335 19.999681 94
2336 19.999745 94
2337 19.999660 94
2338 19.999713 94
2339 19.999766 94
2340 19.999734 94
2341 19.999723 94
2342 19.999713 94
2343 19.999691 94
2344 19.789284 95
2345 19.999734 94
2346 19.999840 94
2347 19.789179 95
2348 19.999755 94
2349 19.999691 94
2350 19.999952 84
2351 1.624060 83
2352 0.933952 83
2353 0.621398 83
2354 0.717747 83
2355 0.415012 83
2356 1.789095 84
2357 1.694217 83
2358 0.966549 82
2359 1.588280 82
2360 0.763386 83
2361 1.162195 82
2362 2.680265 83
2363 0.864890 82
2364 0.710073 82
2365 0.805205 83
2366 1.828402 82
2367 1.072145 83
2368 2.429386 83
2369 0.439841 82
2370 2.642573 82
2371 0.858866 82
2372 0.379530 83
2373 0.966305 82
2374 0.475939 82
2375 1.524598 82
2376 0.473482 83
2377 0.738902 82
2378 0.431232 82
2379 0.879951 82
2380 0.453549 82
2381 0.711439 82
2382 0.362268 82
2383 1.320369 84
2384 0.509108 83
2385 0.478373 83
2386 1.686369 84
2387 0.553096 83
2388 0.240518 83
2389 2.074333 84
2390 0.324277 83
2391 0.256241 83
2392 1.249643 84
2393 0.341595 84
2394 0.339518 83
2395 1.657024 84
2396 0.267928 83
2397 0.272361 83
2398 1.361738 84
2399 0.524434 83
2400 1.352518 114
2401 0.657746 114
2402 0.422702 114
2403 0.308202 114
2404 0.374193 114
2405 0.491333 114
2406 0.486816 114
2407 0.397474 114
2408 0.387035 114
2409 0.520868 114
2410 1.642000 114
2411 1.721097 113
2412 1.075991 113
2413 0.715858 113
2414 1.485088 114
2415 1.339079 114
2416 1.048816 114
2417 0.520026 114
2418 0.745412 114
2419 0.487965 114
2420 1.115675 114
2421 1.295570 114
2422 0.820325 114
2423 0.674239 113
2424 0.883841 113
2425 0.964142 113
2426 0.743195 113
2427 0.887632 114
2428 0.900496 113
2429 1.069708 113
2430 0.806363 113
2431 1.502175 114
2432 1.406088 114
2433 1.506851 114
2434 1.406623 114
2435 1.106193 114
2436 1.351482 114
2437 1.512114 114
2438 0.488825 114
2439 0.953509 114
2440 0.687798 114
2441 17.661658 114
2442 16.973500 114
2443 16.998474 114
2444 1.043263 114
2445 0.306246 114
2446 0.481000 114
2447 5.361351 114
2448 0.265964 112
2449 0.284643 112
2450 4.140321 112
2451 2.360402 112
2452 1.980955 112
2453 1.804429 112
2454 0.423009 111
2455 3.788393 112
2456 2.309279 111
2457 1.351732 112
2458 1.070446 112
2459 0.599107 112
2460 0.970875 112
2461 2.837045 112
2462 1.849108 111
2463 1.449252 111
2464 1.545321 112
2465 0.592036 111
2466 1.804598 112
2467 2.455679 112
2468 1.488306 111
2469 1.263286 112
2470 1.695161 112
2471 1.160802 111
2472 1.646732 112
2473 1.751089 112
2474 1.661339 112
2475 1.648348 112
2476 1.573482 112
2477 15.765830 112
2478 3.940643 112
2479 1.241500 112
2480 4.317691 110
2481 1.299929 112
2482 1.198366 112
2483 0.384937 112
2484 1.018563 112
2485 0.508875 112
2486 1.526741 112
2487 1.341402 112
2488 1.264116 112
2489 0.509099 111
2490 1.464062 112
2491 0.315691 110
2492 1.521768 112
2493 2.071866 112
2494 0.751741 112
2495 0.938446 112
2496 0.567491 112
2497 2.661875 112
2498 0.885589 112
2499 0.918946 112
2500 1.692336 107
2501 1.235869 107
2502 18.993037 107
2503 2.582841 107
2504 1.247393 107
2505 1.298037 107
2506 1.213355 107
2507 2.173654 107
2508 2.477346 107
2509 20.000000 107
2510 1.717308 107
2511 1.613318 107
2512 1.765224 107
2513 2.798869 107
2514 0.919841 107
2515 1.394607 107
2516 0.371887 106
2517 1.168972 107
2518 1.187523 107
2519 1.383626 107
2520 1.331579 107
2521 1.629907 107
2522 1.287748 107
2523 0.914308 107
2524 1.117505 107
2525 1.454234 107
2526 1.025654 107
2527 1.126682 107
2528 11.475701 107
2529 0.821402 107
2530 1.291150 107
2531 1.362131 107
2532 1.782056 107
2533 3.202168 107
2534 1.534972 107
2535 1.005308 107
2536 0.830262 107
2537 0.911570 107
2538 1.222785 107
2539 1.200841 107
2540 1.109224 107
2541 1.316308 107
2542 0.832822 107
2543 1.023411 107
2544 0.934009 107
2545 0.808486 107
2546 0.858084 107
2547 0.992271 107
2548 1.425000 107
2549 1.145785 107
2550 1.461139 101
2551 1.439168 101
2552 2.929644 101
2553 1.672980 101
2554 1.616535 101
2555 1.470782 101
2556 1.241307 101
2557 1.446327 101
2558 2.495931 101
2559 1.364099 101
2560 3.159248 101
2561 1.496317 101
2562 1.442158 101
2563 11.803515 101
2564 8.776584 101
2565 4.994792 101
2566 4.378822 101
2567 3.797317 101
2568 4.457089 101
2569 3.633129 101
2570 2.918653 101
2571 2.749069 101
2572 2.725594 101
2573 2.233040 101
2574 2.465287 101
2575 2.658911 101
2576 2.367515 101
2577 2.634723 101
2578 2.251436 101
2579 1.709238 101
2580 1.702861 101
2581 2.079406 101
2582 2.374624 101
2583 1.676733 101
2584 1.240436 101
2585 1.765614 101
2586 1.703465 101
2587 1.310644 101
2588 1.415158 101
2589 2.018436 101
2590 1.592238 101
2591 1.355911 101
2592 1.459515 101
2593 1.371475 101
2594 1.828248 101
2595 1.623129 101
2596 1.633040 101
2597 1.814901 101
2598 1.561535 101
2599 1.356356 101
2600 9.361608 102
2601 9.834356 101
2602 4.244382 102
2603 3.245109 101
2604 3.675347 101
2605 3.687980 100
2606 3.937200 100
2607 3.017930 100
2608 3.317250 100
2609 3.749320 100
2610 3.230465 101
2611 3.206290 100
2612 2.802480 100
2613 2.342920 100
2614 2.574110 100
2615 2.252941 101
2616 2.806470 100
2617 2.318230 100
2618 1.911030 100
2619 1.309832 101
2620 1.431360 100
2621 1.571208 101
2622 1.621510 100
2623 1.606190 100
2624 1.514540 100
2625 1.743768 99
2626 1.689909 99
2627 1.650420 100
2628 1.791230 100
2629 1.842869 99
2630 1.637818 99
2631 1.753697 99
2632 1.655182 99
2633 1.705990 99
2634 1.470160 100
2635 1.889404 99
2636 1.545576 99
2637 1.663870 100
2638 1.309020 99
2639 1.265758 99
2640 0.982071 99
2641 1.310081 99
2642 1.155700 100
2643 1.225859 99
2644 1.030798 99
2645 1.390660 100
2646 2.324414 99
2647 2.390687 99
2648 1.187091 99
2649 1.024340 100
2650 9.566725 102
2651 9.654317 101
2652 4.813129 101
2653 3.890030 101
2654 3.898842 101
2655 3.986196 102
2656 3.790188 101
2657 4.000725 102
2658 3.670347 101
2659 3.411627 102
2660 3.286911 101
2661 3.004228 101
2662 3.140743 101
2663 2.092451 102
2664 0.401099 101
2665 1.688324 102
2666 1.220853 102
2667 6.101745 102
2668 2.743110 100
2669 1.925180 100
2670 2.282287 101
2671 2.171530 100
2672 1.589660 100
2673 1.755010 101
2674 1.731920 100
2675 1.750840 100
2676 1.506860 100
2677 1.582356 101
2678 1.145630 100
2679 0.980020 101
2680 0.941495 101
2681 1.796740 100
2682 1.080190 100
2683 0.996941 101
2684 1.213390 100
2685 1.397670 100
2686 1.407710 100
2687 1.440406 101
2688 0.973320 100
2689 1.083350 100
2690 1.561930 100
2691 1.246680 100
2692 0.838910 100
2693 0.991340 100
2694 1.360040 101
2695 0.929100 100
2696 0.965900 100
2697 0.754366 101
2698 0.702820 100
2699 0.876396 101
2700 3.008010 100
2701 2.464320 100
2702 2.192700 100
2703 2.401330 100
2704 2.909710 100
2705 1.976670 100
2706 1.850250 100
2707 2.555410 100
2708 1.976000 100
2709 2.517840 100
2710 2.459700 100
2711 1.763120 100
2712 0.889495 99
2713 1.147450 100
2714 2.413465 99
2715 1.301455 99
2716 6.285091 99
2717 1.218808 99
2718 2.677889 99
2719 1.167101 99
2720 1.078889 99
2721 2.934515 99
2722 0.893694 98
2723 0.855653 98
2724 0.801418 98
2725 0.893235 98
2726 1.087776 98
2727 0.933051 99
2728 0.817388 98
2729 1.259398 98
2730 3.300184 98
2731 0.848121 99
2732 0.952235 98
2733 4.492439 98
2734 0.941684 98
2735 0.542010 98
2736 0.754337 98
2737 0.618714 98
2738 0.856051 98
2739 0.941636 99
2740 0.799827 98
2741 0.701041 98
2742 0.724133 98
2743 1.280357 98
2744 0.584816 98
2745 0.554153 98
2746 0.850354 99
2747 0.677515 99
2748 2.014286 98
2749 0.548418 98
2750 3.120768 95
2751 1.323160 94
2752 1.226543 94
2753 1.235755 94
2754 1.607326 95
2755 0.777872 94
2756 1.549600 95
2757 2.166800 95
2758 2.044263 95
2759 2.077606 94
2760 1.859266 94
2761 1.589798 94
2762 1.332574 94
2763 1.598564 94
2764 1.507074 94
2765 1.340777 94
2766 1.940947 94
2767 2.323043 94
2768 1.471064 94
2769 1.876840 94
2770 1.736915 94
2771 1.845564 94
2772 1.989553 94
2773 1.514284 95
2774 1.508979 94
2775 1.220404 94
2776 1.231766 94
2777 1.355606 94
2778 1.750266 94
2779 1.690798 94
2780 1.145883 94
2781 1.806915 94
2782 1.355872 94
2783 1.328925 93
2784 1.520634 93
2785 1.613768 95
2786 1.449596 94
2787 1.518319 94
2788 1.208874 95
2789 1.398621 95
2790 0.772245 94
2791 0.750606 94
2792 0.481543 94
2793 0.632245 94
2794 0.586681 94
2795 0.567000 94
2796 0.558138 94
2797 0.499096 94
2798 0.568340 94
2799 0.492713 94
2800 1.790970 99
2801 0.805388 98
2802 0.700357 98
2803 0.718000 98
2804 0.789531 98
2805 0.799449 98
2806 0.723378 98
2807 0.720429 98
2808 0.783684 98
2809 0.837908 98
2810 0.756163 98
2811 0.678306 98
2812 0.887612 98
2813 0.760031 98
2814 0.790449 98
2815 1.759111 99
2816 0.395165 97
2817 0.446072 97
2818 0.564485 97
2819 6.012434 99
2820 3.992351 97
2821 2.996216 97
2822 2.238969 98
2823 2.176711 97
2824 2.836469 98
2825 2.056227 97
2826 2.401196 97
2827 2.329515 97
2828 2.119247 97
2829 1.899418 98
2830 1.782670 97
2831 1.879122 98
2832 2.660711 97
2833 2.214938 97
2834 1.983165 97
2835 1.438163 98
2836 2.359495 97
2837 2.736082 97
2838 2.306515 97
2839 1.085667 99
2840 0.289293 99
2841 0.275296 98
2842 1.685515 99
2843 0.293990 97
2844 0.379278 97
2845 0.233296 98
2846 1.110434 99
2847 0.284357 98
2848 0.343763 97
2849 0.286660 97
2850 1.862573 103
2851 0.639592 103
2852 0.393363 102
2853 0.332941 102
2854 1.299165 103
2855 0.429196 102
2856 0.468127 102
2857 2.766932 103
2858 1.490861 101
2859 1.288738 103
2860 1.260911 101
2861 2.473515 103
2862 0.410396 101
2863 1.609786 103
2864 0.500676 102
2865 0.637627 102
2866 1.334612 103
2867 3.210282 103
2868 0.992495 103
2869 1.427369 103
2870 0.532902 102
2871 0.424431 102
2872 0.357441 102
2873 3.731175 103
2874 2.596225 102
2875 2.320353 102
2876 2.195608 102
2877 1.646804 102
2878 1.959627 102
2879 2.420755 102
2880 2.562216 102
2881 2.442225 102
2882 2.246186 102
2883 2.032461 102
2884 2.640961 102
2885 2.572853 102
2886 2.896647 102
2887 2.962549 102
2888 2.685598 102
2889 3.212786 103
2890 2.987471 102
2891 2.471843 102
2892 2.292716 102
2893 2.799631 103
2894 0.507059 102
2895 0.361267 101
2896 2.381388 103
2897 3.368752 101
2898 0.363861 101
2899 0.358485 101
2900 1.163738 84
2901 0.626071 84
2902 0.340583 84
2903 0.363655 84
2904 1.622071 84
2905 0.361512 82
2906 0.524073 82
2907 0.346037 82
2908 1.539048 84
2909 0.416083 84
2910 0.544817 82
2911 3.616036 84
2912 3.779759 83
2913 2.208482 83
2914 2.335072 83
2915 1.741976 83
2916 1.599869 84
2917 0.453386 83
2918 0.349386 83
2919 0.495470 83
2920 1.853964 84
2921 0.535439 82
2922 0.556084 83
2923 1.387488 84
2924 0.388422 83
2925 0.334578 83
2926 0.385747 83
2927 1.608869 84
2928 0.322904 83
2929 0.339939 82
2930 0.409890 82
2931 2.026310 84
2932 0.433298 84
2933 0.373274 84
2934 0.507143 84
2935 2.230571 84
2936 0.906313 83
2937 1.981072 83
2938 0.943238 84
2939 0.306393 84
2940 0.674131 84
2941 0.497988 84
2942 0.447774 84
2943 0.471595 84
2944 1.613250 84
2945 0.571578 83
2946 0.679548 84
2947 0.521108 83
2948 1.580310 84
2949 0.783738 84
2950 2.975719 96
2951 1.353375 96
2952 1.235989 95
2953 1.299031 96
2954 0.496695 95
2955 1.531833 96
2956 0.484240 96
2957 1.742365 96
2958 1.595927 96
2959 0.817137 95
2960 0.579832 95
2961 0.563021 95
2962 2.031677 96
2963 0.392394 94
2964 0.456064 94
2965 1.837865 96
2966 0.691200 95
2967 0.638084 95
2968 0.682758 95
2969 3.809792 96
2970 3.348958 95
2971 1.182479 96
2972 1.927594 96
2973 0.840146 96
2974 0.434385 96
2975 1.506219 96
2976 0.375558 95
2977 0.492147 95
2978 1.485958 96
2979 0.332421 95
2980 0.358032 95
2981 1.449437 96
2982 0.449074 95
2983 1.559490 96
2984 0.573802 96
2985 1.593281 96
2986 0.509905 95
2987 0.527611 95
2988 1.463375 96
2989 0.620989 95
2990 1.657438 96
2991 1.677281 96
2992 0.383200 95
2993 1.191458 96
2994 0.485832 95
2995 1.687656 96
2996 0.439896 96
2997 1.326135 96
2998 0.501937 95
2999 19.791677 96
3000 19.802129 101
3001 19.800010 100
3002 19.800020 100
3003 19.600030 100
3004 19.600030 100
3005 19.798000 99
3006 19.798000 99
3007 19.798000 99
3008 1.696881 101
3009 1.352080 100
3010 0.358870 100
3011 0.853890 100
3012 0.586140 100
3013 1.161110 100
3014 0.643310 100
3015 0.627220 100
3016 0.804310 100
3017 1.212230 100
3018 0.688580 100
3019 0.499670 100
3020 0.582180 100
3021 0.827780 100
3022 1.165238 101
3023 0.335560 100
3024 0.478089 101
3025 1.212257 101
3026 0.269939 99
3027 1.517693 101
3028 0.674929 99
3029 0.479724 98
3030 1.036802 101
3031 0.283180 100
3032 1.215069 101
3033 0.253444 99
3034 1.146881 101
3035 0.265610 100
3036 2.857030 101
3037 2.335475 99
3038 2.123495 99
3039 0.845750 100
3040 0.201374 99
3041 1.061670 100
3042 0.391040 99
3043 1.894990 100
3044 0.520616 99
3045 1.136770 100
3046 0.182150 100
3047 0.292170 100
3048 1.054950 100
3049 0.190444 99
3050 1.158626 91
3051 0.259533 90
3052 1.472484 91
3053 0.544100 90
3054 0.484000 90
3055 1.075769 91
3056 0.302352 91
3057 1.050418 91
3058 0.495604 91
3059 0.436198 91
3060 1.522604 91
3061 0.794121 91
3062 1.300451 91
3063 0.993374 91
3064 1.024857 91
3065 1.264868 91
3066 1.096967 91
3067 0.995505 91
3068 0.480176 91
3069 2.337912 91
3070 1.422637 91
3071 0.840352 91
3072 0.918549 91
3073 0.580132 91
3074 0.766692 91
3075 0.907495 91
3076 0.628143 91
3077 0.911758 91
3078 0.607538 91
3079 0.840901 91
3080 0.830231 91
3081 0.688143 91
3082 0.679242 91
3083 1.042604 91
3084 0.922637 91
3085 1.130747 91
3086 1.166659 91
3087 0.415154 91
3088 0.516769 91
3089 0.215824 91
3090 0.284088 91
3091 0.310022 91
3092 0.386297 91
3093 0.239802 91
3094 0.247835 91
3095 0.304154 91
3096 0.258890 91
3097 2.325330 91
3098 0.499725 91
3099 0.436934 91
3100 2.749526 97
3101 1.262646 96
3102 0.976260 96
3103 0.686458 96
3104 0.793573 96
3105 0.697093 97
3106 0.909072 97
3107 0.638371 97
3108 0.657792 96
3109 1.631814 97
3110 1.505165 97
3111 0.280567 97
3112 1.376907 97
3113 6.349701 97
3114 0.436856 97
3115 1.277526 97
3116 0.656784 97
3117 0.350753 97
3118 0.386052 97
3119 1.064392 97
3120 0.302835 97
3121 1.393041 97
3122 0.367928 97
3123 0.495825 97
3124 1.477433 97
3125 1.081381 97
3126 0.288773 97
3127 0.326021 97
3128 0.311567 97
3129 0.532742 97
3130 0.467454 97
3131 0.450608 97
3132 1.111093 97
3133 1.510495 97
3134 1.042948 97
3135 1.169918 97
3136 1.056454 97
3137 1.156175 97
3138 0.994165 97
3139 1.101268 97
3140 0.323866 97
3141 0.549835 97
3142 0.494010 97
3143 0.367938 97
3144 0.392330 97
3145 0.368340 97
3146 0.281247 97
3147 0.967443 97
3148 0.547680 97
3149 0.575412 97
3150 1.450553 103
3151 1.503951 103
3152 0.639835 103
3153 3.399563 103
3154 0.778505 103
3155 0.726689 103
3156 0.620447 103
3157 1.094245 102
3158 0.495588 102
3159 0.406137 102
3160 0.489990 102
3161 0.375304 102
3162 0.461127 102
3163 7.276922 103
3164 0.549301 103
3165 1.354602 103
3166 0.716146 103
3167 0.974544 103
3168 1.032175 103
3169 0.336650 103
3170 0.872427 103
3171 0.392194 103
3172 0.388990 103
3173 0.459738 103
3174 0.619252 103
3175 0.464981 103
3176 0.500922 103
3177 0.427000 103
3178 1.261146 103
3179 1.327049 103
3180 0.978087 103
3181 0.602845 103
3182 0.938845 103
3183 0.932320 103
3184 0.996913 103
3185 1.227806 103
3186 19.805825 103
3187 19.803627 102
3188 19.803814 102
3189 19.803706 102
3190 19.803853 102
3191 19.627706 102
3192 0.748408 103
3193 0.814282 103
3194 0.702350 103
3195 0.244748 103
3196 0.751184 103
3197 0.239466 103
3198 0.258583 103
3199 0.219243 103
3200 1.782694 108
3201 1.508481 108
3202 0.514897 107
3203 0.447103 107
3204 0.480815 108
3205 0.492187 107
3206 1.428954 108
3207 0.576935 107
3208 1.892204 108
3209 0.603813 107
3210 1.416917 108
3211 4.874065 107
3212 1.160481 108
3213 1.309111 108
3214 0.385449 107
3215 1.288241 108
3216 0.601815 108
3217 0.326185 108
3218 0.323157 108
3219 0.433565 108
3220 0.403528 108
3221 0.380315 108
3222 1.603750 108
3223 0.593168 107
3224 0.534523 107
3225 0.552729 107
3226 1.297639 108
3227 0.843551 107
3228 0.914250 108
3229 0.527252 107
3230 0.819748 107
3231 1.336667 108
3232 2.801083 108
3233 0.735252 107
3234 1.976551 107
3235 1.435630 108
3236 1.169822 107
3237 1.628222 108
3238 0.381774 106
3239 0.373037 107
3240 1.795120 108
3241 0.535241 108
3242 0.352824 108
3243 0.370796 108
3244 2.338556 108
3245 13.067880 108
3246 13.833336 107
3247 10.957121 107
3248 5.687234 107
3249 5.881741 108
3250 1.961869 107
3251 0.827794 107
3252 0.506336 107
3253 0.495150 107
3254 1.407925 107
3255 1.917505 107
3256 2.244720 107
3257 1.796557 106
3258 1.600972 106
3259 1.489689 106
3260 1.267821 106
3261 4.175774 106
3262 1.900038 106
3263 2.733075 107
3264 1.797822 107
3265 0.956813 107
3266 1.613916 107
3267 0.467449 107
3268 0.561830 106
3269 0.596000 106
3270 0.597953 106
3271 0.398037 107
3272 3.097346 107
3273 1.804178 107
3274 0.368781 105
3275 2.312009 107
3276 0.695311 106
3277 0.473179 106
3278 1.203860 107
3279 0.457085 106
3280 1.637542 107
3281 1.818467 107
3282 1.071396 106
3283 0.467104 106
3284 0.603443 106
3285 1.261131 107
3286 0.457887 106
3287 0.472170 106
3288 0.268047 106
3289 1.127327 107
3290 2.132150 107
3291 0.365933 104
3292 0.363562 105
3293 0.300095 105
3294 0.344346 104
3295 3.060374 107
3296 1.208364 107
3297 1.099888 107
3298 1.123495 107
3299 0.480415 106
3300 1.491778 117
3301 1.974479 117
3302 5.025299 117
3303 3.806052 116
3304 3.561624 117
3305 3.363914 116
3306 5.568162 117
3307 7.512888 116
3308 8.089853 116
3309 3.995681 116
3310 3.346509 116
3311 1.496436 117
3312 0.591147 116
3313 0.571526 116
3314 1.560769 117
3315 0.373949 117
3316 1.675137 117
3317 2.620181 116
3318 3.871385 117
3319 2.517718 117
3320 2.273310 116
3321 2.093991 116
3322 1.330291 117
3323 0.750836 116
3324 1.224299 117
3325 0.526017 116
3326 1.224692 117
3327 1.198761 117
3328 1.025085 117
3329 4.122803 117
3330 0.652931 116
3331 2.014496 117
3332 1.177855 117
3333 1.102940 117
3334 0.253371 116
3335 3.649863 117
3336 0.891821 117
3337 0.263457 116
3338 1.138803 117
3339 0.751276 116
3340 0.882698 116
3341 6.411359 117
3342 3.796974 116
3343 0.940402 117
3344 1.019940 117
3345 1.135094 117
3346 0.415026 116
3347 0.382600 115
3348 0.799487 117
3349 1.187744 117
3350 1.410683 82
3351 1.478378 82
3352 1.923354 82
3353 1.606890 82
3354 1.802866 82
3355 0.350363 80
3356 1.536720 82
3357 0.548099 81
3358 0.563232 82
3359 1.589866 82
3360 1.864854 82
3361 0.525444 81
3362 1.535598 82
3363 1.287085 82
3364 0.357457 81
3365 0.357457 81
3366 0.335000 82
3367 1.235720 82
3368 0.443756 82
3369 2.473317 82
3370 1.348268 82
3371 1.688671 82
3372 0.370049 81
3373 0.418634 82
3374 2.409866 82
3375 0.557378 82
3376 1.673427 82
3377 1.026878 82
3378 1.083732 82
3379 0.368317 82
3380 0.286854 82
3381 1.199793 82
3382 0.439765 81
3383 0.363778 81
3384 1.137463 82
3385 0.338378 82
3386 0.325463 82
3387 1.693134 82
3388 0.552469 81
3389 1.313110 82
3390 1.105598 82
3391 2.000829 82
3392 1.631293 82
3393 2.050481 81
3394 1.484098 82
3395 2.726293 82
3396 1.522612 80
3397 1.756000 81
3398 19.756354 82
3399 0.980854 82
3400 1.583172 93
3401 1.511000 93
3402 1.699247 93
3403 0.348110 91
3404 1.556871 93
3405 0.621747 91
3406 0.907022 92
3407 1.688817 93
3408 1.046152 92
3409 1.597387 93
3410 0.576924 92
3411 0.505308 91
3412 0.995226 93
3413 1.555430 93
3414 0.579359 92
3415 0.653533 92
3416 1.446957 93
3417 1.649688 93
3418 0.740380 92
3419 0.561500 92
3420 1.837366 93
3421 0.537418 91
3422 0.708846 91
3423 2.827129 93
3424 1.865452 93
3425 1.927576 92
3426 5.232323 93
3427 4.815163 92
3428 1.371376 93
3429 1.239613 93
3430 1.724409 93
3431 0.712387 93
3432 0.501022 92
3433 1.441731 93
3434 0.449326 92
3435 0.529065 92
3436 1.133774 93
3437 0.458022 92
3438 0.525989 92
3439 1.408269 93
3440 0.538717 92
3441 1.350118 93
3442 0.241242 91
3443 0.266077 91
3444 3.169312 93
3445 0.686311 90
3446 1.734903 93
3447 1.890380 92
3448 2.926677 93
3449 0.511565 92
3450 3.788991 113
3451 2.039248 113
3452 2.933761 113
3453 1.639643 112
3454 1.619482 112
3455 1.603265 113
3456 0.668179 112
3457 0.500313 112
3458 2.239053 113
3459 1.711336 113
3460 0.612607 112
3461 2.100991 113
3462 1.891124 113
3463 1.292080 112
3464 2.337912 113
3465 1.043804 112
3466 1.223124 113
3467 1.027283 113
3468 1.001805 113
3469 2.037230 113
3470 0.647554 112
3471 1.620655 113
3472 0.846867 113
3473 0.467411 112
3474 1.086416 113
3475 1.547124 113
3476 0.572741 112
3477 0.537188 112
3478 2.689106 113
3479 1.775858 113
3480 1.125009 113
3481 1.752814 113
3482 0.901812 112
3483 1.443637 113
3484 0.702527 112
3485 0.505152 112
3486 2.276761 113
3487 2.092018 113
3488 1.182705 112
3489 1.277920 112
3490 1.389867 113
3491 0.991143 112
3492 1.504558 113
3493 0.506804 112
3494 0.633389 113
3495 1.108327 113
3496 0.481257 113
3497 0.475018 113
3498 1.119602 113
3499 0.613714 112
3500 1.588234 94
3501 1.892979 94
3502 0.664581 93
3503 0.591935 93
3504 1.775628 94
3505 0.835484 93
3506 0.614191 94
3507 1.671074 94
3508 0.610473 93
3509 0.718398 93
3510 1.619628 94
3511 0.730505 93
3512 0.631871 93
3513 5.202223 94
3514 3.902772 92
3515 4.049054 92
3516 1.315596 94
3517 1.611745 94
3518 0.580785 93
3519 0.762894 94
3520 7.861436 94
3521 1.550021 94
3522 0.700065 93
3523 0.747731 93
3524 1.496904 94
3525 0.563624 93
3526 0.766989 93
3527 1.531181 94
3528 1.856457 94
3529 0.887828 93
3530 0.939075 93
3531 1.427255 94
3532 0.559511 94
3533 0.590430 93
3534 4.042117 94
3535 1.380319 94
3536 0.569731 93
3537 0.587419 93
3538 1.508383 94
3539 1.212851 94
3540 1.406064 94
3541 1.137777 94
3542 1.084681 94
3543 0.947564 94
3544 0.686032 94
3545 1.976734 94
3546 0.482892 93
3547 0.862798 94
3548 0.964415 94
3549 1.133096 94
3550 1.657423 104
3551 1.686452 104
3552 2.290173 104
3553 1.730817 104
3554 0.584833 102
3555 1.465779 104
3556 1.624202 104
3557 2.715183 104
3558 1.472712 104
3559 2.018962 104
3560 1.790962 104
3561 3.648952 104
3562 1.637442 104
3563 0.702738 103
3564 1.361500 104
3565 1.695962 104
3566 4.526510 104
3567 1.304577 104
3568 1.444808 104
3569 2.378337 104
3570 1.684510 104
3571 0.956417 103
3572 1.566827 104
3573 2.358029 104
3574 2.568740 104
3575 0.435650 103
3576 1.489548 104
3577 1.331269 104
3578 2.724644 104
3579 14.600817 104
3580 1.549933 104
3581 1.274913 104
3582 1.597904 104
3583 1.743048 104
3584 1.071635 104
3585 1.619933 104
3586 1.776962 104
3587 1.063413 104
3588 0.188019 103
3589 0.881192 104
3590 0.376423 104
3591 2.144875 104
3592 1.016413 104
3593 0.794621 103
3594 1.240769 104
3595 1.030635 104
3596 1.020654 104
3597 0.988337 104
3598 1.134625 104
3599 0.238814 102
3600 4.366376 93
3601 1.717462 93
3602 1.583366 93
3603 1.887344 93
3604 12.947624 93
3605 1.999710 93
3606 2.005667 93
3607 1.693839 93
3608 0.629473 93
3609 2.398333 93
3610 1.076161 93
3611 1.831591 93
3612 1.753215 93
3613 2.697097 93
3614 1.434473 93
3615 0.349548 93
3616 1.599409 93
3617 0.829344 93
3618 1.763151 93
3619 1.086000 93
3620 0.489591 93
3621 1.419871 93
3622 0.368957 93
3623 1.564237 93
3624 0.421323 93
3625 1.417430 93
3626 1.329258 93
3627 1.315677 93
3628 2.104538 93
3629 1.916011 93
3630 2.603624 93
3631 1.112452 93
3632 1.612032 93
3633 2.176301 93
3634 1.247978 93
3635 0.567772 92
3636 2.642559 93
3637 1.013430 93
3638 2.046301 93
3639 0.710022 93
3640 0.735710 93
3641 0.600333 93
3642 0.773806 93
3643 0.535032 93
3644 1.645043 93
3645 0.476731 93
3646 1.464301 93
3647 1.117108 93
3648 18.476129 93
3649 0.679688 93
3650 1.579571 112
3651 3.262670 112
3652 1.319188 112
3653 1.644679 112
3654 2.292955 112
3655 2.056643 112
3656 1.385161 112
3657 20.000000 112
3658 4.427902 112
3659 4.132652 112
3660 1.642714 112
3661 1.859830 112
3662 2.477000 112
3663 1.218259 112
3664 19.659393 112
3665 0.985946 112
3666 2.897437 112
3667 1.488170 112
3668 2.103196 112
3669 0.975071 112
3670 2.474080 112
3671 1.041161 112
3672 1.410705 112
3673 1.255402 112
3674 1.142250 112
3675 1.426688 112
3676 1.876875 112
3677 2.052500 112
3678 0.662893 112
3679 1.404268 112
3680 1.045652 112
3681 0.728089 112
3682 1.116036 112
3683 0.679875 112
3684 0.658714 112
3685 1.168732 112
3686 1.279652 112
3687 1.250071 112
3688 0.965089 112
3689 1.509357 112
3690 1.047696 112
3691 2.772563 112
3692 0.856473 112
3693 0.585509 112
3694 0.829634 112
3695 0.650786 112
3696 0.752661 112
3697 0.901545 112
3698 1.624795 112
3699 1.071500 112
3700 3.016212 99
3701 1.887848 99
3702 1.724323 99
3703 1.546828 99
3704 1.822556 99
3705 1.306071 99
3706 1.888232 99
3707 2.067586 99
3708 2.354717 99
3709 1.838131 99
3710 1.933848 99
3711 4.159152 99
3712 1.357808 99
3713 1.820303 99
3714 1.481162 99
3715 2.112545 99
3716 1.543172 99
3717 2.391556 99
3718 1.922535 99
3719 1.808293 99
3720 18.376545 99
3721 1.512737 99
3722 1.647727 99
3723 1.911020 99
3724 1.114778 99
3725 1.686303 99
3726 1.025172 99
3727 1.085818 99
3728 2.092101 99
3729 1.393040 99
3730 1.364051 99
3731 1.000394 99
3732 3.398768 99
3733 1.189838 99
3734 1.374697 99
3735 1.353879 99
3736 1.039919 99
3737 1.347788 99
3738 2.329596 99
3739 1.083051 99
3740 0.890141 99
3741 0.880051 99
3742 1.138020 99
3743 0.953313 99
3744 1.682192 99
3745 0.950747 99
3746 1.287384 99
3747 0.872798 99
3748 1.080152 99
3749 1.489152 99
3750 1.668436 110
3751 1.873173 110
3752 2.258182 110
3753 2.501027 110
3754 1.485000 110
3755 1.404300 110
3756 2.047645 110
3757 2.299964 110
3758 1.649991 110
3759 1.399300 110
3760 1.686291 110
3761 1.401536 110
3762 19.561618 110
3763 1.371282 110
3764 1.152082 110
3765 1.605245 110
3766 1.758336 110
3767 19.426991 110
3768 3.577018 110
3769 1.365718 110
3770 1.794945 110
3771 1.563618 110
3772 1.146164 110
3773 1.096436 110
3774 1.183373 110
3775 1.127000 110
3776 9.732191 110
3777 1.001045 110
3778 4.957045 110
3779 3.758100 110
3780 0.785982 110
3781 2.754218 110
3782 12.131300 110
3783 1.858355 110
3784 0.933109 110
3785 0.587764 110
3786 20.000000 110
3787 0.839173 110
3788 1.063609 110
3789 0.831573 110
3790 0.612045 110
3791 0.652745 110
3792 0.676600 110
3793 0.776273 110
3794 0.937473 110
3795 0.587800 110
3796 0.765773 110
3797 1.085818 110
3798 0.474027 110
3799 0.564955 110
3800 2.021542 107
3801 1.824178 107
3802 13.574860 107
3803 1.818019 107
3804 10.026047 107
3805 1.587850 107
3806 2.084972 107
3807 1.645271 107
3808 1.768654 107
3809 3.413383 107
3810 2.050075 107
3811 1.647794 107
3812 1.654262 107
3813 1.455187 107
3814 1.336495 107
3815 1.607262 107
3816 1.283850 107
3817 1.612486 107
3818 1.726150 107
3819 1.822477 107
3820 1.517841 107
3821 13.939879 107
3822 1.196888 107
3823 1.218196 107
3824 2.008981 107
3825 2.915636 107
3826 2.408009 107
3827 1.290654 107
3828 1.862280 107
3829 1.533897 107
3830 1.274383 107
3831 1.380299 107
3832 1.306981 107
3833 1.101879 107
3834 1.036822 107
3835 1.654402 107
3836 1.362028 107
3837 2.587766 107
3838 3.134701 107
3839 1.318692 107
3840 1.233860 107
3841 0.804308 107
3842 1.139346 107
3843 0.974542 107
3844 1.416682 107
3845 1.003439 107
3846 0.979935 107
3847 1.053523 107
3848 1.231981 107
3849 1.134159 107
3850 1.735229 105
3851 4.473990 105
3852 1.875971 105
3853 1.814105 105
3854 1.805286 105
3855 1.625448 105
3856 1.762019 105
3857 1.781029 105
3858 6.412610 105
3859 1.817286 105
3860 2.246267 105
3861 1.189010 105
3862 1.649038 105
3863 2.160143 105
3864 1.565924 105
3865 3.828248 105
3866 2.143886 105
3867 1.490390 105
3868 1.428952 105
3869 2.029638 105
3870 1.590276 105
3871 1.569019 105
3872 1.825152 105
3873 2.670514 105
3874 1.505143 105
3875 1.621276 105
3876 1.542143 105
3877 2.231905 105
3878 1.429933 105
3879 1.581952 105
3880 1.798981 105
3881 1.714705 105
3882 1.386543 105
3883 1.213105 105
3884 1.082000 105
3885 1.752400 105
3886 2.601819 105
3887 1.227962 105
3888 2.259619 105
3889 1.460371 105
3890 1.269200 105
3891 1.087657 105
3892 1.205390 105
3893 0.980714 105
3894 1.591143 105
3895 1.570057 105
3896 0.593308 104
3897 1.174210 105
3898 1.449324 105
3899 0.942771 105
3900 6.271108 111
3901 1.679450 111
3902 1.432802 111
3903 1.379928 111
3904 1.518459 111
3905 1.353378 111
3906 7.178225 111
3907 1.687009 111
3908 1.382730 111
3909 2.200153 111
3910 1.234243 111
3911 2.255261 111
3912 1.888721 111
3913 1.556279 111
3914 1.152847 111
3915 1.520432 111
3916 1.411252 111
3917 0.970180 111
3918 1.124198 111
3919 1.788450 111
3920 1.323135 111
3921 1.844234 111
3922 1.209252 111
3923 1.618757 111
3924 1.078514 111
3925 2.208748 111
3926 2.420279 111
3927 2.038405 111
3928 1.083874 111
3929 2.484261 111
3930 0.934775 111
3931 1.416856 111
3932 1.610820 111
3933 0.857802 111
3934 0.853198 111
3935 0.978739 111
3936 0.684324 111
3937 0.827712 111
3938 1.084486 111
3939 1.358495 111
3940 10.656315 111
3941 0.664495 111
3942 0.925640 111
3943 0.863342 111
3944 0.870450 111
3945 2.294865 111
3946 0.864198 111
3947 0.521279 111
3948 0.807288 111
3949 1.695820 111
3950 1.753378 119
3951 1.508017 119
3952 1.496571 119
3953 4.071866 119
3954 2.029840 119
3955 5.317025 119
3956 2.560336 119
3957 1.417143 119
3958 1.464807 119
3959 2.002462 119
3960 3.168042 119
3961 1.564807 119
3962 1.369933 119
3963 1.615487 119
3964 1.249622 119
3965 2.505689 119
3966 1.230244 119
3967 1.696487 119
3968 1.757294 119
3969 1.688714 119
3970 1.542471 119
3971 1.696000 119
3972 1.099445 119
3973 1.079101 119
3974 1.445756 119
3975 2.029639 119
3976 1.229462 119
3977 1.454437 119
3978 1.143664 119
3979 2.103748 119
3980 19.999933 119
3981 1.537672 119
3982 0.943429 119
3983 0.883580 119
3984 1.593681 119
3985 2.678782 119
3986 16.347420 119
3987 1.008277 119
3988 4.889571 119
3989 2.752765 119
3990 1.674126 119
3991 2.018958 119
3992 2.483857 119
3993 2.639538 119
3994 1.631647 119
3995 1.441655 119
3996 2.103538 119
3997 1.344949 118
3998 1.168559 118
3999 1.864941 118
4000 4.794286 112
4001 1.785036 112
4002 1.872875 112
4003 1.289821 112
4004 15.222357 112
4005 1.303839 112
4006 2.454241 112
4007 2.271812 112
4008 2.476036 112
4009 0.939893 112
4010 2.190339 112
4011 1.628179 112
4012 1.236455 112
4013 2.187446 112
4014 1.482357 112
4015 3.991705 112
4016 1.577250 112
4017 2.602839 112
4018 1.782839 112
4019 1.738464 112
4020 0.906071 112
4021 1.237491 112
4022 0.950286 112
4023 1.062107 112
4024 1.100232 112
4025 1.489741 112
4026 1.290348 112
4027 3.648937 112
4028 1.137705 112
4029 1.417357 112
4030 1.559063 112
4031 5.728732 112
4032 2.578152 112
4033 1.292348 112
4034 1.066955 112
4035 4.866911 112
4036 0.613714 112
4037 0.883375 112
4038 0.608241 112
4039 0.759634 112
4040 20.000000 112
4041 0.676902 112
4042 0.670125 112
4043 0.647196 112
4044 1.071661 112
4045 1.481464 112
4046 0.956830 112
4047 0.487125 112
4048 0.797607 112
4049 0.712062 112
4050 1.358625 120
4051 0.974367 120
4052 2.548850 120
4053 2.288142 120
4054 1.281725 120
4055 1.992658 120
4056 1.400017 120
4057 2.585050 120
4058 17.592508 120
4059 1.679892 120
4060 4.956433 120
4061 1.382342 120
4062 0.797425 120
4063 1.346667 120
4064 2.252825 120
4065 1.643983 120
4066 2.144142 120
4067 2.328733 120
4068 2.028658 120
4069 2.699075 120
4070 1.209583 120
4071 0.508303 119
4072 1.197325 120
4073 1.423567 120
4074 7.257125 120
4075 1.018675 120
4076 0.307496 119
4077 1.017633 120
4078 1.650067 120
4079 1.169308 120
4080 1.108317 120
4081 1.424908 120
4082 1.267275 120
4083 1.051200 120
4084 0.984317 120
4085 1.386767 120
4086 2.899442 120
4087 0.952000 120
4088 1.201742 120
4089 0.681400 120
4090 0.750225 120
4091 1.088605 119
4092 1.253600 120
4093 12.866358 120
4094 0.766992 120
4095 0.692817 120
4096 0.753292 120
4097 0.966717 120
4098 1.004725 120
4099 0.774017 120
4100 1.748342 114
4101 3.443237 114
4102 1.839159 113
4103 1.317640 114
4104 1.225754 114
4105 0.453404 114
4106 3.858711 114
4107 19.824579 114
4108 1.693789 114
4109 1.198237 114
4110 2.871009 114
4111 1.382035 114
4112 3.348363 113
4113 1.473702 114
4114 1.438851 114
4115 1.006842 114
4116 0.511851 114
4117 1.868263 114
4118 1.197807 114
4119 1.512684 114
4120 0.979842 114
4121 19.824386 114
4122 1.362772 114
4123 1.504149 114
4124 1.170114 114
4125 0.420921 114
4126 1.542447 114
4127 0.999754 114
4128 1.500386 114
4129 0.910289 114
4130 1.077395 114
4131 0.487553 114
4132 1.201614 114
4133 8.287702 114
4134 0.864772 114
4135 1.043667 114
4136 0.659895 114
4137 2.243184 114
4138 0.808272 114
4139 1.202895 114
4140 0.641351 114
4141 0.219842 114
4142 0.259526 114
4143 0.572667 114
4144 1.181886 114
4145 0.739763 114
4146 2.055368 114
4147 1.020307 114
4148 1.083842 114
4149 0.413611 113
4150 2.888580 112
4151 2.384482 112
4152 1.751696 112
4153 2.076848 112
4154 1.401937 112
4155 1.338268 112
4156 6.195580 112
4157 1.602723 112
4158 1.149116 112
4159 0.460973 110
4160 1.634321 112
4161 3.814527 112
4162 0.611164 110
4163 1.746973 112
4164 1.274955 112
4165 0.917661 112
4166 1.863631 111
4167 2.396348 112
4168 1.520375 112
4169 1.547875 112
4170 1.411455 112
4171 1.221643 112
4172 1.082768 112
4173 0.377482 112
4174 1.420920 112
4175 1.133348 112
4176 1.194795 112
4177 1.383152 112
4178 0.728829 111
4179 1.517804 112
4180 1.295268 112
4181 1.640339 112
4182 0.627559 111
4183 2.905545 112
4184 0.342252 111
4185 1.334411 112
4186 1.063250 112
4187 1.322786 112
4188 0.377259 112
4189 1.667991 112
4190 1.223598 112
4191 0.375438 112
4192 1.505670 112
4193 1.092009 112
4194 1.168964 112
4195 0.369649 111
4196 2.034857 112
4197 0.955429 112
4198 1.181589 112
4199 0.877652 112
4200 1.884621 116
4201 1.575767 116
4202 1.381629 116
4203 1.015241 116
4204 2.237647 116
4205 1.477836 116
4206 0.937690 116
4207 1.601457 116
4208 1.112530 115
4209 2.986629 116
4210 1.582103 116
4211 0.378526 116
4212 1.404086 116
4213 1.938741 116
4214 0.388096 115
4215 1.398181 116
4216 0.533655 116
4217 2.071621 116
4218 0.799330 115
4219 2.284526 116
4220 1.836052 116
4221 1.241474 116
4222 2.672957 116
4223 1.427233 116
4224 0.758216 116
4225 1.668310 116
4226 1.495948 116
4227 1.458966 116
4228 1.440836 116
4229 2.209724 116
4230 1.281353 116
4231 0.913147 116
4232 1.669328 116
4233 1.568259 116
4234 1.353060 116
4235 2.387379 116
4236 1.360672 116
4237 1.771284 116
4238 0.738070 114
4239 1.044164 116
4240 0.349070 115
4241 0.497513 115
4242 1.902138 116
4243 0.307707 116
4244 0.309293 116
4245 0.288509 116
4246 1.141233 116
4247 1.677724 116
4248 1.370931 116
4249 18.178457 116
4250 16.779059 101
4251 18.331931 101
4252 16.417620 100
4253 15.882871 101
4254 16.366238 101
4255 17.517297 101
4256 16.050495 101
4257 12.346762 101
4258 17.242327 101
4259 16.650356 101
4260 16.241277 101
4261 15.194673 101
4262 16.350703 101
4263 16.920545 101
4264 15.013851 101
4265 15.611465 101
4266 12.102891 101
4267 16.807752 101
4268 11.704545 101
4269 7.187673 101
4270 4.754158 101
4271 2.607099 101
4272 1.142663 101
4273 0.573277 101
4274 18.285782 101
4275 19.801802 101
4276 16.682880 100
4277 19.999630 100
4278 9.655129 101
4279 0.728277 101
4280 0.205420 100
4281 0.426386 101
4282 2.481931 101
4283 1.244850 100
4284 0.985010 100
4285 1.466940 100
4286 1.218000 100
4287 3.369317 101
4288 1.439703 101
4289 1.533158 101
4290 0.771030 101
4291 0.345430 100
4292 0.353327 101
4293 0.348220 100
4294 0.354720 100
4295 0.348280 100
4296 0.356370 100
4297 0.439850 100
4298 1.651822 101
4299 0.584386 101
4300 1.698067 105
4301 0.752305 105
4302 0.664457 105
4303 0.720733 105
4304 0.643105 105
4305 0.582038 105
4306 1.651829 105
4307 1.879410 105
4308 0.631029 104
4309 0.380981 104
4310 1.278457 105
4311 1.410381 105
4312 0.579260 104
4313 0.580848 105
4314 0.565404 104
4315 0.703419 105
4316 0.664173 104
4317 1.604781 105
4318 3.550181 105
4319 1.197381 105
4320 1.949419 105
4321 1.234606 104
4322 1.594260 104
4323 1.286029 104
4324 1.310615 104
4325 1.363162 105
4326 2.637838 105
4327 0.555798 104
4328 0.724210 105
4329 1.845952 105
4330 1.609314 105
4331 1.093476 105
4332 1.951371 105
4333 1.338543 105
4334 1.974800 105
4335 1.449467 105
4336 1.568267 105
4337 2.401524 105
4338 1.620600 105
4339 0.314379 103
4340 1.187848 105
4341 0.843105 105
4342 1.323981 105
4343 1.002771 105
4344 19.999743 105
4345 19.999724 105
4346 19.999705 105
4347 19.999714 105
4348 19.999733 105
4349 19.999724 105
4350 19.999874 103
4351 1.682096 104
4352 1.540433 104
4353 1.462462 104
4354 11.917000 104
4355 14.883019 104
4356 1.830452 104
4357 0.966962 104
4358 15.750183 104
4359 15.393135 104
4360 8.300750 104
4361 6.955096 104
4362 4.549702 104
4363 4.544856 104
4364 3.957495 103
4365 3.712505 103
4366 2.203544 103
4367 2.189447 103
4368 1.829981 103
4369 2.511845 103
4370 2.333359 103
4371 2.264786 103
4372 2.047874 103
4373 1.755000 103
4374 1.812485 103
4375 2.069058 103
4376 1.848192 104
4377 1.404058 103
4378 1.394359 103
4379 0.947212 104
4380 0.219320 103
4381 0.277824 102
4382 0.222294 102
4383 0.207431 102
4384 0.207676 102
4385 0.222825 103
4386 0.193765 102
4387 0.185686 102
4388 9.047202 104
4389 0.991173 104
4390 0.915125 104
4391 0.239010 103
4392 0.442252 103
4393 0.175184 103
4394 0.966577 104
4395 0.183471 104
4396 0.207621 103
4397 0.181269 104
4398 0.176320 103
4399 0.183019 103
4400 1.879195 87
4401 0.432977 86
4402 0.346694 85
4403 0.676407 86
4404 0.509541 85
4405 0.610512 86
4406 1.222437 87
4407 0.891736 87
4408 0.713721 86
4409 0.731488 86
4410 0.789140 86
4411 0.691395 86
4412 1.809023 87
4413 1.647759 87
4414 0.911138 87
4415 0.507640 86
4416 1.068012 86
4417 1.851322 87
4418 0.882659 85
4419 0.737906 85
4420 0.447326 86
4421 1.890023 87
4422 1.107291 86
4423 0.558506 85
4424 0.368942 86
4425 1.692506 87
4426 1.004640 86
4427 0.654465 86
4428 0.528674 86
4429 2.057862 87
4430 0.629814 86
4431 0.444919 86
4432 1.155628 86
4433 1.749943 87
4434 0.557241 87
4435 0.852678 87
4436 0.363184 87
4437 1.375966 87
4438 0.892628 86
4439 0.884259 85
4440 0.399235 85
4441 1.596747 87
4442 0.943360 86
4443 0.358965 85
4444 0.702565 85
4445 1.715184 87
4446 0.915814 86
4447 0.596523 86
4448 0.818116 86
4449 1.334931 87
4450 1.869485 101
4451 0.845020 101
4452 0.556168 101
4453 1.843050 101
4454 1.667545 101
4455 0.783172 99
4456 1.709762 101
4457 0.521495 99
4458 1.825277 101
4459 0.533080 100
4460 1.325713 101
4461 0.460510 100
4462 1.392851 101
4463 0.693640 100
4464 1.540970 101
4465 0.301430 100
4466 1.402089 101
4467 1.568762 101
4468 1.423030 101
4469 0.496880 100
4470 1.933762 101
4471 1.331079 101
4472 0.796470 100
4473 2.301653 101
4474 2.977680 100
4475 1.487416 101
4476 1.736079 101
4477 0.276760 100
4478 1.421703 101
4479 1.247020 101
4480 1.827475 101
4481 1.370475 101
4482 0.952850 100
4483 19.595545 101
4484 1.342950 101
4485 1.599119 101
4486 1.351604 101
4487 1.022802 101
4488 2.024089 101
4489 1.623149 101
4490 1.263129 101
4491 1.080881 101
4492 1.355594 101
4493 0.932426 101
4494 1.132366 101
4495 1.113347 101
4496 1.216832 101
4497 1.185426 101
4498 1.128050 101
4499 1.408713 101
