0 0.838028
1 0.838028
2 0.838028
3 0.838028
4 0.838028
5 0.838028
6 0.838028
7 0.830986
8 0.838028
9 0.838028
10 0.838028
11 0.838028
12 0.838028
13 0.838028
14 0.838028
15 0.838028
16 0.838028
17 0.838028
18 0.838028
19 0.830986
20 0.830986
21 0.838028
22 0.830986
23 0.838028
24 0.830986
25 0.838028
26 0.838028
27 0.838028
28 0.838028
29 0.838028
30 0.830986
31 0.838028
32 0.838028
33 0.838028
34 0.830986
35 0.830986
36 0.830986
37 0.838028
38 0.830986
39 0.830986
40 0.830986
41 0.838028
42 0.838028
43 0.838028
44 0.823944
45 0.838028
46 0.823944
47 0.838028
48 0.830986
49 0.838028
50 0.838028
51 0.838028
52 0.838028
53 0.838028
54 0.830986
55 0.838028
56 0.830986
57 0.838028
58 0.838028
59 0.838028
60 0.838028
61 0.838028
62 0.838028
63 0.838028
64 0.838028
65 0.838028
66 0.838028
67 0.838028
68 0.838028
69 0.838028
70 0.838028
71 0.830986
72 0.830986
73 0.838028
74 0.838028
75 0.838028
76 0.830986
77 0.830986
78 0.830986
79 0.830986
80 0.838028
81 0.838028
82 0.838028
83 0.838028
84 0.830986
85 0.838028
86 0.830986
87 0.830986
88 0.830986
89 0.838028
90 0.838028
91 0.838028
92 0.838028
93 0.838028
94 0.838028
95 0.838028
96 0.838028
97 0.838028
98 0.830986
99 0.838028
100 0.676056
101 0.669014
102 0.669014
103 0.669014
104 0.676056
105 0.669014
106 0.669014
107 0.676056
108 0.669014
109 0.676056
110 0.676056
111 0.676056
112 0.676056
113 0.676056
114 0.669014
115 0.661972
116 0.676056
117 0.676056
118 0.676056
119 0.669014
120 0.676056
121 0.676056
122 0.676056
123 0.676056
124 0.676056
125 0.676056
126 0.676056
127 0.676056
128 0.676056
129 0.676056
130 0.676056
131 0.676056
132 0.676056
133 0.676056
134 0.669014
135 0.669014
136 0.676056
137 0.676056
138 0.669014
139 0.669014
140 0.669014
141 0.676056
142 0.669014
143 0.676056
144 0.676056
145 0.676056
146 0.676056
147 0.676056
148 0.676056
149 0.676056
150 0.760563
151 0.760563
152 0.760563
153 0.760563
154 0.760563
155 0.760563
156 0.760563
157 0.760563
158 0.760563
159 0.760563
160 0.760563
161 0.760563
162 0.760563
163 0.760563
164 0.760563
165 0.746479
166 0.746479
167 0.760563
168 0.760563
169 0.760563
170 0.753521
171 0.760563
172 0.760563
173 0.753521
174 0.753521
175 0.760563
176 0.753521
177 0.753521
178 0.760563
179 0.753521
180 0.753521
181 0.753521
182 0.753521
183 0.753521
184 0.753521
185 0.753521
186 0.753521
187 0.753521
188 0.760563
189 0.753521
190 0.753521
191 0.760563
192 0.753521
193 0.753521
194 0.753521
195 0.753521
196 0.753521
197 0.753521
198 0.753521
199 0.760563
200 0.732394
201 0.732394
202 0.732394
203 0.732394
204 0.732394
205 0.725352
206 0.725352
207 0.725352
208 0.725352
209 0.725352
210 0.725352
211 0.725352
212 0.725352
213 0.725352
214 0.725352
215 0.725352
216 0.725352
217 0.725352
218 0.725352
219 0.725352
220 0.725352
221 0.725352
222 0.725352
223 0.725352
224 0.725352
225 0.725352
226 0.732394
227 0.732394
228 0.725352
229 0.725352
230 0.725352
231 0.725352
232 0.725352
233 0.725352
234 0.725352
235 0.732394
236 0.732394
237 0.725352
238 0.725352
239 0.725352
240 0.725352
241 0.725352
242 0.725352
243 0.732394
244 0.725352
245 0.725352
246 0.725352
247 0.725352
248 0.725352
249 0.725352
250 0.767606
251 0.767606
252 0.767606
253 0.760563
254 0.760563
255 0.760563
256 0.760563
257 0.760563
258 0.767606
259 0.760563
260 0.760563
261 0.760563
262 0.767606
263 0.760563
264 0.760563
265 0.767606
266 0.760563
267 0.760563
268 0.767606
269 0.760563
270 0.760563
271 0.760563
272 0.760563
273 0.760563
274 0.760563
275 0.760563
276 0.760563
277 0.760563
278 0.760563
279 0.760563
280 0.760563
281 0.760563
282 0.760563
283 0.760563
284 0.767606
285 0.760563
286 0.760563
287 0.760563
288 0.760563
289 0.760563
290 0.760563
291 0.760563
292 0.760563
293 0.760563
294 0.760563
295 0.767606
296 0.760563
297 0.760563
298 0.760563
299 0.767606
300 0.774648
301 0.774648
302 0.767606
303 0.767606
304 0.767606
305 0.767606
306 0.774648
307 0.774648
308 0.767606
309 0.767606
310 0.767606
311 0.767606
312 0.767606
313 0.767606
314 0.767606
315 0.767606
316 0.767606
317 0.767606
318 0.767606
319 0.774648
320 0.774648
321 0.767606
322 0.767606
323 0.767606
324 0.767606
325 0.767606
326 0.774648
327 0.767606
328 0.767606
329 0.774648
330 0.767606
331 0.767606
332 0.767606
333 0.760563
334 0.760563
335 0.760563
336 0.767606
337 0.760563
338 0.760563
339 0.767606
340 0.760563
341 0.760563
342 0.767606
343 0.760563
344 0.760563
345 0.760563
346 0.767606
347 0.760563
348 0.760563
349 0.760563
350 0.809859
351 0.802817
352 0.802817
353 0.802817
354 0.802817
355 0.802817
356 0.809859
357 0.802817
358 0.802817
359 0.802817
360 0.802817
361 0.802817
362 0.802817
363 0.809859
364 0.809859
365 0.802817
366 0.802817
367 0.802817
368 0.802817
369 0.809859
370 0.809859
371 0.809859
372 0.809859
373 0.809859
374 0.809859
375 0.802817
376 0.802817
377 0.802817
378 0.802817
379 0.802817
380 0.802817
381 0.802817
382 0.802817
383 0.802817
384 0.802817
385 0.809859
386 0.802817
387 0.802817
388 0.809859
389 0.802817
390 0.809859
391 0.802817
392 0.809859
393 0.802817
394 0.802817
395 0.809859
396 0.802817
397 0.802817
398 0.809859
399 0.802817
400 0.767606
401 0.767606
402 0.760563
403 0.760563
404 0.760563
405 0.760563
406 0.760563
407 0.760563
408 0.760563
409 0.760563
410 0.767606
411 0.760563
412 0.760563
413 0.767606
414 0.760563
415 0.760563
416 0.760563
417 0.760563
418 0.760563
419 0.760563
420 0.767606
421 0.760563
422 0.760563
423 0.760563
424 0.760563
425 0.760563
426 0.760563
427 0.767606
428 0.760563
429 0.760563
430 0.767606
431 0.760563
432 0.760563
433 0.767606
434 0.760563
435 0.760563
436 0.760563
437 0.760563
438 0.760563
439 0.760563
440 0.767606
441 0.760563
442 0.760563
443 0.760563
444 0.760563
445 0.760563
446 0.760563
447 0.760563
448 0.767606
449 0.760563
450 0.781690
451 0.774648
452 0.774648
453 0.774648
454 0.774648
455 0.774648
456 0.774648
457 0.774648
458 0.774648
459 0.781690
460 0.781690
461 0.781690
462 0.774648
463 0.781690
464 0.774648
465 0.781690
466 0.767606
467 0.767606
468 0.767606
469 0.767606
470 0.774648
471 0.767606
472 0.767606
473 0.767606
474 0.767606
475 0.767606
476 0.774648
477 0.767606
478 0.767606
479 0.767606
480 0.774648
481 0.767606
482 0.781690
483 0.781690
484 0.774648
485 0.774648
486 0.781690
487 0.781690
488 0.774648
489 0.781690
490 0.781690
491 0.774648
492 0.774648
493 0.781690
494 0.774648
495 0.781690
496 0.781690
497 0.767606
498 0.781690
499 0.781690
500 0.830986
501 0.830986
502 0.823944
503 0.830986
504 0.830986
505 0.823944
506 0.823944
507 0.823944
508 0.830986
509 0.823944
510 0.830986
511 0.830986
512 0.830986
513 0.830986
514 0.830986
515 0.830986
516 0.830986
517 0.830986
518 0.830986
519 0.830986
520 0.830986
521 0.830986
522 0.830986
523 0.830986
524 0.830986
525 0.830986
526 0.830986
527 0.830986
528 0.830986
529 0.830986
530 0.830986
531 0.823944
532 0.830986
533 0.830986
534 0.830986
535 0.830986
536 0.830986
537 0.830986
538 0.830986
539 0.823944
540 0.823944
541 0.830986
542 0.830986
543 0.830986
544 0.809859
545 0.830986
546 0.830986
547 0.830986
548 0.830986
549 0.823944
550 0.746479
551 0.746479
552 0.746479
553 0.746479
554 0.746479
555 0.746479
556 0.746479
557 0.746479
558 0.746479
559 0.746479
560 0.746479
561 0.746479
562 0.746479
563 0.746479
564 0.746479
565 0.746479
566 0.746479
567 0.746479
568 0.746479
569 0.746479
570 0.739437
571 0.746479
572 0.739437
573 0.739437
574 0.739437
575 0.739437
576 0.739437
577 0.739437
578 0.746479
579 0.746479
580 0.746479
581 0.746479
582 0.746479
583 0.746479
584 0.746479
585 0.746479
586 0.746479
587 0.746479
588 0.746479
589 0.746479
590 0.739437
591 0.746479
592 0.746479
593 0.746479
594 0.746479
595 0.746479
596 0.746479
597 0.746479
598 0.746479
599 0.746479
600 0.823944
601 0.823944
602 0.823944
603 0.823944
604 0.823944
605 0.823944
606 0.823944
607 0.823944
608 0.823944
609 0.823944
610 0.823944
611 0.823944
612 0.816901
613 0.816901
614 0.823944
615 0.816901
616 0.823944
617 0.816901
618 0.823944
619 0.753521
620 0.823944
621 0.823944
622 0.823944
623 0.816901
624 0.823944
625 0.809859
626 0.823944
627 0.816901
628 0.823944
629 0.816901
630 0.823944
631 0.802817
632 0.809859
633 0.802817
634 0.823944
635 0.809859
636 0.823944
637 0.823944
638 0.823944
639 0.823944
640 0.823944
641 0.816901
642 0.823944
643 0.823944
644 0.823944
645 0.823944
646 0.823944
647 0.823944
648 0.823944
649 0.823944
650 0.795775
651 0.795775
652 0.788732
653 0.795775
654 0.795775
655 0.795775
656 0.788732
657 0.795775
658 0.795775
659 0.795775
660 0.788732
661 0.795775
662 0.788732
663 0.795775
664 0.795775
665 0.795775
666 0.795775
667 0.795775
668 0.795775
669 0.795775
670 0.788732
671 0.795775
672 0.795775
673 0.788732
674 0.795775
675 0.795775
676 0.795775
677 0.795775
678 0.795775
679 0.795775
680 0.795775
681 0.795775
682 0.795775
683 0.795775
684 0.795775
685 0.795775
686 0.795775
687 0.795775
688 0.795775
689 0.795775
690 0.795775
691 0.795775
692 0.795775
693 0.795775
694 0.795775
695 0.795775
696 0.795775
697 0.795775
698 0.795775
699 0.795775
700 0.732394
701 0.732394
702 0.732394
703 0.732394
704 0.732394
705 0.732394
706 0.732394
707 0.732394
708 0.732394
709 0.732394
710 0.732394
711 0.732394
712 0.732394
713 0.732394
714 0.732394
715 0.732394
716 0.732394
717 0.732394
718 0.732394
719 0.732394
720 0.732394
721 0.732394
722 0.732394
723 0.732394
724 0.732394
725 0.732394
726 0.732394
727 0.732394
728 0.725352
729 0.725352
730 0.725352
731 0.725352
732 0.725352
733 0.725352
734 0.725352
735 0.732394
736 0.732394
737 0.732394
738 0.732394
739 0.725352
740 0.725352
741 0.732394
742 0.725352
743 0.725352
744 0.732394
745 0.732394
746 0.732394
747 0.725352
748 0.725352
749 0.732394
750 0.725352
751 0.725352
752 0.725352
753 0.718310
754 0.725352
755 0.725352
756 0.725352
757 0.725352
758 0.718310
759 0.718310
760 0.718310
761 0.718310
762 0.725352
763 0.725352
764 0.718310
765 0.725352
766 0.711268
767 0.711268
768 0.725352
769 0.718310
770 0.725352
771 0.725352
772 0.718310
773 0.725352
774 0.725352
775 0.725352
776 0.725352
777 0.725352
778 0.725352
779 0.725352
780 0.725352
781 0.725352
782 0.725352
783 0.725352
784 0.725352
785 0.725352
786 0.718310
787 0.725352
788 0.718310
789 0.725352
790 0.725352
791 0.725352
792 0.725352
793 0.725352
794 0.725352
795 0.725352
796 0.725352
797 0.725352
798 0.725352
799 0.725352
800 0.816901
801 0.816901
802 0.816901
803 0.816901
804 0.809859
805 0.816901
806 0.816901
807 0.816901
808 0.816901
809 0.816901
810 0.816901
811 0.816901
812 0.816901
813 0.802817
814 0.816901
815 0.816901
816 0.816901
817 0.816901
818 0.816901
819 0.816901
820 0.816901
821 0.816901
822 0.816901
823 0.816901
824 0.816901
825 0.816901
826 0.816901
827 0.816901
828 0.816901
829 0.816901
830 0.816901
831 0.816901
832 0.816901
833 0.816901
834 0.816901
835 0.816901
836 0.816901
837 0.816901
838 0.816901
839 0.816901
840 0.816901
841 0.816901
842 0.816901
843 0.816901
844 0.816901
845 0.816901
846 0.816901
847 0.816901
848 0.816901
849 0.816901
850 0.802817
851 0.802817
852 0.795775
853 0.802817
854 0.802817
855 0.802817
856 0.795775
857 0.802817
858 0.795775
859 0.795775
860 0.802817
861 0.802817
862 0.802817
863 0.802817
864 0.802817
865 0.802817
866 0.802817
867 0.802817
868 0.795775
869 0.795775
870 0.795775
871 0.795775
872 0.795775
873 0.795775
874 0.795775
875 0.795775
876 0.795775
877 0.795775
878 0.795775
879 0.795775
880 0.802817
881 0.795775
882 0.795775
883 0.795775
884 0.795775
885 0.795775
886 0.795775
887 0.802817
888 0.795775
889 0.795775
890 0.795775
891 0.795775
892 0.802817
893 0.802817
894 0.795775
895 0.802817
896 0.795775
897 0.795775
898 0.802817
899 0.795775
900 0.767606
901 0.767606
902 0.767606
903 0.767606
904 0.760563
905 0.767606
906 0.760563
907 0.760563
908 0.767606
909 0.767606
910 0.767606
911 0.767606
912 0.753521
913 0.753521
914 0.767606
915 0.753521
916 0.767606
917 0.767606
918 0.760563
919 0.760563
920 0.760563
921 0.760563
922 0.760563
923 0.767606
924 0.760563
925 0.760563
926 0.760563
927 0.760563
928 0.760563
929 0.760563
930 0.760563
931 0.767606
932 0.767606
933 0.767606
934 0.760563
935 0.760563
936 0.760563
937 0.760563
938 0.760563
939 0.767606
940 0.760563
941 0.760563
942 0.760563
943 0.760563
944 0.767606
945 0.767606
946 0.767606
947 0.767606
948 0.767606
949 0.760563
950 0.767606
951 0.767606
952 0.760563
953 0.760563
954 0.760563
955 0.753521
956 0.760563
957 0.753521
958 0.753521
959 0.753521
960 0.760563
961 0.753521
962 0.753521
963 0.760563
964 0.760563
965 0.760563
966 0.753521
967 0.760563
968 0.753521
969 0.753521
970 0.753521
971 0.753521
972 0.760563
973 0.760563
974 0.760563
975 0.753521
976 0.760563
977 0.760563
978 0.760563
979 0.760563
980 0.760563
981 0.760563
982 0.760563
983 0.760563
984 0.760563
985 0.760563
986 0.760563
987 0.760563
988 0.760563
989 0.760563
990 0.760563
991 0.760563
992 0.760563
993 0.760563
994 0.760563
995 0.760563
996 0.760563
997 0.760563
998 0.760563
999 0.760563
1000 0.619718
1001 0.619718
1002 0.619718
1003 0.619718
1004 0.619718
1005 0.619718
1006 0.619718
1007 0.619718
1008 0.619718
1009 0.619718
1010 0.619718
1011 0.619718
1012 0.619718
1013 0.619718
1014 0.619718
1015 0.619718
1016 0.619718
1017 0.612676
1018 0.612676
1019 0.612676
1020 0.619718
1021 0.619718
1022 0.619718
1023 0.612676
1024 0.612676
1025 0.612676
1026 0.612676
1027 0.612676
1028 0.612676
1029 0.619718
1030 0.612676
1031 0.612676
1032 0.619718
1033 0.612676
1034 0.605634
1035 0.619718
1036 0.612676
1037 0.619718
1038 0.612676
1039 0.612676
1040 0.619718
1041 0.619718
1042 0.619718
1043 0.619718
1044 0.612676
1045 0.612676
1046 0.619718
1047 0.612676
1048 0.612676
1049 0.619718
1050 0.753521
1051 0.753521
1052 0.746479
1053 0.753521
1054 0.753521
1055 0.753521
1056 0.746479
1057 0.746479
1058 0.753521
1059 0.753521
1060 0.746479
1061 0.753521
1062 0.746479
1063 0.746479
1064 0.746479
1065 0.746479
1066 0.746479
1067 0.753521
1068 0.746479
1069 0.746479
1070 0.746479
1071 0.746479
1072 0.746479
1073 0.753521
1074 0.753521
1075 0.746479
1076 0.746479
1077 0.746479
1078 0.753521
1079 0.746479
1080 0.746479
1081 0.746479
1082 0.746479
1083 0.746479
1084 0.753521
1085 0.746479
1086 0.746479
1087 0.753521
1088 0.746479
1089 0.746479
1090 0.753521
1091 0.753521
1092 0.746479
1093 0.753521
1094 0.753521
1095 0.753521
1096 0.753521
1097 0.746479
1098 0.746479
1099 0.746479
1100 0.859155
1101 0.859155
1102 0.859155
1103 0.859155
1104 0.859155
1105 0.859155
1106 0.859155
1107 0.859155
1108 0.859155
1109 0.852113
1110 0.852113
1111 0.852113
1112 0.859155
1113 0.852113
1114 0.859155
1115 0.859155
1116 0.859155
1117 0.859155
1118 0.859155
1119 0.859155
1120 0.859155
1121 0.859155
1122 0.859155
1123 0.852113
1124 0.852113
1125 0.859155
1126 0.859155
1127 0.852113
1128 0.852113
1129 0.859155
1130 0.859155
1131 0.859155
1132 0.859155
1133 0.852113
1134 0.859155
1135 0.859155
1136 0.852113
1137 0.859155
1138 0.852113
1139 0.859155
1140 0.859155
1141 0.852113
1142 0.859155
1143 0.859155
1144 0.852113
1145 0.859155
1146 0.859155
1147 0.852113
1148 0.859155
1149 0.859155
1150 0.781690
1151 0.781690
1152 0.781690
1153 0.781690
1154 0.774648
1155 0.781690
1156 0.781690
1157 0.774648
1158 0.781690
1159 0.774648
1160 0.781690
1161 0.774648
1162 0.781690
1163 0.774648
1164 0.774648
1165 0.781690
1166 0.781690
1167 0.781690
1168 0.781690
1169 0.781690
1170 0.781690
1171 0.781690
1172 0.781690
1173 0.774648
1174 0.781690
1175 0.774648
1176 0.781690
1177 0.774648
1178 0.781690
1179 0.767606
1180 0.781690
1181 0.774648
1182 0.781690
1183 0.781690
1184 0.781690
1185 0.774648
1186 0.781690
1187 0.781690
1188 0.781690
1189 0.781690
1190 0.781690
1191 0.781690
1192 0.781690
1193 0.781690
1194 0.774648
1195 0.781690
1196 0.774648
1197 0.781690
1198 0.781690
1199 0.774648
1200 0.795775
1201 0.795775
1202 0.795775
1203 0.795775
1204 0.795775
1205 0.795775
1206 0.795775
1207 0.795775
1208 0.795775
1209 0.795775
1210 0.795775
1211 0.795775
1212 0.795775
1213 0.795775
1214 0.795775
1215 0.795775
1216 0.795775
1217 0.795775
1218 0.795775
1219 0.795775
1220 0.795775
1221 0.795775
1222 0.795775
1223 0.795775
1224 0.795775
1225 0.795775
1226 0.795775
1227 0.795775
1228 0.795775
1229 0.795775
1230 0.795775
1231 0.795775
1232 0.795775
1233 0.795775
1234 0.795775
1235 0.795775
1236 0.795775
1237 0.795775
1238 0.795775
1239 0.795775
1240 0.795775
1241 0.795775
1242 0.795775
1243 0.795775
1244 0.795775
1245 0.795775
1246 0.795775
1247 0.795775
1248 0.795775
1249 0.795775
1250 0.809859
1251 0.809859
1252 0.802817
1253 0.802817
1254 0.809859
1255 0.809859
1256 0.802817
1257 0.809859
1258 0.809859
1259 0.809859
1260 0.809859
1261 0.809859
1262 0.809859
1263 0.809859
1264 0.809859
1265 0.809859
1266 0.809859
1267 0.809859
1268 0.809859
1269 0.809859
1270 0.802817
1271 0.809859
1272 0.802817
1273 0.802817
1274 0.795775
1275 0.795775
1276 0.795775
1277 0.802817
1278 0.802817
1279 0.802817
1280 0.802817
1281 0.802817
1282 0.802817
1283 0.802817
1284 0.802817
1285 0.802817
1286 0.795775
1287 0.795775
1288 0.802817
1289 0.802817
1290 0.802817
1291 0.802817
1292 0.802817
1293 0.802817
1294 0.802817
1295 0.802817
1296 0.802817
1297 0.802817
1298 0.802817
1299 0.802817
1300 0.781690
1301 0.781690
1302 0.781690
1303 0.781690
1304 0.774648
1305 0.781690
1306 0.781690
1307 0.781690
1308 0.774648
1309 0.774648
1310 0.781690
1311 0.774648
1312 0.774648
1313 0.774648
1314 0.781690
1315 0.781690
1316 0.774648
1317 0.781690
1318 0.781690
1319 0.781690
1320 0.781690
1321 0.774648
1322 0.781690
1323 0.774648
1324 0.781690
1325 0.781690
1326 0.781690
1327 0.781690
1328 0.781690
1329 0.781690
1330 0.781690
1331 0.781690
1332 0.781690
1333 0.781690
1334 0.781690
1335 0.774648
1336 0.774648
1337 0.774648
1338 0.774648
1339 0.774648
1340 0.774648
1341 0.774648
1342 0.774648
1343 0.774648
1344 0.774648
1345 0.774648
1346 0.774648
1347 0.774648
1348 0.774648
1349 0.774648
1350 0.704225
1351 0.704225
1352 0.704225
1353 0.704225
1354 0.704225
1355 0.704225
1356 0.704225
1357 0.704225
1358 0.704225
1359 0.704225
1360 0.704225
1361 0.704225
1362 0.704225
1363 0.704225
1364 0.704225
1365 0.704225
1366 0.704225
1367 0.704225
1368 0.704225
1369 0.704225
1370 0.704225
1371 0.704225
1372 0.704225
1373 0.704225
1374 0.704225
1375 0.704225
1376 0.704225
1377 0.704225
1378 0.704225
1379 0.704225
1380 0.704225
1381 0.704225
1382 0.704225
1383 0.704225
1384 0.704225
1385 0.704225
1386 0.704225
1387 0.704225
1388 0.704225
1389 0.704225
1390 0.704225
1391 0.704225
1392 0.704225
1393 0.704225
1394 0.704225
1395 0.704225
1396 0.704225
1397 0.704225
1398 0.704225
1399 0.704225
1400 0.704225
1401 0.704225
1402 0.704225
1403 0.697183
1404 0.697183
1405 0.704225
1406 0.697183
1407 0.697183
1408 0.697183
1409 0.697183
1410 0.704225
1411 0.697183
1412 0.697183
1413 0.697183
1414 0.697183
1415 0.697183
1416 0.697183
1417 0.704225
1418 0.697183
1419 0.697183
1420 0.697183
1421 0.697183
1422 0.697183
1423 0.704225
1424 0.697183
1425 0.697183
1426 0.697183
1427 0.697183
1428 0.697183
1429 0.697183
1430 0.697183
1431 0.697183
1432 0.697183
1433 0.704225
1434 0.704225
1435 0.704225
1436 0.704225
1437 0.697183
1438 0.704225
1439 0.697183
1440 0.704225
1441 0.697183
1442 0.704225
1443 0.704225
1444 0.704225
1445 0.697183
1446 0.697183
1447 0.697183
1448 0.697183
1449 0.704225
1450 0.654930
1451 0.654930
1452 0.654930
1453 0.654930
1454 0.654930
1455 0.654930
1456 0.654930
1457 0.654930
1458 0.654930
1459 0.654930
1460 0.654930
1461 0.647887
1462 0.654930
1463 0.647887
1464 0.654930
1465 0.654930
1466 0.647887
1467 0.647887
1468 0.654930
1469 0.654930
1470 0.654930
1471 0.654930
1472 0.647887
1473 0.647887
1474 0.654930
1475 0.654930
1476 0.654930
1477 0.654930
1478 0.654930
1479 0.654930
1480 0.654930
1481 0.654930
1482 0.654930
1483 0.654930
1484 0.654930
1485 0.654930
1486 0.654930
1487 0.654930
1488 0.654930
1489 0.654930
1490 0.654930
1491 0.654930
1492 0.654930
1493 0.654930
1494 0.654930
1495 0.654930
1496 0.654930
1497 0.654930
1498 0.654930
1499 0.654930
1500 0.774648
1501 0.774648
1502 0.774648
1503 0.774648
1504 0.774648
1505 0.774648
1506 0.774648
1507 0.774648
1508 0.774648
1509 0.774648
1510 0.774648
1511 0.774648
1512 0.774648
1513 0.774648
1514 0.774648
1515 0.774648
1516 0.760563
1517 0.774648
1518 0.774648
1519 0.767606
1520 0.767606
1521 0.774648
1522 0.767606
1523 0.767606
1524 0.767606
1525 0.767606
1526 0.767606
1527 0.767606
1528 0.774648
1529 0.774648
1530 0.774648
1531 0.774648
1532 0.774648
1533 0.774648
1534 0.767606
1535 0.767606
1536 0.774648
1537 0.767606
1538 0.774648
1539 0.767606
1540 0.774648
1541 0.767606
1542 0.767606
1543 0.767606
1544 0.774648
1545 0.774648
1546 0.774648
1547 0.774648
1548 0.774648
1549 0.767606
1550 0.852113
1551 0.852113
1552 0.852113
1553 0.852113
1554 0.852113
1555 0.852113
1556 0.852113
1557 0.852113
1558 0.852113
1559 0.852113
1560 0.852113
1561 0.852113
1562 0.852113
1563 0.852113
1564 0.852113
1565 0.852113
1566 0.852113
1567 0.852113
1568 0.852113
1569 0.852113
1570 0.852113
1571 0.852113
1572 0.852113
1573 0.852113
1574 0.852113
1575 0.852113
1576 0.852113
1577 0.852113
1578 0.852113
1579 0.852113
1580 0.852113
1581 0.852113
1582 0.852113
1583 0.852113
1584 0.852113
1585 0.852113
1586 0.852113
1587 0.845070
1588 0.845070
1589 0.852113
1590 0.845070
1591 0.845070
1592 0.845070
1593 0.845070
1594 0.845070
1595 0.845070
1596 0.845070
1597 0.845070
1598 0.852113
1599 0.852113
1600 0.802817
1601 0.802817
1602 0.802817
1603 0.788732
1604 0.788732
1605 0.802817
1606 0.802817
1607 0.802817
1608 0.802817
1609 0.802817
1610 0.802817
1611 0.802817
1612 0.795775
1613 0.802817
1614 0.802817
1615 0.802817
1616 0.802817
1617 0.795775
1618 0.795775
1619 0.802817
1620 0.802817
1621 0.795775
1622 0.795775
1623 0.802817
1624 0.802817
1625 0.795775
1626 0.802817
1627 0.795775
1628 0.802817
1629 0.795775
1630 0.802817
1631 0.795775
1632 0.802817
1633 0.795775
1634 0.795775
1635 0.802817
1636 0.802817
1637 0.802817
1638 0.795775
1639 0.802817
1640 0.802817
1641 0.802817
1642 0.802817
1643 0.795775
1644 0.802817
1645 0.795775
1646 0.802817
1647 0.781690
1648 0.802817
1649 0.802817
1650 0.732394
1651 0.732394
1652 0.732394
1653 0.732394
1654 0.732394
1655 0.732394
1656 0.732394
1657 0.732394
1658 0.732394
1659 0.732394
1660 0.732394
1661 0.732394
1662 0.732394
1663 0.732394
1664 0.732394
1665 0.725352
1666 0.725352
1667 0.732394
1668 0.725352
1669 0.718310
1670 0.732394
1671 0.725352
1672 0.732394
1673 0.725352
1674 0.725352
1675 0.725352
1676 0.732394
1677 0.732394
1678 0.725352
1679 0.725352
1680 0.725352
1681 0.732394
1682 0.732394
1683 0.725352
1684 0.725352
1685 0.732394
1686 0.732394
1687 0.732394
1688 0.732394
1689 0.732394
1690 0.732394
1691 0.732394
1692 0.732394
1693 0.732394
1694 0.732394
1695 0.725352
1696 0.732394
1697 0.732394
1698 0.732394
1699 0.732394
1700 0.690141
1701 0.690141
1702 0.690141
1703 0.690141
1704 0.683099
1705 0.690141
1706 0.690141
1707 0.690141
1708 0.683099
1709 0.683099
1710 0.690141
1711 0.683099
1712 0.683099
1713 0.690141
1714 0.690141
1715 0.690141
1716 0.690141
1717 0.683099
1718 0.683099
1719 0.690141
1720 0.690141
1721 0.690141
1722 0.690141
1723 0.690141
1724 0.690141
1725 0.690141
1726 0.690141
1727 0.690141
1728 0.690141
1729 0.690141
1730 0.690141
1731 0.690141
1732 0.690141
1733 0.690141
1734 0.690141
1735 0.690141
1736 0.690141
1737 0.690141
1738 0.690141
1739 0.690141
1740 0.690141
1741 0.690141
1742 0.690141
1743 0.690141
1744 0.690141
1745 0.690141
1746 0.690141
1747 0.690141
1748 0.690141
1749 0.690141
1750 0.866197
1751 0.866197
1752 0.866197
1753 0.866197
1754 0.866197
1755 0.866197
1756 0.866197
1757 0.866197
1758 0.866197
1759 0.866197
1760 0.859155
1761 0.859155
1762 0.859155
1763 0.859155
1764 0.859155
1765 0.859155
1766 0.859155
1767 0.859155
1768 0.859155
1769 0.866197
1770 0.866197
1771 0.866197
1772 0.866197
1773 0.866197
1774 0.866197
1775 0.866197
1776 0.866197
1777 0.866197
1778 0.866197
1779 0.866197
1780 0.866197
1781 0.866197
1782 0.866197
1783 0.866197
1784 0.866197
1785 0.866197
1786 0.866197
1787 0.866197
1788 0.866197
1789 0.866197
1790 0.866197
1791 0.866197
1792 0.866197
1793 0.866197
1794 0.866197
1795 0.866197
1796 0.866197
1797 0.866197
1798 0.866197
1799 0.866197
1800 0.830986
1801 0.830986
1802 0.830986
1803 0.830986
1804 0.823944
1805 0.830986
1806 0.830986
1807 0.830986
1808 0.830986
1809 0.830986
1810 0.830986
1811 0.830986
1812 0.830986
1813 0.830986
1814 0.823944
1815 0.823944
1816 0.830986
1817 0.830986
1818 0.830986
1819 0.830986
1820 0.830986
1821 0.830986
1822 0.830986
1823 0.823944
1824 0.823944
1825 0.830986
1826 0.830986
1827 0.830986
1828 0.823944
1829 0.823944
1830 0.830986
1831 0.830986
1832 0.823944
1833 0.830986
1834 0.830986
1835 0.830986
1836 0.830986
1837 0.830986
1838 0.830986
1839 0.830986
1840 0.830986
1841 0.830986
1842 0.830986
1843 0.830986
1844 0.830986
1845 0.830986
1846 0.830986
1847 0.830986
1848 0.830986
1849 0.830986
1850 0.788732
1851 0.788732
1852 0.788732
1853 0.788732
1854 0.781690
1855 0.788732
1856 0.788732
1857 0.788732
1858 0.788732
1859 0.788732
1860 0.788732
1861 0.788732
1862 0.788732
1863 0.788732
1864 0.781690
1865 0.781690
1866 0.788732
1867 0.781690
1868 0.788732
1869 0.774648
1870 0.788732
1871 0.788732
1872 0.788732
1873 0.788732
1874 0.788732
1875 0.788732
1876 0.788732
1877 0.788732
1878 0.781690
1879 0.781690
1880 0.788732
1881 0.788732
1882 0.781690
1883 0.781690
1884 0.788732
1885 0.788732
1886 0.781690
1887 0.788732
1888 0.788732
1889 0.781690
1890 0.788732
1891 0.788732
1892 0.788732
1893 0.788732
1894 0.788732
1895 0.781690
1896 0.781690
1897 0.788732
1898 0.788732
1899 0.788732
1900 0.781690
1901 0.781690
1902 0.781690
1903 0.781690
1904 0.781690
1905 0.781690
1906 0.774648
1907 0.774648
1908 0.781690
1909 0.767606
1910 0.767606
1911 0.767606
1912 0.781690
1913 0.774648
1914 0.767606
1915 0.767606
1916 0.774648
1917 0.781690
1918 0.767606
1919 0.767606
1920 0.767606
1921 0.767606
1922 0.767606
1923 0.774648
1924 0.767606
1925 0.767606
1926 0.767606
1927 0.774648
1928 0.774648
1929 0.767606
1930 0.767606
1931 0.767606
1932 0.774648
1933 0.767606
1934 0.774648
1935 0.774648
1936 0.781690
1937 0.774648
1938 0.774648
1939 0.781690
1940 0.781690
1941 0.774648
1942 0.781690
1943 0.781690
1944 0.774648
1945 0.774648
1946 0.781690
1947 0.781690
1948 0.774648
1949 0.781690
1950 0.746479
1951 0.746479
1952 0.746479
1953 0.746479
1954 0.746479
1955 0.739437
1956 0.746479
1957 0.746479
1958 0.746479
1959 0.739437
1960 0.746479
1961 0.746479
1962 0.746479
1963 0.746479
1964 0.746479
1965 0.746479
1966 0.746479
1967 0.746479
1968 0.746479
1969 0.746479
1970 0.746479
1971 0.746479
1972 0.746479
1973 0.746479
1974 0.746479
1975 0.746479
1976 0.746479
1977 0.746479
1978 0.746479
1979 0.746479
1980 0.746479
1981 0.746479
1982 0.739437
1983 0.746479
1984 0.739437
1985 0.746479
1986 0.739437
1987 0.746479
1988 0.746479
1989 0.739437
1990 0.746479
1991 0.732394
1992 0.739437
1993 0.732394
1994 0.746479
1995 0.746479
1996 0.746479
1997 0.746479
1998 0.739437
1999 0.739437
2000 0.830986
2001 0.830986
2002 0.830986
2003 0.830986
2004 0.830986
2005 0.830986
2006 0.823944
2007 0.830986
2008 0.816901
2009 0.830986
2010 0.830986
2011 0.830986
2012 0.830986
2013 0.823944
2014 0.830986
2015 0.830986
2016 0.830986
2017 0.830986
2018 0.830986
2019 0.830986
2020 0.816901
2021 0.830986
2022 0.830986
2023 0.830986
2024 0.830986
2025 0.830986
2026 0.830986
2027 0.830986
2028 0.830986
2029 0.830986
2030 0.830986
2031 0.830986
2032 0.830986
2033 0.830986
2034 0.830986
2035 0.830986
2036 0.830986
2037 0.830986
2038 0.830986
2039 0.830986
2040 0.830986
2041 0.823944
2042 0.823944
2043 0.830986
2044 0.830986
2045 0.830986
2046 0.823944
2047 0.823944
2048 0.816901
2049 0.830986
2050 0.852113
2051 0.852113
2052 0.852113
2053 0.852113
2054 0.838028
2055 0.845070
2056 0.852113
2057 0.845070
2058 0.845070
2059 0.845070
2060 0.845070
2061 0.845070
2062 0.852113
2063 0.852113
2064 0.852113
2065 0.845070
2066 0.852113
2067 0.852113
2068 0.852113
2069 0.852113
2070 0.852113
2071 0.852113
2072 0.852113
2073 0.852113
2074 0.852113
2075 0.852113
2076 0.852113
2077 0.845070
2078 0.852113
2079 0.838028
2080 0.852113
2081 0.852113
2082 0.852113
2083 0.852113
2084 0.852113
2085 0.852113
2086 0.852113
2087 0.852113
2088 0.852113
2089 0.852113
2090 0.852113
2091 0.852113
2092 0.852113
2093 0.845070
2094 0.852113
2095 0.845070
2096 0.852113
2097 0.852113
2098 0.852113
2099 0.852113
2100 0.774648
2101 0.774648
2102 0.774648
2103 0.774648
2104 0.760563
2105 0.767606
2106 0.774648
2107 0.774648
2108 0.774648
2109 0.774648
2110 0.774648
2111 0.774648
2112 0.774648
2113 0.774648
2114 0.746479
2115 0.753521
2116 0.760563
2117 0.753521
2118 0.746479
2119 0.746479
2120 0.746479
2121 0.746479
2122 0.746479
2123 0.753521
2124 0.760563
2125 0.746479
2126 0.774648
2127 0.774648
2128 0.774648
2129 0.760563
2130 0.760563
2131 0.774648
2132 0.774648
2133 0.774648
2134 0.774648
2135 0.774648
2136 0.774648
2137 0.767606
2138 0.774648
2139 0.774648
2140 0.774648
2141 0.774648
2142 0.774648
2143 0.774648
2144 0.774648
2145 0.774648
2146 0.760563
2147 0.774648
2148 0.767606
2149 0.774648
2150 0.746479
2151 0.746479
2152 0.746479
2153 0.739437
2154 0.739437
2155 0.746479
2156 0.746479
2157 0.739437
2158 0.746479
2159 0.746479
2160 0.746479
2161 0.746479
2162 0.739437
2163 0.739437
2164 0.739437
2165 0.739437
2166 0.746479
2167 0.739437
2168 0.739437
2169 0.746479
2170 0.739437
2171 0.739437
2172 0.739437
2173 0.739437
2174 0.739437
2175 0.739437
2176 0.739437
2177 0.739437
2178 0.739437
2179 0.739437
2180 0.739437
2181 0.739437
2182 0.739437
2183 0.746479
2184 0.739437
2185 0.739437
2186 0.739437
2187 0.739437
2188 0.739437
2189 0.739437
2190 0.746479
2191 0.739437
2192 0.739437
2193 0.746479
2194 0.739437
2195 0.739437
2196 0.739437
2197 0.739437
2198 0.739437
2199 0.739437
2200 0.739437
2201 0.739437
2202 0.739437
2203 0.739437
2204 0.739437
2205 0.739437
2206 0.739437
2207 0.739437
2208 0.739437
2209 0.739437
2210 0.739437
2211 0.739437
2212 0.739437
2213 0.739437
2214 0.739437
2215 0.739437
2216 0.739437
2217 0.739437
2218 0.739437
2219 0.739437
2220 0.739437
2221 0.739437
2222 0.739437
2223 0.739437
2224 0.739437
2225 0.739437
2226 0.739437
2227 0.739437
2228 0.739437
2229 0.739437
2230 0.739437
2231 0.739437
2232 0.739437
2233 0.739437
2234 0.739437
2235 0.739437
2236 0.739437
2237 0.739437
2238 0.739437
2239 0.739437
2240 0.739437
2241 0.739437
2242 0.739437
2243 0.739437
2244 0.739437
2245 0.739437
2246 0.739437
2247 0.739437
2248 0.739437
2249 0.739437
2250 0.739437
2251 0.739437
2252 0.739437
2253 0.739437
2254 0.739437
2255 0.739437
2256 0.739437
2257 0.739437
2258 0.739437
2259 0.739437
2260 0.739437
2261 0.739437
2262 0.739437
2263 0.739437
2264 0.739437
2265 0.739437
2266 0.739437
2267 0.739437
2268 0.739437
2269 0.732394
2270 0.732394
2271 0.732394
2272 0.732394
2273 0.732394
2274 0.732394
2275 0.732394
2276 0.732394
2277 0.732394
2278 0.732394
2279 0.732394
2280 0.732394
2281 0.732394
2282 0.732394
2283 0.732394
2284 0.732394
2285 0.732394
2286 0.732394
2287 0.732394
2288 0.732394
2289 0.732394
2290 0.732394
2291 0.732394
2292 0.732394
2293 0.732394
2294 0.732394
2295 0.732394
2296 0.732394
2297 0.732394
2298 0.732394
2299 0.732394
2300 0.718310
2301 0.718310
2302 0.718310
2303 0.718310
2304 0.718310
2305 0.718310
2306 0.718310
2307 0.718310
2308 0.718310
2309 0.718310
2310 0.718310
2311 0.718310
2312 0.718310
2313 0.718310
2314 0.718310
2315 0.718310
2316 0.718310
2317 0.718310
2318 0.718310
2319 0.718310
2320 0.718310
2321 0.718310
2322 0.718310
2323 0.718310
2324 0.718310
2325 0.718310
2326 0.718310
2327 0.718310
2328 0.718310
2329 0.718310
2330 0.718310
2331 0.718310
2332 0.718310
2333 0.718310
2334 0.718310
2335 0.718310
2336 0.718310
2337 0.718310
2338 0.718310
2339 0.718310
2340 0.718310
2341 0.718310
2342 0.718310
2343 0.718310
2344 0.718310
2345 0.718310
2346 0.718310
2347 0.718310
2348 0.718310
2349 0.718310
2350 0.612676
2351 0.612676
2352 0.605634
2353 0.605634
2354 0.605634
2355 0.605634
2356 0.612676
2357 0.605634
2358 0.605634
2359 0.605634
2360 0.612676
2361 0.605634
2362 0.605634
2363 0.605634
2364 0.605634
2365 0.605634
2366 0.612676
2367 0.605634
2368 0.605634
2369 0.605634
2370 0.605634
2371 0.612676
2372 0.612676
2373 0.605634
2374 0.605634
2375 0.605634
2376 0.605634
2377 0.605634
2378 0.605634
2379 0.605634
2380 0.605634
2381 0.605634
2382 0.605634
2383 0.612676
2384 0.605634
2385 0.605634
2386 0.612676
2387 0.598592
2388 0.598592
2389 0.612676
2390 0.605634
2391 0.605634
2392 0.612676
2393 0.605634
2394 0.605634
2395 0.612676
2396 0.605634
2397 0.605634
2398 0.612676
2399 0.605634
2400 0.838028
2401 0.838028
2402 0.838028
2403 0.838028
2404 0.838028
2405 0.838028
2406 0.838028
2407 0.838028
2408 0.838028
2409 0.838028
2410 0.838028
2411 0.830986
2412 0.830986
2413 0.830986
2414 0.838028
2415 0.838028
2416 0.830986
2417 0.830986
2418 0.830986
2419 0.830986
2420 0.838028
2421 0.838028
2422 0.823944
2423 0.830986
2424 0.830986
2425 0.823944
2426 0.823944
2427 0.823944
2428 0.823944
2429 0.830986
2430 0.823944
2431 0.838028
2432 0.830986
2433 0.830986
2434 0.838028
2435 0.838028
2436 0.838028
2437 0.838028
2438 0.830986
2439 0.838028
2440 0.830986
2441 0.838028
2442 0.830986
2443 0.830986
2444 0.838028
2445 0.838028
2446 0.830986
2447 0.838028
2448 0.816901
2449 0.830986
2450 0.816901
2451 0.809859
2452 0.816901
2453 0.816901
2454 0.802817
2455 0.816901
2456 0.809859
2457 0.802817
2458 0.816901
2459 0.816901
2460 0.816901
2461 0.816901
2462 0.809859
2463 0.816901
2464 0.816901
2465 0.802817
2466 0.816901
2467 0.816901
2468 0.816901
2469 0.816901
2470 0.816901
2471 0.816901
2472 0.816901
2473 0.809859
2474 0.816901
2475 0.816901
2476 0.816901
2477 0.816901
2478 0.816901
2479 0.816901
2480 0.816901
2481 0.816901
2482 0.816901
2483 0.809859
2484 0.816901
2485 0.809859
2486 0.816901
2487 0.816901
2488 0.816901
2489 0.802817
2490 0.816901
2491 0.802817
2492 0.816901
2493 0.816901
2494 0.816901
2495 0.816901
2496 0.816901
2497 0.816901
2498 0.816901
2499 0.816901
2500 0.788732
2501 0.788732
2502 0.788732
2503 0.788732
2504 0.788732
2505 0.788732
2506 0.788732
2507 0.788732
2508 0.788732
2509 0.788732
2510 0.788732
2511 0.788732
2512 0.781690
2513 0.781690
2514 0.781690
2515 0.781690
2516 0.774648
2517 0.781690
2518 0.781690
2519 0.781690
2520 0.781690
2521 0.781690
2522 0.781690
2523 0.781690
2524 0.781690
2525 0.781690
2526 0.781690
2527 0.781690
2528 0.781690
2529 0.781690
2530 0.781690
2531 0.781690
2532 0.781690
2533 0.781690
2534 0.781690
2535 0.781690
2536 0.781690
2537 0.781690
2538 0.781690
2539 0.781690
2540 0.781690
2541 0.781690
2542 0.781690
2543 0.781690
2544 0.781690
2545 0.781690
2546 0.781690
2547 0.781690
2548 0.781690
2549 0.781690
2550 0.739437
2551 0.739437
2552 0.739437
2553 0.739437
2554 0.739437
2555 0.739437
2556 0.739437
2557 0.739437
2558 0.739437
2559 0.739437
2560 0.739437
2561 0.739437
2562 0.739437
2563 0.739437
2564 0.739437
2565 0.739437
2566 0.739437
2567 0.739437
2568 0.739437
2569 0.739437
2570 0.739437
2571 0.739437
2572 0.739437
2573 0.739437
2574 0.739437
2575 0.739437
2576 0.739437
2577 0.739437
2578 0.739437
2579 0.739437
2580 0.739437
2581 0.739437
2582 0.739437
2583 0.739437
2584 0.739437
2585 0.739437
2586 0.739437
2587 0.739437
2588 0.739437
2589 0.739437
2590 0.739437
2591 0.739437
2592 0.739437
2593 0.739437
2594 0.739437
2595 0.739437
2596 0.739437
2597 0.739437
2598 0.739437
2599 0.739437
2600 0.767606
2601 0.767606
2602 0.760563
2603 0.760563
2604 0.760563
2605 0.760563
2606 0.760563
2607 0.760563
2608 0.767606
2609 0.760563
2610 0.760563
2611 0.767606
2612 0.760563
2613 0.760563
2614 0.767606
2615 0.767606
2616 0.760563
2617 0.760563
2618 0.760563
2619 0.767606
2620 0.760563
2621 0.767606
2622 0.760563
2623 0.760563
2624 0.760563
2625 0.760563
2626 0.767606
2627 0.767606
2628 0.767606
2629 0.760563
2630 0.760563
2631 0.767606
2632 0.767606
2633 0.760563
2634 0.760563
2635 0.760563
2636 0.767606
2637 0.760563
2638 0.760563
2639 0.760563
2640 0.760563
2641 0.767606
2642 0.767606
2643 0.760563
2644 0.760563
2645 0.760563
2646 0.760563
2647 0.760563
2648 0.767606
2649 0.760563
2650 0.788732
2651 0.788732
2652 0.788732
2653 0.781690
2654 0.781690
2655 0.781690
2656 0.788732
2657 0.781690
2658 0.781690
2659 0.781690
2660 0.781690
2661 0.781690
2662 0.781690
2663 0.788732
2664 0.781690
2665 0.788732
2666 0.788732
2667 0.788732
2668 0.781690
2669 0.781690
2670 0.781690
2671 0.781690
2672 0.781690
2673 0.781690
2674 0.781690
2675 0.781690
2676 0.788732
2677 0.781690
2678 0.781690
2679 0.781690
2680 0.781690
2681 0.781690
2682 0.781690
2683 0.788732
2684 0.781690
2685 0.781690
2686 0.788732
2687 0.781690
2688 0.781690
2689 0.781690
2690 0.781690
2691 0.781690
2692 0.781690
2693 0.781690
2694 0.788732
2695 0.781690
2696 0.781690
2697 0.781690
2698 0.781690
2699 0.781690
2700 0.767606
2701 0.767606
2702 0.767606
2703 0.767606
2704 0.767606
2705 0.767606
2706 0.767606
2707 0.767606
2708 0.767606
2709 0.767606
2710 0.767606
2711 0.767606
2712 0.760563
2713 0.760563
2714 0.767606
2715 0.760563
2716 0.760563
2717 0.760563
2718 0.760563
2719 0.760563
2720 0.760563
2721 0.767606
2722 0.760563
2723 0.760563
2724 0.760563
2725 0.767606
2726 0.760563
2727 0.760563
2728 0.767606
2729 0.760563
2730 0.760563
2731 0.760563
2732 0.760563
2733 0.760563
2734 0.760563
2735 0.760563
2736 0.760563
2737 0.760563
2738 0.760563
2739 0.767606
2740 0.760563
2741 0.760563
2742 0.767606
2743 0.760563
2744 0.760563
2745 0.760563
2746 0.760563
2747 0.760563
2748 0.760563
2749 0.767606
2750 0.676056
2751 0.676056
2752 0.676056
2753 0.676056
2754 0.676056
2755 0.669014
2756 0.676056
2757 0.676056
2758 0.676056
2759 0.676056
2760 0.669014
2761 0.669014
2762 0.669014
2763 0.669014
2764 0.669014
2765 0.669014
2766 0.669014
2767 0.669014
2768 0.669014
2769 0.669014
2770 0.669014
2771 0.669014
2772 0.669014
2773 0.669014
2774 0.669014
2775 0.669014
2776 0.669014
2777 0.676056
2778 0.676056
2779 0.669014
2780 0.669014
2781 0.669014
2782 0.669014
2783 0.669014
2784 0.669014
2785 0.676056
2786 0.676056
2787 0.669014
2788 0.669014
2789 0.676056
2790 0.669014
2791 0.676056
2792 0.669014
2793 0.669014
2794 0.676056
2795 0.669014
2796 0.669014
2797 0.669014
2798 0.669014
2799 0.669014
2800 0.774648
2801 0.774648
2802 0.774648
2803 0.774648
2804 0.774648
2805 0.774648
2806 0.774648
2807 0.774648
2808 0.774648
2809 0.774648
2810 0.774648
2811 0.774648
2812 0.774648
2813 0.774648
2814 0.774648
2815 0.774648
2816 0.774648
2817 0.767606
2818 0.767606
2819 0.774648
2820 0.774648
2821 0.767606
2822 0.767606
2823 0.767606
2824 0.767606
2825 0.767606
2826 0.767606
2827 0.767606
2828 0.767606
2829 0.767606
2830 0.767606
2831 0.767606
2832 0.774648
2833 0.767606
2834 0.767606
2835 0.767606
2836 0.767606
2837 0.767606
2838 0.767606
2839 0.774648
2840 0.767606
2841 0.774648
2842 0.774648
2843 0.767606
2844 0.767606
2845 0.767606
2846 0.774648
2847 0.767606
2848 0.767606
2849 0.767606
2850 0.774648
2851 0.774648
2852 0.774648
2853 0.774648
2854 0.774648
2855 0.767606
2856 0.767606
2857 0.774648
2858 0.767606
2859 0.774648
2860 0.767606
2861 0.774648
2862 0.760563
2863 0.774648
2864 0.774648
2865 0.774648
2866 0.774648
2867 0.774648
2868 0.774648
2869 0.774648
2870 0.774648
2871 0.774648
2872 0.767606
2873 0.767606
2874 0.767606
2875 0.767606
2876 0.767606
2877 0.774648
2878 0.767606
2879 0.767606
2880 0.767606
2881 0.767606
2882 0.767606
2883 0.774648
2884 0.767606
2885 0.767606
2886 0.767606
2887 0.767606
2888 0.767606
2889 0.767606
2890 0.767606
2891 0.767606
2892 0.767606
2893 0.774648
2894 0.760563
2895 0.760563
2896 0.774648
2897 0.767606
2898 0.767606
2899 0.767606
2900 0.619718
2901 0.619718
2902 0.619718
2903 0.619718
2904 0.619718
2905 0.612676
2906 0.605634
2907 0.605634
2908 0.619718
2909 0.619718
2910 0.612676
2911 0.619718
2912 0.612676
2913 0.612676
2914 0.612676
2915 0.612676
2916 0.619718
2917 0.612676
2918 0.612676
2919 0.619718
2920 0.619718
2921 0.612676
2922 0.612676
2923 0.619718
2924 0.612676
2925 0.612676
2926 0.612676
2927 0.619718
2928 0.612676
2929 0.612676
2930 0.619718
2931 0.619718
2932 0.612676
2933 0.612676
2934 0.612676
2935 0.619718
2936 0.605634
2937 0.605634
2938 0.619718
2939 0.612676
2940 0.612676
2941 0.612676
2942 0.612676
2943 0.612676
2944 0.619718
2945 0.619718
2946 0.619718
2947 0.612676
2948 0.619718
2949 0.612676
2950 0.704225
2951 0.704225
2952 0.704225
2953 0.704225
2954 0.697183
2955 0.704225
2956 0.704225
2957 0.704225
2958 0.704225
2959 0.697183
2960 0.697183
2961 0.697183
2962 0.704225
2963 0.697183
2964 0.697183
2965 0.704225
2966 0.697183
2967 0.697183
2968 0.704225
2969 0.704225
2970 0.704225
2971 0.704225
2972 0.704225
2973 0.697183
2974 0.690141
2975 0.704225
2976 0.704225
2977 0.690141
2978 0.704225
2979 0.697183
2980 0.697183
2981 0.704225
2982 0.704225
2983 0.704225
2984 0.697183
2985 0.704225
2986 0.704225
2987 0.697183
2988 0.704225
2989 0.697183
2990 0.704225
2991 0.704225
2992 0.704225
2993 0.704225
2994 0.697183
2995 0.704225
2996 0.563380
2997 0.704225
2998 0.704225
2999 0.704225
3000 0.746479
3001 0.746479
3002 0.746479
3003 0.739437
3004 0.739437
3005 0.739437
3006 0.732394
3007 0.732394
3008 0.746479
3009 0.739437
3010 0.739437
3011 0.739437
3012 0.739437
3013 0.739437
3014 0.746479
3015 0.739437
3016 0.739437
3017 0.739437
3018 0.739437
3019 0.739437
3020 0.739437
3021 0.746479
3022 0.746479
3023 0.739437
3024 0.739437
3025 0.746479
3026 0.746479
3027 0.746479
3028 0.739437
3029 0.739437
3030 0.746479
3031 0.739437
3032 0.746479
3033 0.739437
3034 0.746479
3035 0.739437
3036 0.746479
3037 0.739437
3038 0.739437
3039 0.746479
3040 0.746479
3041 0.746479
3042 0.739437
3043 0.746479
3044 0.739437
3045 0.746479
3046 0.739437
3047 0.739437
3048 0.746479
3049 0.739437
3050 0.676056
3051 0.676056
3052 0.676056
3053 0.676056
3054 0.676056
3055 0.676056
3056 0.676056
3057 0.676056
3058 0.676056
3059 0.676056
3060 0.676056
3061 0.676056
3062 0.676056
3063 0.676056
3064 0.676056
3065 0.676056
3066 0.676056
3067 0.676056
3068 0.676056
3069 0.676056
3070 0.676056
3071 0.676056
3072 0.676056
3073 0.676056
3074 0.676056
3075 0.676056
3076 0.676056
3077 0.676056
3078 0.676056
3079 0.676056
3080 0.676056
3081 0.676056
3082 0.676056
3083 0.676056
3084 0.676056
3085 0.676056
3086 0.676056
3087 0.669014
3088 0.676056
3089 0.669014
3090 0.669014
3091 0.669014
3092 0.669014
3093 0.669014
3094 0.669014
3095 0.669014
3096 0.669014
3097 0.676056
3098 0.676056
3099 0.676056
3100 0.704225
3101 0.704225
3102 0.704225
3103 0.704225
3104 0.704225
3105 0.704225
3106 0.704225
3107 0.704225
3108 0.704225
3109 0.704225
3110 0.704225
3111 0.704225
3112 0.704225
3113 0.704225
3114 0.704225
3115 0.704225
3116 0.704225
3117 0.704225
3118 0.704225
3119 0.704225
3120 0.704225
3121 0.704225
3122 0.704225
3123 0.704225
3124 0.704225
3125 0.704225
3126 0.704225
3127 0.704225
3128 0.704225
3129 0.704225
3130 0.704225
3131 0.704225
3132 0.704225
3133 0.704225
3134 0.704225
3135 0.704225
3136 0.704225
3137 0.704225
3138 0.704225
3139 0.704225
3140 0.704225
3141 0.704225
3142 0.704225
3143 0.704225
3144 0.704225
3145 0.704225
3146 0.704225
3147 0.704225
3148 0.704225
3149 0.704225
3150 0.774648
3151 0.774648
3152 0.774648
3153 0.774648
3154 0.774648
3155 0.774648
3156 0.774648
3157 0.774648
3158 0.774648
3159 0.774648
3160 0.774648
3161 0.774648
3162 0.774648
3163 0.774648
3164 0.774648
3165 0.774648
3166 0.774648
3167 0.774648
3168 0.774648
3169 0.774648
3170 0.774648
3171 0.774648
3172 0.774648
3173 0.774648
3174 0.774648
3175 0.774648
3176 0.774648
3177 0.774648
3178 0.774648
3179 0.774648
3180 0.774648
3181 0.774648
3182 0.774648
3183 0.774648
3184 0.774648
3185 0.774648
3186 0.774648
3187 0.774648
3188 0.774648
3189 0.774648
3190 0.774648
3191 0.774648
3192 0.774648
3193 0.774648
3194 0.774648
3195 0.774648
3196 0.774648
3197 0.774648
3198 0.774648
3199 0.774648
3200 0.781690
3201 0.781690
3202 0.774648
3203 0.774648
3204 0.774648
3205 0.774648
3206 0.781690
3207 0.774648
3208 0.781690
3209 0.774648
3210 0.781690
3211 0.774648
3212 0.781690
3213 0.781690
3214 0.781690
3215 0.781690
3216 0.781690
3217 0.774648
3218 0.774648
3219 0.774648
3220 0.774648
3221 0.774648
3222 0.781690
3223 0.767606
3224 0.774648
3225 0.767606
3226 0.781690
3227 0.767606
3228 0.767606
3229 0.774648
3230 0.774648
3231 0.781690
3232 0.781690
3233 0.767606
3234 0.767606
3235 0.781690
3236 0.781690
3237 0.781690
3238 0.774648
3239 0.774648
3240 0.781690
3241 0.774648
3242 0.774648
3243 0.774648
3244 0.781690
3245 0.781690
3246 0.774648
3247 0.767606
3248 0.767606
3249 0.781690
3250 0.767606
3251 0.767606
3252 0.767606
3253 0.767606
3254 0.767606
3255 0.767606
3256 0.767606
3257 0.760563
3258 0.760563
3259 0.760563
3260 0.760563
3261 0.767606
3262 0.760563
3263 0.767606
3264 0.767606
3265 0.767606
3266 0.767606
3267 0.760563
3268 0.760563
3269 0.760563
3270 0.760563
3271 0.767606
3272 0.767606
3273 0.767606
3274 0.760563
3275 0.767606
3276 0.760563
3277 0.760563
3278 0.767606
3279 0.767606
3280 0.767606
3281 0.767606
3282 0.760563
3283 0.760563
3284 0.767606
3285 0.767606
3286 0.760563
3287 0.760563
3288 0.767606
3289 0.767606
3290 0.767606
3291 0.760563
3292 0.767606
3293 0.760563
3294 0.760563
3295 0.767606
3296 0.767606
3297 0.767606
3298 0.767606
3299 0.767606
3300 0.838028
3301 0.838028
3302 0.838028
3303 0.830986
3304 0.838028
3305 0.830986
3306 0.838028
3307 0.830986
3308 0.830986
3309 0.830986
3310 0.838028
3311 0.838028
3312 0.838028
3313 0.830986
3314 0.838028
3315 0.830986
3316 0.838028
3317 0.838028
3318 0.838028
3319 0.830986
3320 0.830986
3321 0.838028
3322 0.838028
3323 0.830986
3324 0.838028
3325 0.830986
3326 0.838028
3327 0.838028
3328 0.838028
3329 0.838028
3330 0.823944
3331 0.838028
3332 0.838028
3333 0.838028
3334 0.830986
3335 0.838028
3336 0.838028
3337 0.823944
3338 0.838028
3339 0.830986
3340 0.830986
3341 0.838028
3342 0.816901
3343 0.838028
3344 0.838028
3345 0.838028
3346 0.830986
3347 0.823944
3348 0.838028
3349 0.838028
3350 0.605634
3351 0.605634
3352 0.605634
3353 0.605634
3354 0.605634
3355 0.598592
3356 0.605634
3357 0.605634
3358 0.598592
3359 0.605634
3360 0.605634
3361 0.598592
3362 0.605634
3363 0.605634
3364 0.598592
3365 0.598592
3366 0.598592
3367 0.605634
3368 0.605634
3369 0.605634
3370 0.605634
3371 0.605634
3372 0.598592
3373 0.598592
3374 0.605634
3375 0.591549
3376 0.605634
3377 0.605634
3378 0.605634
3379 0.598592
3380 0.598592
3381 0.605634
3382 0.591549
3383 0.598592
3384 0.605634
3385 0.598592
3386 0.598592
3387 0.605634
3388 0.591549
3389 0.605634
3390 0.605634
3391 0.605634
3392 0.598592
3393 0.598592
3394 0.605634
3395 0.605634
3396 0.598592
3397 0.598592
3398 0.605634
3399 0.605634
3400 0.683099
3401 0.683099
3402 0.683099
3403 0.676056
3404 0.683099
3405 0.683099
3406 0.683099
3407 0.683099
3408 0.676056
3409 0.683099
3410 0.676056
3411 0.676056
3412 0.683099
3413 0.683099
3414 0.676056
3415 0.676056
3416 0.683099
3417 0.683099
3418 0.683099
3419 0.676056
3420 0.683099
3421 0.676056
3422 0.676056
3423 0.683099
3424 0.676056
3425 0.676056
3426 0.683099
3427 0.676056
3428 0.683099
3429 0.683099
3430 0.683099
3431 0.683099
3432 0.683099
3433 0.683099
3434 0.676056
3435 0.676056
3436 0.683099
3437 0.676056
3438 0.676056
3439 0.683099
3440 0.683099
3441 0.683099
3442 0.676056
3443 0.676056
3444 0.683099
3445 0.683099
3446 0.683099
3447 0.676056
3448 0.683099
3449 0.683099
3450 0.823944
3451 0.823944
3452 0.823944
3453 0.816901
3454 0.816901
3455 0.823944
3456 0.823944
3457 0.816901
3458 0.823944
3459 0.823944
3460 0.816901
3461 0.823944
3462 0.823944
3463 0.823944
3464 0.816901
3465 0.816901
3466 0.823944
3467 0.816901
3468 0.816901
3469 0.823944
3470 0.809859
3471 0.823944
3472 0.823944
3473 0.816901
3474 0.823944
3475 0.823944
3476 0.816901
3477 0.816901
3478 0.823944
3479 0.816901
3480 0.823944
3481 0.823944
3482 0.816901
3483 0.823944
3484 0.809859
3485 0.809859
3486 0.823944
3487 0.823944
3488 0.823944
3489 0.823944
3490 0.823944
3491 0.816901
3492 0.823944
3493 0.823944
3494 0.816901
3495 0.823944
3496 0.816901
3497 0.816901
3498 0.823944
3499 0.816901
3500 0.683099
3501 0.683099
3502 0.676056
3503 0.676056
3504 0.683099
3505 0.676056
3506 0.676056
3507 0.683099
3508 0.683099
3509 0.676056
3510 0.683099
3511 0.676056
3512 0.676056
3513 0.683099
3514 0.676056
3515 0.676056
3516 0.683099
3517 0.683099
3518 0.676056
3519 0.676056
3520 0.683099
3521 0.683099
3522 0.676056
3523 0.676056
3524 0.683099
3525 0.661972
3526 0.661972
3527 0.683099
3528 0.683099
3529 0.669014
3530 0.676056
3531 0.683099
3532 0.661972
3533 0.654930
3534 0.683099
3535 0.683099
3536 0.669014
3537 0.661972
3538 0.683099
3539 0.683099
3540 0.683099
3541 0.683099
3542 0.683099
3543 0.683099
3544 0.683099
3545 0.683099
3546 0.661972
3547 0.683099
3548 0.683099
3549 0.683099
3550 0.760563
3551 0.760563
3552 0.760563
3553 0.760563
3554 0.753521
3555 0.760563
3556 0.760563
3557 0.760563
3558 0.760563
3559 0.760563
3560 0.760563
3561 0.753521
3562 0.760563
3563 0.746479
3564 0.760563
3565 0.760563
3566 0.760563
3567 0.760563
3568 0.760563
3569 0.760563
3570 0.760563
3571 0.753521
3572 0.760563
3573 0.760563
3574 0.760563
3575 0.760563
3576 0.760563
3577 0.760563
3578 0.760563
3579 0.760563
3580 0.760563
3581 0.760563
3582 0.760563
3583 0.760563
3584 0.760563
3585 0.760563
3586 0.739437
3587 0.760563
3588 0.739437
3589 0.760563
3590 0.753521
3591 0.760563
3592 0.760563
3593 0.753521
3594 0.760563
3595 0.760563
3596 0.760563
3597 0.760563
3598 0.760563
3599 0.746479
3600 0.669014
3601 0.669014
3602 0.669014
3603 0.669014
3604 0.669014
3605 0.669014
3606 0.669014
3607 0.669014
3608 0.669014
3609 0.669014
3610 0.669014
3611 0.661972
3612 0.669014
3613 0.669014
3614 0.669014
3615 0.669014
3616 0.669014
3617 0.669014
3618 0.669014
3619 0.661972
3620 0.661972
3621 0.669014
3622 0.669014
3623 0.669014
3624 0.669014
3625 0.669014
3626 0.669014
3627 0.669014
3628 0.669014
3629 0.669014
3630 0.669014
3631 0.669014
3632 0.669014
3633 0.669014
3634 0.669014
3635 0.669014
3636 0.669014
3637 0.669014
3638 0.669014
3639 0.669014
3640 0.669014
3641 0.669014
3642 0.669014
3643 0.669014
3644 0.669014
3645 0.669014
3646 0.669014
3647 0.669014
3648 0.669014
3649 0.669014
3650 0.809859
3651 0.809859
3652 0.809859
3653 0.809859
3654 0.809859
3655 0.809859
3656 0.809859
3657 0.809859
3658 0.809859
3659 0.809859
3660 0.809859
3661 0.809859
3662 0.809859
3663 0.809859
3664 0.809859
3665 0.809859
3666 0.809859
3667 0.809859
3668 0.809859
3669 0.809859
3670 0.809859
3671 0.809859
3672 0.809859
3673 0.809859
3674 0.809859
3675 0.809859
3676 0.809859
3677 0.809859
3678 0.809859
3679 0.809859
3680 0.809859
3681 0.809859
3682 0.809859
3683 0.809859
3684 0.809859
3685 0.809859
3686 0.809859
3687 0.809859
3688 0.809859
3689 0.809859
3690 0.809859
3691 0.809859
3692 0.809859
3693 0.809859
3694 0.809859
3695 0.809859
3696 0.809859
3697 0.809859
3698 0.809859
3699 0.809859
3700 0.718310
3701 0.718310
3702 0.718310
3703 0.718310
3704 0.718310
3705 0.718310
3706 0.718310
3707 0.718310
3708 0.718310
3709 0.718310
3710 0.718310
3711 0.718310
3712 0.718310
3713 0.718310
3714 0.718310
3715 0.718310
3716 0.718310
3717 0.718310
3718 0.718310
3719 0.718310
3720 0.718310
3721 0.718310
3722 0.718310
3723 0.718310
3724 0.718310
3725 0.718310
3726 0.718310
3727 0.718310
3728 0.718310
3729 0.718310
3730 0.718310
3731 0.718310
3732 0.718310
3733 0.718310
3734 0.718310
3735 0.718310
3736 0.718310
3737 0.718310
3738 0.718310
3739 0.718310
3740 0.718310
3741 0.718310
3742 0.718310
3743 0.718310
3744 0.718310
3745 0.718310
3746 0.718310
3747 0.718310
3748 0.718310
3749 0.718310
3750 0.823944
3751 0.823944
3752 0.823944
3753 0.823944
3754 0.823944
3755 0.823944
3756 0.823944
3757 0.823944
3758 0.823944
3759 0.823944
3760 0.823944
3761 0.823944
3762 0.823944
3763 0.823944
3764 0.823944
3765 0.823944
3766 0.823944
3767 0.823944
3768 0.823944
3769 0.823944
3770 0.823944
3771 0.823944
3772 0.823944
3773 0.823944
3774 0.823944
3775 0.823944
3776 0.823944
3777 0.823944
3778 0.823944
3779 0.823944
3780 0.823944
3781 0.823944
3782 0.823944
3783 0.823944
3784 0.823944
3785 0.823944
3786 0.823944
3787 0.823944
3788 0.823944
3789 0.823944
3790 0.823944
3791 0.823944
3792 0.823944
3793 0.823944
3794 0.823944
3795 0.823944
3796 0.823944
3797 0.823944
3798 0.823944
3799 0.823944
3800 0.767606
3801 0.767606
3802 0.767606
3803 0.767606
3804 0.767606
3805 0.767606
3806 0.767606
3807 0.767606
3808 0.767606
3809 0.767606
3810 0.767606
3811 0.767606
3812 0.767606
3813 0.767606
3814 0.767606
3815 0.767606
3816 0.767606
3817 0.767606
3818 0.767606
3819 0.767606
3820 0.767606
3821 0.767606
3822 0.767606
3823 0.767606
3824 0.767606
3825 0.767606
3826 0.767606
3827 0.767606
3828 0.767606
3829 0.767606
3830 0.767606
3831 0.767606
3832 0.767606
3833 0.767606
3834 0.767606
3835 0.767606
3836 0.767606
3837 0.767606
3838 0.767606
3839 0.767606
3840 0.767606
3841 0.767606
3842 0.767606
3843 0.767606
3844 0.767606
3845 0.767606
3846 0.767606
3847 0.767606
3848 0.767606
3849 0.767606
3850 0.767606
3851 0.767606
3852 0.767606
3853 0.767606
3854 0.767606
3855 0.767606
3856 0.767606
3857 0.767606
3858 0.767606
3859 0.767606
3860 0.767606
3861 0.767606
3862 0.767606
3863 0.767606
3864 0.767606
3865 0.767606
3866 0.767606
3867 0.767606
3868 0.767606
3869 0.767606
3870 0.767606
3871 0.767606
3872 0.767606
3873 0.767606
3874 0.767606
3875 0.767606
3876 0.767606
3877 0.767606
3878 0.767606
3879 0.767606
3880 0.767606
3881 0.767606
3882 0.767606
3883 0.767606
3884 0.767606
3885 0.767606
3886 0.767606
3887 0.767606
3888 0.767606
3889 0.767606
3890 0.767606
3891 0.767606
3892 0.767606
3893 0.767606
3894 0.767606
3895 0.767606
3896 0.760563
3897 0.767606
3898 0.767606
3899 0.767606
3900 0.802817
3901 0.802817
3902 0.802817
3903 0.802817
3904 0.802817
3905 0.802817
3906 0.802817
3907 0.802817
3908 0.802817
3909 0.802817
3910 0.802817
3911 0.802817
3912 0.802817
3913 0.802817
3914 0.802817
3915 0.802817
3916 0.802817
3917 0.802817
3918 0.802817
3919 0.802817
3920 0.802817
3921 0.802817
3922 0.802817
3923 0.802817
3924 0.802817
3925 0.802817
3926 0.802817
3927 0.802817
3928 0.802817
3929 0.802817
3930 0.802817
3931 0.802817
3932 0.802817
3933 0.802817
3934 0.802817
3935 0.802817
3936 0.802817
3937 0.802817
3938 0.802817
3939 0.802817
3940 0.802817
3941 0.802817
3942 0.802817
3943 0.802817
3944 0.802817
3945 0.802817
3946 0.802817
3947 0.802817
3948 0.802817
3949 0.802817
3950 0.859155
3951 0.859155
3952 0.859155
3953 0.859155
3954 0.859155
3955 0.859155
3956 0.859155
3957 0.859155
3958 0.859155
3959 0.859155
3960 0.859155
3961 0.859155
3962 0.859155
3963 0.859155
3964 0.859155
3965 0.859155
3966 0.859155
3967 0.859155
3968 0.859155
3969 0.859155
3970 0.859155
3971 0.859155
3972 0.859155
3973 0.859155
3974 0.859155
3975 0.859155
3976 0.859155
3977 0.859155
3978 0.859155
3979 0.859155
3980 0.859155
3981 0.859155
3982 0.859155
3983 0.859155
3984 0.859155
3985 0.859155
3986 0.859155
3987 0.859155
3988 0.852113
3989 0.859155
3990 0.859155
3991 0.859155
3992 0.859155
3993 0.859155
3994 0.859155
3995 0.859155
3996 0.859155
3997 0.859155
3998 0.859155
3999 0.859155
4000 0.845070
4001 0.845070
4002 0.845070
4003 0.845070
4004 0.845070
4005 0.845070
4006 0.845070
4007 0.845070
4008 0.845070
4009 0.845070
4010 0.845070
4011 0.845070
4012 0.845070
4013 0.845070
4014 0.845070
4015 0.845070
4016 0.845070
4017 0.845070
4018 0.845070
4019 0.845070
4020 0.845070
4021 0.845070
4022 0.845070
4023 0.845070
4024 0.845070
4025 0.845070
4026 0.845070
4027 0.845070
4028 0.845070
4029 0.845070
4030 0.845070
4031 0.845070
4032 0.845070
4033 0.845070
4034 0.845070
4035 0.845070
4036 0.845070
4037 0.845070
4038 0.845070
4039 0.845070
4040 0.845070
4041 0.845070
4042 0.845070
4043 0.845070
4044 0.845070
4045 0.845070
4046 0.845070
4047 0.845070
4048 0.845070
4049 0.845070
4050 0.859155
4051 0.859155
4052 0.859155
4053 0.859155
4054 0.859155
4055 0.859155
4056 0.859155
4057 0.859155
4058 0.859155
4059 0.859155
4060 0.859155
4061 0.859155
4062 0.859155
4063 0.859155
4064 0.859155
4065 0.859155
4066 0.859155
4067 0.859155
4068 0.859155
4069 0.859155
4070 0.859155
4071 0.845070
4072 0.859155
4073 0.859155
4074 0.859155
4075 0.859155
4076 0.845070
4077 0.859155
4078 0.859155
4079 0.859155
4080 0.859155
4081 0.859155
4082 0.859155
4083 0.859155
4084 0.859155
4085 0.859155
4086 0.859155
4087 0.859155
4088 0.859155
4089 0.859155
4090 0.859155
4091 0.859155
4092 0.859155
4093 0.859155
4094 0.859155
4095 0.859155
4096 0.859155
4097 0.859155
4098 0.859155
4099 0.859155
4100 0.830986
4101 0.830986
4102 0.823944
4103 0.830986
4104 0.830986
4105 0.823944
4106 0.830986
4107 0.830986
4108 0.830986
4109 0.830986
4110 0.830986
4111 0.830986
4112 0.830986
4113 0.830986
4114 0.830986
4115 0.830986
4116 0.823944
4117 0.830986
4118 0.830986
4119 0.830986
4120 0.830986
4121 0.830986
4122 0.830986
4123 0.830986
4124 0.830986
4125 0.816901
4126 0.830986
4127 0.830986
4128 0.830986
4129 0.830986
4130 0.830986
4131 0.823944
4132 0.830986
4133 0.830986
4134 0.830986
4135 0.830986
4136 0.830986
4137 0.830986
4138 0.830986
4139 0.830986
4140 0.830986
4141 0.830986
4142 0.830986
4143 0.830986
4144 0.830986
4145 0.830986
4146 0.830986
4147 0.830986
4148 0.830986
4149 0.823944
4150 0.809859
4151 0.809859
4152 0.809859
4153 0.809859
4154 0.809859
4155 0.809859
4156 0.809859
4157 0.809859
4158 0.809859
4159 0.802817
4160 0.809859
4161 0.809859
4162 0.802817
4163 0.809859
4164 0.809859
4165 0.809859
4166 0.809859
4167 0.809859
4168 0.809859
4169 0.809859
4170 0.809859
4171 0.809859
4172 0.809859
4173 0.809859
4174 0.809859
4175 0.809859
4176 0.809859
4177 0.809859
4178 0.809859
4179 0.809859
4180 0.809859
4181 0.809859
4182 0.795775
4183 0.809859
4184 0.795775
4185 0.809859
4186 0.809859
4187 0.809859
4188 0.802817
4189 0.809859
4190 0.809859
4191 0.802817
4192 0.809859
4193 0.809859
4194 0.809859
4195 0.809859
4196 0.809859
4197 0.809859
4198 0.809859
4199 0.809859
4200 0.859155
4201 0.859155
4202 0.859155
4203 0.859155
4204 0.859155
4205 0.859155
4206 0.859155
4207 0.859155
4208 0.859155
4209 0.859155
4210 0.859155
4211 0.852113
4212 0.859155
4213 0.859155
4214 0.852113
4215 0.859155
4216 0.852113
4217 0.859155
4218 0.859155
4219 0.859155
4220 0.859155
4221 0.859155
4222 0.859155
4223 0.859155
4224 0.859155
4225 0.859155
4226 0.859155
4227 0.859155
4228 0.859155
4229 0.859155
4230 0.859155
4231 0.859155
4232 0.859155
4233 0.859155
4234 0.859155
4235 0.859155
4236 0.859155
4237 0.859155
4238 0.852113
4239 0.859155
4240 0.852113
4241 0.852113
4242 0.859155
4243 0.852113
4244 0.852113
4245 0.852113
4246 0.859155
4247 0.859155
4248 0.859155
4249 0.859155
4250 0.760563
4251 0.760563
4252 0.753521
4253 0.760563
4254 0.760563
4255 0.760563
4256 0.760563
4257 0.753521
4258 0.760563
4259 0.753521
4260 0.753521
4261 0.753521
4262 0.760563
4263 0.760563
4264 0.753521
4265 0.760563
4266 0.760563
4267 0.760563
4268 0.760563
4269 0.753521
4270 0.753521
4271 0.760563
4272 0.753521
4273 0.753521
4274 0.760563
4275 0.753521
4276 0.746479
4277 0.746479
4278 0.760563
4279 0.760563
4280 0.753521
4281 0.760563
4282 0.760563
4283 0.753521
4284 0.753521
4285 0.753521
4286 0.753521
4287 0.760563
4288 0.760563
4289 0.760563
4290 0.760563
4291 0.753521
4292 0.753521
4293 0.753521
4294 0.753521
4295 0.753521
4296 0.753521
4297 0.760563
4298 0.760563
4299 0.760563
4300 0.753521
4301 0.753521
4302 0.753521
4303 0.753521
4304 0.753521
4305 0.753521
4306 0.753521
4307 0.753521
4308 0.746479
4309 0.746479
4310 0.753521
4311 0.753521
4312 0.746479
4313 0.746479
4314 0.746479
4315 0.746479
4316 0.746479
4317 0.753521
4318 0.753521
4319 0.753521
4320 0.753521
4321 0.746479
4322 0.746479
4323 0.746479
4324 0.746479
4325 0.753521
4326 0.753521
4327 0.739437
4328 0.746479
4329 0.753521
4330 0.746479
4331 0.753521
4332 0.753521
4333 0.753521
4334 0.753521
4335 0.753521
4336 0.753521
4337 0.753521
4338 0.753521
4339 0.746479
4340 0.753521
4341 0.753521
4342 0.753521
4343 0.753521
4344 0.753521
4345 0.746479
4346 0.746479
4347 0.746479
4348 0.746479
4349 0.753521
4350 0.767606
4351 0.767606
4352 0.767606
4353 0.767606
4354 0.767606
4355 0.767606
4356 0.767606
4357 0.767606
4358 0.767606
4359 0.767606
4360 0.767606
4361 0.760563
4362 0.760563
4363 0.760563
4364 0.760563
4365 0.767606
4366 0.760563
4367 0.760563
4368 0.760563
4369 0.760563
4370 0.760563
4371 0.760563
4372 0.767606
4373 0.760563
4374 0.760563
4375 0.760563
4376 0.760563
4377 0.760563
4378 0.767606
4379 0.767606
4380 0.760563
4381 0.760563
4382 0.760563
4383 0.767606
4384 0.760563
4385 0.760563
4386 0.767606
4387 0.760563
4388 0.767606
4389 0.767606
4390 0.767606
4391 0.760563
4392 0.760563
4393 0.760563
4394 0.767606
4395 0.767606
4396 0.760563
4397 0.760563
4398 0.760563
4399 0.760563
4400 0.640845
4401 0.640845
4402 0.640845
4403 0.640845
4404 0.640845
4405 0.640845
4406 0.640845
4407 0.633803
4408 0.633803
4409 0.633803
4410 0.633803
4411 0.640845
4412 0.640845
4413 0.640845
4414 0.640845
4415 0.633803
4416 0.633803
4417 0.640845
4418 0.640845
4419 0.640845
4420 0.633803
4421 0.640845
4422 0.633803
4423 0.640845
4424 0.633803
4425 0.640845
4426 0.633803
4427 0.633803
4428 0.633803
4429 0.640845
4430 0.633803
4431 0.626761
4432 0.626761
4433 0.640845
4434 0.633803
4435 0.633803
4436 0.633803
4437 0.640845
4438 0.633803
4439 0.633803
4440 0.633803
4441 0.640845
4442 0.633803
4443 0.633803
4444 0.633803
4445 0.640845
4446 0.633803
4447 0.633803
4448 0.633803
4449 0.640845
4450 0.732394
4451 0.732394
4452 0.732394
4453 0.732394
4454 0.732394
4455 0.732394
4456 0.732394
4457 0.732394
4458 0.732394
4459 0.732394
4460 0.732394
4461 0.732394
4462 0.732394
4463 0.732394
4464 0.732394
4465 0.725352
4466 0.732394
4467 0.732394
4468 0.732394
4469 0.732394
4470 0.732394
4471 0.732394
4472 0.732394
4473 0.732394
4474 0.732394
4475 0.732394
4476 0.732394
4477 0.732394
4478 0.732394
4479 0.732394
4480 0.732394
4481 0.732394
4482 0.732394
4483 0.732394
4484 0.732394
4485 0.732394
4486 0.732394
4487 0.732394
4488 0.732394
4489 0.732394
4490 0.732394
4491 0.732394
4492 0.732394
4493 0.732394
4494 0.732394
4495 0.732394
4496 0.732394
4497 0.732394
4498 0.732394
4499 0.732394
