0 2.125908 119
1 0.882703 118
2 0.828280 118
3 0.756622 119
4 0.645118 119
5 19.043109 119
6 1.792630 119
7 1.756178 118
8 1.816353 119
9 1.039336 119
10 1.952034 119
11 1.432294 119
12 5.507151 119
13 1.967866 119
14 19.544092 119
15 1.332983 119
16 1.434723 119
17 1.788815 119
18 1.267176 119
19 0.514924 118
20 0.466788 118
21 1.531454 119
22 0.482822 118
23 1.726891 119
24 0.859263 118
25 1.539882 119
26 2.012723 119
27 2.305168 119
28 1.621605 119
29 1.930328 119
30 0.655441 118
31 1.719849 119
32 1.278798 119
33 1.520092 119
34 1.103076 119
35 1.049364 118
36 1.067822 118
37 1.762647 119
38 0.595136 118
39 0.598373 118
40 0.422178 118
41 1.171748 119
42 1.385924 119
43 1.288328 119
44 0.469254 118
45 1.454731 119
46 0.591602 118
47 0.773336 119
48 0.284237 118
49 1.486891 119
50 1.509661 118
51 2.020873 118
52 1.497889 117
53 1.729314 118
54 2.688112 116
55 2.935093 118
56 1.258991 116
57 1.829059 118
58 2.544441 118
59 1.714449 118
60 8.600788 118
61 1.877008 118
62 1.542958 118
63 1.638458 118
64 1.616585 118
65 1.431915 118
66 1.355356 118
67 2.249305 118
68 2.289644 118
69 0.991610 118
70 0.371880 117
71 0.341171 117
72 0.302521 117
73 1.869203 118
74 0.999653 118
75 0.733513 117
76 0.816246 118
77 0.738709 117
78 0.710068 117
79 0.569359 117
80 0.500838 117
81 0.607462 117
82 0.927619 118
83 1.271390 118
84 0.453145 117
85 1.156127 118
86 0.373838 117
87 0.555556 117
88 0.432119 118
89 19.292661 118
90 1.030153 118
91 19.636847 118
92 1.043720 118
93 0.755992 118
94 0.958771 118
95 0.930636 118
96 2.023585 118
97 0.778254 118
98 0.252376 117
99 0.223265 117
100 0.617042 96
101 0.366885 96
102 0.315406 96
103 0.434823 96
104 1.439729 96
105 0.541250 96
106 0.375646 96
107 1.365021 96
108 0.491789 95
109 1.767875 96
110 1.385865 96
111 2.136208 96
112 3.160052 96
113 1.203542 96
114 0.395168 95
115 0.311474 95
116 1.164677 96
117 1.234510 96
118 0.334674 95
119 0.301811 95
120 2.015906 96
121 1.227927 96
122 3.069469 96
123 1.148417 96
124 1.143187 96
125 1.280250 96
126 1.133969 96
127 1.366656 96
128 1.191740 96
129 1.918708 96
130 1.163177 96
131 1.233260 96
132 1.466771 96
133 2.391865 96
134 0.854989 95
135 0.802179 95
136 1.709594 96
137 2.005437 96
138 0.412853 95
139 0.489011 95
140 1.083802 96
141 2.032813 96
142 0.429489 94
143 1.481427 96
144 1.382052 96
145 1.261146 96
146 1.839010 96
147 1.401125 96
148 1.749177 96
149 1.954219 96
150 0.936611 108
151 0.481435 108
152 1.783889 108
153 2.168481 108
154 1.947806 108
155 1.372389 108
156 2.879259 108
157 1.588435 108
158 1.840713 108
159 1.769065 108
160 13.963620 108
161 1.368787 108
162 2.571333 108
163 2.479046 108
164 1.444176 108
165 0.329131 107
166 0.394879 107
167 0.927556 108
168 0.297472 108
169 19.999917 108
170 19.999729 107
171 2.660778 108
172 15.430815 108
173 14.035617 107
174 12.773112 107
175 11.467467 107
176 10.458120 108
177 9.534537 108
178 8.175280 107
179 13.675963 108
180 6.743336 107
181 5.734648 108
182 5.058389 108
183 4.433713 108
184 3.941449 107
185 2.816888 107
186 2.399327 107
187 11.362636 107
188 2.103103 107
189 1.098222 108
190 0.768551 107
191 9.950486 107
192 0.742458 107
193 0.415832 107
194 0.270963 107
195 9.843426 108
196 0.579477 107
197 0.229822 107
198 0.239252 107
199 0.420598 107
200 16.482637 102
201 13.779594 101
202 12.720683 101
203 12.530480 100
204 12.505080 100
205 11.515490 102
206 11.528930 100
207 10.831040 101
208 14.170822 101
209 9.884300 100
210 8.936490 100
211 7.782640 100
212 6.964200 100
213 6.633911 101
214 5.744406 101
215 4.911703 101
216 4.568850 100
217 3.354880 100
218 2.589010 101
219 1.936930 100
220 1.246475 101
221 0.631300 100
222 0.562740 100
223 0.249350 100
224 0.234814 102
225 0.287891 101
226 0.280297 101
227 9.569380 100
228 0.559420 100
229 0.227188 101
230 0.241140 100
231 9.763430 100
232 0.778861 101
233 0.458000 100
234 0.640880 100
235 0.645294 102
236 0.624960 101
237 0.698069 101
238 0.413327 101
239 0.430228 101
240 0.568941 101
241 0.256910 100
242 0.240800 100
243 0.226564 101
244 0.217663 101
245 0.207554 101
246 0.252830 100
247 9.314436 101
248 0.602440 100
249 0.282277 101
250 16.768731 108
251 14.680167 108
252 13.294935 108
253 15.455178 107
254 12.651065 107
255 11.558241 108
256 11.321112 107
257 10.278704 108
258 10.286259 108
259 10.205000 107
260 9.463757 107
261 8.657741 108
262 7.243430 107
263 6.109148 108
264 5.564785 107
265 5.400505 107
266 4.412519 108
267 3.191486 107
268 2.236542 107
269 1.257213 108
270 0.650306 108
271 9.737458 107
272 9.893439 107
273 9.978308 107
274 9.892333 108
275 10.059103 107
276 1.089206 107
277 0.748426 108
278 0.824815 108
279 9.005111 108
280 0.944843 108
281 0.607224 107
282 0.619813 107
283 0.420056 107
284 0.230215 107
285 0.415075 107
286 0.427785 107
287 0.418393 107
288 0.400514 107
289 0.466850 107
290 0.385028 108
291 8.672766 107
292 0.756346 107
293 0.389598 107
294 0.387250 108
295 0.393243 107
296 0.201084 107
297 0.216776 107
298 0.196262 107
299 0.235308 107
300 16.786165 109
301 14.782688 109
302 13.955000 109
303 13.747028 107
304 13.519458 107
305 12.412579 107
306 11.039722 108
307 11.029889 108
308 10.595925 107
309 9.353250 108
310 8.817833 108
311 7.999551 107
312 6.992602 108
313 6.336028 107
314 5.719667 108
315 5.375290 107
316 4.838935 107
317 3.673824 108
318 2.521383 107
319 1.294963 107
320 0.469963 108
321 0.426547 106
322 0.406670 106
323 0.264057 106
324 0.235374 107
325 0.237066 106
326 0.237792 106
327 0.227245 106
328 0.427720 107
329 0.427168 107
330 0.448151 106
331 0.793047 107
332 0.801841 107
333 0.778755 106
334 0.670682 107
335 0.400722 108
336 0.446654 107
337 0.435093 107
338 9.133148 108
339 0.932425 106
340 0.399453 106
341 0.414170 106
342 0.398708 106
343 0.214934 106
344 0.230679 106
345 0.223701 107
346 0.235340 106
347 0.253377 106
348 0.410566 106
349 0.417594 106
350 17.910739 115
351 16.367000 115
352 14.731957 115
353 14.307983 115
354 13.906070 114
355 15.517000 114
356 15.540209 115
357 15.712754 114
358 15.666140 114
359 11.029435 115
360 9.842237 114
361 8.670491 114
362 14.057591 115
363 7.656130 115
364 13.717574 115
365 6.853816 114
366 12.773035 115
367 12.697000 115
368 4.411870 115
369 3.073261 115
370 10.575183 115
371 10.823658 114
372 10.404596 114
373 0.906649 114
374 9.909348 115
375 0.950930 114
376 0.578157 115
377 0.605789 114
378 9.670123 114
379 9.887719 114
380 0.810158 114
381 0.212693 114
382 0.188270 115
383 9.028763 114
384 9.254237 114
385 0.568687 115
386 0.255044 114
387 0.203807 114
388 8.597670 115
389 8.741816 114
390 8.515088 114
391 8.226114 114
392 0.540452 115
393 0.223643 115
394 7.512530 115
395 7.830570 114
396 0.624798 114
397 7.271930 114
398 7.298456 114
399 6.968114 114
400 16.793259 108
401 14.746926 108
402 13.321720 107
403 12.815196 107
404 15.164226 106
405 15.191443 106
406 15.143636 107
407 15.202713 108
408 11.953670 106
409 15.325142 106
410 18.419361 108
411 19.999717 106
412 19.999830 106
413 19.999726 106
414 19.812925 107
415 19.999783 106
416 19.999858 106
417 19.999783 106
418 19.502850 107
419 19.261267 105
420 19.811170 106
421 13.457792 106
422 13.171830 106
423 19.811123 106
424 19.999829 105
425 19.716400 105
426 19.811160 106
427 19.811094 106
428 18.729762 105
429 19.811151 106
430 19.999867 105
431 18.861057 106
432 18.357762 105
433 18.319038 105
434 19.999771 105
435 19.625953 107
436 19.811170 106
437 19.811094 106
438 19.999819 105
439 19.999762 105
440 19.811179 106
441 19.999829 105
442 19.811179 106
443 19.999790 105
444 19.811179 106
445 19.811226 106
446 19.999895 105
447 19.999781 105
448 19.811142 106
449 19.625953 107
450 19.999955 110
451 10.289145 110
452 19.954945 110
453 19.636191 110
454 19.816367 109
455 19.999787 108
456 19.999750 108
457 19.999806 108
458 19.999806 108
459 19.065982 109
460 1.025627 110
461 0.842782 110
462 0.241764 110
463 0.534318 110
464 0.244927 109
465 1.339445 110
466 0.564200 110
467 0.577156 109
468 0.604798 109
469 0.399193 109
470 0.510468 109
471 0.574440 109
472 0.584609 110
473 0.623936 110
474 0.590055 109
475 0.517266 109
476 0.520495 109
477 0.513294 109
478 0.525422 109
479 0.546709 110
480 0.512560 109
481 0.532550 109
482 19.526164 110
483 0.995200 110
484 0.228367 109
485 0.181358 109
486 0.766927 110
487 0.264436 110
488 0.175119 109
489 0.700345 110
490 0.876845 110
491 0.247413 109
492 0.191275 109
493 0.724627 110
494 0.250394 109
495 0.239936 109
496 1.638982 110
497 0.168900 110
498 0.862573 110
499 19.818545 110
500 20.000000 117
501 1.784094 117
502 0.550079 114
503 2.764188 117
504 1.757752 117
505 0.716009 115
506 0.648435 115
507 0.760504 115
508 1.293957 117
509 0.525612 116
510 2.911735 117
511 1.422051 117
512 1.454983 117
513 4.891889 117
514 1.921966 117
515 1.032385 117
516 2.044051 117
517 1.408188 117
518 1.095838 117
519 0.998077 117
520 1.187530 117
521 1.126077 117
522 0.850009 117
523 1.321291 117
524 1.640239 117
525 1.104410 117
526 1.587513 117
527 1.445607 117
528 1.212077 117
529 1.010265 117
530 3.513368 117
531 2.428164 116
532 1.521838 117
533 0.580564 117
534 0.678410 117
535 0.532444 117
536 0.626479 117
537 0.567274 117
538 1.858068 117
539 0.591793 116
540 1.071603 116
541 0.529914 116
542 2.041812 117
543 2.458000 117
544 1.018130 115
545 0.797778 117
546 16.477940 117
547 1.192470 117
548 1.834538 117
549 1.116624 117
550 3.065562 105
551 3.698752 105
552 1.086476 105
553 0.939115 104
554 0.705486 105
555 0.809971 104
556 0.739337 104
557 0.959250 104
558 1.034404 104
559 1.615327 104
560 0.703562 105
561 1.084865 104
562 0.828346 104
563 0.930663 104
564 0.701115 104
565 1.354240 104
566 0.691721 104
567 6.279702 104
568 1.901267 105
569 2.377295 105
570 0.892262 103
571 2.141505 105
572 1.331587 104
573 0.950423 104
574 0.923143 105
575 0.760346 104
576 0.904524 105
577 0.847683 104
578 1.828867 105
579 1.008505 105
580 0.991305 105
581 1.320162 105
582 1.143971 105
583 1.089276 105
584 1.056000 105
585 0.896705 105
586 2.394695 105
587 1.817867 105
588 2.193210 105
589 0.938596 104
590 0.721068 103
591 1.951248 105
592 1.974610 105
593 2.432152 105
594 1.668571 105
595 1.682314 105
596 1.959419 105
597 1.672762 105
598 2.658971 105
599 1.668371 105
600 2.371353 116
601 1.959293 116
602 1.925905 116
603 3.458164 116
604 1.801832 113
605 1.982035 114
606 1.878579 114
607 1.802360 114
608 2.898905 116
609 2.921422 116
610 1.665155 116
611 3.533457 116
612 2.095904 115
613 2.310870 115
614 2.250750 116
615 1.906009 115
616 5.230474 116
617 3.482800 115
618 3.182862 116
619 1.167710 107
620 2.692509 116
621 2.679810 116
622 7.949741 116
623 6.553296 115
624 3.100069 116
625 2.531409 115
626 1.835397 116
627 1.111259 116
628 1.411600 115
629 1.231330 115
630 1.935741 116
631 1.481060 116
632 0.461991 115
633 0.471757 115
634 1.971310 116
635 1.788078 115
636 1.741543 116
637 2.442733 116
638 2.682466 116
639 2.637724 116
640 2.489319 116
641 2.524130 115
642 2.742319 116
643 2.313664 116
644 2.647802 116
645 2.203655 116
646 1.883793 116
647 1.592914 116
648 1.256836 116
649 1.705569 116
650 18.063375 112
651 2.306759 112
652 0.781282 110
653 1.944795 112
654 2.376196 112
655 4.636679 112
656 1.233613 111
657 2.982437 112
658 1.723116 112
659 9.719821 112
660 1.246091 110
661 2.459929 112
662 1.254420 112
663 1.558527 112
664 1.518545 112
665 3.127241 112
666 2.956187 112
667 2.255134 112
668 0.942045 111
669 1.920777 112
670 0.861396 111
671 2.003964 112
672 1.616955 112
673 1.507270 111
674 3.262768 112
675 2.849286 112
676 3.803348 112
677 1.927063 112
678 2.358839 112
679 2.995437 112
680 2.522179 112
681 5.002562 112
682 3.095884 112
683 19.628161 112
684 1.344000 112
685 1.654884 112
686 1.789313 112
687 2.755545 112
688 2.403027 112
689 2.020786 112
690 1.366089 112
691 2.439848 112
692 3.586768 112
693 3.148562 112
694 2.389973 112
695 2.106232 112
696 1.318268 112
697 16.295643 112
698 3.072268 112
699 1.505768 112
700 4.068865 104
701 3.726490 104
702 3.715558 104
703 2.776385 104
704 3.249702 104
705 5.188163 104
706 3.063606 104
707 2.219183 104
708 2.459221 104
709 2.954981 104
710 4.233750 104
711 3.234519 104
712 3.168135 104
713 2.196250 104
714 8.677808 104
715 2.194019 104
716 7.637125 104
717 3.524250 104
718 3.202740 104
719 1.626990 104
720 3.745308 104
721 3.426144 104
722 1.863462 104
723 1.575346 104
724 1.944702 104
725 3.429519 104
726 10.505913 104
727 10.061320 103
728 10.101544 103
729 9.635592 103
730 12.748709 103
731 15.482962 104
732 14.157563 103
733 15.245456 103
734 13.077777 103
735 15.898107 103
736 1.025115 104
737 1.190423 104
738 1.535144 104
739 0.690115 104
740 0.609279 104
741 0.888558 104
742 0.242010 103
743 0.300337 104
744 15.580058 104
745 1.092510 104
746 0.898644 104
747 0.226272 103
748 0.206379 103
749 0.678212 104
750 1.786931 102
751 2.102814 102
752 1.394176 102
753 0.369800 100
754 1.254598 102
755 2.127255 102
756 2.202490 102
757 4.561882 102
758 0.731208 101
759 1.063079 101
760 0.909257 101
761 0.923794 102
762 2.812284 102
763 0.424882 102
764 0.368198 101
765 1.559284 102
766 1.431000 101
767 0.439080 100
768 1.473775 102
769 1.633366 101
770 0.498901 101
771 2.717412 102
772 5.279089 101
773 5.175843 102
774 1.648255 102
775 1.362235 102
776 1.397588 102
777 1.435127 102
778 3.477735 102
779 1.457284 102
780 1.172176 102
781 1.414578 102
782 1.153941 102
783 1.250529 102
784 0.992696 102
785 0.976824 102
786 0.316327 101
787 0.986804 102
788 0.366275 102
789 1.189931 102
790 1.217863 102
791 2.029373 102
792 0.323139 101
793 1.017196 102
794 1.285510 102
795 0.966902 102
796 0.966657 102
797 1.105941 102
798 1.164990 102
799 0.888412 102
800 3.150200 115
801 1.295035 115
802 1.349565 115
803 17.628096 115
804 1.293798 114
805 1.406730 115
806 1.071522 115
807 1.147191 115
808 1.564687 115
809 1.469148 115
810 0.504565 115
811 1.179417 115
812 1.771209 115
813 0.379789 114
814 1.392513 115
815 1.284574 115
816 2.431157 115
817 10.949409 115
818 13.805522 115
819 15.402409 115
820 15.502226 115
821 13.986870 115
822 0.949930 115
823 1.024809 115
824 7.515165 115
825 1.067322 115
826 1.381252 115
827 1.000557 115
828 0.799339 115
829 1.042270 115
830 1.901043 115
831 2.393861 115
832 2.978557 115
833 0.901052 115
834 0.773087 115
835 0.879870 115
836 0.894000 115
837 1.063626 115
838 1.008165 115
839 0.758287 115
840 1.767922 115
841 3.659061 115
842 0.692339 115
843 0.779609 115
844 0.894574 115
845 0.754835 115
846 2.108843 115
847 0.744687 115
848 0.625452 115
849 0.572852 115
850 7.295531 113
851 1.717389 113
852 0.644820 111
853 1.326690 113
854 1.336655 113
855 0.395205 112
856 0.403667 111
857 1.204133 113
858 0.633179 112
859 0.485437 112
860 1.012142 113
861 1.161646 113
862 1.315894 113
863 1.566965 113
864 2.126796 113
865 1.410575 113
866 3.645230 113
867 17.752116 112
868 5.651667 111
869 6.000795 112
870 18.643667 111
871 8.956153 111
872 18.709541 111
873 10.034622 111
874 9.873955 111
875 8.944739 111
876 7.857505 111
877 6.978018 112
878 6.333054 111
879 5.717259 112
880 5.259387 111
881 4.875532 111
882 4.263153 111
883 3.794658 111
884 3.479910 111
885 3.091098 112
886 2.907661 112
887 2.520054 111
888 2.292589 112
889 2.162369 111
890 1.965545 112
891 1.687265 113
892 16.590965 113
893 18.670179 112
894 17.047813 112
895 1.568504 113
896 0.210491 112
897 0.218152 112
898 0.738770 113
899 0.241036 112
900 0.649697 109
901 1.641853 109
902 2.400569 109
903 1.232500 108
904 1.425019 107
905 1.452174 109
906 0.318546 108
907 0.357159 107
908 1.238440 109
909 0.311897 107
910 0.410355 107
911 1.443817 109
912 0.341692 107
913 0.362673 107
914 1.214000 109
915 0.390278 108
916 1.012239 109
917 19.999982 109
918 19.999750 108
919 19.999935 108
920 19.999741 108
921 19.999917 108
922 19.999759 108
923 19.816468 109
924 19.999750 108
925 19.999907 108
926 19.999667 108
927 19.999907 108
928 19.999648 108
929 19.999907 108
930 19.816275 109
931 0.680147 109
932 0.941294 109
933 0.248750 108
934 0.205587 109
935 0.198156 109
936 0.729239 109
937 0.210037 109
938 0.220101 109
939 5.582697 109
940 0.658694 108
941 0.641120 108
942 1.450722 108
943 1.423407 108
944 4.444257 109
945 1.027835 109
946 0.436570 107
947 0.240551 107
948 0.714361 108
949 0.270542 107
950 0.939748 107
951 0.421453 106
952 1.633804 107
953 0.970295 105
954 1.523879 107
955 0.863208 106
956 1.422673 107
957 0.343135 104
958 0.340933 104
959 0.479192 104
960 1.403935 107
961 0.449390 105
962 0.391648 105
963 0.424600 105
964 1.224935 107
965 1.437720 107
966 0.372708 106
967 4.554271 107
968 3.717896 106
969 3.483390 105
970 3.316190 105
971 3.360295 105
972 2.096860 107
973 1.251196 107
974 0.965477 107
975 0.309868 106
976 1.060178 107
977 1.324794 107
978 0.858776 107
979 1.107037 107
980 1.179196 107
981 9.582234 107
982 1.994103 107
983 1.671514 107
984 1.344065 107
985 2.214374 107
986 0.608776 107
987 1.102318 107
988 0.980981 107
989 2.963262 107
990 0.993710 107
991 1.111037 107
992 0.885598 107
993 0.922196 107
994 1.131570 107
995 1.049850 107
996 0.855383 107
997 2.602121 107
998 0.744981 107
999 1.003411 107
1000 0.830826 86
1001 1.427256 86
1002 2.457535 86
1003 1.754291 86
1004 1.220116 86
1005 1.229849 86
1006 1.263570 86
1007 1.766977 86
1008 2.267453 86
1009 1.360698 86
1010 0.911605 86
1011 1.145663 86
1012 1.050907 86
1013 1.397953 86
1014 1.302826 86
1015 1.383070 86
1016 1.062000 86
1017 0.349165 85
1018 0.381235 85
1019 0.348118 85
1020 0.357224 85
1021 0.397686 86
1022 0.349744 86
1023 0.326558 86
1024 0.320094 85
1025 0.300318 85
1026 0.337059 85
1027 0.334082 85
1028 0.347494 85
1029 0.318647 85
1030 0.350941 85
1031 0.350776 85
1032 0.871035 86
1033 0.262407 86
1034 0.366605 86
1035 0.947733 86
1036 0.252035 86
1037 0.958616 86
1038 0.272329 85
1039 0.261860 86
1040 1.110314 86
1041 0.271647 85
1042 0.975000 86
1043 4.229907 86
1044 0.517663 86
1045 0.470814 86
1046 1.001326 86
1047 0.297753 85
1048 0.312071 85
1049 9.006581 86
1050 8.875189 106
1051 8.323208 106
1052 7.150198 106
1053 1.262330 106
1054 0.304924 105
1055 1.062472 106
1056 0.378743 105
1057 0.315733 105
1058 1.151019 106
1059 0.307476 105
1060 0.271905 105
1061 1.884849 106
1062 0.998972 106
1063 0.536377 106
1064 0.722358 106
1065 0.420410 105
1066 1.295924 105
1067 0.403686 105
1068 0.607457 105
1069 0.454238 105
1070 0.358028 106
1071 0.610524 105
1072 0.377676 105
1073 0.581229 105
1074 1.866830 106
1075 0.441124 105
1076 0.614705 105
1077 0.512076 105
1078 0.647914 105
1079 1.203076 105
1080 0.449438 105
1081 0.339198 106
1082 0.619990 105
1083 0.480733 105
1084 0.466604 106
1085 0.397000 106
1086 0.345114 105
1087 2.965717 106
1088 2.143971 104
1089 2.256558 104
1090 3.080094 106
1091 2.672679 106
1092 2.347638 105
1093 2.264086 105
1094 1.355406 106
1095 0.923623 106
1096 1.026094 106
1097 0.398087 104
1098 0.259202 104
1099 0.272058 104
1100 1.191746 122
1101 1.370164 122
1102 6.790487 119
1103 1.815246 122
1104 1.441615 122
1105 1.533648 122
1106 1.225107 122
1107 1.306221 122
1108 1.129648 122
1109 0.317512 121
1110 0.315719 121
1111 0.336364 121
1112 6.105041 122
1113 1.954484 122
1114 1.620885 122
1115 1.351795 122
1116 1.422393 122
1117 1.031959 122
1118 1.051492 122
1119 1.505164 122
1120 0.934574 122
1121 0.759653 121
1122 1.007402 122
1123 0.328918 122
1124 0.267529 121
1125 11.230238 122
1126 1.069680 122
1127 0.246711 121
1128 0.277364 121
1129 0.866770 122
1130 0.783811 122
1131 0.963238 122
1132 1.052303 122
1133 0.379306 121
1134 1.099320 122
1135 0.808139 122
1136 0.972347 121
1137 1.031951 122
1138 0.229748 119
1139 2.071264 121
1140 1.038736 121
1141 1.192900 120
1142 0.875149 121
1143 1.543496 121
1144 0.646775 120
1145 1.010636 121
1146 0.777025 121
1147 1.166050 120
1148 0.780645 121
1149 0.914537 121
1150 0.985063 111
1151 0.358532 111
1152 0.364709 110
1153 1.487009 111
1154 0.770046 109
1155 0.671037 109
1156 1.526270 111
1157 0.422936 109
1158 1.320072 111
1159 0.373670 109
1160 2.808216 111
1161 0.979073 109
1162 1.505586 111
1163 0.526844 109
1164 0.315569 109
1165 1.416802 111
1166 1.452919 111
1167 1.439694 111
1168 0.900883 111
1169 0.327045 111
1170 1.354009 111
1171 0.511936 110
1172 1.531135 111
1173 0.660373 110
1174 1.633802 111
1175 0.628491 110
1176 1.646694 111
1177 0.580982 110
1178 1.553036 111
1179 0.668600 110
1180 1.352297 111
1181 0.504752 109
1182 0.949405 111
1183 1.109027 111
1184 0.930802 111
1185 0.298973 111
1186 1.069315 111
1187 1.065162 111
1188 16.892829 111
1189 16.170391 110
1190 2.050820 111
1191 1.118865 111
1192 1.792730 111
1193 0.787126 111
1194 0.271600 110
1195 0.819964 111
1196 0.338514 111
1197 0.849486 111
1198 1.211279 111
1199 0.366355 110
1200 2.440159 113
1201 1.110607 112
1202 1.494027 113
1203 0.370214 112
1204 1.304531 113
1205 0.334892 111
1206 2.594602 113
1207 0.989372 113
1208 1.086681 113
1209 0.824186 113
1210 11.950956 113
1211 3.167177 113
1212 12.101478 113
1213 1.372779 113
1214 2.659319 113
1215 1.822850 113
1216 1.111327 113
1217 1.020416 113
1218 1.112885 113
1219 1.073310 113
1220 1.203858 113
1221 14.655097 113
1222 1.433018 113
1223 1.498080 113
1224 1.138248 113
1225 0.969858 113
1226 0.894965 113
1227 3.375850 113
1228 0.847655 113
1229 1.021708 113
1230 2.234221 113
1231 0.815619 113
1232 0.802177 113
1233 0.717257 113
1234 0.900354 113
1235 2.063540 113
1236 0.920885 113
1237 0.957345 113
1238 0.798558 113
1239 1.039504 113
1240 0.489912 113
1241 1.251584 113
1242 1.018805 113
1243 14.684336 113
1244 0.712726 113
1245 0.924097 113
1246 0.764345 113
1247 1.197681 113
1248 1.252062 113
1249 1.331876 113
1250 4.283421 114
1251 1.611561 114
1252 0.360509 112
1253 0.372009 111
1254 1.897298 114
1255 1.344702 114
1256 0.485295 112
1257 5.290491 114
1258 0.832140 114
1259 1.255167 114
1260 1.059588 114
1261 1.223175 114
1262 1.692868 114
1263 1.194675 114
1264 1.736447 114
1265 1.480754 114
1266 0.518168 113
1267 1.400132 114
1268 2.352649 114
1269 1.366570 114
1270 0.495053 114
1271 0.465372 113
1272 0.433850 113
1273 0.438640 114
1274 0.343274 113
1275 0.392133 113
1276 0.310248 113
1277 3.664579 114
1278 20.000000 114
1279 1.418360 114
1280 1.945684 114
1281 1.556833 114
1282 1.795009 114
1283 1.321746 114
1284 1.890149 114
1285 1.147605 114
1286 0.233903 113
1287 0.216991 114
1288 0.454965 114
1289 0.270912 114
1290 5.443061 114
1291 1.359860 114
1292 1.171158 114
1293 0.759219 114
1294 1.015763 114
1295 2.458596 114
1296 0.847605 114
1297 0.853070 114
1298 1.937035 114
1299 0.678447 114
1300 1.568273 110
1301 0.653908 109
1302 0.796745 110
1303 4.525518 110
1304 1.652472 108
1305 2.541236 110
1306 2.662418 110
1307 2.007582 110
1308 0.760321 109
1309 0.583036 110
1310 1.328273 110
1311 0.348404 109
1312 0.363606 109
1313 0.406486 109
1314 2.244109 110
1315 1.424564 110
1316 0.378917 109
1317 1.146527 110
1318 1.386900 110
1319 0.434138 109
1320 1.156382 110
1321 0.299128 109
1322 5.886455 110
1323 8.174964 110
1324 1.074491 110
1325 0.971555 110
1326 2.502364 110
1327 1.396891 110
1328 0.983655 110
1329 8.192600 110
1330 1.471209 110
1331 1.261445 110
1332 0.849291 110
1333 0.860536 110
1334 2.659373 110
1335 2.371624 109
1336 1.717972 109
1337 1.105807 109
1338 1.444596 109
1339 1.440764 110
1340 1.207273 110
1341 1.460752 109
1342 1.329523 109
1343 1.458505 109
1344 1.277083 109
1345 1.116651 109
1346 1.104560 109
1347 1.268145 110
1348 0.635734 109
1349 0.882330 109
1350 2.580720 100
1351 2.037330 100
1352 1.843838 99
1353 1.970778 99
1354 1.981939 99
1355 1.957919 99
1356 2.421061 99
1357 2.004180 100
1358 1.549980 99
1359 2.022870 100
1360 1.741610 100
1361 1.356286 98
1362 1.627602 98
1363 1.529232 99
1364 1.185535 99
1365 1.716343 99
1366 1.540204 98
1367 1.382162 99
1368 0.833293 99
1369 1.127714 98
1370 1.547626 99
1371 1.309616 99
1372 0.908050 100
1373 1.283112 98
1374 0.739959 98
1375 1.062449 98
1376 0.728364 99
1377 0.668556 99
1378 0.823980 98
1379 0.648778 99
1380 0.819838 99
1381 0.595327 98
1382 0.753520 98
1383 0.684596 99
1384 0.739232 99
1385 0.568816 98
1386 1.597101 99
1387 1.376384 99
1388 0.425031 98
1389 0.541908 98
1390 0.527337 98
1391 0.653408 98
1392 0.575918 98
1393 1.252500 98
1394 0.697939 98
1395 0.726879 99
1396 0.432030 99
1397 0.576121 99
1398 0.511414 99
1399 0.520612 98
1400 1.620122 98
1401 0.880806 98
1402 2.273418 98
1403 0.445531 96
1404 0.392479 96
1405 0.619094 96
1406 0.468423 97
1407 1.107365 96
1408 0.508598 97
1409 0.536031 96
1410 0.617083 96
1411 0.646823 96
1412 0.472854 96
1413 0.692773 97
1414 0.699865 96
1415 0.464812 96
1416 0.668177 96
1417 1.783643 98
1418 0.968454 97
1419 0.843240 96
1420 0.650344 96
1421 0.385208 96
1422 0.447260 96
1423 0.331753 97
1424 1.262896 96
1425 0.636594 96
1426 0.581646 96
1427 0.591959 97
1428 0.485062 96
1429 0.666670 97
1430 0.414979 96
1431 0.465505 97
1432 0.798125 96
1433 1.356224 98
1434 0.305247 97
1435 19.860092 98
1436 18.158214 98
1437 19.667194 98
1438 19.935856 97
1439 19.826732 97
1440 3.962582 98
1441 0.237898 98
1442 0.802816 98
1443 8.904888 98
1444 0.633237 97
1445 0.449804 97
1446 0.368835 97
1447 0.439021 97
1448 0.503649 97
1449 12.460582 98
1450 1.006924 92
1451 0.528429 91
1452 0.434670 91
1453 0.393913 92
1454 19.583326 92
1455 1.122272 92
1456 0.716228 92
1457 1.913978 92
1458 1.539078 90
1459 1.721815 92
1460 1.259511 92
1461 0.391286 91
1462 1.455533 92
1463 0.405598 92
1464 1.902663 92
1465 1.019120 92
1466 0.373315 92
1467 0.377352 91
1468 1.289326 92
1469 1.102076 92
1470 2.148978 92
1471 1.461196 92
1472 0.356670 91
1473 0.424275 91
1474 0.705804 92
1475 0.376304 92
1476 1.112902 92
1477 0.332077 91
1478 1.038500 92
1479 1.634902 92
1480 1.363359 92
1481 1.669272 92
1482 1.454978 92
1483 2.084641 92
1484 1.205587 92
1485 1.948837 92
1486 1.308261 92
1487 1.136022 92
1488 1.199326 92
1489 1.054533 92
1490 1.738609 92
1491 1.195033 92
1492 1.346315 92
1493 1.268435 92
1494 1.084554 92
1495 3.043370 92
1496 1.310022 92
1497 1.348500 92
1498 1.150598 92
1499 1.060522 92
1500 3.251624 109
1501 1.106422 109
1502 2.613670 109
1503 1.293092 109
1504 1.128633 109
1505 1.156771 109
1506 1.458284 109
1507 1.201468 109
1508 1.219495 109
1509 1.122963 109
1510 1.057183 109
1511 2.882569 109
1512 2.250358 109
1513 2.452963 109
1514 1.987486 109
1515 1.224459 109
1516 0.491312 109
1517 1.852018 109
1518 5.209926 108
1519 4.646454 108
1520 20.000000 108
1521 1.587982 109
1522 0.589514 109
1523 0.624339 109
1524 0.326870 108
1525 0.450019 108
1526 0.810852 108
1527 0.294926 108
1528 0.608706 109
1529 0.670578 109
1530 0.588853 109
1531 0.562321 109
1532 0.871725 109
1533 0.370046 108
1534 0.387019 108
1535 0.296741 108
1536 4.992688 109
1537 0.555706 109
1538 0.571704 108
1539 0.545611 108
1540 1.575817 109
1541 1.190642 109
1542 1.070771 109
1543 1.346697 109
1544 1.225556 108
1545 1.066312 109
1546 1.189376 109
1547 1.167853 109
1548 1.404862 109
1549 0.308073 109
1550 1.134041 121
1551 1.891719 121
1552 1.770835 121
1553 1.615653 121
1554 1.454554 121
1555 1.568752 121
1556 4.620248 121
1557 1.193463 121
1558 1.423438 121
1559 2.242636 121
1560 1.263702 121
1561 1.696851 121
1562 0.975066 121
1563 1.788917 121
1564 1.142570 121
1565 0.363942 120
1566 0.540558 120
1567 0.362233 120
1568 6.294430 121
1569 6.457417 120
1570 6.817826 121
1571 1.256008 121
1572 0.759292 120
1573 1.313116 121
1574 0.791347 121
1575 10.231967 121
1576 1.295008 121
1577 7.647562 121
1578 3.132521 121
1579 1.159215 121
1580 1.284818 121
1581 0.349331 121
1582 0.350125 120
1583 0.364392 120
1584 3.609298 121
1585 3.054167 120
1586 1.200074 121
1587 0.733892 120
1588 2.034367 120
1589 0.679825 120
1590 0.616025 120
1591 0.577958 120
1592 0.589083 120
1593 0.700308 120
1594 0.753858 120
1595 7.476508 120
1596 0.599200 120
1597 0.642533 120
1598 0.821785 121
1599 0.274767 120
1600 0.746018 114
1601 1.387439 114
1602 0.345743 113
1603 0.313107 112
1604 0.315504 113
1605 1.401711 114
1606 0.349230 113
1607 0.345061 114
1608 1.391684 114
1609 0.350054 112
1610 0.319848 112
1611 1.330079 114
1612 0.489035 114
1613 1.010456 114
1614 0.279115 113
1615 1.098623 114
1616 0.506763 114
1617 0.556807 114
1618 0.502752 113
1619 0.448885 113
1620 1.298167 114
1621 0.395054 112
1622 0.396196 112
1623 1.302465 114
1624 1.496982 114
1625 0.603116 112
1626 1.400719 114
1627 0.565646 113
1628 1.328947 114
1629 0.387544 114
1630 1.935456 114
1631 0.973965 113
1632 1.259439 114
1633 0.773000 113
1634 0.998407 113
1635 7.182781 114
1636 19.667518 114
1637 19.826681 113
1638 19.642254 114
1639 0.715360 114
1640 1.169816 114
1641 1.060737 114
1642 0.863000 114
1643 0.242177 113
1644 0.760518 114
1645 0.240858 113
1646 0.876193 114
1647 0.256265 113
1648 1.034781 114
1649 0.762693 114
1650 0.919175 103
1651 1.616272 103
1652 1.629990 103
1653 2.024942 103
1654 19.354961 103
1655 1.605592 103
1656 0.847913 103
1657 1.456942 103
1658 1.667456 103
1659 1.141223 103
1660 0.884165 103
1661 0.875748 103
1662 1.397583 103
1663 1.103078 103
1664 2.325087 103
1665 0.374379 103
1666 0.386196 102
1667 1.356437 103
1668 0.421735 102
1669 0.366317 101
1670 1.255087 103
1671 0.392069 101
1672 14.936748 103
1673 15.764206 102
1674 16.290670 103
1675 15.764157 102
1676 16.348520 102
1677 16.213282 103
1678 16.106520 102
1679 14.026755 102
1680 15.895136 103
1681 1.958243 103
1682 0.878825 103
1683 0.156709 103
1684 0.147608 102
1685 1.423388 103
1686 0.661461 102
1687 1.987447 103
1688 1.018786 103
1689 0.982864 103
1690 3.616981 103
1691 0.956864 103
1692 3.426602 103
1693 1.781971 103
1694 0.709981 103
1695 0.170882 102
1696 0.724136 103
1697 0.211235 102
1698 1.147476 103
1699 0.204495 103
1700 0.910173 98
1701 0.434490 98
1702 0.394918 98
1703 1.207745 98
1704 0.685698 96
1705 1.242837 98
1706 0.386918 97
1707 0.280173 98
1708 0.300546 97
1709 0.495521 96
1710 1.757439 98
1711 0.517302 96
1712 0.450271 96
1713 0.555887 97
1714 1.327020 98
1715 1.245827 98
1716 1.585755 98
1717 0.397443 97
1718 0.332598 97
1719 1.505939 98
1720 1.786184 98
1721 1.402214 98
1722 2.110276 98
1723 1.300776 98
1724 1.618184 98
1725 1.636765 98
1726 9.396418 98
1727 2.747949 98
1728 1.210663 98
1729 1.829245 98
1730 1.680296 98
1731 1.105071 98
1732 1.096878 98
1733 2.252735 98
1734 1.197520 98
1735 1.228408 98
1736 1.218918 98
1737 1.302327 98
1738 1.028980 98
1739 1.426469 98
1740 2.003184 98
1741 0.966429 98
1742 5.458796 98
1743 1.555663 98
1744 0.820694 98
1745 0.947327 98
1746 0.881929 98
1747 2.942480 98
1748 2.321673 98
1749 1.703276 98
1750 1.725301 123
1751 1.508577 123
1752 1.042260 123
1753 1.285626 123
1754 0.337661 121
1755 0.335364 121
1756 1.993602 123
1757 1.391642 123
1758 1.176187 123
1759 4.822772 123
1760 4.512959 123
1761 3.039748 123
1762 2.703724 123
1763 2.382911 123
1764 1.258415 123
1765 1.627756 123
1766 1.788398 123
1767 1.657951 123
1768 1.179024 123
1769 1.464358 123
1770 0.998561 123
1771 4.618252 123
1772 2.055041 123
1773 1.001967 123
1774 1.407943 122
1775 1.235451 122
1776 1.654148 122
1777 0.654352 122
1778 0.457648 122
1779 0.808008 122
1780 1.023516 122
1781 1.122295 122
1782 1.340115 122
1783 0.436377 122
1784 1.559385 122
1785 1.566451 122
1786 9.306262 122
1787 14.613811 122
1788 0.935590 122
1789 0.822041 122
1790 0.782336 122
1791 13.945270 122
1792 0.754336 122
1793 0.214754 122
1794 0.242885 122
1795 1.178107 122
1796 1.101672 122
1797 0.479738 122
1798 1.436148 122
1799 1.209697 122
1800 1.748009 117
1801 0.855388 116
1802 2.608726 117
1803 1.902496 117
1804 0.685586 116
1805 1.836709 117
1806 1.771325 117
1807 1.615812 117
1808 1.592368 117
1809 2.299521 117
1810 1.657940 117
1811 16.585179 117
1812 1.691821 117
1813 1.534274 117
1814 0.357440 116
1815 0.387259 116
1816 1.513214 117
1817 0.748487 117
1818 1.328487 117
1819 1.176128 117
1820 1.235444 117
1821 3.800698 116
1822 2.123233 116
1823 0.324863 117
1824 0.404810 116
1825 1.237564 117
1826 1.276812 117
1827 8.506615 117
1828 8.408767 116
1829 8.122655 116
1830 1.112342 117
1831 2.048932 117
1832 0.767129 116
1833 0.937222 117
1834 1.436735 117
1835 0.882957 117
1836 0.478043 117
1837 1.245205 117
1838 1.863051 117
1839 0.915496 117
1840 1.059393 117
1841 1.316496 117
1842 1.391684 117
1843 0.858359 117
1844 0.959239 117
1845 0.983205 117
1846 0.969427 117
1847 1.186282 117
1848 1.171222 117
1849 1.159675 117
1850 2.022973 110
1851 2.072564 110
1852 1.571645 110
1853 2.125436 110
1854 0.560065 107
1855 0.465327 107
1856 2.062482 110
1857 1.966000 110
1858 1.613109 110
1859 0.793082 110
1860 1.504909 110
1861 1.012800 110
1862 12.980936 110
1863 6.037473 110
1864 3.979505 109
1865 1.405909 110
1866 1.599718 110
1867 0.646806 108
1868 7.238282 110
1869 6.822413 109
1870 1.473909 110
1871 1.352500 110
1872 17.191264 110
1873 17.402600 110
1874 17.647855 110
1875 1.227418 110
1876 0.979464 110
1877 0.991909 110
1878 0.226972 109
1879 0.228561 107
1880 0.989227 110
1881 0.553257 109
1882 0.584602 108
1883 0.237701 107
1884 1.345282 110
1885 0.351468 109
1886 0.363706 109
1887 2.705136 110
1888 2.371400 110
1889 0.927468 109
1890 1.910809 110
1891 0.700245 110
1892 0.963555 110
1893 0.864518 110
1894 1.144273 110
1895 0.446229 109
1896 0.347807 109
1897 1.288673 110
1898 1.075545 110
1899 0.885055 110
1900 7.923360 111
1901 1.318640 111
1902 1.910108 111
1903 4.647099 111
1904 2.873703 111
1905 1.429901 111
1906 0.782091 110
1907 0.731164 110
1908 0.753198 111
1909 0.760782 110
1910 0.728273 110
1911 0.707209 110
1912 1.028802 111
1913 0.327055 109
1914 0.368807 109
1915 0.375945 109
1916 0.291385 109
1917 0.330376 109
1918 0.497355 110
1919 0.357459 109
1920 0.329718 110
1921 0.356202 109
1922 0.298545 110
1923 0.309345 110
1924 0.301055 109
1925 0.314955 110
1926 0.334227 110
1927 0.374127 110
1928 0.380890 109
1929 0.419791 110
1930 0.322798 109
1931 0.347464 110
1932 0.342211 109
1933 0.326682 110
1934 0.356413 109
1935 0.288055 109
1936 1.066523 111
1937 0.379391 110
1938 0.330827 110
1939 1.169577 111
1940 0.336577 111
1941 0.323791 110
1942 10.267658 111
1943 1.194874 111
1944 0.551100 110
1945 0.537144 111
1946 0.364064 110
1947 0.988477 111
1948 0.461000 110
1949 16.378536 110
1950 1.307368 106
1951 14.931698 106
1952 1.691274 106
1953 1.455500 106
1954 1.477877 106
1955 0.438619 105
1956 1.252038 106
1957 2.172689 106
1958 2.130358 106
1959 0.558162 105
1960 0.744972 106
1961 0.828349 106
1962 19.999698 106
1963 19.999689 106
1964 1.154623 106
1965 3.000604 106
1966 0.994330 106
1967 2.423387 106
1968 1.218868 106
1969 1.129057 106
1970 1.212000 106
1971 7.214094 106
1972 1.360689 106
1973 1.179453 106
1974 1.825991 106
1975 1.018670 106
1976 0.969868 106
1977 0.913283 106
1978 1.034670 106
1979 2.763208 106
1980 1.591151 106
1981 0.882415 106
1982 0.243724 105
1983 0.239676 105
1984 0.250867 105
1985 1.662726 106
1986 0.991029 105
1987 0.916448 105
1988 0.880877 106
1989 0.300400 105
1990 1.006802 106
1991 0.237067 105
1992 0.403352 105
1993 0.310705 105
1994 1.416406 106
1995 0.244692 104
1996 0.200269 104
1997 2.934160 106
1998 2.289095 105
1999 2.360925 106
2000 4.095864 118
2001 3.846650 117
2002 3.527042 118
2003 3.687265 117
2004 1.794136 118
2005 1.731924 118
2006 1.049543 116
2007 1.600703 118
2008 0.582405 116
2009 1.651907 118
2010 1.683607 117
2011 1.208958 118
2012 0.386094 117
2013 0.379881 118
2014 1.064559 118
2015 0.957847 118
2016 2.665500 118
2017 2.769831 118
2018 1.113008 118
2019 4.601195 118
2020 9.212333 117
2021 1.506712 118
2022 1.013390 118
2023 1.635890 118
2024 2.020636 118
2025 1.994576 118
2026 1.029669 118
2027 1.035941 118
2028 0.971475 118
2029 11.969975 118
2030 1.025814 118
2031 1.358805 118
2032 0.916220 118
2033 1.286517 118
2034 2.279000 118
2035 1.457051 118
2036 1.183271 118
2037 4.389475 118
2038 0.919237 118
2039 0.851008 118
2040 0.971254 118
2041 0.468060 117
2042 0.428265 117
2043 1.974076 118
2044 1.594274 117
2045 0.819788 118
2046 0.207924 118
2047 0.265496 117
2048 0.239496 117
2049 0.719780 118
2050 1.080025 120
2051 0.418891 119
2052 0.365017 119
2053 1.556942 120
2054 0.420202 119
2055 0.498432 118
2056 1.264242 120
2057 1.215898 118
2058 0.428280 118
2059 0.453613 119
2060 0.476042 118
2061 0.459280 118
2062 1.793242 120
2063 1.921367 120
2064 1.378695 118
2065 0.352636 118
2066 1.434242 120
2067 4.451633 120
2068 1.213958 120
2069 1.539142 120
2070 2.208775 120
2071 2.006467 120
2072 1.424392 120
2073 1.421283 120
2074 1.110667 120
2075 2.722350 120
2076 1.366650 120
2077 0.484775 120
2078 2.083175 120
2079 0.576093 118
2080 1.062076 119
2081 1.247325 120
2082 1.384300 120
2083 1.366850 120
2084 2.726200 120
2085 1.491050 120
2086 1.283967 120
2087 1.905333 120
2088 1.266667 120
2089 1.495608 120
2090 1.205158 120
2091 1.095108 120
2092 2.964542 120
2093 1.108108 120
2094 1.483350 120
2095 1.465583 120
2096 18.552267 120
2097 17.279235 119
2098 16.125225 120
2099 14.650092 119
2100 8.338807 109
2101 9.755602 108
2102 19.367229 109
2103 12.662587 109
2104 6.622355 107
2105 0.673327 107
2106 1.771550 109
2107 2.276468 109
2108 1.523110 109
2109 1.826835 109
2110 1.459376 109
2111 1.518587 109
2112 1.217596 109
2113 1.861220 109
2114 0.955463 108
2115 0.919657 108
2116 0.775565 108
2117 0.395194 108
2118 0.472769 108
2119 0.461339 109
2120 0.515778 108
2121 0.400435 108
2122 0.683532 109
2123 0.351065 108
2124 1.030991 108
2125 0.343889 108
2126 3.394110 109
2127 2.290083 109
2128 1.082835 109
2129 0.751870 108
2130 0.639880 108
2131 1.050523 109
2132 0.642670 109
2133 0.948073 109
2134 1.078835 109
2135 0.262615 109
2136 1.365743 109
2137 0.305157 108
2138 2.265284 109
2139 1.211936 109
2140 0.921587 109
2141 1.053239 109
2142 2.914771 109
2143 0.914688 109
2144 4.206679 109
2145 1.664532 109
2146 0.773306 108
2147 1.795817 109
2148 0.738624 109
2149 0.896725 109
2150 2.249226 106
2151 1.622972 106
2152 1.633000 106
2153 0.447333 105
2154 0.474933 104
2155 4.180368 106
2156 1.947575 106
2157 0.870510 104
2158 2.209906 106
2159 2.090566 106
2160 19.513368 106
2161 6.742330 106
2162 4.813295 105
2163 4.908171 105
2164 5.187324 105
2165 5.169067 105
2166 5.490714 105
2167 5.496029 105
2168 6.497283 106
2169 5.495495 105
2170 4.054743 105
2171 4.703343 105
2172 4.705952 105
2173 5.741229 105
2174 5.421476 105
2175 5.991190 105
2176 5.854295 105
2177 6.057594 106
2178 5.777886 105
2179 4.898686 105
2180 4.951743 105
2181 5.028010 105
2182 4.869743 105
2183 4.519610 105
2184 3.322105 105
2185 4.035133 105
2186 4.092181 105
2187 3.333200 105
2188 3.226533 105
2189 2.548181 105
2190 2.653925 106
2191 2.556858 106
2192 3.155171 105
2193 2.849305 105
2194 2.192819 105
2195 1.964286 105
2196 1.974105 105
2197 1.861581 105
2198 2.028829 105
2199 1.758810 105
2200 3.307718 103
2201 3.208262 103
2202 3.521078 103
2203 3.876718 103
2204 4.009136 103
2205 4.326951 103
2206 3.977563 103
2207 4.140320 103
2208 3.348417 103
2209 5.475835 103
2210 4.854602 103
2211 4.948650 103
2212 4.179864 103
2213 5.623680 103
2214 4.926311 103
2215 5.666010 103
2216 5.508456 103
2217 5.757863 102
2218 5.879451 102
2219 5.096716 102
2220 4.541343 102
2221 5.154569 102
2222 4.951108 102
2223 4.814725 102
2224 4.433117 103
2225 4.695068 103
2226 4.646078 102
2227 3.940039 102
2228 4.841931 102
2229 4.128194 103
2230 3.720784 102
2231 3.565233 103
2232 4.072314 102
2233 4.090000 102
2234 3.249176 102
2235 3.873412 102
2236 3.144223 103
2237 3.248893 103
2238 2.389422 102
2239 2.542598 102
2240 3.072029 102
2241 2.694814 102
2242 2.324088 102
2243 2.983942 103
2244 2.508902 102
2245 2.215843 102
2246 2.162515 103
2247 2.339660 103
2248 1.892196 102
2249 2.015275 102
2250 3.772718 103
2251 3.149621 103
2252 4.028981 103
2253 4.584408 103
2254 3.461874 103
2255 3.506893 103
2256 4.362618 102
2257 4.443225 102
2258 4.563304 102
2259 5.190097 103
2260 5.222282 103
2261 4.883961 102
2262 6.463353 102
2263 5.650667 102
2264 6.747980 102
2265 6.851931 102
2266 5.686456 103
2267 5.506059 102
2268 3.812255 102
2269 5.310000 102
2270 4.480931 102
2271 4.727029 102
2272 4.553069 102
2273 5.930777 103
2274 4.969588 102
2275 3.926618 102
2276 4.495748 103
2277 4.364863 102
2278 4.647167 102
2279 3.887941 102
2280 5.391108 102
2281 3.574441 102
2282 3.014284 102
2283 3.298136 103
2284 3.493314 102
2285 3.214520 102
2286 2.986392 102
2287 2.747417 103
2288 2.981176 102
2289 3.280706 102
2290 3.395265 102
2291 2.961835 103
2292 2.011650 103
2293 2.278127 102
2294 2.338588 102
2295 2.064363 102
2296 2.086520 102
2297 2.000621 103
2298 1.646049 103
2299 1.585667 102
2300 4.002461 102
2301 3.757343 102
2302 4.843824 102
2303 4.441696 102
2304 4.779775 102
2305 4.146569 102
2306 4.118186 102
2307 5.402422 102
2308 4.816020 102
2309 4.878882 102
2310 5.377716 102
2311 4.438382 102
2312 5.159049 102
2313 5.528667 102
2314 5.274020 101
2315 5.152644 101
2316 6.335475 101
2317 5.536870 100
2318 5.471420 100
2319 5.240810 100
2320 5.793080 100
2321 4.887396 101
2322 4.723030 101
2323 4.795220 100
2324 4.732650 100
2325 4.056870 100
2326 4.819267 101
2327 4.212590 100
2328 4.355340 100
2329 3.597170 100
2330 3.496630 100
2331 3.265822 101
2332 4.157880 100
2333 2.954960 100
2334 3.217610 100
2335 3.246490 100
2336 3.256180 100
2337 2.198460 100
2338 2.705640 100
2339 2.495320 100
2340 2.585290 100
2341 2.239320 100
2342 2.606208 101
2343 2.455740 100
2344 2.236350 100
2345 1.659248 101
2346 3.038930 100
2347 2.586554 101
2348 2.410752 101
2349 1.611200 100
2350 3.277943 87
2351 1.628115 87
2352 0.635612 85
2353 0.393035 85
2354 0.412435 85
2355 0.263765 85
2356 1.283126 87
2357 1.475837 86
2358 0.818872 86
2359 1.575488 86
2360 0.702023 87
2361 1.042593 86
2362 2.115163 86
2363 0.726163 86
2364 0.569942 86
2365 0.502744 86
2366 1.237837 86
2367 0.775709 86
2368 1.748860 86
2369 0.405895 86
2370 2.333605 86
2371 0.842477 86
2372 0.354093 86
2373 1.048756 86
2374 0.560605 86
2375 1.345779 86
2376 0.636779 86
2377 0.637581 86
2378 0.317547 86
2379 0.993163 86
2380 0.374379 87
2381 0.728163 86
2382 0.324500 86
2383 1.227149 87
2384 0.234837 86
2385 0.303721 86
2386 1.237333 87
2387 0.343965 86
2388 0.324535 86
2389 2.037655 87
2390 0.274453 86
2391 0.297140 86
2392 1.102379 87
2393 0.308356 87
2394 0.353988 86
2395 0.938253 87
2396 0.277779 86
2397 0.249570 86
2398 1.181471 87
2399 0.268686 86
2400 0.863331 118
2401 0.371966 118
2402 0.392576 118
2403 0.434661 118
2404 0.406551 118
2405 0.339661 118
2406 0.424186 118
2407 0.419873 118
2408 0.301729 118
2409 0.314008 118
2410 1.467907 118
2411 1.415897 117
2412 0.780409 115
2413 0.395626 115
2414 1.371907 118
2415 1.353754 118
2416 0.629009 116
2417 0.418164 116
2418 0.595419 117
2419 0.455586 116
2420 1.436508 118
2421 2.386932 118
2422 0.671068 118
2423 0.982803 117
2424 1.050402 117
2425 0.767316 117
2426 0.376496 117
2427 0.578385 117
2428 0.771402 117
2429 0.820398 118
2430 0.752761 117
2431 1.471237 118
2432 1.006724 116
2433 0.906897 116
2434 1.140653 118
2435 1.239737 118
2436 1.313703 118
2437 1.372254 118
2438 0.495863 117
2439 1.120873 118
2440 0.541188 117
2441 17.897195 118
2442 17.059000 117
2443 16.931812 117
2444 0.875949 118
2445 0.330376 117
2446 0.287359 117
2447 4.681839 118
2448 0.320769 117
2449 0.251000 117
2450 4.385595 116
2451 2.309233 116
2452 2.274716 116
2453 1.936741 116
2454 0.337876 113
2455 3.935724 116
2456 2.266921 114
2457 1.176807 114
2458 1.080328 116
2459 0.372836 116
2460 0.725966 116
2461 2.032241 116
2462 1.067043 115
2463 0.953500 116
2464 1.313914 116
2465 0.351224 116
2466 1.693078 116
2467 1.658259 116
2468 0.952591 115
2469 1.470681 116
2470 1.209948 116
2471 0.928661 115
2472 1.117707 116
2473 1.222591 115
2474 1.219448 116
2475 1.323466 116
2476 0.943241 116
2477 16.405776 116
2478 3.758802 116
2479 1.006259 116
2480 4.784357 115
2481 0.932034 116
2482 1.696991 116
2483 0.779914 116
2484 1.150983 116
2485 0.292043 115
2486 0.838724 116
2487 0.881190 116
2488 0.676241 116
2489 0.217322 115
2490 1.007491 116
2491 0.254861 115
2492 0.875612 116
2493 0.673595 116
2494 0.485379 116
2495 0.687922 116
2496 0.420181 116
2497 2.723293 116
2498 0.889517 116
2499 0.612457 116
2500 1.331100 110
2501 1.317336 110
2502 18.970036 110
2503 2.198864 110
2504 1.526109 110
2505 1.706964 110
2506 1.016927 110
2507 1.115109 110
2508 1.974100 110
2509 20.000000 110
2510 1.273064 110
2511 0.890800 110
2512 0.988536 110
2513 2.272791 110
2514 1.038782 110
2515 0.914391 110
2516 0.243679 109
2517 1.009655 110
2518 1.328300 110
2519 1.125336 110
2520 0.904336 110
2521 1.188864 110
2522 1.019936 110
2523 0.809318 110
2524 1.209945 110
2525 0.903991 110
2526 0.727464 110
2527 0.964245 110
2528 11.825818 110
2529 0.718045 110
2530 0.894827 110
2531 0.794145 110
2532 1.883482 110
2533 4.280955 110
2534 1.226391 110
2535 0.705136 110
2536 0.725709 110
2537 0.655755 110
2538 1.178582 110
2539 0.892009 110
2540 0.763082 110
2541 0.839655 110
2542 0.645536 110
2543 0.876991 110
2544 0.804745 110
2545 0.647845 110
2546 0.635464 110
2547 0.764436 110
2548 0.907364 110
2549 0.567973 110
2550 1.020875 104
2551 1.350356 104
2552 4.588827 104
2553 1.409029 104
2554 19.953163 104
2555 1.566923 104
2556 1.044058 104
2557 1.083413 104
2558 2.076731 104
2559 1.090327 104
2560 1.880471 104
2561 1.087019 104
2562 1.570548 104
2563 9.834379 103
2564 5.082369 103
2565 5.195039 103
2566 7.431548 104
2567 5.294379 103
2568 3.742126 103
2569 3.093621 103
2570 2.702990 104
2571 2.394204 103
2572 2.155375 104
2573 1.936631 103
2574 1.864192 104
2575 1.880573 103
2576 1.825154 104
2577 1.962350 103
2578 2.515320 103
2579 2.097817 104
2580 2.612757 103
2581 1.859010 103
2582 1.775558 104
2583 2.109233 103
2584 1.262893 103
2585 2.661087 103
2586 1.769922 103
2587 2.235340 103
2588 1.719433 104
2589 1.536301 103
2590 1.108592 103
2591 1.567660 103
2592 1.695922 103
2593 1.926437 103
2594 2.271282 103
2595 1.087845 103
2596 1.278718 103
2597 1.126485 103
2598 1.523864 103
2599 1.105757 103
2600 6.572692 107
2601 6.876486 107
2602 4.169178 107
2603 4.437121 107
2604 7.890120 108
2605 4.075178 107
2606 3.510981 107
2607 7.055234 107
2608 4.946299 107
2609 5.357720 107
2610 4.655755 106
2611 3.682093 107
2612 3.544047 107
2613 3.016308 107
2614 1.566710 107
2615 2.298346 107
2616 1.547085 106
2617 1.857066 106
2618 1.926850 107
2619 5.397708 106
2620 3.318810 105
2621 3.479245 106
2622 2.658733 105
2623 1.829686 105
2624 2.027840 106
2625 2.306698 106
2626 1.656745 106
2627 1.687190 105
2628 2.181429 105
2629 1.729133 105
2630 2.764477 107
2631 1.990255 106
2632 1.382481 106
2633 1.749781 105
2634 1.263781 105
2635 1.551305 105
2636 3.074514 105
2637 2.032638 105
2638 1.977827 104
2639 1.448619 105
2640 1.238317 104
2641 2.581829 105
2642 1.462695 105
2643 2.445467 105
2644 1.305173 104
2645 1.351838 105
2646 1.170886 105
2647 1.830236 106
2648 1.847914 105
2649 1.249846 104
2650 6.476718 110
2651 6.758591 110
2652 4.208164 110
2653 8.246264 110
2654 4.608755 110
2655 3.872455 110
2656 3.830500 110
2657 4.190173 110
2658 3.647718 110
2659 3.681218 110
2660 7.586600 110
2661 6.420358 109
2662 3.770743 109
2663 1.453609 110
2664 0.258725 109
2665 1.196882 110
2666 0.871418 110
2667 18.454156 109
2668 18.033639 108
2669 17.848009 108
2670 17.507167 108
2671 16.463861 108
2672 14.966349 109
2673 13.306435 108
2674 10.662472 108
2675 3.198019 108
2676 2.417907 108
2677 2.022731 108
2678 1.761583 108
2679 2.071358 109
2680 2.077306 108
2681 2.199574 108
2682 2.073111 108
2683 1.919935 108
2684 1.914361 108
2685 2.045870 108
2686 1.952245 110
2687 2.156743 109
2688 1.063844 109
2689 1.082176 108
2690 1.513147 109
2691 1.500426 108
2692 0.927752 109
2693 1.318440 109
2694 0.437780 109
2695 1.235796 108
2696 1.577611 108
2697 1.790000 108
2698 0.800376 109
2699 1.018602 108
2700 12.206224 107
2701 13.451308 107
2702 14.456467 107
2703 14.764802 106
2704 14.862434 106
2705 15.286311 106
2706 15.778934 106
2707 15.934094 106
2708 16.454094 106
2709 15.678906 106
2710 7.110632 106
2711 0.950776 107
2712 0.601654 107
2713 0.629477 107
2714 1.536439 107
2715 0.653075 107
2716 3.666336 107
2717 0.604953 107
2718 1.941121 107
2719 0.596178 107
2720 0.505794 107
2721 1.914308 107
2722 0.538486 107
2723 0.485907 107
2724 0.465327 107
2725 0.480140 107
2726 0.460673 107
2727 0.452028 107
2728 0.424374 107
2729 0.691868 106
2730 1.709396 106
2731 0.603755 106
2732 0.469679 106
2733 2.440038 106
2734 0.520387 106
2735 0.612623 106
2736 0.620934 106
2737 0.411311 106
2738 0.408623 106
2739 0.382991 106
2740 0.464745 106
2741 0.390396 106
2742 0.385906 106
2743 0.783179 106
2744 0.499311 106
2745 0.501991 106
2746 0.564528 106
2747 0.348443 106
2748 1.447896 106
2749 0.335123 106
2750 2.174874 95
2751 1.070617 94
2752 0.947340 94
2753 0.863179 95
2754 1.512568 95
2755 0.415713 94
2756 1.531147 95
2757 2.041905 95
2758 1.645484 95
2759 1.958326 95
2760 1.403358 95
2761 1.740011 94
2762 1.378436 94
2763 1.894500 94
2764 1.521284 95
2765 1.338840 94
2766 1.515245 94
2767 1.406543 94
2768 1.733295 95
2769 1.699096 94
2770 1.521351 94
2771 1.310702 94
2772 1.104862 94
2773 1.331745 94
2774 1.051617 94
2775 1.394179 95
2776 1.199947 94
2777 1.125489 94
2778 1.182734 94
2779 1.203200 95
2780 1.038564 94
2781 1.153021 94
2782 1.007649 94
2783 0.872589 95
2784 1.396223 94
2785 1.384232 95
2786 1.275747 95
2787 0.953968 94
2788 0.942277 94
2789 1.487242 95
2790 0.543032 93
2791 0.533096 94
2792 0.412946 93
2793 0.431355 93
2794 0.559882 93
2795 0.572568 95
2796 0.493521 94
2797 0.467796 93
2798 0.606516 93
2799 0.483596 94
2800 1.141056 108
2801 0.637648 108
2802 0.619009 108
2803 0.654546 108
2804 0.636630 108
2805 0.634398 108
2806 0.560630 108
2807 0.583870 108
2808 0.725435 108
2809 0.556315 108
2810 0.666157 108
2811 0.594444 108
2812 0.688343 108
2813 0.698917 108
2814 0.574556 108
2815 0.982315 108
2816 0.341533 107
2817 0.448794 107
2818 0.317159 107
2819 14.039185 108
2820 16.883159 107
2821 17.250551 107
2822 18.370407 108
2823 18.393611 108
2824 18.609991 107
2825 18.733925 107
2826 18.834860 107
2827 17.649907 107
2828 15.074150 107
2829 6.716262 107
2830 5.524738 107
2831 4.530262 107
2832 2.039556 108
2833 2.752645 107
2834 2.045748 107
2835 2.024449 107
2836 2.100720 107
2837 1.752355 107
2838 1.877336 107
2839 0.775787 108
2840 0.215654 107
2841 0.189579 107
2842 0.661231 108
2843 0.180645 107
2844 0.166741 108
2845 0.157785 107
2846 0.587907 108
2847 0.198074 108
2848 0.195130 108
2849 0.261917 108
2850 1.184138 109
2851 0.608128 109
2852 0.315239 109
2853 0.386679 109
2854 1.339495 109
2855 0.401688 109
2856 0.441450 109
2857 2.118358 109
2858 1.253785 107
2859 1.190402 107
2860 1.381570 107
2861 2.168459 109
2862 0.339477 107
2863 1.315239 109
2864 0.524131 107
2865 0.346458 107
2866 1.151294 109
2867 2.736560 109
2868 0.753037 109
2869 0.966055 109
2870 0.272259 108
2871 0.281824 108
2872 0.315491 108
2873 6.118844 109
2874 5.008147 109
2875 4.438844 109
2876 4.107713 108
2877 4.125231 108
2878 4.086769 108
2879 3.517130 108
2880 3.678546 108
2881 3.798722 108
2882 4.461248 109
2883 6.052954 109
2884 6.900593 108
2885 8.087148 108
2886 8.046852 108
2887 8.357009 108
2888 8.084833 108
2889 7.820870 108
2890 7.984565 108
2891 6.730750 108
2892 5.751954 108
2893 1.751037 109
2894 0.283103 107
2895 0.251757 107
2896 1.285422 109
2897 2.104537 108
2898 0.317009 108
2899 0.221352 108
2900 1.158195 87
2901 0.474402 87
2902 0.463230 87
2903 0.437609 87
2904 1.624506 87
2905 0.600824 85
2906 0.501294 85
2907 0.359800 85
2908 1.548322 87
2909 0.454791 86
2910 0.385895 86
2911 1.699517 87
2912 0.534942 86
2913 0.598435 85
2914 0.526224 85
2915 0.584198 86
2916 1.288724 87
2917 0.293116 86
2918 0.525942 86
2919 0.279128 86
2920 1.524241 87
2921 0.335129 85
2922 0.391247 85
2923 1.289713 87
2924 0.445942 86
2925 0.319593 86
2926 0.332221 86
2927 1.246793 87
2928 0.300581 86
2929 0.275140 86
2930 0.269535 86
2931 1.616586 87
2932 0.358069 87
2933 0.266686 86
2934 0.285729 85
2935 2.270000 86
2936 0.660918 85
2937 1.005894 85
2938 1.032581 86
2939 0.299384 86
2940 0.401341 85
2941 0.383247 85
2942 0.329835 85
2943 0.293314 86
2944 1.203488 86
2945 0.543894 85
2946 0.527059 85
2947 0.439012 85
2948 1.254593 86
2949 0.566000 85
2950 1.268131 99
2951 0.736798 99
2952 0.541960 99
2953 1.556970 99
2954 0.410464 97
2955 1.327606 99
2956 0.598495 97
2957 1.212495 99
2958 1.379737 99
2959 0.434439 98
2960 0.428093 97
2961 0.383551 98
2962 1.264081 99
2963 0.302598 97
2964 0.336041 97
2965 1.109606 99
2966 0.327857 98
2967 0.307051 98
2968 0.431510 98
2969 2.784051 99
2970 2.118041 98
2971 1.355768 99
2972 1.516677 99
2973 0.633707 99
2974 0.329908 98
2975 1.110859 99
2976 0.496316 98
2977 0.387919 99
2978 1.123909 99
2979 0.315929 98
2980 0.348704 98
2981 1.599061 99
2982 0.483657 99
2983 1.441747 99
2984 0.364857 98
2985 1.613768 99
2986 0.332918 98
2987 0.366586 99
2988 1.210475 99
2989 0.312571 98
2990 1.023333 99
2991 1.200343 99
2992 0.340418 98
2993 1.081354 99
2994 0.345646 99
2995 4.795182 99
2996 0.952172 87
2997 1.074778 99
2998 0.445041 98
2999 20.000000 99
3000 20.000000 106
3001 20.000000 106
3002 19.953283 106
3003 20.000000 104
3004 20.000000 104
3005 20.000000 102
3006 19.805835 103
3007 19.611670 103
3008 1.670472 106
3009 0.930124 105
3010 0.390610 105
3011 0.711705 105
3012 0.369038 105
3013 0.850733 105
3014 0.437745 106
3015 0.469632 106
3016 0.554895 105
3017 0.955229 105
3018 0.459190 105
3019 0.329514 105
3020 0.268085 106
3021 0.445257 105
3022 1.055528 106
3023 0.286962 105
3024 0.310887 106
3025 1.066198 106
3026 0.259410 105
3027 0.835585 106
3028 0.450638 105
3029 0.430792 106
3030 0.957906 106
3031 0.322657 105
3032 0.853557 106
3033 0.242581 105
3034 1.087604 106
3035 0.237604 106
3036 2.468745 106
3037 1.867123 106
3038 2.060971 105
3039 0.616557 106
3040 0.191333 105
3041 1.104632 106
3042 0.578781 105
3043 1.210472 106
3044 0.153962 106
3045 0.657443 106
3046 0.177190 105
3047 0.190657 105
3048 0.622868 106
3049 0.190066 106
3050 1.138168 95
3051 0.429716 95
3052 1.053147 95
3053 0.434158 95
3054 0.428811 95
3055 1.095179 95
3056 0.274266 94
3057 1.075400 95
3058 0.708305 95
3059 0.700937 95
3060 0.905211 95
3061 0.290168 95
3062 0.767358 95
3063 0.667137 95
3064 0.793411 95
3065 0.648000 95
3066 0.663221 95
3067 0.746453 95
3068 0.220621 95
3069 1.609979 95
3070 1.080000 95
3071 0.631537 95
3072 0.565516 95
3073 0.562463 95
3074 0.693126 95
3075 0.644211 95
3076 0.739589 95
3077 0.710737 95
3078 0.664937 95
3079 0.544032 95
3080 0.507042 95
3081 0.668968 95
3082 0.708147 95
3083 0.818074 95
3084 0.658474 95
3085 0.673989 95
3086 1.162147 95
3087 0.273862 94
3088 0.374255 94
3089 0.281638 94
3090 0.253596 94
3091 0.356000 94
3092 0.207106 94
3093 0.182800 95
3094 0.217128 94
3095 0.217649 94
3096 0.190809 94
3097 1.066653 95
3098 0.431158 95
3099 0.422937 95
3100 2.961253 99
3101 0.830303 99
3102 0.650889 99
3103 0.557343 99
3104 0.813444 99
3105 0.637495 99
3106 0.577758 99
3107 0.558253 99
3108 0.533010 99
3109 1.333232 99
3110 1.720717 99
3111 0.513173 98
3112 1.072101 99
3113 4.838141 99
3114 0.258684 98
3115 0.961101 99
3116 0.397378 98
3117 0.376224 98
3118 0.297414 99
3119 0.783707 99
3120 0.260465 99
3121 1.339505 99
3122 0.415283 99
3123 0.312404 99
3124 0.999606 99
3125 1.151727 99
3126 0.336990 99
3127 0.230525 99
3128 0.323323 99
3129 0.329323 99
3130 0.221596 99
3131 0.284000 99
3132 0.856364 99
3133 1.258848 99
3134 0.719808 99
3135 0.732253 99
3136 0.862899 99
3137 0.705253 99
3138 0.876000 99
3139 0.754606 99
3140 0.211889 99
3141 0.272616 99
3142 0.308030 99
3143 0.246475 99
3144 0.301788 99
3145 0.292879 99
3146 0.288323 99
3147 0.599414 99
3148 0.487343 99
3149 0.632152 99
3150 1.093046 109
3151 1.476954 109
3152 0.539824 108
3153 2.821450 109
3154 0.880556 108
3155 0.452019 108
3156 0.368593 108
3157 1.093667 108
3158 0.324780 109
3159 0.324139 108
3160 0.309444 108
3161 0.303324 108
3162 0.327944 108
3163 6.488670 109
3164 0.488861 108
3165 0.870780 109
3166 0.884275 109
3167 0.760028 109
3168 1.137367 109
3169 0.348037 109
3170 0.613761 109
3171 0.501018 109
3172 0.362587 109
3173 0.352248 109
3174 0.280615 109
3175 0.399761 109
3176 0.270275 109
3177 0.282541 109
3178 0.777028 109
3179 0.899578 109
3180 0.556450 109
3181 0.828009 109
3182 0.716211 109
3183 0.454853 109
3184 0.568872 109
3185 0.988018 109
3186 19.999954 109
3187 19.999789 109
3188 19.999862 109
3189 19.999716 109
3190 19.999899 109
3191 19.999780 109
3192 0.667083 109
3193 0.484028 109
3194 0.457376 109
3195 0.146982 109
3196 0.504284 109
3197 0.165697 109
3198 0.151908 109
3199 0.173000 109
3200 1.270318 110
3201 1.308682 110
3202 0.483231 108
3203 0.340537 108
3204 0.336239 109
3205 0.263222 108
3206 1.280218 110
3207 0.329593 108
3208 1.123573 110
3209 0.335296 108
3210 1.304318 110
3211 4.324852 108
3212 1.081964 110
3213 1.067400 110
3214 0.464450 109
3215 1.398345 110
3216 0.763091 110
3217 0.286245 110
3218 0.254083 109
3219 0.302881 109
3220 0.320037 109
3221 0.245009 109
3222 0.970527 110
3223 0.365037 109
3224 0.383491 110
3225 0.325908 109
3226 1.021127 110
3227 0.459473 110
3228 0.450532 109
3229 0.361688 109
3230 0.361110 109
3231 1.013482 110
3232 0.816800 110
3233 0.247459 109
3234 5.687248 109
3235 0.975155 110
3236 0.708227 110
3237 0.950009 110
3238 0.307890 109
3239 0.340743 109
3240 0.750336 110
3241 0.358110 109
3242 0.331174 109
3243 0.219028 109
3244 1.206218 110
3245 12.205991 110
3246 12.071193 109
3247 11.284633 109
3248 7.722587 109
3249 5.249900 110
3250 1.355927 109
3251 0.500250 108
3252 0.352722 108
3253 0.347991 108
3254 1.344404 109
3255 1.558541 109
3256 1.282422 109
3257 0.773157 108
3258 1.050130 108
3259 0.694111 108
3260 0.928935 107
3261 2.620121 107
3262 0.946421 107
3263 2.291688 109
3264 1.920890 109
3265 1.223679 109
3266 1.165734 109
3267 0.363130 108
3268 0.308972 108
3269 0.547972 108
3270 0.310694 108
3271 0.350574 108
3272 2.562578 109
3273 1.603523 109
3274 0.325000 108
3275 2.017028 109
3276 0.581398 108
3277 0.455843 108
3278 1.225569 109
3279 0.242111 108
3280 1.082018 109
3281 0.996330 109
3282 0.868211 109
3283 0.314477 109
3284 0.268633 109
3285 1.048853 109
3286 0.292519 108
3287 0.302713 108
3288 0.261444 108
3289 0.910394 109
3290 1.379385 109
3291 0.223174 109
3292 0.318676 108
3293 0.288231 108
3294 0.439028 108
3295 2.403128 109
3296 0.916156 109
3297 0.860936 109
3298 0.790743 109
3299 0.529046 108
3300 1.372412 119
3301 1.725815 119
3302 3.871109 119
3303 3.000821 117
3304 2.937220 118
3305 2.650593 118
3306 6.398345 119
3307 7.982619 118
3308 7.492655 119
3309 5.226356 118
3310 3.653761 117
3311 1.288857 119
3312 0.348103 117
3313 0.333269 119
3314 1.053891 119
3315 0.375831 118
3316 1.493025 119
3317 2.390449 118
3318 2.900723 119
3319 1.814197 117
3320 1.775222 117
3321 1.665957 117
3322 1.024639 119
3323 0.441000 118
3324 0.900210 119
3325 0.321339 118
3326 1.005605 119
3327 1.141471 119
3328 0.880126 119
3329 2.961067 119
3330 0.233227 119
3331 1.436605 119
3332 0.937697 119
3333 0.939034 119
3334 0.235636 118
3335 2.385134 119
3336 0.916462 119
3337 0.248483 118
3338 1.017546 119
3339 0.483613 119
3340 0.745102 118
3341 2.584000 119
3342 1.762025 118
3343 0.912294 119
3344 0.701571 119
3345 1.086563 119
3346 0.410237 118
3347 0.381686 118
3348 0.632134 119
3349 2.334748 119
3350 2.904282 85
3351 1.670612 85
3352 1.299153 85
3353 1.372071 85
3354 1.120129 85
3355 0.466824 85
3356 1.242506 85
3357 0.670859 85
3358 0.408306 85
3359 1.205776 85
3360 1.370329 85
3361 0.490012 85
3362 1.341847 85
3363 1.091776 85
3364 0.558106 85
3365 0.228271 85
3366 0.220659 85
3367 0.939600 85
3368 0.355800 85
3369 1.785412 85
3370 1.326341 85
3371 1.403671 85
3372 0.369435 85
3373 0.325812 85
3374 1.389918 85
3375 0.357226 84
3376 1.189576 85
3377 0.946953 85
3378 0.983447 85
3379 0.473106 85
3380 0.592659 85
3381 0.846718 85
3382 0.348012 85
3383 0.360824 85
3384 0.947482 85
3385 0.256494 85
3386 0.253318 85
3387 1.407871 85
3388 0.942800 85
3389 0.928847 85
3390 0.869376 85
3391 1.707071 85
3392 1.331212 85
3393 1.677565 85
3394 1.349094 85
3395 2.581141 85
3396 1.561941 85
3397 1.316988 85
3398 4.265012 85
3399 0.760188 85
3400 1.353526 97
3401 1.413247 97
3402 1.461423 97
3403 0.435958 96
3404 1.520619 97
3405 0.536135 96
3406 0.529260 96
3407 1.465907 97
3408 0.921250 96
3409 1.186691 97
3410 0.554042 96
3411 0.354155 97
3412 0.999206 97
3413 1.438515 97
3414 0.532811 95
3415 0.559242 95
3416 1.081577 97
3417 1.424959 97
3418 0.389708 96
3419 0.362656 96
3420 1.141567 97
3421 0.333804 97
3422 0.329784 97
3423 2.645423 97
3424 1.625250 96
3425 1.612771 96
3426 4.760557 97
3427 3.794677 96
3428 1.154010 97
3429 1.688536 97
3430 1.237722 97
3431 0.268794 97
3432 0.310260 96
3433 1.148175 97
3434 0.291917 96
3435 0.310677 96
3436 1.020206 97
3437 0.322917 96
3438 0.298490 96
3439 0.933361 97
3440 0.266698 96
3441 1.023165 97
3442 0.294219 96
3443 0.363292 96
3444 2.719567 97
3445 0.908598 97
3446 1.241711 97
3447 1.838583 96
3448 2.616299 97
3449 0.584371 97
3450 3.571741 116
3451 1.697491 116
3452 2.152819 116
3453 1.303114 114
3454 1.170193 114
3455 1.333181 116
3456 0.300129 116
3457 0.309724 116
3458 1.906138 116
3459 1.153336 116
3460 0.337696 115
3461 1.007509 116
3462 1.174405 116
3463 0.589345 116
3464 1.540224 116
3465 0.695243 115
3466 1.219845 116
3467 0.802345 116
3468 0.693583 115
3469 1.400241 116
3470 0.363034 116
3471 1.270000 116
3472 5.898560 116
3473 17.702157 115
3474 1.035767 116
3475 1.074621 116
3476 0.279843 115
3477 0.256174 115
3478 1.693086 116
3479 0.825174 115
3480 0.811017 116
3481 1.259052 116
3482 0.599313 115
3483 0.991560 116
3484 0.245009 116
3485 0.238578 116
3486 1.710690 116
3487 0.865724 116
3488 0.519096 115
3489 0.543991 115
3490 0.773681 116
3491 0.476061 115
3492 0.814440 116
3493 0.194026 115
3494 0.197409 115
3495 0.857207 116
3496 0.225148 115
3497 0.342217 115
3498 0.761034 116
3499 0.237603 116
3500 1.696742 97
3501 1.636887 97
3502 0.664281 96
3503 0.395187 96
3504 1.373897 97
3505 0.372073 96
3506 0.436146 96
3507 1.302814 97
3508 0.344469 96
3509 0.371948 96
3510 1.254711 97
3511 0.425629 97
3512 0.397750 96
3513 4.261794 97
3514 3.656729 96
3515 3.697167 96
3516 1.401216 97
3517 1.491948 97
3518 0.390832 95
3519 0.465229 96
3520 6.773216 97
3521 1.157979 97
3522 0.293258 97
3523 0.393155 97
3524 0.988103 97
3525 0.381515 97
3526 0.284010 97
3527 1.189753 97
3528 1.312804 97
3529 0.582438 96
3530 0.801417 96
3531 1.185670 97
3532 0.277604 96
3533 0.277635 96
3534 3.170495 97
3535 0.920474 97
3536 0.282557 97
3537 0.242763 97
3538 0.882155 97
3539 0.861062 97
3540 0.601804 97
3541 0.970814 97
3542 1.035258 97
3543 0.938474 97
3544 0.860979 97
3545 1.481423 97
3546 0.227021 96
3547 0.635969 97
3548 0.964495 97
3549 0.756320 97
3550 1.382009 107
3551 1.589196 107
3552 19.953692 107
3553 1.519252 107
3554 0.372077 104
3555 1.363215 107
3556 1.483701 107
3557 1.863953 107
3558 1.039757 107
3559 1.738252 107
3560 1.431467 107
3561 2.347094 106
3562 1.098065 107
3563 0.531124 105
3564 0.993841 107
3565 1.070364 107
3566 1.799327 107
3567 0.613462 106
3568 0.984037 107
3569 1.124916 107
3570 1.426925 107
3571 0.281486 105
3572 1.688215 107
3573 1.664710 107
3574 1.812850 107
3575 0.311472 106
3576 0.909645 107
3577 1.168206 107
3578 2.097065 107
3579 11.881140 107
3580 0.983813 107
3581 0.684598 107
3582 1.438561 107
3583 1.000421 107
3584 0.901243 107
3585 1.158514 107
3586 1.289670 106
3587 0.896664 107
3588 0.172168 107
3589 1.318981 107
3590 0.600467 107
3591 1.033832 107
3592 1.031626 107
3593 1.035792 106
3594 0.864617 107
3595 0.818514 107
3596 0.814813 107
3597 0.826869 107
3598 0.945383 107
3599 0.186434 106
3600 3.514084 95
3601 1.180421 95
3602 1.171347 95
3603 1.367505 95
3604 13.518737 95
3605 1.508305 95
3606 1.468632 95
3607 1.740063 95
3608 0.422021 94
3609 1.754747 95
3610 3.181337 95
3611 1.067621 95
3612 1.153000 95
3613 1.038547 95
3614 1.284095 95
3615 0.270463 95
3616 0.880063 95
3617 0.298368 95
3618 1.092095 95
3619 0.931179 95
3620 0.305011 95
3621 1.119432 95
3622 0.274147 95
3623 1.135126 95
3624 0.313979 95
3625 1.088232 95
3626 1.076463 95
3627 0.826421 95
3628 1.742095 95
3629 1.326758 95
3630 1.710042 95
3631 0.832347 95
3632 0.949389 95
3633 1.476547 95
3634 0.678168 95
3635 0.382211 95
3636 0.898758 95
3637 1.328147 95
3638 1.482611 95
3639 0.418726 95
3640 1.129000 95
3641 0.377179 95
3642 0.489474 95
3643 0.543137 95
3644 1.748053 95
3645 0.382263 95
3646 0.693200 95
3647 0.710979 95
3648 18.712779 95
3649 0.382326 95
3650 1.132252 115
3651 3.006261 115
3652 3.829096 115
3653 1.259217 115
3654 1.976861 115
3655 1.559652 115
3656 1.077330 115
3657 20.000000 115
3658 1.395487 115
3659 3.113730 115
3660 1.310226 115
3661 1.731157 115
3662 1.836817 115
3663 0.884426 115
3664 19.951765 115
3665 1.222217 115
3666 2.877226 115
3667 1.270748 115
3668 2.216678 115
3669 0.878557 115
3670 2.431096 115
3671 0.919557 115
3672 1.119826 115
3673 1.235809 115
3674 0.938748 115
3675 0.864035 115
3676 1.376774 115
3677 1.480617 115
3678 0.814870 115
3679 1.147339 115
3680 0.815487 115
3681 0.662246 114
3682 0.736539 115
3683 0.630130 115
3684 0.750574 115
3685 0.914574 115
3686 1.271122 115
3687 0.978009 115
3688 0.680687 115
3689 2.247522 115
3690 0.721391 115
3691 2.787704 115
3692 0.848261 115
3693 0.669983 115
3694 0.631017 115
3695 0.751513 115
3696 1.069478 115
3697 0.795991 115
3698 1.369261 115
3699 0.950504 115
3700 1.849186 102
3701 1.766804 102
3702 1.582392 102
3703 1.489225 102
3704 1.334392 102
3705 1.477284 102
3706 1.843353 102
3707 1.682441 102
3708 1.797755 102
3709 1.208853 102
3710 1.207480 102
3711 3.299716 102
3712 1.025961 102
3713 1.316431 102
3714 1.039657 102
3715 2.364382 102
3716 1.259990 102
3717 1.325706 102
3718 1.213833 102
3719 1.495294 102
3720 15.441627 102
3721 1.060088 102
3722 1.557755 102
3723 1.480353 102
3724 1.042480 102
3725 1.086912 102
3726 1.215020 102
3727 1.419912 102
3728 1.978020 102
3729 1.307627 102
3730 1.049755 102
3731 1.393784 102
3732 2.384373 102
3733 1.591863 102
3734 1.279098 102
3735 1.324775 102
3736 0.930941 102
3737 0.983500 102
3738 1.803088 102
3739 0.948686 102
3740 0.839176 102
3741 1.130873 102
3742 0.990833 102
3743 0.827157 102
3744 1.620922 102
3745 0.830127 102
3746 1.213324 102
3747 0.944627 102
3748 3.359196 102
3749 1.244039 102
3750 1.331457 116
3751 1.317138 116
3752 2.105500 116
3753 2.238681 116
3754 1.575379 116
3755 1.199612 116
3756 1.523931 116
3757 1.168560 116
3758 1.337698 116
3759 1.213603 116
3760 1.229664 116
3761 0.914353 116
3762 3.357405 116
3763 1.300638 116
3764 1.034629 116
3765 1.105741 116
3766 3.443784 116
3767 19.354526 116
3768 3.194466 116
3769 1.082957 116
3770 1.428629 116
3771 1.287129 116
3772 1.409784 116
3773 0.854836 116
3774 0.931414 116
3775 1.024629 116
3776 18.066871 116
3777 0.974060 116
3778 4.321871 116
3779 3.102181 116
3780 0.739422 116
3781 2.279241 116
3782 12.909371 116
3783 1.450060 116
3784 0.705190 116
3785 0.830440 116
3786 20.000000 116
3787 0.678310 116
3788 0.795767 116
3789 0.738267 116
3790 0.458862 116
3791 0.616276 116
3792 0.591474 116
3793 0.672405 116
3794 0.911491 116
3795 0.773560 116
3796 0.695112 116
3797 0.642302 116
3798 0.676216 116
3799 0.373966 116
3800 1.244639 108
3801 1.466954 108
3802 14.260204 108
3803 1.543213 108
3804 1.295898 108
3805 1.212028 108
3806 1.331472 108
3807 1.303324 108
3808 1.118778 108
3809 1.923537 108
3810 9.206713 108
3811 1.185213 108
3812 1.018667 108
3813 1.113148 108
3814 1.194778 108
3815 1.209731 108
3816 1.078315 108
3817 1.532435 108
3818 1.696194 108
3819 1.011463 108
3820 0.964120 108
3821 1.270417 108
3822 1.069981 108
3823 1.140185 108
3824 1.388343 108
3825 2.082778 108
3826 2.092796 108
3827 0.970963 108
3828 1.727324 108
3829 1.765120 108
3830 1.095713 108
3831 1.127074 108
3832 1.285120 108
3833 0.996324 108
3834 1.034593 108
3835 10.399407 108
3836 1.100065 108
3837 2.640676 108
3838 2.469213 108
3839 0.745787 108
3840 0.999389 108
3841 1.016278 108
3842 1.017157 108
3843 0.734759 108
3844 0.971278 108
3845 0.852102 108
3846 0.742481 108
3847 0.712111 108
3848 0.790296 108
3849 0.917333 108
3850 1.052339 109
3851 3.417321 109
3852 1.311119 109
3853 1.603229 109
3854 1.377761 109
3855 1.246385 109
3856 1.335037 109
3857 1.177514 109
3858 6.426165 109
3859 1.192358 109
3860 2.119165 109
3861 1.364541 109
3862 1.253431 109
3863 1.897972 109
3864 1.540294 109
3865 3.065927 109
3866 1.616862 109
3867 1.129358 109
3868 1.102936 109
3869 1.375936 109
3870 1.109505 109
3871 1.077587 109
3872 1.420385 109
3873 5.623963 109
3874 1.029486 109
3875 1.567679 109
3876 1.313688 109
3877 1.645587 109
3878 1.238872 109
3879 1.175780 109
3880 1.169550 109
3881 1.117220 109
3882 0.992826 109
3883 1.203505 109
3884 1.008110 109
3885 1.216596 109
3886 1.841183 109
3887 0.958826 109
3888 1.785826 109
3889 1.651413 109
3890 1.029844 109
3891 0.944670 109
3892 1.008312 109
3893 0.753771 109
3894 0.882798 109
3895 2.167229 109
3896 1.707284 109
3897 0.801743 109
3898 0.901367 109
3899 0.726165 109
3900 3.560333 114
3901 1.240009 114
3902 1.048781 114
3903 1.193053 114
3904 1.208491 114
3905 1.048018 114
3906 8.784219 114
3907 1.298579 114
3908 1.202070 114
3909 1.993272 114
3910 0.934123 114
3911 1.695921 114
3912 0.939211 114
3913 1.139079 114
3914 0.995079 114
3915 0.907474 114
3916 0.787325 114
3917 0.741500 114
3918 0.980246 114
3919 1.166553 114
3920 1.359588 114
3921 1.577886 114
3922 1.029544 114
3923 1.075184 114
3924 0.779807 114
3925 1.239316 114
3926 1.763504 113
3927 1.411614 114
3928 0.760351 114
3929 1.865570 114
3930 1.010816 114
3931 0.893193 114
3932 1.096070 114
3933 0.879728 114
3934 0.747728 114
3935 1.064684 114
3936 0.641623 114
3937 0.643026 114
3938 0.847360 114
3939 1.189219 114
3940 4.984851 114
3941 0.624947 114
3942 0.853333 114
3943 0.775123 114
3944 1.034167 114
3945 2.076044 114
3946 1.628842 114
3947 0.558904 114
3948 0.738482 114
3949 1.425412 114
3950 1.414479 121
3951 1.370554 121
3952 1.383397 121
3953 3.437983 121
3954 1.834661 121
3955 4.490488 121
3956 2.342992 121
3957 1.317488 121
3958 1.065339 121
3959 1.931884 121
3960 1.888364 121
3961 1.119471 121
3962 1.321860 121
3963 1.172620 121
3964 1.034942 121
3965 2.263744 121
3966 0.921975 121
3967 1.480628 121
3968 1.349628 121
3969 1.559992 121
3970 1.364967 121
3971 1.164694 121
3972 0.946579 121
3973 0.928496 121
3974 0.969488 121
3975 17.485893 121
3976 1.226107 121
3977 1.419860 121
3978 12.490545 121
3979 0.978174 121
3980 19.999876 121
3981 1.154909 121
3982 0.848050 121
3983 0.515893 121
3984 0.857256 121
3985 2.444339 121
3986 5.851264 121
3987 1.870182 121
3988 5.292017 121
3989 3.618959 121
3990 1.298488 121
3991 1.370893 121
3992 2.026793 121
3993 1.371372 121
3994 1.099669 121
3995 1.108207 121
3996 1.624587 121
3997 0.886901 121
3998 1.212835 121
3999 1.432215 121
4000 4.445695 118
4001 1.597542 118
4002 1.677771 118
4003 1.172339 118
4004 15.777008 118
4005 1.168076 118
4006 1.334568 118
4007 1.909229 118
4008 2.092585 118
4009 0.754314 118
4010 1.979915 118
4011 1.098483 118
4012 0.819475 118
4013 1.400119 118
4014 0.985958 118
4015 3.537788 118
4016 2.140203 118
4017 3.188941 118
4018 4.438898 118
4019 1.279610 118
4020 0.929000 118
4021 0.927212 118
4022 0.712085 118
4023 0.815186 118
4024 1.017559 118
4025 1.062678 118
4026 0.990610 118
4027 3.279373 118
4028 0.796822 118
4029 0.844373 118
4030 0.930356 118
4031 4.542568 118
4032 2.210932 118
4033 1.080661 118
4034 0.954797 118
4035 11.026559 118
4036 0.567280 118
4037 1.016127 118
4038 0.517695 118
4039 0.710966 118
4040 19.915314 118
4041 0.449763 118
4042 0.531542 118
4043 0.476390 118
4044 0.742754 118
4045 1.251068 118
4046 0.681466 118
4047 0.487915 118
4048 0.676678 118
4049 0.488229 118
4050 1.296736 121
4051 0.776504 121
4052 2.838628 121
4053 1.693901 121
4054 1.164975 121
4055 1.172843 121
4056 1.167008 121
4057 1.784884 121
4058 18.096950 121
4059 1.118595 121
4060 4.120347 121
4061 0.712355 121
4062 0.575471 121
4063 0.776810 121
4064 2.220587 121
4065 2.827008 121
4066 1.650471 121
4067 10.513479 121
4068 0.665835 121
4069 1.408140 121
4070 0.697223 121
4071 0.257215 121
4072 0.923562 121
4073 1.000595 121
4074 6.488174 121
4075 0.657686 121
4076 0.238636 121
4077 0.822851 121
4078 1.525223 121
4079 0.614901 121
4080 0.855388 121
4081 1.269074 121
4082 0.668116 121
4083 0.568008 121
4084 0.660000 121
4085 0.879512 121
4086 1.617736 121
4087 0.834025 121
4088 1.053620 121
4089 0.488901 121
4090 0.615909 121
4091 1.630628 121
4092 0.924727 121
4093 14.897124 121
4094 0.607793 121
4095 0.499058 121
4096 0.483174 121
4097 0.645041 121
4098 0.686471 121
4099 0.347678 121
4100 1.374551 118
4101 6.079331 118
4102 3.977113 115
4103 1.065686 118
4104 1.098492 118
4105 0.386154 117
4106 2.989703 118
4107 19.854864 118
4108 1.455051 118
4109 1.283203 118
4110 1.211246 118
4111 1.177373 118
4112 2.239000 117
4113 1.231924 118
4114 1.572288 118
4115 0.924339 118
4116 0.333556 117
4117 1.564432 118
4118 1.227407 118
4119 1.169754 118
4120 1.014441 118
4121 19.999771 118
4122 0.854958 118
4123 1.283788 118
4124 0.838924 118
4125 0.264453 117
4126 0.910712 118
4127 0.942814 118
4128 0.868339 118
4129 1.191407 118
4130 0.832686 118
4131 0.333169 118
4132 0.911508 118
4133 0.868110 118
4134 0.792678 118
4135 0.868593 118
4136 0.922814 118
4137 1.358669 118
4138 0.639136 118
4139 0.714093 118
4140 0.816458 118
4141 0.190983 117
4142 0.297658 117
4143 0.741636 118
4144 0.769602 118
4145 0.757932 118
4146 0.962424 118
4147 0.755822 118
4148 0.891678 118
4149 0.196940 117
4150 2.159139 115
4151 2.080965 115
4152 1.373635 115
4153 1.646209 115
4154 1.037339 115
4155 1.272887 115
4156 5.124557 115
4157 1.061548 115
4158 1.006809 115
4159 0.258596 114
4160 1.019374 115
4161 3.174470 115
4162 0.790649 114
4163 1.462904 115
4164 0.905652 115
4165 5.841826 115
4166 1.786704 115
4167 2.044791 115
4168 1.227348 115
4169 1.322730 115
4170 1.003009 115
4171 0.969339 115
4172 0.543843 115
4173 0.341452 115
4174 1.185357 115
4175 1.113452 115
4176 1.024678 115
4177 3.319496 115
4178 1.994404 114
4179 1.374278 115
4180 1.107078 115
4181 1.346391 115
4182 0.517018 114
4183 2.062400 115
4184 0.334202 114
4185 1.071374 115
4186 0.997591 115
4187 1.159217 115
4188 0.182035 115
4189 1.303757 115
4190 1.071139 115
4191 0.385132 114
4192 0.854930 115
4193 0.845330 115
4194 0.897017 115
4195 0.284368 114
4196 1.657217 115
4197 0.763078 115
4198 0.954122 115
4199 0.784157 115
4200 1.196050 121
4201 1.494273 121
4202 1.325777 121
4203 1.125066 121
4204 2.058868 121
4205 1.277818 121
4206 0.886683 120
4207 1.382603 121
4208 0.795092 120
4209 2.196083 121
4210 1.019041 121
4211 0.311500 120
4212 1.201273 121
4213 1.311744 121
4214 0.399667 120
4215 1.158198 121
4216 0.359100 120
4217 1.684165 121
4218 0.756958 120
4219 1.809992 121
4220 1.561860 121
4221 1.296306 121
4222 3.105669 121
4223 1.289033 121
4224 0.765843 121
4225 0.974314 121
4226 1.107058 121
4227 1.116545 121
4228 0.949165 121
4229 1.132479 121
4230 0.912157 121
4231 1.017298 121
4232 1.000256 121
4233 0.939182 121
4234 1.726950 121
4235 1.281529 121
4236 1.312281 121
4237 1.334537 121
4238 0.490242 120
4239 0.894521 121
4240 0.306033 120
4241 0.296550 120
4242 1.208504 121
4243 0.301375 120
4244 0.292667 120
4245 0.281967 120
4246 1.020504 121
4247 1.384455 121
4248 1.295587 121
4249 17.911182 121
4250 17.207057 106
4251 18.524738 107
4252 17.348657 105
4253 16.647819 105
4254 16.980458 107
4255 18.231533 107
4256 16.044075 107
4257 13.443783 106
4258 18.138318 107
4259 17.556774 106
4260 16.993840 106
4261 16.045443 106
4262 16.294271 107
4263 17.192664 107
4264 15.705654 107
4265 16.401271 107
4266 11.549103 107
4267 17.126598 107
4268 13.163604 106
4269 10.395673 107
4270 7.463425 106
4271 4.745406 106
4272 2.146349 106
4273 1.072594 106
4274 16.170757 107
4275 19.999743 105
4276 17.647752 105
4277 19.999743 105
4278 11.252710 107
4279 1.097888 107
4280 0.398651 106
4281 0.506944 107
4282 1.587626 107
4283 0.754057 106
4284 0.565972 106
4285 0.729066 106
4286 0.564981 106
4287 4.762439 107
4288 1.151224 107
4289 1.322813 107
4290 0.685196 107
4291 0.149318 107
4292 0.227434 106
4293 0.152009 106
4294 0.146906 106
4295 0.166887 106
4296 0.188897 107
4297 0.157000 106
4298 1.616645 107
4299 0.398393 107
4300 0.971255 106
4301 0.422019 105
4302 0.470619 105
4303 0.480528 106
4304 0.415276 105
4305 0.282698 106
4306 1.342953 106
4307 1.753585 106
4308 0.383856 104
4309 0.308250 104
4310 1.113566 106
4311 2.433849 106
4312 0.480514 105
4313 0.552144 104
4314 0.497317 104
4315 0.573124 105
4316 0.601144 104
4317 1.876755 106
4318 3.559538 106
4319 1.024132 106
4320 2.347245 106
4321 1.484667 105
4322 1.746895 105
4323 1.488533 105
4324 1.658914 105
4325 0.959500 106
4326 4.999028 106
4327 1.161971 105
4328 1.172610 105
4329 2.425406 106
4330 1.911858 106
4331 1.644802 106
4332 1.328896 106
4333 0.876028 106
4334 1.223491 106
4335 1.295123 106
4336 1.524613 106
4337 1.793311 106
4338 0.830632 106
4339 0.293840 106
4340 0.886472 106
4341 0.891396 106
4342 0.926425 106
4343 0.753613 106
4344 6.392264 106
4345 4.945952 105
4346 4.229314 105
4347 4.581619 105
4348 4.729066 106
4349 5.572123 106
4350 4.376593 108
4351 1.408259 108
4352 1.524500 108
4353 1.255306 108
4354 12.052148 108
4355 14.334574 108
4356 2.161981 107
4357 1.116056 107
4358 15.402393 107
4359 17.516579 107
4360 10.901093 107
4361 4.813755 106
4362 3.802364 107
4363 2.957764 106
4364 3.309179 106
4365 3.398264 106
4366 2.628991 106
4367 2.444103 107
4368 2.631000 106
4369 3.158330 106
4370 1.888726 106
4371 4.908906 106
4372 2.098896 106
4373 1.580752 105
4374 1.877600 105
4375 2.852783 106
4376 2.490472 106
4377 1.758943 105
4378 1.053708 106
4379 0.862187 107
4380 0.272245 106
4381 0.247811 106
4382 0.280670 106
4383 0.239832 107
4384 0.230415 106
4385 0.197085 106
4386 0.228340 106
4387 0.235804 107
4388 7.474916 107
4389 0.587757 107
4390 0.579832 107
4391 0.197726 106
4392 0.339717 106
4393 0.194411 107
4394 0.613729 107
4395 0.210302 106
4396 0.195934 106
4397 0.175849 106
4398 0.178698 106
4399 0.188575 106
4400 1.271933 90
4401 0.395633 90
4402 0.333678 90
4403 0.401989 89
4404 0.300844 90
4405 0.438404 89
4406 1.323844 90
4407 0.626101 89
4408 0.749089 90
4409 0.835753 89
4410 0.808652 89
4411 0.585739 88
4412 1.424600 90
4413 1.469056 90
4414 0.968122 90
4415 0.404640 89
4416 0.614169 89
4417 1.607400 90
4418 1.026899 89
4419 0.719315 89
4420 0.397382 89
4421 1.362989 90
4422 0.982483 89
4423 0.664933 89
4424 0.498656 90
4425 1.520400 90
4426 0.955303 89
4427 0.788322 90
4428 0.458685 89
4429 2.182356 90
4430 0.484787 89
4431 0.349798 89
4432 0.910708 89
4433 2.248878 90
4434 0.627659 88
4435 0.587080 88
4436 0.544000 89
4437 1.123389 90
4438 0.912652 89
4439 0.565798 89
4440 0.388135 89
4441 1.526033 90
4442 0.945705 88
4443 0.358864 88
4444 0.877750 88
4445 1.144967 90
4446 0.624955 89
4447 0.333888 89
4448 0.505124 89
4449 1.385033 90
4450 1.859500 104
4451 0.628049 103
4452 0.364010 103
4453 1.249538 104
4454 1.076500 104
4455 0.319588 102
4456 1.053587 104
4457 0.252225 102
4458 0.889240 104
4459 0.276019 104
4460 1.260740 104
4461 0.242618 102
4462 1.209163 104
4463 0.283618 102
4464 0.946519 104
4465 0.267932 103
4466 0.990663 104
4467 0.929375 104
4468 0.934913 104
4469 0.243913 103
4470 0.867750 104
4471 0.895538 104
4472 0.327404 104
4473 1.676087 104
4474 2.239447 103
4475 1.164212 104
4476 1.068750 104
4477 0.270712 104
4478 1.059587 104
4479 0.961452 104
4480 1.442260 104
4481 1.049317 104
4482 0.604019 104
4483 19.734510 104
4484 1.419433 104
4485 0.980875 104
4486 0.900615 104
4487 0.760548 104
4488 1.071385 104
4489 1.072327 104
4490 0.837750 104
4491 0.751154 104
4492 1.047817 104
4493 0.817019 104
4494 0.788288 104
4495 0.882827 104
4496 1.063644 104
4497 0.865423 104
4498 0.983394 104
4499 1.222115 104
