0 0.418443 118
1 1.624061 118
2 1.974831 118
3 0.987317 118
4 0.910387 118
5 0.000000 118
6 0.534558 118
7 14.085779 118
8 0.586699 118
9 0.569154 118
10 0.547006 118
11 0.606236 118
12 16.471547 118
13 1.711137 118
14 0.399596 118
15 0.642668 118
16 1.450439 118
17 1.431119 118
18 0.679857 118
19 1.359902 118
20 1.414759 118
21 0.470118 118
22 1.086296 118
23 0.643221 118
24 0.861773 118
25 0.893172 118
26 0.983850 118
27 5.279811 118
28 0.800086 118
29 0.435318 118
30 0.834474 118
31 0.410944 118
32 0.430694 118
33 1.196905 118
34 1.281279 118
35 0.729047 118
36 1.264657 118
37 0.446717 118
38 0.980914 118
39 0.949328 118
40 1.173406 118
41 1.016920 118
42 0.872203 118
43 0.838162 118
44 1.519785 118
45 0.760524 118
46 1.387536 118
47 1.699938 118
48 3.345680 118
49 0.724856 118
50 0.441351 116
51 0.537215 116
52 0.607996 116
53 0.680787 116
54 0.306465 116
55 0.341748 116
56 0.533899 116
57 0.542794 116
58 0.430453 116
59 0.000000 116
60 0.087994 116
61 3.017256 116
62 0.537059 116
63 0.539579 116
64 0.586462 116
65 0.797876 116
66 0.459831 116
67 0.579843 116
68 1.950914 116
69 1.734707 116
70 4.019864 116
71 4.216175 116
72 3.944428 116
73 1.139909 116
74 1.824805 116
75 1.645387 116
76 2.398849 116
77 2.687778 116
78 2.787470 116
79 2.519062 116
80 2.260994 116
81 2.109728 116
82 2.105449 116
83 0.764771 116
84 0.980063 116
85 1.152731 116
86 2.387268 116
87 4.127590 116
88 2.545177 116
89 5.541202 116
90 0.000000 116
91 1.254010 116
92 2.685457 116
93 1.945225 116
94 6.403578 116
95 0.000000 116
96 0.235595 116
97 2.415639 116
98 4.894231 116
99 5.507272 116
100 2.339332 93
101 4.500505 93
102 4.122618 93
103 4.327242 93
104 0.962947 93
105 2.169365 93
106 2.157897 93
107 1.854782 93
108 4.413906 93
109 0.716936 93
110 4.318607 93
111 30.041756 93
112 35.552477 93
113 1.673973 93
114 3.807303 93
115 3.879723 93
116 1.377701 93
117 1.613836 93
118 3.781632 93
119 4.159257 93
120 1.558433 93
121 1.683677 93
122 0.000000 93
123 1.688952 93
124 1.106397 93
125 2.854231 93
126 6.725605 93
127 4.096876 93
128 1.511260 93
129 26.322219 93
130 1.152816 93
131 1.564291 93
132 1.588633 93
133 0.844722 93
134 2.447077 93
135 2.722043 93
136 8.877728 93
137 1.134290 93
138 1.956766 93
139 1.969417 93
140 20.412647 93
141 0.910164 93
142 2.264232 93
143 0.766606 93
144 0.570863 93
145 0.971743 93
146 2.615156 93
147 1.521238 93
148 0.722272 93
149 1.918832 93
150 0.889038 97
151 1.811036 97
152 1.235989 97
153 0.321963 97
154 0.839605 97
155 1.657176 97
156 2.198968 97
157 0.655357 97
158 0.991622 97
159 1.458077 97
160 26.795131 97
161 0.636036 97
162 0.649754 97
163 0.839399 97
164 3.738129 97
165 3.171384 97
166 3.232692 97
167 1.526078 97
168 3.598717 97
169 0.000000 97
170 0.000000 97
171 28.500778 97
172 1.646331 97
173 1.976961 97
174 3.123249 97
175 3.620461 97
176 4.253501 97
177 5.496392 97
178 4.733989 97
179 0.061118 97
180 1.369562 97
181 6.229345 97
182 6.368267 97
183 6.710710 97
184 7.007592 97
185 7.216669 97
186 6.919722 97
187 0.105698 97
188 1.751143 97
189 7.075823 97
190 7.285698 97
191 0.120188 97
192 1.960766 97
193 7.657425 97
194 7.894317 97
195 0.116629 97
196 1.771677 97
197 7.603730 97
198 7.430281 97
199 7.563642 97
200 0.257194 95
201 2.365137 95
202 3.301749 95
203 3.264671 95
204 3.490120 95
205 3.945864 95
206 3.867051 95
207 3.937065 95
208 0.167892 95
209 1.717681 95
210 4.674512 95
211 5.080567 95
212 4.995984 95
213 5.569190 95
214 5.552668 95
215 5.818257 95
216 6.328571 95
217 6.642901 95
218 7.201273 95
219 7.276746 95
220 7.550561 95
221 7.499351 95
222 7.267297 95
223 7.283722 95
224 7.804850 95
225 7.668963 95
226 7.467740 95
227 0.182916 95
228 2.415813 95
229 7.522074 95
230 7.181235 95
231 0.158699 95
232 2.384939 95
233 7.674441 95
234 7.711009 95
235 7.584027 95
236 8.206585 95
237 7.458355 95
238 7.409008 95
239 7.695164 95
240 7.367058 95
241 7.334401 95
242 7.192376 95
243 7.250251 95
244 7.569739 95
245 7.961353 95
246 7.830019 95
247 0.172533 95
248 2.396051 95
249 8.033618 95
250 0.136973 98
251 1.871912 98
252 3.206816 98
253 0.148680 98
254 1.595353 98
255 3.725932 98
256 3.259818 98
257 3.830546 98
258 3.909942 98
259 3.987281 98
260 4.290822 98
261 5.177793 98
262 5.283279 98
263 5.666950 98
264 7.309694 98
265 6.560225 98
266 6.897145 98
267 7.128099 98
268 6.825424 98
269 7.397295 98
270 6.674971 98
271 0.168564 98
272 0.155435 98
273 0.147366 98
274 0.143165 98
275 0.147624 98
276 2.234490 98
277 7.566711 98
278 7.205903 98
279 0.140983 98
280 2.263887 98
281 7.576240 98
282 7.168821 98
283 7.548538 98
284 7.451333 98
285 7.327357 98
286 7.369461 98
287 7.784888 98
288 8.021052 98
289 7.686612 98
290 7.477620 98
291 0.170957 98
292 2.265203 98
293 7.989091 98
294 7.621690 98
295 7.996085 98
296 7.901730 98
297 7.950243 98
298 7.429948 98
299 7.694687 98
300 0.168533 101
301 1.903669 101
302 2.518070 101
303 2.869133 101
304 3.598779 101
305 3.484757 101
306 3.657230 101
307 3.903181 101
308 4.390334 101
309 4.205689 101
310 5.213560 101
311 5.551686 101
312 5.741824 101
313 5.954924 101
314 5.853952 101
315 5.623083 101
316 5.986131 101
317 6.001745 101
318 6.518745 101
319 6.448653 101
320 6.967663 101
321 7.465851 101
322 7.500517 101
323 7.368097 101
324 7.480063 101
325 7.347654 101
326 7.523302 101
327 7.380943 101
328 7.209495 101
329 7.750104 101
330 7.471244 101
331 7.644394 101
332 6.920320 101
333 6.950755 101
334 6.964701 101
335 7.418030 101
336 7.460653 101
337 7.297088 101
338 0.177275 101
339 2.306773 101
340 7.834414 101
341 7.446511 101
342 7.455915 101
343 7.442166 101
344 7.081711 101
345 7.812340 101
346 7.511011 101
347 7.471640 101
348 7.660191 101
349 7.548429 101
350 0.075505 108
351 1.129720 108
352 2.046852 108
353 2.370850 108
354 3.035568 108
355 0.125565 108
356 0.110634 108
357 0.098257 108
358 0.094917 108
359 1.519257 108
360 3.958488 108
361 5.061097 108
362 0.106353 108
363 1.781950 108
364 0.112041 108
365 1.607465 108
366 0.112904 108
367 0.105160 108
368 2.046304 108
369 6.912566 108
370 0.130687 108
371 0.125237 108
372 0.132625 108
373 2.202758 108
374 0.122470 108
375 1.875687 108
376 7.273500 108
377 7.082527 108
378 0.145800 108
379 0.145794 108
380 2.430462 108
381 7.401028 108
382 7.494775 108
383 0.163327 108
384 0.160911 108
385 2.271557 108
386 7.221308 108
387 7.377847 108
388 0.172079 108
389 0.173816 108
390 0.179579 108
391 0.197871 108
392 2.621557 108
393 7.257580 108
394 0.230460 108
395 0.232629 108
396 2.651267 108
397 0.241869 108
398 0.271470 108
399 0.313048 108
400 0.202630 101
401 2.384542 101
402 3.045784 101
403 3.511620 101
404 0.164425 101
405 0.140505 101
406 0.132370 101
407 0.114712 101
408 1.525623 101
409 0.118792 101
410 0.000000 101
411 0.000000 101
412 0.000000 101
413 0.000000 101
414 0.000000 101
415 0.000000 101
416 0.000000 101
417 0.000000 101
418 0.000000 101
419 0.000000 101
420 0.000000 101
421 0.000000 101
422 0.000000 101
423 0.000000 101
424 0.000000 101
425 0.000000 101
426 0.000000 101
427 0.000000 101
428 0.000000 101
429 0.000000 101
430 0.000000 101
431 0.000000 101
432 0.000000 101
433 0.000000 101
434 0.000000 101
435 0.000000 101
436 0.000000 101
437 0.000000 101
438 0.000000 101
439 0.000000 101
440 0.001245 101
441 0.000000 101
442 0.138604 101
443 0.263861 101
444 0.352668 101
445 0.000560 101
446 1.949858 101
447 0.000458 101
448 3.475727 101
449 0.000000 101
450 0.000000 105
451 0.000000 105
452 0.000000 105
453 0.000000 105
454 0.000000 105
455 0.000000 105
456 0.000000 105
457 0.000000 105
458 0.000000 105
459 0.007712 105
460 13.499332 105
461 2.410208 105
462 5.377597 105
463 4.855316 105
464 5.071083 105
465 8.365024 105
466 1.522550 105
467 2.443579 105
468 5.177870 105
469 12.550862 105
470 1.775283 105
471 1.530541 105
472 1.402461 105
473 2.225987 105
474 3.358727 105
475 1.506374 105
476 1.449161 105
477 1.492511 105
478 1.691236 105
479 1.561992 105
480 4.311574 105
481 1.833582 105
482 0.001665 105
483 3.565824 105
484 7.978620 105
485 5.919091 105
486 3.232655 105
487 6.578984 105
488 6.935637 105
489 3.088208 105
490 4.188798 105
491 8.477776 105
492 8.766538 105
493 1.787485 105
494 3.771450 105
495 3.989146 105
496 1.702673 105
497 7.633847 105
498 4.723209 105
499 1.574172 105
500 1.088450 115
501 3.574164 115
502 11.462100 115
503 5.087950 115
504 1.085702 115
505 1.574378 115
506 1.540378 115
507 1.619689 115
508 0.357709 115
509 2.666332 115
510 18.117699 115
511 0.796755 115
512 1.478067 115
513 0.000000 115
514 0.876644 115
515 2.639968 115
516 0.906548 115
517 1.714454 115
518 2.123227 115
519 2.241845 115
520 2.027795 115
521 2.319836 115
522 2.808387 115
523 12.188581 115
524 1.575743 115
525 2.251362 115
526 0.000000 115
527 14.374110 115
528 1.108790 115
529 2.417428 115
530 0.933563 115
531 1.972154 115
532 1.430380 115
533 2.259965 115
534 4.907162 115
535 2.647094 115
536 3.810093 115
537 2.030135 115
538 0.000000 115
539 0.000000 115
540 0.000000 115
541 0.002714 115
542 2.149895 115
543 0.384200 115
544 0.645681 115
545 1.790250 115
546 0.000000 115
547 1.150833 115
548 0.877407 115
549 11.269363 115
550 10.978120 101
551 79.496667 101
552 14.808867 101
553 2.054301 101
554 1.204778 101
555 1.197613 101
556 1.378491 101
557 19.079329 101
558 1.356963 101
559 89.556203 101
560 1.194273 101
561 24.080957 101
562 5.981761 101
563 3.764912 101
564 1.518918 101
565 44.624960 101
566 1.671772 101
567 182.942672 101
568 2.595864 101
569 0.438795 101
570 1.037857 101
571 0.557628 101
572 1.338765 101
573 1.378537 101
574 1.243589 101
575 1.246161 101
576 1.194599 101
577 1.793222 101
578 1.092852 101
579 1.934747 101
580 1.675394 101
581 1.492713 101
582 1.599830 101
583 1.457414 101
584 1.597250 101
585 1.528337 101
586 0.652330 101
587 0.695032 101
588 0.674155 101
589 1.715048 101
590 1.061920 101
591 0.517265 101
592 0.000000 101
593 0.316210 101
594 0.868951 101
595 1.092299 101
596 1.074074 101
597 0.964235 101
598 0.354607 101
599 0.861210 101
600 0.401569 111
601 1.026339 111
602 0.942281 111
603 0.297514 111
604 0.848619 111
605 1.025624 111
606 0.920239 111
607 1.070586 111
608 3.292279 111
609 0.447529 111
610 0.937763 111
611 0.292020 111
612 0.869732 111
613 0.962157 111
614 1.056537 111
615 1.061764 111
616 2.835783 111
617 3.830295 111
618 0.264360 111
619 1.157673 111
620 0.847498 111
621 0.440114 111
622 26.723806 111
623 31.597551 111
624 0.000000 111
625 0.821012 111
626 0.142889 111
627 0.167383 111
628 0.168741 111
629 0.162708 111
630 0.511725 111
631 0.397366 111
632 2.769474 111
633 2.896626 111
634 0.767600 111
635 0.964452 111
636 0.573890 111
637 0.647833 111
638 0.478282 111
639 0.694883 111
640 0.461881 111
641 0.845387 111
642 0.501684 111
643 0.486606 111
644 0.348553 111
645 0.900560 111
646 0.550693 111
647 0.672703 111
648 0.576331 111
649 2.138398 111
650 0.207273 106
651 0.764259 106
652 1.776738 106
653 0.575032 106
654 0.320611 106
655 7.025600 106
656 1.279825 106
657 0.529048 106
658 0.520194 106
659 0.090297 106
660 0.863905 106
661 0.438448 106
662 1.010386 106
663 0.578454 106
664 0.601486 106
665 0.471901 106
666 0.416609 106
667 0.825798 106
668 1.767615 106
669 0.686543 106
670 1.339527 106
671 0.734541 106
672 0.437516 106
673 0.673983 106
674 0.485047 106
675 0.477388 106
676 0.000000 106
677 0.662627 106
678 2.905397 106
679 0.000000 106
680 0.419981 106
681 4.556811 106
682 2.073923 106
683 0.005929 106
684 0.581946 106
685 0.601821 106
686 0.386356 106
687 0.325291 106
688 0.535785 106
689 1.447380 106
690 0.798849 106
691 0.369286 106
692 0.256362 106
693 0.648841 106
694 0.597649 106
695 0.468136 106
696 0.573428 106
697 212.189749 106
698 0.295206 106
699 0.765030 106
700 0.621681 95
701 2.155668 95
702 0.407715 95
703 1.205659 95
704 0.695453 95
705 0.377131 95
706 0.360278 95
707 0.450863 95
708 0.432423 95
709 0.667684 95
710 0.611812 95
711 0.426488 95
712 0.666281 95
713 0.620861 95
714 12.784072 95
715 4.934174 95
716 13.577955 95
717 8.404630 95
718 0.816548 95
719 0.907395 95
720 0.447573 95
721 0.408080 95
722 0.648040 95
723 0.604445 95
724 0.525288 95
725 0.316683 95
726 0.000000 95
727 0.000000 95
728 0.000000 95
729 0.000000 95
730 0.000000 95
731 0.000000 95
732 0.000000 95
733 0.000000 95
734 0.000000 95
735 0.000000 95
736 3.141765 95
737 0.591866 95
738 35.779877 95
739 75.192359 95
740 74.713740 95
741 1.054068 95
742 2.066085 95
743 2.200541 95
744 1.616863 95
745 2.936871 95
746 1.032376 95
747 2.420968 95
748 2.956775 95
749 1.647524 95
750 8.283229 97
751 1.687193 97
752 1.098489 97
753 3.010107 97
754 1.712073 97
755 16.770580 97
756 8.775520 97
757 66.513077 97
758 1.001396 97
759 10.907896 97
760 1.140538 97
761 18.878402 97
762 0.573591 97
763 3.729384 97
764 4.596498 97
765 1.303019 97
766 0.776231 97
767 3.477795 97
768 1.491966 97
769 0.772932 97
770 4.776032 97
771 0.546984 97
772 0.394552 97
773 0.258665 97
774 0.829048 97
775 1.907916 97
776 0.000000 97
777 1.485746 97
778 1.124372 97
779 0.865658 97
780 1.623987 97
781 2.500117 97
782 5.486653 97
783 0.941850 97
784 2.022835 97
785 1.290781 97
786 3.202748 97
787 1.139236 97
788 2.654377 97
789 0.571886 97
790 0.785129 97
791 49.740540 97
792 1.949784 97
793 1.118804 97
794 0.955268 97
795 0.991845 97
796 0.972491 97
797 0.726181 97
798 0.758408 97
799 0.974096 97
800 42.714783 108
801 3.296725 108
802 1.281844 108
803 21.043907 108
804 2.997574 108
805 1.056184 108
806 18.555583 108
807 1.485313 108
808 1.375643 108
809 5.114098 108
810 6.935042 108
811 1.525686 108
812 1.238322 108
813 3.908074 108
814 2.146912 108
815 0.805979 108
816 8.305494 108
817 3.980751 108
818 2.759767 108
819 2.350179 108
820 1.959134 108
821 1.629754 108
822 1.557326 108
823 1.363417 108
824 0.058624 108
825 5.796536 108
826 1.097008 108
827 3.277501 108
828 1.810135 108
829 6.756786 108
830 18.191476 108
831 10.118225 108
832 69.738328 108
833 1.505498 108
834 1.684976 108
835 1.093858 108
836 1.124185 108
837 0.993334 108
838 1.462120 108
839 8.556720 108
840 16.929105 108
841 0.247887 108
842 3.121670 108
843 2.218602 108
844 1.559370 108
845 2.266164 108
846 172.071024 108
847 1.878727 108
848 2.288592 108
849 1.234421 108
850 28.122242 105
851 0.893864 105
852 2.298849 105
853 1.902503 105
854 1.916689 105
855 4.548948 105
856 4.579627 105
857 1.907816 105
858 5.708288 105
859 3.865197 105
860 3.087523 105
861 2.719905 105
862 1.303793 105
863 1.632038 105
864 1.602519 105
865 1.525202 105
866 0.000000 105
867 0.096939 105
868 0.000000 105
869 0.000000 105
870 0.049253 105
871 0.000000 105
872 0.045733 105
873 0.000000 105
874 0.000000 105
875 0.000000 105
876 0.000000 105
877 0.000000 105
878 0.000000 105
879 0.000000 105
880 0.000000 105
881 0.000000 105
882 0.000000 105
883 0.000000 105
884 0.000000 105
885 0.000000 105
886 0.000000 105
887 0.000000 105
888 0.000000 105
889 0.000000 105
890 0.000000 105
891 0.000000 105
892 0.159637 105
893 0.000000 105
894 0.162095 105
895 1.505268 105
896 5.028149 105
897 4.986841 105
898 2.493609 105
899 5.373147 105
900 1.550051 100
901 0.615548 100
902 9.404483 100
903 19.560337 100
904 19.319159 99
905 6.730631 100
906 2.908827 100
907 3.137525 100
908 7.313285 100
909 3.124127 100
910 3.170144 100
911 6.616481 100
912 2.992304 100
913 3.539268 100
914 1.361686 100
915 3.161113 100
916 2.459078 100
917 0.000000 100
918 0.000000 100
919 0.000000 100
920 0.000000 100
921 0.000000 100
922 0.000000 100
923 0.000000 100
924 0.000000 100
925 0.000000 100
926 0.000000 100
927 0.000000 100
928 0.000000 100
929 0.000000 100
930 0.000000 100
931 3.436442 100
932 2.710130 100
933 2.601287 100
934 4.651505 100
935 5.737127 100
936 11.672123 100
937 4.390529 100
938 3.569138 100
939 1.039071 100
940 3.467341 100
941 3.443741 100
942 3.193402 100
943 3.682587 100
944 2.179402 100
945 1.491261 100
946 2.171098 100
947 2.781405 100
948 2.214030 100
949 4.948164 99
950 2.144838 103
951 36.113115 103
952 1.741241 103
953 2.314546 103
954 1.862517 103
955 2.839285 103
956 1.540413 103
957 3.407700 103
958 4.315384 103
959 4.333121 103
960 1.337319 103
961 4.396613 103
962 3.236296 103
963 4.368009 103
964 1.517582 103
965 2.877665 103
966 3.287839 103
967 24.424546 103
968 32.454460 103
969 34.865377 103
970 34.638100 103
971 33.681765 103
972 1.702154 103
973 1.869156 103
974 2.235540 103
975 4.562037 103
976 1.363290 103
977 1.111613 103
978 2.111441 103
979 1.125834 103
980 1.177328 103
981 15.466146 103
982 2.605910 103
983 1.561868 103
984 1.766521 103
985 8.053657 103
986 1.525374 103
987 4.450502 103
988 1.593689 103
989 0.134427 103
990 1.780493 103
991 1.397207 103
992 1.682773 103
993 2.042672 103
994 0.807649 103
995 0.827132 103
996 1.455727 103
997 2.414909 103
998 3.121054 103
999 0.636595 103
1000 1.396309 81
1001 1.581108 81
1002 0.496471 81
1003 2.326705 81
1004 0.895701 81
1005 1.243811 81
1006 4.638294 81
1007 1.596922 81
1008 0.860302 81
1009 1.321800 81
1010 1.421716 81
1011 1.053463 81
1012 5.392067 81
1013 14.126997 81
1014 1.824219 81
1015 1.394535 81
1016 4.181725 81
1017 8.353522 81
1018 6.012071 81
1019 5.821980 81
1020 6.034715 81
1021 6.546691 81
1022 5.707604 81
1023 5.579491 81
1024 6.079246 81
1025 6.090385 81
1026 5.933351 81
1027 5.844272 81
1028 6.648736 81
1029 5.989892 81
1030 6.376867 81
1031 6.020517 81
1032 1.590106 81
1033 3.058832 81
1034 3.704489 81
1035 1.686507 81
1036 4.577316 81
1037 1.415102 81
1038 4.361574 81
1039 3.276419 81
1040 1.704692 81
1041 4.665606 81
1042 2.433028 81
1043 1.078235 81
1044 4.367646 81
1045 4.842088 81
1046 1.231440 81
1047 2.453789 81
1048 2.553918 81
1049 8.420753 81
1050 9.792064 102
1051 12.591696 102
1052 12.855839 102
1053 1.986371 102
1054 4.519930 102
1055 2.501492 102
1056 5.707632 102
1057 6.352073 102
1058 2.405304 102
1059 5.637578 102
1060 6.479988 102
1061 26.425706 102
1062 89.391803 102
1063 136.187623 102
1064 165.626306 102
1065 73.353139 102
1066 216.022792 102
1067 41.954473 102
1068 125.623820 102
1069 71.555219 102
1070 61.488831 102
1071 142.375989 102
1072 89.413008 102
1073 141.888883 102
1074 45.503289 102
1075 62.251290 102
1076 111.254328 102
1077 89.551008 102
1078 157.649859 102
1079 217.117611 102
1080 67.825759 102
1081 68.372245 102
1082 163.909392 102
1083 143.465920 102
1084 129.061691 102
1085 46.013413 102
1086 87.313630 102
1087 0.577963 102
1088 1.194240 102
1089 0.944733 102
1090 0.571243 102
1091 1.123952 102
1092 0.792175 102
1093 0.668909 102
1094 1.920429 102
1095 1.279895 102
1096 2.774962 102
1097 4.051407 102
1098 3.994605 102
1099 7.487617 102
1100 2.082123 116
1101 1.735768 116
1102 253.255826 116
1103 0.858121 116
1104 1.029819 116
1105 1.059577 116
1106 0.953992 116
1107 1.060105 116
1108 1.613382 116
1109 5.044808 116
1110 7.016386 116
1111 5.459187 116
1112 0.060106 116
1113 22.585987 116
1114 1.072571 116
1115 1.144703 116
1116 1.205196 116
1117 2.311103 116
1118 1.995010 116
1119 1.665735 116
1120 2.986313 116
1121 3.110772 116
1122 0.390853 116
1123 1.316907 116
1124 0.981647 116
1125 0.434944 116
1126 2.378502 116
1127 5.407529 116
1128 5.511025 116
1129 2.041184 116
1130 1.834814 116
1131 2.964113 116
1132 0.000000 116
1133 0.000000 116
1134 3.088555 116
1135 9.441793 116
1136 65.242258 116
1137 2.272356 116
1138 6.189277 116
1139 0.323395 116
1140 1.034031 116
1141 0.830270 116
1142 0.000000 116
1143 0.557945 116
1144 0.835331 116
1145 5.755508 116
1146 9.675424 116
1147 67.556377 116
1148 7.448957 116
1149 3.039329 116
1150 1.979365 106
1151 5.407816 106
1152 4.798057 105
1153 1.716816 106
1154 2.816714 106
1155 2.358864 106
1156 0.000000 106
1157 0.000000 106
1158 1.250914 106
1159 2.649880 106
1160 26.718001 106
1161 64.028279 106
1162 7.924748 106
1163 24.888824 106
1164 7.085521 106
1165 4.533815 106
1166 7.054663 106
1167 2.030811 106
1168 1.597024 106
1169 6.583165 106
1170 0.579586 106
1171 1.314524 106
1172 0.638592 106
1173 1.077825 106
1174 0.669486 106
1175 1.075691 106
1176 0.598552 106
1177 1.303920 106
1178 0.639815 106
1179 1.093072 106
1180 0.650520 106
1181 1.097928 106
1182 2.200227 106
1183 1.410535 106
1184 7.469328 106
1185 16.486324 106
1186 0.996038 106
1187 1.867634 106
1188 0.000000 106
1189 0.000000 106
1190 5.533871 106
1191 7.497285 106
1192 40.916970 106
1193 1.807199 106
1194 4.233477 106
1195 0.621961 106
1196 1.858524 106
1197 4.779421 106
1198 3.136471 106
1199 4.245480 106
1200 20.508220 106
1201 42.371934 106
1202 1.362497 106
1203 6.120098 106
1204 0.000000 106
1205 3.257747 106
1206 12.788153 106
1207 4.851961 106
1208 1.885121 106
1209 2.831049 106
1210 0.261125 106
1211 34.989977 106
1212 24.451077 106
1213 1.700108 106
1214 4.681373 106
1215 0.000000 106
1216 1.740303 106
1217 1.461771 106
1218 3.849439 106
1219 1.730521 106
1220 1.098325 106
1221 1.769399 106
1222 1.627268 106
1223 8.320893 106
1224 9.167262 106
1225 0.292837 106
1226 1.561980 106
1227 12.431813 106
1228 2.536692 106
1229 2.699433 106
1230 39.231454 106
1231 1.799001 106
1232 4.458937 106
1233 2.239550 106
1234 5.599415 106
1235 35.539231 106
1236 0.605382 106
1237 1.074174 106
1238 3.788392 106
1239 1.500082 106
1240 2.816918 106
1241 6.234603 106
1242 1.506914 106
1243 0.949775 106
1244 2.718782 106
1245 7.947053 106
1246 51.081860 106
1247 1.172599 106
1248 0.572841 106
1249 0.712172 106
1250 24.721654 106
1251 1.647276 106
1252 3.920137 106
1253 4.447434 106
1254 16.769054 106
1255 4.225706 106
1256 1.139686 106
1257 7.181824 106
1258 2.477448 106
1259 0.558489 106
1260 2.441762 106
1261 1.271848 106
1262 5.119547 106
1263 5.742187 106
1264 0.870421 106
1265 0.812896 106
1266 2.226165 106
1267 1.630101 106
1268 15.323274 106
1269 2.061914 106
1270 3.164257 106
1271 6.670050 106
1272 6.600978 106
1273 6.327309 106
1274 7.158513 106
1275 6.155684 106
1276 6.197482 106
1277 4.875762 106
1278 2.319999 106
1279 0.642657 106
1280 0.664471 106
1281 0.930978 106
1282 0.000000 106
1283 0.647515 106
1284 0.708484 106
1285 7.705881 106
1286 4.870733 106
1287 17.272159 106
1288 2.179013 106
1289 4.493305 106
1290 0.157288 106
1291 19.057516 106
1292 18.575795 106
1293 1.792176 106
1294 2.041439 106
1295 0.000000 106
1296 2.113811 106
1297 1.891742 106
1298 436.977933 106
1299 0.000000 106
1300 0.558364 108
1301 1.172502 108
1302 1.102810 108
1303 0.687740 108
1304 1.482453 108
1305 0.532679 108
1306 2.304413 108
1307 0.735776 108
1308 1.713627 108
1309 1.922871 108
1310 1.081028 108
1311 2.468423 108
1312 2.691282 108
1313 2.183384 108
1314 8.401664 108
1315 1.084083 108
1316 2.358845 108
1317 1.209638 108
1318 1.143052 108
1319 2.589419 108
1320 1.160251 108
1321 3.113662 108
1322 0.041024 108
1323 1.008327 108
1324 1.280036 108
1325 1.175035 108
1326 1.231018 108
1327 0.022489 108
1328 1.738650 108
1329 0.115506 108
1330 28.372473 108
1331 1.907840 108
1332 2.240572 108
1333 0.885765 108
1334 2.440590 108
1335 3.488501 108
1336 3.826276 108
1337 3.900986 108
1338 4.124649 108
1339 3.954599 108
1340 4.029803 108
1341 4.403432 108
1342 4.681167 108
1343 4.512566 108
1344 4.866992 108
1345 5.081889 108
1346 5.027814 108
1347 5.054401 108
1348 4.948044 108
1349 4.822067 108
1350 2.005331 99
1351 3.086192 99
1352 3.179949 99
1353 2.891634 99
1354 3.041855 99
1355 3.141520 99
1356 2.950075 99
1357 2.558421 99
1358 2.905744 99
1359 2.758454 99
1360 3.182081 99
1361 3.099891 99
1362 3.385261 99
1363 3.140794 99
1364 3.884956 99
1365 3.027699 99
1366 3.158636 99
1367 2.698103 99
1368 3.190331 99
1369 2.851890 99
1370 3.011370 99
1371 3.026194 99
1372 3.280341 99
1373 3.083026 99
1374 3.548272 99
1375 3.640165 99
1376 2.834044 99
1377 3.195735 99
1378 3.251222 99
1379 3.113661 99
1380 3.188326 99
1381 3.753718 99
1382 3.487527 99
1383 3.397070 99
1384 3.246928 99
1385 3.509357 99
1386 22.851469 99
1387 87.473619 99
1388 52.617651 99
1389 51.703805 99
1390 54.209381 99
1391 93.929868 99
1392 119.604817 99
1393 256.232489 99
1394 102.109061 99
1395 127.403137 99
1396 30.643569 99
1397 70.990368 99
1398 52.102488 99
1399 105.453749 99
1400 17.394425 94
1401 71.597264 94
1402 41.055923 94
1403 48.785325 93
1404 54.991426 93
1405 94.719479 93
1406 52.873265 93
1407 176.758449 93
1408 48.028622 93
1409 61.882513 93
1410 86.833496 93
1411 93.949354 93
1412 50.549111 93
1413 112.650263 93
1414 110.583309 93
1415 45.266113 93
1416 102.969354 93
1417 16.534819 93
1418 78.703451 93
1419 88.160908 93
1420 121.228317 93
1421 44.929355 93
1422 51.780409 93
1423 26.913149 93
1424 233.058686 93
1425 93.833861 93
1426 46.870783 93
1427 93.810760 93
1428 58.575409 93
1429 111.772889 93
1430 63.750363 93
1431 56.651440 93
1432 117.809069 93
1433 1.294944 93
1434 3.399110 93
1435 0.000000 93
1436 0.043061 93
1437 0.000000 93
1438 0.000000 93
1439 0.000000 93
1440 0.194959 93
1441 3.994548 93
1442 3.316629 93
1443 0.418957 93
1444 1.444711 93
1445 2.645504 93
1446 20.820110 93
1447 1.501839 93
1448 1.443413 93
1449 0.513986 93
1450 1.321702 90
1451 2.356694 90
1452 2.612867 90
1453 2.856164 90
1454 0.002829 90
1455 0.001864 90
1456 0.000000 90
1457 2.039369 90
1458 2.188085 90
1459 1.610406 90
1460 1.375116 90
1461 2.340826 90
1462 1.377543 90
1463 2.795777 90
1464 2.328124 90
1465 0.875407 90
1466 2.339688 90
1467 2.274428 90
1468 1.101098 90
1469 1.532222 90
1470 1.405229 90
1471 1.803532 90
1472 4.782670 90
1473 7.825281 90
1474 2.635356 90
1475 4.726007 90
1476 1.869495 90
1477 4.234818 90
1478 1.219791 90
1479 2.270776 90
1480 1.503158 90
1481 1.310394 90
1482 4.668860 90
1483 1.031149 90
1484 1.736530 90
1485 0.750396 90
1486 4.852558 90
1487 2.527817 90
1488 0.746053 90
1489 3.000228 90
1490 0.982023 90
1491 2.302096 90
1492 3.957941 90
1493 1.658659 90
1494 2.562231 90
1495 28.658096 90
1496 1.907700 90
1497 1.086476 90
1498 1.308902 90
1499 1.029040 90
1500 0.556032 102
1501 1.257331 102
1502 5.232231 102
1503 1.434080 102
1504 1.504181 102
1505 1.220277 102
1506 1.577365 102
1507 1.384725 102
1508 1.506730 102
1509 1.340035 102
1510 1.407804 102
1511 0.642701 102
1512 1.060250 102
1513 0.952616 102
1514 1.622052 102
1515 0.988148 102
1516 2.170889 102
1517 0.494841 102
1518 0.520698 102
1519 11.171459 102
1520 53.978952 102
1521 0.342326 102
1522 1.017097 102
1523 0.607283 102
1524 2.656851 102
1525 1.128055 102
1526 2.504374 102
1527 2.680106 102
1528 0.000000 102
1529 0.000000 102
1530 0.000000 102
1531 0.000000 102
1532 1.036366 102
1533 2.439256 102
1534 2.954786 102
1535 2.460033 102
1536 117.183547 102
1537 1.346218 102
1538 1.020145 102
1539 0.881749 102
1540 0.981226 102
1541 1.004337 102
1542 0.995435 102
1543 0.999335 102
1544 1.004472 102
1545 1.212917 102
1546 1.610992 102
1547 0.000000 102
1548 1.066018 102
1549 2.433845 102
1550 2.140934 118
1551 0.971171 118
1552 0.673885 118
1553 1.833760 118
1554 2.550272 118
1555 0.606139 118
1556 2.884743 118
1557 0.661720 118
1558 1.731641 118
1559 1.592581 118
1560 1.225262 118
1561 1.595243 118
1562 1.351600 118
1563 0.498274 118
1564 1.284207 118
1565 2.704036 118
1566 2.314800 118
1567 2.862193 118
1568 0.494010 118
1569 0.470333 118
1570 0.033974 118
1571 1.536198 118
1572 1.266207 118
1573 1.505378 118
1574 1.319738 118
1575 0.229461 118
1576 9.415900 118
1577 0.950574 118
1578 0.898361 118
1579 1.003909 118
1580 1.643669 118
1581 3.053666 118
1582 2.852659 118
1583 3.141118 118
1584 8.030523 118
1585 10.268667 118
1586 0.000000 118
1587 0.000000 118
1588 0.000000 118
1589 0.010271 118
1590 0.000312 118
1591 0.006690 118
1592 0.000570 118
1593 0.004468 118
1594 0.001666 118
1595 0.000000 118
1596 0.004959 118
1597 0.005599 118
1598 2.764212 118
1599 5.678887 118
1600 1.858452 110
1601 1.832512 110
1602 4.373242 110
1603 3.955254 110
1604 4.450714 110
1605 1.328360 110
1606 3.877790 110
1607 4.027141 110
1608 1.413771 110
1609 4.086599 110
1610 3.765543 110
1611 1.914707 110
1612 4.836574 110
1613 1.442369 110
1614 4.114803 110
1615 1.973574 110
1616 3.983474 110
1617 5.192113 110
1618 4.148642 110
1619 5.311247 110
1620 0.933130 110
1621 11.914258 110
1622 1.807756 110
1623 1.111473 110
1624 1.824768 110
1625 2.891643 110
1626 1.808848 110
1627 3.008502 110
1628 1.765171 110
1629 2.839617 110
1630 27.168610 110
1631 84.643315 110
1632 1.944208 110
1633 1.184295 110
1634 32.661890 110
1635 1.576053 110
1636 0.000000 110
1637 0.000000 110
1638 0.000000 110
1639 4.121118 110
1640 1.289931 110
1641 1.349705 110
1642 1.777557 110
1643 4.917980 110
1644 2.672138 110
1645 6.137141 110
1646 0.967793 110
1647 2.814642 110
1648 0.543915 110
1649 1.093245 110
1650 1.938750 95
1651 2.453953 95
1652 1.295613 95
1653 1.223300 95
1654 53.345567 95
1655 15.570490 95
1656 1.693731 95
1657 1.692385 95
1658 1.376036 95
1659 1.188721 95
1660 1.646078 95
1661 2.677132 95
1662 2.063805 95
1663 2.429724 95
1664 0.224436 95
1665 1.492840 95
1666 1.590283 95
1667 0.643455 95
1668 1.287517 95
1669 1.523504 95
1670 0.591670 95
1671 1.408875 95
1672 0.052169 95
1673 0.025125 95
1674 0.022272 95
1675 0.021994 95
1676 0.009260 95
1677 0.014796 95
1678 0.013937 95
1679 0.252663 95
1680 0.018877 95
1681 0.370150 95
1682 1.927021 95
1683 4.290990 95
1684 4.224781 95
1685 0.512234 95
1686 0.700991 95
1687 3.520993 95
1688 1.633035 95
1689 0.936173 95
1690 105.980164 95
1691 1.968499 95
1692 86.487683 95
1693 0.547242 95
1694 1.654871 95
1695 3.806387 95
1696 1.405344 95
1697 3.525115 95
1698 1.316886 95
1699 3.503184 95
1700 1.162420 95
1701 2.781729 95
1702 2.563760 95
1703 0.244758 95
1704 0.234766 95
1705 2.468367 95
1706 5.068683 93
1707 5.681634 95
1708 4.502276 95
1709 4.205799 95
1710 11.736094 95
1711 32.350010 95
1712 33.145970 95
1713 32.433904 95
1714 1.023821 95
1715 0.034108 95
1716 0.735637 95
1717 2.053295 95
1718 9.141356 95
1719 1.216565 95
1720 0.898117 95
1721 0.883799 95
1722 1.182541 95
1723 3.753144 95
1724 1.246577 95
1725 0.771515 95
1726 46.516332 95
1727 9.733432 95
1728 17.580035 95
1729 0.779758 95
1730 0.838249 95
1731 1.440624 95
1732 3.490596 95
1733 30.389539 95
1734 1.216868 95
1735 1.352313 95
1736 1.357503 95
1737 2.058992 95
1738 1.549907 95
1739 0.156196 95
1740 1.746956 95
1741 0.943942 95
1742 163.435289 95
1743 3.348505 95
1744 2.083671 95
1745 1.491127 95
1746 1.089493 95
1747 28.776297 95
1748 0.427318 95
1749 7.305274 95
1750 3.322389 119
1751 1.992944 119
1752 0.776780 119
1753 1.310903 119
1754 3.382914 119
1755 3.507446 119
1756 19.557814 119
1757 1.157211 119
1758 0.985553 119
1759 35.801917 119
1760 2.465922 119
1761 2.237291 119
1762 2.783550 119
1763 2.006235 119
1764 2.063072 119
1765 2.944710 119
1766 1.941863 119
1767 2.988856 119
1768 2.793541 119
1769 0.000000 119
1770 0.000000 119
1771 0.845429 119
1772 1.307071 119
1773 5.671782 119
1774 1.616384 119
1775 4.175017 119
1776 0.035951 119
1777 0.064121 119
1778 0.067610 119
1779 1.584848 119
1780 1.293372 119
1781 7.921210 119
1782 8.040030 119
1783 22.612195 119
1784 14.055950 119
1785 1.153428 119
1786 2.099682 119
1787 0.000000 119
1788 1.224413 119
1789 1.405250 119
1790 2.365518 119
1791 0.101818 119
1792 1.652122 119
1793 3.442887 119
1794 3.700283 119
1795 0.751737 119
1796 0.788063 119
1797 2.012961 119
1798 0.871487 119
1799 0.904235 119
1800 0.543217 115
1801 2.727637 115
1802 0.572961 115
1803 0.779123 115
1804 1.810121 115
1805 0.703961 115
1806 0.725691 115
1807 0.000000 115
1808 1.149454 115
1809 2.116687 115
1810 0.561564 115
1811 0.039988 115
1812 0.497882 115
1813 2.369286 115
1814 3.079047 115
1815 3.337899 115
1816 13.680913 115
1817 1.179565 115
1818 1.126118 115
1819 1.441106 115
1820 1.193665 115
1821 140.596485 115
1822 173.839747 115
1823 1.904377 115
1824 2.229526 115
1825 0.845911 115
1826 1.016992 115
1827 8.265265 115
1828 8.876558 115
1829 8.855891 115
1830 1.154579 115
1831 24.398038 115
1832 90.183526 115
1833 1.270185 115
1834 14.893989 115
1835 1.197487 115
1836 13.304896 115
1837 1.093981 115
1838 0.567210 115
1839 2.020546 115
1840 1.010219 115
1841 7.131799 115
1842 14.999109 115
1843 6.744305 115
1844 1.952767 115
1845 1.218993 115
1846 1.281795 115
1847 0.000000 115
1848 0.000000 115
1849 0.894620 115
1850 1.152024 106
1851 9.877243 106
1852 0.000000 106
1853 0.788820 106
1854 1.679423 106
1855 1.805886 106
1856 0.507893 106
1857 0.607767 106
1858 1.706122 106
1859 1.902136 106
1860 1.355923 106
1861 1.104632 106
1862 158.259624 106
1863 0.447043 106
1864 1.268211 106
1865 1.502597 106
1866 0.626114 106
1867 1.310461 106
1868 0.574173 106
1869 0.602457 106
1870 0.793881 106
1871 1.063942 106
1872 0.278848 106
1873 0.356295 106
1874 0.281299 106
1875 0.738202 106
1876 0.913255 106
1877 1.719102 106
1878 16.201732 106
1879 3.588656 106
1880 5.075240 106
1881 3.375608 106
1882 42.687797 106
1883 3.256665 106
1884 18.204932 106
1885 3.528027 106
1886 3.523335 106
1887 75.212995 106
1888 8.162312 106
1889 18.957463 106
1890 4.889134 106
1891 1.773541 106
1892 1.787468 106
1893 1.498323 106
1894 0.644248 106
1895 1.284642 106
1896 1.230247 106
1897 0.773467 106
1898 0.886468 106
1899 1.796625 106
1900 0.774025 108
1901 5.436711 108
1902 0.587189 108
1903 0.379936 108
1904 0.422139 108
1905 0.000000 108
1906 0.000000 108
1907 0.000000 108
1908 0.000000 108
1909 0.000000 108
1910 0.000000 108
1911 0.000000 108
1912 2.764910 108
1913 5.707414 108
1914 5.880623 108
1915 5.697637 108
1916 5.834323 108
1917 5.544798 108
1918 5.103595 108
1919 5.326909 108
1920 5.649097 108
1921 5.279587 108
1922 5.601180 108
1923 5.369873 108
1924 5.147709 108
1925 5.356271 108
1926 5.658098 108
1927 5.460904 108
1928 5.684998 108
1929 5.861694 108
1930 5.587550 108
1931 5.293489 108
1932 5.572773 108
1933 5.452663 108
1934 5.797825 108
1935 5.664077 108
1936 1.362945 108
1937 3.513940 108
1938 2.869728 108
1939 1.646161 108
1940 3.665378 108
1941 3.493757 108
1942 0.123873 108
1943 1.061163 108
1944 2.326624 108
1945 1.462645 108
1946 2.273146 108
1947 2.560524 108
1948 6.266330 106
1949 0.000000 108
1950 2.141813 102
1951 0.507059 102
1952 1.234096 102
1953 1.874305 102
1954 1.627523 102
1955 3.978822 102
1956 1.351757 102
1957 13.044242 102
1958 1.196465 102
1959 2.533905 102
1960 4.257886 102
1961 1.342630 102
1962 0.000000 102
1963 0.000000 102
1964 0.668633 102
1965 24.460915 102
1966 1.206404 102
1967 0.534742 102
1968 1.798067 102
1969 1.401150 102
1970 0.486309 102
1971 0.000000 102
1972 0.661289 102
1973 1.113800 102
1974 1.044909 102
1975 1.192494 102
1976 1.736556 102
1977 1.987114 102
1978 1.972428 102
1979 0.558941 102
1980 21.632616 102
1981 1.490892 102
1982 3.529440 102
1983 3.366736 102
1984 3.395869 102
1985 10.062948 102
1986 11.229173 102
1987 11.153515 102
1988 1.397128 102
1989 3.584033 102
1990 1.149040 102
1991 3.364468 102
1992 2.163208 102
1993 3.299534 102
1994 1.727605 102
1995 3.522818 102
1996 3.792349 102
1997 99.474474 102
1998 120.904618 102
1999 121.293259 102
2000 70.853612 115
2001 78.798523 115
2002 84.463575 115
2003 83.590118 115
2004 4.162280 115
2005 4.026653 115
2006 5.358957 115
2007 1.271220 115
2008 1.704565 115
2009 1.669849 115
2010 54.394888 115
2011 0.991206 115
2012 2.364317 115
2013 13.623693 115
2014 0.000000 115
2015 1.970708 115
2016 1.160517 115
2017 1.102129 115
2018 1.235591 115
2019 1.048229 115
2020 3.280987 115
2021 1.296548 115
2022 1.619449 115
2023 1.263803 115
2024 9.764558 115
2025 4.477746 115
2026 1.410878 115
2027 1.195750 115
2028 1.281916 115
2029 1.832875 115
2030 1.426614 115
2031 1.467645 115
2032 1.494060 115
2033 2.116414 115
2034 13.092892 115
2035 1.793900 115
2036 1.098594 115
2037 226.697714 115
2038 1.685659 115
2039 1.606961 115
2040 0.981474 115
2041 1.219990 115
2042 1.255401 115
2043 7.936791 115
2044 10.581195 115
2045 2.211152 115
2046 4.923269 115
2047 5.382696 115
2048 4.728732 115
2049 3.992907 115
2050 0.000263 115
2051 0.000919 115
2052 0.013620 115
2053 1.575823 115
2054 3.125844 115
2055 2.837387 115
2056 2.872673 115
2057 82.094537 115
2058 9.297255 115
2059 7.654776 115
2060 8.750315 115
2061 9.588502 115
2062 4.090497 115
2063 1.830073 115
2064 0.277765 115
2065 3.703885 115
2066 2.872092 115
2067 0.334148 115
2068 3.490369 115
2069 1.081228 115
2070 29.701376 115
2071 29.980885 115
2072 15.630640 115
2073 1.513316 115
2074 4.207720 115
2075 34.622480 115
2076 1.789427 115
2077 3.341512 115
2078 0.520689 115
2079 1.395032 115
2080 12.468791 115
2081 1.250785 115
2082 2.959092 115
2083 0.248160 115
2084 0.578517 115
2085 0.590676 115
2086 0.618861 115
2087 0.581773 115
2088 0.580564 115
2089 0.620204 115
2090 1.202350 115
2091 0.960883 115
2092 0.227827 115
2093 0.456755 115
2094 0.419585 115
2095 0.494850 115
2096 0.101188 115
2097 0.657890 115
2098 1.315662 115
2099 3.741332 115
2100 0.579731 106
2101 0.815448 106
2102 0.007090 106
2103 17.064488 106
2104 20.102329 106
2105 1.008664 106
2106 0.515715 106
2107 0.278304 106
2108 0.817522 106
2109 1.371327 106
2110 2.919808 106
2111 0.717638 106
2112 1.063455 106
2113 14.623682 106
2114 65.597383 106
2115 116.657110 106
2116 105.090252 106
2117 24.461217 106
2118 52.540371 106
2119 52.952933 106
2120 42.668435 106
2121 45.670151 106
2122 91.439163 106
2123 41.423376 106
2124 263.549184 106
2125 2.207390 106
2126 24.033731 106
2127 17.901432 106
2128 1.547021 106
2129 1.590816 106
2130 1.614631 106
2131 1.311941 106
2132 2.014967 106
2133 1.271562 106
2134 1.858146 106
2135 2.086553 106
2136 0.000000 106
2137 0.000000 106
2138 1.330051 106
2139 0.787116 106
2140 0.960148 106
2141 4.688776 106
2142 1.795761 106
2143 1.937847 106
2144 8.682979 106
2145 22.839573 106
2146 80.389687 106
2147 17.865714 106
2148 2.356905 106
2149 1.125562 106
2150 15.971224 99
2151 0.000000 99
2152 0.668574 99
2153 1.474719 99
2154 1.417356 99
2155 1.685764 99
2156 6.548365 99
2157 15.725995 99
2158 6.490042 99
2159 5.635433 99
2160 0.004044 99
2161 0.000000 99
2162 0.000000 99
2163 0.000000 99
2164 0.000000 99
2165 0.000000 99
2166 0.000000 99
2167 0.000000 99
2168 0.000000 99
2169 0.000000 99
2170 0.000000 99
2171 0.000000 99
2172 0.000000 99
2173 0.000000 99
2174 0.000000 99
2175 0.000000 99
2176 0.000000 99
2177 0.000000 99
2178 0.000000 99
2179 0.000000 99
2180 0.000000 99
2181 0.000000 99
2182 0.000000 99
2183 0.000000 99
2184 0.000000 99
2185 0.000000 99
2186 0.000000 99
2187 0.000000 99
2188 0.000000 99
2189 0.000000 99
2190 0.000000 99
2191 0.000000 99
2192 0.000000 99
2193 0.000000 99
2194 0.000000 99
2195 0.000000 99
2196 0.000000 99
2197 0.000000 99
2198 0.000000 99
2199 0.000000 99
2200 0.000000 99
2201 0.000000 99
2202 0.000000 99
2203 0.000000 99
2204 0.000000 99
2205 0.000000 99
2206 0.000000 99
2207 0.000000 99
2208 0.000000 99
2209 0.000000 99
2210 0.000000 99
2211 0.000000 99
2212 0.000000 99
2213 0.000000 99
2214 0.000000 99
2215 0.000000 99
2216 0.000000 99
2217 0.000000 99
2218 0.000000 99
2219 0.000000 99
2220 0.000000 99
2221 0.000000 99
2222 0.000000 99
2223 0.000000 99
2224 0.000000 99
2225 0.000000 99
2226 0.000000 99
2227 0.000000 99
2228 0.000000 99
2229 0.000000 99
2230 0.000000 99
2231 0.000000 99
2232 0.000000 99
2233 0.000000 99
2234 0.000000 99
2235 0.000000 99
2236 0.000000 99
2237 0.000000 99
2238 0.000000 99
2239 0.000000 99
2240 0.000000 99
2241 0.000000 99
2242 0.000000 99
2243 0.000000 99
2244 0.000000 99
2245 0.000000 99
2246 0.000000 99
2247 0.000000 99
2248 0.000000 99
2249 0.000000 99
2250 0.000000 98
2251 0.000000 98
2252 0.000000 98
2253 0.000000 98
2254 0.000000 98
2255 0.000000 98
2256 0.000000 98
2257 0.000000 98
2258 0.000000 98
2259 0.000000 98
2260 0.000000 98
2261 0.000000 98
2262 0.000000 98
2263 0.000000 98
2264 0.000000 98
2265 0.000000 98
2266 0.000000 98
2267 0.000000 98
2268 0.000000 98
2269 0.000000 98
2270 0.000000 98
2271 0.000000 98
2272 0.000000 98
2273 0.000000 98
2274 0.000000 98
2275 0.000000 98
2276 0.000000 98
2277 0.000000 98
2278 0.000000 98
2279 0.000000 98
2280 0.000000 98
2281 0.000000 98
2282 0.000000 98
2283 0.000000 98
2284 0.000000 98
2285 0.000000 98
2286 0.000000 98
2287 0.000000 98
2288 0.000000 98
2289 0.000000 98
2290 0.000000 98
2291 0.000000 98
2292 0.000000 98
2293 0.000000 98
2294 0.000000 98
2295 0.000000 98
2296 0.000000 98
2297 0.000000 98
2298 0.000000 98
2299 0.000000 98
2300 0.000000 96
2301 0.000000 96
2302 0.000000 96
2303 0.000000 96
2304 0.000000 96
2305 0.000000 96
2306 0.000000 96
2307 0.000000 96
2308 0.000000 96
2309 0.000000 96
2310 0.000000 96
2311 0.000000 96
2312 0.000000 96
2313 0.000000 96
2314 0.000000 96
2315 0.000000 96
2316 0.000000 96
2317 0.000000 96
2318 0.000000 96
2319 0.000000 96
2320 0.000000 96
2321 0.000000 96
2322 0.000000 96
2323 0.000000 96
2324 0.000000 96
2325 0.000000 96
2326 0.000000 96
2327 0.000000 96
2328 0.000000 96
2329 0.000000 96
2330 0.000000 96
2331 0.000000 96
2332 0.000000 96
2333 0.000000 96
2334 0.000000 96
2335 0.000000 96
2336 0.000000 96
2337 0.000000 96
2338 0.000000 96
2339 0.000000 96
2340 0.000000 96
2341 0.000000 96
2342 0.000000 96
2343 0.000000 96
2344 0.000000 96
2345 0.000000 96
2346 0.000000 96
2347 0.000000 96
2348 0.000000 96
2349 0.000000 96
2350 0.000000 84
2351 2.322732 84
2352 1.615480 84
2353 20.180419 84
2354 3.466896 84
2355 2.833359 84
2356 25.489359 84
2357 98.214006 84
2358 83.055606 84
2359 169.246087 84
2360 46.555398 84
2361 124.157519 84
2362 198.901165 84
2363 109.314764 84
2364 82.705231 84
2365 75.701780 84
2366 178.028642 84
2367 135.089267 84
2368 215.325106 84
2369 35.297703 84
2370 225.451235 84
2371 124.956509 84
2372 38.712799 84
2373 167.866379 84
2374 73.425298 84
2375 235.321603 84
2376 95.512582 84
2377 133.092570 84
2378 74.036102 84
2379 180.075161 84
2380 47.962570 84
2381 159.065247 84
2382 54.320339 84
2383 2.238862 84
2384 4.968407 84
2385 5.713710 84
2386 2.476982 84
2387 5.254761 84
2388 6.125979 84
2389 32.287904 84
2390 4.043556 84
2391 4.955124 84
2392 1.218320 84
2393 3.473510 84
2394 3.145161 84
2395 1.734043 84
2396 3.751112 84
2397 4.658494 84
2398 1.843366 84
2399 4.255331 84
2400 2.173373 114
2401 5.228647 114
2402 4.646601 114
2403 4.734914 114
2404 5.313459 114
2405 5.317798 114
2406 5.122241 114
2407 4.717804 114
2408 5.330099 114
2409 5.355495 114
2410 0.977360 114
2411 0.010350 114
2412 1.714086 114
2413 2.672457 114
2414 1.943128 114
2415 2.530184 114
2416 2.027518 114
2417 3.852751 114
2418 4.275413 114
2419 4.402869 114
2420 2.226422 114
2421 0.000000 114
2422 0.000000 114
2423 0.000000 114
2424 0.000000 114
2425 0.000000 114
2426 0.000000 114
2427 0.000000 114
2428 0.000000 114
2429 0.000000 114
2430 0.000000 114
2431 0.000000 114
2432 1.474981 114
2433 1.102478 114
2434 2.219068 114
2435 12.105891 114
2436 2.905734 114
2437 1.367136 114
2438 1.865579 114
2439 2.486056 114
2440 2.543855 114
2441 0.025755 114
2442 0.030328 114
2443 0.031883 114
2444 1.786299 114
2445 4.864831 114
2446 12.077050 114
2447 245.655714 114
2448 4.284080 114
2449 3.665315 114
2450 0.353403 112
2451 0.452224 112
2452 0.473720 112
2453 1.261231 112
2454 3.883161 112
2455 64.341729 112
2456 136.895819 112
2457 0.106075 112
2458 1.095032 112
2459 3.286088 112
2460 0.829131 112
2461 9.812334 112
2462 16.522665 112
2463 4.375262 112
2464 2.272571 112
2465 4.550162 112
2466 1.711993 112
2467 3.636414 112
2468 4.649743 112
2469 1.473618 112
2470 1.073489 112
2471 0.450134 112
2472 1.179676 112
2473 0.013861 112
2474 1.585680 112
2475 0.978240 112
2476 1.729132 112
2477 2.250832 112
2478 15.922742 112
2479 3.690621 112
2480 0.312149 112
2481 3.855400 112
2482 1.857152 112
2483 2.349285 112
2484 1.359730 112
2485 3.372446 112
2486 1.707891 112
2487 16.381126 112
2488 1.634723 112
2489 8.308063 112
2490 1.004711 112
2491 3.648397 112
2492 1.794435 112
2493 0.690983 112
2494 2.057415 112
2495 1.981889 112
2496 1.308849 112
2497 87.836593 112
2498 1.291818 112
2499 2.083443 112
2500 1.293806 107
2501 1.490905 107
2502 0.006856 107
2503 0.228700 107
2504 2.014912 107
2505 4.825446 107
2506 1.801846 107
2507 7.790270 107
2508 1.328765 107
2509 1.787377 107
2510 2.319678 107
2511 2.159711 107
2512 1.577999 107
2513 16.138446 107
2514 1.476912 107
2515 2.084926 107
2516 4.359649 107
2517 1.501998 107
2518 2.146683 107
2519 0.000000 107
2520 2.031332 107
2521 1.461719 107
2522 2.374053 107
2523 1.730909 107
2524 1.270897 107
2525 1.340293 107
2526 1.432382 107
2527 1.361204 107
2528 2.936173 107
2529 6.214561 107
2530 4.751726 107
2531 1.161742 107
2532 41.767568 107
2533 51.690374 107
2534 1.381927 107
2535 2.367951 107
2536 2.498280 107
2537 1.810006 107
2538 1.657792 107
2539 2.308026 107
2540 1.144310 107
2541 2.035081 107
2542 2.122036 107
2543 0.631965 107
2544 0.908033 107
2545 2.302453 107
2546 2.583133 107
2547 2.017037 107
2548 30.227872 107
2549 1.991784 107
2550 1.431584 101
2551 1.223191 101
2552 0.244617 101
2553 2.694982 101
2554 0.000000 101
2555 4.191632 101
2556 1.618534 101
2557 2.019489 101
2558 1.270232 101
2559 1.213735 101
2560 1.066364 101
2561 1.442285 101
2562 1.024404 101
2563 94.038669 101
2564 91.540382 101
2565 95.399726 101
2566 91.034097 101
2567 91.155428 101
2568 83.498985 101
2569 88.123766 101
2570 90.880294 101
2571 86.911819 101
2572 92.839025 101
2573 84.778983 101
2574 94.674794 101
2575 92.469523 101
2576 95.430806 101
2577 95.317899 101
2578 84.945612 101
2579 92.771868 101
2580 87.429251 101
2581 87.609789 101
2582 92.274617 101
2583 87.175036 101
2584 90.428449 101
2585 90.817763 101
2586 84.967094 101
2587 92.625715 101
2588 94.753296 101
2589 88.398897 101
2590 93.547488 101
2591 89.119138 101
2592 94.757989 101
2593 91.530558 101
2594 84.828338 101
2595 93.972168 101
2596 89.651885 101
2597 91.671157 101
2598 89.923277 101
2599 91.929182 101
2600 67.124603 101
2601 89.181041 101
2602 85.415068 101
2603 88.512072 101
2604 85.125008 101
2605 84.013677 101
2606 72.759258 101
2607 89.545705 101
2608 88.100821 101
2609 73.684967 101
2610 65.802017 101
2611 78.518855 101
2612 76.215770 101
2613 76.704633 101
2614 85.964670 101
2615 72.440074 101
2616 77.025266 101
2617 88.891956 101
2618 86.796259 101
2619 83.648339 101
2620 85.658336 101
2621 91.966003 101
2622 92.021517 101
2623 88.655996 101
2624 100.499571 101
2625 105.033900 101
2626 100.341867 101
2627 100.981665 101
2628 96.279723 101
2629 93.692063 101
2630 98.527172 101
2631 91.163994 101
2632 84.594286 101
2633 99.375640 101
2634 98.597288 101
2635 95.489732 101
2636 93.571519 101
2637 105.022570 101
2638 109.236161 101
2639 97.971066 101
2640 90.961913 101
2641 100.522643 101
2642 97.115036 101
2643 95.788496 101
2644 92.914320 101
2645 89.733299 101
2646 93.645578 101
2647 94.214344 101
2648 87.982968 101
2649 93.748722 101
2650 55.324553 102
2651 71.998671 102
2652 77.309840 102
2653 73.076045 102
2654 72.400701 102
2655 70.414057 102
2656 70.350579 102
2657 60.643196 102
2658 57.047208 102
2659 62.543293 102
2660 70.025797 102
2661 78.704985 102
2662 75.551556 102
2663 4.453346 102
2664 6.737173 102
2665 2.252963 102
2666 7.403513 102
2667 0.000000 102
2668 0.000000 102
2669 0.000000 102
2670 0.000000 102
2671 0.000000 102
2672 0.000000 102
2673 0.000000 102
2674 0.000000 102
2675 0.000000 102
2676 0.000000 102
2677 0.000000 102
2678 0.000000 102
2679 0.000000 102
2680 0.000000 102
2681 0.000000 102
2682 0.000419 102
2683 0.002885 102
2684 0.002299 102
2685 0.009166 102
2686 0.001836 102
2687 0.006029 102
2688 0.001567 102
2689 0.001261 102
2690 0.001444 102
2691 0.001222 102
2692 0.000506 102
2693 0.002517 102
2694 0.003993 102
2695 0.001186 102
2696 0.002515 102
2697 0.002015 102
2698 0.002155 102
2699 0.002356 102
2700 0.030626 99
2701 0.057742 99
2702 0.058310 99
2703 0.049009 99
2704 0.035130 99
2705 0.042051 99
2706 0.070881 99
2707 0.066162 99
2708 0.057487 99
2709 0.049507 99
2710 0.038687 99
2711 3.955301 99
2712 3.011854 99
2713 2.833217 99
2714 41.207800 99
2715 3.190576 99
2716 256.837579 99
2717 3.909130 99
2718 70.463654 99
2719 1.812256 99
2720 2.045935 99
2721 26.154392 99
2722 4.226217 99
2723 2.482568 99
2724 4.035612 99
2725 3.912236 99
2726 4.289553 99
2727 3.886469 99
2728 4.846914 99
2729 14.318155 99
2730 165.574209 99
2731 4.175589 99
2732 4.090186 99
2733 244.385772 99
2734 4.094895 99
2735 7.679363 99
2736 2.823079 99
2737 7.567283 99
2738 4.431780 99
2739 5.237766 99
2740 4.383033 99
2741 4.265226 99
2742 5.194342 99
2743 48.837117 99
2744 4.841081 99
2745 4.494678 99
2746 15.031384 99
2747 2.620150 99
2748 27.152005 99
2749 2.746632 99
2750 7.945748 95
2751 3.427330 95
2752 7.306132 95
2753 3.969773 95
2754 2.331949 95
2755 5.925007 95
2756 2.207332 95
2757 3.105142 95
2758 2.427406 95
2759 1.868434 95
2760 0.963229 95
2761 0.872705 95
2762 0.985949 95
2763 1.193083 95
2764 0.959285 95
2765 0.911053 95
2766 1.043671 95
2767 0.964132 95
2768 1.028779 95
2769 0.998121 95
2770 1.178505 95
2771 1.124323 95
2772 1.177996 95
2773 1.249302 95
2774 0.978452 95
2775 1.026540 95
2776 1.446397 95
2777 0.950714 95
2778 1.311098 95
2779 0.999451 95
2780 1.383979 95
2781 1.128064 95
2782 1.169486 95
2783 1.178171 95
2784 0.959473 95
2785 1.919523 95
2786 1.307107 95
2787 1.042953 95
2788 3.370720 95
2789 1.537072 95
2790 1.909776 95
2791 1.933044 95
2792 2.417878 95
2793 2.918536 95
2794 1.985393 95
2795 1.858469 95
2796 1.949401 95
2797 1.994730 95
2798 1.846202 95
2799 2.369803 95
2800 1.870467 98
2801 2.458756 98
2802 2.001267 98
2803 2.647923 98
2804 2.519141 98
2805 2.219867 98
2806 2.098943 98
2807 2.757854 98
2808 1.927302 98
2809 2.537458 98
2810 2.332707 98
2811 1.915975 98
2812 1.862465 98
2813 2.032230 98
2814 2.244290 98
2815 1.871099 98
2816 4.488513 98
2817 3.929038 98
2818 5.082240 98
2819 0.001331 98
2820 0.001519 98
2821 0.003666 98
2822 0.002818 98
2823 0.040076 98
2824 0.054860 98
2825 0.067661 98
2826 0.052992 98
2827 0.016376 98
2828 0.016660 98
2829 0.037912 98
2830 0.027285 98
2831 4.503600 98
2832 0.330696 98
2833 0.028378 98
2834 0.728343 98
2835 0.024718 98
2836 6.085246 98
2837 0.026914 98
2838 0.008368 98
2839 3.542655 98
2840 7.678372 98
2841 8.060047 98
2842 3.261395 98
2843 6.084720 98
2844 8.173730 98
2845 7.276340 98
2846 2.385625 98
2847 4.356180 98
2848 4.650326 98
2849 4.762823 98
2850 1.754934 103
2851 4.334629 103
2852 4.186882 103
2853 3.992569 103
2854 3.744370 103
2855 7.987751 103
2856 9.258031 103
2857 3.650912 103
2858 6.439268 103
2859 5.822591 103
2860 5.656733 103
2861 1.096426 103
2862 3.454449 103
2863 1.531276 103
2864 3.817354 103
2865 3.995874 103
2866 7.011708 103
2867 23.214966 103
2868 6.561284 103
2869 3.065916 103
2870 5.775486 103
2871 6.173758 103
2872 6.461844 103
2873 2.731829 103
2874 3.691869 103
2875 3.968964 103
2876 3.781978 103
2877 4.698596 103
2878 3.757019 103
2879 4.011401 103
2880 4.008282 103
2881 4.603324 103
2882 4.431282 103
2883 4.436896 103
2884 3.786066 103
2885 4.296499 103
2886 4.047896 103
2887 3.895077 103
2888 4.123425 103
2889 5.212172 103
2890 3.757465 103
2891 5.396855 103
2892 5.253806 103
2893 1.000137 103
2894 2.915948 103
2895 3.083446 103
2896 9.223499 103
2897 90.982707 103
2898 3.952116 103
2899 4.064925 103
2900 1.343913 84
2901 2.825336 84
2902 2.945411 84
2903 3.029074 84
2904 1.953660 84
2905 4.837422 84
2906 4.819255 84
2907 4.547678 84
2908 2.230172 84
2909 4.613210 84
2910 5.134487 84
2911 2.333081 84
2912 4.688595 84
2913 4.545565 84
2914 4.377943 84
2915 4.600506 84
2916 3.275740 84
2917 7.321128 84
2918 8.121798 84
2919 6.971239 84
2920 1.473607 84
2921 4.944238 84
2922 5.383046 84
2923 1.784366 84
2924 4.066046 84
2925 4.252786 84
2926 3.828374 84
2927 2.726715 84
2928 7.192203 84
2929 7.805430 84
2930 8.269820 84
2931 0.697495 84
2932 2.381154 84
2933 2.280669 84
2934 2.307755 84
2935 1.087024 84
2936 3.094760 84
2937 2.484951 84
2938 8.112957 84
2939 9.423718 84
2940 9.793288 84
2941 10.260599 84
2942 9.451264 84
2943 8.994082 84
2944 2.648129 84
2945 5.512207 84
2946 5.628012 84
2947 5.785852 84
2948 3.954176 84
2949 4.755499 84
2950 1.781875 96
2951 3.528657 96
2952 3.887926 96
2953 1.445840 96
2954 3.544135 96
2955 1.519728 96
2956 3.814495 96
2957 3.769113 96
2958 1.482970 96
2959 3.809955 96
2960 3.683436 96
2961 3.569493 96
2962 2.462318 96
2963 6.072281 96
2964 5.908738 96
2965 2.340096 96
2966 7.170682 96
2967 7.367217 96
2968 6.887707 96
2969 27.336610 96
2970 31.087562 96
2971 1.799734 96
2972 0.621290 96
2973 4.444019 96
2974 3.768049 96
2975 3.183974 96
2976 8.829345 96
2977 8.636246 96
2978 2.127480 96
2979 5.331046 96
2980 5.291090 96
2981 1.035302 96
2982 2.424898 96
2983 1.978088 96
2984 5.618782 96
2985 1.698142 96
2986 3.986749 96
2987 4.665302 96
2988 2.331374 96
2989 5.107289 96
2990 1.352481 96
2991 2.581520 96
2992 5.641546 96
2993 3.590535 96
2994 10.733695 96
2995 2.061598 96
2996 5.576728 96
2997 2.318402 96
2998 6.207048 96
2999 0.000000 96
3000 0.000000 100
3001 0.000000 100
3002 0.000000 100
3003 0.000000 100
3004 0.000000 100
3005 0.000000 100
3006 0.000000 100
3007 0.000000 100
3008 38.841885 100
3009 304.681956 100
3010 97.688707 100
3011 517.080618 100
3012 170.901249 100
3013 483.180724 100
3014 243.099698 100
3015 291.446564 100
3016 408.227908 100
3017 557.574761 100
3018 113.502356 100
3019 144.468464 100
3020 67.129165 100
3021 284.770882 100
3022 1.236804 100
3023 2.425838 100
3024 2.572891 100
3025 2.313183 100
3026 7.003647 100
3027 0.000000 100
3028 0.000000 100
3029 0.000000 100
3030 1.518092 100
3031 3.178886 100
3032 1.722177 100
3033 4.926476 100
3034 2.546638 100
3035 7.363957 100
3036 63.563426 100
3037 79.227647 100
3038 80.236177 100
3039 3.850940 100
3040 10.387727 100
3041 2.343706 100
3042 6.675110 100
3043 2.228751 100
3044 9.727939 100
3045 3.018148 100
3046 8.030223 100
3047 8.012530 100
3048 2.613464 100
3049 7.799890 100
3050 2.159700 91
3051 5.857263 91
3052 1.581596 91
3053 4.207071 91
3054 3.305370 91
3055 2.576442 91
3056 6.215183 91
3057 1.018310 91
3058 2.598698 91
3059 2.121958 91
3060 1.575085 91
3061 3.635323 91
3062 0.824569 91
3063 0.723543 91
3064 0.791199 91
3065 0.837025 91
3066 0.723776 91
3067 3.611223 91
3068 9.135601 91
3069 3.598239 91
3070 3.174942 91
3071 4.299752 91
3072 4.590007 91
3073 4.520119 91
3074 4.812784 91
3075 4.735962 91
3076 4.707710 91
3077 4.577514 91
3078 4.724734 91
3079 4.663694 91
3080 4.602665 91
3081 4.264801 91
3082 4.665711 91
3083 4.921352 91
3084 4.726560 91
3085 4.670369 91
3086 4.734834 91
3087 8.494665 91
3088 6.598497 91
3089 13.159273 91
3090 105.141045 91
3091 18.119280 91
3092 7.813628 91
3093 7.408068 91
3094 9.918270 91
3095 12.537067 91
3096 9.018599 91
3097 0.524203 91
3098 0.888992 91
3099 0.879998 91
3100 0.202310 97
3101 0.817814 97
3102 0.912656 97
3103 0.864260 97
3104 0.849538 97
3105 0.894421 97
3106 0.843545 97
3107 0.839369 97
3108 0.786350 97
3109 1.732913 97
3110 2.028330 97
3111 24.231520 97
3112 1.543954 97
3113 468.052709 97
3114 17.438973 97
3115 2.299773 97
3116 3.599925 97
3117 6.350952 97
3118 4.458433 97
3119 5.099161 97
3120 43.566807 97
3121 1.382941 97
3122 4.286100 97
3123 3.738907 97
3124 1.424860 97
3125 1.179202 97
3126 3.983241 97
3127 4.300574 97
3128 3.314552 97
3129 3.749236 97
3130 3.359997 97
3131 3.745140 97
3132 1.449417 97
3133 4.359916 97
3134 6.642513 97
3135 7.093354 97
3136 6.647994 97
3137 7.489281 97
3138 7.725330 97
3139 4.108110 97
3140 6.977132 97
3141 7.051436 97
3142 10.617006 97
3143 10.388688 97
3144 11.312408 97
3145 13.633971 97
3146 6.723426 97
3147 2.830175 97
3148 3.767403 97
3149 3.629107 97
3150 2.738740 103
3151 5.193303 103
3152 3.025810 103
3153 5.228813 103
3154 25.299891 103
3155 7.045296 103
3156 4.506207 103
3157 30.044270 103
3158 8.489079 103
3159 8.308559 103
3160 4.912085 103
3161 3.272154 103
3162 5.557737 103
3163 309.252235 103
3164 12.460497 103
3165 16.916417 103
3166 4.041453 103
3167 2.939896 103
3168 5.146832 103
3169 5.086702 103
3170 5.462767 103
3171 10.834280 103
3172 9.721391 103
3173 11.427159 103
3174 6.472820 103
3175 5.371773 103
3176 6.390089 103
3177 12.881723 103
3178 5.028912 103
3179 5.664063 103
3180 6.842905 102
3181 8.156139 103
3182 6.850758 103
3183 7.462689 103
3184 7.427888 103
3185 5.648538 103
3186 0.000000 103
3187 0.000000 103
3188 0.000000 103
3189 0.000000 103
3190 0.000000 103
3191 0.000000 103
3192 2.812097 103
3193 92.897719 103
3194 8.035210 103
3195 6.832593 103
3196 2.747005 103
3197 4.890101 103
3198 5.308448 103
3199 3.963106 103
3200 3.695175 108
3201 6.033835 108
3202 14.069090 108
3203 15.041599 108
3204 12.424381 108
3205 13.467743 108
3206 3.233955 108
3207 11.292090 108
3208 3.638977 108
3209 9.875047 108
3210 2.481199 108
3211 154.183619 108
3212 3.675575 108
3213 3.000450 108
3214 18.569895 108
3215 2.988788 108
3216 6.595595 108
3217 9.887466 108
3218 11.175229 108
3219 13.680194 106
3220 17.072698 108
3221 12.153693 108
3222 4.684969 108
3223 9.663673 108
3224 10.602615 108
3225 10.174785 108
3226 1.729919 108
3227 2.736034 108
3228 2.916744 108
3229 4.272396 108
3230 2.732268 108
3231 1.670546 108
3232 3.388409 108
3233 6.219216 108
3234 51.325010 108
3235 2.531928 108
3236 2.541154 108
3237 1.540934 108
3238 4.362325 108
3239 3.110510 108
3240 2.271702 108
3241 5.618439 108
3242 8.540235 108
3243 5.438268 107
3244 2.036702 108
3245 1.358069 108
3246 0.183710 108
3247 0.256110 108
3248 0.443718 108
3249 5.775625 108
3250 1.514607 107
3251 3.415372 107
3252 3.657167 107
3253 3.335435 107
3254 2.251089 107
3255 3.515604 107
3256 1.941792 107
3257 2.687951 107
3258 2.957301 107
3259 2.701678 107
3260 2.695348 107
3261 17.442269 107
3262 2.982499 107
3263 0.726199 107
3264 1.566698 107
3265 5.441816 107
3266 2.050649 107
3267 3.322050 107
3268 4.721669 107
3269 3.880248 107
3270 4.120731 107
3271 4.011101 107
3272 0.672067 107
3273 9.600169 107
3274 5.828494 107
3275 25.571980 107
3276 2.097068 107
3277 2.767525 107
3278 3.716678 107
3279 9.496927 107
3280 2.591306 107
3281 1.484204 107
3282 21.673465 107
3283 4.546599 107
3284 4.907129 107
3285 1.832733 107
3286 4.889496 107
3287 5.438758 107
3288 6.014537 107
3289 6.386806 107
3290 1.433639 107
3291 4.464459 107
3292 1.971478 107
3293 4.176620 107
3294 1.827488 107
3295 36.379855 107
3296 4.372087 107
3297 0.951597 107
3298 13.623958 107
3299 0.994959 107
3300 2.282905 116
3301 0.732140 116
3302 88.711184 116
3303 163.839893 116
3304 179.415241 116
3305 180.343057 116
3306 0.233553 116
3307 0.214822 116
3308 0.299248 116
3309 0.315896 116
3310 0.386517 116
3311 3.200097 116
3312 5.427265 116
3313 4.622318 116
3314 4.797292 116
3315 7.498666 116
3316 9.142432 116
3317 73.909785 116
3318 34.263974 116
3319 59.728194 116
3320 63.475143 116
3321 69.243702 116
3322 3.858669 116
3323 4.275369 116
3324 7.098732 116
3325 12.128493 116
3326 5.523671 116
3327 1.577679 116
3328 2.305343 116
3329 33.678272 116
3330 3.097702 116
3331 42.896066 116
3332 3.271649 116
3333 3.183740 116
3334 8.585850 116
3335 0.239146 116
3336 6.527131 116
3337 4.013492 116
3338 7.034995 116
3339 2.605422 116
3340 17.214132 116
3341 4.055824 116
3342 2.488011 116
3343 4.357659 116
3344 4.405285 116
3345 2.984624 116
3346 8.629641 116
3347 8.180339 116
3348 4.034414 116
3349 1.627649 116
3350 4.777979 82
3351 1.052740 82
3352 0.496678 82
3353 1.496408 82
3354 2.468219 82
3355 6.362314 82
3356 9.487227 82
3357 20.864166 82
3358 21.991863 82
3359 4.195050 82
3360 1.662084 82
3361 6.324452 82
3362 1.450327 82
3363 5.700580 82
3364 12.075217 82
3365 11.380554 82
3366 10.903271 82
3367 7.155814 82
3368 5.809762 82
3369 230.848751 82
3370 2.401096 82
3371 2.207985 82
3372 6.526175 82
3373 5.138329 82
3374 1.622246 82
3375 4.034660 82
3376 7.563733 82
3377 4.562659 82
3378 2.452817 82
3379 6.740236 82
3380 5.581935 82
3381 1.566841 82
3382 3.503833 82
3383 3.706560 82
3384 2.825967 82
3385 5.325234 82
3386 7.024982 82
3387 1.251336 82
3388 1.489671 82
3389 3.337904 82
3390 3.443382 82
3391 57.231339 82
3392 178.226940 82
3393 232.147869 82
3394 0.000000 82
3395 14.322894 82
3396 19.093021 82
3397 19.221108 82
3398 0.000000 82
3399 2.709324 82
3400 3.277927 92
3401 2.396687 92
3402 1.620709 92
3403 8.225418 92
3404 2.064404 92
3405 5.780917 92
3406 5.425647 92
3407 1.494206 92
3408 1.244059 92
3409 2.331505 92
3410 6.442868 92
3411 4.998334 92
3412 2.913869 92
3413 2.324696 92
3414 5.180808 92
3415 6.494011 92
3416 4.234036 92
3417 2.455130 92
3418 6.590026 92
3419 5.218801 92
3420 2.507296 92
3421 6.339641 92
3422 5.325033 92
3423 34.290303 92
3424 68.092088 92
3425 73.006072 92
3426 5.326409 92
3427 6.351873 92
3428 4.222090 92
3429 4.275509 92
3430 2.552124 92
3431 5.762887 92
3432 6.201411 92
3433 2.380545 92
3434 6.465541 92
3435 5.379041 92
3436 2.504175 92
3437 6.855068 92
3438 5.187382 92
3439 1.633907 92
3440 4.832877 92
3441 2.421270 92
3442 6.181991 92
3443 5.958189 92
3444 34.463983 92
3445 23.036450 92
3446 5.268369 92
3447 40.376472 92
3448 38.431251 92
3449 17.064218 92
3450 32.670770 113
3451 3.188548 113
3452 6.592204 113
3453 12.729644 113
3454 11.506940 113
3455 3.493637 113
3456 7.277326 113
3457 7.525424 113
3458 2.022551 113
3459 2.285916 113
3460 5.787187 113
3461 1.671500 113
3462 2.147978 113
3463 1.966896 113
3464 1.260620 113
3465 2.672721 113
3466 1.897959 113
3467 2.322271 113
3468 2.150051 113
3469 4.821860 113
3470 10.291259 113
3471 3.506611 113
3472 0.000000 113
3473 0.000000 113
3474 3.603228 113
3475 2.529755 113
3476 4.841749 113
3477 5.911701 113
3478 0.524520 113
3479 0.656800 113
3480 8.210880 113
3481 17.892907 113
3482 17.752782 113
3483 2.586610 113
3484 5.445127 113
3485 7.258725 113
3486 14.875760 113
3487 2.179706 113
3488 2.705174 113
3489 2.819894 113
3490 5.026882 113
3491 16.684777 113
3492 2.582446 113
3493 6.457262 113
3494 5.314793 113
3495 2.712697 113
3496 6.429073 113
3497 5.480771 113
3498 2.816475 113
3499 6.633341 113
3500 2.112370 94
3501 1.939018 94
3502 5.883803 94
3503 5.104607 94
3504 2.117223 94
3505 5.177537 94
3506 6.442064 94
3507 2.348493 94
3508 5.066457 94
3509 6.304659 94
3510 2.135737 94
3511 6.149099 94
3512 5.105019 94
3513 17.564981 94
3514 19.550465 94
3515 21.053742 94
3516 4.238652 94
3517 2.611631 94
3518 6.986082 94
3519 5.060869 94
3520 395.614756 94
3521 2.546111 94
3522 5.076657 94
3523 6.210561 94
3524 2.808388 94
3525 6.620495 94
3526 5.889304 94
3527 0.781949 94
3528 1.163723 94
3529 1.871420 94
3530 1.467679 94
3531 2.507872 94
3532 5.635483 94
3533 6.991194 94
3534 17.654711 94
3535 2.480122 94
3536 5.302782 94
3537 6.734037 94
3538 7.057621 94
3539 1.161245 94
3540 1.289289 94
3541 8.259748 94
3542 2.049472 94
3543 2.220291 94
3544 3.107295 94
3545 1.875443 94
3546 5.032990 94
3547 4.536688 94
3548 3.166642 94
3549 2.174346 94
3550 1.706604 104
3551 3.335783 104
3552 2.311876 104
3553 2.760186 104
3554 27.771638 104
3555 3.975487 104
3556 5.990015 104
3557 31.015068 104
3558 1.800691 104
3559 2.507562 104
3560 13.307849 104
3561 160.342205 104
3562 1.605694 104
3563 4.090260 104
3564 11.579768 104
3565 1.768587 104
3566 0.346237 104
3567 4.690099 104
3568 1.685646 104
3569 5.721293 104
3570 2.359210 104
3571 4.936529 104
3572 2.027548 104
3573 0.647500 104
3574 2.226627 104
3575 6.387499 104
3576 6.035946 104
3577 2.064580 104
3578 12.486242 104
3579 141.308369 104
3580 1.900350 104
3581 14.491351 103
3582 0.634902 104
3583 1.177810 104
3584 3.608468 104
3585 21.089660 104
3586 41.382749 104
3587 3.166711 104
3588 4.997137 104
3589 1.263422 104
3590 1.907672 104
3591 1.204150 104
3592 11.967490 104
3593 32.951829 104
3594 2.210530 104
3595 7.823963 104
3596 1.848116 104
3597 5.318520 104
3598 1.424470 104
3599 4.474454 104
3600 3.711805 93
3601 19.352785 93
3602 2.252866 93
3603 3.237893 93
3604 0.413751 93
3605 1.188971 93
3606 0.886356 93
3607 1.920933 93
3608 9.583649 93
3609 1.283176 93
3610 6.617898 93
3611 0.000000 93
3612 1.474720 93
3613 1.701471 93
3614 2.528694 93
3615 7.700025 93
3616 6.600412 93
3617 12.547895 93
3618 1.376198 93
3619 3.793000 93
3620 18.854594 93
3621 2.498360 93
3622 17.630590 93
3623 2.582922 93
3624 20.028589 93
3625 3.274447 93
3626 2.499323 93
3627 2.842872 93
3628 1.434711 93
3629 1.405888 93
3630 13.878751 93
3631 5.351912 93
3632 1.593717 93
3633 1.595960 93
3634 3.945903 93
3635 5.930015 93
3636 0.763766 93
3637 2.180132 93
3638 88.565231 93
3639 3.802049 93
3640 13.179823 93
3641 4.019726 93
3642 5.352603 93
3643 2.996887 93
3644 0.291164 93
3645 3.053221 93
3646 1.381435 93
3647 52.554104 93
3648 0.015956 93
3649 3.290556 93
3650 3.586544 112
3651 3.909505 112
3652 1.163311 112
3653 2.426484 112
3654 0.815223 112
3655 0.533467 112
3656 2.226662 112
3657 0.000000 112
3658 0.220033 112
3659 15.396514 112
3660 49.580586 112
3661 4.357868 112
3662 15.864269 112
3663 4.401006 112
3664 1.640680 112
3665 2.586907 112
3666 12.324436 112
3667 7.878183 112
3668 11.911027 112
3669 2.089418 112
3670 24.379046 112
3671 5.683444 112
3672 0.813375 112
3673 3.248704 112
3674 2.092037 112
3675 3.370178 112
3676 36.709145 112
3677 92.390565 112
3678 0.012115 112
3679 1.514604 112
3680 1.821982 112
3681 2.355108 112
3682 2.632550 112
3683 2.223557 112
3684 0.000000 112
3685 1.731638 112
3686 0.898933 112
3687 14.100834 112
3688 2.366072 112
3689 0.207551 112
3690 2.020467 112
3691 250.550496 112
3692 0.704676 112
3693 3.288111 112
3694 2.278987 112
3695 20.748655 112
3696 2.167231 112
3697 6.392310 112
3698 2.186196 112
3699 0.763802 112
3700 0.546615 99
3701 1.884297 99
3702 6.500814 99
3703 2.375697 99
3704 2.503955 99
3705 1.960067 99
3706 0.916820 99
3707 5.103494 99
3708 0.431215 99
3709 3.119521 99
3710 4.130692 99
3711 0.223629 99
3712 8.398462 99
3713 1.810210 99
3714 4.440848 99
3715 4.514299 99
3716 2.079574 99
3717 1.906865 99
3718 2.156493 99
3719 1.985385 99
3720 0.016214 99
3721 2.296480 99
3722 13.905490 99
3723 0.672457 99
3724 2.608023 99
3725 1.945591 99
3726 2.805912 99
3727 2.084699 99
3728 1.745755 99
3729 2.273128 99
3730 2.171590 99
3731 7.143880 99
3732 13.023662 99
3733 2.623226 99
3734 2.653293 99
3735 19.106699 99
3736 2.366170 99
3737 1.162586 99
3738 94.693664 99
3739 1.773818 99
3740 2.833877 99
3741 2.705667 99
3742 2.433118 99
3743 2.566264 99
3744 20.872324 99
3745 8.073746 99
3746 1.355612 99
3747 2.781725 99
3748 1.808844 99
3749 0.000000 99
3750 6.953490 110
3751 2.311589 110
3752 7.041408 110
3753 0.668114 110
3754 1.750290 110
3755 1.372187 110
3756 11.445224 110
3757 2.278066 110
3758 2.991155 110
3759 1.531467 110
3760 1.866525 110
3761 2.005129 110
3762 0.115954 110
3763 1.847802 110
3764 2.189473 110
3765 2.676826 110
3766 1.252481 110
3767 0.000000 110
3768 15.208904 110
3769 2.192944 110
3770 3.761103 110
3771 1.389466 110
3772 2.078724 110
3773 5.992047 110
3774 6.354494 110
3775 1.548576 110
3776 0.048979 110
3777 2.710200 110
3778 362.342038 110
3779 3.614990 110
3780 2.365199 110
3781 19.553601 110
3782 47.217060 110
3783 65.681274 110
3784 1.875804 110
3785 2.516032 110
3786 0.000000 110
3787 2.524454 110
3788 1.173007 110
3789 16.142865 110
3790 3.425546 110
3791 3.294979 110
3792 2.832923 110
3793 2.748229 110
3794 2.594856 110
3795 4.497336 110
3796 1.074401 110
3797 3.269375 110
3798 3.322116 110
3799 2.735727 110
3800 1.369145 107
3801 2.363519 107
3802 0.099057 107
3803 3.841507 107
3804 3.823266 107
3805 3.756875 107
3806 3.292926 107
3807 2.439017 107
3808 3.524485 107
3809 12.687880 107
3810 1.618881 107
3811 1.965228 107
3812 1.769462 107
3813 0.624407 107
3814 5.745282 107
3815 3.103187 107
3816 2.009088 107
3817 1.945364 107
3818 2.339506 107
3819 2.585921 107
3820 6.552374 107
3821 0.850639 107
3822 3.452464 107
3823 2.357144 107
3824 16.791557 107
3825 19.083706 107
3826 0.489054 107
3827 3.422061 107
3828 1.389129 107
3829 1.017727 107
3830 20.097934 107
3831 2.704582 107
3832 15.320975 107
3833 1.498859 107
3834 3.113625 107
3835 1.596101 107
3836 3.807025 107
3837 38.223825 107
3838 53.016163 107
3839 3.792559 107
3840 0.000000 107
3841 2.414693 107
3842 37.585047 107
3843 3.773773 107
3844 1.377999 107
3845 2.451232 107
3846 2.481928 107
3847 15.253422 107
3848 2.238187 107
3849 0.000000 107
3850 1.851442 104
3851 4.533507 104
3852 1.432964 104
3853 1.846344 104
3854 1.611752 104
3855 1.924136 104
3856 1.544708 104
3857 2.334251 104
3858 0.000000 104
3859 4.206941 104
3860 3.188212 104
3861 4.126868 104
3862 1.452044 104
3863 1.788525 104
3864 3.000307 104
3865 36.301055 104
3866 2.925146 104
3867 5.178831 104
3868 2.370459 104
3869 2.018965 104
3870 3.222665 104
3871 1.758021 104
3872 1.103878 104
3873 1.799243 104
3874 1.921997 104
3875 2.049938 104
3876 1.174033 104
3877 3.986386 104
3878 2.888321 104
3879 2.621776 104
3880 2.057424 104
3881 2.306243 104
3882 5.916378 104
3883 2.734433 104
3884 3.203877 104
3885 0.909118 104
3886 0.717893 104
3887 3.405007 104
3888 46.208777 104
3889 19.911531 104
3890 6.545331 104
3891 8.503260 104
3892 2.549439 104
3893 2.697532 104
3894 1.235387 104
3895 6.348405 104
3896 9.382451 104
3897 3.989165 104
3898 1.519151 104
3899 3.094157 104
3900 149.284872 110
3901 1.610642 110
3902 3.340104 110
3903 2.412376 110
3904 1.450808 110
3905 1.562284 110
3906 0.000000 110
3907 1.120484 110
3908 3.582476 110
3909 0.281466 110
3910 2.493157 110
3911 1.605089 110
3912 1.765442 110
3913 2.470905 110
3914 2.610700 110
3915 2.472027 110
3916 1.601353 110
3917 2.147496 110
3918 0.993980 110
3919 1.243626 110
3920 1.814172 110
3921 0.954750 110
3922 0.885719 110
3923 2.151693 110
3924 3.830358 110
3925 1.893127 110
3926 24.794669 110
3927 14.863535 110
3928 2.142768 110
3929 50.690753 110
3930 1.854478 110
3931 3.168810 110
3932 1.187887 110
3933 1.464340 110
3934 2.992196 110
3935 2.136451 110
3936 2.612644 110
3937 2.374989 110
3938 1.079524 110
3939 13.288828 110
3940 0.059981 110
3941 3.666416 110
3942 1.543663 110
3943 0.898245 110
3944 2.005822 110
3945 37.289985 110
3946 1.646871 110
3947 2.362498 110
3948 2.302093 110
3949 13.793122 110
3950 0.940817 118
3951 1.995503 118
3952 5.557676 118
3953 0.413572 118
3954 1.566791 118
3955 47.621786 118
3956 56.173296 118
3957 2.118379 118
3958 1.866262 118
3959 8.446506 118
3960 0.000000 118
3961 1.673200 118
3962 1.540356 118
3963 5.173463 118
3964 6.333182 118
3965 16.779981 118
3966 3.347245 118
3967 11.093003 118
3968 1.018730 118
3969 0.452142 118
3970 14.204668 118
3971 2.322154 118
3972 2.124566 118
3973 0.000000 118
3974 3.877920 118
3975 1.732245 118
3976 2.034699 118
3977 0.795603 118
3978 1.790329 118
3979 1.538157 118
3980 0.000000 118
3981 4.333221 118
3982 3.398691 118
3983 3.697589 118
3984 2.415078 118
3985 1.047630 118
3986 0.050896 118
3987 1.587069 118
3988 5.314343 118
3989 0.821780 118
3990 3.279734 118
3991 0.525469 118
3992 11.228633 118
3993 0.555935 118
3994 0.517238 118
3995 0.695648 118
3996 0.756841 118
3997 0.681460 118
3998 1.645115 118
3999 1.033483 118
4000 0.236990 112
4001 0.468332 112
4002 3.091137 112
4003 1.623465 112
4004 2.102968 112
4005 2.100995 112
4006 0.873722 112
4007 4.828742 112
4008 0.316850 112
4009 2.052229 112
4010 0.746080 112
4011 1.518610 112
4012 2.844733 112
4013 7.043294 112
4014 4.676676 112
4015 0.491801 112
4016 0.513630 112
4017 1.189649 112
4018 1.262702 112
4019 0.403048 112
4020 2.550150 112
4021 1.462942 112
4022 3.058134 112
4023 4.256347 112
4024 1.355521 112
4025 2.892401 112
4026 2.036541 112
4027 34.176790 112
4028 1.587201 112
4029 1.708681 112
4030 1.792018 112
4031 331.443549 112
4032 121.500202 112
4033 43.478505 112
4034 5.619379 112
4035 33.768418 112
4036 2.328425 112
4037 1.391651 112
4038 9.053533 112
4039 0.821162 112
4040 0.000000 112
4041 3.119003 112
4042 0.889982 112
4043 2.159388 112
4044 1.262803 112
4045 10.321600 112
4046 24.187840 112
4047 1.859910 112
4048 1.594210 112
4049 1.762921 112
4050 2.843527 120
4051 1.454554 120
4052 0.491800 120
4053 2.310159 120
4054 0.837587 120
4055 1.538931 120
4056 1.743339 120
4057 1.216548 120
4058 0.013935 120
4059 0.548218 120
4060 71.647844 120
4061 2.174238 120
4062 2.018108 120
4063 1.858748 120
4064 1.173215 120
4065 2.893730 120
4066 30.551311 120
4067 0.645389 120
4068 7.970395 120
4069 1.583680 120
4070 1.340474 120
4071 2.825994 120
4072 0.944016 120
4073 1.258702 120
4074 1.126960 120
4075 3.102547 120
4076 7.505940 120
4077 2.584627 120
4078 0.437377 120
4079 0.650565 120
4080 2.333408 120
4081 2.625272 120
4082 2.471143 120
4083 3.296852 120
4084 7.290739 120
4085 0.668620 120
4086 2.992506 120
4087 0.899552 120
4088 3.983464 120
4089 3.426964 120
4090 3.593281 120
4091 6.370662 120
4092 12.521525 120
4093 0.113229 120
4094 7.984652 120
4095 3.823911 120
4096 3.792230 120
4097 2.535458 120
4098 1.991286 120
4099 3.581288 120
4100 2.668762 114
4101 1.670318 114
4102 3.229050 114
4103 2.211070 114
4104 2.025451 114
4105 3.378643 114
4106 22.825237 114
4107 0.000000 114
4108 3.997205 114
4109 5.672185 114
4110 0.723728 114
4111 14.668939 114
4112 108.094587 114
4113 1.929373 114
4114 2.177148 114
4115 3.071662 114
4116 6.132723 114
4117 11.232921 113
4118 4.125770 114
4119 22.330529 114
4120 4.270988 114
4121 0.000000 114
4122 7.838370 114
4123 2.257494 114
4124 2.433224 114
4125 6.074403 114
4126 8.241873 114
4127 3.015055 114
4128 2.260284 114
4129 5.830534 114
4130 3.189224 114
4131 4.124420 114
4132 0.855686 114
4133 0.771819 114
4134 0.000000 114
4135 0.000000 114
4136 3.467956 114
4137 2.626839 114
4138 3.768329 114
4139 4.719744 114
4140 3.348936 114
4141 8.151724 114
4142 7.291271 114
4143 4.156545 114
4144 1.040884 114
4145 2.619196 114
4146 3.126772 114
4147 2.512938 114
4148 2.804881 114
4149 6.993937 114
4150 0.944030 112
4151 4.775150 112
4152 1.464646 112
4153 0.504090 112
4154 5.822073 112
4155 4.847804 112
4156 5.722214 112
4157 2.125738 112
4158 3.727944 112
4159 9.752543 112
4160 1.849979 112
4161 34.058654 112
4162 16.689040 112
4163 14.846622 112
4164 3.202707 112
4165 0.000000 112
4166 12.225556 112
4167 4.582325 112
4168 2.612944 112
4169 0.866212 112
4170 2.083964 112
4171 1.934585 112
4172 10.400397 112
4173 19.860843 112
4174 2.608531 112
4175 3.775790 112
4176 10.416362 112
4177 0.721982 112
4178 1.314095 112
4179 2.796915 112
4180 2.680325 112
4181 4.051299 112
4182 4.367729 112
4183 35.189416 112
4184 11.561002 112
4185 5.379425 112
4186 2.611833 112
4187 3.004356 112
4188 9.436388 112
4189 0.737647 112
4190 6.734258 112
4191 16.788552 112
4192 1.943568 112
4193 2.037134 112
4194 1.086554 112
4195 3.655645 112
4196 0.573692 112
4197 7.848162 112
4198 1.972675 112
4199 2.371030 112
4200 1.252786 116
4201 2.981390 116
4202 2.450974 116
4203 4.328789 116
4204 11.306765 116
4205 9.117944 116
4206 8.363662 116
4207 8.031036 116
4208 9.837633 116
4209 9.718382 116
4210 1.476950 116
4211 4.993996 116
4212 4.575669 116
4213 1.607111 116
4214 4.940651 116
4215 10.681888 116
4216 5.056351 116
4217 1.171917 116
4218 3.298362 116
4219 7.100739 116
4220 0.782171 116
4221 2.413936 116
4222 101.612617 116
4223 0.000000 116
4224 2.397088 116
4225 1.773024 116
4226 1.312952 116
4227 4.800614 116
4228 4.370047 116
4229 2.276443 116
4230 3.404995 116
4231 5.049528 116
4232 1.907189 116
4233 1.628978 116
4234 2.098647 116
4235 2.946280 116
4236 0.739816 116
4237 0.692857 116
4238 1.990358 116
4239 1.745725 116
4240 3.562467 116
4241 3.258338 116
4242 1.530061 116
4243 4.321498 116
4244 3.809082 116
4245 3.854477 116
4246 1.613716 116
4247 0.647668 116
4248 1.007020 116
4249 0.915902 116
4250 0.240429 101
4251 0.165552 101
4252 1.747932 101
4253 1.956637 101
4254 1.388863 101
4255 1.160992 101
4256 1.753618 101
4257 2.897742 101
4258 1.285659 101
4259 1.637598 101
4260 1.979812 101
4261 2.713695 101
4262 2.399582 101
4263 2.184423 101
4264 2.856509 101
4265 2.748385 101
4266 3.982974 101
4267 2.674361 101
4268 4.984030 101
4269 5.931636 101
4270 8.123442 101
4271 8.593286 101
4272 9.046723 101
4273 9.738827 101
4274 0.000000 101
4275 0.000000 101
4276 0.000000 101
4277 0.000000 101
4278 0.276001 101
4279 1.648324 101
4280 4.508304 101
4281 3.402733 101
4282 0.362854 101
4283 2.724457 101
4284 1.238237 101
4285 16.320634 101
4286 1.277733 101
4287 3.664492 101
4288 0.485480 101
4289 12.920734 101
4290 6.056084 101
4291 14.108553 101
4292 12.984231 101
4293 13.487392 101
4294 13.275937 101
4295 13.777857 101
4296 13.857563 101
4297 13.621293 101
4298 0.000000 101
4299 12.938795 101
4300 3.071720 105
4301 7.678804 105
4302 7.395251 105
4303 7.583303 105
4304 8.437749 105
4305 7.447589 105
4306 0.823344 105
4307 3.169410 105
4308 9.366159 105
4309 9.354270 105
4310 3.044793 105
4311 3.967518 105
4312 7.318537 105
4313 7.514825 105
4314 7.672201 105
4315 7.833160 105
4316 7.394758 105
4317 4.829724 105
4318 37.515151 105
4319 1.421522 105
4320 1.966804 105
4321 2.702025 105
4322 2.613706 105
4323 2.584007 105
4324 2.582436 105
4325 1.001984 105
4326 13.377097 105
4327 3.039927 105
4328 7.494494 105
4329 0.815756 105
4330 12.021009 105
4331 1.238688 105
4332 1.668901 105
4333 1.092923 105
4334 1.035047 105
4335 1.283329 105
4336 0.575070 105
4337 1.041107 105
4338 1.407955 105
4339 3.570081 105
4340 2.169559 105
4341 1.265346 105
4342 1.690491 105
4343 1.075060 105
4344 0.000000 105
4345 0.000000 105
4346 0.000000 105
4347 0.000000 105
4348 0.000000 105
4349 0.000000 105
4350 0.000000 104
4351 1.641992 104
4352 0.507833 104
4353 1.998527 104
4354 1.558916 104
4355 1.084165 104
4356 2.778069 104
4357 1.983659 104
4358 0.854743 104
4359 0.532067 104
4360 99.290252 104
4361 105.036611 104
4362 99.305231 104
4363 99.257125 104
4364 103.614043 104
4365 107.589244 104
4366 97.463305 104
4367 102.691156 104
4368 106.037955 104
4369 105.782719 104
4370 103.543358 104
4371 102.889289 104
4372 103.326587 104
4373 100.928613 104
4374 101.552621 104
4375 100.639119 104
4376 100.655199 104
4377 93.666353 104
4378 106.078881 104
4379 3.899604 104
4380 7.040516 104
4381 17.614384 104
4382 8.520334 104
4383 15.162829 104
4384 5.640175 104
4385 5.568161 104
4386 8.488286 104
4387 6.216529 104
4388 339.008508 104
4389 2.290823 104
4390 4.729193 104
4391 11.413368 102
4392 72.989730 104
4393 10.817774 104
4394 2.953849 104
4395 6.099664 104
4396 5.010938 104
4397 7.514483 104
4398 6.325835 104
4399 6.206245 104
4400 2.100054 87
4401 4.228676 87
4402 5.296926 87
4403 6.198072 87
4404 4.996083 87
4405 6.137872 87
4406 3.354025 87
4407 3.220757 87
4408 3.348554 87
4409 4.038747 87
4410 3.320616 87
4411 2.887468 87
4412 3.731386 87
4413 1.934085 87
4414 20.810849 87
4415 4.462103 87
4416 97.044035 87
4417 0.580523 87
4418 11.920929 87
4419 28.863146 87
4420 1.909386 87
4421 0.979390 87
4422 26.468613 87
4423 23.428775 87
4424 2.422400 87
4425 1.624404 87
4426 18.584690 87
4427 41.110154 87
4428 2.553953 87
4429 10.014829 87
4430 2.848990 87
4431 2.325901 87
4432 53.665557 87
4433 8.199870 87
4434 2.084884 87
4435 44.433184 87
4436 2.625867 87
4437 1.968172 87
4438 40.395118 87
4439 45.160981 87
4440 3.985563 87
4441 1.829154 87
4442 38.233432 87
4443 4.382467 87
4444 54.974400 87
4445 0.751992 87
4446 11.971114 87
4447 2.153276 87
4448 45.570233 87
4449 1.024184 87
4450 6.329877 101
4451 30.503470 101
4452 1.858925 101
4453 2.140014 101
4454 0.909158 101
4455 1.819501 101
4456 1.781588 101
4457 4.926999 101
4458 2.279642 101
4459 5.094615 101
4460 4.903573 101
4461 11.497302 101
4462 3.046175 101
4463 5.426740 101
4464 1.418551 101
4465 3.493733 101
4466 3.329733 101
4467 2.720451 101
4468 2.911147 101
4469 6.682930 101
4470 1.143694 101
4471 2.710628 101
4472 4.781901 101
4473 20.966676 101
4474 45.175959 101
4475 2.975800 101
4476 6.608455 101
4477 13.893905 101
4478 1.797996 101
4479 1.812700 101
4480 8.489861 101
4481 1.355822 101
4482 1.412224 101
4483 0.002574 101
4484 2.233336 101
4485 2.478279 101
4486 2.657239 101
4487 3.854950 101
4488 2.985580 101
4489 2.066327 101
4490 3.302059 101
4491 4.121643 101
4492 20.000765 101
4493 4.042943 101
4494 3.001036 101
4495 0.525337 101
4496 5.601968 101
4497 3.425252 101
4498 3.612958 101
4499 16.759168 101
