0 0.462858 118
1 1.821006 118
2 2.260427 118
3 1.036619 118
4 1.039036 118
5 0.000000 118
6 0.573761 118
7 13.983935 118
8 0.641330 118
9 0.586388 118
10 0.573272 118
11 0.642018 118
12 17.171188 118
13 1.718484 118
14 0.000000 118
15 0.694202 118
16 1.573513 118
17 1.584495 118
18 0.708681 118
19 1.397987 118
20 1.447083 118
21 0.502554 118
22 1.169548 118
23 0.595750 118
24 0.951558 118
25 0.961889 118
26 1.046492 118
27 5.585919 118
28 0.863216 118
29 0.847465 118
30 1.584929 118
31 0.894273 118
32 0.453107 118
33 1.252918 118
34 1.289871 118
35 0.767717 118
36 1.311433 118
37 0.506077 118
38 1.040703 118
39 1.002326 118
40 1.208712 118
41 1.081684 118
42 0.972290 118
43 0.905051 118
44 1.577753 118
45 0.750007 118
46 1.399866 118
47 2.342546 118
48 4.465049 118
49 0.881433 118
50 0.458487 118
51 0.600925 118
52 0.677132 118
53 0.710749 118
54 0.322197 118
55 0.311928 118
56 0.574083 118
57 0.544219 118
58 0.420064 118
59 0.000000 118
60 0.069492 118
61 3.087609 118
62 0.598966 118
63 0.646512 118
64 0.606074 118
65 0.833053 118
66 0.472170 118
67 0.710986 118
68 2.285394 118
69 1.849209 118
70 4.253332 118
71 4.387049 118
72 4.690157 118
73 1.052369 118
74 2.122196 118
75 2.127730 118
76 2.338450 118
77 3.181961 118
78 2.926987 118
79 2.835478 118
80 2.840427 118
81 2.092489 118
82 2.084217 118
83 0.915232 118
84 1.026088 118
85 1.159655 118
86 2.250871 118
87 3.832163 118
88 2.359224 118
89 0.095020 118
90 0.000000 118
91 0.323550 118
92 2.180878 118
93 1.900940 118
94 6.513678 118
95 0.000000 118
96 0.252465 118
97 2.692395 118
98 5.268001 118
99 5.739078 118
100 2.382717 96
101 4.755840 96
102 4.156868 96
103 4.594658 96
104 1.446904 96
105 3.460239 96
106 3.419397 96
107 1.963173 96
108 4.446263 95
109 0.716902 96
110 4.345021 96
111 26.369612 96
112 40.285972 96
113 1.681413 96
114 3.817484 96
115 4.111098 96
116 1.371119 96
117 1.637287 96
118 3.853076 96
119 4.310533 96
120 1.726589 96
121 1.629097 96
122 20.184361 96
123 1.789167 96
124 0.872720 96
125 2.601982 96
126 6.058352 96
127 3.491225 96
128 1.228561 96
129 25.419441 96
130 1.297386 96
131 1.394295 96
132 1.447175 96
133 0.380092 96
134 0.972102 96
135 1.221213 96
136 8.242364 96
137 1.224126 96
138 1.950066 96
139 2.016051 96
140 20.650486 96
141 1.091707 96
142 3.128735 96
143 0.902899 96
144 0.563160 96
145 1.167728 96
146 3.550662 96
147 1.401215 96
148 0.911540 96
149 1.992701 96
150 0.880867 107
151 1.895217 107
152 1.551870 107
153 0.397833 107
154 0.818081 107
155 1.459743 107
156 2.191957 107
157 0.611726 107
158 1.005844 107
159 1.387733 107
160 27.286544 107
161 0.724776 107
162 0.765395 107
163 0.938447 107
164 4.052345 107
165 3.460752 107
166 3.686066 107
167 1.691977 107
168 3.981326 107
169 0.000000 107
170 0.000000 107
171 31.878251 107
172 1.797824 107
173 3.026076 107
174 3.413500 107
175 4.626176 107
176 6.247413 107
177 7.966071 107
178 6.393675 107
179 0.065438 107
180 1.137023 107
181 7.323444 107
182 7.792382 107
183 8.128253 107
184 8.258499 107
185 8.609578 107
186 8.357035 107
187 0.094896 107
188 1.860370 107
189 7.834934 107
190 8.790993 107
191 0.105836 107
192 1.875136 107
193 9.193853 107
194 9.825196 107
195 0.106449 107
196 1.802967 107
197 9.677913 107
198 9.397190 107
199 9.462844 107
200 0.106699 102
201 2.244091 102
202 3.191754 102
203 3.534569 102
204 3.526735 102
205 3.483651 102
206 3.958043 102
207 3.696404 102
208 0.107876 102
209 1.382367 102
210 4.219735 102
211 4.566812 102
212 4.456416 102
213 5.206239 102
214 5.424886 102
215 5.548114 102
216 5.728504 102
217 6.187365 102
218 6.720274 102
219 6.648605 102
220 6.740370 102
221 7.049269 102
222 6.987086 102
223 7.180933 102
224 7.464242 102
225 6.787260 102
226 6.593464 102
227 0.130322 102
228 2.000519 102
229 7.135562 102
230 7.230441 102
231 0.116069 102
232 2.160590 102
233 7.471872 102
234 7.487712 102
235 7.131619 102
236 7.595051 102
237 7.323927 102
238 7.334526 102
239 7.180023 102
240 7.662355 102
241 7.400300 102
242 7.281244 102
243 7.495224 102
244 7.299484 102
245 7.624667 102
246 7.893599 102
247 0.121916 102
248 1.998659 102
249 7.731467 102
250 0.322893 107
251 2.852178 107
252 4.532663 107
253 0.132199 107
254 1.797148 107
255 5.863070 107
256 5.052074 107
257 5.756008 107
258 5.382427 107
259 5.824439 107
260 5.867173 107
261 6.245179 107
262 6.355745 107
263 6.874773 107
264 8.444437 107
265 7.650976 107
266 6.968187 107
267 6.848560 107
268 8.788718 107
269 8.119424 107
270 7.879966 107
271 0.162206 107
272 0.148776 107
273 0.130879 107
274 0.133245 107
275 0.135635 107
276 2.515681 106
277 9.262209 106
278 8.889370 106
279 0.148911 106
280 2.053382 106
281 8.729112 106
282 7.434358 106
283 8.102236 106
284 9.190616 106
285 8.809640 106
286 7.666321 106
287 9.118281 106
288 8.926153 106
289 8.898488 106
290 8.812779 106
291 0.151991 106
292 2.071433 106
293 8.800783 106
294 8.723927 106
295 9.067014 106
296 8.621775 106
297 9.587769 106
298 8.907731 106
299 8.348392 106
300 0.338045 108
301 3.786159 108
302 4.045327 108
303 4.550482 108
304 5.894377 108
305 3.750633 108
306 4.612307 108
307 4.802015 108
308 3.950569 108
309 4.406420 108
310 5.892917 108
311 6.154098 108
312 5.752516 108
313 5.635969 108
314 6.553690 108
315 6.242146 108
316 7.008289 108
317 7.328104 108
318 7.590215 108
319 7.662472 108
320 8.138934 108
321 8.022908 108
322 8.146145 108
323 8.648281 108
324 8.326888 108
325 8.188020 108
326 8.586554 108
327 7.999325 108
328 8.369854 108
329 8.564989 108
330 8.799983 108
331 8.752540 108
332 8.385618 108
333 7.523392 108
334 8.538503 108
335 8.521263 108
336 8.179575 108
337 8.744578 108
338 0.154244 108
339 2.430405 108
340 9.221023 108
341 8.937834 108
342 7.892983 108
343 7.615668 108
344 8.802368 108
345 7.904686 108
346 7.330148 108
347 8.835044 108
348 8.732502 108
349 8.903562 108
350 0.070272 115
351 1.043133 115
352 3.877813 115
353 4.449861 115
354 4.302274 115
355 0.107754 115
356 0.100061 115
357 0.083598 115
358 0.071025 115
359 1.328696 115
360 5.712928 115
361 5.598544 115
362 0.090430 115
363 2.182398 115
364 0.086927 115
365 1.654598 115
366 0.089077 115
367 0.090134 115
368 2.013434 115
369 7.686015 115
370 0.103744 115
371 0.096619 115
372 0.101123 115
373 2.043685 115
374 0.107612 115
375 2.780253 115
376 8.717689 115
377 8.229876 115
378 0.113280 115
379 0.109271 115
380 2.158661 115
381 8.138958 115
382 8.924445 115
383 0.123435 115
384 0.119195 115
385 1.985500 115
386 8.712359 115
387 8.923920 115
388 0.140003 115
389 0.136837 115
390 0.149307 115
391 0.156444 115
392 2.575620 115
393 8.948361 115
394 0.186155 115
395 0.210309 115
396 2.850227 115
397 0.249722 115
398 0.267808 115
399 0.312895 115
400 0.408650 108
401 4.166204 108
402 4.630817 108
403 5.163597 108
404 0.130977 108
405 0.115543 108
406 0.096934 108
407 0.090354 108
408 1.949365 108
409 0.083787 108
410 0.000000 108
411 0.000000 108
412 0.000000 108
413 0.000000 108
414 0.000000 108
415 0.000000 108
416 0.000000 108
417 0.000000 108
418 0.000000 108
419 0.000000 108
420 0.000000 108
421 0.000000 108
422 0.000000 107
423 0.000000 107
424 0.000000 107
425 0.000000 107
426 0.000000 107
427 0.000000 107
428 0.000000 107
429 0.000000 107
430 0.000000 107
431 0.000000 107
432 0.000000 107
433 0.000000 107
434 0.000000 107
435 0.000000 107
436 0.000000 107
437 0.000000 107
438 0.000000 107
439 0.000000 107
440 0.000000 107
441 0.000000 107
442 0.000000 107
443 0.000000 107
444 0.000000 107
445 0.000000 107
446 0.000000 107
447 0.000000 107
448 0.000000 107
449 0.000000 107
450 0.000000 110
451 0.000000 110
452 0.000000 110
453 0.000000 110
454 0.000000 110
455 0.000000 110
456 0.000000 110
457 0.000000 110
458 0.000000 110
459 0.006505 110
460 12.509742 110
461 1.844581 110
462 6.040100 110
463 5.012800 110
464 5.417069 110
465 8.642805 110
466 1.596461 110
467 2.559654 110
468 5.563613 110
469 12.872506 110
470 1.892658 110
471 1.628008 110
472 1.453633 110
473 2.338944 110
474 3.532576 110
475 1.576084 110
476 1.527757 110
477 1.575660 110
478 1.763923 110
479 1.638783 110
480 4.516064 110
481 1.911212 110
482 0.001605 110
483 3.781317 110
484 8.326371 110
485 5.892012 110
486 3.291437 110
487 6.542950 110
488 7.012935 110
489 3.097308 110
490 4.428629 110
491 8.764740 110
492 8.957803 110
493 1.778558 110
494 3.944140 110
495 4.152613 110
496 1.688606 110
497 7.607660 110
498 5.603572 110
499 0.000000 110
500 0.000000 117
501 4.061287 117
502 12.926971 117
503 5.774894 117
504 1.276889 117
505 1.617846 117
506 1.674131 117
507 1.716374 117
508 0.809092 117
509 4.015750 117
510 22.472128 117
511 0.842135 117
512 1.643550 117
513 0.843417 117
514 0.787515 117
515 3.140491 117
516 1.704629 117
517 1.432850 117
518 3.279169 117
519 3.324951 117
520 2.718715 117
521 2.557544 117
522 4.340648 117
523 12.693868 117
524 1.896006 117
525 3.069840 117
526 7.097854 117
527 14.954677 117
528 1.406979 117
529 2.725850 117
530 0.844701 117
531 1.715681 117
532 1.651567 117
533 2.444636 117
534 5.508696 117
535 2.780507 117
536 4.133784 117
537 2.126054 117
538 1.785192 117
539 4.664310 117
540 5.606798 117
541 3.319299 117
542 2.123545 117
543 0.363590 117
544 0.653628 117
545 1.808392 117
546 0.000000 117
547 1.543124 117
548 0.695778 117
549 9.282333 117
550 9.866120 105
551 67.831274 105
552 13.828360 105
553 1.704806 105
554 0.967545 105
555 0.993697 105
556 1.159350 105
557 14.894675 105
558 0.841793 105
559 73.692810 105
560 1.039622 105
561 18.449337 105
562 5.270082 105
563 3.134973 105
564 1.305307 105
565 35.701516 105
566 1.372021 105
567 146.811728 105
568 2.244141 105
569 0.312204 105
570 0.792160 105
571 0.465440 105
572 1.109892 105
573 1.079019 105
574 1.091185 105
575 1.093990 105
576 1.080830 105
577 1.515937 105
578 0.972728 105
579 1.735305 105
580 1.475048 105
581 1.420474 105
582 1.432265 105
583 1.319701 105
584 1.457364 105
585 1.452988 105
586 0.432657 105
587 0.597145 105
588 0.548220 105
589 1.632381 105
590 0.931228 105
591 0.473948 105
592 0.000000 105
593 0.344976 105
594 0.757939 105
595 0.930961 105
596 0.954960 105
597 0.871106 105
598 0.348869 105
599 0.771621 105
600 0.391384 115
601 0.867024 115
602 0.813405 115
603 0.254929 115
604 0.719800 115
605 0.867856 115
606 0.782918 115
607 0.868025 115
608 2.698956 115
609 0.378042 115
610 0.812651 115
611 0.303338 115
612 0.692784 115
613 0.794117 115
614 0.895018 115
615 0.918250 115
616 1.781267 115
617 2.381406 115
618 0.254313 115
619 1.180975 115
620 0.792928 115
621 0.282512 115
622 11.802395 115
623 9.301634 115
624 0.000000 115
625 0.675034 115
626 0.126874 115
627 0.171076 115
628 0.165789 115
629 0.159674 115
630 0.566533 115
631 0.403484 115
632 2.991360 115
633 2.970525 115
634 0.563464 115
635 0.730289 115
636 0.494557 115
637 0.490764 115
638 0.399454 115
639 0.600751 115
640 0.476103 115
641 0.591877 115
642 0.386970 115
643 0.431699 115
644 0.273612 115
645 0.550787 115
646 0.453229 115
647 0.545424 115
648 0.427408 115
649 1.532751 115
650 0.231958 111
651 0.554156 111
652 1.352335 111
653 0.441943 111
654 0.262020 111
655 3.596003 111
656 0.923037 111
657 0.442313 111
658 0.409093 111
659 0.117123 111
660 0.951887 111
661 0.369183 111
662 0.858959 111
663 0.610328 111
664 0.616228 111
665 0.352174 111
666 0.332961 111
667 0.580564 111
668 1.555394 111
669 0.341322 111
670 1.196525 111
671 0.604714 111
672 0.430925 111
673 0.535437 111
674 0.348211 111
675 0.000000 111
676 0.000000 111
677 0.461897 111
678 2.339238 111
679 0.000000 111
680 0.318125 111
681 4.373416 111
682 1.374401 111
683 0.003807 111
684 0.535934 111
685 0.703884 111
686 0.336115 111
687 0.309144 111
688 0.459433 111
689 0.943254 111
690 0.640375 111
691 0.289496 111
692 0.271805 111
693 0.608952 111
694 0.528730 111
695 0.414458 111
696 0.466018 111
697 194.436115 111
698 0.267134 111
699 0.580161 111
700 0.560216 102
701 1.871710 102
702 0.331491 102
703 0.935951 102
704 0.558050 102
705 0.188713 102
706 0.342690 102
707 0.390261 102
708 0.331121 102
709 0.488173 102
710 0.630422 102
711 0.303908 102
712 0.575683 102
713 0.455508 102
714 6.477644 102
715 4.538160 102
716 9.719883 102
717 6.104135 102
718 0.578328 102
719 0.929043 102
720 0.306111 102
721 0.307705 102
722 0.511968 102
723 0.391939 102
724 0.454373 102
725 0.233080 102
726 0.278308 102
727 0.243064 102
728 0.271021 102
729 0.592963 102
730 0.867621 102
731 0.725757 102
732 0.448054 102
733 1.070133 102
734 0.471797 102
735 1.324532 102
736 3.214775 102
737 0.601708 102
738 42.744999 102
739 79.906619 102
740 82.161180 102
741 1.071611 102
742 2.153612 102
743 2.245022 102
744 1.133633 102
745 2.969868 102
746 1.063836 102
747 2.483113 102
748 2.866342 102
749 1.612299 102
750 8.509788 101
751 1.801378 101
752 0.957414 101
753 2.321813 101
754 1.446289 101
755 14.227605 101
756 11.504804 101
757 61.345879 101
758 0.873964 101
759 11.017221 101
760 1.215133 101
761 18.459973 101
762 0.556967 101
763 3.594674 101
764 4.619718 101
765 1.478507 101
766 0.784872 101
767 3.793830 101
768 1.409702 101
769 0.807743 101
770 5.004351 101
771 0.532902 101
772 0.389149 101
773 0.305184 101
774 0.905313 101
775 2.037644 101
776 0.000000 101
777 1.635829 101
778 1.050949 101
779 0.762255 101
780 1.587387 101
781 2.467496 101
782 5.261606 101
783 0.840663 101
784 1.354810 101
785 1.194814 101
786 3.084135 101
787 1.207370 101
788 2.650943 101
789 0.605826 101
790 0.786362 101
791 51.919049 101
792 2.030822 101
793 1.252068 101
794 1.068774 101
795 1.066116 101
796 1.040254 101
797 0.766183 101
798 0.781922 101
799 1.027144 101
800 39.925039 114
801 3.461365 114
802 1.440937 114
803 14.255684 114
804 0.772869 114
805 1.228316 114
806 16.628015 114
807 1.673035 114
808 1.540568 114
809 5.038273 114
810 7.305816 113
811 1.745261 114
812 1.254692 114
813 4.149511 114
814 2.600842 114
815 0.821754 114
816 9.478568 114
817 5.331262 114
818 3.407839 114
819 2.541114 114
820 2.262019 114
821 2.622337 114
822 1.471516 114
823 1.336038 114
824 0.016884 114
825 4.141872 114
826 1.313253 114
827 4.906556 114
828 1.665515 114
829 7.368619 114
830 16.850683 114
831 10.894383 114
832 64.253903 114
833 1.304754 114
834 1.465270 114
835 1.120427 114
836 1.134023 114
837 1.007028 114
838 1.483377 114
839 8.294754 114
840 18.197682 114
841 0.248119 114
842 2.543901 114
843 2.152180 114
844 1.549152 114
845 2.272942 114
846 178.679953 114
847 1.490768 114
848 2.264566 114
849 1.323375 114
850 31.618319 111
851 0.999318 111
852 2.404880 111
853 1.980413 111
854 2.061391 111
855 5.006065 111
856 3.984834 111
857 1.966658 111
858 3.978963 111
859 3.276888 111
860 2.601691 111
861 3.416633 111
862 1.054860 111
863 1.647854 111
864 1.553035 111
865 1.609513 111
866 0.000000 111
867 0.067445 111
868 0.000000 111
869 0.000000 111
870 0.048203 111
871 0.000000 111
872 0.029595 111
873 0.000000 111
874 0.000000 111
875 0.000000 111
876 0.000000 111
877 0.000000 111
878 0.000000 111
879 0.000000 111
880 0.000000 111
881 0.000000 111
882 0.000000 111
883 0.000000 111
884 0.000000 111
885 0.000000 111
886 0.000000 111
887 0.000000 111
888 0.000000 111
889 0.000000 111
890 0.000000 111
891 0.000000 111
892 0.204387 111
893 0.001698 111
894 0.200961 111
895 1.530746 111
896 5.450268 111
897 5.111243 111
898 2.626078 111
899 5.422559 111
900 1.659725 106
901 0.488995 106
902 10.209442 106
903 20.433315 106
904 20.186730 106
905 6.576660 106
906 3.029033 106
907 3.311921 106
908 7.411638 106
909 3.548434 106
910 3.197896 106
911 7.493237 106
912 3.317705 106
913 3.372537 106
914 1.344315 106
915 3.272386 106
916 2.409829 106
917 0.000000 106
918 0.000000 106
919 0.000000 106
920 0.000000 106
921 0.000000 106
922 0.000000 106
923 0.000000 106
924 0.000000 106
925 0.000000 106
926 0.000000 106
927 0.000000 106
928 0.000000 106
929 0.000000 106
930 0.000000 106
931 3.391068 106
932 3.804018 106
933 2.736569 106
934 4.996443 106
935 6.137814 106
936 13.171242 106
937 5.045928 106
938 4.242208 106
939 1.168368 106
940 4.112831 106
941 3.920654 106
942 4.016871 106
943 4.587062 106
944 2.204033 106
945 1.494966 106
946 1.950466 106
947 2.746642 106
948 2.080490 106
949 4.914592 105
950 2.230820 105
951 39.056989 105
952 1.941912 105
953 2.343777 105
954 1.851560 105
955 2.886239 105
956 1.508388 105
957 3.490225 105
958 4.404953 105
959 4.252616 105
960 1.555367 105
961 4.236916 105
962 3.266716 105
963 4.401874 105
964 1.584038 105
965 3.052944 105
966 3.635294 105
967 18.415699 105
968 28.630067 105
969 27.165353 105
970 28.119168 105
971 31.680515 105
972 2.543596 105
973 2.215362 105
974 2.482218 105
975 4.795854 105
976 1.690209 105
977 1.195761 105
978 2.668208 105
979 1.324198 105
980 1.275310 105
981 13.546671 105
982 1.813974 105
983 1.765890 105
984 2.419514 105
985 7.070832 105
986 1.618240 105
987 4.712429 105
988 1.784756 105
989 0.002462 105
990 2.125309 105
991 1.488884 105
992 1.988138 105
993 2.212332 105
994 0.960094 105
995 1.294045 105
996 1.700194 105
997 2.946402 105
998 3.682137 105
999 0.731023 105
1000 1.327660 85
1001 1.717929 85
1002 0.747328 85
1003 2.453825 85
1004 1.097195 85
1005 1.168726 85
1006 4.743342 85
1007 0.393042 85
1008 0.985967 85
1009 1.222480 85
1010 1.438671 85
1011 1.058096 85
1012 5.219105 85
1013 14.588510 85
1014 1.789381 85
1015 1.536698 85
1016 4.268534 85
1017 6.391575 85
1018 6.469313 85
1019 6.206839 85
1020 6.562069 85
1021 6.903830 85
1022 6.567000 85
1023 6.254289 85
1024 6.490623 85
1025 6.663419 85
1026 6.238796 85
1027 5.851337 85
1028 6.375063 85
1029 6.093984 85
1030 7.091395 85
1031 6.588938 85
1032 1.643491 85
1033 3.609146 85
1034 3.584367 85
1035 1.943623 85
1036 4.809582 85
1037 1.588384 85
1038 4.092868 85
1039 2.743057 85
1040 1.772617 85
1041 4.924975 85
1042 2.662321 85
1043 0.300379 85
1044 3.449216 85
1045 4.072559 85
1046 0.745343 85
1047 1.456315 85
1048 1.555066 85
1049 3.580495 85
1050 7.463685 105
1051 8.234802 105
1052 9.057076 105
1053 2.267126 105
1054 5.156721 105
1055 2.477093 105
1056 5.567636 105
1057 6.135629 105
1058 2.597626 105
1059 6.529609 105
1060 6.837910 105
1061 26.325178 105
1062 108.340921 105
1063 144.594313 105
1064 191.599104 105
1065 79.162664 105
1066 248.810558 105
1067 41.983543 105
1068 142.105756 105
1069 78.281290 105
1070 70.111897 105
1071 190.761991 105
1072 101.100359 105
1073 160.902386 105
1074 46.667336 105
1075 75.563323 105
1076 155.675857 105
1077 107.598677 105
1078 191.552791 105
1079 250.512359 105
1080 76.889313 105
1081 82.804117 105
1082 191.385855 105
1083 162.855758 105
1084 147.102365 105
1085 45.496742 105
1086 95.494669 105
1087 0.382651 105
1088 0.802532 105
1089 0.651182 105
1090 0.421377 105
1091 0.791837 105
1092 0.595177 105
1093 0.437353 105
1094 2.132916 105
1095 1.198929 105
1096 3.047439 105
1097 4.378678 105
1098 4.693611 105
1099 6.963652 105
1100 2.180458 121
1101 1.284879 121
1102 260.785740 121
1103 0.983509 121
1104 0.948277 121
1105 0.954251 121
1106 0.917724 121
1107 1.029525 121
1108 1.777501 121
1109 5.025055 121
1110 7.212332 121
1111 5.638599 121
1112 0.060264 121
1113 21.838945 121
1114 1.116705 121
1115 1.163944 121
1116 1.181880 121
1117 2.783100 121
1118 2.586896 121
1119 1.868605 121
1120 3.496655 121
1121 3.358786 121
1122 0.506012 121
1123 1.280417 121
1124 1.277789 121
1125 0.375854 121
1126 2.555353 121
1127 5.845146 121
1128 5.770844 121
1129 2.160557 121
1130 2.216609 121
1131 2.300761 121
1132 1.159209 121
1133 2.235357 121
1134 3.261581 121
1135 10.126779 121
1136 65.614519 121
1137 2.094240 121
1138 6.046794 121
1139 0.313355 121
1140 0.974064 121
1141 0.734712 121
1142 0.000000 121
1143 0.564958 121
1144 0.778125 121
1145 5.453469 121
1146 10.244955 121
1147 64.328914 121
1148 7.692405 121
1149 2.957676 121
1150 2.167059 110
1151 5.713253 110
1152 4.966463 108
1153 2.227918 110
1154 2.651100 110
1155 2.560079 110
1156 1.753450 110
1157 4.349214 110
1158 1.358461 110
1159 2.873884 110
1160 14.869598 110
1161 44.573742 110
1162 6.852367 110
1163 22.386651 110
1164 6.613515 110
1165 3.428044 110
1166 2.699610 110
1167 0.755174 110
1168 1.592673 110
1169 5.506387 110
1170 0.437276 110
1171 1.317845 110
1172 0.548924 110
1173 0.951973 110
1174 0.578686 110
1175 0.979005 110
1176 0.554399 110
1177 1.304522 110
1178 0.510459 110
1179 1.000722 110
1180 0.584568 110
1181 0.989615 110
1182 1.280197 110
1183 1.510997 110
1184 6.224608 110
1185 14.805533 110
1186 0.939302 110
1187 1.853154 110
1188 0.052847 110
1189 0.150927 110
1190 7.222873 110
1191 8.688011 110
1192 43.889956 110
1193 2.160785 110
1194 4.996034 110
1195 3.554929 110
1196 7.560277 110
1197 4.574347 110
1198 2.810770 110
1199 3.970836 110
1200 16.737249 113
1201 45.080711 113
1202 1.311620 113
1203 6.237318 113
1204 0.000000 113
1205 3.303573 113
1206 11.378608 113
1207 5.873411 113
1208 0.850214 113
1209 3.142943 113
1210 0.250852 113
1211 34.945780 113
1212 14.794339 113
1213 8.575476 113
1214 5.234776 113
1215 0.378178 113
1216 1.251144 113
1217 1.416143 113
1218 4.205779 113
1219 1.698176 113
1220 1.056800 113
1221 1.144232 113
1222 1.582469 113
1223 3.341177 113
1224 5.136102 113
1225 1.835072 113
1226 1.521886 113
1227 21.563310 113
1228 2.453532 113
1229 2.532762 113
1230 39.417520 113
1231 1.688854 113
1232 4.064617 113
1233 2.187320 113
1234 4.915939 113
1235 34.436509 113
1236 0.566531 113
1237 1.051189 113
1238 2.988440 113
1239 1.387335 113
1240 2.718115 113
1241 3.124530 113
1242 1.393626 113
1243 0.000000 113
1244 2.556631 113
1245 8.840691 113
1246 58.937081 113
1247 1.143254 113
1248 0.515564 113
1249 0.600798 113
1250 26.027423 113
1251 1.519697 113
1252 4.616079 113
1253 5.276529 113
1254 19.393231 113
1255 4.535456 113
1256 1.223473 113
1257 4.113458 113
1258 2.378875 113
1259 0.511694 113
1260 3.226813 113
1261 1.465599 113
1262 5.603508 113
1263 6.273401 113
1264 0.957792 113
1265 0.871405 113
1266 2.402117 113
1267 1.785197 113
1268 15.361962 113
1269 2.280951 113
1270 2.995052 113
1271 6.380812 113
1272 6.983003 113
1273 6.145022 113
1274 7.085760 113
1275 6.786980 113
1276 7.054595 113
1277 5.087533 113
1278 1.251969 113
1279 0.403599 113
1280 0.599054 113
1281 0.789866 113
1282 0.000000 113
1283 0.583750 113
1284 0.641019 113
1285 7.347231 113
1286 4.778379 113
1287 16.996219 113
1288 2.093392 113
1289 4.523390 113
1290 0.165231 113
1291 17.647095 113
1292 17.910401 113
1293 1.652674 113
1294 1.952001 113
1295 15.346882 113
1296 1.943815 113
1297 1.743552 113
1298 455.055983 113
1299 0.000000 113
1300 0.557011 110
1301 1.147257 110
1302 1.084980 110
1303 0.472320 110
1304 1.272442 110
1305 0.411834 110
1306 3.371514 110
1307 0.469326 110
1308 1.038017 110
1309 1.086597 110
1310 0.951738 110
1311 2.616687 110
1312 2.765713 110
1313 2.164867 110
1314 7.491690 110
1315 0.841249 110
1316 1.945881 110
1317 1.265355 110
1318 0.730374 110
1319 1.988111 110
1320 1.147348 110
1321 3.243014 110
1322 0.199809 110
1323 0.913602 110
1324 1.149410 110
1325 1.272681 110
1326 1.369282 110
1327 0.017629 110
1328 1.511084 110
1329 0.159291 110
1330 26.303108 110
1331 1.097316 110
1332 2.188007 110
1333 0.978456 110
1334 1.002695 110
1335 0.970304 110
1336 1.107654 110
1337 1.302737 110
1338 1.187566 110
1339 1.363601 110
1340 1.590783 110
1341 1.524161 110
1342 1.779116 110
1343 1.841188 110
1344 1.817539 110
1345 1.763705 110
1346 1.923887 110
1347 2.031369 110
1348 2.103893 110
1349 2.234179 110
1350 1.016530 100
1351 1.782246 100
1352 1.626284 100
1353 1.626114 100
1354 1.789573 100
1355 1.762230 100
1356 1.770570 100
1357 1.829933 100
1358 1.848082 100
1359 1.988087 100
1360 1.864427 100
1361 1.572903 100
1362 1.834398 100
1363 1.739738 100
1364 3.000664 100
1365 1.889511 100
1366 2.020643 100
1367 2.206560 100
1368 2.064226 100
1369 2.002454 100
1370 2.146099 100
1371 2.199326 100
1372 1.932443 100
1373 2.055474 100
1374 1.996862 100
1375 1.980061 100
1376 2.054588 100
1377 2.299976 100
1378 2.035098 100
1379 2.217512 100
1380 2.409115 100
1381 2.335151 100
1382 2.343355 100
1383 2.198086 100
1384 2.084830 100
1385 2.395655 100
1386 19.330183 100
1387 89.422907 100
1388 59.950780 100
1389 52.786228 100
1390 56.491849 100
1391 107.853928 100
1392 133.735039 100
1393 292.486843 100
1394 113.564961 100
1395 140.627352 100
1396 32.357840 100
1397 79.628484 100
1398 54.531394 100
1399 118.968119 100
1400 17.489203 98
1401 71.758584 98
1402 43.029588 98
1403 49.241978 98
1404 55.009280 98
1405 97.298415 98
1406 46.596503 98
1407 209.329069 98
1408 39.562347 98
1409 63.627823 98
1410 77.466836 98
1411 82.704049 98
1412 43.639179 98
1413 113.506138 98
1414 109.604248 98
1415 41.744401 98
1416 98.813348 98
1417 15.440379 98
1418 71.037686 98
1419 80.015062 98
1420 109.056981 98
1421 45.851378 98
1422 43.745631 98
1423 26.135209 98
1424 216.892346 98
1425 91.719520 98
1426 44.467832 98
1427 94.424874 98
1428 52.930462 98
1429 98.297699 98
1430 62.269997 98
1431 49.583268 98
1432 117.500349 98
1433 0.844765 98
1434 1.988216 98
1435 0.000000 98
1436 0.033469 98
1437 0.000000 98
1438 0.000000 98
1439 0.000000 98
1440 0.193633 98
1441 3.654619 98
1442 3.285011 98
1443 0.199112 98
1444 1.164477 98
1445 2.375284 98
1446 18.889459 98
1447 1.275369 98
1448 1.181439 98
1449 1.284689 98
1450 1.793741 92
1451 2.581307 92
1452 3.221865 92
1453 3.409837 92
1454 0.003581 92
1455 0.000000 92
1456 0.000000 92
1457 1.696263 92
1458 1.916392 92
1459 2.124560 92
1460 2.153975 92
1461 3.281791 92
1462 1.730825 92
1463 4.019038 92
1464 1.668923 92
1465 0.707276 92
1466 1.936832 92
1467 2.259516 92
1468 2.284020 92
1469 2.267743 92
1470 1.511153 92
1471 1.903314 92
1472 4.658455 92
1473 7.676462 92
1474 2.711770 92
1475 5.044513 92
1476 1.967742 92
1477 4.330142 92
1478 1.256258 92
1479 2.386747 92
1480 0.789792 92
1481 0.628444 92
1482 4.712683 92
1483 1.368189 92
1484 1.796540 92
1485 0.849433 92
1486 5.391212 92
1487 2.683565 92
1488 0.916106 92
1489 2.825679 92
1490 1.341027 92
1491 2.346471 92
1492 3.922285 92
1493 1.775210 92
1494 2.716954 92
1495 30.348067 92
1496 1.928891 92
1497 1.090216 92
1498 1.278353 92
1499 1.054002 92
1500 0.579667 109
1501 1.248983 109
1502 5.509568 109
1503 1.391378 109
1504 1.538595 109
1505 1.323102 109
1506 1.597962 109
1507 1.425925 109
1508 1.543974 109
1509 1.360615 109
1510 1.647780 109
1511 0.753639 109
1512 0.635451 109
1513 1.120285 109
1514 1.545636 109
1515 1.266040 109
1516 1.916711 109
1517 0.543898 109
1518 0.601784 109
1519 10.824410 109
1520 37.252508 109
1521 0.317459 109
1522 0.941377 109
1523 0.547808 109
1524 2.676855 109
1525 1.194392 109
1526 3.073509 109
1527 2.618273 109
1528 0.000000 109
1529 0.000000 109
1530 0.000000 109
1531 0.000000 109
1532 1.179193 109
1533 2.082221 109
1534 2.407811 109
1535 2.272699 109
1536 103.203613 109
1537 0.956398 109
1538 0.934517 109
1539 0.784498 109
1540 0.998895 109
1541 1.004587 109
1542 0.987679 109
1543 1.000272 109
1544 0.996551 109
1545 1.138497 109
1546 1.507267 109
1547 0.000000 109
1548 1.247693 109
1549 2.606037 109
1550 1.562749 121
1551 0.985654 121
1552 0.689312 121
1553 2.182185 121
1554 5.554961 121
1555 0.607711 121
1556 3.173113 121
1557 0.676103 121
1558 1.958252 121
1559 1.636879 121
1560 1.358687 121
1561 1.974241 121
1562 1.422305 121
1563 0.477653 121
1564 1.434801 121
1565 2.999682 121
1566 2.749515 121
1567 3.280790 121
1568 0.680135 121
1569 0.732258 121
1570 0.062417 121
1571 1.942449 121
1572 1.399821 121
1573 1.777745 121
1574 1.423860 121
1575 0.241784 121
1576 10.345858 121
1577 1.171537 121
1578 0.957795 121
1579 1.336437 121
1580 1.612129 121
1581 2.991914 121
1582 2.806672 121
1583 2.966966 121
1584 0.000000 121
1585 0.000000 121
1586 1.395281 121
1587 1.990674 121
1588 0.182094 121
1589 1.698998 121
1590 2.002216 121
1591 1.799369 121
1592 1.655477 121
1593 2.274223 121
1594 1.375668 121
1595 0.025768 121
1596 1.835006 121
1597 1.706772 121
1598 2.482702 121
1599 5.257602 121
1600 2.128960 114
1601 2.100999 114
1602 4.310931 114
1603 4.101590 114
1604 4.518681 114
1605 1.578353 114
1606 4.014855 114
1607 4.039981 114
1608 1.114851 114
1609 3.183834 114
1610 3.423257 114
1611 2.034411 114
1612 4.836275 114
1613 1.524619 114
1614 4.341180 114
1615 2.018359 114
1616 3.989389 114
1617 4.655240 114
1618 4.675329 114
1619 5.212650 114
1620 0.896894 114
1621 11.118376 114
1622 1.746249 114
1623 1.223560 114
1624 1.129444 114
1625 1.900659 114
1626 1.127085 114
1627 1.906756 114
1628 1.162370 114
1629 2.059611 114
1630 29.023139 114
1631 99.060890 114
1632 2.518966 114
1633 1.231525 114
1634 38.023187 114
1635 1.268732 114
1636 0.000375 114
1637 0.000000 114
1638 0.000000 114
1639 5.468518 114
1640 1.118456 114
1641 1.101623 114
1642 2.373095 114
1643 5.418003 114
1644 3.157474 114
1645 7.050286 114
1646 1.483438 114
1647 3.121025 114
1648 0.458227 114
1649 1.338388 114
1650 2.011025 103
1651 2.712351 103
1652 1.969131 103
1653 1.236983 103
1654 40.239342 103
1655 10.077267 103
1656 1.953184 103
1657 1.861666 103
1658 1.170396 103
1659 1.265178 103
1660 1.633871 103
1661 2.793789 103
1662 2.199390 103
1663 2.211164 103
1664 0.252368 103
1665 1.582935 103
1666 1.687869 103
1667 0.622023 103
1668 1.252014 103
1669 1.612954 103
1670 0.542956 103
1671 1.457576 103
1672 0.059125 103
1673 0.021985 103
1674 0.014452 103
1675 0.012955 103
1676 0.013156 103
1677 0.011957 103
1678 0.017447 103
1679 0.284502 103
1680 0.023600 103
1681 0.363677 103
1682 1.962433 103
1683 4.596770 103
1684 4.598563 103
1685 0.518545 103
1686 0.707028 103
1687 3.775594 103
1688 2.021564 103
1689 0.927123 103
1690 97.704099 103
1691 1.878973 103
1692 101.169624 103
1693 0.633196 103
1694 1.697367 103
1695 3.908094 103
1696 1.731814 103
1697 3.833936 103
1698 1.362530 103
1699 3.711188 103
1700 1.223432 98
1701 2.828314 98
1702 2.691010 98
1703 0.737079 98
1704 0.777975 98
1705 2.219121 98
1706 5.188320 98
1707 5.349476 98
1708 3.883852 98
1709 3.757692 98
1710 11.110150 97
1711 32.780743 97
1712 31.917430 97
1713 31.411024 97
1714 1.006574 97
1715 1.514304 97
1716 0.721365 97
1717 2.061280 97
1718 9.317298 97
1719 1.224747 97
1720 0.895676 97
1721 0.888516 97
1722 1.219602 97
1723 3.971041 97
1724 1.328275 97
1725 0.889268 97
1726 46.337070 97
1727 10.584593 97
1728 19.466567 97
1729 0.794922 97
1730 0.864020 97
1731 1.381311 97
1732 3.419488 97
1733 32.612525 97
1734 1.387147 97
1735 1.165199 97
1736 1.381997 97
1737 2.112117 97
1738 1.489650 97
1739 0.156430 97
1740 1.073200 97
1741 0.861133 97
1742 153.212394 97
1743 3.467747 97
1744 2.156597 97
1745 1.358260 97
1746 1.227468 97
1747 28.680665 97
1748 0.179036 97
1749 7.432068 97
1750 3.335797 122
1751 2.402174 122
1752 0.861952 122
1753 1.554239 122
1754 3.462702 122
1755 3.643239 122
1756 19.723130 122
1757 1.244920 122
1758 0.976360 122
1759 29.451032 122
1760 1.724381 122
1761 2.061638 122
1762 2.234225 122
1763 2.239079 122
1764 1.404474 122
1765 1.775717 122
1766 2.596247 122
1767 2.335435 122
1768 2.732602 122
1769 0.000000 122
1770 0.000000 122
1771 0.542420 122
1772 1.246116 122
1773 4.899575 122
1774 0.086516 122
1775 4.495850 122
1776 0.619767 122
1777 1.103055 122
1778 1.083425 122
1779 1.838387 122
1780 1.262597 122
1781 6.024727 122
1782 7.335299 122
1783 18.773494 122
1784 13.016920 122
1785 1.027703 122
1786 0.936494 122
1787 0.000000 122
1788 1.327754 122
1789 1.401885 122
1790 2.537708 122
1791 0.072929 122
1792 1.688909 122
1793 3.383058 122
1794 3.593136 122
1795 0.753322 122
1796 0.704400 122
1797 1.630341 122
1798 0.579947 122
1799 0.846962 122
1800 0.578200 117
1801 2.811086 117
1802 0.337783 117
1803 0.716986 117
1804 1.673948 117
1805 0.573082 117
1806 0.658484 117
1807 0.000000 117
1808 1.678117 117
1809 1.547256 117
1810 0.539272 117
1811 0.039768 117
1812 0.472567 117
1813 1.720599 117
1814 2.677022 117
1815 2.708201 117
1816 12.882401 117
1817 1.175231 117
1818 1.133142 117
1819 1.153674 117
1820 1.343968 117
1821 164.822278 117
1822 210.740279 117
1823 2.064772 117
1824 2.348710 117
1825 0.925098 117
1826 1.084177 117
1827 6.649135 117
1828 7.143772 117
1829 6.565350 117
1830 1.159428 117
1831 21.061662 117
1832 88.310501 117
1833 1.362616 117
1834 15.202077 117
1835 1.252873 117
1836 14.525170 117
1837 1.170763 117
1838 0.651541 117
1839 2.186237 117
1840 1.052190 117
1841 5.460325 117
1842 15.182933 117
1843 6.939936 117
1844 2.088268 117
1845 1.195048 117
1846 1.204461 117
1847 0.704315 117
1848 0.701442 117
1849 0.717342 117
1850 0.979704 110
1851 11.036308 110
1852 0.633384 110
1853 0.693480 110
1854 1.548277 110
1855 1.682912 110
1856 0.507766 110
1857 0.647835 110
1858 1.535689 110
1859 1.597362 110
1860 1.045461 110
1861 0.956851 110
1862 88.953220 110
1863 0.275385 110
1864 0.764495 110
1865 1.517945 110
1866 0.630401 110
1867 1.307507 110
1868 0.490453 110
1869 0.554967 110
1870 0.855681 110
1871 1.018392 110
1872 0.023105 110
1873 0.011352 110
1874 0.005865 110
1875 0.654320 110
1876 0.809116 110
1877 1.658616 110
1878 15.966652 110
1879 3.441831 110
1880 4.793542 110
1881 3.279963 110
1882 43.161392 110
1883 3.224139 110
1884 13.396215 110
1885 2.930602 110
1886 2.935232 110
1887 76.116381 110
1888 7.439295 110
1889 17.721298 110
1890 4.689009 110
1891 1.641186 110
1892 1.509520 110
1893 1.347915 110
1894 0.625163 110
1895 1.254122 110
1896 1.222062 110
1897 0.651015 110
1898 0.881372 110
1899 1.859014 110
1900 0.087437 111
1901 7.057218 111
1902 0.593024 111
1903 0.209474 111
1904 0.447954 111
1905 0.000000 111
1906 0.000000 111
1907 0.000000 111
1908 0.000000 111
1909 0.000000 111
1910 0.000000 111
1911 0.000000 111
1912 3.167278 111
1913 6.469205 111
1914 6.801413 111
1915 6.490957 111
1916 6.719180 111
1917 6.294810 111
1918 6.519416 111
1919 6.345238 111
1920 6.514581 111
1921 6.642497 111
1922 6.428728 111
1923 6.529663 111
1924 6.467014 111
1925 6.281884 111
1926 6.574173 111
1927 6.344288 111
1928 6.474886 111
1929 6.633881 111
1930 6.266409 111
1931 6.139622 111
1932 6.409133 110
1933 6.414401 111
1934 6.650628 111
1935 6.554777 111
1936 1.439065 111
1937 3.465482 111
1938 2.703187 111
1939 1.598414 111
1940 3.443471 111
1941 3.222633 111
1942 0.069716 111
1943 0.945406 111
1944 2.111536 111
1945 1.392798 111
1946 2.256372 111
1947 2.733374 111
1948 6.613790 109
1949 0.000000 111
1950 2.264651 106
1951 0.549545 106
1952 1.215906 106
1953 1.985919 106
1954 1.534348 106
1955 4.163620 106
1956 1.426781 106
1957 11.973036 106
1958 1.099161 106
1959 2.547526 106
1960 4.496797 106
1961 1.558349 106
1962 0.000000 106
1963 0.000000 106
1964 1.359057 106
1965 28.210050 106
1966 1.424808 106
1967 0.540293 106
1968 0.910899 106
1969 1.507512 106
1970 0.628095 106
1971 0.000000 106
1972 0.689791 106
1973 1.306161 106
1974 1.197345 106
1975 1.252495 106
1976 1.858392 106
1977 2.157549 106
1978 2.069689 106
1979 0.575814 106
1980 22.518281 106
1981 1.533773 106
1982 3.962450 106
1983 3.566987 106
1984 3.781836 106
1985 10.370917 106
1986 10.597899 106
1987 11.216873 106
1988 1.566862 106
1989 3.853023 106
1990 1.297907 106
1991 3.530224 106
1992 2.156582 106
1993 3.219117 106
1994 1.335647 106
1995 3.620946 106
1996 3.715834 106
1997 104.772298 106
1998 115.471688 106
1999 112.434540 106
2000 80.083760 118
2001 95.605891 118
2002 95.319751 118
2003 90.916068 118
2004 5.317233 118
2005 5.857426 118
2006 6.471820 118
2007 1.174215 118
2008 1.739021 118
2009 1.712534 118
2010 60.390760 118
2011 1.212163 118
2012 2.596410 118
2013 16.657624 118
2014 0.000000 118
2015 1.975041 118
2016 1.129940 118
2017 1.001506 118
2018 1.285008 118
2019 0.152174 118
2020 0.678761 118
2021 1.509418 118
2022 2.020774 118
2023 1.341735 118
2024 12.925603 118
2025 6.107268 118
2026 1.862045 118
2027 1.434172 118
2028 1.487900 118
2029 1.801580 118
2030 1.587748 118
2031 1.225380 118
2032 1.832556 118
2033 1.780522 118
2034 15.948290 118
2035 2.268410 118
2036 1.163988 118
2037 282.056357 118
2038 1.787021 118
2039 1.876305 118
2040 0.929395 118
2041 1.359606 118
2042 1.338509 118
2043 7.823846 118
2044 10.967593 118
2045 2.378319 118
2046 5.150226 118
2047 5.279293 118
2048 5.127312 118
2049 3.760124 118
2050 2.511378 120
2051 5.981944 120
2052 5.945875 120
2053 1.295494 120
2054 2.816765 120
2055 2.889462 120
2056 1.978920 120
2057 58.607132 120
2058 5.503930 120
2059 5.855236 120
2060 5.379817 120
2061 5.191854 120
2062 3.384845 120
2063 1.933364 120
2064 0.269735 120
2065 3.631229 120
2066 1.970849 120
2067 0.329354 120
2068 2.933983 120
2069 0.932812 120
2070 27.752891 120
2071 27.717926 120
2072 12.099266 120
2073 0.652575 120
2074 3.138528 120
2075 27.964159 120
2076 1.453380 120
2077 3.305822 120
2078 0.476680 120
2079 1.343397 120
2080 12.935213 120
2081 1.032614 120
2082 2.570660 120
2083 0.206379 120
2084 0.488899 120
2085 0.484694 120
2086 0.546837 120
2087 0.488935 120
2088 0.487565 120
2089 0.937873 120
2090 1.645833 120
2091 0.999374 120
2092 0.239007 120
2093 0.442986 120
2094 0.407870 120
2095 0.480150 120
2096 0.034675 120
2097 0.278382 120
2098 0.389851 120
2099 0.611814 120
2100 0.647557 109
2101 0.782516 109
2102 0.008902 109
2103 30.521365 109
2104 39.700554 109
2105 1.055381 109
2106 0.528189 109
2107 0.271596 109
2108 0.798641 109
2109 1.289310 109
2110 2.756973 109
2111 0.843566 109
2112 1.042367 109
2113 10.840811 109
2114 54.797052 109
2115 103.805627 109
2116 91.597257 109
2117 21.669939 109
2118 48.291388 109
2119 47.549790 109
2120 38.713909 109
2121 38.253196 109
2122 78.600503 109
2123 36.590440 109
2124 235.684527 109
2125 1.937440 109
2126 14.038075 109
2127 15.898455 109
2128 1.389712 109
2129 1.481368 109
2130 1.489236 109
2131 1.301801 109
2132 2.080839 109
2133 1.276929 109
2134 1.884115 109
2135 2.157281 109
2136 16.379323 109
2137 9.107139 109
2138 1.093752 109
2139 0.748103 109
2140 0.829114 109
2141 4.550241 109
2142 1.785043 109
2143 1.652728 109
2144 8.096057 109
2145 14.970011 109
2146 51.087398 109
2147 12.445097 109
2148 1.695861 109
2149 0.798020 109
2150 11.247043 106
2151 5.236417 106
2152 0.683580 106
2153 1.433500 106
2154 1.340642 106
2155 1.620297 106
2156 6.592292 106
2157 12.596802 106
2158 6.099663 106
2159 7.887148 106
2160 0.001707 106
2161 0.423511 106
2162 0.226451 106
2163 0.379250 106
2164 0.597678 106
2165 0.616720 106
2166 0.660881 106
2167 0.664046 106
2168 0.550158 106
2169 0.632200 106
2170 0.574135 106
2171 0.579199 106
2172 0.502184 106
2173 0.820143 106
2174 0.616910 106
2175 0.513330 106
2176 0.970435 106
2177 0.860866 106
2178 0.786815 106
2179 1.164178 106
2180 0.893021 106
2181 1.051833 106
2182 1.052920 106
2183 1.187608 106
2184 0.930905 106
2185 1.214911 106
2186 0.937702 106
2187 1.035314 106
2188 0.984249 106
2189 0.852965 106
2190 1.135767 106
2191 1.136815 106
2192 1.331346 106
2193 1.223858 106
2194 1.133695 106
2195 0.940078 106
2196 1.208095 106
2197 1.478000 106
2198 1.447940 106
2199 1.564697 106
2200 0.801080 103
2201 0.769411 103
2202 0.920525 103
2203 0.692418 103
2204 0.561119 103
2205 1.145710 103
2206 0.864546 103
2207 0.680760 103
2208 0.624317 103
2209 0.598743 103
2210 0.810814 103
2211 0.763947 103
2212 0.957402 103
2213 0.725761 103
2214 1.030775 103
2215 0.671925 103
2216 0.861366 103
2217 0.701425 103
2218 0.671295 103
2219 0.532391 103
2220 0.679446 103
2221 0.801138 103
2222 0.981245 103
2223 0.694115 103
2224 1.047246 103
2225 1.413534 103
2226 0.883741 103
2227 0.931899 103
2228 1.523558 103
2229 1.184970 103
2230 1.009946 103
2231 1.013564 103
2232 1.048245 103
2233 1.047780 103
2234 0.893517 103
2235 0.940236 103
2236 1.186659 103
2237 1.773454 103
2238 1.166379 103
2239 1.226802 103
2240 1.044654 103
2241 1.271417 103
2242 1.387388 103
2243 1.271793 103
2244 1.461659 103
2245 1.308376 103
2246 2.245213 103
2247 1.620428 103
2248 1.297286 103
2249 1.641766 103
2250 0.523767 103
2251 0.701872 103
2252 0.631078 103
2253 0.746029 103
2254 0.702781 103
2255 0.793178 103
2256 0.837565 103
2257 0.707706 103
2258 0.699132 103
2259 0.618098 103
2260 0.628315 103
2261 1.132473 103
2262 0.663487 103
2263 0.902807 103
2264 0.835694 103
2265 1.029097 103
2266 1.062661 103
2267 1.178057 103
2268 0.994921 103
2269 1.182876 103
2270 1.015680 103
2271 0.884711 103
2272 1.193934 103
2273 1.251252 103
2274 1.153823 103
2275 1.039031 103
2276 1.196833 103
2277 1.307140 103
2278 1.323013 103
2279 1.115480 103
2280 1.356065 103
2281 1.365832 103
2282 1.273585 103
2283 0.977656 103
2284 1.332019 103
2285 1.208771 103
2286 1.465263 103
2287 1.381831 103
2288 1.312664 103
2289 1.333881 103
2290 1.117376 103
2291 1.644583 103
2292 1.642538 103
2293 1.500584 103
2294 2.631241 103
2295 1.543941 103
2296 1.826944 103
2297 1.862321 103
2298 1.870633 103
2299 1.725762 103
2300 0.654744 101
2301 0.773960 101
2302 0.793588 101
2303 0.557983 101
2304 0.716994 101
2305 0.578729 101
2306 0.783782 101
2307 0.901847 101
2308 0.844155 101
2309 0.678568 101
2310 0.682388 101
2311 0.713532 101
2312 0.794234 101
2313 0.671606 101
2314 0.499146 101
2315 0.839568 101
2316 0.924784 101
2317 0.691116 101
2318 0.675017 101
2319 0.706377 101
2320 0.708348 101
2321 0.817292 101
2322 0.728064 101
2323 0.735660 101
2324 0.918977 101
2325 1.001698 101
2326 0.994796 101
2327 0.984730 101
2328 1.082054 101
2329 1.214795 101
2330 1.060328 101
2331 1.328618 101
2332 1.291383 101
2333 1.369632 101
2334 1.262989 101
2335 1.381340 101
2336 1.185282 101
2337 1.568774 101
2338 1.022096 101
2339 1.260252 101
2340 1.421400 101
2341 1.417748 101
2342 1.403687 101
2343 1.528457 101
2344 1.259035 101
2345 1.501586 101
2346 1.360515 101
2347 1.369114 101
2348 1.395956 101
2349 2.249072 101
2350 0.716596 87
2351 2.283684 87
2352 1.631736 87
2353 22.157571 87
2354 4.038147 87
2355 3.108023 87
2356 25.427142 87
2357 94.191357 87
2358 78.739200 87
2359 142.262260 87
2360 44.887173 87
2361 116.240050 87
2362 162.895557 87
2363 97.952340 87
2364 85.339674 87
2365 79.890586 87
2366 171.234028 87
2367 133.247268 87
2368 206.577067 87
2369 37.121083 87
2370 193.807969 87
2371 121.856265 87
2372 36.745885 87
2373 140.837151 87
2374 82.450025 87
2375 180.481347 87
2376 86.640766 87
2377 137.558180 87
2378 73.390778 87
2379 172.891898 87
2380 50.051627 87
2381 158.723742 87
2382 56.338436 87
2383 2.408830 87
2384 4.981592 87
2385 6.001463 87
2386 2.687605 87
2387 5.599861 87
2388 6.058337 87
2389 34.458229 87
2390 3.992038 87
2391 4.569629 87
2392 1.258839 87
2393 3.378538 87
2394 3.429743 87
2395 1.787099 87
2396 3.572222 87
2397 4.587832 87
2398 1.860921 87
2399 4.730832 87
2400 2.237677 118
2401 5.599278 118
2402 5.218325 118
2403 5.411192 118
2404 5.378465 118
2405 5.169565 118
2406 5.269810 118
2407 4.853742 118
2408 6.197257 118
2409 5.884687 118
2410 1.142188 118
2411 0.011448 118
2412 1.543503 118
2413 2.586809 118
2414 1.272415 118
2415 2.650690 118
2416 2.041813 118
2417 3.274255 118
2418 4.038526 118
2419 4.619987 118
2420 2.285802 118
2421 0.000000 118
2422 0.000000 118
2423 0.000000 118
2424 0.000000 118
2425 0.000000 118
2426 0.000000 118
2427 0.000000 118
2428 0.000000 118
2429 0.000000 118
2430 0.000000 118
2431 0.000000 118
2432 1.283541 118
2433 0.928043 118
2434 2.988172 118
2435 17.061405 118
2436 3.847329 118
2437 1.786704 118
2438 1.803523 118
2439 3.540702 118
2440 3.652833 118
2441 0.011700 118
2442 0.016432 118
2443 0.022437 118
2444 2.454347 118
2445 5.912999 118
2446 13.944229 118
2447 308.805142 118
2448 3.906584 118
2449 3.484414 118
2450 0.343229 115
2451 0.497169 115
2452 0.513224 115
2453 1.210652 115
2454 3.811635 115
2455 70.490785 115
2456 141.897706 115
2457 0.111194 115
2458 1.239173 115
2459 3.273672 115
2460 0.900041 115
2461 10.409258 115
2462 17.720980 115
2463 6.105869 115
2464 3.218103 115
2465 4.775434 115
2466 1.279712 115
2467 3.698233 115
2468 5.366926 115
2469 1.688481 115
2470 0.961089 115
2471 0.387840 115
2472 1.217135 115
2473 0.014022 115
2474 1.630082 115
2475 1.052159 115
2476 1.942230 115
2477 2.146596 115
2478 17.150784 115
2479 4.123541 115
2480 0.318402 115
2481 4.617670 115
2482 1.081631 115
2483 1.305350 115
2484 1.469788 115
2485 3.525257 115
2486 2.319382 115
2487 19.996480 115
2488 1.846350 115
2489 9.383738 115
2490 1.028666 115
2491 3.561912 115
2492 2.015283 115
2493 1.917047 115
2494 1.725446 115
2495 2.096512 115
2496 1.322144 115
2497 64.700939 115
2498 1.352132 115
2499 2.348310 115
2500 1.391021 109
2501 1.899286 109
2502 0.007340 109
2503 0.252918 109
2504 2.321120 109
2505 3.543690 109
2506 1.985832 109
2507 7.043336 109
2508 1.502894 109
2509 0.000000 109
2510 1.437752 109
2511 2.618522 109
2512 1.784652 109
2513 18.497472 109
2514 1.556059 109
2515 2.226117 109
2516 4.897543 109
2517 1.582813 109
2518 1.777423 109
2519 0.000000 109
2520 2.045395 109
2521 2.049446 109
2522 2.731524 109
2523 1.896798 109
2524 1.648993 109
2525 1.291318 109
2526 1.733127 109
2527 1.712973 109
2528 5.196383 109
2529 6.628618 109
2530 4.970616 109
2531 1.435245 109
2532 33.723513 109
2533 24.697350 109
2534 1.511221 109
2535 2.567911 109
2536 2.288296 109
2537 2.084927 109
2538 1.378350 109
2539 2.215206 109
2540 2.554677 109
2541 2.030804 109
2542 2.358766 109
2543 0.654065 109
2544 1.013121 109
2545 2.466103 109
2546 2.856659 109
2547 2.096718 109
2548 30.198094 109
2549 2.037406 109
2550 1.527267 104
2551 1.311399 104
2552 0.082420 104
2553 2.809124 104
2554 0.000000 104
2555 3.184905 104
2556 1.834115 104
2557 2.068924 104
2558 1.396386 104
2559 1.370892 104
2560 1.232094 104
2561 1.613517 104
2562 0.900029 104
2563 0.045428 104
2564 0.050805 104
2565 0.062231 104
2566 0.012496 104
2567 0.024937 104
2568 0.113940 104
2569 0.141220 104
2570 0.034308 104
2571 0.094064 104
2572 0.113872 104
2573 0.165337 104
2574 0.303646 104
2575 0.184656 104
2576 0.594485 104
2577 0.119532 104
2578 0.132130 104
2579 0.131537 104
2580 0.113667 104
2581 0.103516 104
2582 0.193759 104
2583 0.213703 104
2584 0.282713 104
2585 0.125220 104
2586 0.167774 104
2587 0.346309 104
2588 0.195887 104
2589 0.382527 104
2590 0.229945 104
2591 0.339434 104
2592 0.187889 104
2593 0.249941 104
2594 0.068721 104
2595 0.219197 104
2596 0.188875 104
2597 0.347016 104
2598 0.333404 104
2599 0.318624 104
2600 0.323052 107
2601 0.388649 107
2602 0.533000 107
2603 0.238115 107
2604 0.344151 107
2605 0.201051 107
2606 0.166210 107
2607 0.195612 107
2608 0.145017 107
2609 0.134912 107
2610 0.057176 107
2611 0.137333 107
2612 0.208022 107
2613 0.153545 107
2614 0.187302 107
2615 0.136912 107
2616 0.186095 107
2617 0.160846 107
2618 0.168738 107
2619 0.089488 107
2620 0.107277 107
2621 0.089154 107
2622 0.160025 107
2623 0.165468 107
2624 0.203707 107
2625 0.087295 107
2626 0.154282 107
2627 0.164252 107
2628 0.107912 107
2629 0.569646 107
2630 0.759526 107
2631 0.161153 107
2632 0.202043 107
2633 0.275870 107
2634 0.205999 107
2635 0.339117 107
2636 0.169453 107
2637 0.221898 107
2638 0.335042 107
2639 0.532150 107
2640 0.271454 107
2641 0.183162 107
2642 0.251018 107
2643 0.210702 107
2644 0.360909 107
2645 0.486892 107
2646 0.284039 107
2647 0.443735 107
2648 0.594073 107
2649 0.431148 107
2650 0.259430 110
2651 0.247254 110
2652 0.238665 110
2653 0.193491 110
2654 0.235369 110
2655 0.297634 110
2656 0.288482 110
2657 0.130237 110
2658 0.258396 110
2659 0.138353 110
2660 0.058869 110
2661 0.065231 110
2662 0.109449 110
2663 5.090102 110
2664 7.264195 110
2665 2.630953 110
2666 9.157215 110
2667 0.008235 110
2668 0.012950 110
2669 0.005821 110
2670 0.002765 110
2671 0.001222 110
2672 0.000000 110
2673 0.000000 110
2674 0.000000 110
2675 0.000000 110
2676 0.000000 110
2677 0.000000 110
2678 0.000000 110
2679 0.000000 110
2680 0.000000 110
2681 0.000000 110
2682 0.000000 110
2683 0.000000 110
2684 0.000000 110
2685 0.000000 110
2686 0.000000 110
2687 0.000000 110
2688 0.000000 110
2689 0.000000 110
2690 0.000000 110
2691 0.000000 110
2692 0.000000 110
2693 0.000000 110
2694 0.000000 110
2695 0.000000 110
2696 0.000000 110
2697 0.000000 110
2698 0.000000 110
2699 0.000000 110
2700 0.060427 107
2701 0.038640 107
2702 0.028552 107
2703 0.019810 107
2704 0.004691 107
2705 0.003765 107
2706 0.001646 107
2707 0.000000 107
2708 0.000000 107
2709 0.000000 107
2710 0.000000 107
2711 4.708523 107
2712 4.421388 107
2713 4.470977 107
2714 56.695626 107
2715 4.727025 107
2716 322.399029 107
2717 5.165785 107
2718 102.716823 107
2719 2.235129 107
2720 2.616320 107
2721 33.580883 107
2722 5.399854 107
2723 3.618083 107
2724 5.720979 107
2725 5.910228 107
2726 5.555690 107
2727 5.127753 107
2728 6.740090 107
2729 17.832896 107
2730 232.510612 107
2731 5.133139 107
2732 5.036539 107
2733 303.455441 107
2734 4.877830 107
2735 8.967217 107
2736 3.324360 107
2737 9.248566 107
2738 5.155127 107
2739 5.868734 107
2740 4.787396 107
2741 5.073813 107
2742 6.048347 107
2743 59.964518 107
2744 6.042202 107
2745 5.592564 107
2746 17.757425 107
2747 3.508636 107
2748 34.488324 107
2749 3.548468 107
2750 7.703115 95
2751 4.571816 95
2752 8.583755 95
2753 5.120695 95
2754 2.365216 95
2755 5.947033 95
2756 2.238707 95
2757 3.204284 95
2758 2.807319 95
2759 2.036736 95
2760 1.022362 95
2761 0.976838 95
2762 1.023462 95
2763 1.291262 95
2764 1.083322 95
2765 1.099653 95
2766 0.967924 95
2767 1.054754 95
2768 1.175325 95
2769 1.083753 95
2770 1.258222 95
2771 1.276248 95
2772 1.215104 95
2773 1.107649 95
2774 1.034150 95
2775 1.148272 95
2776 1.487922 95
2777 0.980356 95
2778 1.388251 95
2779 1.141252 95
2780 1.288190 95
2781 1.233972 95
2782 1.275441 95
2783 1.309811 95
2784 1.000841 95
2785 1.963809 95
2786 1.305036 95
2787 1.027632 95
2788 3.437364 95
2789 1.246094 95
2790 1.658400 95
2791 1.873738 95
2792 2.519657 95
2793 2.488729 95
2794 2.060406 95
2795 1.832917 95
2796 1.723763 95
2797 1.798487 95
2798 1.678194 95
2799 2.038150 95
2800 1.942044 109
2801 2.392885 109
2802 2.153199 109
2803 2.410288 109
2804 2.520375 109
2805 2.134337 109
2806 2.188696 109
2807 2.839433 109
2808 1.725469 109
2809 2.508077 109
2810 2.163592 109
2811 2.087034 109
2812 1.755354 109
2813 2.079142 109
2814 1.996549 109
2815 1.804690 109
2816 4.263431 109
2817 3.567222 109
2818 4.896415 109
2819 0.032111 109
2820 0.022795 109
2821 0.007397 109
2822 0.001922 109
2823 0.002167 109
2824 0.000830 109
2825 0.000000 109
2826 0.000000 109
2827 0.000000 109
2828 0.000000 109
2829 0.000000 109
2830 0.000000 109
2831 0.000000 109
2832 0.000000 109
2833 0.000000 109
2834 0.000000 109
2835 0.000000 109
2836 0.000000 109
2837 0.000000 109
2838 0.000000 109
2839 4.172099 109
2840 8.165643 109
2841 8.612363 109
2842 3.312023 109
2843 6.141663 109
2844 8.462916 109
2845 7.638369 109
2846 2.481034 109
2847 5.023010 109
2848 5.220172 109
2849 5.367444 109
2850 1.955967 109
2851 4.202979 109
2852 4.412112 109
2853 4.528853 109
2854 3.997823 109
2855 7.807131 109
2856 8.471828 109
2857 3.934415 109
2858 6.253299 109
2859 6.340554 109
2860 5.956339 109
2861 1.065406 109
2862 3.670570 109
2863 1.494827 109
2864 3.508667 109
2865 4.003051 109
2866 6.048414 109
2867 17.897381 109
2868 8.013809 109
2869 2.931204 109
2870 6.054126 109
2871 6.464137 109
2872 6.758043 109
2873 1.745038 109
2874 1.709279 109
2875 1.940592 109
2876 1.823162 109
2877 2.158833 109
2878 1.724239 109
2879 1.650894 109
2880 1.734742 109
2881 1.991827 109
2882 2.051782 109
2883 1.965442 109
2884 1.700576 109
2885 1.861151 109
2886 1.694826 109
2887 1.782998 109
2888 1.763857 109
2889 2.216419 109
2890 1.640132 109
2891 2.219902 109
2892 2.286349 109
2893 1.051240 109
2894 3.678967 109
2895 3.444219 109
2896 9.917931 109
2897 115.893604 109
2898 4.846190 109
2899 5.066144 109
2900 1.514738 86
2901 2.909383 86
2902 3.333920 86
2903 3.191440 86
2904 2.127624 86
2905 5.032545 86
2906 5.024106 86
2907 4.685003 86
2908 2.270515 86
2909 4.571619 86
2910 5.131505 86
2911 2.433211 86
2912 5.089209 86
2913 4.956704 86
2914 4.496293 86
2915 4.846507 86
2916 2.794230 86
2917 6.778668 86
2918 8.117621 86
2919 7.212595 86
2920 1.593719 86
2921 5.078155 86
2922 5.481237 86
2923 1.854880 86
2924 4.040234 86
2925 4.096270 86
2926 3.710818 86
2927 2.873587 86
2928 7.671209 86
2929 7.367041 86
2930 7.911765 86
2931 1.160122 86
2932 4.377155 86
2933 3.981090 86
2934 4.279855 86
2935 1.277798 86
2936 3.376445 86
2937 2.545065 86
2938 8.041331 86
2939 9.351784 86
2940 8.829899 86
2941 10.487861 86
2942 9.339671 86
2943 9.487280 86
2944 2.586883 86
2945 5.604171 86
2946 5.470833 86
2947 5.678112 86
2948 4.372848 86
2949 5.046843 86
2950 2.200434 99
2951 4.443352 99
2952 4.522057 99
2953 1.674746 99
2954 4.096956 99
2955 1.841685 99
2956 3.894655 99
2957 3.516178 99
2958 0.825946 99
2959 2.102417 99
2960 2.214378 99
2961 2.501657 99
2962 2.470894 99
2963 6.589128 99
2964 6.163997 99
2965 2.655798 99
2966 7.207887 99
2967 6.633267 99
2968 6.583296 99
2969 31.935440 99
2970 35.049146 99
2971 2.071792 99
2972 0.000000 99
2973 4.795842 99
2974 3.879104 99
2975 3.246600 99
2976 9.635224 99
2977 10.204533 99
2978 2.741634 99
2979 5.894772 99
2980 5.514863 99
2981 1.079270 99
2982 2.583348 99
2983 1.975102 99
2984 5.450737 99
2985 1.046838 99
2986 3.103896 99
2987 3.704558 99
2988 2.559943 99
2989 5.221098 99
2990 1.594298 99
2991 2.730896 99
2992 5.582667 99
2993 3.575435 99
2994 10.512697 99
2995 2.017420 99
2996 6.582552 99
2997 2.518376 99
2998 6.895794 99
2999 0.000000 99
3000 0.000000 105
3001 0.000000 105
3002 0.000000 105
3003 0.000000 105
3004 0.000000 105
3005 0.000000 105
3006 0.000000 105
3007 0.000000 105
3008 42.290359 105
3009 299.369526 105
3010 113.941107 105
3011 541.417910 105
3012 170.463486 105
3013 503.411325 105
3014 245.847417 105
3015 320.224225 105
3016 425.566653 105
3017 577.819229 105
3018 122.652984 105
3019 145.574959 105
3020 72.525701 105
3021 296.443761 105
3022 1.335131 105
3023 2.604336 105
3024 2.677255 105
3025 2.470939 105
3026 7.612362 105
3027 0.000000 105
3028 0.000000 105
3029 0.000000 105
3030 1.494565 105
3031 3.336217 105
3032 1.939643 105
3033 5.348532 105
3034 2.999152 105
3035 8.158449 105
3036 71.979280 105
3037 82.029129 105
3038 82.027069 105
3039 4.507622 105
3040 10.651075 105
3041 2.604882 105
3042 6.902759 105
3043 2.533271 105
3044 10.736053 105
3045 3.118787 105
3046 8.568692 105
3047 8.024643 105
3048 2.848667 105
3049 8.403085 105
3050 2.319402 95
3051 6.662083 95
3052 1.734777 95
3053 5.834485 95
3054 3.820992 95
3055 2.819095 95
3056 6.685387 95
3057 1.144948 95
3058 2.748936 95
3059 2.318443 95
3060 1.767917 95
3061 4.300110 95
3062 0.000000 95
3063 0.000000 95
3064 0.000000 95
3065 0.000000 95
3066 0.000000 95
3067 2.437599 95
3068 7.581190 95
3069 2.797644 95
3070 3.058501 95
3071 4.467294 95
3072 4.730155 95
3073 4.763425 95
3074 4.792070 95
3075 4.875279 95
3076 4.592873 95
3077 4.788944 95
3078 4.680458 95
3079 4.693519 95
3080 4.647432 95
3081 4.784954 95
3082 4.977552 95
3083 4.728430 95
3084 4.788939 95
3085 4.740563 95
3086 4.321728 95
3087 7.598908 95
3088 6.528697 95
3089 12.315952 95
3090 95.982842 95
3091 18.504583 95
3092 7.133647 95
3093 7.035887 95
3094 11.749408 95
3095 13.563942 95
3096 9.702656 95
3097 0.700019 95
3098 0.890782 95
3099 0.976256 95
3100 0.379644 99
3101 0.838279 99
3102 0.939889 99
3103 0.893944 99
3104 0.945503 99
3105 0.902457 99
3106 0.927521 99
3107 0.903105 99
3108 0.800290 99
3109 1.643101 99
3110 1.545527 99
3111 21.437574 99
3112 1.632950 99
3113 461.245776 99
3114 18.238574 99
3115 2.208835 99
3116 3.649673 99
3117 6.534008 99
3118 4.323160 99
3119 4.488122 99
3120 36.397561 99
3121 1.244645 99
3122 4.432088 99
3123 3.763523 99
3124 1.168882 99
3125 1.078394 99
3126 4.105950 99
3127 4.158785 99
3128 3.592874 99
3129 3.772480 99
3130 3.694895 99
3131 3.870166 99
3132 1.560642 99
3133 4.718668 99
3134 7.639331 99
3135 7.848534 99
3136 7.440578 99
3137 7.383216 99
3138 7.291428 99
3139 4.446527 99
3140 7.978873 99
3141 8.032515 99
3142 11.726056 99
3143 11.178478 99
3144 10.984355 99
3145 14.973060 99
3146 7.142479 99
3147 2.792480 99
3148 3.832719 99
3149 3.859587 99
3150 2.997391 108
3151 6.443305 108
3152 3.366476 108
3153 5.621138 108
3154 25.752733 108
3155 6.933791 108
3156 4.421159 108
3157 32.131298 108
3158 8.504138 108
3159 8.295076 108
3160 4.820808 108
3161 3.135671 108
3162 5.234474 108
3163 341.357626 108
3164 11.259333 108
3165 18.397538 108
3166 3.513827 108
3167 2.662384 108
3168 4.658374 108
3169 5.319040 108
3170 5.619707 108
3171 11.156167 108
3172 9.836233 108
3173 11.959688 108
3174 7.085733 108
3175 5.919884 108
3176 7.122122 107
3177 14.186137 107
3178 5.239323 107
3179 6.331879 107
3180 7.719439 106
3181 8.639041 107
3182 8.131584 107
3183 8.079302 107
3184 7.916057 107
3185 5.770991 107
3186 0.000000 107
3187 0.000000 107
3188 0.000000 107
3189 0.000000 107
3190 0.000000 107
3191 0.000000 107
3192 2.994380 107
3193 101.589836 107
3194 8.148370 107
3195 6.986928 107
3196 2.713389 107
3197 5.154517 107
3198 5.112924 107
3199 3.802936 107
3200 3.613177 110
3201 5.862034 110
3202 15.878278 110
3203 16.988949 110
3204 14.959502 110
3205 16.214016 110
3206 3.451397 110
3207 13.870024 110
3208 4.213517 110
3209 9.946086 110
3210 1.484115 110
3211 112.376754 110
3212 1.968042 110
3213 2.837185 109
3214 17.609950 110
3215 3.386205 110
3216 6.776269 110
3217 10.044045 110
3218 11.766723 110
3219 13.461465 110
3220 14.499182 110
3221 13.287174 110
3222 5.139037 110
3223 10.694506 110
3224 10.362843 110
3225 10.427891 110
3226 1.668669 110
3227 2.521107 110
3228 2.587699 110
3229 4.033913 110
3230 2.440752 110
3231 1.944242 110
3232 3.427926 110
3233 5.977266 110
3234 55.569324 110
3235 3.013094 110
3236 2.579571 110
3237 1.731659 110
3238 4.611015 110
3239 3.640643 110
3240 2.339724 110
3241 6.154705 110
3242 9.160352 110
3243 5.645595 110
3244 2.230807 110
3245 1.543622 110
3246 0.115540 110
3247 0.173757 110
3248 0.278723 110
3249 6.552576 110
3250 1.657252 109
3251 3.367481 109
3252 3.374807 109
3253 3.361441 109
3254 2.427484 109
3255 4.207306 109
3256 0.896760 109
3257 1.592370 109
3258 1.664297 109
3259 1.693531 109
3260 1.554226 109
3261 8.929966 109
3262 1.289636 109
3263 0.846854 109
3264 0.217842 109
3265 5.704064 109
3266 2.051747 109
3267 3.815233 109
3268 4.981654 109
3269 3.989613 109
3270 4.297398 109
3271 4.359459 109
3272 0.778582 109
3273 10.112601 109
3274 5.515962 109
3275 26.906443 109
3276 2.307795 109
3277 2.951019 109
3278 4.144660 109
3279 9.817213 109
3280 2.812600 109
3281 2.216653 109
3282 38.754369 109
3283 4.853593 109
3284 4.834723 109
3285 2.812342 109
3286 6.564851 109
3287 7.046923 109
3288 7.603512 109
3289 7.908961 109
3290 1.539114 109
3291 4.882340 109
3292 2.899511 109
3293 4.463159 109
3294 2.732282 109
3295 39.567966 109
3296 5.207398 109
3297 1.682203 109
3298 16.454761 109
3299 2.148057 109
3300 2.202151 119
3301 1.141499 119
3302 108.827040 119
3303 198.738110 119
3304 210.142401 119
3305 196.818882 119
3306 0.198073 119
3307 0.197574 119
3308 0.249038 119
3309 0.280171 119
3310 0.319076 119
3311 4.708011 119
3312 6.738871 119
3313 6.941519 119
3314 4.901621 119
3315 7.461964 119
3316 9.956828 119
3317 75.794865 119
3318 42.487084 119
3319 76.911470 119
3320 76.166138 119
3321 81.226936 119
3322 4.005294 119
3323 4.503445 119
3324 7.144159 119
3325 12.805020 119
3326 5.605173 119
3327 1.775647 119
3328 3.022122 119
3329 42.484152 119
3330 3.991136 119
3331 51.086923 119
3332 2.722784 119
3333 4.028069 119
3334 8.715366 119
3335 0.309984 119
3336 7.991616 119
3337 4.044483 119
3338 6.940368 119
3339 2.554550 119
3340 17.621562 119
3341 2.477693 119
3342 1.778593 119
3343 4.606279 119
3344 4.733986 119
3345 3.306832 119
3346 8.668557 118
3347 8.896470 119
3348 4.359108 119
3349 1.384516 119
3350 4.518112 86
3351 0.854268 86
3352 1.988775 86
3353 2.271116 86
3354 2.480756 86
3355 6.214897 86
3356 11.676931 86
3357 21.139643 86
3358 26.114843 86
3359 3.268981 86
3360 1.712040 86
3361 6.664749 86
3362 1.534367 86
3363 6.465783 86
3364 11.827450 86
3365 12.816096 86
3366 12.208256 86
3367 7.490246 86
3368 5.001953 86
3369 212.045349 86
3370 2.336167 86
3371 2.414376 86
3372 6.651693 86
3373 4.637229 86
3374 1.555805 86
3375 3.810809 86
3376 6.926500 86
3377 4.438648 86
3378 2.777997 86
3379 6.343515 86
3380 5.379145 86
3381 1.672155 86
3382 3.551045 86
3383 3.821722 86
3384 2.721914 86
3385 5.432801 86
3386 7.121675 86
3387 1.368175 86
3388 1.506238 86
3389 3.964162 86
3390 3.384175 86
3391 67.683768 86
3392 172.132298 86
3393 205.270507 86
3394 10.424331 86
3395 14.134822 86
3396 18.114226 86
3397 19.126909 86
3398 0.035998 86
3399 2.580953 86
3400 3.388674 97
3401 2.340697 97
3402 1.902670 97
3403 8.889881 96
3404 1.925089 96
3405 6.711772 96
3406 5.276614 96
3407 1.545172 96
3408 1.215039 96
3409 2.399803 96
3410 6.323238 96
3411 4.944207 96
3412 3.683106 96
3413 2.576103 96
3414 5.382038 96
3415 6.560405 96
3416 4.444867 96
3417 2.353141 96
3418 6.246360 96
3419 4.996385 96
3420 1.835617 96
3421 6.076903 96
3422 4.920012 96
3423 31.152296 96
3424 70.011128 96
3425 67.863157 96
3426 3.037294 96
3427 3.058534 96
3428 4.398762 96
3429 4.481976 96
3430 2.661119 96
3431 5.667893 96
3432 7.391264 96
3433 2.489778 96
3434 7.154274 96
3435 5.331051 96
3436 2.771459 96
3437 6.473899 96
3438 5.642495 96
3439 1.578238 96
3440 4.708179 96
3441 2.493919 96
3442 6.209486 96
3443 6.343973 96
3444 36.365332 96
3445 22.792674 96
3446 5.450822 96
3447 40.757490 96
3448 38.422992 96
3449 19.333001 96
3450 33.210048 116
3451 3.038954 116
3452 7.427580 116
3453 13.976984 116
3454 12.348192 116
3455 3.346775 116
3456 8.204727 116
3457 8.297294 116
3458 2.058909 116
3459 2.289308 116
3460 6.426438 116
3461 1.292388 116
3462 1.804063 116
3463 1.724538 116
3464 2.010723 116
3465 3.450164 116
3466 1.791807 116
3467 2.157312 116
3468 2.130575 116
3469 5.614713 116
3470 11.608074 116
3471 2.607629 116
3472 0.293837 116
3473 18.648969 116
3474 2.736292 116
3475 2.936467 116
3476 5.884370 116
3477 7.294367 116
3478 0.951855 116
3479 1.232613 116
3480 10.269893 116
3481 13.964658 116
3482 17.241557 116
3483 2.963898 116
3484 5.798142 116
3485 6.946485 116
3486 15.648428 116
3487 2.116821 116
3488 2.705154 116
3489 2.856489 116
3490 4.732469 116
3491 17.837065 116
3492 2.609583 116
3493 7.112307 116
3494 5.778555 116
3495 3.038823 116
3496 7.288012 116
3497 5.841320 116
3498 2.953783 116
3499 7.597476 116
3500 2.414167 97
3501 2.018677 97
3502 7.309571 97
3503 6.342484 97
3504 2.090445 97
3505 5.761929 97
3506 6.513401 97
3507 2.322072 97
3508 5.617385 97
3509 6.832125 97
3510 2.609576 97
3511 6.331477 97
3512 5.220800 97
3513 17.408649 97
3514 22.032152 97
3515 22.417503 97
3516 4.116306 97
3517 2.586363 97
3518 6.722336 97
3519 5.441313 97
3520 424.900499 97
3521 2.485223 97
3522 5.532918 97
3523 6.958856 97
3524 2.782137 97
3525 7.223408 97
3526 6.120327 97
3527 0.769578 97
3528 1.255494 97
3529 1.607529 97
3530 1.513500 97
3531 3.037093 97
3532 5.700188 97
3533 7.305091 97
3534 20.754629 97
3535 2.759549 97
3536 5.524989 97
3537 6.862724 97
3538 6.627859 97
3539 1.379985 97
3540 1.698748 97
3541 8.440329 97
3542 1.867064 97
3543 2.070600 97
3544 2.963288 97
3545 1.766650 97
3546 5.031923 97
3547 3.813608 97
3548 3.354606 97
3549 2.185229 97
3550 2.060655 107
3551 3.603492 107
3552 2.624390 107
3553 3.017914 107
3554 31.771972 107
3555 4.246061 107
3556 6.175566 107
3557 30.453953 107
3558 2.031735 107
3559 3.146095 107
3560 13.935456 107
3561 167.090574 107
3562 1.811559 107
3563 4.931047 107
3564 10.595737 107
3565 1.581841 107
3566 0.493366 107
3567 4.404202 107
3568 1.916863 107
3569 5.422568 107
3570 2.358195 107
3571 4.910601 107
3572 1.329089 107
3573 0.720630 107
3574 2.166157 107
3575 6.307691 107
3576 4.956823 107
3577 2.139565 107
3578 12.373809 107
3579 215.284998 107
3580 1.881616 107
3581 14.438391 107
3582 0.713102 107
3583 1.133764 107
3584 3.809113 107
3585 22.828203 107
3586 41.620942 107
3587 3.682144 107
3588 5.274956 107
3589 1.587281 107
3590 2.100347 107
3591 1.533855 107
3592 12.584348 107
3593 32.377016 107
3594 2.183207 107
3595 8.050980 107
3596 2.049164 107
3597 3.033246 107
3598 1.427693 107
3599 4.358889 107
3600 3.698240 95
3601 17.571620 95
3602 2.546267 95
3603 3.306422 95
3604 1.049406 95
3605 1.312394 95
3606 0.871996 95
3607 1.905955 95
3608 9.853427 95
3609 1.821508 95
3610 6.944203 95
3611 0.000000 95
3612 1.699655 95
3613 1.627161 95
3614 2.973556 95
3615 8.242312 95
3616 7.010325 95
3617 12.485335 95
3618 1.308733 95
3619 3.026574 95
3620 20.527026 95
3621 3.063790 95
3622 23.197648 95
3623 3.047915 95
3624 21.215888 95
3625 3.603925 95
3626 2.434453 95
3627 2.865740 95
3628 1.754333 95
3629 1.522426 95
3630 17.093057 95
3631 5.602578 95
3632 1.723444 95
3633 1.683384 95
3634 4.007710 95
3635 5.744031 95
3636 0.778877 95
3637 1.438679 95
3638 97.229700 95
3639 4.171096 95
3640 16.798621 95
3641 4.247929 95
3642 6.029867 95
3643 3.248040 95
3644 0.427424 95
3645 3.188749 95
3646 1.556395 95
3647 62.500367 95
3648 0.014528 95
3649 3.482441 95
3650 4.070501 115
3651 4.201857 115
3652 0.991903 115
3653 2.606317 115
3654 0.915749 115
3655 0.484594 115
3656 2.300808 115
3657 0.000000 115
3658 0.513069 115
3659 15.495955 115
3660 62.436541 115
3661 4.461370 115
3662 16.605613 115
3663 5.173926 115
3664 0.910431 115
3665 1.753335 115
3666 12.738600 115
3667 8.492528 115
3668 11.852847 115
3669 2.340709 115
3670 27.861651 115
3671 6.046774 115
3672 0.905721 115
3673 3.783475 115
3674 2.741771 115
3675 3.500261 115
3676 35.286316 115
3677 93.892442 115
3678 0.027611 115
3679 1.550220 115
3680 1.866301 115
3681 2.337908 115
3682 2.951227 115
3683 2.445256 115
3684 0.000000 115
3685 1.370064 115
3686 0.879758 115
3687 19.147471 115
3688 2.321815 115
3689 0.188446 115
3690 2.910302 115
3691 285.109392 115
3692 0.799754 115
3693 3.371727 115
3694 1.984118 115
3695 21.346501 115
3696 2.180770 115
3697 6.679413 115
3698 2.492411 115
3699 0.709980 115
3700 0.355506 102
3701 2.138188 102
3702 7.278762 102
3703 2.458471 102
3704 2.732983 102
3705 2.066149 102
3706 0.923004 102
3707 6.132586 102
3708 0.518626 102
3709 3.375946 102
3710 3.937166 102
3711 0.220117 102
3712 9.440278 102
3713 1.762082 102
3714 4.567147 102
3715 4.773025 102
3716 1.986621 102
3717 1.867338 102
3718 1.980663 102
3719 2.287048 102
3720 0.015383 102
3721 2.156860 102
3722 13.215145 102
3723 0.701745 102
3724 2.096843 102
3725 2.116957 102
3726 2.804165 102
3727 2.299662 102
3728 2.105568 102
3729 2.536035 102
3730 2.194775 102
3731 7.788612 102
3732 13.733782 101
3733 3.106251 102
3734 2.978371 102
3735 19.947308 102
3736 3.021269 102
3737 1.393274 102
3738 85.463751 102
3739 2.033147 102
3740 3.175462 102
3741 3.017001 102
3742 2.876617 102
3743 2.476389 102
3744 21.406908 102
3745 7.891595 102
3746 1.452296 102
3747 3.014076 102
3748 2.183009 102
3749 0.000000 102
3750 6.793994 116
3751 2.044811 116
3752 7.963306 116
3753 0.754288 116
3754 1.943613 116
3755 1.361166 116
3756 13.699230 116
3757 2.556338 116
3758 3.240849 116
3759 1.453107 116
3760 1.744769 116
3761 2.123221 116
3762 0.635720 116
3763 1.575701 116
3764 2.298095 116
3765 2.422037 116
3766 0.701498 116
3767 0.000000 116
3768 15.496835 116
3769 2.032825 116
3770 3.716259 116
3771 1.293229 116
3772 2.213669 116
3773 6.562302 116
3774 6.349609 116
3775 1.635302 116
3776 0.002377 116
3777 2.817705 116
3778 375.185034 116
3779 2.500917 116
3780 2.457429 116
3781 17.199539 116
3782 36.909489 116
3783 69.712903 116
3784 1.786139 116
3785 2.518989 116
3786 0.000000 116
3787 2.693950 116
3788 1.150301 116
3789 17.276013 115
3790 3.566929 115
3791 3.512104 115
3792 3.001335 115
3793 2.940136 115
3794 2.616723 115
3795 4.937671 115
3796 1.102090 115
3797 2.808431 115
3798 3.307377 115
3799 3.132247 115
3800 1.385526 107
3801 2.572568 107
3802 0.068629 107
3803 3.881531 107
3804 3.974330 107
3805 3.608534 107
3806 3.065211 107
3807 1.273222 107
3808 3.597597 107
3809 12.403107 107
3810 1.089552 107
3811 1.938482 107
3812 2.272658 107
3813 0.699246 107
3814 5.996539 107
3815 5.004447 107
3816 2.038850 107
3817 1.980452 107
3818 2.340644 107
3819 3.098065 107
3820 6.967383 107
3821 0.404152 107
3822 4.510405 107
3823 2.525488 107
3824 16.647952 107
3825 20.355811 107
3826 0.640938 107
3827 3.660871 107
3828 1.512651 107
3829 1.388513 107
3830 21.958621 107
3831 2.844033 107
3832 22.572440 107
3833 1.640912 107
3834 3.414514 107
3835 1.900354 107
3836 4.254841 107
3837 43.928452 107
3838 63.142321 107
3839 4.786515 107
3840 0.000000 107
3841 2.856561 107
3842 43.683715 107
3843 4.500726 107
3844 1.666187 107
3845 2.666759 107
3846 2.742694 107
3847 16.219751 107
3848 2.512868 107
3849 1.033418 107
3850 2.028370 108
3851 4.871411 108
3852 1.355390 108
3853 1.828488 108
3854 1.824057 108
3855 1.256782 108
3856 1.343305 108
3857 2.130942 108
3858 1.332434 108
3859 4.508778 108
3860 3.046398 108
3861 3.886009 108
3862 1.321598 108
3863 1.745722 108
3864 2.959264 108
3865 40.854768 108
3866 3.059311 108
3867 5.338828 108
3868 2.510304 108
3869 2.220140 108
3870 3.348878 108
3871 1.667873 108
3872 1.451382 108
3873 1.700815 108
3874 1.968418 108
3875 2.507161 108
3876 1.267645 108
3877 4.169131 108
3878 2.743489 108
3879 1.892649 108
3880 2.102675 108
3881 2.150422 108
3882 8.140716 108
3883 2.473938 108
3884 3.662720 108
3885 0.883217 108
3886 0.685154 108
3887 3.793860 108
3888 53.320677 108
3889 0.000000 108
3890 7.667813 108
3891 8.230469 108
3892 2.666274 108
3893 2.989265 108
3894 1.911348 108
3895 6.465864 108
3896 9.333787 108
3897 4.504309 108
3898 1.569309 108
3899 3.529697 108
3900 159.884089 113
3901 1.800063 113
3902 3.511236 113
3903 2.423464 113
3904 1.647964 113
3905 1.679099 113
3906 0.000000 113
3907 1.102208 113
3908 3.430299 113
3909 0.292850 113
3910 2.086119 113
3911 1.763065 113
3912 1.900250 113
3913 2.429786 113
3914 2.638444 113
3915 2.514830 113
3916 2.008156 113
3917 2.085916 113
3918 1.090015 113
3919 1.179410 113
3920 1.333973 113
3921 1.062680 113
3922 0.932039 113
3923 1.782546 113
3924 3.407926 113
3925 1.169390 113
3926 25.671366 113
3927 14.771400 113
3928 1.731804 113
3929 47.351377 113
3930 1.806219 113
3931 3.162482 113
3932 1.323641 113
3933 1.667116 113
3934 2.650250 113
3935 2.398257 113
3936 2.602631 113
3937 2.318176 113
3938 1.190980 113
3939 14.175195 113
3940 0.166781 113
3941 2.948830 113
3942 2.185937 113
3943 1.013000 113
3944 1.389077 113
3945 36.771367 113
3946 1.579685 113
3947 2.465157 113
3948 2.146046 113
3949 14.755543 113
3950 1.103897 121
3951 2.142817 121
3952 6.432205 121
3953 0.409568 121
3954 1.795841 121
3955 42.349722 121
3956 59.118579 121
3957 2.256843 121
3958 1.799294 121
3959 6.977810 121
3960 0.000000 121
3961 1.690092 121
3962 1.570409 121
3963 5.604354 121
3964 5.944977 121
3965 18.360773 121
3966 2.892423 121
3967 13.884328 119
3968 0.958546 121
3969 0.399818 121
3970 16.554242 121
3971 3.109824 121
3972 2.386782 121
3973 0.000000 121
3974 4.131150 121
3975 0.000000 121
3976 2.180351 121
3977 1.024207 121
3978 2.787361 121
3979 1.953338 121
3980 0.000000 121
3981 4.206454 121
3982 4.037271 121
3983 3.850812 121
3984 2.463657 121
3985 1.113372 121
3986 0.185053 121
3987 1.510995 121
3988 3.679614 121
3989 0.738421 121
3990 3.355976 121
3991 0.495815 121
3992 11.466585 121
3993 0.568232 121
3994 0.528239 121
3995 0.744958 121
3996 0.868352 121
3997 0.697910 121
3998 1.800264 121
3999 1.026746 121
4000 0.234447 118
4001 0.466212 118
4002 3.027179 118
4003 1.755847 118
4004 2.245863 118
4005 2.218237 118
4006 3.335669 118
4007 4.921734 118
4008 0.565605 118
4009 2.156042 118
4010 0.734064 118
4011 1.595546 118
4012 2.758677 118
4013 7.816104 118
4014 4.340782 118
4015 0.343477 118
4016 0.414162 118
4017 1.075210 118
4018 1.294647 118
4019 0.644114 118
4020 3.001135 118
4021 1.919805 118
4022 3.414530 118
4023 4.559906 118
4024 1.377602 118
4025 3.433536 118
4026 2.188801 118
4027 31.319714 118
4028 1.773816 118
4029 1.763843 118
4030 1.712904 118
4031 342.523829 118
4032 28.156550 118
4033 43.451608 118
4034 5.634267 118
4035 26.231105 118
4036 2.467230 118
4037 1.498728 118
4038 9.088323 118
4039 0.829007 118
4040 0.000000 118
4041 3.404822 118
4042 0.983322 118
4043 2.166601 118
4044 0.743454 118
4045 9.358423 118
4046 24.310653 118
4047 2.104514 118
4048 1.503282 118
4049 1.852867 118
4050 3.305446 122
4051 1.398524 122
4052 0.655854 122
4053 2.222673 122
4054 0.988114 122
4055 1.643941 122
4056 1.822638 122
4057 1.091877 122
4058 0.019382 122
4059 0.657157 122
4060 144.146110 122
4061 2.259487 122
4062 1.881179 122
4063 1.754794 122
4064 1.028034 122
4065 3.014434 122
4066 29.504368 122
4067 0.355591 122
4068 8.522130 122
4069 2.316656 122
4070 1.424981 122
4071 3.018054 122
4072 0.941976 122
4073 1.361950 122
4074 1.681475 122
4075 3.633998 122
4076 7.819224 122
4077 2.392950 122
4078 0.420088 122
4079 0.704606 122
4080 2.430338 122
4081 2.806557 122
4082 2.472156 122
4083 3.187321 122
4084 7.744852 122
4085 0.579648 122
4086 3.721648 122
4087 0.866190 122
4088 3.377728 122
4089 3.393505 122
4090 3.634449 122
4091 4.098352 122
4092 13.356620 122
4093 0.064723 122
4094 9.247289 122
4095 3.240152 122
4096 4.138610 122
4097 2.742811 122
4098 2.078887 122
4099 3.483493 122
4100 3.907658 118
4101 1.653805 118
4102 2.518367 118
4103 2.525177 118
4104 2.340266 118
4105 3.678417 118
4106 27.239943 118
4107 0.000000 118
4108 4.375909 118
4109 6.367551 118
4110 0.694600 118
4111 18.308089 118
4112 110.129931 118
4113 2.117752 118
4114 2.303001 118
4115 3.369039 118
4116 6.818064 118
4117 11.762994 117
4118 4.241656 118
4119 23.724815 118
4120 4.347992 118
4121 0.000000 118
4122 8.756532 118
4123 2.215266 118
4124 2.928576 118
4125 6.671589 118
4126 9.003345 118
4127 3.034633 118
4128 2.620903 118
4129 6.250936 118
4130 3.789904 118
4131 4.601240 118
4132 1.085778 118
4133 1.836913 118
4134 0.000000 118
4135 0.000000 118
4136 4.359597 118
4137 2.272276 118
4138 4.027069 118
4139 4.739875 118
4140 3.409542 118
4141 8.413052 118
4142 7.346693 118
4143 3.931524 118
4144 1.160363 118
4145 2.774730 118
4146 3.171752 118
4147 0.621302 118
4148 2.939981 118
4149 7.378973 118
4150 0.947361 115
4151 5.516931 115
4152 1.636164 115
4153 1.181319 115
4154 6.133144 115
4155 4.832952 115
4156 2.763963 115
4157 1.972753 115
4158 4.078948 115
4159 10.351765 115
4160 1.576229 115
4161 31.349571 115
4162 15.870982 115
4163 14.766000 115
4164 3.492645 115
4165 0.238996 115
4166 11.463703 115
4167 6.137130 115
4168 3.237366 115
4169 0.974926 115
4170 2.179140 115
4171 2.272703 115
4172 10.352280 115
4173 18.924964 115
4174 2.603838 115
4175 3.706993 115
4176 12.766668 115
4177 0.130011 115
4178 0.241588 115
4179 2.018719 115
4180 3.128441 115
4181 3.858295 115
4182 4.615183 115
4183 49.767848 115
4184 15.187077 115
4185 4.921798 115
4186 2.471217 115
4187 3.552289 115
4188 9.539061 115
4189 0.906353 115
4190 5.187637 115
4191 18.683797 115
4192 1.765442 115
4193 2.619259 115
4194 1.267716 115
4195 3.849858 115
4196 0.551208 115
4197 7.477784 115
4198 3.295876 115
4199 3.230526 115
4200 1.561883 121
4201 3.277825 121
4202 2.563526 121
4203 5.260695 121
4204 10.856645 121
4205 10.201381 121
4206 8.918320 121
4207 8.300518 121
4208 10.925205 121
4209 8.726733 121
4210 1.217983 121
4211 4.374757 121
4212 5.074936 121
4213 2.245960 121
4214 5.032299 121
4215 12.532401 121
4216 6.401379 121
4217 1.322381 121
4218 3.337424 121
4219 9.827039 121
4220 1.447149 121
4221 2.479556 121
4222 115.868449 121
4223 0.000000 121
4224 2.453766 121
4225 1.766050 121
4226 1.602539 121
4227 5.479070 121
4228 4.736851 121
4229 2.174938 121
4230 3.590517 121
4231 6.100132 121
4232 1.548187 121
4233 1.408180 121
4234 1.193008 121
4235 3.266075 121
4236 0.787450 121
4237 0.872387 121
4238 2.287326 121
4239 1.943267 121
4240 3.853349 121
4241 3.586952 121
4242 1.600136 121
4243 4.254278 121
4244 4.098398 121
4245 4.376246 121
4246 1.786227 121
4247 0.787682 121
4248 1.070201 121
4249 1.540701 121
4250 1.044133 106
4251 1.121379 106
4252 3.733561 106
4253 4.868712 106
4254 2.812029 106
4255 3.481532 106
4256 3.473308 106
4257 4.863063 106
4258 3.602827 106
4259 3.646063 106
4260 4.355826 106
4261 3.977300 106
4262 2.738458 106
4263 3.119445 106
4264 4.863623 106
4265 4.439514 106
4266 5.217015 106
4267 4.134574 106
4268 4.755644 106
4269 6.347681 106
4270 8.362945 106
4271 9.353498 106
4272 10.091170 106
4273 11.127650 106
4274 0.000000 106
4275 0.000000 106
4276 0.000000 106
4277 0.000000 106
4278 0.387486 106
4279 1.407425 106
4280 3.793751 106
4281 3.110822 106
4282 0.360022 106
4283 2.342497 106
4284 1.138693 106
4285 14.204501 106
4286 1.136405 106
4287 2.836188 106
4288 0.422613 106
4289 11.875411 106
4290 6.000459 106
4291 13.591786 106
4292 12.740983 106
4293 13.301132 106
4294 13.812343 106
4295 13.355509 106
4296 13.703153 106
4297 13.327440 106
4298 0.000000 106
4299 11.768231 106
4300 3.331539 105
4301 8.807648 105
4302 8.599777 105
4303 8.732365 105
4304 8.539103 105
4305 9.201064 105
4306 1.106308 105
4307 3.379436 105
4308 9.661629 105
4309 10.221457 105
4310 4.190581 105
4311 4.798360 105
4312 8.305286 105
4313 8.208403 105
4314 8.450214 105
4315 9.006993 105
4316 8.575103 105
4317 4.168204 105
4318 29.423282 105
4319 1.851515 105
4320 0.981799 105
4321 1.194865 105
4322 1.436103 105
4323 1.307617 105
4324 1.324247 105
4325 1.059453 105
4326 13.489981 105
4327 2.906127 105
4328 7.824962 105
4329 0.781005 105
4330 11.878459 105
4331 1.223486 105
4332 1.868549 105
4333 1.201275 105
4334 2.871256 105
4335 0.911671 105
4336 0.679530 105
4337 1.251346 105
4338 1.456823 105
4339 3.768668 105
4340 2.276405 105
4341 1.293236 105
4342 1.866804 105
4343 1.167455 105
4344 0.207688 105
4345 0.276688 105
4346 0.482372 105
4347 0.389058 105
4348 0.628704 105
4349 0.506201 105
4350 0.646333 107
4351 1.149495 107
4352 0.490719 107
4353 1.581729 107
4354 2.611068 107
4355 1.954322 107
4356 3.197010 107
4357 2.217311 107
4358 1.611384 107
4359 1.453357 107
4360 0.058068 107
4361 0.109225 107
4362 0.216307 107
4363 0.293406 107
4364 0.244890 107
4365 0.375818 107
4366 0.371623 107
4367 0.517213 107
4368 0.439516 107
4369 0.136144 107
4370 0.391565 107
4371 0.088591 107
4372 0.259267 107
4373 0.256084 107
4374 0.116622 107
4375 0.182049 107
4376 0.168599 107
4377 0.267971 107
4378 0.327712 107
4379 4.200528 107
4380 7.071919 107
4381 17.647627 107
4382 8.627099 107
4383 15.762765 107
4384 5.965042 107
4385 5.771740 107
4386 8.729931 107
4387 6.473171 107
4388 409.930454 107
4389 2.536245 107
4390 5.369001 107
4391 11.799124 107
4392 77.195920 107
4393 11.685832 107
4394 2.928955 107
4395 5.587997 107
4396 5.099586 107
4397 7.190803 107
4398 6.085373 107
4399 5.602665 107
4400 2.132050 90
4401 4.485401 90
4402 5.167250 90
4403 6.855117 90
4404 5.249249 90
4405 5.720141 90
4406 3.640129 90
4407 3.734204 90
4408 3.389883 90
4409 4.416738 90
4410 3.438167 90
4411 2.697735 90
4412 3.981933 90
4413 2.509989 90
4414 23.298220 90
4415 4.849608 90
4416 103.941436 90
4417 1.552413 90
4418 22.093157 90
4419 61.866472 90
4420 4.612965 90
4421 1.595743 90
4422 39.682824 90
4423 33.911590 90
4424 4.473772 90
4425 1.803940 90
4426 22.603016 90
4427 72.942987 90
4428 3.664320 90
4429 13.753610 90
4430 4.049775 90
4431 3.619875 90
4432 81.204901 90
4433 16.159917 90
4434 4.693761 90
4435 100.762162 90
4436 5.441112 90
4437 2.077838 90
4438 43.626264 90
4439 58.259401 90
4440 5.009097 90
4441 2.198381 90
4442 47.386228 90
4443 5.625364 90
4444 68.826559 90
4445 2.367563 90
4446 26.522221 90
4447 5.903017 90
4448 106.279570 90
4449 3.324820 90
4450 12.324061 104
4451 66.520780 104
4452 4.523786 104
4453 2.531464 104
4454 0.941768 104
4455 1.820863 104
4456 1.799185 104
4457 5.077537 104
4458 1.445342 104
4459 3.396544 104
4460 5.140355 104
4461 11.233728 104
4462 3.192529 104
4463 5.391900 104
4464 1.522543 104
4465 3.726877 104
4466 4.613750 104
4467 2.597508 104
4468 3.090163 104
4469 6.816708 104
4470 1.661245 104
4471 2.893433 104
4472 5.351164 104
4473 21.452857 104
4474 46.467966 104
4475 3.187079 104
4476 7.100970 104
4477 14.865780 104
4478 1.956501 104
4479 1.967506 104
4480 7.060551 104
4481 1.472785 104
4482 1.502601 104
4483 0.001913 104
4484 2.198799 104
4485 2.376491 104
4486 2.758805 104
4487 4.182643 104
4488 2.879538 104
4489 1.940886 104
4490 3.504416 104
4491 4.525687 104
4492 21.702227 104
4493 4.461090 104
4494 2.937247 104
4495 0.617509 104
4496 5.772771 104
4497 3.553510 104
4498 4.265165 104
4499 19.798085 104
