0 0.455015 118
1 1.727072 118
2 2.167737 118
3 1.060396 118
4 0.992684 118
5 0.000000 118
6 0.557699 118
7 13.791815 118
8 0.638330 118
9 0.589537 118
10 0.564184 118
11 0.660039 118
12 17.212888 118
13 1.901567 118
14 0.447309 118
15 0.661792 118
16 1.618435 118
17 1.592855 118
18 0.642985 118
19 1.363835 118
20 1.424002 118
21 0.465263 118
22 1.126172 118
23 0.666330 118
24 0.853601 118
25 0.991704 118
26 0.908462 118
27 5.730458 118
28 0.860722 118
29 0.701103 118
30 1.516085 118
31 0.763955 118
32 0.445513 118
33 1.285072 118
34 1.281939 118
35 0.770010 118
36 1.266829 118
37 0.467680 118
38 1.043344 118
39 1.043871 118
40 1.255881 118
41 1.028825 118
42 0.909047 118
43 0.878184 118
44 1.571740 118
45 0.788305 118
46 1.364729 118
47 2.158591 118
48 3.784625 118
49 0.889802 118
50 0.465344 117
51 0.623891 117
52 0.654196 117
53 0.720423 117
54 0.313770 117
55 0.292939 117
56 0.556588 117
57 0.546792 117
58 0.402374 117
59 0.000000 117
60 0.043257 117
61 2.984881 117
62 0.596333 117
63 0.645410 117
64 0.598780 117
65 0.793517 117
66 0.421594 117
67 0.706099 117
68 2.217181 117
69 1.237623 117
70 3.316669 117
71 3.115171 117
72 3.336056 117
73 0.914518 117
74 2.229761 117
75 1.936176 117
76 1.880501 117
77 2.507350 117
78 2.524484 117
79 2.488169 117
80 2.542465 117
81 1.946602 117
82 2.007198 117
83 0.989528 117
84 1.085341 117
85 1.392410 117
86 2.728514 117
87 4.904783 117
88 2.952809 117
89 5.295803 117
90 0.000000 117
91 0.568029 117
92 2.596509 117
93 1.680276 117
94 5.883568 117
95 0.000000 117
96 0.243156 117
97 2.520754 117
98 4.877132 117
99 5.205723 117
100 2.183272 96
101 4.578743 96
102 4.052833 96
103 4.366622 96
104 1.457486 96
105 3.058290 96
106 3.501773 96
107 2.119518 96
108 4.874046 96
109 0.775502 96
110 4.354358 96
111 29.194364 96
112 38.138643 96
113 1.623392 96
114 3.663901 96
115 3.748218 96
116 1.175609 96
117 1.607587 96
118 3.793036 96
119 3.938869 96
120 1.788417 96
121 1.615609 96
122 21.421810 96
123 1.698490 96
124 0.955456 96
125 2.517042 96
126 5.405338 96
127 3.336038 96
128 1.622153 96
129 24.562225 96
130 1.122358 96
131 1.336077 96
132 1.567699 96
133 0.735880 96
134 2.494616 96
135 2.820187 96
136 9.220476 96
137 1.311853 96
138 1.951215 96
139 2.003165 96
140 20.463610 96
141 1.254891 96
142 2.887486 96
143 0.930741 96
144 0.704117 96
145 1.112841 96
146 2.973859 96
147 1.525566 96
148 0.882862 96
149 1.974886 96
150 0.915160 105
151 1.913135 105
152 1.475216 105
153 0.379127 105
154 0.767690 105
155 1.706862 105
156 2.384624 105
157 0.573696 105
158 1.019428 105
159 1.434743 105
160 29.876762 105
161 0.701065 105
162 0.761146 105
163 0.941138 105
164 3.940150 105
165 3.397973 105
166 3.637720 105
167 1.752125 105
168 3.940752 105
169 0.000000 105
170 0.000000 105
171 30.805576 105
172 3.419142 105
173 3.888356 105
174 3.997131 105
175 5.416529 105
176 5.861746 105
177 6.961485 105
178 6.257460 105
179 0.057352 105
180 1.096074 105
181 7.701124 105
182 7.321995 105
183 7.933421 105
184 8.031167 105
185 9.043920 105
186 8.541674 105
187 0.097599 105
188 1.585469 105
189 9.176492 105
190 7.802285 105
191 0.109888 105
192 2.136869 105
193 8.388486 105
194 9.610932 105
195 0.112098 105
196 1.851067 105
197 9.462053 105
198 9.035741 105
199 8.870395 105
200 0.099018 100
201 1.940999 100
202 2.396422 100
203 2.829275 100
204 2.898314 100
205 3.525772 100
206 3.552180 100
207 3.884667 100
208 0.104180 100
209 1.281117 100
210 4.742779 100
211 5.167639 100
212 5.207770 100
213 5.576780 100
214 5.751767 100
215 5.713818 100
216 6.536580 100
217 7.032830 100
218 7.075425 100
219 7.217921 100
220 7.235234 100
221 6.970662 100
222 7.108709 100
223 7.642612 100
224 7.571295 100
225 7.127994 100
226 7.126071 100
227 0.130548 100
228 1.960135 100
229 7.556779 100
230 7.243460 100
231 0.125226 100
232 1.996170 100
233 7.516153 100
234 7.488268 100
235 7.338419 100
236 8.215147 100
237 8.003370 100
238 8.043980 100
239 7.432959 100
240 7.573018 100
241 7.788970 100
242 7.292937 100
243 7.816964 100
244 7.511848 100
245 8.081181 100
246 8.109956 100
247 0.134659 100
248 1.845622 100
249 7.773225 100
250 0.288935 105
251 3.529347 105
252 4.458793 105
253 0.120922 105
254 2.742700 105
255 6.085350 105
256 5.037102 105
257 5.997803 105
258 6.156334 105
259 6.106527 105
260 5.685447 105
261 6.615875 105
262 7.369067 105
263 7.155786 105
264 8.188384 105
265 7.523602 105
266 8.249333 105
267 7.776304 105
268 8.524217 105
269 8.552461 105
270 8.004917 105
271 0.143258 105
272 0.125471 105
273 0.130120 105
274 0.130454 105
275 0.125494 105
276 2.297378 105
277 9.331483 105
278 8.684183 105
279 0.129872 105
280 2.884802 105
281 9.288456 105
282 8.275593 105
283 7.705277 105
284 7.754492 105
285 8.751566 105
286 8.625452 105
287 8.181445 105
288 8.099390 105
289 9.208111 105
290 8.895220 105
291 0.140857 105
292 1.981452 105
293 9.362450 105
294 9.072936 105
295 9.211561 105
296 9.151896 105
297 9.541378 105
298 8.131313 105
299 8.692772 105
300 0.342136 105
301 2.370730 105
302 3.735372 105
303 3.844171 105
304 5.092819 105
305 3.473020 105
306 3.179830 105
307 3.446297 105
308 5.208003 105
309 4.635177 105
310 5.877288 105
311 6.388779 105
312 6.946995 105
313 7.116239 105
314 7.497196 105
315 7.452221 105
316 7.533897 105
317 8.316097 105
318 7.781883 105
319 8.312857 105
320 8.846290 105
321 8.811929 105
322 8.250210 105
323 8.393779 105
324 8.318215 105
325 8.973267 105
326 8.505337 105
327 8.185003 105
328 8.094095 105
329 8.414238 105
330 9.112112 105
331 8.376720 105
332 8.582200 105
333 7.952098 105
334 8.898821 105
335 8.573331 105
336 8.893379 105
337 7.500923 105
338 0.151989 105
339 3.294414 105
340 9.128016 105
341 9.519961 105
342 8.898352 105
343 8.726995 105
344 9.266925 105
345 8.810363 105
346 8.920180 105
347 8.823671 105
348 9.068294 105
349 9.180425 105
350 0.059200 111
351 1.242941 111
352 3.689126 111
353 3.518833 111
354 4.159854 111
355 0.091252 111
356 0.075645 111
357 0.063090 111
358 0.069877 111
359 1.504383 111
360 6.364133 111
361 5.547169 111
362 0.077216 111
363 1.380119 111
364 0.081996 111
365 1.644438 111
366 0.087568 111
367 0.082090 111
368 1.881950 111
369 8.315374 111
370 0.099158 111
371 0.096224 111
372 0.100851 111
373 1.893968 111
374 0.106157 111
375 1.980438 111
376 7.701622 111
377 8.244707 111
378 0.113069 111
379 0.112128 111
380 2.297582 111
381 8.567368 111
382 8.543273 111
383 0.132640 111
384 0.136572 111
385 1.936769 111
386 8.832392 111
387 8.955110 111
388 0.146078 111
389 0.145977 111
390 0.157590 111
391 0.169418 111
392 2.268781 111
393 8.522676 111
394 0.197430 111
395 0.205818 111
396 2.362220 111
397 0.255560 111
398 0.271508 111
399 0.305108 111
400 0.449633 104
401 3.157068 104
402 4.573835 104
403 4.612724 104
404 0.140365 104
405 0.126880 104
406 0.098839 104
407 0.101735 104
408 1.427553 104
409 0.103646 104
410 0.000000 104
411 0.000000 104
412 0.000000 104
413 0.000000 104
414 0.000000 104
415 0.000000 104
416 0.000000 104
417 0.000000 104
418 0.000000 104
419 0.000000 104
420 0.000000 104
421 0.000000 104
422 0.000000 104
423 0.000000 104
424 0.000000 104
425 0.000000 104
426 0.000000 104
427 0.000000 104
428 0.000000 104
429 0.000000 104
430 0.000000 104
431 0.000000 104
432 0.000000 104
433 0.000000 104
434 0.000000 104
435 0.000000 104
436 0.000000 104
437 0.000000 104
438 0.000000 104
439 0.000000 104
440 0.000000 104
441 0.000000 104
442 0.000000 104
443 0.000000 104
444 0.000000 104
445 0.000000 104
446 0.000000 104
447 0.000000 104
448 0.000000 104
449 0.000000 104
450 0.000000 109
451 0.000000 109
452 0.000000 109
453 0.000000 109
454 0.000000 109
455 0.000000 109
456 0.000000 109
457 0.000000 109
458 0.000000 109
459 0.017288 109
460 13.784777 109
461 2.324597 109
462 4.884107 109
463 4.762983 109
464 5.293816 109
465 8.427942 109
466 1.550104 109
467 2.492237 109
468 5.557920 109
469 12.128128 109
470 1.820815 109
471 1.575024 109
472 1.405809 109
473 2.282100 109
474 3.383377 109
475 1.540136 109
476 1.486948 109
477 1.531251 109
478 1.725043 109
479 1.622526 109
480 4.408415 109
481 1.871763 109
482 0.001553 109
483 3.631550 109
484 7.524530 109
485 5.421677 109
486 3.256690 109
487 6.288305 109
488 6.650775 109
489 2.901012 109
490 4.011551 109
491 8.454014 109
492 8.579953 109
493 1.966069 109
494 3.784051 109
495 4.052463 109
496 1.576400 109
497 7.360233 109
498 5.407653 109
499 0.900763 109
500 0.765816 116
501 3.976103 116
502 12.505277 116
503 5.406864 116
504 1.140060 116
505 1.594721 116
506 1.688743 116
507 1.646263 116
508 0.560301 116
509 3.497010 116
510 19.274074 116
511 0.825603 116
512 1.091248 116
513 0.000000 116
514 0.722071 116
515 2.613018 116
516 1.341347 116
517 1.799132 116
518 2.820221 116
519 3.173888 116
520 2.165723 116
521 2.423964 116
522 3.419292 116
523 11.543224 116
524 1.748898 116
525 2.728022 116
526 0.000000 116
527 14.196709 116
528 1.297039 116
529 1.515438 116
530 0.816670 116
531 1.759108 116
532 1.589424 116
533 2.265369 116
534 5.057630 116
535 2.747779 116
536 3.935631 116
537 2.016445 116
538 1.854704 116
539 4.325312 116
540 4.878234 116
541 3.063133 116
542 2.097944 116
543 0.308876 116
544 0.514347 116
545 1.782553 116
546 0.000000 116
547 1.556275 116
548 0.820760 116
549 10.613700 116
550 10.972336 105
551 75.189016 105
552 14.798228 105
553 1.887214 105
554 1.168474 105
555 1.153700 105
556 1.277623 105
557 18.030201 105
558 1.254398 105
559 83.205629 105
560 1.149437 105
561 23.608740 105
562 5.722050 105
563 3.621198 105
564 1.460809 105
565 44.330151 105
566 1.530626 105
567 175.892600 105
568 2.747791 105
569 0.331842 105
570 0.754132 105
571 0.468129 105
572 1.140166 105
573 1.248521 105
574 1.109896 105
575 1.148164 105
576 1.053183 105
577 1.605826 105
578 0.983370 105
579 1.690747 105
580 1.499999 105
581 1.429919 105
582 1.409919 105
583 1.343000 105
584 1.499866 105
585 1.425406 105
586 0.475096 105
587 0.633823 105
588 0.532613 105
589 1.706555 105
590 0.987662 105
591 0.432618 105
592 0.000000 105
593 0.364976 105
594 0.790174 105
595 0.941074 105
596 0.888760 105
597 0.862345 105
598 0.397095 105
599 0.765873 105
600 0.443973 114
601 0.888451 114
602 0.823670 114
603 0.288748 114
604 0.706793 114
605 0.905924 114
606 0.802403 114
607 0.869797 114
608 2.792892 114
609 0.428626 114
610 0.857368 114
611 0.331102 114
612 0.750616 114
613 0.852100 114
614 0.914368 114
615 0.910741 114
616 1.945513 114
617 2.681735 114
618 0.228876 114
619 0.967973 114
620 0.779821 114
621 0.310505 114
622 0.000000 114
623 0.000000 114
624 0.000000 114
625 0.687623 114
626 0.138676 114
627 0.148127 114
628 0.149482 114
629 0.171283 114
630 0.530694 114
631 0.383473 114
632 2.940302 114
633 2.972259 114
634 0.580729 114
635 0.691906 114
636 0.535745 114
637 0.484337 114
638 0.457021 114
639 0.654167 114
640 0.482360 114
641 0.383202 114
642 0.365174 114
643 0.444582 114
644 0.262232 114
645 0.572278 114
646 0.510557 114
647 0.582937 114
648 0.451066 114
649 1.493304 114
650 0.166357 109
651 0.598692 109
652 1.476380 109
653 0.514033 109
654 0.267287 109
655 6.662807 109
656 1.126004 109
657 0.453180 109
658 0.447741 109
659 0.094711 109
660 0.820000 109
661 0.346299 109
662 0.857373 109
663 0.603341 109
664 0.628700 109
665 0.419096 109
666 0.367148 109
667 0.667888 109
668 1.533426 109
669 0.583906 109
670 1.253924 109
671 0.684692 109
672 0.399155 109
673 0.544623 109
674 0.399579 109
675 0.381737 109
676 0.000000 109
677 0.555401 109
678 2.260588 109
679 0.000000 109
680 0.325505 109
681 4.929386 109
682 1.251237 109
683 0.050978 109
684 0.527479 109
685 0.915568 109
686 0.347706 109
687 0.313880 109
688 0.477704 109
689 1.127358 109
690 0.699212 109
691 0.306469 109
692 0.266608 109
693 0.537791 109
694 0.527447 109
695 0.429667 109
696 0.549697 109
697 257.531994 109
698 0.268916 109
699 0.627984 109
700 0.634637 99
701 1.619538 99
702 0.377580 99
703 0.986854 99
704 0.536023 99
705 0.286407 99
706 0.346066 99
707 0.373847 99
708 0.313047 99
709 0.509896 99
710 0.629097 99
711 0.392240 99
712 0.657843 99
713 0.521553 99
714 12.038498 99
715 4.769639 99
716 12.417494 99
717 7.163465 99
718 0.608968 99
719 0.919590 99
720 0.288895 99
721 0.279199 99
722 0.659686 99
723 0.569042 99
724 0.497985 99
725 0.231689 99
726 0.112724 99
727 0.056526 99
728 0.172698 99
729 0.480594 99
730 0.486384 99
731 0.252407 99
732 0.034055 99
733 0.224592 99
734 0.118491 99
735 0.157068 99
736 3.331497 99
737 0.630632 99
738 40.682876 99
739 79.528048 99
740 79.212488 99
741 1.077940 99
742 2.115522 99
743 2.296087 99
744 1.742415 99
745 2.974205 99
746 1.084636 99
747 2.468531 99
748 2.909479 99
749 1.563281 99
750 8.651908 100
751 1.575191 100
752 0.765431 100
753 2.022571 100
754 1.512917 100
755 14.104046 100
756 9.336989 100
757 68.329634 100
758 0.987045 100
759 10.521379 100
760 1.087887 100
761 18.034455 100
762 0.559534 100
763 3.691843 100
764 4.846373 100
765 1.436479 100
766 0.798375 100
767 3.807221 100
768 1.330871 100
769 0.809300 100
770 5.156187 100
771 0.607095 100
772 0.394421 100
773 0.280182 100
774 0.705826 100
775 1.852178 100
776 0.000000 100
777 1.587125 100
778 0.965114 100
779 0.678082 100
780 1.725801 100
781 2.414350 100
782 4.946706 100
783 1.141306 100
784 1.568037 100
785 1.314202 100
786 3.147588 100
787 1.296976 100
788 2.643996 100
789 0.604089 100
790 0.795730 100
791 51.765191 100
792 2.082948 100
793 1.234453 100
794 1.066433 100
795 1.054185 100
796 1.050130 100
797 0.770702 100
798 0.765003 100
799 0.951689 100
800 44.572605 113
801 3.571232 113
802 1.387425 113
803 16.148919 113
804 2.080446 113
805 1.030652 113
806 17.947550 113
807 1.469908 113
808 0.320297 113
809 3.920514 113
810 6.963046 113
811 1.517710 113
812 1.287174 113
813 3.962231 113
814 2.573734 113
815 0.743551 113
816 9.193271 113
817 6.533423 113
818 5.028064 113
819 4.303500 113
820 4.272090 113
821 4.917316 113
822 1.366317 113
823 1.381272 113
824 0.047380 113
825 5.144341 113
826 1.253640 113
827 2.760560 113
828 1.831907 113
829 6.436630 113
830 11.401681 113
831 9.194714 113
832 67.289716 113
833 1.397040 113
834 1.597405 113
835 0.966226 113
836 1.163277 113
837 1.007547 113
838 1.277372 113
839 8.381985 113
840 14.967598 113
841 0.244670 113
842 2.701681 113
843 2.144171 113
844 1.418887 113
845 2.183875 113
846 175.297278 113
847 1.819949 113
848 2.282856 113
849 1.275907 113
850 12.556557 110
851 0.862043 110
852 2.381568 110
853 1.916741 110
854 2.239192 110
855 5.200744 110
856 4.144167 110
857 2.014249 110
858 4.956593 110
859 5.476375 110
860 3.055142 110
861 3.470193 110
862 1.467563 110
863 1.705035 110
864 1.129221 110
865 1.697740 110
866 0.000000 110
867 0.131362 110
868 0.000000 110
869 0.000000 110
870 0.103412 110
871 0.000000 110
872 0.086586 110
873 0.000000 110
874 0.000000 110
875 0.000000 110
876 0.000000 110
877 0.000000 110
878 0.000000 110
879 0.000000 110
880 0.000000 110
881 0.000000 110
882 0.000000 110
883 0.000000 110
884 0.000000 110
885 0.000000 110
886 0.000000 110
887 0.000000 110
888 0.000000 110
889 0.000000 110
890 0.000000 110
891 0.000000 110
892 0.130194 110
893 0.000980 110
894 0.239344 110
895 1.604909 110
896 5.368423 110
897 5.044791 110
898 2.395984 110
899 5.177347 110
900 1.703685 105
901 0.526884 105
902 9.461655 105
903 19.062093 105
904 18.923267 104
905 7.151677 105
906 2.989181 105
907 3.139048 105
908 6.208550 105
909 2.782749 105
910 2.701434 105
911 6.838678 105
912 2.747861 105
913 2.782656 105
914 1.426246 105
915 3.113420 105
916 2.319084 105
917 0.000000 105
918 0.000000 105
919 0.000000 105
920 0.000000 105
921 0.000000 105
922 0.000000 105
923 0.000000 105
924 0.000000 105
925 0.000000 105
926 0.000000 105
927 0.000000 105
928 0.000000 105
929 0.000000 105
930 0.000000 105
931 3.209308 105
932 3.885186 105
933 2.698894 105
934 4.831476 105
935 6.046251 105
936 13.176443 105
937 5.146619 105
938 4.231563 105
939 0.975233 105
940 3.157319 105
941 3.715464 105
942 3.690912 105
943 4.162673 105
944 2.201862 105
945 1.398833 105
946 1.942220 105
947 2.540486 105
948 2.082631 105
949 4.918513 105
950 2.173396 105
951 38.434873 105
952 1.875828 105
953 2.218157 105
954 2.007366 105
955 2.845989 105
956 1.493013 105
957 3.168308 105
958 4.848595 105
959 4.406666 105
960 1.509537 105
961 4.534379 105
962 3.528450 105
963 4.471352 105
964 1.446417 105
965 3.030868 105
966 3.579387 105
967 16.662377 105
968 30.169293 105
969 26.130044 105
970 28.477433 105
971 30.113929 105
972 2.035465 105
973 1.932221 105
974 2.498311 105
975 4.639053 105
976 1.468179 105
977 0.677027 105
978 2.464480 105
979 1.282448 105
980 1.373309 105
981 16.458563 105
982 2.101529 105
983 1.509532 105
984 2.153248 105
985 7.865140 105
986 1.570539 105
987 4.569810 105
988 1.720299 105
989 0.130858 105
990 1.915633 105
991 1.255231 105
992 1.809095 105
993 1.984178 105
994 0.906222 105
995 0.955088 105
996 1.504883 105
997 2.038047 105
998 3.411632 105
999 0.665357 105
1000 1.585689 86
1001 1.534102 86
1002 0.946789 86
1003 2.396991 86
1004 0.988493 86
1005 1.161727 86
1006 4.729763 86
1007 1.145138 86
1008 0.876727 86
1009 0.989821 86
1010 1.416789 86
1011 1.186289 86
1012 5.554757 86
1013 14.863001 86
1014 2.043847 86
1015 1.527594 86
1016 4.509986 86
1017 6.623046 86
1018 6.196441 86
1019 5.705307 86
1020 6.389319 86
1021 6.428936 86
1022 6.270428 86
1023 5.552932 86
1024 6.452051 86
1025 5.839235 86
1026 5.955359 86
1027 6.043465 86
1028 6.532188 86
1029 5.596215 86
1030 6.509447 86
1031 6.211842 86
1032 1.573008 86
1033 3.358512 86
1034 3.591350 86
1035 1.833781 86
1036 4.557604 86
1037 1.375217 86
1038 3.519119 86
1039 2.770250 86
1040 1.772841 86
1041 4.411676 86
1042 2.212265 86
1043 0.004456 86
1044 0.000000 86
1045 0.000000 86
1046 1.198493 86
1047 2.324021 86
1048 2.446746 86
1049 5.990161 86
1050 10.516324 106
1051 11.011902 106
1052 11.698744 106
1053 2.208945 106
1054 5.077679 106
1055 2.129666 106
1056 4.746371 106
1057 5.552232 106
1058 2.419313 106
1059 6.222677 106
1060 7.316350 106
1061 24.199551 106
1062 101.901795 106
1063 120.876425 106
1064 163.810098 106
1065 73.582856 106
1066 213.797453 106
1067 42.631732 106
1068 156.035650 106
1069 80.209071 106
1070 70.297969 106
1071 162.121847 106
1072 93.545246 106
1073 148.033668 106
1074 46.898883 106
1075 70.676647 106
1076 147.976667 106
1077 101.502217 106
1078 186.245561 106
1079 237.861067 106
1080 65.602344 106
1081 76.735479 106
1082 173.754248 106
1083 146.899896 106
1084 139.550895 106
1085 48.175790 106
1086 98.900810 106
1087 0.601865 106
1088 1.392572 106
1089 1.171598 106
1090 0.695716 106
1091 1.424780 106
1092 0.977389 106
1093 0.802535 106
1094 2.040157 106
1095 1.035272 106
1096 2.999236 106
1097 4.220189 106
1098 4.385748 106
1099 7.429205 106
1100 2.460547 119
1101 1.673329 119
1102 270.177590 119
1103 0.730472 119
1104 0.851492 119
1105 0.853251 119
1106 0.774169 119
1107 0.911079 119
1108 2.094216 119
1109 5.896065 119
1110 7.553704 119
1111 6.177284 119
1112 0.065675 119
1113 22.336765 119
1114 0.850711 119
1115 1.026293 119
1116 0.976218 119
1117 2.543253 119
1118 2.438924 119
1119 1.835701 119
1120 3.310064 119
1121 3.202284 119
1122 0.489446 119
1123 1.259762 119
1124 1.232347 119
1125 0.434392 119
1126 2.436534 119
1127 5.930640 119
1128 6.187877 119
1129 2.374987 119
1130 2.123717 119
1131 2.904455 119
1132 1.307163 119
1133 2.138735 119
1134 3.399131 119
1135 10.105096 119
1136 63.627937 119
1137 2.221047 119
1138 6.405238 119
1139 0.302780 119
1140 0.971798 119
1141 0.775217 119
1142 0.000000 119
1143 0.553446 119
1144 0.813252 119
1145 4.975929 119
1146 10.544594 119
1147 66.734166 119
1148 7.952298 119
1149 3.085214 119
1150 2.151278 110
1151 5.428871 110
1152 4.914428 107
1153 2.032103 110
1154 2.526151 110
1155 2.617388 110
1156 1.492335 110
1157 4.224241 110
1158 1.390146 110
1159 2.927885 110
1160 11.173107 110
1161 45.744167 110
1162 6.991957 110
1163 21.950657 110
1164 7.030336 110
1165 3.850746 110
1166 6.214754 110
1167 1.673275 110
1168 1.496616 110
1169 5.961853 110
1170 0.399287 110
1171 1.152918 110
1172 0.567604 110
1173 0.891807 110
1174 0.555134 110
1175 0.876815 110
1176 0.513095 110
1177 1.221707 110
1178 0.591400 110
1179 0.936893 110
1180 0.539117 110
1181 0.852729 110
1182 1.894390 110
1183 1.346327 110
1184 6.642093 110
1185 14.260591 110
1186 0.964062 110
1187 1.831563 110
1188 0.000000 110
1189 0.000000 110
1190 6.025070 110
1191 8.112340 110
1192 32.450527 110
1193 1.691657 110
1194 3.891650 110
1195 2.580235 110
1196 6.942328 110
1197 3.809296 110
1198 2.484421 110
1199 3.534142 110
1200 16.632071 111
1201 43.235451 111
1202 1.384110 111
1203 5.627771 111
1204 0.000000 111
1205 3.148130 111
1206 11.210798 111
1207 5.317107 111
1208 2.077391 111
1209 3.120592 111
1210 0.224724 111
1211 35.200453 111
1212 22.925914 111
1213 5.995626 111
1214 5.206918 111
1215 0.418117 111
1216 1.179783 111
1217 1.345510 111
1218 3.940722 111
1219 1.768400 111
1220 1.044890 111
1221 0.000000 111
1222 1.565659 111
1223 8.270289 111
1224 8.972844 111
1225 1.750433 111
1226 1.522170 111
1227 17.949343 111
1228 2.440220 111
1229 2.544169 111
1230 36.149101 111
1231 1.686059 111
1232 4.242411 111
1233 2.065361 111
1234 4.801653 111
1235 34.142131 111
1236 0.553266 111
1237 1.006441 111
1238 2.945447 111
1239 1.287445 111
1240 2.232917 111
1241 5.914032 111
1242 0.994686 111
1243 0.000000 111
1244 1.823118 111
1245 7.679809 111
1246 51.110400 111
1247 1.010132 111
1248 0.492671 111
1249 0.550887 111
1250 23.844069 113
1251 1.500237 113
1252 3.761708 113
1253 3.428470 113
1254 18.566108 113
1255 3.860993 113
1256 1.217160 113
1257 4.127868 113
1258 1.970201 113
1259 0.557598 113
1260 2.485729 113
1261 1.276196 113
1262 5.389137 113
1263 6.251938 113
1264 0.929877 113
1265 0.892709 113
1266 2.399775 113
1267 1.721342 113
1268 15.853060 113
1269 2.278934 113
1270 3.222198 113
1271 6.337286 113
1272 6.556708 113
1273 6.596479 113
1274 6.541127 113
1275 6.787553 113
1276 6.644296 113
1277 4.862538 113
1278 2.251927 113
1279 0.615315 113
1280 0.621043 113
1281 0.812238 113
1282 0.000000 113
1283 0.592345 113
1284 0.699778 113
1285 7.481931 113
1286 4.721012 113
1287 17.021614 113
1288 2.057177 113
1289 4.422660 113
1290 0.164010 113
1291 17.733220 113
1292 18.083699 113
1293 1.664344 113
1294 2.055320 113
1295 0.915532 113
1296 1.935283 113
1297 1.792403 113
1298 421.998253 113
1299 0.000000 113
1300 0.560686 109
1301 1.158386 109
1302 1.066931 109
1303 0.445292 109
1304 1.089172 109
1305 0.504193 109
1306 2.834788 109
1307 0.482162 109
1308 1.002824 109
1309 1.060045 109
1310 1.119544 109
1311 2.665638 109
1312 2.620865 109
1313 2.162378 109
1314 7.758691 109
1315 0.695710 109
1316 1.513255 109
1317 1.368243 109
1318 0.688672 109
1319 1.735206 109
1320 1.146952 109
1321 3.107081 109
1322 0.149893 109
1323 0.894020 109
1324 1.450699 109
1325 1.215643 109
1326 0.788786 109
1327 0.014572 109
1328 1.766127 109
1329 0.125607 109
1330 30.106221 109
1331 1.763304 109
1332 2.153186 109
1333 1.037405 109
1334 1.759358 109
1335 2.129061 109
1336 2.170159 109
1337 2.430253 109
1338 2.531651 109
1339 2.615055 109
1340 2.700849 109
1341 2.754071 109
1342 2.607026 109
1343 2.900317 109
1344 3.042367 109
1345 2.799936 109
1346 3.152834 109
1347 3.060905 109
1348 3.139719 109
1349 3.081691 109
1350 1.484277 100
1351 2.332209 100
1352 2.217027 100
1353 2.356309 100
1354 2.316461 100
1355 2.183119 100
1356 2.195564 100
1357 2.201955 100
1358 2.264703 100
1359 2.226731 100
1360 2.490735 100
1361 2.110593 100
1362 2.210936 100
1363 2.483516 100
1364 4.244981 100
1365 2.544678 100
1366 2.445708 100
1367 2.399647 100
1368 2.272283 100
1369 2.390015 100
1370 2.531299 100
1371 2.337199 100
1372 2.593065 100
1373 2.176562 100
1374 2.288121 100
1375 2.206879 100
1376 2.244758 100
1377 2.717342 100
1378 2.456273 100
1379 2.692068 100
1380 2.481826 100
1381 2.360529 100
1382 2.488055 100
1383 2.924930 100
1384 2.416582 100
1385 2.940443 100
1386 18.308485 100
1387 90.247266 100
1388 52.126888 100
1389 50.141292 100
1390 51.727833 100
1391 100.198291 100
1392 124.089806 100
1393 259.717070 100
1394 111.320071 100
1395 129.457838 100
1396 31.823637 100
1397 75.200470 100
1398 49.858573 100
1399 108.604428 100
1400 17.118560 98
1401 73.334585 98
1402 40.824279 98
1403 49.683552 98
1404 59.043971 98
1405 94.746779 98
1406 48.039613 98
1407 204.339110 98
1408 45.621252 98
1409 61.996931 98
1410 87.700640 98
1411 91.127886 98
1412 48.820021 98
1413 118.833734 98
1414 113.775214 98
1415 44.396744 98
1416 104.536448 98
1417 15.859331 98
1418 77.702006 98
1419 89.772429 98
1420 124.367721 98
1421 45.330425 98
1422 46.319272 98
1423 27.360162 98
1424 219.094993 98
1425 91.794873 98
1426 45.608705 98
1427 97.025782 98
1428 62.977117 98
1429 116.388325 98
1430 70.026536 98
1431 53.876501 98
1432 126.425169 98
1433 1.214070 98
1434 3.548778 98
1435 0.000000 98
1436 0.011584 98
1437 0.000000 98
1438 0.000000 98
1439 0.000000 98
1440 0.193014 98
1441 3.388079 98
1442 2.922176 98
1443 0.255208 98
1444 1.166122 98
1445 2.571812 98
1446 22.420206 98
1447 1.425003 98
1448 1.362001 98
1449 2.328541 98
1450 1.709522 92
1451 2.673688 92
1452 2.945651 92
1453 3.542100 92
1454 0.004042 92
1455 1.163821 92
1456 0.000000 92
1457 1.366312 92
1458 1.590671 92
1459 2.172692 92
1460 1.595178 92
1461 2.721891 92
1462 1.667704 92
1463 3.865367 92
1464 2.663446 92
1465 0.778958 92
1466 2.042568 92
1467 2.100479 92
1468 2.299904 92
1469 2.488047 92
1470 1.524793 92
1471 1.857963 92
1472 4.548131 92
1473 7.715460 92
1474 2.516141 92
1475 4.672020 92
1476 1.880520 92
1477 3.868430 92
1478 1.219597 92
1479 1.550821 92
1480 1.100848 92
1481 0.851165 92
1482 4.973705 92
1483 1.281471 92
1484 3.881361 92
1485 0.819553 92
1486 4.802223 92
1487 2.355077 92
1488 0.883871 92
1489 2.821671 92
1490 1.175574 92
1491 2.225812 92
1492 3.920429 92
1493 1.573041 92
1494 2.463627 92
1495 30.242021 92
1496 1.790935 92
1497 1.136067 92
1498 1.150373 92
1499 0.995798 92
1500 0.522951 107
1501 1.117935 107
1502 5.034395 107
1503 1.604648 107
1504 1.503865 107
1505 1.293179 107
1506 1.455525 107
1507 1.403803 107
1508 1.447108 107
1509 1.377146 107
1510 1.549939 107
1511 0.493269 107
1512 0.153381 107
1513 0.976652 107
1514 1.789152 107
1515 1.256343 107
1516 1.882814 107
1517 0.701563 107
1518 0.633448 107
1519 11.071884 107
1520 55.070934 107
1521 0.374601 107
1522 1.098738 107
1523 0.657576 107
1524 2.863961 107
1525 1.205557 107
1526 3.072964 107
1527 2.907299 107
1528 0.000000 107
1529 0.000000 107
1530 0.000000 107
1531 0.000000 107
1532 1.249988 107
1533 2.085239 107
1534 2.404436 107
1535 2.323111 107
1536 111.722770 107
1537 0.970607 107
1538 0.950073 107
1539 0.830290 107
1540 0.979756 107
1541 1.021218 107
1542 1.000743 107
1543 1.019937 107
1544 1.011020 107
1545 1.182062 107
1546 1.542870 107
1547 0.000000 107
1548 1.037752 107
1549 2.652470 107
1550 2.061712 121
1551 0.936180 121
1552 0.694260 121
1553 2.372195 121
1554 6.330137 121
1555 0.601738 121
1556 3.133507 121
1557 0.823198 121
1558 1.758205 121
1559 1.614653 121
1560 1.359974 121
1561 2.027446 121
1562 1.282299 121
1563 0.474857 121
1564 1.168010 121
1565 2.781720 121
1566 2.603180 121
1567 3.074569 121
1568 0.662911 121
1569 0.583071 121
1570 0.048042 121
1571 1.815511 121
1572 1.368745 121
1573 1.747513 121
1574 1.275956 121
1575 0.179217 121
1576 9.427070 121
1577 1.025760 121
1578 0.807311 121
1579 1.319785 121
1580 1.630513 121
1581 2.900160 121
1582 2.649685 121
1583 2.858583 121
1584 9.407982 121
1585 12.407109 121
1586 0.000813 121
1587 0.000532 121
1588 0.000291 121
1589 0.000214 121
1590 0.001757 121
1591 0.001319 121
1592 0.001387 121
1593 0.013137 121
1594 0.001695 121
1595 0.000345 121
1596 0.003441 121
1597 0.004976 121
1598 2.333626 121
1599 5.436016 121
1600 1.994737 113
1601 2.166453 113
1602 4.601207 113
1603 4.136893 113
1604 4.448640 113
1605 1.646081 113
1606 4.351514 113
1607 4.103006 113
1608 1.186406 113
1609 3.785790 113
1610 3.558394 113
1611 1.854917 113
1612 4.260372 113
1613 1.748926 113
1614 4.785400 113
1615 2.393748 113
1616 3.945672 113
1617 4.428118 113
1618 4.609822 113
1619 5.064665 113
1620 0.900675 113
1621 11.480345 113
1622 1.876499 113
1623 1.152318 113
1624 1.158908 113
1625 2.037293 113
1626 1.270898 113
1627 2.228349 113
1628 1.232687 113
1629 2.273374 113
1630 28.928421 113
1631 92.192049 113
1632 2.357988 113
1633 1.168262 113
1634 36.382013 113
1635 1.248941 113
1636 0.000000 113
1637 0.000000 113
1638 0.000000 113
1639 4.463967 113
1640 0.988773 113
1641 0.984356 113
1642 2.076608 113
1643 4.916491 113
1644 2.720219 113
1645 6.002128 113
1646 1.145817 113
1647 2.805299 113
1648 0.542081 113
1649 1.203448 113
1650 1.896254 99
1651 2.400382 99
1652 2.643415 99
1653 0.466867 99
1654 39.942766 99
1655 11.801851 99
1656 1.786703 99
1657 1.765483 99
1658 1.474327 99
1659 1.214796 99
1660 1.546593 99
1661 2.703818 99
1662 2.080540 99
1663 2.007686 99
1664 0.247276 99
1665 1.551989 99
1666 1.644500 99
1667 0.625927 99
1668 1.276186 99
1669 1.634273 99
1670 0.585274 98
1671 1.452869 98
1672 0.056542 98
1673 0.019963 98
1674 0.031002 98
1675 0.022271 98
1676 0.013332 98
1677 0.018357 98
1678 0.029054 98
1679 0.277459 98
1680 0.020261 98
1681 0.360600 98
1682 2.001367 98
1683 4.499308 98
1684 4.401747 98
1685 0.521959 98
1686 0.728168 98
1687 3.918450 98
1688 2.030286 98
1689 0.960975 98
1690 105.099482 98
1691 2.091833 98
1692 97.484490 98
1693 0.602395 98
1694 1.624009 98
1695 3.612937 98
1696 1.587624 98
1697 3.529979 98
1698 1.275593 98
1699 3.395964 98
1700 1.213803 96
1701 2.651931 96
1702 2.568679 96
1703 0.705755 96
1704 0.693993 96
1705 2.333794 96
1706 5.320807 96
1707 6.153871 96
1708 4.782302 96
1709 4.171063 96
1710 10.904668 96
1711 33.080981 96
1712 32.226194 96
1713 32.523219 96
1714 0.987936 96
1715 1.622902 96
1716 0.751200 96
1717 1.995917 96
1718 9.601060 96
1719 1.191152 96
1720 0.843943 96
1721 0.855072 96
1722 1.142582 96
1723 3.601241 96
1724 1.166396 96
1725 0.825881 96
1726 46.506905 96
1727 9.237877 96
1728 17.461195 96
1729 0.764762 96
1730 0.937980 96
1731 1.011392 96
1732 3.726273 96
1733 31.892129 96
1734 1.365193 96
1735 1.243400 96
1736 1.468336 96
1737 2.174272 96
1738 1.669624 96
1739 0.168616 96
1740 1.246195 96
1741 0.974831 96
1742 167.755429 96
1743 2.393606 96
1744 2.158954 96
1745 1.346062 96
1746 1.278430 96
1747 32.888774 96
1748 0.368829 96
1749 7.285629 96
1750 3.304602 120
1751 2.351875 120
1752 0.837323 120
1753 1.503936 120
1754 3.528345 120
1755 3.723124 120
1756 21.554844 120
1757 1.174998 120
1758 0.941168 120
1759 30.475346 120
1760 2.142037 120
1761 2.368905 120
1762 2.381646 120
1763 2.475368 120
1764 1.778470 120
1765 2.362295 120
1766 2.698656 120
1767 2.105621 120
1768 2.773312 120
1769 0.000000 120
1770 0.000000 120
1771 0.606308 120
1772 1.193440 120
1773 4.282754 120
1774 1.553747 120
1775 3.467357 120
1776 0.440549 120
1777 0.852258 120
1778 1.032492 120
1779 1.693278 120
1780 1.147013 120
1781 7.620872 120
1782 7.461146 120
1783 22.553853 120
1784 13.167773 120
1785 0.838045 120
1786 0.969564 120
1787 0.000000 120
1788 1.252128 120
1789 1.360348 120
1790 2.023650 120
1791 0.061154 120
1792 1.556849 120
1793 3.287737 120
1794 3.514807 120
1795 0.784841 120
1796 0.745213 120
1797 1.765926 120
1798 0.768527 120
1799 0.743491 120
1800 0.419479 116
1801 2.254781 116
1802 0.547862 116
1803 0.711971 116
1804 1.662993 116
1805 0.629788 116
1806 0.675440 116
1807 0.000000 116
1808 1.505482 116
1809 2.006404 116
1810 0.556649 116
1811 0.041955 116
1812 0.425407 116
1813 2.258289 116
1814 2.956187 116
1815 3.124668 116
1816 8.754023 116
1817 0.874828 116
1818 0.803905 116
1819 1.581460 116
1820 1.214211 116
1821 157.502874 116
1822 197.342944 116
1823 2.065968 116
1824 2.239643 116
1825 0.894821 116
1826 1.079660 116
1827 6.126097 116
1828 6.302405 116
1829 6.082250 116
1830 1.125490 116
1831 25.712933 116
1832 95.120162 116
1833 1.296225 116
1834 14.979317 116
1835 1.148715 116
1836 13.214194 116
1837 1.133308 116
1838 0.599787 116
1839 2.114509 116
1840 1.068040 116
1841 7.635629 116
1842 14.628780 116
1843 6.776464 116
1844 2.100149 116
1845 1.261871 116
1846 1.333411 116
1847 0.684136 116
1848 0.690612 116
1849 0.809580 116
1850 1.021820 108
1851 10.603788 108
1852 0.453606 108
1853 0.742460 108
1854 1.550679 108
1855 1.642626 108
1856 0.510537 108
1857 0.618961 108
1858 1.290226 108
1859 1.605659 108
1860 1.226226 108
1861 1.025890 108
1862 78.432843 108
1863 0.399713 108
1864 1.275645 108
1865 1.542479 108
1866 0.639241 108
1867 1.341105 108
1868 0.390412 108
1869 0.396892 108
1870 0.845893 108
1871 1.212174 108
1872 0.142659 108
1873 0.197882 108
1874 0.142430 108
1875 0.689215 108
1876 0.844576 108
1877 1.613517 108
1878 15.945307 108
1879 3.480164 108
1880 4.582771 108
1881 3.097992 108
1882 41.362611 108
1883 3.188237 108
1884 18.915505 108
1885 3.684139 108
1886 3.770733 108
1887 70.179746 108
1888 7.982192 108
1889 18.102903 108
1890 4.752070 108
1891 1.769884 108
1892 1.514417 108
1893 1.415585 108
1894 0.635581 108
1895 1.285296 108
1896 1.209315 108
1897 0.770067 108
1898 0.877469 108
1899 0.000000 108
1900 0.711874 110
1901 6.852817 110
1902 0.578863 110
1903 0.347367 110
1904 0.407024 110
1905 0.000000 110
1906 0.000000 110
1907 0.000000 110
1908 0.000000 110
1909 0.000000 110
1910 0.000000 110
1911 0.000000 110
1912 3.190900 110
1913 6.356083 110
1914 6.604577 110
1915 6.299007 110
1916 6.663040 110
1917 6.340118 110
1918 6.610466 110
1919 6.412173 110
1920 6.262768 110
1921 6.446380 110
1922 5.989702 110
1923 6.058184 110
1924 6.211756 110
1925 6.186968 110
1926 6.144136 110
1927 6.418261 110
1928 6.308397 110
1929 6.628506 110
1930 6.277337 110
1931 6.152854 110
1932 6.177999 110
1933 6.310655 110
1934 6.509271 110
1935 6.331065 110
1936 1.257309 110
1937 3.403930 110
1938 2.801002 110
1939 1.514117 110
1940 3.630670 110
1941 3.198729 110
1942 0.123605 110
1943 0.988249 110
1944 2.063233 110
1945 1.410622 110
1946 2.141656 110
1947 2.685436 110
1948 6.467567 108
1949 0.000000 110
1950 2.199074 105
1951 0.472023 105
1952 1.292640 105
1953 1.997032 105
1954 1.534399 105
1955 4.120829 105
1956 1.392356 105
1957 14.025987 105
1958 1.264899 105
1959 2.582901 105
1960 4.384669 105
1961 1.483589 105
1962 0.000000 105
1963 0.000000 105
1964 1.228109 105
1965 26.784126 105
1966 1.333350 105
1967 0.661169 105
1968 1.195116 105
1969 1.468639 105
1970 0.638780 105
1971 0.000000 105
1972 0.709976 105
1973 1.163643 105
1974 1.078232 105
1975 1.255318 105
1976 1.783055 105
1977 2.045256 105
1978 2.040449 105
1979 0.555328 105
1980 22.970017 105
1981 1.488855 105
1982 3.839632 105
1983 3.653305 105
1984 3.882747 105
1985 10.243516 105
1986 11.463801 105
1987 11.061649 105
1988 1.559436 105
1989 3.860072 105
1990 1.228300 105
1991 3.326968 105
1992 2.158786 105
1993 2.942610 105
1994 1.806777 105
1995 3.541948 105
1996 3.824563 105
1997 105.785847 105
1998 125.600499 105
1999 123.652194 105
2000 84.075709 116
2001 93.093659 116
2002 92.586417 116
2003 97.277814 116
2004 5.523093 116
2005 4.902729 116
2006 6.176162 116
2007 1.214144 116
2008 1.651698 116
2009 1.865787 116
2010 63.990820 116
2011 1.099724 116
2012 2.626766 116
2013 14.715686 116
2014 0.000000 116
2015 1.792483 116
2016 1.058634 116
2017 1.081267 116
2018 1.336411 116
2019 0.723094 116
2020 3.187141 116
2021 1.296320 116
2022 1.699484 116
2023 1.283633 116
2024 12.158656 116
2025 5.068544 116
2026 1.369779 116
2027 1.221517 116
2028 1.094265 116
2029 0.000000 116
2030 1.352812 116
2031 1.551559 116
2032 1.796959 116
2033 2.141951 116
2034 14.692703 116
2035 2.079334 116
2036 1.102115 116
2037 263.338083 116
2038 1.683102 116
2039 1.854143 116
2040 0.979477 116
2041 1.280618 116
2042 1.226432 116
2043 7.527040 116
2044 10.159136 116
2045 2.463565 116
2046 5.055557 116
2047 5.169702 116
2048 4.855175 116
2049 3.669892 116
2050 2.314845 119
2051 6.575406 119
2052 6.382450 119
2053 1.485853 119
2054 3.104663 119
2055 3.055971 119
2056 1.956072 119
2057 64.816018 119
2058 6.601111 119
2059 6.524561 119
2060 6.366217 119
2061 6.503874 119
2062 2.733596 119
2063 1.882640 119
2064 0.276771 119
2065 3.830431 119
2066 2.129849 119
2067 0.295979 119
2068 2.371844 119
2069 0.921405 119
2070 25.914492 119
2071 27.438426 119
2072 11.732230 119
2073 0.658736 119
2074 2.653301 119
2075 32.751197 119
2076 1.368278 119
2077 3.095055 119
2078 0.454183 119
2079 1.357812 119
2080 12.413330 119
2081 1.051604 119
2082 1.079882 119
2083 0.234152 119
2084 0.495635 119
2085 0.542111 119
2086 0.551962 119
2087 0.550221 119
2088 0.494084 119
2089 0.691587 119
2090 1.291191 119
2091 0.847410 119
2092 0.261749 119
2093 0.441509 119
2094 0.418077 119
2095 0.478688 119
2096 0.033697 119
2097 0.301210 119
2098 0.384417 119
2099 0.456765 119
2100 0.627792 109
2101 0.945948 109
2102 0.015790 109
2103 32.489422 109
2104 42.801642 109
2105 0.998660 109
2106 0.538398 109
2107 0.288552 109
2108 0.865394 109
2109 1.408190 109
2110 2.846002 109
2111 0.794397 109
2112 1.058295 109
2113 13.702511 109
2114 61.443364 109
2115 114.161205 109
2116 103.363053 109
2117 23.164430 109
2118 51.174007 109
2119 52.784866 109
2120 40.357393 109
2121 43.990206 109
2122 89.977457 109
2123 39.736907 109
2124 257.147491 109
2125 2.098255 109
2126 25.655891 109
2127 14.540723 109
2128 1.176269 109
2129 1.254035 109
2130 1.243522 109
2131 1.275449 109
2132 2.081073 109
2133 1.236305 109
2134 1.874649 109
2135 2.062813 109
2136 16.673112 109
2137 8.942926 109
2138 1.191173 108
2139 0.763375 108
2140 0.919166 108
2141 4.575838 108
2142 1.727320 108
2143 1.867744 108
2144 8.629479 108
2145 10.244857 108
2146 29.154774 108
2147 9.651992 108
2148 1.385855 108
2149 0.730289 108
2150 9.393497 102
2151 5.830564 102
2152 0.679696 102
2153 1.457582 102
2154 1.391461 102
2155 1.639820 102
2156 6.351728 102
2157 12.175399 102
2158 6.226462 102
2159 7.973831 102
2160 0.004025 102
2161 0.018960 102
2162 0.044455 102
2163 0.020621 102
2164 0.025347 102
2165 0.039423 102
2166 0.021399 102
2167 0.040202 102
2168 0.035123 102
2169 0.053370 102
2170 0.043181 102
2171 0.051121 102
2172 0.069715 102
2173 0.050248 102
2174 0.059297 102
2175 0.040827 102
2176 0.033884 102
2177 0.043004 102
2178 0.051709 102
2179 0.039352 102
2180 0.034609 102
2181 0.035479 102
2182 0.025548 102
2183 0.032543 102
2184 0.027243 102
2185 0.020171 102
2186 0.023845 102
2187 0.034153 102
2188 0.028370 102
2189 0.019293 102
2190 0.018272 102
2191 0.011811 102
2192 0.021136 102
2193 0.010368 102
2194 0.003049 102
2195 0.002011 102
2196 0.003111 102
2197 0.005197 102
2198 0.009996 102
2199 0.005933 102
2200 0.114450 101
2201 0.184806 101
2202 0.131880 101
2203 0.047075 101
2204 0.057663 101
2205 0.050559 101
2206 0.039822 101
2207 0.028277 101
2208 0.023359 101
2209 0.044154 101
2210 0.027351 101
2211 0.035886 101
2212 0.060748 101
2213 0.060985 101
2214 0.046684 101
2215 0.050600 101
2216 0.068834 101
2217 0.063170 101
2218 0.050973 101
2219 0.065455 101
2220 0.046970 101
2221 0.055506 101
2222 0.034177 101
2223 0.029272 101
2224 0.046652 101
2225 0.038247 101
2226 0.044698 101
2227 0.033368 101
2228 0.029258 101
2229 0.024112 101
2230 0.025830 101
2231 0.015940 101
2232 0.026633 101
2233 0.019694 101
2234 0.014290 101
2235 0.019924 101
2236 0.020080 101
2237 0.014506 101
2238 0.008855 101
2239 0.006121 101
2240 0.007202 101
2241 0.011838 101
2242 0.021153 101
2243 0.030688 101
2244 0.008241 101
2245 0.007632 101
2246 0.014276 101
2247 0.002243 101
2248 0.077636 101
2249 0.087989 101
2250 0.103055 101
2251 0.223826 101
2252 0.082223 101
2253 0.086614 101
2254 0.049320 101
2255 0.054038 101
2256 0.079802 101
2257 0.035322 101
2258 0.059751 101
2259 0.066659 101
2260 0.069876 101
2261 0.031164 101
2262 0.079518 101
2263 0.104287 101
2264 0.083998 101
2265 0.081712 101
2266 0.098126 101
2267 0.069201 101
2268 0.059110 101
2269 0.045629 101
2270 0.040083 101
2271 0.045459 101
2272 0.066991 101
2273 0.052954 101
2274 0.032628 101
2275 0.072570 101
2276 0.065201 101
2277 0.037406 101
2278 0.054156 101
2279 0.051772 101
2280 0.023458 101
2281 0.053984 101
2282 0.060577 101
2283 0.037870 101
2284 0.049857 101
2285 0.032861 101
2286 0.016968 101
2287 0.035100 101
2288 0.041509 101
2289 0.051150 101
2290 0.039972 101
2291 0.023961 101
2292 0.021291 101
2293 0.036533 101
2294 0.045046 101
2295 0.046392 101
2296 0.034297 101
2297 0.038348 101
2298 0.002882 101
2299 0.026115 101
2300 0.108611 100
2301 0.147232 100
2302 0.122344 100
2303 0.058058 100
2304 0.064156 100
2305 0.054205 100
2306 0.070026 100
2307 0.029968 100
2308 0.062075 100
2309 0.077309 100
2310 0.062518 100
2311 0.060049 100
2312 0.068040 100
2313 0.063178 100
2314 0.078371 100
2315 0.088647 100
2316 0.067362 100
2317 0.097920 100
2318 0.049390 100
2319 0.091671 100
2320 0.085364 100
2321 0.071983 100
2322 0.045200 100
2323 0.063992 100
2324 0.055171 100
2325 0.054765 100
2326 0.054146 100
2327 0.066051 100
2328 0.024384 100
2329 0.055683 100
2330 0.061749 100
2331 0.052405 100
2332 0.051058 100
2333 0.051153 100
2334 0.018528 100
2335 0.051288 100
2336 0.044940 100
2337 0.042272 100
2338 0.043345 100
2339 0.042265 100
2340 0.034592 100
2341 0.003887 100
2342 0.041480 100
2343 0.055334 100
2344 0.042055 100
2345 0.041886 100
2346 0.036646 100
2347 0.038224 100
2348 0.033444 100
2349 0.045370 100
2350 0.118358 86
2351 2.351092 86
2352 1.565530 86
2353 21.959389 86
2354 3.746753 86
2355 2.915348 86
2356 27.381861 86
2357 104.878847 86
2358 80.401343 86
2359 176.796554 86
2360 47.387942 86
2361 143.498313 86
2362 222.956011 86
2363 105.705418 86
2364 84.154988 86
2365 75.667421 86
2366 204.631568 86
2367 144.623590 86
2368 216.427422 86
2369 36.127356 86
2370 209.633873 86
2371 132.986392 86
2372 38.815095 86
2373 167.829294 86
2374 87.244245 86
2375 226.294493 86
2376 93.324389 86
2377 144.873487 86
2378 80.909587 86
2379 196.949512 86
2380 50.010413 86
2381 167.674943 86
2382 54.123189 86
2383 2.457365 86
2384 5.105039 86
2385 5.466856 86
2386 2.766716 86
2387 5.690777 86
2388 6.623920 86
2389 33.090226 86
2390 4.292118 86
2391 4.515882 86
2392 1.303659 86
2393 3.771142 86
2394 3.489613 86
2395 2.096659 86
2396 4.028791 86
2397 4.973795 86
2398 2.038407 86
2399 4.640576 86
2400 2.262421 117
2401 5.598128 117
2402 4.775689 117
2403 5.469036 117
2404 5.504147 117
2405 5.532815 117
2406 5.162739 117
2407 4.465232 117
2408 5.767557 117
2409 5.455499 117
2410 1.085797 117
2411 0.010674 117
2412 1.621361 117
2413 2.487958 117
2414 1.211866 117
2415 2.543562 117
2416 2.003597 117
2417 3.641552 117
2418 4.294147 117
2419 4.862263 117
2420 2.499773 117
2421 0.607345 117
2422 2.425894 117
2423 1.041726 117
2424 1.347384 117
2425 2.785295 117
2426 4.311774 117
2427 2.603936 117
2428 2.477492 117
2429 3.071139 117
2430 1.648995 117
2431 0.000000 117
2432 1.071815 117
2433 0.897294 117
2434 2.392325 117
2435 16.664762 117
2436 3.529941 117
2437 1.381371 117
2438 1.935917 117
2439 2.814236 117
2440 2.931866 117
2441 0.028830 117
2442 0.023614 117
2443 0.022040 117
2444 1.943703 117
2445 5.334231 117
2446 12.873456 117
2447 271.421690 117
2448 3.609776 117
2449 3.346849 117
2450 0.328370 114
2451 0.452139 114
2452 0.504083 114
2453 1.280091 114
2454 3.718367 114
2455 69.159898 114
2456 142.658887 114
2457 0.112207 114
2458 1.133983 114
2459 3.293226 114
2460 0.844464 114
2461 10.532268 114
2462 17.846346 114
2463 5.385081 114
2464 2.547069 114
2465 4.001170 114
2466 2.075567 114
2467 3.727011 114
2468 5.093836 114
2469 0.302665 114
2470 0.832332 114
2471 0.336684 114
2472 1.266734 114
2473 0.013493 114
2474 1.446818 114
2475 1.017596 114
2476 1.810442 114
2477 2.485531 114
2478 19.818597 114
2479 3.689882 114
2480 0.294747 114
2481 4.160203 114
2482 1.426094 114
2483 1.628197 114
2484 1.410762 114
2485 3.349450 114
2486 2.210533 114
2487 18.798780 114
2488 1.726656 114
2489 8.836555 114
2490 0.996811 114
2491 3.613813 114
2492 1.886716 114
2493 1.565584 114
2494 2.044216 114
2495 2.228422 114
2496 1.288247 114
2497 76.548500 114
2498 1.373320 114
2499 2.220908 114
2500 1.405055 109
2501 1.935117 109
2502 0.007403 109
2503 0.230281 109
2504 2.098282 109
2505 4.950757 109
2506 1.814224 109
2507 4.835671 109
2508 1.482695 109
2509 0.000000 109
2510 1.385255 109
2511 2.559347 109
2512 1.765238 109
2513 19.980603 109
2514 1.360818 109
2515 2.141005 109
2516 4.772438 109
2517 1.210821 109
2518 2.515943 109
2519 0.000000 109
2520 2.020407 109
2521 1.992832 109
2522 2.672887 109
2523 1.978254 109
2524 1.592453 109
2525 1.628784 109
2526 1.707070 109
2527 1.687193 109
2528 7.705969 109
2529 6.277837 109
2530 4.212829 109
2531 1.318641 109
2532 46.499725 109
2533 24.311607 109
2534 1.453097 109
2535 2.500293 109
2536 0.944155 109
2537 1.921320 109
2538 1.662180 109
2539 2.170781 109
2540 2.284390 109
2541 1.975590 109
2542 2.181196 109
2543 0.579257 109
2544 0.838820 109
2545 2.442737 109
2546 2.695596 109
2547 2.143796 109
2548 30.421530 109
2549 1.866040 109
2550 1.572704 102
2551 1.351182 102
2552 0.142031 102
2553 2.537904 102
2554 0.000000 102
2555 4.059375 102
2556 1.801869 102
2557 1.908745 102
2558 1.209370 102
2559 1.328955 102
2560 1.060574 102
2561 1.531638 102
2562 1.086984 102
2563 0.000000 102
2564 0.000000 102
2565 0.000000 102
2566 0.000000 102
2567 0.000000 102
2568 0.000000 102
2569 0.000000 102
2570 0.000000 102
2571 0.000000 102
2572 0.000000 102
2573 0.000000 102
2574 0.000000 102
2575 0.000000 102
2576 0.000000 102
2577 0.000000 102
2578 0.000000 102
2579 0.000000 102
2580 0.000000 102
2581 0.000000 102
2582 0.000000 102
2583 0.000000 102
2584 0.000000 102
2585 0.000000 102
2586 0.000000 102
2587 0.000000 102
2588 0.000000 102
2589 0.000000 102
2590 0.000000 102
2591 0.000000 102
2592 0.000000 102
2593 0.000000 102
2594 0.000000 102
2595 0.000000 102
2596 0.000000 102
2597 0.000000 102
2598 0.000000 102
2599 0.000000 102
2600 0.000000 107
2601 0.000000 107
2602 0.000000 107
2603 0.000000 107
2604 0.000000 107
2605 0.000000 107
2606 0.000000 107
2607 0.000000 107
2608 0.000000 107
2609 0.000000 107
2610 0.000000 107
2611 0.000000 107
2612 0.000000 107
2613 0.000000 107
2614 0.000000 107
2615 0.000000 107
2616 0.000000 107
2617 0.000000 107
2618 0.000000 107
2619 0.000000 107
2620 0.000000 107
2621 0.000000 107
2622 0.000000 107
2623 0.000000 107
2624 0.000000 107
2625 0.000000 107
2626 0.000000 107
2627 0.000000 107
2628 0.000000 107
2629 0.000000 107
2630 0.000000 107
2631 0.000000 107
2632 0.000000 107
2633 0.000000 107
2634 0.000000 107
2635 0.000000 107
2636 0.000000 107
2637 0.000000 107
2638 0.000000 107
2639 0.000000 107
2640 0.000000 107
2641 0.000000 107
2642 0.000000 107
2643 0.000000 107
2644 0.000000 107
2645 0.000000 107
2646 0.000000 107
2647 0.000000 107
2648 0.000000 107
2649 0.000000 107
2650 0.000000 105
2651 0.000000 105
2652 0.000000 105
2653 0.000000 105
2654 0.000000 105
2655 0.000000 105
2656 0.000000 105
2657 0.000000 105
2658 0.000000 105
2659 0.000000 105
2660 0.000000 105
2661 0.000000 105
2662 0.000000 105
2663 5.114415 105
2664 7.384252 105
2665 2.591616 105
2666 9.534266 105
2667 0.000000 105
2668 0.000000 105
2669 0.000000 105
2670 0.000000 105
2671 0.000000 105
2672 0.000000 105
2673 0.000000 105
2674 0.000000 105
2675 0.000000 105
2676 0.000000 105
2677 0.000000 105
2678 0.000000 105
2679 0.000000 105
2680 0.000000 105
2681 0.000000 105
2682 0.000000 105
2683 0.000000 105
2684 0.000000 105
2685 0.003547 105
2686 0.000000 105
2687 0.000000 105
2688 0.000000 105
2689 0.000000 105
2690 0.000000 105
2691 0.002235 105
2692 0.003333 105
2693 0.000849 105
2694 0.002037 105
2695 0.000376 105
2696 0.002937 105
2697 0.000000 105
2698 0.000000 105
2699 0.000000 105
2700 0.000000 104
2701 0.000000 104
2702 0.000000 104
2703 0.000000 104
2704 0.000000 104
2705 0.000000 104
2706 0.000000 104
2707 0.000000 104
2708 0.000000 104
2709 0.000000 104
2710 0.000000 104
2711 3.940801 104
2712 3.144767 104
2713 3.085324 104
2714 43.440591 104
2715 3.142954 104
2716 231.589433 104
2717 4.215099 104
2718 69.662999 104
2719 1.733032 104
2720 1.950216 104
2721 24.440562 104
2722 4.026739 104
2723 2.990591 104
2724 3.891487 104
2725 4.089633 104
2726 3.797292 104
2727 4.038551 104
2728 4.689206 104
2729 14.391228 104
2730 181.306060 104
2731 4.161859 104
2732 4.051113 104
2733 220.876687 104
2734 4.003833 104
2735 7.350924 104
2736 2.699217 104
2737 7.175901 104
2738 4.043732 104
2739 4.427936 104
2740 3.880666 104
2741 4.250537 104
2742 4.786274 104
2743 49.325898 104
2744 5.043426 104
2745 4.697987 104
2746 15.444767 104
2747 3.123082 104
2748 27.461366 104
2749 2.648218 104
2750 7.921784 95
2751 4.212095 95
2752 7.063385 95
2753 4.169729 95
2754 2.229498 95
2755 5.686579 95
2756 2.466746 95
2757 2.118776 95
2758 1.667793 95
2759 1.976556 95
2760 0.945400 95
2761 1.017783 95
2762 0.972235 95
2763 1.304888 95
2764 1.229238 95
2765 1.061134 95
2766 1.385936 95
2767 1.043047 95
2768 1.069561 95
2769 1.162042 95
2770 1.296130 95
2771 1.344383 95
2772 1.207423 95
2773 1.255908 95
2774 1.045174 95
2775 1.262594 95
2776 1.358640 95
2777 1.012207 95
2778 1.418103 95
2779 1.204014 95
2780 1.372144 95
2781 1.066666 95
2782 1.707658 95
2783 1.207948 95
2784 1.071050 95
2785 1.994385 95
2786 1.433406 95
2787 1.075018 95
2788 3.592974 95
2789 1.387700 95
2790 1.956620 95
2791 1.920857 95
2792 2.440817 95
2793 2.427948 95
2794 1.980944 95
2795 1.846042 95
2796 1.998234 95
2797 1.835769 95
2798 1.866306 95
2799 2.068998 95
2800 2.057572 103
2801 2.444377 103
2802 2.004601 103
2803 2.453524 103
2804 2.568581 103
2805 2.261704 103
2806 2.152652 103
2807 3.098180 103
2808 1.836881 103
2809 2.483016 103
2810 2.070466 103
2811 2.006029 103
2812 1.889155 103
2813 2.036681 103
2814 2.209513 103
2815 2.037388 103
2816 4.625058 103
2817 3.488997 103
2818 4.754980 103
2819 0.000000 103
2820 0.000000 103
2821 0.000000 103
2822 0.000000 103
2823 0.000000 103
2824 0.000000 103
2825 0.000000 103
2826 0.000000 103
2827 0.000000 103
2828 0.000000 103
2829 0.000000 103
2830 0.000000 103
2831 0.000000 103
2832 0.000000 103
2833 0.000000 103
2834 0.000000 103
2835 0.000000 103
2836 0.000000 103
2837 0.000000 103
2838 0.000000 103
2839 4.289581 103
2840 8.570653 103
2841 8.729824 103
2842 3.300660 103
2843 6.335713 103
2844 7.895543 103
2845 7.605428 103
2846 2.544686 103
2847 5.190166 103
2848 5.337096 103
2849 5.521796 103
2850 2.167716 108
2851 4.318861 108
2852 4.415994 108
2853 4.019424 108
2854 4.129572 108
2855 7.949145 108
2856 8.577944 108
2857 4.172941 108
2858 6.089138 108
2859 6.031736 108
2860 5.650340 108
2861 1.162860 108
2862 3.760407 108
2863 1.499436 108
2864 3.722627 108
2865 3.702829 108
2866 7.008168 108
2867 25.585737 108
2868 8.292666 108
2869 2.209991 108
2870 4.507775 108
2871 4.596941 107
2872 5.052095 107
2873 0.898210 107
2874 1.085890 107
2875 1.001037 107
2876 1.009034 107
2877 1.176356 107
2878 1.010008 107
2879 0.983627 107
2880 0.933102 107
2881 1.078478 107
2882 1.064931 107
2883 1.030597 107
2884 0.836556 107
2885 0.919323 107
2886 0.889286 107
2887 0.743488 107
2888 0.858171 107
2889 1.099489 107
2890 0.758241 107
2891 1.069825 107
2892 1.081666 107
2893 1.094440 107
2894 3.706245 107
2895 3.475641 107
2896 8.307276 107
2897 110.137516 107
2898 4.330828 107
2899 4.921587 107
2900 1.441150 86
2901 2.956993 86
2902 3.278182 86
2903 3.064049 86
2904 2.060813 86
2905 5.114713 86
2906 5.161371 86
2907 4.784222 86
2908 2.017016 86
2909 4.271385 86
2910 4.543889 86
2911 2.289260 86
2912 4.558519 86
2913 4.815132 86
2914 4.375634 86
2915 4.693829 86
2916 2.955095 86
2917 6.954069 86
2918 7.750990 86
2919 7.033842 86
2920 1.629148 86
2921 5.075451 86
2922 5.207529 86
2923 1.733262 86
2924 3.824337 86
2925 3.984701 86
2926 3.495353 86
2927 2.506324 86
2928 8.182600 86
2929 7.530193 86
2930 7.866919 86
2931 1.006445 86
2932 4.312540 86
2933 4.345638 86
2934 3.970771 86
2935 1.138019 86
2936 2.991829 86
2937 2.737187 86
2938 8.210365 86
2939 9.902541 86
2940 8.615822 86
2941 9.420795 86
2942 8.436510 86
2943 8.788594 86
2944 2.692719 86
2945 5.410568 86
2946 5.111036 86
2947 5.787513 86
2948 4.236392 86
2949 5.325614 86
2950 1.955691 97
2951 3.865516 97
2952 4.240159 97
2953 1.675772 97
2954 4.043734 97
2955 1.798661 97
2956 3.899813 97
2957 3.726334 97
2958 1.448123 97
2959 3.978540 97
2960 3.555227 97
2961 3.316683 97
2962 1.897050 97
2963 6.019370 97
2964 5.741437 97
2965 2.288880 97
2966 6.986151 97
2967 6.818812 97
2968 6.186314 97
2969 26.647627 97
2970 34.115674 97
2971 1.958774 97
2972 0.030736 97
2973 2.587271 97
2974 3.929104 97
2975 3.096147 97
2976 7.251052 97
2977 9.640859 97
2978 2.911716 97
2979 5.980477 97
2980 5.902480 97
2981 1.163655 97
2982 2.625446 97
2983 1.894233 97
2984 4.761100 97
2985 1.628958 97
2986 4.319504 97
2987 4.940441 97
2988 2.867643 97
2989 5.685067 97
2990 1.727186 97
2991 2.776454 97
2992 5.598899 97
2993 3.504119 97
2994 11.571491 97
2995 1.952618 97
2996 5.891571 97
2997 2.617826 97
2998 7.227240 97
2999 0.022537 97
3000 0.000376 103
3001 0.000000 103
3002 0.000873 103
3003 0.000841 103
3004 0.003795 103
3005 0.004582 103
3006 0.004346 103
3007 0.009359 103
3008 44.609641 103
3009 293.219358 103
3010 115.335565 103
3011 516.852404 103
3012 171.422227 103
3013 478.794184 103
3014 229.158200 103
3015 281.228838 103
3016 382.924961 103
3017 463.700417 103
3018 116.652134 103
3019 137.535986 103
3020 73.366734 103
3021 262.003304 103
3022 1.278066 103
3023 2.521602 103
3024 2.664906 103
3025 2.269364 103
3026 7.045379 103
3027 0.000000 103
3028 0.000000 103
3029 0.000000 103
3030 0.795818 103
3031 1.554106 103
3032 1.967837 103
3033 5.250794 103
3034 2.853078 103
3035 7.267785 103
3036 76.491916 103
3037 86.548829 103
3038 85.334509 103
3039 3.892545 103
3040 10.283470 103
3041 2.999559 103
3042 6.983202 103
3043 2.006823 103
3044 10.564025 103
3045 3.239181 103
3046 8.611283 103
3047 8.084925 103
3048 2.674871 103
3049 7.559989 103
3050 2.511306 94
3051 6.674045 94
3052 1.894691 94
3053 4.687379 94
3054 3.598898 94
3055 2.697527 94
3056 6.512334 94
3057 0.811048 94
3058 1.993167 94
3059 1.674165 94
3060 1.760282 94
3061 4.407802 94
3062 0.000000 94
3063 0.000000 94
3064 0.000000 94
3065 0.000000 94
3066 0.000000 94
3067 2.108317 94
3068 7.273113 94
3069 2.626170 94
3070 2.554690 94
3071 4.218265 94
3072 4.386415 94
3073 4.235621 94
3074 4.297143 94
3075 4.357348 94
3076 4.353453 94
3077 4.279009 94
3078 4.253224 94
3079 4.229963 94
3080 4.234619 94
3081 4.407255 94
3082 4.542075 94
3083 4.371730 94
3084 4.376596 94
3085 4.396851 94
3086 4.357871 94
3087 7.667635 94
3088 6.546918 94
3089 12.726866 94
3090 92.975704 94
3091 18.195819 94
3092 7.171281 94
3093 7.023466 94
3094 11.470840 94
3095 13.255125 94
3096 9.654343 94
3097 0.716842 94
3098 0.943079 94
3099 0.909863 94
3100 0.312309 99
3101 0.750630 99
3102 0.840503 99
3103 0.843415 99
3104 0.841839 99
3105 0.835139 99
3106 0.847478 99
3107 0.834345 99
3108 0.714163 99
3109 1.819658 99
3110 1.786026 99
3111 24.957122 99
3112 1.591252 99
3113 450.635080 99
3114 18.906548 99
3115 2.317290 99
3116 3.851987 99
3117 6.374544 99
3118 4.294188 99
3119 5.101553 99
3120 38.706393 99
3121 1.630714 99
3122 4.263131 99
3123 3.900936 99
3124 1.174589 99
3125 0.633718 99
3126 1.982394 99
3127 2.221104 99
3128 1.767693 99
3129 1.776611 99
3130 1.812014 99
3131 1.901537 99
3132 0.760498 99
3133 4.947769 99
3134 8.131297 99
3135 8.136866 99
3136 7.349069 99
3137 7.633737 99
3138 8.243644 99
3139 4.488093 99
3140 7.498630 99
3141 7.192930 99
3142 11.645575 99
3143 10.866345 99
3144 11.295988 99
3145 14.584000 99
3146 7.004714 99
3147 2.881128 99
3148 3.753048 99
3149 3.838968 99
3150 3.089367 104
3151 6.654199 104
3152 2.918911 104
3153 5.680175 104
3154 27.474646 104
3155 7.554043 104
3156 4.602907 104
3157 31.228741 104
3158 8.881279 104
3159 8.556960 104
3160 4.991943 104
3161 3.334782 104
3162 5.264243 104
3163 311.206199 104
3164 10.770416 104
3165 17.093475 104
3166 3.612168 104
3167 2.459025 104
3168 5.262023 104
3169 4.939547 104
3170 5.122752 104
3171 10.216421 104
3172 8.774383 104
3173 10.688725 104
3174 6.762023 104
3175 5.642165 104
3176 6.121765 104
3177 12.964055 104
3178 5.386408 104
3179 5.588373 104
3180 7.419772 103
3181 8.234271 104
3182 7.434880 104
3183 7.238864 104
3184 7.551686 104
3185 5.435651 104
3186 0.000000 104
3187 0.000000 104
3188 0.000000 104
3189 0.000000 104
3190 0.000000 104
3191 0.000000 104
3192 2.592707 104
3193 93.736382 104
3194 7.535345 104
3195 7.025890 104
3196 2.628870 104
3197 5.021491 104
3198 5.080635 104
3199 3.855378 104
3200 3.790833 109
3201 6.892741 109
3202 16.166510 109
3203 15.874175 109
3204 13.522226 109
3205 14.255588 109
3206 3.211652 109
3207 12.403918 109
3208 4.041806 109
3209 10.344314 109
3210 1.276058 109
3211 102.816376 109
3212 1.759512 109
3213 3.209530 109
3214 19.941919 109
3215 3.570143 109
3216 7.205346 109
3217 10.911812 109
3218 12.096826 109
3219 13.945764 106
3220 16.495667 109
3221 14.034108 109
3222 5.350214 109
3223 10.563807 109
3224 10.709181 109
3225 9.956299 109
3226 1.349781 109
3227 1.905769 109
3228 1.969092 109
3229 3.824922 109
3230 1.641893 109
3231 2.023468 109
3232 3.724167 109
3233 6.100857 109
3234 60.966146 109
3235 2.644429 109
3236 2.491391 109
3237 1.613922 109
3238 4.118148 109
3239 3.570336 109
3240 2.174849 109
3241 5.693168 109
3242 8.738476 109
3243 5.159344 108
3244 1.952322 109
3245 1.620321 109
3246 0.218355 109
3247 0.264500 109
3248 0.344556 109
3249 6.936580 109
3250 1.577555 108
3251 3.389849 108
3252 3.526456 108
3253 3.683525 108
3254 2.178170 108
3255 3.947321 108
3256 0.479770 108
3257 0.881590 108
3258 0.859263 108
3259 0.570511 108
3260 0.837842 108
3261 5.340354 108
3262 0.981554 108
3263 0.773621 108
3264 2.718321 108
3265 5.650520 108
3266 1.967828 108
3267 3.871954 108
3268 5.392597 108
3269 3.653566 108
3270 4.035618 108
3271 4.573473 108
3272 0.843823 108
3273 10.160403 108
3274 5.729664 108
3275 25.884670 108
3276 2.107596 108
3277 3.260115 108
3278 4.274743 108
3279 9.892023 108
3280 2.542866 108
3281 2.228853 108
3282 37.995641 108
3283 4.790095 108
3284 5.156991 108
3285 2.300003 108
3286 5.396287 108
3287 5.923279 108
3288 7.302590 108
3289 7.713297 108
3290 1.485243 108
3291 4.895560 108
3292 2.751081 108
3293 4.413934 108
3294 2.670568 108
3295 42.259339 108
3296 4.805011 108
3297 1.463495 108
3298 15.724117 108
3299 2.125720 108
3300 2.290240 119
3301 0.842772 119
3302 105.618697 119
3303 191.929514 119
3304 198.231249 119
3305 209.541569 119
3306 0.231445 119
3307 0.206218 119
3308 0.239531 119
3309 0.285026 119
3310 0.312689 119
3311 4.488045 119
3312 6.799731 119
3313 6.563746 119
3314 4.610319 119
3315 7.137656 119
3316 8.749240 119
3317 70.678563 119
3318 42.400328 119
3319 69.992557 119
3320 72.375960 119
3321 76.495566 119
3322 4.001371 119
3323 4.336865 119
3324 6.723773 119
3325 12.187751 119
3326 5.634546 119
3327 1.707455 119
3328 2.355280 119
3329 34.792684 119
3330 2.859878 119
3331 27.868711 119
3332 3.201292 119
3333 3.795007 119
3334 8.804110 119
3335 0.191164 119
3336 6.882713 119
3337 3.926495 119
3338 7.164559 119
3339 2.590554 119
3340 17.688907 119
3341 2.945289 119
3342 1.736012 119
3343 3.802542 119
3344 4.028844 119
3345 3.035635 119
3346 8.432796 119
3347 8.051873 119
3348 4.121615 119
3349 1.619141 119
3350 4.468897 85
3351 1.134305 85
3352 1.692510 85
3353 2.125078 85
3354 2.371435 85
3355 6.487705 85
3356 11.760399 85
3357 24.397091 85
3358 24.351972 85
3359 5.036027 85
3360 1.862767 85
3361 6.461059 85
3362 1.471651 85
3363 5.864584 85
3364 11.466058 85
3365 11.460347 85
3366 11.515445 85
3367 6.376808 85
3368 4.120026 85
3369 162.313010 85
3370 2.369071 85
3371 2.588112 85
3372 6.889863 85
3373 5.544199 85
3374 1.761757 85
3375 3.782187 85
3376 7.404673 85
3377 4.433541 85
3378 2.762864 85
3379 6.732575 85
3380 5.714904 85
3381 1.675510 85
3382 3.653722 85
3383 3.830621 85
3384 2.807325 85
3385 5.519826 85
3386 7.790512 85
3387 1.407168 85
3388 1.520772 85
3389 4.033068 85
3390 3.437771 85
3391 69.860611 85
3392 183.232644 85
3393 230.046502 85
3394 9.128087 85
3395 13.312200 85
3396 18.485977 85
3397 18.248867 85
3398 0.000000 85
3399 2.782043 85
3400 3.294474 95
3401 2.416145 95
3402 1.959882 95
3403 7.871355 95
3404 2.026593 95
3405 6.888358 95
3406 5.226300 95
3407 1.490428 95
3408 1.185376 95
3409 2.578303 95
3410 6.638611 95
3411 5.669508 95
3412 3.527234 95
3413 2.616387 95
3414 5.136394 95
3415 6.740238 95
3416 4.450708 95
3417 2.574298 95
3418 6.223402 95
3419 5.243590 95
3420 2.216216 95
3421 6.301818 95
3422 5.368792 95
3423 31.951175 95
3424 75.659892 95
3425 75.369697 95
3426 4.031776 95
3427 4.160876 95
3428 4.089060 95
3429 3.814577 95
3430 2.780023 95
3431 5.898944 95
3432 7.020661 95
3433 2.752446 95
3434 7.186176 95
3435 5.668153 95
3436 2.970564 95
3437 7.416079 95
3438 5.785018 95
3439 1.588975 95
3440 4.395133 95
3441 2.345071 95
3442 5.994920 95
3443 6.420413 95
3444 36.113541 95
3445 22.993956 95
3446 5.221213 95
3447 38.461570 95
3448 33.016500 95
3449 17.269985 95
3450 31.008790 115
3451 3.257869 115
3452 7.250167 115
3453 13.511680 115
3454 11.832802 115
3455 3.568182 115
3456 6.844725 115
3457 7.533748 115
3458 2.083501 115
3459 2.626590 115
3460 6.471746 115
3461 1.251698 115
3462 1.570574 115
3463 1.637431 115
3464 0.997416 115
3465 2.549479 115
3466 1.976545 115
3467 2.219784 115
3468 2.199402 115
3469 6.019770 115
3470 12.539867 115
3471 4.019789 115
3472 0.000000 115
3473 0.000000 115
3474 3.405015 115
3475 2.659053 115
3476 4.964311 115
3477 6.246386 115
3478 0.298825 115
3479 0.421409 115
3480 8.092330 115
3481 14.346707 115
3482 14.200730 115
3483 2.804499 115
3484 5.601878 115
3485 6.649783 115
3486 15.717564 115
3487 2.009241 115
3488 2.419695 115
3489 2.536906 115
3490 4.978124 115
3491 15.564590 115
3492 2.593578 115
3493 7.155152 115
3494 5.420761 115
3495 2.908815 115
3496 6.936556 115
3497 5.876581 115
3498 3.034424 115
3499 6.868251 115
3500 2.419133 97
3501 2.118770 97
3502 7.296246 97
3503 5.661237 97
3504 2.528557 97
3505 5.381876 97
3506 6.584397 97
3507 2.438873 97
3508 5.618926 97
3509 6.416176 97
3510 2.624697 97
3511 6.834058 97
3512 5.532811 97
3513 0.000000 97
3514 0.000000 97
3515 0.000000 97
3516 4.479913 97
3517 2.999803 97
3518 7.143689 97
3519 5.843334 97
3520 547.259340 97
3521 2.792891 97
3522 5.640150 97
3523 7.084579 97
3524 2.894736 97
3525 6.676746 97
3526 5.725217 97
3527 0.777737 97
3528 1.275208 97
3529 1.649038 97
3530 1.500934 97
3531 2.931675 97
3532 5.905699 97
3533 7.498766 97
3534 19.975776 97
3535 2.755579 97
3536 5.773035 97
3537 6.998422 97
3538 3.715534 97
3539 1.152543 97
3540 1.674926 97
3541 8.255502 97
3542 2.244557 97
3543 2.012016 97
3544 3.159845 97
3545 2.102478 97
3546 5.526735 97
3547 2.601354 97
3548 3.604771 97
3549 2.020286 97
3550 2.012462 106
3551 3.744546 106
3552 2.475718 106
3553 2.799832 106
3554 31.639911 106
3555 4.333931 106
3556 5.583673 106
3557 26.949141 106
3558 2.048227 106
3559 2.573032 106
3560 14.503509 106
3561 163.457075 106
3562 1.636083 106
3563 4.902432 106
3564 9.567047 106
3565 1.600852 106
3566 0.277457 106
3567 3.920173 106
3568 1.616921 106
3569 4.219707 106
3570 2.464636 106
3571 5.054767 106
3572 1.947486 106
3573 0.660523 106
3574 1.079075 106
3575 2.870013 106
3576 5.170083 106
3577 1.868463 106
3578 12.814476 106
3579 150.930080 106
3580 1.808773 106
3581 12.360725 106
3582 0.662474 106
3583 0.990381 106
3584 3.010246 106
3585 20.985425 106
3586 36.396848 106
3587 3.467183 106
3588 5.169481 106
3589 1.355865 106
3590 1.947488 106
3591 0.381333 106
3592 11.016192 106
3593 33.768037 106
3594 2.225221 106
3595 7.699945 106
3596 1.927223 106
3597 5.396905 106
3598 1.306040 106
3599 4.333534 106
3600 4.076370 95
3601 16.229709 95
3602 2.370969 95
3603 3.345110 95
3604 0.309890 95
3605 1.280763 95
3606 0.897915 95
3607 1.744425 95
3608 9.645157 95
3609 1.906117 95
3610 6.805105 95
3611 0.000000 95
3612 1.697667 95
3613 1.451271 95
3614 2.683669 95
3615 9.416337 95
3616 5.863002 95
3617 11.556060 95
3618 1.336122 95
3619 3.684895 95
3620 20.360912 95
3621 2.839154 95
3622 21.351393 95
3623 2.462854 95
3624 17.072656 95
3625 3.680961 95
3626 2.818878 95
3627 2.835608 95
3628 1.557120 95
3629 1.483865 95
3630 13.652299 95
3631 5.416497 95
3632 1.575615 95
3633 1.712208 95
3634 4.320387 95
3635 6.227627 95
3636 0.134122 95
3637 2.281432 95
3638 97.885510 95
3639 4.066031 95
3640 17.166244 95
3641 4.261768 95
3642 5.800093 95
3643 2.977043 95
3644 0.227322 95
3645 3.504790 95
3646 1.456395 95
3647 56.222472 95
3648 0.011018 95
3649 3.353654 95
3650 3.852092 114
3651 3.654194 114
3652 0.864890 114
3653 2.799627 114
3654 0.792578 114
3655 0.425595 114
3656 2.592054 114
3657 0.000000 114
3658 0.328638 114
3659 14.347523 114
3660 54.969575 114
3661 3.925680 114
3662 16.776517 114
3663 4.411295 114
3664 0.000000 114
3665 1.639563 114
3666 12.138052 114
3667 7.556895 114
3668 10.837744 114
3669 2.218281 114
3670 18.128942 114
3671 5.520276 114
3672 0.810244 114
3673 4.041967 114
3674 2.124541 114
3675 3.394232 114
3676 36.440908 114
3677 94.746280 114
3678 0.002036 114
3679 1.467555 114
3680 1.769675 114
3681 2.239429 114
3682 2.840820 114
3683 2.200572 114
3684 0.000000 114
3685 1.345753 114
3686 0.909223 114
3687 15.306177 114
3688 2.319392 114
3689 0.189439 114
3690 2.762272 114
3691 264.722620 114
3692 0.814167 114
3693 3.380775 114
3694 2.107519 114
3695 21.860129 114
3696 1.937401 114
3697 6.416928 114
3698 2.312415 114
3699 0.686916 114
3700 0.878987 102
3701 1.855459 102
3702 6.728044 102
3703 2.482172 102
3704 1.538225 102
3705 1.968066 102
3706 0.910266 102
3707 5.758467 102
3708 0.400634 102
3709 3.311719 102
3710 3.361838 102
3711 0.188784 102
3712 9.561107 102
3713 1.762898 102
3714 3.776540 102
3715 4.601762 102
3716 2.141661 102
3717 1.681730 102
3718 1.830568 102
3719 2.225024 102
3720 0.012950 102
3721 2.292692 102
3722 10.627764 102
3723 0.649728 102
3724 2.162239 102
3725 2.086453 102
3726 2.139482 102
3727 2.045198 102
3728 1.779493 102
3729 2.438295 102
3730 2.202403 102
3731 6.545193 102
3732 14.163940 102
3733 2.861577 102
3734 2.607828 102
3735 19.103420 102
3736 2.438377 102
3737 1.138107 102
3738 100.207620 102
3739 1.913896 102
3740 2.942004 102
3741 2.788470 101
3742 2.778732 102
3743 2.632173 102
3744 19.061535 102
3745 7.803619 102
3746 1.287145 102
3747 3.208774 102
3748 1.974768 102
3749 0.000000 102
3750 7.770951 114
3751 2.289719 114
3752 7.502940 114
3753 0.498550 114
3754 1.859606 114
3755 1.543263 114
3756 14.229881 114
3757 2.582798 114
3758 2.846016 114
3759 1.460053 114
3760 1.783530 114
3761 2.143541 114
3762 0.619030 113
3763 1.698741 113
3764 2.390983 113
3765 2.581736 113
3766 1.489819 113
3767 0.000000 113
3768 15.868086 113
3769 2.072721 113
3770 3.594174 113
3771 1.462628 113
3772 2.244116 113
3773 5.751765 113
3774 6.129437 113
3775 1.579720 113
3776 0.020323 113
3777 2.634093 113
3778 369.171411 113
3779 1.296329 113
3780 2.283580 113
3781 18.523166 113
3782 52.551993 113
3783 28.207818 113
3784 2.053943 113
3785 2.535599 113
3786 0.000000 113
3787 2.650789 113
3788 1.303638 113
3789 14.849783 113
3790 3.450420 113
3791 3.482089 113
3792 2.914970 113
3793 2.693722 113
3794 2.495772 113
3795 4.446855 113
3796 1.041882 113
3797 2.732835 113
3798 3.146089 113
3799 3.021871 113
3800 1.764843 107
3801 2.368910 107
3802 0.083303 107
3803 3.660241 107
3804 3.482638 107
3805 3.593962 107
3806 2.368424 107
3807 1.968199 107
3808 2.807087 107
3809 8.968577 107
3810 1.559570 107
3811 1.655149 107
3812 2.025239 107
3813 0.594831 107
3814 5.247821 107
3815 4.073130 107
3816 2.023338 107
3817 1.920463 107
3818 2.094500 107
3819 2.443348 107
3820 6.733909 107
3821 0.012741 107
3822 4.000860 107
3823 2.528811 107
3824 16.652604 107
3825 22.160899 107
3826 0.653609 107
3827 3.416620 107
3828 1.453185 107
3829 1.202677 107
3830 21.458609 107
3831 2.754920 107
3832 19.530069 107
3833 1.549431 107
3834 3.479633 107
3835 2.389792 107
3836 3.901569 107
3837 37.999466 107
3838 61.542357 107
3839 3.802945 107
3840 0.000000 107
3841 2.749464 107
3842 43.170351 107
3843 4.300806 107
3844 1.629344 107
3845 1.810952 107
3846 1.781956 107
3847 13.350515 107
3848 2.011107 107
3849 1.006953 107
3850 1.910961 106
3851 4.721330 106
3852 1.594520 106
3853 1.719276 106
3854 1.592325 106
3855 2.055808 106
3856 1.420880 106
3857 2.176982 106
3858 0.863043 106
3859 3.774996 106
3860 3.279690 106
3861 3.721485 106
3862 1.279290 106
3863 1.691592 106
3864 2.761720 106
3865 37.150350 106
3866 2.181045 106
3867 5.057193 106
3868 2.533640 106
3869 1.954858 106
3870 2.645330 106
3871 1.786680 106
3872 1.233804 106
3873 1.225818 106
3874 2.008022 106
3875 2.064366 106
3876 1.374716 106
3877 3.969451 106
3878 3.274397 106
3879 1.959930 106
3880 2.229978 106
3881 2.082857 106
3882 7.683590 106
3883 2.880433 106
3884 2.949917 106
3885 0.868923 106
3886 0.614364 106
3887 3.750023 106
3888 47.763060 106
3889 19.280114 106
3890 6.462321 106
3891 8.139929 106
3892 2.195819 106
3893 2.356696 106
3894 0.000000 106
3895 3.835614 106
3896 7.698415 106
3897 1.710738 106
3898 1.608825 106
3899 3.139548 106
3900 99.632282 113
3901 1.784296 113
3902 3.146908 113
3903 2.825752 113
3904 1.504066 113
3905 1.720926 113
3906 0.000000 113
3907 1.154268 113
3908 2.994224 113
3909 0.286463 113
3910 2.734977 113
3911 1.627263 113
3912 1.626740 113
3913 2.420035 113
3914 2.638737 113
3915 2.388222 113
3916 2.107290 113
3917 2.143256 113
3918 1.089142 113
3919 0.437130 113
3920 0.000000 113
3921 0.002470 113
3922 0.932155 113
3923 1.897052 113
3924 3.665217 113
3925 0.039233 113
3926 23.500410 113
3927 12.998803 113
3928 1.688801 113
3929 48.525497 113
3930 1.829577 113
3931 3.336380 113
3932 1.089977 113
3933 1.677925 113
3934 2.822042 113
3935 2.325439 113
3936 1.883957 113
3937 2.427071 113
3938 1.168373 113
3939 14.688761 113
3940 0.133095 113
3941 3.403524 113
3942 2.442435 113
3943 0.944191 113
3944 2.116731 113
3945 37.461256 113
3946 1.948885 113
3947 2.490624 113
3948 2.106423 113
3949 14.783091 113
3950 1.015954 121
3951 2.114348 121
3952 5.715789 121
3953 0.427383 121
3954 1.707526 121
3955 42.365406 121
3956 56.604683 121
3957 2.412310 121
3958 1.780177 121
3959 7.702795 121
3960 0.000000 121
3961 1.746716 121
3962 1.643323 121
3963 4.679255 121
3964 6.108347 121
3965 18.536186 121
3966 2.542410 121
3967 12.867355 121
3968 1.006582 121
3969 0.321668 121
3970 17.651830 121
3971 2.876010 121
3972 2.251355 121
3973 0.000000 121
3974 3.749765 121
3975 1.308808 121
3976 2.106161 121
3977 0.963152 121
3978 1.377832 121
3979 1.616994 121
3980 0.000000 121
3981 4.174443 121
3982 3.685908 121
3983 3.677261 121
3984 2.087782 121
3985 1.259885 121
3986 0.144575 121
3987 1.473828 121
3988 4.863830 121
3989 0.683322 121
3990 2.968813 121
3991 0.391353 121
3992 10.514383 121
3993 0.507938 121
3994 0.492007 121
3995 0.706365 121
3996 0.789849 121
3997 0.683767 121
3998 1.719287 121
3999 1.041486 121
4000 0.227598 115
4001 0.476390 115
4002 3.165395 115
4003 1.628996 115
4004 2.104083 115
4005 2.023811 115
4006 5.589433 115
4007 4.906100 115
4008 0.554161 115
4009 2.071712 115
4010 0.591021 115
4011 1.535980 115
4012 2.928338 115
4013 6.922465 115
4014 3.730559 115
4015 0.254946 115
4016 0.414612 115
4017 1.009019 115
4018 1.240716 115
4019 0.595223 115
4020 3.340455 115
4021 1.646220 115
4022 3.347457 115
4023 4.538445 115
4024 1.409968 115
4025 2.846651 115
4026 2.201974 115
4027 30.024860 115
4028 1.689778 115
4029 1.699505 115
4030 1.849707 115
4031 383.163082 115
4032 134.180298 115
4033 43.235758 115
4034 5.442416 115
4035 24.667825 115
4036 2.592155 115
4037 1.452361 115
4038 9.026155 115
4039 0.846407 115
4040 0.000000 115
4041 3.521150 115
4042 0.995305 115
4043 2.103098 115
4044 0.691779 115
4045 9.500128 115
4046 23.061531 115
4047 1.679769 115
4048 1.558451 115
4049 1.815490 115
4050 2.884175 121
4051 1.399722 121
4052 0.512871 121
4053 2.232209 121
4054 0.907803 121
4055 1.778442 121
4056 1.712011 121
4057 1.155890 121
4058 0.020247 121
4059 0.573539 121
4060 147.816992 121
4061 2.274964 121
4062 1.950592 121
4063 1.963658 121
4064 1.066987 121
4065 3.047578 121
4066 32.941553 121
4067 0.654539 121
4068 8.976553 121
4069 2.213027 121
4070 1.363362 121
4071 2.835036 121
4072 0.876225 121
4073 1.415768 121
4074 0.000000 121
4075 3.286616 121
4076 7.328676 121
4077 2.179104 121
4078 0.185965 121
4079 0.672583 121
4080 1.997484 121
4081 2.715135 121
4082 2.253312 121
4083 3.465799 121
4084 7.748778 121
4085 0.624470 121
4086 4.125574 121
4087 0.572866 121
4088 2.338694 121
4089 3.272607 121
4090 3.457713 121
4091 3.902020 121
4092 13.314240 121
4093 0.050406 121
4094 8.846190 121
4095 3.458167 121
4096 3.905088 121
4097 2.384484 121
4098 1.943185 121
4099 3.331253 121
4100 3.242578 116
4101 1.210427 116
4102 1.762143 116
4103 2.778325 116
4104 2.529138 116
4105 3.615828 116
4106 26.600905 116
4107 0.000326 116
4108 3.599797 116
4109 0.282906 116
4110 0.350750 116
4111 17.994386 116
4112 108.341998 116
4113 2.012189 116
4114 2.290800 116
4115 3.250077 116
4116 6.547923 116
4117 11.278006 114
4118 4.373050 116
4119 22.271264 116
4120 4.964425 116
4121 0.000000 116
4122 8.772922 116
4123 2.385264 116
4124 2.510015 116
4125 6.187268 116
4126 8.581904 116
4127 2.928205 116
4128 2.164175 116
4129 6.015330 116
4130 3.495865 116
4131 4.552482 116
4132 0.875239 116
4133 0.978704 116
4134 0.000000 116
4135 0.000000 116
4136 4.376802 116
4137 2.677824 116
4138 4.106459 116
4139 4.150817 116
4140 0.535607 116
4141 1.121716 116
4142 0.747703 116
4143 3.487436 116
4144 1.102263 116
4145 2.832237 116
4146 3.107293 116
4147 2.271704 116
4148 3.014416 116
4149 7.840827 116
4150 0.906041 114
4151 5.146590 114
4152 1.481832 114
4153 1.022598 114
4154 5.279739 114
4155 4.597882 114
4156 3.509938 114
4157 2.127893 114
4158 3.919894 114
4159 10.280286 114
4160 1.603946 114
4161 31.426041 114
4162 15.635196 114
4163 13.864007 114
4164 3.686270 114
4165 0.000000 114
4166 10.030599 114
4167 5.851366 114
4168 2.981472 114
4169 0.915312 114
4170 1.765475 114
4171 2.130922 114
4172 9.980108 114
4173 18.950349 114
4174 2.739356 114
4175 3.916866 114
4176 11.299858 114
4177 0.683634 114
4178 1.032765 114
4179 3.251867 114
4180 2.934038 114
4181 4.973757 114
4182 4.353488 114
4183 42.589650 114
4184 10.650530 114
4185 5.787628 114
4186 2.627095 114
4187 3.325430 114
4188 8.212419 114
4189 0.774450 114
4190 7.972240 114
4191 17.589906 114
4192 2.049244 114
4193 2.311175 114
4194 1.115193 114
4195 3.402630 114
4196 0.580584 114
4197 7.339075 114
4198 3.055214 114
4199 3.206305 114
4200 1.404547 120
4201 3.413280 120
4202 2.475426 120
4203 4.174394 120
4204 9.484256 120
4205 9.893148 120
4206 8.884425 120
4207 8.629390 120
4208 10.860418 120
4209 10.002191 120
4210 1.348950 120
4211 4.824668 120
4212 4.266374 120
4213 1.707210 120
4214 4.822474 120
4215 9.867283 120
4216 6.010591 120
4217 0.829810 120
4218 2.687604 120
4219 8.871726 120
4220 1.864074 120
4221 2.754992 120
4222 117.448485 120
4223 0.000000 120
4224 2.586595 120
4225 1.970646 120
4226 1.643184 120
4227 5.513890 120
4228 4.905482 120
4229 2.725609 120
4230 3.660053 120
4231 5.596878 120
4232 2.028858 120
4233 1.795702 120
4234 2.287061 120
4235 3.206443 120
4236 0.771793 120
4237 0.746077 120
4238 2.264842 120
4239 1.819618 120
4240 3.651229 120
4241 3.329461 120
4242 1.565189 120
4243 4.275886 120
4244 4.054246 120
4245 4.382143 120
4246 1.639754 120
4247 0.717681 120
4248 1.003811 120
4249 2.151768 120
4250 0.917184 104
4251 1.201279 104
4252 3.223647 104
4253 4.223943 104
4254 3.159307 104
4255 3.311501 104
4256 3.350608 104
4257 4.670386 104
4258 3.934621 104
4259 4.108605 104
4260 4.961416 104
4261 5.126958 104
4262 3.665875 104
4263 3.564324 104
4264 5.003787 104
4265 4.054184 104
4266 5.469758 104
4267 4.682371 104
4268 5.869763 104
4269 7.199771 104
4270 8.572930 104
4271 8.606538 104
4272 10.340323 104
4273 10.865684 104
4274 0.000000 104
4275 0.000000 104
4276 0.000000 104
4277 0.000000 104
4278 0.090462 104
4279 0.712862 104
4280 1.799342 104
4281 3.656294 104
4282 0.357805 104
4283 2.538740 104
4284 1.206630 104
4285 14.989125 104
4286 1.172376 104
4287 3.507550 104
4288 0.458765 104
4289 11.582156 104
4290 5.596893 104
4291 13.685756 104
4292 12.304604 104
4293 13.055140 104
4294 12.912726 104
4295 13.069806 104
4296 13.420213 104
4297 13.352920 104
4298 0.000000 104
4299 12.531017 104
4300 3.915938 106
4301 8.340046 106
4302 7.941528 106
4303 7.809915 106
4304 7.922356 106
4305 8.262652 106
4306 1.096295 106
4307 3.049714 106
4308 8.502906 106
4309 8.546620 106
4310 3.855707 106
4311 4.420943 106
4312 8.182001 106
4313 7.500057 106
4314 7.703506 106
4315 7.760931 106
4316 7.786947 106
4317 3.635339 106
4318 28.885375 106
4319 1.760821 106
4320 1.525777 106
4321 1.858803 106
4322 2.091843 106
4323 1.964091 106
4324 1.778358 106
4325 1.015649 106
4326 14.443860 106
4327 2.976050 106
4328 7.414145 106
4329 0.758207 106
4330 12.058740 106
4331 1.182448 106
4332 1.742824 106
4333 1.064205 106
4334 3.418683 106
4335 1.127658 106
4336 0.621756 106
4337 1.201240 106
4338 1.517370 106
4339 3.489189 106
4340 2.162572 106
4341 1.429473 106
4342 2.031850 106
4343 1.124350 106
4344 0.022699 106
4345 0.033224 106
4346 0.021939 106
4347 0.037910 106
4348 0.040710 106
4349 0.019476 106
4350 0.089408 106
4351 1.650222 106
4352 0.494382 106
4353 1.922042 106
4354 1.702097 106
4355 0.963420 106
4356 2.668044 106
4357 2.361932 106
4358 0.613177 106
4359 0.721908 106
4360 0.000000 106
4361 0.000000 106
4362 0.000000 106
4363 0.000000 106
4364 0.000000 106
4365 0.000000 106
4366 0.000000 106
4367 0.000000 106
4368 0.000000 106
4369 0.000000 106
4370 0.000000 106
4371 0.000000 106
4372 0.000000 106
4373 0.000000 106
4374 0.000000 106
4375 0.000000 106
4376 0.000000 106
4377 0.000000 106
4378 0.000000 106
4379 3.949443 106
4380 6.981560 106
4381 17.536606 106
4382 8.860948 106
4383 15.452620 106
4384 6.011091 106
4385 5.686765 106
4386 8.572489 106
4387 6.477317 106
4388 436.521843 106
4389 2.341064 106
4390 4.469245 106
4391 10.997519 106
4392 73.411436 106
4393 11.326709 106
4394 2.969405 106
4395 5.757159 106
4396 4.996747 106
4397 7.694235 106
4398 6.297108 106
4399 5.969721 106
4400 2.334371 89
4401 4.798302 89
4402 5.180765 89
4403 6.989618 89
4404 5.406908 89
4405 5.894049 89
4406 3.675464 89
4407 3.769655 89
4408 3.439308 89
4409 4.226767 89
4410 3.376356 89
4411 2.952210 89
4412 3.698689 89
4413 2.234777 89
4414 22.839035 89
4415 4.395093 89
4416 100.133777 89
4417 1.999981 89
4418 26.169378 89
4419 84.394160 89
4420 5.357399 89
4421 1.954316 89
4422 39.714308 89
4423 44.420830 89
4424 5.122252 89
4425 2.255168 89
4426 27.209026 89
4427 84.342437 89
4428 4.429332 89
4429 16.789031 89
4430 5.314578 89
4431 4.887456 89
4432 105.521560 89
4433 16.931646 89
4434 4.607711 89
4435 94.631719 89
4436 5.275663 89
4437 2.013391 89
4438 42.240965 89
4439 61.620732 89
4440 5.298571 89
4441 2.117185 89
4442 43.295704 89
4443 5.401399 89
4444 65.031215 89
4445 2.047236 89
4446 26.324571 89
4447 5.543769 89
4448 103.104238 89
4449 3.350355 89
4450 14.656934 102
4451 84.368667 102
4452 5.177757 102
4453 1.743372 102
4454 0.946437 102
4455 1.942498 102
4456 1.837449 102
4457 5.509777 102
4458 2.510696 102
4459 5.631498 102
4460 4.001718 102
4461 10.635080 102
4462 2.769942 102
4463 5.137035 102
4464 1.376557 102
4465 3.321990 102
4466 3.384545 102
4467 2.013106 102
4468 2.726450 102
4469 6.463481 102
4470 1.299179 102
4471 2.715183 102
4472 5.223707 102
4473 19.997112 102
4474 45.392434 102
4475 3.102568 102
4476 5.652830 102
4477 13.824986 102
4478 1.730358 102
4479 1.800619 102
4480 6.804265 102
4481 1.420227 102
4482 1.433765 102
4483 0.002493 102
4484 2.090660 102
4485 2.386520 102
4486 2.617432 102
4487 3.787379 102
4488 2.964760 102
4489 1.712894 102
4490 3.573250 102
4491 4.016800 102
4492 20.721722 102
4493 4.106384 102
4494 2.856569 102
4495 0.495366 102
4496 6.351411 102
4497 3.534189 102
4498 4.091791 102
4499 20.993758 102
