0 0.823944
1 0.816901
2 0.809859
3 0.809859
4 0.809859
5 0.823944
6 0.823944
7 0.823944
8 0.823944
9 0.823944
10 0.823944
11 0.823944
12 0.823944
13 0.823944
14 0.823944
15 0.823944
16 0.823944
17 0.823944
18 0.823944
19 0.823944
20 0.823944
21 0.823944
22 0.823944
23 0.823944
24 0.823944
25 0.823944
26 0.823944
27 0.823944
28 0.823944
29 0.823944
30 0.823944
31 0.823944
32 0.823944
33 0.823944
34 0.823944
35 0.823944
36 0.823944
37 0.823944
38 0.823944
39 0.823944
40 0.823944
41 0.823944
42 0.823944
43 0.823944
44 0.823944
45 0.823944
46 0.823944
47 0.823944
48 0.823944
49 0.823944
50 0.809859
51 0.809859
52 0.809859
53 0.809859
54 0.809859
55 0.809859
56 0.809859
57 0.809859
58 0.809859
59 0.809859
60 0.809859
61 0.809859
62 0.809859
63 0.809859
64 0.809859
65 0.809859
66 0.809859
67 0.809859
68 0.809859
69 0.809859
70 0.809859
71 0.809859
72 0.809859
73 0.809859
74 0.809859
75 0.809859
76 0.809859
77 0.809859
78 0.809859
79 0.809859
80 0.809859
81 0.809859
82 0.809859
83 0.809859
84 0.809859
85 0.809859
86 0.809859
87 0.809859
88 0.809859
89 0.809859
90 0.809859
91 0.809859
92 0.809859
93 0.809859
94 0.809859
95 0.809859
96 0.809859
97 0.809859
98 0.809859
99 0.809859
100 0.654930
101 0.647887
102 0.640845
103 0.640845
104 0.654930
105 0.654930
106 0.654930
107 0.654930
108 0.654930
109 0.654930
110 0.654930
111 0.654930
112 0.654930
113 0.654930
114 0.654930
115 0.654930
116 0.654930
117 0.654930
118 0.654930
119 0.654930
120 0.654930
121 0.654930
122 0.654930
123 0.654930
124 0.654930
125 0.654930
126 0.654930
127 0.654930
128 0.654930
129 0.654930
130 0.654930
131 0.654930
132 0.654930
133 0.654930
134 0.654930
135 0.654930
136 0.654930
137 0.654930
138 0.654930
139 0.654930
140 0.654930
141 0.654930
142 0.654930
143 0.654930
144 0.654930
145 0.654930
146 0.654930
147 0.654930
148 0.654930
149 0.654930
150 0.683099
151 0.669014
152 0.683099
153 0.683099
154 0.683099
155 0.683099
156 0.683099
157 0.683099
158 0.683099
159 0.683099
160 0.683099
161 0.683099
162 0.683099
163 0.683099
164 0.683099
165 0.683099
166 0.676056
167 0.683099
168 0.683099
169 0.683099
170 0.683099
171 0.683099
172 0.683099
173 0.676056
174 0.676056
175 0.676056
176 0.676056
177 0.676056
178 0.676056
179 0.676056
180 0.676056
181 0.676056
182 0.676056
183 0.676056
184 0.676056
185 0.676056
186 0.676056
187 0.676056
188 0.676056
189 0.676056
190 0.676056
191 0.683099
192 0.676056
193 0.676056
194 0.676056
195 0.676056
196 0.676056
197 0.676056
198 0.676056
199 0.676056
200 0.669014
201 0.647887
202 0.654930
203 0.647887
204 0.647887
205 0.654930
206 0.647887
207 0.647887
208 0.647887
209 0.647887
210 0.647887
211 0.654930
212 0.647887
213 0.647887
214 0.647887
215 0.647887
216 0.647887
217 0.647887
218 0.654930
219 0.647887
220 0.647887
221 0.654930
222 0.647887
223 0.647887
224 0.654930
225 0.654930
226 0.647887
227 0.647887
228 0.647887
229 0.647887
230 0.647887
231 0.654930
232 0.647887
233 0.647887
234 0.647887
235 0.647887
236 0.654930
237 0.654930
238 0.647887
239 0.654930
240 0.654930
241 0.654930
242 0.647887
243 0.661972
244 0.654930
245 0.654930
246 0.647887
247 0.647887
248 0.647887
249 0.647887
250 0.690141
251 0.676056
252 0.676056
253 0.676056
254 0.676056
255 0.669014
256 0.676056
257 0.669014
258 0.676056
259 0.669014
260 0.669014
261 0.683099
262 0.676056
263 0.669014
264 0.669014
265 0.676056
266 0.669014
267 0.676056
268 0.669014
269 0.669014
270 0.669014
271 0.669014
272 0.676056
273 0.669014
274 0.669014
275 0.669014
276 0.669014
277 0.669014
278 0.669014
279 0.676056
280 0.676056
281 0.669014
282 0.676056
283 0.669014
284 0.676056
285 0.669014
286 0.676056
287 0.669014
288 0.683099
289 0.669014
290 0.669014
291 0.676056
292 0.676056
293 0.669014
294 0.669014
295 0.669014
296 0.669014
297 0.669014
298 0.669014
299 0.669014
300 0.711268
301 0.697183
302 0.690141
303 0.690141
304 0.697183
305 0.697183
306 0.697183
307 0.690141
308 0.690141
309 0.690141
310 0.690141
311 0.690141
312 0.697183
313 0.697183
314 0.697183
315 0.690141
316 0.690141
317 0.690141
318 0.690141
319 0.690141
320 0.697183
321 0.690141
322 0.690141
323 0.697183
324 0.690141
325 0.697183
326 0.690141
327 0.697183
328 0.690141
329 0.690141
330 0.690141
331 0.697183
332 0.697183
333 0.690141
334 0.690141
335 0.690141
336 0.690141
337 0.697183
338 0.690141
339 0.690141
340 0.690141
341 0.697183
342 0.690141
343 0.704225
344 0.697183
345 0.704225
346 0.690141
347 0.690141
348 0.697183
349 0.690141
350 0.753521
351 0.739437
352 0.739437
353 0.746479
354 0.739437
355 0.753521
356 0.739437
357 0.739437
358 0.739437
359 0.739437
360 0.746479
361 0.746479
362 0.746479
363 0.746479
364 0.746479
365 0.753521
366 0.739437
367 0.746479
368 0.739437
369 0.746479
370 0.739437
371 0.739437
372 0.746479
373 0.739437
374 0.739437
375 0.739437
376 0.739437
377 0.746479
378 0.746479
379 0.746479
380 0.739437
381 0.753521
382 0.739437
383 0.746479
384 0.739437
385 0.746479
386 0.739437
387 0.746479
388 0.746479
389 0.746479
390 0.739437
391 0.739437
392 0.739437
393 0.739437
394 0.739437
395 0.739437
396 0.746479
397 0.746479
398 0.739437
399 0.746479
400 0.711268
401 0.697183
402 0.697183
403 0.704225
404 0.697183
405 0.697183
406 0.704225
407 0.697183
408 0.697183
409 0.697183
410 0.697183
411 0.697183
412 0.704225
413 0.704225
414 0.704225
415 0.690141
416 0.690141
417 0.690141
418 0.697183
419 0.697183
420 0.690141
421 0.697183
422 0.690141
423 0.690141
424 0.690141
425 0.704225
426 0.683099
427 0.690141
428 0.683099
429 0.683099
430 0.683099
431 0.697183
432 0.683099
433 0.683099
434 0.690141
435 0.683099
436 0.690141
437 0.690141
438 0.690141
439 0.683099
440 0.697183
441 0.683099
442 0.690141
443 0.690141
444 0.683099
445 0.690141
446 0.690141
447 0.683099
448 0.683099
449 0.697183
450 0.739437
451 0.732394
452 0.732394
453 0.725352
454 0.725352
455 0.718310
456 0.718310
457 0.711268
458 0.711268
459 0.732394
460 0.739437
461 0.739437
462 0.732394
463 0.739437
464 0.732394
465 0.739437
466 0.732394
467 0.732394
468 0.732394
469 0.732394
470 0.732394
471 0.732394
472 0.732394
473 0.732394
474 0.732394
475 0.732394
476 0.732394
477 0.732394
478 0.739437
479 0.732394
480 0.732394
481 0.739437
482 0.739437
483 0.739437
484 0.732394
485 0.732394
486 0.739437
487 0.732394
488 0.732394
489 0.739437
490 0.739437
491 0.732394
492 0.732394
493 0.739437
494 0.732394
495 0.739437
496 0.739437
497 0.732394
498 0.739437
499 0.739437
500 0.802817
501 0.802817
502 0.802817
503 0.802817
504 0.802817
505 0.802817
506 0.802817
507 0.802817
508 0.802817
509 0.802817
510 0.802817
511 0.802817
512 0.802817
513 0.802817
514 0.802817
515 0.802817
516 0.802817
517 0.802817
518 0.802817
519 0.802817
520 0.802817
521 0.802817
522 0.802817
523 0.802817
524 0.802817
525 0.802817
526 0.802817
527 0.802817
528 0.802817
529 0.802817
530 0.802817
531 0.802817
532 0.802817
533 0.802817
534 0.802817
535 0.802817
536 0.802817
537 0.802817
538 0.802817
539 0.802817
540 0.802817
541 0.802817
542 0.802817
543 0.802817
544 0.781690
545 0.802817
546 0.802817
547 0.802817
548 0.802817
549 0.802817
550 0.704225
551 0.690141
552 0.697183
553 0.690141
554 0.690141
555 0.690141
556 0.697183
557 0.697183
558 0.690141
559 0.690141
560 0.690141
561 0.690141
562 0.690141
563 0.690141
564 0.690141
565 0.690141
566 0.690141
567 0.690141
568 0.704225
569 0.704225
570 0.690141
571 0.704225
572 0.697183
573 0.697183
574 0.697183
575 0.697183
576 0.697183
577 0.697183
578 0.704225
579 0.704225
580 0.704225
581 0.704225
582 0.704225
583 0.704225
584 0.704225
585 0.704225
586 0.704225
587 0.704225
588 0.704225
589 0.704225
590 0.704225
591 0.704225
592 0.704225
593 0.704225
594 0.704225
595 0.704225
596 0.704225
597 0.704225
598 0.704225
599 0.704225
600 0.774648
601 0.774648
602 0.774648
603 0.774648
604 0.767606
605 0.760563
606 0.760563
607 0.760563
608 0.774648
609 0.774648
610 0.774648
611 0.774648
612 0.774648
613 0.774648
614 0.774648
615 0.774648
616 0.774648
617 0.774648
618 0.774648
619 0.767606
620 0.774648
621 0.774648
622 0.774648
623 0.774648
624 0.774648
625 0.774648
626 0.774648
627 0.774648
628 0.774648
629 0.774648
630 0.774648
631 0.774648
632 0.774648
633 0.774648
634 0.774648
635 0.774648
636 0.774648
637 0.774648
638 0.774648
639 0.774648
640 0.774648
641 0.774648
642 0.774648
643 0.774648
644 0.774648
645 0.774648
646 0.774648
647 0.774648
648 0.774648
649 0.774648
650 0.739437
651 0.739437
652 0.739437
653 0.739437
654 0.739437
655 0.739437
656 0.739437
657 0.739437
658 0.739437
659 0.739437
660 0.732394
661 0.739437
662 0.739437
663 0.739437
664 0.739437
665 0.739437
666 0.739437
667 0.739437
668 0.739437
669 0.739437
670 0.732394
671 0.739437
672 0.739437
673 0.739437
674 0.739437
675 0.739437
676 0.739437
677 0.739437
678 0.739437
679 0.739437
680 0.739437
681 0.739437
682 0.739437
683 0.739437
684 0.739437
685 0.739437
686 0.739437
687 0.739437
688 0.739437
689 0.739437
690 0.739437
691 0.739437
692 0.739437
693 0.739437
694 0.739437
695 0.739437
696 0.739437
697 0.739437
698 0.739437
699 0.739437
700 0.661972
701 0.661972
702 0.661972
703 0.661972
704 0.661972
705 0.661972
706 0.661972
707 0.661972
708 0.661972
709 0.661972
710 0.661972
711 0.661972
712 0.661972
713 0.661972
714 0.661972
715 0.661972
716 0.661972
717 0.661972
718 0.661972
719 0.661972
720 0.661972
721 0.661972
722 0.661972
723 0.661972
724 0.661972
725 0.661972
726 0.661972
727 0.661972
728 0.661972
729 0.661972
730 0.661972
731 0.661972
732 0.661972
733 0.661972
734 0.661972
735 0.661972
736 0.661972
737 0.661972
738 0.661972
739 0.661972
740 0.661972
741 0.661972
742 0.661972
743 0.661972
744 0.661972
745 0.661972
746 0.661972
747 0.661972
748 0.661972
749 0.661972
750 0.676056
751 0.676056
752 0.676056
753 0.676056
754 0.676056
755 0.676056
756 0.676056
757 0.676056
758 0.676056
759 0.676056
760 0.676056
761 0.676056
762 0.676056
763 0.669014
764 0.669014
765 0.676056
766 0.676056
767 0.676056
768 0.676056
769 0.676056
770 0.676056
771 0.676056
772 0.676056
773 0.676056
774 0.676056
775 0.676056
776 0.676056
777 0.676056
778 0.676056
779 0.676056
780 0.676056
781 0.676056
782 0.676056
783 0.676056
784 0.676056
785 0.676056
786 0.676056
787 0.676056
788 0.676056
789 0.676056
790 0.676056
791 0.676056
792 0.676056
793 0.676056
794 0.676056
795 0.676056
796 0.676056
797 0.676056
798 0.676056
799 0.676056
800 0.753521
801 0.753521
802 0.753521
803 0.753521
804 0.753521
805 0.753521
806 0.746479
807 0.753521
808 0.753521
809 0.753521
810 0.753521
811 0.753521
812 0.753521
813 0.753521
814 0.753521
815 0.753521
816 0.753521
817 0.753521
818 0.753521
819 0.753521
820 0.753521
821 0.753521
822 0.753521
823 0.753521
824 0.753521
825 0.753521
826 0.753521
827 0.753521
828 0.753521
829 0.753521
830 0.753521
831 0.753521
832 0.753521
833 0.753521
834 0.753521
835 0.753521
836 0.753521
837 0.753521
838 0.753521
839 0.753521
840 0.753521
841 0.753521
842 0.753521
843 0.753521
844 0.753521
845 0.753521
846 0.753521
847 0.753521
848 0.753521
849 0.753521
850 0.739437
851 0.739437
852 0.732394
853 0.739437
854 0.739437
855 0.739437
856 0.739437
857 0.739437
858 0.732394
859 0.739437
860 0.739437
861 0.739437
862 0.739437
863 0.739437
864 0.739437
865 0.739437
866 0.739437
867 0.725352
868 0.725352
869 0.732394
870 0.725352
871 0.725352
872 0.725352
873 0.725352
874 0.725352
875 0.725352
876 0.725352
877 0.725352
878 0.725352
879 0.725352
880 0.725352
881 0.725352
882 0.725352
883 0.732394
884 0.732394
885 0.732394
886 0.725352
887 0.725352
888 0.725352
889 0.725352
890 0.725352
891 0.725352
892 0.739437
893 0.732394
894 0.732394
895 0.739437
896 0.732394
897 0.732394
898 0.739437
899 0.732394
900 0.704225
901 0.697183
902 0.704225
903 0.690141
904 0.690141
905 0.704225
906 0.697183
907 0.697183
908 0.704225
909 0.697183
910 0.697183
911 0.704225
912 0.697183
913 0.697183
914 0.704225
915 0.697183
916 0.704225
917 0.704225
918 0.704225
919 0.697183
920 0.697183
921 0.697183
922 0.697183
923 0.697183
924 0.697183
925 0.697183
926 0.697183
927 0.704225
928 0.697183
929 0.697183
930 0.697183
931 0.704225
932 0.704225
933 0.697183
934 0.697183
935 0.697183
936 0.704225
937 0.697183
938 0.697183
939 0.704225
940 0.697183
941 0.697183
942 0.697183
943 0.697183
944 0.704225
945 0.704225
946 0.704225
947 0.697183
948 0.704225
949 0.697183
950 0.718310
951 0.711268
952 0.718310
953 0.718310
954 0.718310
955 0.718310
956 0.718310
957 0.718310
958 0.718310
959 0.718310
960 0.718310
961 0.718310
962 0.718310
963 0.718310
964 0.718310
965 0.718310
966 0.718310
967 0.718310
968 0.718310
969 0.718310
970 0.718310
971 0.718310
972 0.718310
973 0.718310
974 0.718310
975 0.711268
976 0.718310
977 0.718310
978 0.718310
979 0.718310
980 0.718310
981 0.718310
982 0.718310
983 0.718310
984 0.718310
985 0.718310
986 0.718310
987 0.718310
988 0.718310
989 0.718310
990 0.718310
991 0.718310
992 0.718310
993 0.718310
994 0.718310
995 0.718310
996 0.718310
997 0.718310
998 0.718310
999 0.718310
1000 0.563380
1001 0.563380
1002 0.563380
1003 0.563380
1004 0.563380
1005 0.563380
1006 0.563380
1007 0.563380
1008 0.563380
1009 0.563380
1010 0.563380
1011 0.563380
1012 0.563380
1013 0.563380
1014 0.563380
1015 0.563380
1016 0.563380
1017 0.563380
1018 0.563380
1019 0.563380
1020 0.563380
1021 0.563380
1022 0.563380
1023 0.563380
1024 0.563380
1025 0.563380
1026 0.563380
1027 0.563380
1028 0.563380
1029 0.563380
1030 0.563380
1031 0.563380
1032 0.563380
1033 0.563380
1034 0.563380
1035 0.563380
1036 0.563380
1037 0.563380
1038 0.563380
1039 0.563380
1040 0.563380
1041 0.563380
1042 0.563380
1043 0.563380
1044 0.563380
1045 0.563380
1046 0.563380
1047 0.563380
1048 0.563380
1049 0.563380
1050 0.718310
1051 0.718310
1052 0.718310
1053 0.718310
1054 0.718310
1055 0.718310
1056 0.718310
1057 0.718310
1058 0.718310
1059 0.718310
1060 0.718310
1061 0.718310
1062 0.718310
1063 0.718310
1064 0.718310
1065 0.718310
1066 0.718310
1067 0.718310
1068 0.718310
1069 0.718310
1070 0.718310
1071 0.718310
1072 0.718310
1073 0.718310
1074 0.718310
1075 0.711268
1076 0.711268
1077 0.711268
1078 0.711268
1079 0.711268
1080 0.711268
1081 0.711268
1082 0.711268
1083 0.711268
1084 0.711268
1085 0.711268
1086 0.711268
1087 0.718310
1088 0.718310
1089 0.718310
1090 0.718310
1091 0.718310
1092 0.718310
1093 0.718310
1094 0.718310
1095 0.718310
1096 0.718310
1097 0.718310
1098 0.718310
1099 0.718310
1100 0.809859
1101 0.809859
1102 0.809859
1103 0.809859
1104 0.809859
1105 0.809859
1106 0.809859
1107 0.809859
1108 0.809859
1109 0.809859
1110 0.809859
1111 0.809859
1112 0.809859
1113 0.809859
1114 0.809859
1115 0.809859
1116 0.809859
1117 0.809859
1118 0.809859
1119 0.809859
1120 0.809859
1121 0.809859
1122 0.809859
1123 0.809859
1124 0.809859
1125 0.809859
1126 0.809859
1127 0.809859
1128 0.809859
1129 0.809859
1130 0.809859
1131 0.809859
1132 0.809859
1133 0.809859
1134 0.809859
1135 0.809859
1136 0.809859
1137 0.809859
1138 0.802817
1139 0.809859
1140 0.809859
1141 0.809859
1142 0.809859
1143 0.809859
1144 0.809859
1145 0.809859
1146 0.809859
1147 0.809859
1148 0.809859
1149 0.809859
1150 0.739437
1151 0.725352
1152 0.732394
1153 0.739437
1154 0.739437
1155 0.739437
1156 0.739437
1157 0.732394
1158 0.739437
1159 0.732394
1160 0.739437
1161 0.739437
1162 0.739437
1163 0.739437
1164 0.739437
1165 0.739437
1166 0.739437
1167 0.739437
1168 0.739437
1169 0.739437
1170 0.739437
1171 0.739437
1172 0.739437
1173 0.739437
1174 0.739437
1175 0.739437
1176 0.739437
1177 0.739437
1178 0.739437
1179 0.739437
1180 0.739437
1181 0.739437
1182 0.739437
1183 0.739437
1184 0.739437
1185 0.739437
1186 0.739437
1187 0.739437
1188 0.739437
1189 0.739437
1190 0.739437
1191 0.739437
1192 0.739437
1193 0.739437
1194 0.739437
1195 0.739437
1196 0.739437
1197 0.739437
1198 0.739437
1199 0.739437
1200 0.746479
1201 0.739437
1202 0.746479
1203 0.746479
1204 0.746479
1205 0.746479
1206 0.746479
1207 0.746479
1208 0.746479
1209 0.746479
1210 0.746479
1211 0.746479
1212 0.746479
1213 0.746479
1214 0.746479
1215 0.746479
1216 0.746479
1217 0.746479
1218 0.746479
1219 0.746479
1220 0.746479
1221 0.746479
1222 0.746479
1223 0.746479
1224 0.746479
1225 0.746479
1226 0.746479
1227 0.746479
1228 0.746479
1229 0.746479
1230 0.746479
1231 0.746479
1232 0.746479
1233 0.746479
1234 0.746479
1235 0.746479
1236 0.746479
1237 0.746479
1238 0.746479
1239 0.746479
1240 0.746479
1241 0.746479
1242 0.746479
1243 0.746479
1244 0.746479
1245 0.746479
1246 0.746479
1247 0.746479
1248 0.746479
1249 0.746479
1250 0.739437
1251 0.739437
1252 0.739437
1253 0.739437
1254 0.739437
1255 0.739437
1256 0.739437
1257 0.739437
1258 0.739437
1259 0.739437
1260 0.739437
1261 0.739437
1262 0.739437
1263 0.739437
1264 0.739437
1265 0.739437
1266 0.739437
1267 0.739437
1268 0.739437
1269 0.739437
1270 0.739437
1271 0.739437
1272 0.739437
1273 0.739437
1274 0.739437
1275 0.739437
1276 0.739437
1277 0.739437
1278 0.739437
1279 0.739437
1280 0.739437
1281 0.739437
1282 0.739437
1283 0.739437
1284 0.739437
1285 0.739437
1286 0.739437
1287 0.739437
1288 0.739437
1289 0.739437
1290 0.739437
1291 0.739437
1292 0.739437
1293 0.739437
1294 0.739437
1295 0.739437
1296 0.739437
1297 0.739437
1298 0.739437
1299 0.739437
1300 0.753521
1301 0.739437
1302 0.739437
1303 0.753521
1304 0.753521
1305 0.753521
1306 0.753521
1307 0.753521
1308 0.746479
1309 0.746479
1310 0.753521
1311 0.753521
1312 0.746479
1313 0.746479
1314 0.753521
1315 0.753521
1316 0.753521
1317 0.753521
1318 0.753521
1319 0.753521
1320 0.753521
1321 0.753521
1322 0.753521
1323 0.753521
1324 0.753521
1325 0.753521
1326 0.753521
1327 0.753521
1328 0.753521
1329 0.753521
1330 0.753521
1331 0.753521
1332 0.753521
1333 0.753521
1334 0.753521
1335 0.753521
1336 0.753521
1337 0.753521
1338 0.753521
1339 0.753521
1340 0.753521
1341 0.753521
1342 0.753521
1343 0.753521
1344 0.753521
1345 0.753521
1346 0.753521
1347 0.753521
1348 0.753521
1349 0.753521
1350 0.697183
1351 0.690141
1352 0.683099
1353 0.683099
1354 0.683099
1355 0.683099
1356 0.683099
1357 0.683099
1358 0.683099
1359 0.683099
1360 0.683099
1361 0.683099
1362 0.683099
1363 0.683099
1364 0.683099
1365 0.683099
1366 0.683099
1367 0.683099
1368 0.683099
1369 0.683099
1370 0.683099
1371 0.683099
1372 0.690141
1373 0.690141
1374 0.690141
1375 0.683099
1376 0.683099
1377 0.683099
1378 0.690141
1379 0.683099
1380 0.683099
1381 0.690141
1382 0.683099
1383 0.690141
1384 0.683099
1385 0.683099
1386 0.683099
1387 0.676056
1388 0.676056
1389 0.676056
1390 0.676056
1391 0.683099
1392 0.683099
1393 0.676056
1394 0.676056
1395 0.690141
1396 0.690141
1397 0.676056
1398 0.676056
1399 0.676056
1400 0.654930
1401 0.633803
1402 0.654930
1403 0.647887
1404 0.647887
1405 0.647887
1406 0.647887
1407 0.647887
1408 0.647887
1409 0.647887
1410 0.647887
1411 0.647887
1412 0.647887
1413 0.647887
1414 0.647887
1415 0.647887
1416 0.647887
1417 0.654930
1418 0.654930
1419 0.647887
1420 0.654930
1421 0.647887
1422 0.647887
1423 0.647887
1424 0.647887
1425 0.647887
1426 0.647887
1427 0.647887
1428 0.647887
1429 0.647887
1430 0.647887
1431 0.647887
1432 0.654930
1433 0.654930
1434 0.640845
1435 0.654930
1436 0.647887
1437 0.647887
1438 0.640845
1439 0.640845
1440 0.654930
1441 0.647887
1442 0.654930
1443 0.654930
1444 0.654930
1445 0.654930
1446 0.654930
1447 0.654930
1448 0.654930
1449 0.654930
1450 0.626761
1451 0.612676
1452 0.619718
1453 0.612676
1454 0.626761
1455 0.626761
1456 0.626761
1457 0.626761
1458 0.626761
1459 0.626761
1460 0.626761
1461 0.626761
1462 0.626761
1463 0.626761
1464 0.626761
1465 0.626761
1466 0.626761
1467 0.626761
1468 0.626761
1469 0.626761
1470 0.626761
1471 0.626761
1472 0.626761
1473 0.626761
1474 0.626761
1475 0.626761
1476 0.626761
1477 0.626761
1478 0.626761
1479 0.626761
1480 0.626761
1481 0.626761
1482 0.626761
1483 0.626761
1484 0.626761
1485 0.626761
1486 0.626761
1487 0.626761
1488 0.626761
1489 0.626761
1490 0.626761
1491 0.626761
1492 0.626761
1493 0.626761
1494 0.626761
1495 0.626761
1496 0.626761
1497 0.626761
1498 0.626761
1499 0.626761
1500 0.711268
1501 0.711268
1502 0.711268
1503 0.711268
1504 0.711268
1505 0.711268
1506 0.711268
1507 0.711268
1508 0.711268
1509 0.711268
1510 0.711268
1511 0.711268
1512 0.711268
1513 0.711268
1514 0.711268
1515 0.711268
1516 0.711268
1517 0.711268
1518 0.711268
1519 0.711268
1520 0.711268
1521 0.711268
1522 0.711268
1523 0.711268
1524 0.711268
1525 0.711268
1526 0.711268
1527 0.711268
1528 0.711268
1529 0.711268
1530 0.711268
1531 0.711268
1532 0.711268
1533 0.711268
1534 0.711268
1535 0.711268
1536 0.711268
1537 0.711268
1538 0.711268
1539 0.711268
1540 0.711268
1541 0.711268
1542 0.711268
1543 0.711268
1544 0.711268
1545 0.711268
1546 0.711268
1547 0.711268
1548 0.711268
1549 0.711268
1550 0.823944
1551 0.823944
1552 0.823944
1553 0.823944
1554 0.823944
1555 0.823944
1556 0.823944
1557 0.823944
1558 0.823944
1559 0.823944
1560 0.823944
1561 0.823944
1562 0.823944
1563 0.823944
1564 0.823944
1565 0.823944
1566 0.823944
1567 0.823944
1568 0.823944
1569 0.823944
1570 0.823944
1571 0.823944
1572 0.823944
1573 0.823944
1574 0.823944
1575 0.823944
1576 0.823944
1577 0.823944
1578 0.823944
1579 0.823944
1580 0.823944
1581 0.823944
1582 0.823944
1583 0.823944
1584 0.823944
1585 0.823944
1586 0.823944
1587 0.823944
1588 0.823944
1589 0.809859
1590 0.809859
1591 0.809859
1592 0.816901
1593 0.809859
1594 0.816901
1595 0.809859
1596 0.816901
1597 0.816901
1598 0.823944
1599 0.823944
1600 0.774648
1601 0.774648
1602 0.774648
1603 0.774648
1604 0.774648
1605 0.774648
1606 0.774648
1607 0.774648
1608 0.774648
1609 0.774648
1610 0.774648
1611 0.774648
1612 0.774648
1613 0.774648
1614 0.774648
1615 0.774648
1616 0.774648
1617 0.774648
1618 0.774648
1619 0.774648
1620 0.774648
1621 0.774648
1622 0.774648
1623 0.774648
1624 0.774648
1625 0.774648
1626 0.774648
1627 0.774648
1628 0.774648
1629 0.774648
1630 0.774648
1631 0.774648
1632 0.774648
1633 0.774648
1634 0.774648
1635 0.774648
1636 0.774648
1637 0.767606
1638 0.767606
1639 0.774648
1640 0.774648
1641 0.774648
1642 0.774648
1643 0.774648
1644 0.774648
1645 0.774648
1646 0.774648
1647 0.774648
1648 0.774648
1649 0.774648
1650 0.661972
1651 0.661972
1652 0.661972
1653 0.661972
1654 0.661972
1655 0.661972
1656 0.661972
1657 0.661972
1658 0.661972
1659 0.661972
1660 0.661972
1661 0.661972
1662 0.661972
1663 0.661972
1664 0.661972
1665 0.661972
1666 0.661972
1667 0.661972
1668 0.654930
1669 0.654930
1670 0.661972
1671 0.654930
1672 0.661972
1673 0.661972
1674 0.661972
1675 0.661972
1676 0.661972
1677 0.661972
1678 0.661972
1679 0.661972
1680 0.661972
1681 0.661972
1682 0.661972
1683 0.661972
1684 0.661972
1685 0.661972
1686 0.661972
1687 0.661972
1688 0.661972
1689 0.661972
1690 0.661972
1691 0.661972
1692 0.661972
1693 0.661972
1694 0.661972
1695 0.661972
1696 0.661972
1697 0.661972
1698 0.661972
1699 0.661972
1700 0.661972
1701 0.654930
1702 0.647887
1703 0.661972
1704 0.661972
1705 0.661972
1706 0.661972
1707 0.661972
1708 0.661972
1709 0.661972
1710 0.661972
1711 0.661972
1712 0.661972
1713 0.661972
1714 0.661972
1715 0.661972
1716 0.661972
1717 0.654930
1718 0.654930
1719 0.661972
1720 0.661972
1721 0.661972
1722 0.661972
1723 0.661972
1724 0.661972
1725 0.661972
1726 0.661972
1727 0.661972
1728 0.661972
1729 0.661972
1730 0.661972
1731 0.661972
1732 0.661972
1733 0.661972
1734 0.661972
1735 0.661972
1736 0.661972
1737 0.661972
1738 0.661972
1739 0.661972
1740 0.661972
1741 0.661972
1742 0.661972
1743 0.661972
1744 0.661972
1745 0.661972
1746 0.661972
1747 0.661972
1748 0.661972
1749 0.661972
1750 0.838028
1751 0.838028
1752 0.838028
1753 0.838028
1754 0.838028
1755 0.838028
1756 0.838028
1757 0.838028
1758 0.838028
1759 0.838028
1760 0.838028
1761 0.838028
1762 0.838028
1763 0.838028
1764 0.838028
1765 0.838028
1766 0.838028
1767 0.838028
1768 0.838028
1769 0.838028
1770 0.838028
1771 0.838028
1772 0.838028
1773 0.838028
1774 0.838028
1775 0.838028
1776 0.838028
1777 0.838028
1778 0.838028
1779 0.838028
1780 0.838028
1781 0.838028
1782 0.838028
1783 0.838028
1784 0.838028
1785 0.838028
1786 0.838028
1787 0.838028
1788 0.838028
1789 0.838028
1790 0.838028
1791 0.838028
1792 0.838028
1793 0.838028
1794 0.838028
1795 0.838028
1796 0.838028
1797 0.838028
1798 0.838028
1799 0.838028
1800 0.802817
1801 0.788732
1802 0.802817
1803 0.802817
1804 0.802817
1805 0.802817
1806 0.802817
1807 0.802817
1808 0.802817
1809 0.802817
1810 0.802817
1811 0.802817
1812 0.802817
1813 0.802817
1814 0.795775
1815 0.795775
1816 0.802817
1817 0.802817
1818 0.802817
1819 0.802817
1820 0.802817
1821 0.802817
1822 0.802817
1823 0.802817
1824 0.802817
1825 0.802817
1826 0.802817
1827 0.802817
1828 0.802817
1829 0.802817
1830 0.802817
1831 0.802817
1832 0.802817
1833 0.802817
1834 0.802817
1835 0.802817
1836 0.802817
1837 0.802817
1838 0.802817
1839 0.802817
1840 0.802817
1841 0.802817
1842 0.802817
1843 0.802817
1844 0.802817
1845 0.802817
1846 0.802817
1847 0.802817
1848 0.802817
1849 0.802817
1850 0.739437
1851 0.739437
1852 0.739437
1853 0.739437
1854 0.739437
1855 0.739437
1856 0.739437
1857 0.739437
1858 0.739437
1859 0.739437
1860 0.739437
1861 0.739437
1862 0.739437
1863 0.739437
1864 0.739437
1865 0.739437
1866 0.739437
1867 0.739437
1868 0.739437
1869 0.739437
1870 0.739437
1871 0.739437
1872 0.739437
1873 0.739437
1874 0.739437
1875 0.739437
1876 0.739437
1877 0.739437
1878 0.739437
1879 0.739437
1880 0.739437
1881 0.739437
1882 0.739437
1883 0.739437
1884 0.739437
1885 0.739437
1886 0.739437
1887 0.739437
1888 0.739437
1889 0.739437
1890 0.739437
1891 0.739437
1892 0.739437
1893 0.739437
1894 0.739437
1895 0.739437
1896 0.739437
1897 0.739437
1898 0.739437
1899 0.739437
1900 0.753521
1901 0.753521
1902 0.753521
1903 0.753521
1904 0.753521
1905 0.753521
1906 0.753521
1907 0.753521
1908 0.753521
1909 0.753521
1910 0.753521
1911 0.753521
1912 0.753521
1913 0.739437
1914 0.746479
1915 0.739437
1916 0.739437
1917 0.753521
1918 0.739437
1919 0.746479
1920 0.739437
1921 0.739437
1922 0.739437
1923 0.753521
1924 0.746479
1925 0.739437
1926 0.746479
1927 0.746479
1928 0.739437
1929 0.739437
1930 0.739437
1931 0.746479
1932 0.739437
1933 0.746479
1934 0.746479
1935 0.739437
1936 0.753521
1937 0.753521
1938 0.753521
1939 0.753521
1940 0.753521
1941 0.753521
1942 0.753521
1943 0.753521
1944 0.753521
1945 0.753521
1946 0.753521
1947 0.753521
1948 0.753521
1949 0.753521
1950 0.711268
1951 0.711268
1952 0.711268
1953 0.711268
1954 0.711268
1955 0.711268
1956 0.711268
1957 0.711268
1958 0.711268
1959 0.711268
1960 0.711268
1961 0.711268
1962 0.711268
1963 0.711268
1964 0.711268
1965 0.711268
1966 0.711268
1967 0.711268
1968 0.711268
1969 0.711268
1970 0.711268
1971 0.711268
1972 0.711268
1973 0.711268
1974 0.711268
1975 0.711268
1976 0.711268
1977 0.711268
1978 0.711268
1979 0.711268
1980 0.711268
1981 0.711268
1982 0.711268
1983 0.711268
1984 0.711268
1985 0.711268
1986 0.711268
1987 0.711268
1988 0.711268
1989 0.711268
1990 0.711268
1991 0.711268
1992 0.711268
1993 0.711268
1994 0.711268
1995 0.711268
1996 0.711268
1997 0.711268
1998 0.711268
1999 0.711268
2000 0.802817
2001 0.788732
2002 0.788732
2003 0.788732
2004 0.802817
2005 0.802817
2006 0.802817
2007 0.802817
2008 0.795775
2009 0.802817
2010 0.802817
2011 0.802817
2012 0.795775
2013 0.795775
2014 0.802817
2015 0.802817
2016 0.802817
2017 0.802817
2018 0.802817
2019 0.802817
2020 0.802817
2021 0.802817
2022 0.802817
2023 0.802817
2024 0.802817
2025 0.802817
2026 0.802817
2027 0.802817
2028 0.802817
2029 0.802817
2030 0.802817
2031 0.802817
2032 0.802817
2033 0.802817
2034 0.802817
2035 0.802817
2036 0.802817
2037 0.802817
2038 0.802817
2039 0.802817
2040 0.802817
2041 0.802817
2042 0.802817
2043 0.802817
2044 0.802817
2045 0.802817
2046 0.802817
2047 0.802817
2048 0.802817
2049 0.802817
2050 0.802817
2051 0.788732
2052 0.795775
2053 0.802817
2054 0.795775
2055 0.802817
2056 0.802817
2057 0.802817
2058 0.802817
2059 0.802817
2060 0.802817
2061 0.802817
2062 0.802817
2063 0.802817
2064 0.802817
2065 0.802817
2066 0.802817
2067 0.802817
2068 0.802817
2069 0.802817
2070 0.802817
2071 0.802817
2072 0.802817
2073 0.802817
2074 0.802817
2075 0.802817
2076 0.802817
2077 0.802817
2078 0.802817
2079 0.802817
2080 0.802817
2081 0.802817
2082 0.802817
2083 0.802817
2084 0.802817
2085 0.802817
2086 0.802817
2087 0.802817
2088 0.802817
2089 0.802817
2090 0.802817
2091 0.802817
2092 0.802817
2093 0.802817
2094 0.802817
2095 0.802817
2096 0.802817
2097 0.802817
2098 0.802817
2099 0.802817
2100 0.739437
2101 0.725352
2102 0.732394
2103 0.739437
2104 0.732394
2105 0.732394
2106 0.739437
2107 0.739437
2108 0.739437
2109 0.739437
2110 0.739437
2111 0.739437
2112 0.739437
2113 0.739437
2114 0.739437
2115 0.739437
2116 0.739437
2117 0.739437
2118 0.739437
2119 0.739437
2120 0.739437
2121 0.739437
2122 0.739437
2123 0.739437
2124 0.739437
2125 0.739437
2126 0.739437
2127 0.739437
2128 0.739437
2129 0.739437
2130 0.739437
2131 0.739437
2132 0.739437
2133 0.739437
2134 0.739437
2135 0.739437
2136 0.739437
2137 0.739437
2138 0.739437
2139 0.739437
2140 0.739437
2141 0.739437
2142 0.739437
2143 0.739437
2144 0.739437
2145 0.739437
2146 0.739437
2147 0.739437
2148 0.739437
2149 0.739437
2150 0.690141
2151 0.690141
2152 0.690141
2153 0.683099
2154 0.683099
2155 0.690141
2156 0.690141
2157 0.690141
2158 0.690141
2159 0.690141
2160 0.690141
2161 0.690141
2162 0.683099
2163 0.683099
2164 0.683099
2165 0.690141
2166 0.683099
2167 0.690141
2168 0.683099
2169 0.683099
2170 0.690141
2171 0.683099
2172 0.683099
2173 0.683099
2174 0.683099
2175 0.683099
2176 0.683099
2177 0.690141
2178 0.683099
2179 0.683099
2180 0.683099
2181 0.683099
2182 0.683099
2183 0.683099
2184 0.683099
2185 0.683099
2186 0.683099
2187 0.690141
2188 0.690141
2189 0.683099
2190 0.683099
2191 0.683099
2192 0.683099
2193 0.690141
2194 0.683099
2195 0.690141
2196 0.683099
2197 0.683099
2198 0.690141
2199 0.683099
2200 0.683099
2201 0.669014
2202 0.676056
2203 0.661972
2204 0.661972
2205 0.669014
2206 0.669014
2207 0.661972
2208 0.669014
2209 0.661972
2210 0.661972
2211 0.661972
2212 0.661972
2213 0.661972
2214 0.669014
2215 0.661972
2216 0.669014
2217 0.661972
2218 0.669014
2219 0.669014
2220 0.661972
2221 0.661972
2222 0.661972
2223 0.661972
2224 0.669014
2225 0.669014
2226 0.661972
2227 0.661972
2228 0.661972
2229 0.661972
2230 0.661972
2231 0.661972
2232 0.661972
2233 0.661972
2234 0.669014
2235 0.669014
2236 0.661972
2237 0.661972
2238 0.661972
2239 0.661972
2240 0.669014
2241 0.669014
2242 0.661972
2243 0.669014
2244 0.669014
2245 0.669014
2246 0.661972
2247 0.669014
2248 0.661972
2249 0.661972
2250 0.676056
2251 0.669014
2252 0.661972
2253 0.654930
2254 0.661972
2255 0.654930
2256 0.654930
2257 0.669014
2258 0.661972
2259 0.654930
2260 0.669014
2261 0.661972
2262 0.661972
2263 0.661972
2264 0.654930
2265 0.654930
2266 0.654930
2267 0.661972
2268 0.661972
2269 0.661972
2270 0.654930
2271 0.654930
2272 0.654930
2273 0.654930
2274 0.661972
2275 0.654930
2276 0.654930
2277 0.661972
2278 0.661972
2279 0.654930
2280 0.661972
2281 0.654930
2282 0.654930
2283 0.661972
2284 0.661972
2285 0.654930
2286 0.654930
2287 0.654930
2288 0.654930
2289 0.669014
2290 0.661972
2291 0.654930
2292 0.661972
2293 0.654930
2294 0.661972
2295 0.661972
2296 0.654930
2297 0.661972
2298 0.654930
2299 0.654930
2300 0.661972
2301 0.647887
2302 0.654930
2303 0.647887
2304 0.640845
2305 0.647887
2306 0.640845
2307 0.640845
2308 0.647887
2309 0.647887
2310 0.640845
2311 0.647887
2312 0.647887
2313 0.640845
2314 0.647887
2315 0.640845
2316 0.640845
2317 0.647887
2318 0.640845
2319 0.640845
2320 0.647887
2321 0.647887
2322 0.640845
2323 0.647887
2324 0.640845
2325 0.640845
2326 0.640845
2327 0.640845
2328 0.647887
2329 0.647887
2330 0.640845
2331 0.640845
2332 0.640845
2333 0.640845
2334 0.640845
2335 0.640845
2336 0.640845
2337 0.647887
2338 0.640845
2339 0.640845
2340 0.640845
2341 0.647887
2342 0.640845
2343 0.640845
2344 0.640845
2345 0.640845
2346 0.640845
2347 0.640845
2348 0.640845
2349 0.640845
2350 0.584507
2351 0.584507
2352 0.577465
2353 0.577465
2354 0.577465
2355 0.577465
2356 0.584507
2357 0.584507
2358 0.584507
2359 0.584507
2360 0.584507
2361 0.584507
2362 0.584507
2363 0.584507
2364 0.584507
2365 0.584507
2366 0.584507
2367 0.584507
2368 0.584507
2369 0.584507
2370 0.584507
2371 0.584507
2372 0.584507
2373 0.584507
2374 0.584507
2375 0.584507
2376 0.584507
2377 0.584507
2378 0.584507
2379 0.584507
2380 0.584507
2381 0.584507
2382 0.584507
2383 0.584507
2384 0.584507
2385 0.584507
2386 0.584507
2387 0.584507
2388 0.584507
2389 0.584507
2390 0.584507
2391 0.584507
2392 0.584507
2393 0.584507
2394 0.584507
2395 0.584507
2396 0.584507
2397 0.584507
2398 0.584507
2399 0.584507
2400 0.802817
2401 0.788732
2402 0.788732
2403 0.788732
2404 0.788732
2405 0.788732
2406 0.795775
2407 0.788732
2408 0.788732
2409 0.788732
2410 0.802817
2411 0.802817
2412 0.802817
2413 0.802817
2414 0.802817
2415 0.802817
2416 0.802817
2417 0.802817
2418 0.802817
2419 0.802817
2420 0.802817
2421 0.802817
2422 0.802817
2423 0.802817
2424 0.802817
2425 0.802817
2426 0.802817
2427 0.802817
2428 0.802817
2429 0.802817
2430 0.802817
2431 0.802817
2432 0.802817
2433 0.802817
2434 0.802817
2435 0.802817
2436 0.802817
2437 0.802817
2438 0.802817
2439 0.802817
2440 0.802817
2441 0.802817
2442 0.802817
2443 0.802817
2444 0.802817
2445 0.802817
2446 0.802817
2447 0.802817
2448 0.802817
2449 0.802817
2450 0.781690
2451 0.767606
2452 0.767606
2453 0.781690
2454 0.781690
2455 0.781690
2456 0.781690
2457 0.781690
2458 0.781690
2459 0.781690
2460 0.781690
2461 0.781690
2462 0.774648
2463 0.781690
2464 0.781690
2465 0.781690
2466 0.781690
2467 0.781690
2468 0.781690
2469 0.781690
2470 0.781690
2471 0.781690
2472 0.781690
2473 0.781690
2474 0.781690
2475 0.781690
2476 0.781690
2477 0.781690
2478 0.781690
2479 0.781690
2480 0.781690
2481 0.781690
2482 0.781690
2483 0.781690
2484 0.781690
2485 0.781690
2486 0.781690
2487 0.781690
2488 0.781690
2489 0.781690
2490 0.781690
2491 0.781690
2492 0.781690
2493 0.781690
2494 0.781690
2495 0.781690
2496 0.781690
2497 0.781690
2498 0.781690
2499 0.781690
2500 0.746479
2501 0.746479
2502 0.746479
2503 0.746479
2504 0.746479
2505 0.746479
2506 0.746479
2507 0.746479
2508 0.746479
2509 0.746479
2510 0.746479
2511 0.746479
2512 0.746479
2513 0.746479
2514 0.746479
2515 0.746479
2516 0.746479
2517 0.746479
2518 0.746479
2519 0.746479
2520 0.746479
2521 0.746479
2522 0.746479
2523 0.746479
2524 0.746479
2525 0.746479
2526 0.746479
2527 0.746479
2528 0.746479
2529 0.746479
2530 0.746479
2531 0.746479
2532 0.746479
2533 0.746479
2534 0.746479
2535 0.746479
2536 0.746479
2537 0.746479
2538 0.746479
2539 0.746479
2540 0.746479
2541 0.746479
2542 0.746479
2543 0.746479
2544 0.746479
2545 0.746479
2546 0.746479
2547 0.746479
2548 0.746479
2549 0.746479
2550 0.711268
2551 0.711268
2552 0.711268
2553 0.711268
2554 0.711268
2555 0.711268
2556 0.711268
2557 0.711268
2558 0.711268
2559 0.711268
2560 0.711268
2561 0.711268
2562 0.711268
2563 0.711268
2564 0.704225
2565 0.711268
2566 0.704225
2567 0.697183
2568 0.711268
2569 0.711268
2570 0.704225
2571 0.704225
2572 0.697183
2573 0.697183
2574 0.704225
2575 0.704225
2576 0.697183
2577 0.704225
2578 0.704225
2579 0.704225
2580 0.704225
2581 0.704225
2582 0.704225
2583 0.697183
2584 0.697183
2585 0.704225
2586 0.697183
2587 0.704225
2588 0.697183
2589 0.697183
2590 0.697183
2591 0.711268
2592 0.697183
2593 0.704225
2594 0.704225
2595 0.697183
2596 0.711268
2597 0.704225
2598 0.704225
2599 0.704225
2600 0.704225
2601 0.697183
2602 0.690141
2603 0.697183
2604 0.683099
2605 0.690141
2606 0.683099
2607 0.690141
2608 0.690141
2609 0.683099
2610 0.683099
2611 0.683099
2612 0.690141
2613 0.683099
2614 0.697183
2615 0.683099
2616 0.697183
2617 0.697183
2618 0.697183
2619 0.683099
2620 0.697183
2621 0.690141
2622 0.704225
2623 0.697183
2624 0.697183
2625 0.690141
2626 0.683099
2627 0.690141
2628 0.690141
2629 0.690141
2630 0.697183
2631 0.690141
2632 0.690141
2633 0.697183
2634 0.690141
2635 0.690141
2636 0.683099
2637 0.683099
2638 0.697183
2639 0.697183
2640 0.697183
2641 0.697183
2642 0.697183
2643 0.690141
2644 0.697183
2645 0.697183
2646 0.690141
2647 0.690141
2648 0.697183
2649 0.697183
2650 0.718310
2651 0.683099
2652 0.711268
2653 0.697183
2654 0.690141
2655 0.697183
2656 0.690141
2657 0.683099
2658 0.690141
2659 0.697183
2660 0.690141
2661 0.697183
2662 0.690141
2663 0.718310
2664 0.718310
2665 0.718310
2666 0.718310
2667 0.704225
2668 0.704225
2669 0.704225
2670 0.704225
2671 0.704225
2672 0.704225
2673 0.711268
2674 0.704225
2675 0.704225
2676 0.704225
2677 0.704225
2678 0.704225
2679 0.711268
2680 0.711268
2681 0.704225
2682 0.704225
2683 0.704225
2684 0.704225
2685 0.697183
2686 0.697183
2687 0.704225
2688 0.697183
2689 0.697183
2690 0.697183
2691 0.704225
2692 0.697183
2693 0.704225
2694 0.697183
2695 0.697183
2696 0.697183
2697 0.697183
2698 0.704225
2699 0.704225
2700 0.697183
2701 0.690141
2702 0.683099
2703 0.683099
2704 0.690141
2705 0.683099
2706 0.683099
2707 0.683099
2708 0.683099
2709 0.683099
2710 0.683099
2711 0.683099
2712 0.690141
2713 0.683099
2714 0.690141
2715 0.690141
2716 0.683099
2717 0.683099
2718 0.683099
2719 0.683099
2720 0.683099
2721 0.683099
2722 0.683099
2723 0.683099
2724 0.683099
2725 0.690141
2726 0.683099
2727 0.690141
2728 0.683099
2729 0.683099
2730 0.683099
2731 0.683099
2732 0.683099
2733 0.683099
2734 0.683099
2735 0.690141
2736 0.683099
2737 0.690141
2738 0.683099
2739 0.683099
2740 0.690141
2741 0.690141
2742 0.683099
2743 0.690141
2744 0.683099
2745 0.683099
2746 0.683099
2747 0.683099
2748 0.683099
2749 0.683099
2750 0.661972
2751 0.647887
2752 0.647887
2753 0.640845
2754 0.661972
2755 0.661972
2756 0.661972
2757 0.661972
2758 0.661972
2759 0.661972
2760 0.661972
2761 0.661972
2762 0.661972
2763 0.661972
2764 0.661972
2765 0.661972
2766 0.661972
2767 0.661972
2768 0.661972
2769 0.661972
2770 0.661972
2771 0.661972
2772 0.661972
2773 0.661972
2774 0.661972
2775 0.661972
2776 0.661972
2777 0.661972
2778 0.661972
2779 0.661972
2780 0.661972
2781 0.661972
2782 0.661972
2783 0.661972
2784 0.661972
2785 0.661972
2786 0.661972
2787 0.661972
2788 0.654930
2789 0.661972
2790 0.661972
2791 0.661972
2792 0.661972
2793 0.661972
2794 0.661972
2795 0.661972
2796 0.661972
2797 0.661972
2798 0.661972
2799 0.661972
2800 0.683099
2801 0.661972
2802 0.661972
2803 0.669014
2804 0.661972
2805 0.676056
2806 0.669014
2807 0.669014
2808 0.683099
2809 0.661972
2810 0.661972
2811 0.669014
2812 0.661972
2813 0.669014
2814 0.661972
2815 0.683099
2816 0.683099
2817 0.683099
2818 0.683099
2819 0.683099
2820 0.683099
2821 0.683099
2822 0.683099
2823 0.683099
2824 0.683099
2825 0.683099
2826 0.683099
2827 0.683099
2828 0.683099
2829 0.683099
2830 0.683099
2831 0.683099
2832 0.683099
2833 0.683099
2834 0.683099
2835 0.683099
2836 0.683099
2837 0.683099
2838 0.683099
2839 0.683099
2840 0.683099
2841 0.683099
2842 0.683099
2843 0.683099
2844 0.683099
2845 0.683099
2846 0.683099
2847 0.669014
2848 0.669014
2849 0.669014
2850 0.711268
2851 0.704225
2852 0.697183
2853 0.697183
2854 0.711268
2855 0.711268
2856 0.711268
2857 0.711268
2858 0.711268
2859 0.711268
2860 0.711268
2861 0.711268
2862 0.704225
2863 0.711268
2864 0.711268
2865 0.711268
2866 0.704225
2867 0.711268
2868 0.704225
2869 0.711268
2870 0.711268
2871 0.711268
2872 0.711268
2873 0.711268
2874 0.711268
2875 0.711268
2876 0.711268
2877 0.711268
2878 0.711268
2879 0.711268
2880 0.711268
2881 0.711268
2882 0.711268
2883 0.711268
2884 0.711268
2885 0.711268
2886 0.711268
2887 0.711268
2888 0.711268
2889 0.711268
2890 0.711268
2891 0.711268
2892 0.711268
2893 0.711268
2894 0.711268
2895 0.711268
2896 0.711268
2897 0.711268
2898 0.711268
2899 0.711268
2900 0.584507
2901 0.584507
2902 0.570423
2903 0.577465
2904 0.584507
2905 0.584507
2906 0.577465
2907 0.577465
2908 0.584507
2909 0.577465
2910 0.577465
2911 0.584507
2912 0.584507
2913 0.584507
2914 0.584507
2915 0.584507
2916 0.584507
2917 0.584507
2918 0.584507
2919 0.584507
2920 0.584507
2921 0.584507
2922 0.584507
2923 0.584507
2924 0.584507
2925 0.584507
2926 0.584507
2927 0.584507
2928 0.584507
2929 0.584507
2930 0.584507
2931 0.584507
2932 0.584507
2933 0.584507
2934 0.584507
2935 0.584507
2936 0.584507
2937 0.584507
2938 0.584507
2939 0.584507
2940 0.584507
2941 0.584507
2942 0.584507
2943 0.584507
2944 0.584507
2945 0.584507
2946 0.584507
2947 0.584507
2948 0.584507
2949 0.584507
2950 0.669014
2951 0.654930
2952 0.661972
2953 0.669014
2954 0.669014
2955 0.669014
2956 0.669014
2957 0.669014
2958 0.669014
2959 0.669014
2960 0.669014
2961 0.669014
2962 0.669014
2963 0.669014
2964 0.669014
2965 0.669014
2966 0.669014
2967 0.669014
2968 0.669014
2969 0.669014
2970 0.669014
2971 0.669014
2972 0.669014
2973 0.669014
2974 0.669014
2975 0.669014
2976 0.669014
2977 0.669014
2978 0.669014
2979 0.669014
2980 0.669014
2981 0.669014
2982 0.669014
2983 0.669014
2984 0.661972
2985 0.669014
2986 0.669014
2987 0.669014
2988 0.669014
2989 0.669014
2990 0.669014
2991 0.669014
2992 0.669014
2993 0.669014
2994 0.669014
2995 0.669014
2996 0.661972
2997 0.669014
2998 0.669014
2999 0.669014
3000 0.697183
3001 0.690141
3002 0.683099
3003 0.683099
3004 0.676056
3005 0.676056
3006 0.676056
3007 0.676056
3008 0.697183
3009 0.697183
3010 0.697183
3011 0.697183
3012 0.697183
3013 0.697183
3014 0.697183
3015 0.697183
3016 0.697183
3017 0.697183
3018 0.697183
3019 0.697183
3020 0.697183
3021 0.697183
3022 0.697183
3023 0.697183
3024 0.697183
3025 0.697183
3026 0.697183
3027 0.697183
3028 0.697183
3029 0.697183
3030 0.697183
3031 0.690141
3032 0.697183
3033 0.690141
3034 0.697183
3035 0.697183
3036 0.697183
3037 0.697183
3038 0.697183
3039 0.697183
3040 0.697183
3041 0.697183
3042 0.697183
3043 0.697183
3044 0.697183
3045 0.697183
3046 0.697183
3047 0.697183
3048 0.697183
3049 0.697183
3050 0.640845
3051 0.633803
3052 0.640845
3053 0.640845
3054 0.640845
3055 0.640845
3056 0.640845
3057 0.640845
3058 0.640845
3059 0.640845
3060 0.640845
3061 0.640845
3062 0.640845
3063 0.640845
3064 0.640845
3065 0.640845
3066 0.640845
3067 0.640845
3068 0.640845
3069 0.640845
3070 0.640845
3071 0.640845
3072 0.640845
3073 0.640845
3074 0.640845
3075 0.640845
3076 0.640845
3077 0.640845
3078 0.640845
3079 0.640845
3080 0.640845
3081 0.640845
3082 0.640845
3083 0.640845
3084 0.640845
3085 0.640845
3086 0.640845
3087 0.640845
3088 0.640845
3089 0.640845
3090 0.640845
3091 0.640845
3092 0.640845
3093 0.640845
3094 0.640845
3095 0.640845
3096 0.640845
3097 0.640845
3098 0.640845
3099 0.640845
3100 0.683099
3101 0.676056
3102 0.676056
3103 0.669014
3104 0.669014
3105 0.669014
3106 0.676056
3107 0.669014
3108 0.669014
3109 0.683099
3110 0.683099
3111 0.683099
3112 0.683099
3113 0.683099
3114 0.683099
3115 0.683099
3116 0.683099
3117 0.683099
3118 0.683099
3119 0.683099
3120 0.683099
3121 0.683099
3122 0.683099
3123 0.683099
3124 0.683099
3125 0.683099
3126 0.683099
3127 0.683099
3128 0.683099
3129 0.683099
3130 0.683099
3131 0.683099
3132 0.683099
3133 0.683099
3134 0.683099
3135 0.683099
3136 0.683099
3137 0.683099
3138 0.683099
3139 0.683099
3140 0.683099
3141 0.683099
3142 0.683099
3143 0.683099
3144 0.683099
3145 0.683099
3146 0.683099
3147 0.683099
3148 0.683099
3149 0.683099
3150 0.725352
3151 0.725352
3152 0.725352
3153 0.725352
3154 0.725352
3155 0.725352
3156 0.725352
3157 0.725352
3158 0.725352
3159 0.725352
3160 0.725352
3161 0.725352
3162 0.725352
3163 0.725352
3164 0.725352
3165 0.725352
3166 0.725352
3167 0.725352
3168 0.725352
3169 0.725352
3170 0.725352
3171 0.725352
3172 0.725352
3173 0.725352
3174 0.725352
3175 0.725352
3176 0.725352
3177 0.725352
3178 0.725352
3179 0.725352
3180 0.725352
3181 0.725352
3182 0.725352
3183 0.725352
3184 0.725352
3185 0.725352
3186 0.725352
3187 0.718310
3188 0.718310
3189 0.725352
3190 0.718310
3191 0.725352
3192 0.725352
3193 0.718310
3194 0.725352
3195 0.725352
3196 0.725352
3197 0.718310
3198 0.725352
3199 0.718310
3200 0.753521
3201 0.753521
3202 0.753521
3203 0.753521
3204 0.753521
3205 0.753521
3206 0.753521
3207 0.753521
3208 0.753521
3209 0.753521
3210 0.753521
3211 0.753521
3212 0.753521
3213 0.753521
3214 0.753521
3215 0.753521
3216 0.753521
3217 0.753521
3218 0.753521
3219 0.753521
3220 0.753521
3221 0.753521
3222 0.753521
3223 0.746479
3224 0.753521
3225 0.746479
3226 0.753521
3227 0.753521
3228 0.753521
3229 0.753521
3230 0.753521
3231 0.753521
3232 0.753521
3233 0.753521
3234 0.753521
3235 0.753521
3236 0.753521
3237 0.753521
3238 0.753521
3239 0.753521
3240 0.753521
3241 0.753521
3242 0.753521
3243 0.753521
3244 0.753521
3245 0.753521
3246 0.753521
3247 0.753521
3248 0.753521
3249 0.753521
3250 0.746479
3251 0.732394
3252 0.732394
3253 0.739437
3254 0.746479
3255 0.746479
3256 0.746479
3257 0.746479
3258 0.746479
3259 0.746479
3260 0.746479
3261 0.746479
3262 0.746479
3263 0.746479
3264 0.746479
3265 0.746479
3266 0.746479
3267 0.746479
3268 0.746479
3269 0.746479
3270 0.746479
3271 0.746479
3272 0.746479
3273 0.746479
3274 0.739437
3275 0.746479
3276 0.746479
3277 0.746479
3278 0.746479
3279 0.739437
3280 0.746479
3281 0.746479
3282 0.746479
3283 0.746479
3284 0.746479
3285 0.746479
3286 0.746479
3287 0.746479
3288 0.746479
3289 0.746479
3290 0.746479
3291 0.746479
3292 0.746479
3293 0.746479
3294 0.746479
3295 0.746479
3296 0.746479
3297 0.746479
3298 0.746479
3299 0.746479
3300 0.809859
3301 0.809859
3302 0.809859
3303 0.809859
3304 0.809859
3305 0.809859
3306 0.809859
3307 0.809859
3308 0.809859
3309 0.809859
3310 0.809859
3311 0.809859
3312 0.809859
3313 0.809859
3314 0.809859
3315 0.802817
3316 0.809859
3317 0.809859
3318 0.809859
3319 0.809859
3320 0.809859
3321 0.809859
3322 0.809859
3323 0.809859
3324 0.809859
3325 0.809859
3326 0.809859
3327 0.809859
3328 0.809859
3329 0.809859
3330 0.809859
3331 0.809859
3332 0.809859
3333 0.809859
3334 0.809859
3335 0.809859
3336 0.809859
3337 0.802817
3338 0.809859
3339 0.809859
3340 0.809859
3341 0.809859
3342 0.809859
3343 0.809859
3344 0.809859
3345 0.809859
3346 0.809859
3347 0.809859
3348 0.809859
3349 0.809859
3350 0.570423
3351 0.570423
3352 0.570423
3353 0.570423
3354 0.570423
3355 0.570423
3356 0.570423
3357 0.570423
3358 0.570423
3359 0.570423
3360 0.570423
3361 0.570423
3362 0.570423
3363 0.570423
3364 0.570423
3365 0.570423
3366 0.570423
3367 0.570423
3368 0.570423
3369 0.570423
3370 0.570423
3371 0.570423
3372 0.570423
3373 0.570423
3374 0.570423
3375 0.570423
3376 0.570423
3377 0.570423
3378 0.570423
3379 0.570423
3380 0.570423
3381 0.570423
3382 0.570423
3383 0.570423
3384 0.570423
3385 0.570423
3386 0.570423
3387 0.570423
3388 0.563380
3389 0.570423
3390 0.570423
3391 0.570423
3392 0.563380
3393 0.563380
3394 0.570423
3395 0.570423
3396 0.570423
3397 0.570423
3398 0.570423
3399 0.570423
3400 0.640845
3401 0.640845
3402 0.640845
3403 0.640845
3404 0.640845
3405 0.640845
3406 0.640845
3407 0.640845
3408 0.640845
3409 0.640845
3410 0.640845
3411 0.640845
3412 0.640845
3413 0.640845
3414 0.640845
3415 0.640845
3416 0.640845
3417 0.640845
3418 0.640845
3419 0.640845
3420 0.640845
3421 0.640845
3422 0.640845
3423 0.640845
3424 0.640845
3425 0.640845
3426 0.640845
3427 0.640845
3428 0.640845
3429 0.640845
3430 0.640845
3431 0.633803
3432 0.633803
3433 0.640845
3434 0.640845
3435 0.640845
3436 0.640845
3437 0.640845
3438 0.640845
3439 0.640845
3440 0.640845
3441 0.640845
3442 0.640845
3443 0.640845
3444 0.640845
3445 0.640845
3446 0.640845
3447 0.640845
3448 0.640845
3449 0.640845
3450 0.788732
3451 0.788732
3452 0.788732
3453 0.788732
3454 0.788732
3455 0.788732
3456 0.788732
3457 0.788732
3458 0.788732
3459 0.788732
3460 0.788732
3461 0.788732
3462 0.788732
3463 0.788732
3464 0.788732
3465 0.788732
3466 0.788732
3467 0.788732
3468 0.781690
3469 0.788732
3470 0.788732
3471 0.788732
3472 0.788732
3473 0.788732
3474 0.788732
3475 0.788732
3476 0.788732
3477 0.788732
3478 0.788732
3479 0.788732
3480 0.788732
3481 0.788732
3482 0.788732
3483 0.788732
3484 0.788732
3485 0.788732
3486 0.788732
3487 0.788732
3488 0.788732
3489 0.788732
3490 0.788732
3491 0.781690
3492 0.788732
3493 0.788732
3494 0.788732
3495 0.788732
3496 0.781690
3497 0.781690
3498 0.788732
3499 0.788732
3500 0.647887
3501 0.647887
3502 0.647887
3503 0.647887
3504 0.647887
3505 0.647887
3506 0.647887
3507 0.647887
3508 0.647887
3509 0.647887
3510 0.647887
3511 0.647887
3512 0.647887
3513 0.647887
3514 0.647887
3515 0.647887
3516 0.647887
3517 0.647887
3518 0.647887
3519 0.647887
3520 0.647887
3521 0.647887
3522 0.647887
3523 0.647887
3524 0.647887
3525 0.647887
3526 0.647887
3527 0.647887
3528 0.647887
3529 0.647887
3530 0.647887
3531 0.647887
3532 0.647887
3533 0.647887
3534 0.647887
3535 0.647887
3536 0.647887
3537 0.647887
3538 0.647887
3539 0.647887
3540 0.647887
3541 0.647887
3542 0.647887
3543 0.647887
3544 0.647887
3545 0.647887
3546 0.647887
3547 0.647887
3548 0.647887
3549 0.647887
3550 0.725352
3551 0.725352
3552 0.725352
3553 0.725352
3554 0.725352
3555 0.725352
3556 0.725352
3557 0.725352
3558 0.725352
3559 0.725352
3560 0.725352
3561 0.725352
3562 0.725352
3563 0.718310
3564 0.725352
3565 0.725352
3566 0.725352
3567 0.718310
3568 0.725352
3569 0.725352
3570 0.725352
3571 0.725352
3572 0.725352
3573 0.725352
3574 0.725352
3575 0.725352
3576 0.725352
3577 0.725352
3578 0.725352
3579 0.725352
3580 0.725352
3581 0.725352
3582 0.725352
3583 0.725352
3584 0.725352
3585 0.725352
3586 0.725352
3587 0.725352
3588 0.725352
3589 0.725352
3590 0.725352
3591 0.725352
3592 0.725352
3593 0.725352
3594 0.725352
3595 0.725352
3596 0.725352
3597 0.725352
3598 0.725352
3599 0.725352
3600 0.654930
3601 0.640845
3602 0.654930
3603 0.654930
3604 0.654930
3605 0.654930
3606 0.654930
3607 0.654930
3608 0.654930
3609 0.654930
3610 0.654930
3611 0.654930
3612 0.654930
3613 0.654930
3614 0.654930
3615 0.654930
3616 0.654930
3617 0.654930
3618 0.654930
3619 0.654930
3620 0.654930
3621 0.654930
3622 0.654930
3623 0.654930
3624 0.654930
3625 0.654930
3626 0.654930
3627 0.654930
3628 0.654930
3629 0.654930
3630 0.654930
3631 0.654930
3632 0.654930
3633 0.654930
3634 0.654930
3635 0.654930
3636 0.654930
3637 0.654930
3638 0.654930
3639 0.654930
3640 0.654930
3641 0.654930
3642 0.654930
3643 0.654930
3644 0.654930
3645 0.654930
3646 0.654930
3647 0.654930
3648 0.654930
3649 0.654930
3650 0.781690
3651 0.781690
3652 0.781690
3653 0.781690
3654 0.781690
3655 0.781690
3656 0.781690
3657 0.781690
3658 0.781690
3659 0.781690
3660 0.781690
3661 0.781690
3662 0.781690
3663 0.781690
3664 0.781690
3665 0.781690
3666 0.781690
3667 0.781690
3668 0.781690
3669 0.781690
3670 0.781690
3671 0.781690
3672 0.781690
3673 0.781690
3674 0.781690
3675 0.781690
3676 0.781690
3677 0.781690
3678 0.781690
3679 0.781690
3680 0.781690
3681 0.781690
3682 0.781690
3683 0.781690
3684 0.781690
3685 0.781690
3686 0.781690
3687 0.781690
3688 0.781690
3689 0.781690
3690 0.781690
3691 0.781690
3692 0.781690
3693 0.781690
3694 0.781690
3695 0.781690
3696 0.781690
3697 0.781690
3698 0.781690
3699 0.781690
3700 0.690141
3701 0.690141
3702 0.690141
3703 0.690141
3704 0.690141
3705 0.690141
3706 0.690141
3707 0.690141
3708 0.690141
3709 0.690141
3710 0.690141
3711 0.690141
3712 0.690141
3713 0.690141
3714 0.690141
3715 0.690141
3716 0.690141
3717 0.690141
3718 0.690141
3719 0.690141
3720 0.690141
3721 0.690141
3722 0.690141
3723 0.690141
3724 0.690141
3725 0.690141
3726 0.690141
3727 0.690141
3728 0.690141
3729 0.690141
3730 0.690141
3731 0.690141
3732 0.690141
3733 0.690141
3734 0.690141
3735 0.690141
3736 0.690141
3737 0.690141
3738 0.690141
3739 0.690141
3740 0.690141
3741 0.690141
3742 0.690141
3743 0.690141
3744 0.690141
3745 0.690141
3746 0.690141
3747 0.690141
3748 0.690141
3749 0.690141
3750 0.774648
3751 0.774648
3752 0.774648
3753 0.774648
3754 0.774648
3755 0.774648
3756 0.774648
3757 0.774648
3758 0.774648
3759 0.774648
3760 0.774648
3761 0.774648
3762 0.774648
3763 0.774648
3764 0.774648
3765 0.774648
3766 0.774648
3767 0.774648
3768 0.774648
3769 0.774648
3770 0.774648
3771 0.774648
3772 0.774648
3773 0.774648
3774 0.774648
3775 0.774648
3776 0.774648
3777 0.774648
3778 0.774648
3779 0.774648
3780 0.774648
3781 0.774648
3782 0.774648
3783 0.774648
3784 0.774648
3785 0.774648
3786 0.774648
3787 0.774648
3788 0.774648
3789 0.774648
3790 0.774648
3791 0.774648
3792 0.774648
3793 0.774648
3794 0.774648
3795 0.774648
3796 0.774648
3797 0.774648
3798 0.774648
3799 0.774648
3800 0.746479
3801 0.746479
3802 0.746479
3803 0.746479
3804 0.746479
3805 0.746479
3806 0.746479
3807 0.746479
3808 0.746479
3809 0.746479
3810 0.746479
3811 0.746479
3812 0.746479
3813 0.746479
3814 0.746479
3815 0.746479
3816 0.746479
3817 0.746479
3818 0.746479
3819 0.746479
3820 0.746479
3821 0.746479
3822 0.746479
3823 0.746479
3824 0.746479
3825 0.746479
3826 0.746479
3827 0.746479
3828 0.746479
3829 0.746479
3830 0.746479
3831 0.746479
3832 0.746479
3833 0.746479
3834 0.746479
3835 0.746479
3836 0.746479
3837 0.746479
3838 0.746479
3839 0.746479
3840 0.746479
3841 0.746479
3842 0.746479
3843 0.746479
3844 0.746479
3845 0.746479
3846 0.746479
3847 0.746479
3848 0.746479
3849 0.746479
3850 0.732394
3851 0.732394
3852 0.732394
3853 0.732394
3854 0.732394
3855 0.732394
3856 0.732394
3857 0.732394
3858 0.732394
3859 0.732394
3860 0.732394
3861 0.732394
3862 0.732394
3863 0.732394
3864 0.732394
3865 0.732394
3866 0.732394
3867 0.732394
3868 0.732394
3869 0.732394
3870 0.732394
3871 0.732394
3872 0.732394
3873 0.732394
3874 0.732394
3875 0.732394
3876 0.732394
3877 0.732394
3878 0.732394
3879 0.732394
3880 0.732394
3881 0.732394
3882 0.732394
3883 0.732394
3884 0.732394
3885 0.732394
3886 0.732394
3887 0.732394
3888 0.732394
3889 0.732394
3890 0.732394
3891 0.732394
3892 0.732394
3893 0.732394
3894 0.732394
3895 0.732394
3896 0.732394
3897 0.732394
3898 0.732394
3899 0.732394
3900 0.767606
3901 0.767606
3902 0.767606
3903 0.767606
3904 0.767606
3905 0.767606
3906 0.767606
3907 0.767606
3908 0.767606
3909 0.767606
3910 0.767606
3911 0.767606
3912 0.767606
3913 0.767606
3914 0.767606
3915 0.767606
3916 0.767606
3917 0.767606
3918 0.767606
3919 0.767606
3920 0.767606
3921 0.767606
3922 0.767606
3923 0.767606
3924 0.767606
3925 0.767606
3926 0.767606
3927 0.767606
3928 0.767606
3929 0.767606
3930 0.767606
3931 0.767606
3932 0.767606
3933 0.767606
3934 0.767606
3935 0.767606
3936 0.767606
3937 0.767606
3938 0.767606
3939 0.767606
3940 0.767606
3941 0.767606
3942 0.767606
3943 0.767606
3944 0.767606
3945 0.767606
3946 0.767606
3947 0.767606
3948 0.767606
3949 0.767606
3950 0.823944
3951 0.823944
3952 0.823944
3953 0.823944
3954 0.823944
3955 0.823944
3956 0.823944
3957 0.823944
3958 0.823944
3959 0.823944
3960 0.823944
3961 0.823944
3962 0.823944
3963 0.823944
3964 0.823944
3965 0.823944
3966 0.823944
3967 0.823944
3968 0.823944
3969 0.823944
3970 0.823944
3971 0.823944
3972 0.823944
3973 0.823944
3974 0.823944
3975 0.823944
3976 0.823944
3977 0.823944
3978 0.823944
3979 0.823944
3980 0.823944
3981 0.823944
3982 0.823944
3983 0.823944
3984 0.823944
3985 0.823944
3986 0.823944
3987 0.823944
3988 0.823944
3989 0.823944
3990 0.823944
3991 0.823944
3992 0.823944
3993 0.823944
3994 0.823944
3995 0.823944
3996 0.823944
3997 0.823944
3998 0.823944
3999 0.823944
4000 0.788732
4001 0.788732
4002 0.788732
4003 0.788732
4004 0.788732
4005 0.788732
4006 0.788732
4007 0.788732
4008 0.788732
4009 0.788732
4010 0.788732
4011 0.788732
4012 0.788732
4013 0.788732
4014 0.788732
4015 0.788732
4016 0.788732
4017 0.788732
4018 0.788732
4019 0.788732
4020 0.788732
4021 0.788732
4022 0.788732
4023 0.788732
4024 0.788732
4025 0.788732
4026 0.788732
4027 0.788732
4028 0.788732
4029 0.788732
4030 0.788732
4031 0.788732
4032 0.788732
4033 0.788732
4034 0.788732
4035 0.788732
4036 0.788732
4037 0.788732
4038 0.788732
4039 0.788732
4040 0.788732
4041 0.788732
4042 0.788732
4043 0.788732
4044 0.788732
4045 0.788732
4046 0.788732
4047 0.788732
4048 0.788732
4049 0.788732
4050 0.838028
4051 0.838028
4052 0.838028
4053 0.838028
4054 0.838028
4055 0.838028
4056 0.838028
4057 0.838028
4058 0.838028
4059 0.838028
4060 0.838028
4061 0.838028
4062 0.838028
4063 0.838028
4064 0.838028
4065 0.830986
4066 0.838028
4067 0.838028
4068 0.838028
4069 0.838028
4070 0.838028
4071 0.838028
4072 0.838028
4073 0.838028
4074 0.838028
4075 0.838028
4076 0.838028
4077 0.838028
4078 0.838028
4079 0.838028
4080 0.838028
4081 0.838028
4082 0.838028
4083 0.838028
4084 0.838028
4085 0.838028
4086 0.838028
4087 0.838028
4088 0.838028
4089 0.838028
4090 0.838028
4091 0.838028
4092 0.838028
4093 0.838028
4094 0.838028
4095 0.838028
4096 0.838028
4097 0.838028
4098 0.838028
4099 0.838028
4100 0.795775
4101 0.795775
4102 0.795775
4103 0.795775
4104 0.795775
4105 0.795775
4106 0.795775
4107 0.795775
4108 0.795775
4109 0.795775
4110 0.795775
4111 0.795775
4112 0.795775
4113 0.795775
4114 0.795775
4115 0.795775
4116 0.795775
4117 0.795775
4118 0.795775
4119 0.795775
4120 0.795775
4121 0.795775
4122 0.795775
4123 0.795775
4124 0.795775
4125 0.795775
4126 0.795775
4127 0.795775
4128 0.795775
4129 0.795775
4130 0.795775
4131 0.795775
4132 0.795775
4133 0.795775
4134 0.795775
4135 0.795775
4136 0.795775
4137 0.795775
4138 0.795775
4139 0.795775
4140 0.795775
4141 0.795775
4142 0.795775
4143 0.795775
4144 0.795775
4145 0.795775
4146 0.795775
4147 0.795775
4148 0.795775
4149 0.795775
4150 0.781690
4151 0.781690
4152 0.781690
4153 0.781690
4154 0.781690
4155 0.781690
4156 0.781690
4157 0.781690
4158 0.781690
4159 0.781690
4160 0.781690
4161 0.781690
4162 0.781690
4163 0.781690
4164 0.781690
4165 0.781690
4166 0.781690
4167 0.781690
4168 0.781690
4169 0.781690
4170 0.781690
4171 0.781690
4172 0.781690
4173 0.781690
4174 0.781690
4175 0.781690
4176 0.781690
4177 0.781690
4178 0.781690
4179 0.781690
4180 0.781690
4181 0.781690
4182 0.781690
4183 0.781690
4184 0.781690
4185 0.781690
4186 0.781690
4187 0.781690
4188 0.781690
4189 0.781690
4190 0.781690
4191 0.781690
4192 0.781690
4193 0.781690
4194 0.781690
4195 0.781690
4196 0.781690
4197 0.781690
4198 0.781690
4199 0.781690
4200 0.809859
4201 0.809859
4202 0.809859
4203 0.809859
4204 0.809859
4205 0.809859
4206 0.809859
4207 0.809859
4208 0.809859
4209 0.809859
4210 0.809859
4211 0.809859
4212 0.809859
4213 0.809859
4214 0.809859
4215 0.809859
4216 0.809859
4217 0.809859
4218 0.809859
4219 0.809859
4220 0.809859
4221 0.809859
4222 0.809859
4223 0.809859
4224 0.809859
4225 0.809859
4226 0.809859
4227 0.809859
4228 0.809859
4229 0.809859
4230 0.809859
4231 0.809859
4232 0.809859
4233 0.809859
4234 0.809859
4235 0.809859
4236 0.809859
4237 0.809859
4238 0.809859
4239 0.809859
4240 0.802817
4241 0.809859
4242 0.809859
4243 0.809859
4244 0.809859
4245 0.809859
4246 0.809859
4247 0.809859
4248 0.809859
4249 0.809859
4250 0.704225
4251 0.704225
4252 0.704225
4253 0.704225
4254 0.704225
4255 0.704225
4256 0.704225
4257 0.704225
4258 0.704225
4259 0.704225
4260 0.704225
4261 0.704225
4262 0.704225
4263 0.704225
4264 0.704225
4265 0.704225
4266 0.704225
4267 0.704225
4268 0.704225
4269 0.704225
4270 0.704225
4271 0.704225
4272 0.704225
4273 0.704225
4274 0.704225
4275 0.704225
4276 0.704225
4277 0.704225
4278 0.704225
4279 0.704225
4280 0.704225
4281 0.704225
4282 0.704225
4283 0.704225
4284 0.704225
4285 0.704225
4286 0.704225
4287 0.704225
4288 0.704225
4289 0.704225
4290 0.704225
4291 0.704225
4292 0.704225
4293 0.704225
4294 0.704225
4295 0.704225
4296 0.704225
4297 0.704225
4298 0.704225
4299 0.704225
4300 0.732394
4301 0.725352
4302 0.718310
4303 0.718310
4304 0.718310
4305 0.718310
4306 0.732394
4307 0.732394
4308 0.732394
4309 0.732394
4310 0.732394
4311 0.732394
4312 0.732394
4313 0.732394
4314 0.732394
4315 0.732394
4316 0.732394
4317 0.732394
4318 0.732394
4319 0.732394
4320 0.732394
4321 0.732394
4322 0.732394
4323 0.732394
4324 0.732394
4325 0.732394
4326 0.732394
4327 0.732394
4328 0.732394
4329 0.732394
4330 0.732394
4331 0.732394
4332 0.732394
4333 0.732394
4334 0.732394
4335 0.732394
4336 0.732394
4337 0.732394
4338 0.732394
4339 0.732394
4340 0.732394
4341 0.732394
4342 0.732394
4343 0.732394
4344 0.732394
4345 0.725352
4346 0.725352
4347 0.725352
4348 0.725352
4349 0.732394
4350 0.725352
4351 0.725352
4352 0.725352
4353 0.725352
4354 0.725352
4355 0.725352
4356 0.725352
4357 0.725352
4358 0.725352
4359 0.725352
4360 0.725352
4361 0.725352
4362 0.725352
4363 0.725352
4364 0.725352
4365 0.725352
4366 0.725352
4367 0.725352
4368 0.725352
4369 0.725352
4370 0.725352
4371 0.725352
4372 0.725352
4373 0.725352
4374 0.725352
4375 0.725352
4376 0.725352
4377 0.725352
4378 0.725352
4379 0.725352
4380 0.725352
4381 0.725352
4382 0.725352
4383 0.725352
4384 0.725352
4385 0.725352
4386 0.725352
4387 0.725352
4388 0.725352
4389 0.725352
4390 0.725352
4391 0.725352
4392 0.725352
4393 0.725352
4394 0.725352
4395 0.725352
4396 0.725352
4397 0.725352
4398 0.725352
4399 0.725352
4400 0.605634
4401 0.605634
4402 0.591549
4403 0.591549
4404 0.591549
4405 0.591549
4406 0.605634
4407 0.605634
4408 0.605634
4409 0.605634
4410 0.605634
4411 0.605634
4412 0.605634
4413 0.605634
4414 0.605634
4415 0.605634
4416 0.605634
4417 0.605634
4418 0.605634
4419 0.605634
4420 0.605634
4421 0.605634
4422 0.605634
4423 0.605634
4424 0.605634
4425 0.605634
4426 0.605634
4427 0.605634
4428 0.605634
4429 0.605634
4430 0.605634
4431 0.605634
4432 0.605634
4433 0.605634
4434 0.605634
4435 0.605634
4436 0.605634
4437 0.605634
4438 0.605634
4439 0.605634
4440 0.605634
4441 0.605634
4442 0.598592
4443 0.598592
4444 0.605634
4445 0.605634
4446 0.605634
4447 0.605634
4448 0.605634
4449 0.605634
4450 0.704225
4451 0.690141
4452 0.690141
4453 0.704225
4454 0.704225
4455 0.704225
4456 0.704225
4457 0.704225
4458 0.704225
4459 0.704225
4460 0.704225
4461 0.704225
4462 0.704225
4463 0.704225
4464 0.704225
4465 0.697183
4466 0.704225
4467 0.704225
4468 0.704225
4469 0.704225
4470 0.704225
4471 0.704225
4472 0.704225
4473 0.704225
4474 0.704225
4475 0.704225
4476 0.704225
4477 0.704225
4478 0.704225
4479 0.704225
4480 0.704225
4481 0.704225
4482 0.704225
4483 0.704225
4484 0.704225
4485 0.704225
4486 0.704225
4487 0.704225
4488 0.704225
4489 0.704225
4490 0.704225
4491 0.704225
4492 0.704225
4493 0.704225
4494 0.704225
4495 0.704225
4496 0.704225
4497 0.704225
4498 0.704225
4499 0.704225
