0 0.409812 117
1 1.760876 117
2 2.071486 117
3 1.066939 117
4 0.998465 117
5 0.000000 117
6 0.546632 117
7 13.567489 117
8 0.614484 117
9 0.560327 117
10 0.555417 117
11 0.595331 117
12 16.376674 117
13 1.788289 117
14 0.334978 117
15 0.606387 117
16 1.472456 117
17 1.456681 117
18 0.656908 117
19 1.334435 117
20 1.438854 117
21 0.456497 117
22 1.148062 117
23 0.592451 117
24 0.867957 117
25 0.976424 117
26 1.019061 117
27 5.529784 117
28 0.811454 117
29 0.665166 117
30 1.493147 117
31 0.760734 117
32 0.439288 117
33 1.238700 117
34 1.322617 117
35 0.792470 117
36 1.292057 117
37 0.498983 117
38 0.998672 117
39 0.937096 117
40 1.120002 117
41 1.086893 117
42 0.950131 117
43 0.857119 117
44 1.576501 117
45 0.793288 117
46 1.396149 117
47 2.092663 117
48 3.963861 117
49 0.921396 117
50 0.465168 115
51 0.565713 115
52 0.622006 115
53 0.727811 115
54 0.308029 115
55 0.360900 115
56 0.572013 115
57 0.529440 115
58 0.366780 115
59 0.000000 115
60 0.010822 115
61 3.047097 115
62 0.608766 115
63 0.650179 115
64 0.594444 115
65 0.789834 115
66 0.450436 115
67 0.792905 115
68 1.949649 115
69 1.566097 115
70 3.774506 115
71 3.576726 115
72 3.715571 115
73 1.511442 115
74 2.358722 115
75 2.405691 115
76 2.864081 115
77 3.700474 115
78 3.339719 115
79 3.041267 115
80 3.396368 115
81 2.623358 115
82 1.971450 115
83 0.785580 115
84 0.972673 115
85 1.326654 115
86 1.918310 115
87 4.260188 115
88 2.608274 115
89 7.648635 115
90 0.000000 115
91 0.697932 115
92 2.844532 115
93 1.924164 115
94 6.791342 115
95 0.000000 115
96 0.217731 115
97 2.403017 115
98 4.938660 115
99 5.374899 115
100 2.154393 93
101 3.892311 93
102 4.104436 93
103 4.455778 93
104 1.523301 93
105 3.177446 93
106 3.276107 93
107 1.914162 93
108 4.276653 92
109 0.722580 93
110 4.220504 93
111 27.136559 93
112 34.921077 93
113 1.497719 93
114 3.162513 93
115 3.636727 93
116 1.120332 93
117 1.550300 93
118 3.482085 93
119 4.088438 93
120 1.631929 93
121 1.461503 93
122 0.027884 93
123 1.555639 93
124 0.935169 93
125 2.631052 93
126 6.123626 93
127 3.466247 93
128 1.345480 93
129 22.796461 93
130 1.085981 93
131 1.343043 93
132 1.335204 93
133 0.719993 93
134 2.509279 93
135 2.687061 93
136 8.200207 93
137 1.209035 93
138 1.936659 93
139 1.998204 93
140 19.929903 93
141 1.308758 93
142 2.859191 93
143 0.694399 93
144 0.638591 93
145 1.184957 93
146 3.956429 93
147 1.505089 93
148 0.787270 93
149 1.925793 93
150 0.809488 99
151 1.783562 99
152 1.330964 99
153 0.370620 99
154 0.847428 99
155 1.620682 99
156 2.475240 99
157 0.550070 99
158 0.941809 99
159 1.459800 99
160 27.155896 99
161 0.633833 99
162 0.646937 99
163 0.825796 99
164 3.380004 99
165 3.139017 99
166 3.351736 99
167 1.484156 99
168 3.438840 99
169 0.000000 99
170 0.000000 99
171 27.408869 99
172 1.589226 99
173 2.346888 99
174 3.775220 99
175 4.624847 99
176 4.970618 99
177 6.975332 99
178 5.412391 99
179 0.076242 99
180 1.353516 99
181 6.199923 99
182 6.838133 99
183 6.860664 99
184 7.011202 99
185 7.352271 99
186 7.491011 99
187 0.099559 99
188 1.641278 99
189 8.002278 99
190 7.420112 99
191 0.112924 99
192 2.097966 99
193 7.976709 99
194 7.981868 99
195 0.108968 99
196 1.883919 99
197 7.964636 99
198 7.975235 99
199 8.179955 99
200 0.148140 95
201 2.379333 95
202 2.701697 95
203 3.017156 95
204 3.251459 95
205 3.761129 95
206 3.842218 95
207 4.087122 95
208 0.142382 95
209 1.581583 95
210 4.809925 95
211 5.328433 95
212 5.234855 95
213 5.885607 95
214 6.046657 95
215 5.836792 95
216 6.230735 95
217 6.372385 95
218 6.179106 95
219 6.634139 95
220 6.650235 95
221 6.862303 95
222 6.871657 95
223 7.080256 95
224 7.075813 95
225 7.007111 95
226 7.217999 95
227 0.148948 95
228 2.170643 95
229 7.506737 95
230 7.284102 95
231 0.143708 95
232 2.110379 95
233 7.266676 95
234 7.288535 95
235 7.350392 95
236 7.642822 95
237 7.515297 95
238 7.489425 95
239 6.900651 95
240 7.008122 95
241 7.270225 95
242 7.195147 95
243 7.160676 95
244 7.129868 95
245 7.451215 95
246 7.830383 95
247 0.142471 95
248 2.156978 95
249 7.585547 95
250 0.094857 98
251 2.065428 98
252 3.399431 98
253 0.129707 98
254 1.467125 98
255 4.616496 98
256 4.168269 98
257 4.017106 98
258 4.144727 98
259 4.309836 98
260 4.533828 98
261 5.071969 98
262 5.108266 98
263 5.367229 98
264 6.850048 98
265 6.084038 98
266 6.425617 98
267 6.485410 98
268 6.747842 98
269 6.823632 98
270 7.065099 98
271 0.148834 98
272 0.131270 98
273 0.137053 98
274 0.128637 98
275 0.127319 98
276 1.994557 98
277 7.838099 98
278 7.580267 98
279 0.140487 98
280 2.144543 98
281 7.624970 98
282 7.252252 98
283 7.805024 98
284 7.823093 98
285 7.349306 98
286 7.009144 98
287 7.500053 98
288 7.768922 98
289 7.918219 98
290 7.386630 98
291 0.157541 98
292 2.099387 98
293 7.626141 98
294 7.660467 98
295 7.697113 98
296 7.722656 98
297 7.756763 98
298 7.424077 98
299 7.498040 98
300 0.090743 100
301 1.764370 100
302 2.318139 100
303 2.912103 100
304 3.887695 100
305 3.173829 100
306 3.375493 100
307 3.433369 100
308 4.487557 100
309 4.521187 100
310 4.715265 100
311 4.625497 100
312 4.931485 100
313 5.090167 100
314 5.772911 100
315 5.689703 100
316 6.035833 100
317 6.367521 100
318 6.390244 100
319 6.418956 100
320 7.008161 100
321 7.331336 100
322 7.022639 100
323 7.190862 100
324 7.164039 100
325 6.852335 100
326 7.114430 100
327 7.416456 100
328 7.171544 100
329 6.984846 100
330 7.886556 100
331 7.306268 100
332 6.936298 100
333 6.903023 100
334 7.293336 100
335 7.086608 100
336 7.677460 100
337 7.594354 100
338 0.154373 100
339 2.186522 100
340 7.433866 100
341 7.803196 100
342 7.694306 100
343 7.282765 100
344 7.104001 100
345 7.274159 100
346 7.221579 100
347 7.079367 100
348 7.103760 100
349 7.336445 100
350 0.055251 107
351 1.083561 107
352 2.697415 107
353 3.088774 107
354 3.531295 107
355 0.103488 107
356 0.086613 107
357 0.085764 107
358 0.090209 107
359 1.397596 107
360 4.683652 107
361 4.635688 107
362 0.090039 107
363 1.340258 107
364 0.084874 107
365 1.601755 107
366 0.094073 107
367 0.088204 107
368 1.709678 107
369 6.774430 107
370 0.111029 107
371 0.103312 107
372 0.106880 107
373 1.960335 107
374 0.110558 107
375 1.874158 107
376 7.377251 107
377 7.161596 107
378 0.115468 107
379 0.111538 107
380 1.907810 107
381 7.325475 107
382 7.562343 107
383 0.122328 107
384 0.122442 107
385 1.964261 107
386 7.767451 107
387 7.690015 107
388 0.141219 107
389 0.140920 107
390 0.154323 107
391 0.170231 107
392 2.209690 107
393 7.690587 107
394 0.201164 107
395 0.224156 107
396 2.509160 107
397 0.256853 107
398 0.281830 107
399 0.310734 107
400 0.116903 101
401 3.023438 101
402 2.891358 101
403 3.485657 101
404 0.127348 101
405 0.102605 101
406 0.099940 101
407 0.084893 101
408 1.178118 101
409 0.079321 101
410 0.000000 101
411 0.000000 101
412 0.000000 101
413 0.000000 101
414 0.000000 101
415 0.000000 101
416 0.000000 101
417 0.000000 101
418 0.000000 101
419 0.000000 101
420 0.000000 101
421 0.000000 101
422 0.000000 101
423 0.000000 101
424 0.000000 101
425 0.000000 101
426 0.000000 101
427 0.000000 101
428 0.000000 101
429 0.000000 101
430 0.000000 101
431 0.000000 101
432 0.000000 101
433 0.000000 101
434 0.000000 101
435 0.000000 101
436 0.000000 101
437 0.000000 101
438 0.000000 101
439 0.000000 101
440 0.000000 101
441 0.000000 101
442 0.000000 101
443 0.000000 101
444 0.000000 101
445 0.000000 101
446 0.000000 101
447 0.000000 101
448 0.000000 101
449 0.000000 101
450 0.000000 106
451 0.000000 106
452 0.000000 106
453 0.000000 106
454 0.000000 106
455 0.000000 106
456 0.000000 106
457 0.000000 106
458 0.000000 106
459 0.011877 106
460 12.804137 106
461 1.902470 106
462 4.345607 106
463 4.794293 106
464 5.312312 106
465 7.443479 106
466 1.527514 106
467 2.404350 106
468 5.267117 106
469 12.315835 106
470 1.782081 106
471 1.554307 106
472 1.391997 106
473 2.224571 106
474 3.344810 106
475 1.491078 106
476 1.453287 106
477 1.501298 106
478 1.695316 106
479 1.580414 106
480 4.364160 106
481 1.832958 106
482 0.000810 106
483 3.323288 106
484 7.586568 106
485 5.623473 106
486 3.283619 106
487 6.505401 106
488 6.891375 106
489 1.432365 106
490 2.808574 106
491 8.193919 106
492 7.951263 106
493 1.862081 106
494 3.728445 106
495 4.094264 106
496 1.662573 106
497 7.533025 106
498 2.547915 106
499 1.507416 106
500 0.766837 115
501 3.838730 115
502 12.160176 115
503 5.466102 115
504 1.022877 115
505 1.477588 115
506 1.493897 115
507 1.496055 115
508 0.366975 115
509 2.228396 115
510 17.983125 115
511 0.709442 115
512 1.206208 115
513 0.000000 115
514 0.881745 115
515 2.321856 115
516 0.834354 115
517 1.081378 115
518 1.931031 115
519 2.306032 115
520 2.134322 115
521 2.139367 115
522 3.293735 115
523 10.428825 115
524 1.438094 115
525 2.515996 115
526 0.000000 115
527 12.033970 115
528 1.153422 115
529 2.285788 115
530 0.894629 115
531 1.752696 115
532 1.602615 115
533 2.325906 115
534 5.071223 115
535 2.572565 115
536 3.714427 115
537 2.001263 115
538 2.032007 115
539 5.047778 115
540 5.808779 115
541 3.527549 115
542 1.972672 115
543 0.294726 115
544 0.514021 115
545 1.700157 115
546 0.000000 115
547 0.909693 115
548 0.876741 115
549 11.202453 115
550 11.417835 102
551 77.636841 102
552 15.737515 102
553 1.888050 102
554 1.216457 102
555 1.168260 102
556 1.398681 102
557 18.888705 102
558 1.340313 102
559 86.629554 102
560 1.225980 102
561 24.046200 102
562 6.093191 102
563 3.791264 102
564 1.571986 102
565 42.355265 102
566 1.586154 102
567 160.575006 102
568 2.645695 102
569 0.466144 102
570 1.034118 102
571 0.595347 102
572 1.343635 102
573 1.380292 102
574 1.244192 102
575 1.300505 102
576 1.265720 102
577 1.816217 102
578 1.128696 102
579 2.003784 102
580 1.714887 102
581 1.597148 102
582 1.594297 102
583 1.497749 102
584 1.632265 102
585 1.572664 102
586 0.732113 102
587 0.717336 102
588 0.681168 102
589 1.842991 102
590 1.137776 102
591 0.504811 102
592 0.000000 102
593 0.439662 102
594 0.881604 102
595 1.086395 102
596 1.068479 102
597 0.961433 102
598 0.436540 102
599 0.830789 102
600 0.556597 111
601 1.102817 111
602 1.001253 111
603 0.395433 111
604 0.862473 111
605 1.080965 111
606 0.948546 111
607 1.058369 111
608 3.193798 111
609 0.479849 111
610 0.926037 111
611 0.371627 111
612 0.844070 111
613 0.964181 111
614 1.031654 111
615 1.056337 111
616 2.992877 111
617 3.967663 111
618 0.303738 111
619 1.366217 111
620 0.829667 111
621 0.425983 111
622 25.403353 111
623 25.526111 111
624 0.000000 111
625 0.849543 111
626 0.136506 111
627 0.159019 111
628 0.158448 111
629 0.169924 111
630 0.545331 111
631 0.423802 111
632 2.911404 111
633 2.973745 111
634 0.809452 111
635 0.963979 111
636 0.588231 111
637 0.630284 111
638 0.571712 111
639 0.667476 111
640 0.464065 111
641 0.828138 111
642 0.489285 111
643 0.489893 111
644 0.340979 111
645 0.876614 111
646 0.509629 111
647 0.634962 111
648 0.575012 111
649 2.073009 111
650 0.188924 107
651 0.731353 107
652 1.842155 107
653 0.544817 107
654 0.338283 107
655 6.746288 107
656 1.209616 107
657 0.543332 107
658 0.522477 107
659 0.134383 107
660 1.152465 107
661 0.436213 107
662 1.046497 107
663 0.585778 107
664 0.622310 107
665 0.445996 107
666 0.420794 107
667 0.793089 107
668 1.862443 107
669 0.651285 107
670 1.405866 107
671 0.749568 107
672 0.522146 107
673 0.705293 107
674 0.456804 107
675 0.490437 107
676 0.000000 107
677 0.742938 107
678 2.837613 107
679 0.000000 107
680 0.455294 107
681 5.527709 107
682 2.311737 107
683 0.043099 107
684 0.622321 107
685 1.051529 107
686 0.393498 107
687 0.363834 107
688 0.517999 107
689 1.422384 107
690 0.809412 107
691 0.385596 107
692 0.310312 107
693 0.621937 107
694 0.623433 107
695 0.462475 107
696 0.567285 107
697 229.609079 107
698 0.309909 107
699 0.720372 107
700 0.594864 96
701 2.334909 96
702 0.384994 96
703 1.312139 96
704 0.698727 96
705 0.337063 96
706 0.351210 96
707 0.424046 96
708 0.415414 96
709 0.695716 96
710 0.550348 96
711 0.441589 96
712 0.747746 96
713 0.636851 96
714 13.242046 96
715 4.904703 96
716 14.114183 96
717 8.219545 96
718 0.823385 96
719 0.855213 96
720 0.443649 96
721 0.443112 96
722 0.371615 96
723 0.581059 96
724 0.579412 96
725 0.309726 96
726 0.000000 96
727 0.000000 96
728 0.000000 96
729 0.000000 96
730 0.000000 96
731 0.000000 96
732 0.000000 96
733 0.000000 96
734 0.000000 96
735 0.000000 96
736 3.239982 96
737 0.614054 96
738 35.192640 96
739 73.235420 96
740 75.969411 96
741 0.927820 96
742 1.890247 96
743 2.024424 96
744 1.584912 96
745 3.440607 96
746 1.049091 96
747 2.425938 96
748 2.771400 96
749 1.566217 96
750 7.703783 97
751 1.586542 97
752 1.145891 97
753 3.107510 97
754 1.197494 97
755 17.007694 97
756 10.757026 97
757 67.713102 97
758 0.880650 97
759 10.354123 96
760 1.035105 97
761 17.482027 97
762 0.535836 97
763 3.634176 97
764 4.827651 97
765 1.498143 97
766 0.775239 97
767 3.812104 97
768 1.432569 97
769 0.768806 97
770 4.695678 97
771 0.536970 97
772 0.381021 97
773 0.298731 97
774 0.711063 97
775 1.900937 97
776 0.000000 97
777 1.352748 97
778 1.129971 97
779 0.817905 97
780 1.372764 97
781 2.466825 97
782 4.520632 97
783 0.702900 97
784 1.348373 97
785 1.155881 97
786 2.897052 97
787 1.185065 97
788 2.678503 97
789 0.537093 97
790 0.659851 97
791 44.231248 97
792 1.735951 97
793 1.200248 97
794 0.849877 97
795 0.845352 97
796 0.885479 97
797 0.673078 97
798 0.662616 97
799 0.894769 97
800 26.016315 109
801 3.243412 109
802 1.236418 109
803 22.963441 109
804 3.180451 109
805 0.991931 109
806 18.050147 109
807 1.318619 109
808 1.422890 109
809 4.033542 109
810 7.000633 109
811 1.509854 109
812 1.070127 109
813 3.622135 109
814 2.185337 108
815 0.820789 108
816 7.650865 108
817 4.990902 108
818 3.743722 108
819 2.927752 108
820 2.605031 108
821 2.471506 108
822 1.500844 108
823 1.374614 108
824 0.061440 108
825 5.157486 108
826 1.292542 108
827 3.787528 108
828 1.754208 108
829 6.784473 108
830 17.404980 108
831 11.330345 108
832 66.854747 108
833 1.546211 108
834 1.662891 108
835 1.092992 108
836 1.131369 108
837 0.995499 108
838 1.521374 108
839 7.843528 108
840 17.198993 108
841 0.244510 108
842 2.702798 108
843 2.111156 108
844 1.475535 108
845 2.139252 108
846 170.402950 108
847 1.938605 108
848 2.335743 108
849 1.227776 108
850 11.680291 106
851 0.889134 106
852 2.044646 106
853 1.876732 106
854 2.210755 106
855 4.691343 106
856 5.388956 106
857 1.695268 106
858 4.173781 106
859 3.896692 106
860 2.904646 106
861 2.759153 106
862 1.357363 106
863 1.569528 106
864 1.286064 106
865 1.533103 106
866 0.000000 106
867 0.081935 106
868 0.000000 106
869 0.000000 106
870 0.062214 106
871 0.000000 106
872 0.065522 106
873 0.000000 106
874 0.000000 106
875 0.000000 106
876 0.000000 106
877 0.000000 106
878 0.000000 106
879 0.000000 106
880 0.000000 106
881 0.000000 106
882 0.000000 106
883 0.000000 106
884 0.000000 106
885 0.000000 106
886 0.000000 106
887 0.000000 106
888 0.000000 106
889 0.000000 106
890 0.000000 106
891 0.000000 106
892 0.111201 106
893 0.000339 106
894 0.088848 106
895 1.403655 106
896 5.141058 106
897 4.844606 106
898 2.056782 106
899 4.950201 106
900 1.156942 100
901 0.440428 100
902 9.662173 100
903 20.686298 100
904 20.342459 100
905 5.422882 100
906 2.922925 100
907 2.942906 100
908 6.146141 100
909 2.817001 100
910 2.613268 100
911 6.637304 100
912 2.565646 100
913 3.079300 100
914 1.002648 100
915 2.689179 100
916 2.318580 100
917 0.000000 100
918 0.000000 100
919 0.000000 100
920 0.000000 100
921 0.000000 100
922 0.000000 100
923 0.000000 100
924 0.000000 100
925 0.000000 100
926 0.000000 100
927 0.000000 100
928 0.000000 100
929 0.000000 100
930 0.000000 100
931 3.051225 100
932 2.826430 100
933 2.302887 100
934 4.594113 100
935 4.860657 100
936 10.706169 100
937 4.403743 100
938 3.841349 100
939 1.095238 100
940 3.442915 100
941 3.664075 100
942 3.530967 100
943 4.050471 100
944 1.936765 100
945 1.364172 100
946 2.097071 100
947 2.683026 100
948 1.983061 100
949 4.644312 99
950 1.910707 103
951 36.653528 103
952 1.815893 103
953 2.252749 103
954 1.840627 103
955 2.796384 103
956 1.322967 103
957 3.145096 103
958 4.249150 103
959 4.362683 103
960 1.255449 103
961 4.229828 103
962 3.029301 103
963 4.574125 103
964 1.455719 103
965 2.625053 103
966 3.966743 103
967 23.358326 103
968 32.861546 103
969 33.368426 103
970 33.091313 103
971 31.405349 103
972 1.798054 103
973 1.847545 103
974 2.186449 103
975 4.284936 103
976 1.176645 103
977 1.136791 103
978 2.158724 103
979 1.048181 103
980 1.119789 103
981 16.903197 103
982 2.264082 103
983 1.194428 103
984 1.884019 103
985 8.317654 103
986 1.452228 103
987 4.334123 103
988 1.584085 103
989 0.131266 103
990 2.015224 103
991 1.244644 103
992 1.627880 103
993 2.081352 103
994 0.848678 103
995 0.876051 103
996 1.455480 103
997 2.655704 103
998 3.179699 103
999 0.597920 103
1000 1.264806 81
1001 1.550760 81
1002 0.873426 81
1003 2.202344 81
1004 0.828012 81
1005 1.057258 81
1006 4.878508 81
1007 1.351720 81
1008 0.784920 81
1009 1.262097 81
1010 1.318876 81
1011 1.027956 81
1012 4.073073 81
1013 14.572370 81
1014 1.870769 81
1015 1.481779 81
1016 5.028157 81
1017 6.785627 81
1018 6.151888 81
1019 5.988036 81
1020 6.458047 81
1021 6.106993 81
1022 6.401697 81
1023 5.994039 81
1024 6.362698 81
1025 6.195704 81
1026 5.721278 81
1027 6.015371 81
1028 6.957185 81
1029 6.022002 81
1030 6.035527 81
1031 5.989284 81
1032 1.373412 81
1033 3.309828 81
1034 3.278963 81
1035 1.591970 81
1036 4.361988 81
1037 1.504757 81
1038 3.815293 81
1039 2.672991 81
1040 1.800443 81
1041 4.252042 81
1042 2.396855 81
1043 0.990967 81
1044 4.805687 81
1045 4.475745 81
1046 1.137183 81
1047 2.428183 81
1048 2.604422 81
1049 8.434096 81
1050 10.941906 103
1051 13.070397 103
1052 11.864916 103
1053 1.976702 103
1054 4.720784 103
1055 2.038116 103
1056 4.399352 103
1057 4.589800 103
1058 2.231839 103
1059 5.088088 103
1060 6.612469 103
1061 22.477304 103
1062 92.947908 103
1063 103.733270 103
1064 150.495220 103
1065 60.188215 103
1066 204.284233 103
1067 37.663366 103
1068 115.064857 103
1069 64.413150 103
1070 63.216893 103
1071 154.595873 103
1072 86.071406 103
1073 116.824799 103
1074 40.392890 103
1075 60.657037 103
1076 115.456625 103
1077 88.607878 103
1078 158.843720 103
1079 214.591802 103
1080 70.615532 103
1081 64.643839 103
1082 155.328834 103
1083 137.673612 103
1084 117.815761 103
1085 41.247532 103
1086 85.805606 103
1087 0.702165 103
1088 1.556812 103
1089 1.224788 103
1090 0.847804 103
1091 1.599541 103
1092 1.042923 103
1093 0.945243 103
1094 1.687309 103
1095 1.163083 103
1096 2.850031 103
1097 4.025659 103
1098 4.138900 103
1099 7.604032 103
1100 1.835028 116
1101 1.605610 116
1102 242.586646 116
1103 0.838949 116
1104 1.023195 116
1105 0.946980 116
1106 0.856414 116
1107 0.957948 116
1108 1.854118 116
1109 4.933584 116
1110 7.203785 116
1111 5.669737 116
1112 0.059507 116
1113 22.885553 116
1114 1.038107 116
1115 1.132924 116
1116 1.055203 116
1117 2.442037 116
1118 1.999269 116
1119 1.675067 116
1120 3.081531 116
1121 2.985775 116
1122 0.375059 116
1123 1.082859 116
1124 1.093620 116
1125 0.384432 116
1126 2.358320 116
1127 5.497870 116
1128 5.494684 116
1129 2.058002 116
1130 2.020314 116
1131 2.785174 116
1132 0.000000 116
1133 0.000000 116
1134 3.341718 116
1135 9.809203 116
1136 63.970158 116
1137 2.223644 116
1138 6.328167 116
1139 0.198525 116
1140 1.031008 116
1141 0.806471 116
1142 0.000000 116
1143 0.557927 116
1144 0.849337 116
1145 4.765928 116
1146 10.611040 116
1147 68.088952 116
1148 7.601387 116
1149 2.998450 116
1150 1.983286 106
1151 4.960461 106
1152 5.034555 104
1153 1.960609 106
1154 2.653031 106
1155 2.736299 106
1156 0.000000 106
1157 0.000000 106
1158 1.433731 106
1159 2.920082 106
1160 28.877766 106
1161 61.475167 106
1162 7.218096 106
1163 27.422876 106
1164 7.387431 106
1165 4.737549 106
1166 7.090862 106
1167 2.012684 106
1168 1.744696 106
1169 7.006508 106
1170 0.449454 106
1171 1.239026 106
1172 0.624124 106
1173 0.930117 106
1174 0.609193 106
1175 0.936989 106
1176 0.526943 106
1177 1.329304 106
1178 0.621634 106
1179 0.915095 106
1180 0.649033 106
1181 0.949264 106
1182 1.828667 106
1183 0.773055 106
1184 7.157089 106
1185 15.011308 106
1186 1.099818 106
1187 1.648702 106
1188 0.000000 106
1189 0.000000 106
1190 6.406417 106
1191 7.968123 106
1192 37.641956 106
1193 1.131468 106
1194 2.563622 106
1195 2.918625 106
1196 7.270624 106
1197 4.632418 106
1198 2.307003 106
1199 3.687469 106
1200 20.575100 107
1201 41.664751 107
1202 1.238298 107
1203 6.604999 107
1204 0.000000 107
1205 3.044310 107
1206 11.701706 107
1207 5.632588 107
1208 2.005676 107
1209 3.294671 107
1210 0.378347 107
1211 32.688389 107
1212 29.839508 107
1213 5.492995 107
1214 4.022075 107
1215 0.372152 107
1216 1.398077 107
1217 1.191702 107
1218 2.690904 107
1219 1.428336 107
1220 0.900530 107
1221 1.410152 107
1222 1.516426 107
1223 7.808802 107
1224 8.297786 107
1225 0.284732 107
1226 1.447539 107
1227 12.442178 107
1228 2.164379 107
1229 2.390684 107
1230 36.435690 107
1231 1.537019 107
1232 4.047985 107
1233 1.937990 107
1234 4.944260 107
1235 33.445204 107
1236 0.487717 107
1237 1.031232 107
1238 3.281436 107
1239 1.266561 107
1240 2.477641 107
1241 5.040191 107
1242 1.120060 107
1243 0.190428 107
1244 1.841893 107
1245 6.819797 107
1246 45.331212 107
1247 1.103407 107
1248 0.489296 107
1249 0.629581 107
1250 14.142367 108
1251 1.617099 108
1252 4.160082 108
1253 4.745561 108
1254 17.654069 108
1255 4.289533 108
1256 0.713788 108
1257 7.513932 108
1258 2.637538 108
1259 0.483565 108
1260 2.630303 108
1261 1.135211 107
1262 4.521224 107
1263 5.751005 107
1264 0.835555 107
1265 0.780845 107
1266 2.208256 107
1267 1.662491 107
1268 15.653694 107
1269 1.804469 107
1270 3.203585 107
1271 6.404027 107
1272 6.286799 107
1273 6.501104 107
1274 6.906692 107
1275 6.957281 107
1276 6.622499 107
1277 4.596588 107
1278 2.126048 107
1279 0.642917 107
1280 0.697331 107
1281 0.929246 107
1282 0.000000 107
1283 0.628333 107
1284 0.677361 107
1285 7.837617 107
1286 4.752123 107
1287 16.869357 107
1288 2.130069 107
1289 4.525091 107
1290 0.159940 107
1291 19.019476 107
1292 19.004050 107
1293 1.706566 107
1294 2.054219 107
1295 15.316235 107
1296 2.077195 107
1297 1.692878 107
1298 395.290448 107
1299 0.000000 107
1300 0.533633 108
1301 1.116703 108
1302 1.051966 108
1303 0.656967 108
1304 1.436188 108
1305 0.507746 108
1306 3.247730 108
1307 0.661637 108
1308 1.541238 108
1309 1.879319 108
1310 0.982737 108
1311 2.188511 108
1312 2.302819 108
1313 1.839119 108
1314 7.266295 108
1315 0.609953 108
1316 1.707907 108
1317 0.910822 108
1318 0.626590 108
1319 1.649149 108
1320 1.004721 108
1321 2.875424 108
1322 0.090569 108
1323 0.641687 108
1324 1.181442 108
1325 0.918032 108
1326 0.492365 108
1327 0.233817 108
1328 1.670467 108
1329 0.089643 108
1330 28.511747 108
1331 1.431384 108
1332 1.926268 108
1333 0.902433 108
1334 2.337517 108
1335 2.904298 108
1336 3.363180 108
1337 3.652454 108
1338 3.673989 108
1339 3.677339 108
1340 3.942612 108
1341 3.747833 108
1342 3.910261 108
1343 3.989141 108
1344 4.277517 108
1345 4.378351 108
1346 4.363533 108
1347 4.212071 108
1348 4.293222 108
1349 4.471552 108
1350 1.975283 99
1351 2.817772 99
1352 3.059368 99
1353 2.604480 99
1354 2.737169 99
1355 2.959710 99
1356 3.016601 99
1357 2.896021 99
1358 2.871437 99
1359 2.874033 99
1360 3.274952 99
1361 2.921587 99
1362 3.027153 99
1363 2.965551 99
1364 4.182220 99
1365 3.183755 99
1366 3.006550 99
1367 3.250556 99
1368 3.294600 99
1369 2.797488 99
1370 3.224954 99
1371 3.296649 99
1372 2.927804 99
1373 3.061363 99
1374 3.099803 99
1375 3.461093 99
1376 3.388870 99
1377 3.388704 99
1378 3.631570 99
1379 3.391146 99
1380 3.220169 99
1381 3.461774 99
1382 3.018188 99
1383 3.432205 99
1384 3.240722 99
1385 3.294754 99
1386 18.326000 99
1387 84.086661 99
1388 47.357747 99
1389 41.820503 99
1390 43.809158 99
1391 82.302220 99
1392 104.725732 99
1393 204.207160 99
1394 86.242609 99
1395 107.878078 99
1396 26.227443 99
1397 60.876056 99
1398 42.530565 99
1399 91.840620 99
1400 15.728524 96
1401 64.977563 96
1402 36.566832 96
1403 39.255343 96
1404 48.160994 96
1405 82.960871 96
1406 41.585774 96
1407 183.693388 96
1408 36.352058 96
1409 54.066513 96
1410 74.270842 96
1411 79.198136 96
1412 40.284707 96
1413 97.894133 96
1414 100.067446 96
1415 41.341938 96
1416 90.504738 96
1417 14.635476 96
1418 68.247170 96
1419 74.603790 96
1420 92.912101 96
1421 42.543578 96
1422 45.662619 96
1423 25.907366 96
1424 200.461159 96
1425 79.819907 96
1426 39.212489 96
1427 85.198687 96
1428 52.296252 96
1429 95.097328 96
1430 60.426657 96
1431 43.723788 96
1432 106.886146 96
1433 1.311910 96
1434 3.622585 96
1435 0.000000 96
1436 0.000000 96
1437 0.000000 96
1438 0.000000 96
1439 0.000000 96
1440 0.190077 96
1441 4.111005 96
1442 3.201230 96
1443 0.190351 96
1444 1.176036 96
1445 2.184167 96
1446 17.701752 96
1447 1.230316 96
1448 1.230521 96
1449 1.646515 96
1450 1.671679 90
1451 2.627334 90
1452 2.973484 90
1453 3.417440 90
1454 0.003766 90
1455 0.016059 90
1456 0.000000 90
1457 1.915216 90
1458 2.062201 90
1459 2.162789 90
1460 1.912221 90
1461 3.399220 90
1462 1.247765 90
1463 3.528755 90
1464 1.681453 90
1465 0.693864 90
1466 1.896554 90
1467 1.977316 90
1468 2.272395 90
1469 2.018747 90
1470 1.629518 90
1471 1.769324 90
1472 4.532440 90
1473 7.280803 90
1474 2.611410 90
1475 4.773460 90
1476 1.799585 90
1477 4.226430 90
1478 1.042005 90
1479 2.258650 90
1480 1.512663 90
1481 1.342025 90
1482 4.487071 90
1483 1.349190 90
1484 1.405043 90
1485 0.783476 90
1486 4.741527 90
1487 2.090094 90
1488 0.811898 90
1489 2.245436 90
1490 1.490836 90
1491 1.947398 90
1492 3.817166 90
1493 1.351493 90
1494 2.137437 90
1495 27.397349 90
1496 1.765020 90
1497 1.066080 90
1498 1.349909 90
1499 0.965320 90
1500 0.622213 103
1501 1.201680 103
1502 4.250445 103
1503 1.479493 103
1504 1.343282 103
1505 1.522539 103
1506 1.299804 103
1507 1.427829 103
1508 1.292628 103
1509 1.151352 103
1510 1.336500 103
1511 0.763950 103
1512 0.820153 103
1513 1.158364 103
1514 1.693219 103
1515 1.311460 103
1516 1.822156 103
1517 0.536883 103
1518 0.592677 103
1519 9.259349 103
1520 59.256868 103
1521 0.366888 103
1522 1.124462 103
1523 0.635061 103
1524 2.380488 103
1525 1.237696 103
1526 3.388259 103
1527 2.950026 103
1528 0.000000 103
1529 0.000000 103
1530 0.000000 103
1531 0.000000 103
1532 1.191520 103
1533 2.000763 103
1534 2.328669 103
1535 2.242501 103
1536 126.014017 103
1537 0.982373 103
1538 1.156588 103
1539 0.872497 103
1540 1.003216 103
1541 1.009841 103
1542 1.027594 103
1543 1.009883 103
1544 0.991632 103
1545 1.271063 103
1546 1.499279 103
1547 0.000000 103
1548 1.219219 103
1549 2.708197 103
1550 2.100588 118
1551 0.943648 118
1552 0.693050 118
1553 2.292924 118
1554 6.700464 118
1555 0.624794 118
1556 1.086574 118
1557 0.774510 118
1558 1.582244 118
1559 1.536603 118
1560 1.273818 118
1561 1.455695 118
1562 1.259095 118
1563 0.486159 118
1564 0.532300 118
1565 1.227586 118
1566 1.285582 118
1567 1.352988 118
1568 0.621594 118
1569 0.698554 118
1570 0.067316 118
1571 1.792735 118
1572 1.286860 118
1573 1.420899 118
1574 1.178715 118
1575 0.151713 118
1576 8.779953 118
1577 0.972337 118
1578 0.686894 118
1579 1.178929 118
1580 0.571381 118
1581 1.072090 118
1582 1.009455 118
1583 1.123293 118
1584 7.737083 118
1585 12.747746 118
1586 0.000000 118
1587 0.000000 118
1588 0.000000 118
1589 0.000000 118
1590 0.000000 118
1591 0.000000 118
1592 0.000000 118
1593 0.000000 118
1594 0.000000 118
1595 0.000000 118
1596 0.000000 118
1597 0.000000 118
1598 2.507112 118
1599 5.408550 118
1600 1.920645 111
1601 1.841035 111
1602 4.368386 111
1603 3.888800 111
1604 4.115821 111
1605 1.541582 111
1606 3.974697 111
1607 3.605945 111
1608 1.320436 111
1609 3.804633 111
1610 4.046695 111
1611 1.423381 111
1612 4.194434 111
1613 1.398830 111
1614 3.970135 111
1615 1.952629 111
1616 4.010185 111
1617 4.197964 111
1618 4.503288 111
1619 5.211870 111
1620 0.893119 111
1621 11.347064 111
1622 1.709974 111
1623 1.068986 111
1624 1.683732 111
1625 2.697652 111
1626 1.699010 111
1627 2.710414 111
1628 1.723275 111
1629 2.848104 111
1630 25.372151 111
1631 82.132821 111
1632 2.252250 111
1633 1.158708 111
1634 35.328584 111
1635 1.465421 111
1636 0.000000 111
1637 0.000000 111
1638 0.000000 111
1639 3.846929 111
1640 1.334888 111
1641 1.160677 111
1642 1.718430 111
1643 4.066069 111
1644 2.301437 111
1645 5.845043 111
1646 1.105806 111
1647 2.773124 111
1648 0.471074 111
1649 1.085958 111
1650 1.777714 96
1651 2.444424 96
1652 0.191458 96
1653 1.270026 96
1654 80.425773 96
1655 14.549114 96
1656 1.661229 96
1657 2.008979 96
1658 1.445522 96
1659 1.176125 96
1660 1.516373 96
1661 2.735182 96
1662 2.355450 96
1663 2.287852 96
1664 0.250880 96
1665 1.532752 96
1666 1.642153 96
1667 0.679654 96
1668 1.272377 96
1669 1.518794 96
1670 0.607831 96
1671 1.486943 96
1672 0.040178 96
1673 0.016740 96
1674 0.015659 96
1675 0.013630 96
1676 0.006292 96
1677 0.023879 96
1678 0.026100 96
1679 0.351006 96
1680 0.015818 96
1681 0.348621 96
1682 1.994542 96
1683 4.550346 96
1684 4.399539 96
1685 0.503085 96
1686 0.713784 96
1687 3.521418 96
1688 1.599808 96
1689 0.941892 96
1690 101.689585 96
1691 2.014818 96
1692 95.973031 96
1693 0.583430 96
1694 1.687526 96
1695 3.760643 96
1696 1.657643 96
1697 3.704416 96
1698 1.313170 96
1699 3.452765 96
1700 1.109602 95
1701 2.420554 95
1702 2.321049 95
1703 0.648136 95
1704 0.688200 95
1705 2.102042 95
1706 5.138431 95
1707 5.985360 95
1708 3.952443 95
1709 3.933603 95
1710 9.468840 95
1711 28.404116 95
1712 28.471232 95
1713 27.959058 95
1714 0.874127 95
1715 1.279710 95
1716 0.701030 95
1717 1.797733 95
1718 8.580400 95
1719 1.053421 95
1720 0.824632 95
1721 0.725736 95
1722 1.187058 95
1723 3.966201 95
1724 1.068060 95
1725 0.725739 95
1726 43.367478 95
1727 9.179673 95
1728 16.745916 95
1729 0.612187 95
1730 0.796901 95
1731 1.585763 95
1732 3.128024 95
1733 28.533564 95
1734 1.311520 95
1735 1.272350 95
1736 1.278731 95
1737 1.906291 95
1738 1.368374 95
1739 0.153000 95
1740 1.403565 95
1741 1.007673 95
1742 129.435676 95
1743 3.329161 95
1744 2.078478 95
1745 1.331013 95
1746 1.059640 95
1747 26.897442 95
1748 0.377191 95
1749 6.989948 95
1750 3.234054 119
1751 2.298069 119
1752 0.831958 119
1753 1.496195 119
1754 2.970854 119
1755 3.154927 119
1756 18.136134 119
1757 1.162210 119
1758 0.857351 119
1759 31.179333 119
1760 1.717661 119
1761 2.232749 119
1762 2.070852 119
1763 2.414992 119
1764 2.210717 119
1765 2.772999 119
1766 2.691703 119
1767 3.244320 119
1768 2.620988 119
1769 0.000000 119
1770 0.000000 119
1771 0.874966 119
1772 1.249574 119
1773 4.247664 119
1774 1.442022 119
1775 3.002104 119
1776 0.577024 119
1777 1.033734 119
1778 1.096449 119
1779 1.211145 119
1780 1.046954 119
1781 7.403368 119
1782 7.105023 119
1783 20.565032 119
1784 11.852537 119
1785 0.947132 119
1786 1.056745 119
1787 0.000000 119
1788 1.124795 119
1789 1.400184 119
1790 2.373281 119
1791 0.069763 119
1792 1.604872 119
1793 3.380198 119
1794 3.656422 119
1795 0.907058 119
1796 0.855526 119
1797 1.897456 119
1798 0.689118 119
1799 0.896623 119
1800 0.527758 115
1801 2.788979 115
1802 0.400175 115
1803 0.754605 115
1804 1.774617 115
1805 0.719258 115
1806 0.724362 115
1807 0.000000 115
1808 1.730239 115
1809 2.174974 115
1810 0.578890 115
1811 0.044657 115
1812 0.541884 115
1813 2.274375 115
1814 2.993777 115
1815 3.103206 115
1816 13.232847 115
1817 1.103703 115
1818 1.075571 115
1819 1.484626 115
1820 1.168968 115
1821 136.588068 115
1822 173.890932 115
1823 1.941077 115
1824 2.245404 115
1825 0.908175 115
1826 1.027597 115
1827 7.344915 115
1828 7.855307 115
1829 8.072105 115
1830 1.148769 115
1831 28.443047 115
1832 87.582504 115
1833 1.294005 115
1834 14.277237 115
1835 1.230118 115
1836 13.646182 115
1837 1.105679 115
1838 0.661619 115
1839 2.043126 115
1840 1.025298 115
1841 7.484096 115
1842 15.234140 115
1843 6.700898 115
1844 1.988841 115
1845 1.197699 115
1846 1.276601 115
1847 0.005364 115
1848 0.015968 115
1849 0.887141 115
1850 1.056742 107
1851 10.306083 107
1852 0.000808 107
1853 0.612482 107
1854 1.595107 107
1855 1.757977 107
1856 0.496416 107
1857 0.561401 107
1858 1.400250 107
1859 1.532476 107
1860 0.995559 107
1861 0.918845 107
1862 131.842575 107
1863 0.280475 107
1864 0.579273 107
1865 0.766819 107
1866 0.638207 107
1867 1.285975 107
1868 0.594558 107
1869 0.618626 107
1870 0.703921 107
1871 1.227567 107
1872 0.181224 107
1873 0.272678 107
1874 0.171426 107
1875 0.732731 107
1876 0.792965 107
1877 1.738990 107
1878 15.729534 107
1879 3.517812 107
1880 5.023849 107
1881 3.205027 107
1882 42.079058 107
1883 3.288045 107
1884 18.629606 107
1885 3.650845 107
1886 3.873058 107
1887 71.772169 107
1888 8.275970 107
1889 19.200047 107
1890 4.506574 107
1891 1.737602 107
1892 1.752844 107
1893 1.453209 107
1894 0.641656 107
1895 1.287306 107
1896 1.215107 107
1897 0.741017 107
1898 0.873215 107
1899 1.907809 107
1900 0.785972 108
1901 5.601169 108
1902 0.539849 108
1903 0.338436 108
1904 0.397814 108
1905 0.000000 108
1906 0.000000 108
1907 0.000000 108
1908 0.000000 108
1909 0.000000 108
1910 0.000000 108
1911 0.000000 108
1912 2.749066 108
1913 6.354866 108
1914 5.790376 106
1915 6.298886 108
1916 6.008193 108
1917 6.192293 108
1918 6.358053 108
1919 6.400494 108
1920 6.214624 108
1921 6.203919 108
1922 6.439685 108
1923 6.479882 108
1924 5.850586 108
1925 5.813948 108
1926 6.374623 108
1927 5.986153 108
1928 6.330507 108
1929 6.351343 108
1930 6.277550 108
1931 6.282893 108
1932 6.105779 107
1933 6.148089 108
1934 6.214937 108
1935 6.317776 108
1936 1.329041 108
1937 3.215359 108
1938 2.709385 108
1939 1.424257 108
1940 3.376728 108
1941 3.158070 108
1942 0.136430 108
1943 0.925100 108
1944 2.056000 108
1945 1.322780 108
1946 2.105959 108
1947 2.745222 108
1948 6.381361 108
1949 0.000000 108
1950 2.322057 103
1951 0.548862 103
1952 1.154062 103
1953 1.878105 103
1954 1.365947 103
1955 4.089811 103
1956 1.437798 103
1957 12.377765 103
1958 1.111046 103
1959 2.346092 103
1960 4.331527 103
1961 1.277090 103
1962 0.000000 103
1963 0.000000 103
1964 1.251719 103
1965 24.685217 103
1966 1.232463 103
1967 0.602770 103
1968 1.712731 103
1969 1.431915 103
1970 0.639124 103
1971 0.000000 103
1972 0.630945 103
1973 1.158754 103
1974 1.087243 103
1975 1.207412 103
1976 1.679902 103
1977 1.768963 103
1978 1.914138 103
1979 0.584655 103
1980 21.010842 103
1981 1.593276 103
1982 3.670284 103
1983 3.503579 103
1984 3.634933 103
1985 11.184013 103
1986 10.598785 103
1987 10.744176 103
1988 1.545566 103
1989 3.648079 103
1990 1.195517 103
1991 3.354662 103
1992 2.146612 103
1993 3.150871 103
1994 1.330065 103
1995 3.547224 103
1996 3.720982 103
1997 101.881623 103
1998 115.415792 103
1999 117.848675 103
2000 71.590282 115
2001 79.417318 115
2002 86.281027 115
2003 92.442792 115
2004 3.608770 115
2005 4.640523 115
2006 5.446210 115
2007 0.967513 115
2008 1.604342 115
2009 1.849321 115
2010 55.327711 115
2011 1.033979 115
2012 2.411630 115
2013 14.175093 115
2014 0.000000 115
2015 1.677528 115
2016 0.906073 115
2017 0.810356 115
2018 1.152744 115
2019 0.067894 115
2020 0.369728 115
2021 1.406590 115
2022 1.924398 115
2023 1.226202 115
2024 11.371874 115
2025 5.254999 115
2026 1.730492 115
2027 1.303805 115
2028 1.342968 115
2029 0.598139 115
2030 1.426522 115
2031 1.212875 115
2032 1.319480 115
2033 2.269585 115
2034 14.346970 115
2035 1.992390 115
2036 1.129404 115
2037 258.083679 115
2038 1.780195 115
2039 1.704768 115
2040 0.986062 115
2041 1.255784 115
2042 1.084566 115
2043 7.468842 115
2044 9.827321 115
2045 2.385423 115
2046 5.102608 115
2047 5.375238 115
2048 4.845905 115
2049 3.778854 115
2050 2.531443 115
2051 7.333166 115
2052 6.811083 115
2053 1.473370 115
2054 3.024713 115
2055 3.037727 115
2056 2.248580 115
2057 61.571619 115
2058 7.534175 115
2059 6.399955 115
2060 6.894609 115
2061 6.969651 115
2062 3.262310 115
2063 1.637702 115
2064 0.271898 115
2065 3.763378 115
2066 2.891839 115
2067 0.311363 115
2068 2.306022 115
2069 0.976401 115
2070 26.115029 115
2071 24.794057 115
2072 13.003679 115
2073 0.948661 115
2074 1.389965 115
2075 32.681449 115
2076 1.298287 115
2077 3.580400 115
2078 0.423027 115
2079 1.379886 115
2080 12.671371 115
2081 1.056176 115
2082 2.370820 115
2083 0.229399 115
2084 0.426782 115
2085 0.490138 115
2086 0.511656 115
2087 0.498555 115
2088 0.531042 115
2089 0.759328 115
2090 1.342684 115
2091 0.811646 115
2092 0.235723 115
2093 0.430178 115
2094 0.394449 115
2095 0.471754 115
2096 0.023882 115
2097 0.272538 115
2098 0.266818 115
2099 0.548379 115
2100 0.661041 106
2101 0.973325 106
2102 0.009304 106
2103 33.979532 106
2104 44.584909 106
2105 0.983274 106
2106 0.512971 106
2107 0.267780 106
2108 0.734534 106
2109 1.319449 106
2110 2.710622 106
2111 0.779362 106
2112 0.805503 106
2113 13.273344 106
2114 58.281106 106
2115 103.747233 106
2116 97.147042 106
2117 23.136040 106
2118 50.150392 106
2119 49.824896 106
2120 39.685456 106
2121 41.829596 106
2122 85.743237 106
2123 39.534859 106
2124 251.142007 106
2125 2.038097 106
2126 4.536088 106
2127 14.758651 106
2128 1.359378 106
2129 1.472607 106
2130 1.460627 106
2131 1.119560 106
2132 1.896486 106
2133 0.944467 106
2134 1.321242 106
2135 1.545892 106
2136 0.000000 106
2137 0.000000 106
2138 1.130043 106
2139 0.793223 106
2140 0.941835 106
2141 3.835432 106
2142 1.657095 106
2143 1.807272 106
2144 9.356071 106
2145 18.911426 106
2146 69.890041 106
2147 15.365488 106
2148 2.165973 106
2149 0.984789 106
2150 13.325716 99
2151 5.708580 99
2152 0.670253 99
2153 1.431232 99
2154 1.373008 99
2155 1.226436 99
2156 6.325636 99
2157 15.994002 99
2158 6.069710 99
2159 5.572995 99
2160 0.001421 99
2161 0.000000 99
2162 0.000000 99
2163 0.000000 99
2164 0.000000 99
2165 0.000000 99
2166 0.000000 99
2167 0.000000 99
2168 0.000000 99
2169 0.000000 99
2170 0.000000 99
2171 0.000000 99
2172 0.000000 99
2173 0.000000 99
2174 0.000000 99
2175 0.000000 99
2176 0.000000 99
2177 0.000000 99
2178 0.000000 99
2179 0.000000 99
2180 0.000000 99
2181 0.000000 99
2182 0.000000 99
2183 0.000000 99
2184 0.000000 99
2185 0.000000 99
2186 0.000000 99
2187 0.000000 99
2188 0.000000 99
2189 0.000000 99
2190 0.000000 99
2191 0.000000 99
2192 0.000000 99
2193 0.000000 99
2194 0.000000 99
2195 0.000000 99
2196 0.000000 99
2197 0.000000 99
2198 0.000000 99
2199 0.000000 99
2200 0.000000 99
2201 0.000000 99
2202 0.000000 99
2203 0.000000 99
2204 0.000000 99
2205 0.000000 99
2206 0.000000 99
2207 0.000000 99
2208 0.000000 99
2209 0.000000 99
2210 0.000000 99
2211 0.000000 99
2212 0.000000 99
2213 0.000000 99
2214 0.000000 99
2215 0.000000 99
2216 0.000000 99
2217 0.000000 99
2218 0.000000 99
2219 0.000000 99
2220 0.000000 99
2221 0.000000 99
2222 0.000000 99
2223 0.000000 99
2224 0.000000 99
2225 0.000000 99
2226 0.000000 99
2227 0.000000 99
2228 0.000000 99
2229 0.000000 99
2230 0.000000 99
2231 0.000000 99
2232 0.000000 99
2233 0.000000 99
2234 0.000000 99
2235 0.000000 99
2236 0.000000 99
2237 0.000000 99
2238 0.000000 99
2239 0.000000 99
2240 0.000000 99
2241 0.000000 99
2242 0.000000 99
2243 0.000000 99
2244 0.000000 99
2245 0.000000 99
2246 0.000000 99
2247 0.000000 99
2248 0.000000 99
2249 0.000000 99
2250 0.000000 98
2251 0.000000 98
2252 0.000000 98
2253 0.000000 98
2254 0.000000 98
2255 0.000000 98
2256 0.000000 98
2257 0.000000 98
2258 0.000000 98
2259 0.000000 98
2260 0.000000 98
2261 0.000000 98
2262 0.000000 98
2263 0.000000 98
2264 0.000000 98
2265 0.000000 98
2266 0.000000 98
2267 0.000000 98
2268 0.000000 98
2269 0.000000 98
2270 0.000000 98
2271 0.000000 98
2272 0.000000 98
2273 0.000000 98
2274 0.000000 98
2275 0.000000 98
2276 0.000000 98
2277 0.000000 98
2278 0.000000 98
2279 0.000000 98
2280 0.000000 98
2281 0.000000 98
2282 0.000000 98
2283 0.000000 98
2284 0.000000 98
2285 0.000000 98
2286 0.000000 98
2287 0.000000 98
2288 0.000000 98
2289 0.000000 98
2290 0.000000 98
2291 0.000000 98
2292 0.000000 98
2293 0.000000 98
2294 0.000000 98
2295 0.000000 98
2296 0.000000 98
2297 0.000000 98
2298 0.000000 98
2299 0.000000 98
2300 0.000000 96
2301 0.000000 96
2302 0.000000 96
2303 0.000000 96
2304 0.000000 96
2305 0.000000 96
2306 0.000000 96
2307 0.000000 96
2308 0.000000 96
2309 0.000000 96
2310 0.000000 96
2311 0.000000 96
2312 0.000000 96
2313 0.000000 96
2314 0.000000 96
2315 0.000000 96
2316 0.000000 96
2317 0.000000 96
2318 0.000000 96
2319 0.000000 96
2320 0.000000 96
2321 0.000000 96
2322 0.000000 96
2323 0.000000 96
2324 0.000000 96
2325 0.000000 96
2326 0.000000 96
2327 0.000000 96
2328 0.000000 96
2329 0.000000 96
2330 0.000000 96
2331 0.000000 96
2332 0.000000 96
2333 0.000000 96
2334 0.000000 96
2335 0.000000 96
2336 0.000000 96
2337 0.000000 96
2338 0.000000 96
2339 0.000000 96
2340 0.000000 96
2341 0.000000 96
2342 0.000000 96
2343 0.000000 96
2344 0.000000 96
2345 0.000000 96
2346 0.000000 96
2347 0.000000 96
2348 0.000000 96
2349 0.000000 96
2350 0.000000 84
2351 1.889994 84
2352 1.726316 84
2353 22.811577 84
2354 4.041001 84
2355 3.214518 84
2356 25.564318 84
2357 95.780077 84
2358 81.907613 84
2359 131.643616 84
2360 49.776272 84
2361 111.133111 84
2362 163.294281 84
2363 99.887583 84
2364 85.073677 84
2365 78.688808 84
2366 142.969477 84
2367 118.781269 84
2368 191.242012 84
2369 37.982165 84
2370 188.255590 84
2371 124.319983 84
2372 39.161635 84
2373 145.285399 84
2374 75.933494 84
2375 168.213723 84
2376 88.415939 84
2377 139.471824 84
2378 78.390371 84
2379 154.677332 84
2380 47.545724 84
2381 138.816993 84
2382 52.195001 84
2383 2.140256 84
2384 4.259302 84
2385 4.930764 84
2386 2.259492 84
2387 5.079886 84
2388 5.595989 84
2389 33.237251 83
2390 4.515850 84
2391 4.855400 84
2392 1.319178 84
2393 3.565598 84
2394 3.514824 84
2395 1.960720 84
2396 4.036182 84
2397 4.976498 84
2398 1.731489 84
2399 4.169480 84
2400 1.867287 114
2401 5.227630 114
2402 4.733795 114
2403 5.259799 114
2404 4.959437 114
2405 5.301026 114
2406 4.986214 114
2407 4.770667 114
2408 5.902403 114
2409 5.096205 114
2410 1.041632 114
2411 0.010212 114
2412 1.523780 114
2413 2.469401 114
2414 1.934590 114
2415 2.479374 114
2416 1.961364 114
2417 3.510131 114
2418 4.460081 114
2419 4.696083 114
2420 2.212783 114
2421 0.000000 114
2422 0.000000 114
2423 0.000000 114
2424 0.000000 114
2425 0.000000 114
2426 0.000000 114
2427 0.000000 114
2428 0.000000 114
2429 0.000000 114
2430 0.000000 114
2431 0.000000 114
2432 1.134153 114
2433 0.908292 114
2434 2.208406 114
2435 12.292125 114
2436 3.337896 114
2437 1.784030 114
2438 1.932508 114
2439 2.504438 114
2440 2.739571 114
2441 0.029546 114
2442 0.025102 114
2443 0.025456 114
2444 2.333539 114
2445 6.082377 114
2446 12.972609 114
2447 213.995644 114
2448 3.104843 114
2449 3.091377 114
2450 0.306920 112
2451 0.435641 112
2452 0.498596 112
2453 1.278894 112
2454 4.118461 112
2455 65.108136 112
2456 143.040205 112
2457 0.105360 112
2458 1.163083 112
2459 3.100398 112
2460 0.872974 112
2461 9.001671 112
2462 17.616618 112
2463 4.135330 112
2464 2.050540 112
2465 3.634538 112
2466 0.962815 112
2467 2.759575 112
2468 4.810179 112
2469 1.455361 112
2470 0.887388 112
2471 0.441095 112
2472 1.144329 112
2473 0.011070 112
2474 1.496247 112
2475 0.971194 112
2476 1.568763 112
2477 3.113632 112
2478 17.632273 112
2479 3.817608 112
2480 0.324342 112
2481 3.265092 112
2482 1.576822 112
2483 1.924409 112
2484 1.256733 112
2485 3.027093 112
2486 1.833886 112
2487 16.633062 112
2488 1.511899 112
2489 7.474409 112
2490 0.983240 112
2491 3.777246 112
2492 1.698101 112
2493 0.862819 112
2494 1.856235 112
2495 1.774072 112
2496 1.213466 112
2497 77.508365 112
2498 1.283233 112
2499 2.117409 112
2500 1.252802 107
2501 1.596744 107
2502 0.006566 107
2503 0.225303 107
2504 2.059977 107
2505 3.594488 107
2506 1.769946 107
2507 5.689284 107
2508 1.288455 107
2509 0.000000 107
2510 2.300234 107
2511 2.355166 107
2512 1.526177 107
2513 17.171292 107
2514 1.518072 107
2515 2.024567 107
2516 4.028982 107
2517 1.509667 107
2518 1.729788 107
2519 0.000000 107
2520 2.010425 107
2521 1.538404 107
2522 2.249125 107
2523 1.261186 107
2524 1.472713 107
2525 1.314443 107
2526 1.456457 107
2527 1.443833 107
2528 9.023522 107
2529 6.263787 107
2530 4.728727 107
2531 1.292496 107
2532 38.735680 107
2533 49.656556 107
2534 1.370933 107
2535 2.265224 107
2536 2.401081 107
2537 1.776827 107
2538 1.502427 107
2539 2.166790 107
2540 2.350134 107
2541 1.915754 107
2542 2.086494 107
2543 0.632350 107
2544 0.994310 107
2545 2.408277 107
2546 2.612025 107
2547 1.938347 107
2548 26.342637 107
2549 2.008419 107
2550 1.564032 101
2551 1.290390 101
2552 0.225535 101
2553 2.433161 101
2554 0.909029 101
2555 3.063840 101
2556 1.178405 101
2557 1.683933 101
2558 1.047397 101
2559 0.976053 101
2560 1.191144 101
2561 1.340127 101
2562 0.854905 101
2563 0.000000 101
2564 0.000000 101
2565 0.000000 101
2566 0.000000 101
2567 0.000000 101
2568 0.000000 101
2569 0.000000 101
2570 0.000000 101
2571 0.000000 101
2572 0.000000 101
2573 0.000000 101
2574 0.000000 101
2575 0.000000 101
2576 0.000000 101
2577 0.000000 101
2578 0.000000 101
2579 0.000000 101
2580 0.000000 101
2581 0.000000 101
2582 0.000000 101
2583 0.000000 101
2584 0.000000 101
2585 0.000000 101
2586 0.000000 101
2587 0.000000 101
2588 0.000000 101
2589 0.000000 101
2590 0.000000 101
2591 0.000000 101
2592 0.000000 101
2593 0.000000 101
2594 0.000000 101
2595 0.000000 101
2596 0.000000 101
2597 0.000000 101
2598 0.000000 101
2599 0.000000 101
2600 0.000000 101
2601 0.000000 101
2602 0.000000 101
2603 0.000000 101
2604 0.000000 101
2605 0.000000 101
2606 0.000000 101
2607 0.000000 101
2608 0.000000 101
2609 0.000000 101
2610 0.000000 101
2611 0.000000 101
2612 0.000000 101
2613 0.000000 101
2614 0.000000 101
2615 0.000000 101
2616 0.000000 101
2617 0.000000 101
2618 0.000000 101
2619 0.000000 101
2620 0.000000 101
2621 0.000000 101
2622 0.000000 101
2623 0.000000 101
2624 0.000000 101
2625 0.000000 101
2626 0.000000 101
2627 0.000000 101
2628 0.000000 101
2629 0.000000 101
2630 0.000000 101
2631 0.000000 101
2632 0.000000 101
2633 0.000000 101
2634 0.000000 101
2635 0.000000 101
2636 0.000000 101
2637 0.000000 101
2638 0.000000 101
2639 0.000000 101
2640 0.000000 101
2641 0.000000 101
2642 0.000000 101
2643 0.000000 101
2644 0.000000 101
2645 0.000000 101
2646 0.000000 101
2647 0.000000 101
2648 0.000000 101
2649 0.000000 101
2650 0.000119 102
2651 0.000000 102
2652 0.000000 102
2653 0.000000 102
2654 0.000000 102
2655 0.000000 102
2656 0.000000 102
2657 0.000000 102
2658 0.000000 102
2659 0.000000 102
2660 0.000000 102
2661 0.000000 102
2662 0.000000 102
2663 4.465769 102
2664 6.894882 102
2665 2.364760 102
2666 8.214103 102
2667 0.025187 102
2668 0.056242 102
2669 0.014995 102
2670 0.004520 102
2671 0.001128 102
2672 0.000634 102
2673 0.000000 102
2674 0.000000 102
2675 0.000000 102
2676 0.000000 102
2677 0.000000 102
2678 0.000000 102
2679 0.000000 102
2680 0.000000 102
2681 0.000000 102
2682 0.000000 102
2683 0.000000 102
2684 0.000000 102
2685 0.000000 102
2686 0.000000 102
2687 0.000000 102
2688 0.000000 102
2689 0.000000 102
2690 0.000000 102
2691 0.000000 102
2692 0.000000 102
2693 0.000000 102
2694 0.000000 102
2695 0.000000 102
2696 0.000000 102
2697 0.000000 102
2698 0.000000 102
2699 0.000000 102
2700 0.060550 100
2701 0.058089 100
2702 0.041775 100
2703 0.033483 100
2704 0.024056 100
2705 0.008096 100
2706 0.001754 100
2707 0.000000 100
2708 0.000000 100
2709 0.000000 100
2710 0.000000 100
2711 5.024180 100
2712 3.896857 100
2713 4.353586 100
2714 51.833486 100
2715 4.372936 100
2716 294.989352 100
2717 5.223609 100
2718 89.028636 100
2719 2.154443 100
2720 2.571467 100
2721 29.745945 100
2722 5.139424 100
2723 3.624740 100
2724 5.409728 100
2725 5.025471 100
2726 5.070660 100
2727 5.377996 100
2728 6.226897 100
2729 17.178147 100
2730 198.445275 100
2731 5.217230 100
2732 5.027191 100
2733 274.229085 100
2734 4.919328 100
2735 8.789460 100
2736 3.609489 100
2737 9.531603 100
2738 5.357424 100
2739 5.820921 100
2740 5.279983 100
2741 5.408935 100
2742 6.198644 100
2743 58.739631 100
2744 6.059824 100
2745 5.629427 100
2746 16.359994 100
2747 3.157624 100
2748 28.839622 100
2749 3.204214 100
2750 7.935490 95
2751 4.606608 95
2752 8.172235 95
2753 4.374146 95
2754 2.453180 95
2755 5.356504 95
2756 2.216730 95
2757 2.920182 95
2758 2.664705 95
2759 1.780066 95
2760 1.213828 95
2761 1.064195 95
2762 0.904415 95
2763 1.111987 95
2764 1.126542 95
2765 1.016253 95
2766 1.043903 95
2767 1.068831 95
2768 1.116475 95
2769 0.949109 95
2770 1.493046 95
2771 1.322660 95
2772 1.118670 95
2773 1.230296 95
2774 1.054213 95
2775 1.122428 95
2776 1.480902 95
2777 0.951173 95
2778 1.369061 95
2779 1.128952 95
2780 1.087135 95
2781 1.127447 95
2782 1.236993 95
2783 1.157697 95
2784 0.949017 95
2785 1.992974 95
2786 1.331402 95
2787 0.996147 95
2788 2.977713 95
2789 1.428926 95
2790 1.839235 95
2791 1.968495 95
2792 2.136924 95
2793 2.442504 95
2794 1.985140 95
2795 1.879001 95
2796 1.826416 95
2797 2.030936 95
2798 1.809807 95
2799 2.295638 95
2800 1.869523 99
2801 2.398981 99
2802 2.141404 99
2803 2.309328 99
2804 2.478493 99
2805 2.215094 99
2806 2.194401 99
2807 2.608599 99
2808 1.650831 99
2809 2.456823 99
2810 1.982963 99
2811 1.831577 99
2812 1.875476 99
2813 1.868343 99
2814 1.976294 99
2815 1.960721 99
2816 4.833704 99
2817 3.468836 99
2818 4.435303 99
2819 0.032492 99
2820 0.033712 99
2821 0.017956 99
2822 0.005901 99
2823 0.003757 99
2824 0.000000 99
2825 0.000000 99
2826 0.000000 99
2827 0.000000 99
2828 0.000000 99
2829 0.000000 99
2830 0.000000 99
2831 0.000000 99
2832 0.000000 99
2833 0.000000 99
2834 0.000000 99
2835 0.000000 99
2836 0.000000 99
2837 0.000000 99
2838 0.000000 99
2839 3.867393 99
2840 7.763812 99
2841 8.306973 99
2842 3.607889 99
2843 6.284333 99
2844 8.258839 99
2845 7.822984 99
2846 2.352100 99
2847 5.130867 99
2848 5.051797 99
2849 5.315450 99
2850 1.872398 103
2851 4.572848 103
2852 4.611521 103
2853 4.248746 103
2854 3.166975 103
2855 6.466153 103
2856 7.939673 103
2857 4.008280 103
2858 6.064942 103
2859 6.024197 103
2860 6.134235 103
2861 1.023249 103
2862 3.679731 103
2863 1.402316 103
2864 3.581774 103
2865 3.798940 103
2866 7.400131 103
2867 21.437072 103
2868 7.944606 103
2869 2.931958 103
2870 5.518995 103
2871 6.097197 103
2872 6.761985 103
2873 1.410616 103
2874 1.498299 103
2875 1.649291 103
2876 1.563913 103
2877 1.958510 103
2878 1.579814 103
2879 1.533898 103
2880 1.522756 103
2881 1.736394 103
2882 1.758181 103
2883 1.751122 103
2884 1.474811 103
2885 1.762798 103
2886 1.540036 103
2887 1.413239 103
2888 1.488757 103
2889 1.723047 103
2890 1.244390 103
2891 1.679025 103
2892 1.855680 103
2893 0.930359 103
2894 3.284212 103
2895 3.108230 103
2896 9.881881 103
2897 97.100685 103
2898 3.760976 103
2899 4.401054 103
2900 1.182660 84
2901 2.074574 84
2902 2.549833 84
2903 2.336862 84
2904 2.021501 84
2905 4.935287 84
2906 5.031031 84
2907 4.541236 84
2908 2.138488 84
2909 4.658964 84
2910 4.715686 84
2911 2.146076 84
2912 4.543329 84
2913 5.077279 84
2914 4.345954 84
2915 4.675124 84
2916 2.992895 84
2917 7.447604 84
2918 8.175116 84
2919 7.996573 84
2920 1.392990 84
2921 4.549904 84
2922 4.675868 84
2923 1.275910 84
2924 2.742072 84
2925 2.707671 84
2926 2.883457 84
2927 2.482760 84
2928 7.151780 84
2929 7.272140 84
2930 7.408063 84
2931 1.064250 84
2932 4.072854 84
2933 4.140624 84
2934 3.669712 84
2935 1.153313 84
2936 2.880182 84
2937 2.582533 84
2938 9.168474 84
2939 10.327514 84
2940 9.510292 84
2941 8.832610 84
2942 9.581302 84
2943 10.104551 84
2944 2.952886 84
2945 5.563876 84
2946 5.294463 84
2947 5.545978 84
2948 3.933701 84
2949 4.922341 84
2950 1.749241 96
2951 3.723585 96
2952 4.231369 96
2953 1.522789 96
2954 3.475087 96
2955 1.725856 96
2956 3.826439 96
2957 2.881219 96
2958 1.494369 96
2959 3.935681 96
2960 3.760793 96
2961 3.511477 96
2962 2.525374 96
2963 5.773922 96
2964 5.514742 96
2965 2.387085 96
2966 7.260634 96
2967 6.966410 96
2968 6.541986 96
2969 28.892584 96
2970 29.521263 96
2971 1.830318 96
2972 0.550560 96
2973 4.651790 96
2974 3.487140 96
2975 3.381591 96
2976 6.570534 96
2977 9.458581 96
2978 1.907659 96
2979 3.241281 96
2980 2.779422 96
2981 1.030694 96
2982 2.381505 96
2983 1.538977 96
2984 4.861402 96
2985 1.793721 96
2986 3.738910 96
2987 4.398398 96
2988 1.971596 96
2989 4.856163 96
2990 1.298240 96
2991 2.535691 96
2992 5.359226 96
2993 3.969947 96
2994 11.142120 96
2995 2.153992 96
2996 6.397401 96
2997 2.342431 96
2998 6.956033 96
2999 0.023945 96
3000 0.000000 100
3001 0.000000 100
3002 0.000000 100
3003 0.000000 100
3004 0.000537 100
3005 0.000985 100
3006 0.007066 100
3007 0.007616 100
3008 36.254661 100
3009 265.158457 100
3010 98.476017 100
3011 505.128661 100
3012 149.011770 100
3013 472.265479 100
3014 236.675846 100
3015 292.213766 100
3016 397.468307 100
3017 551.586665 100
3018 116.420353 100
3019 134.730668 100
3020 73.065717 100
3021 281.222603 100
3022 1.223329 100
3023 2.472406 100
3024 2.658504 100
3025 2.249272 100
3026 7.007598 100
3027 0.000000 100
3028 0.000000 100
3029 0.000000 100
3030 1.192390 100
3031 3.374065 100
3032 1.793370 100
3033 5.105085 100
3034 2.657522 100
3035 7.794938 100
3036 66.942368 100
3037 76.240674 100
3038 75.359812 100
3039 3.931457 100
3040 10.103191 100
3041 2.298907 100
3042 5.651608 100
3043 2.250801 100
3044 9.470872 100
3045 3.156575 100
3046 8.390447 100
3047 7.963945 100
3048 2.965378 100
3049 7.843049 100
3050 2.441105 91
3051 6.310498 91
3052 1.303121 91
3053 2.853469 91
3054 2.509850 91
3055 2.557162 91
3056 6.277880 91
3057 0.604511 91
3058 1.456603 91
3059 1.262094 91
3060 1.097862 91
3061 2.752670 91
3062 0.000000 91
3063 0.000000 91
3064 0.000000 91
3065 0.000000 91
3066 0.000000 91
3067 3.494428 91
3068 9.192104 91
3069 3.992641 91
3070 2.749307 91
3071 4.215013 91
3072 4.229387 91
3073 4.453914 91
3074 4.326121 91
3075 4.602164 91
3076 4.403319 91
3077 4.369857 91
3078 4.171454 91
3079 4.421186 91
3080 4.362147 91
3081 4.407998 91
3082 4.175203 91
3083 4.340637 91
3084 4.478722 91
3085 4.534660 91
3086 4.162038 91
3087 7.377548 91
3088 6.506202 91
3089 12.176781 89
3090 94.214410 91
3091 16.639527 91
3092 6.715032 91
3093 6.526437 91
3094 9.504338 91
3095 12.007629 91
3096 8.860490 91
3097 0.643242 91
3098 0.964865 91
3099 0.905121 91
3100 0.344001 97
3101 0.843332 97
3102 0.901239 97
3103 0.848149 97
3104 0.881044 97
3105 0.891803 97
3106 0.877126 97
3107 0.887339 97
3108 0.747588 97
3109 1.611811 97
3110 2.001997 97
3111 25.810410 97
3112 1.436570 97
3113 429.178166 97
3114 17.507082 97
3115 2.249207 97
3116 3.681993 97
3117 6.277569 97
3118 4.261362 97
3119 4.833687 97
3120 43.065194 97
3121 1.179553 97
3122 4.410647 97
3123 3.715784 97
3124 1.255938 97
3125 1.005517 97
3126 3.929631 97
3127 4.504534 97
3128 3.643266 97
3129 3.328229 97
3130 3.264342 97
3131 3.901332 97
3132 1.433387 97
3133 5.006701 97
3134 7.298607 97
3135 6.571890 97
3136 7.415903 97
3137 7.688080 97
3138 7.499420 97
3139 4.348412 97
3140 7.325122 97
3141 6.673451 97
3142 10.784262 97
3143 9.913114 97
3144 10.804214 97
3145 13.411239 97
3146 6.371268 97
3147 2.575949 97
3148 3.596061 97
3149 3.766035 97
3150 2.907187 103
3151 4.772652 103
3152 3.091061 103
3153 5.126992 103
3154 24.827083 103
3155 7.330142 103
3156 4.426047 103
3157 29.950643 103
3158 8.783659 103
3159 8.522187 103
3160 4.680348 103
3161 3.293145 103
3162 5.174573 103
3163 305.542654 103
3164 11.020771 103
3165 17.391799 103
3166 3.396537 103
3167 2.527226 103
3168 4.404444 103
3169 4.996992 103
3170 5.105416 103
3171 10.127747 103
3172 8.790044 103
3173 10.497342 103
3174 6.591876 103
3175 5.219910 103
3176 6.221962 103
3177 12.961926 103
3178 4.841888 103
3179 5.458428 103
3180 7.094778 103
3181 7.430119 103
3182 6.967304 103
3183 6.651059 103
3184 7.013026 103
3185 5.250356 103
3186 0.649250 103
3187 1.236905 103
3188 1.248656 103
3189 1.089203 103
3190 0.093640 103
3191 0.343008 103
3192 2.291396 103
3193 96.755873 103
3194 7.129291 103
3195 6.548202 103
3196 2.654147 103
3197 5.153039 103
3198 5.209661 103
3199 3.862539 103
3200 3.544997 108
3201 6.406478 108
3202 18.093502 108
3203 16.022679 108
3204 13.701353 108
3205 14.426920 108
3206 3.647454 108
3207 13.000023 107
3208 3.522984 108
3209 8.141458 108
3210 1.202735 108
3211 106.125457 108
3212 1.430249 108
3213 2.636727 108
3214 17.779689 108
3215 2.970114 108
3216 6.451116 108
3217 9.739271 108
3218 12.191790 108
3219 12.876383 106
3220 16.219444 108
3221 12.425534 108
3222 4.367166 108
3223 9.646672 108
3224 9.805966 108
3225 9.967587 108
3226 1.433851 108
3227 1.998660 108
3228 2.093250 108
3229 4.060928 108
3230 2.024303 108
3231 1.715399 108
3232 3.115255 108
3233 5.677554 108
3234 52.360819 108
3235 2.597576 108
3236 2.381857 108
3237 1.345103 108
3238 3.574666 108
3239 3.111168 108
3240 2.097940 108
3241 5.835243 108
3242 8.702379 108
3243 4.957488 106
3244 1.779202 108
3245 1.554532 108
3246 0.169392 108
3247 0.198794 108
3248 0.270825 108
3249 5.748628 108
3250 1.517322 107
3251 3.450127 107
3252 3.218170 107
3253 3.328326 107
3254 2.209679 107
3255 3.276417 107
3256 0.899950 107
3257 1.787540 107
3258 1.780497 107
3259 1.634737 107
3260 1.768879 107
3261 9.786154 107
3262 1.645078 107
3263 0.779116 107
3264 1.783207 107
3265 4.812858 107
3266 1.985168 107
3267 4.180119 107
3268 4.657898 107
3269 4.002220 107
3270 3.996420 107
3271 4.960108 107
3272 0.826399 107
3273 9.319661 107
3274 5.307453 107
3275 26.480193 107
3276 2.072000 107
3277 2.929921 107
3278 3.381910 107
3279 8.795854 107
3280 2.563987 107
3281 1.302241 107
3282 37.392237 107
3283 4.600974 107
3284 4.945161 107
3285 1.915594 107
3286 4.989841 107
3287 5.169176 107
3288 5.610237 107
3289 5.538578 107
3290 1.295004 107
3291 4.521577 107
3292 2.662083 107
3293 4.195117 107
3294 2.544492 107
3295 29.855003 107
3296 2.687100 107
3297 1.636231 107
3298 15.830561 107
3299 2.034958 107
3300 0.924924 117
3301 0.952567 117
3302 93.079101 117
3303 174.968126 117
3304 187.706514 117
3305 195.847548 117
3306 0.289649 117
3307 0.268485 117
3308 0.321774 117
3309 0.449075 117
3310 0.483400 117
3311 3.485449 117
3312 4.741646 117
3313 5.191480 117
3314 4.534494 117
3315 6.872978 117
3316 8.519173 117
3317 66.937452 117
3318 34.796405 117
3319 60.941992 117
3320 67.100864 117
3321 68.459689 117
3322 3.754765 117
3323 4.183815 117
3324 4.771590 117
3325 10.858996 117
3326 5.229250 117
3327 1.555452 117
3328 2.203834 117
3329 35.436202 117
3330 3.477450 117
3331 39.082006 117
3332 2.937718 117
3333 4.018898 117
3334 8.188383 117
3335 0.216251 117
3336 6.413046 117
3337 3.645517 117
3338 6.930843 117
3339 2.466656 117
3340 16.892501 117
3341 1.218592 117
3342 1.089971 117
3343 4.144032 117
3344 4.139522 117
3345 3.238380 117
3346 8.489644 117
3347 7.989137 117
3348 3.748434 117
3349 1.387800 117
3350 4.480470 82
3351 0.747403 82
3352 1.043712 82
3353 2.035116 82
3354 2.240782 82
3355 6.051058 82
3356 11.445345 82
3357 24.053441 82
3358 21.799534 82
3359 3.163395 82
3360 1.536691 82
3361 5.536501 82
3362 1.303223 82
3363 5.625174 82
3364 11.250079 82
3365 12.224990 82
3366 10.610675 82
3367 7.700121 82
3368 5.084385 82
3369 225.704532 82
3370 2.343041 82
3371 2.586128 82
3372 6.063759 82
3373 5.687344 82
3374 1.546153 82
3375 3.424219 82
3376 7.040093 82
3377 4.058778 82
3378 2.296985 82
3379 7.089040 82
3380 5.723817 82
3381 1.568028 82
3382 3.491467 82
3383 3.702175 82
3384 1.888320 82
3385 5.147965 82
3386 6.495372 82
3387 1.408937 82
3388 1.671695 82
3389 3.322430 82
3390 2.989753 82
3391 62.070327 82
3392 160.468993 82
3393 176.357217 82
3394 8.814714 82
3395 14.721976 82
3396 19.957755 82
3397 19.282181 82
3398 0.000000 82
3399 2.339711 82
3400 2.993608 93
3401 2.081901 93
3402 1.673669 93
3403 8.483419 93
3404 2.024736 93
3405 6.054293 93
3406 5.492260 93
3407 1.523719 93
3408 1.193185 93
3409 2.447836 93
3410 6.479384 93
3411 5.499749 93
3412 3.281826 93
3413 2.572977 93
3414 5.490707 93
3415 6.865328 93
3416 4.152045 93
3417 2.217308 93
3418 5.839112 93
3419 5.144674 93
3420 2.126372 93
3421 6.093597 93
3422 5.105379 93
3423 24.533790 93
3424 49.997022 93
3425 55.301259 93
3426 4.636224 93
3427 5.036056 93
3428 3.327681 93
3429 3.604787 93
3430 2.709932 93
3431 5.704094 93
3432 6.802075 93
3433 2.511004 93
3434 6.715915 93
3435 5.104308 93
3436 2.679645 93
3437 6.620985 93
3438 5.455777 93
3439 1.575499 93
3440 4.044202 93
3441 2.181532 93
3442 5.591637 93
3443 5.759966 93
3444 34.765751 93
3445 20.755175 93
3446 5.148922 93
3447 39.866544 93
3448 34.257828 93
3449 17.537856 93
3450 31.264301 113
3451 3.035794 113
3452 7.101750 113
3453 13.382347 113
3454 12.139504 113
3455 3.019166 113
3456 7.094683 113
3457 7.175619 113
3458 2.025082 113
3459 1.872196 113
3460 6.285617 113
3461 1.400283 113
3462 1.735389 113
3463 1.581707 113
3464 1.184197 113
3465 2.471261 113
3466 1.666800 113
3467 2.055091 113
3468 2.053689 113
3469 5.506347 113
3470 13.122411 113
3471 3.388236 113
3472 0.000000 113
3473 0.000000 113
3474 2.780268 113
3475 2.381139 113
3476 5.507527 113
3477 6.877047 113
3478 0.631062 113
3479 0.752305 113
3480 8.820860 113
3481 15.917376 113
3482 15.902895 113
3483 2.547147 113
3484 5.133065 113
3485 6.581616 113
3486 11.856379 113
3487 1.757172 113
3488 2.441524 113
3489 2.685183 113
3490 4.419156 113
3491 15.337226 113
3492 2.107077 113
3493 6.970594 113
3494 5.708072 113
3495 2.748006 113
3496 6.939618 113
3497 5.326800 113
3498 2.971153 113
3499 6.814570 113
3500 2.406939 94
3501 2.069146 94
3502 6.649098 94
3503 5.589650 94
3504 2.425634 94
3505 4.923625 94
3506 6.902986 94
3507 2.535349 94
3508 5.196537 94
3509 6.937660 94
3510 2.531823 94
3511 6.571623 94
3512 5.203890 94
3513 18.347378 94
3514 21.638471 94
3515 21.824973 94
3516 3.565754 94
3517 2.586219 94
3518 6.315697 94
3519 5.417778 94
3520 398.085400 94
3521 2.737686 94
3522 5.403435 94
3523 6.971732 94
3524 2.727010 94
3525 6.573313 94
3526 5.729965 94
3527 0.826295 94
3528 1.115740 94
3529 1.581615 94
3530 1.416081 94
3531 2.758953 94
3532 5.630625 94
3533 7.112521 94
3534 13.174248 94
3535 2.848892 94
3536 5.502314 94
3537 7.006008 94
3538 6.024327 94
3539 1.395067 94
3540 1.280510 94
3541 8.185310 94
3542 2.422959 94
3543 2.243624 94
3544 3.067785 94
3545 1.517046 94
3546 4.273217 94
3547 4.290939 94
3548 3.660441 94
3549 2.078018 94
3550 1.701681 104
3551 3.297628 104
3552 2.226923 104
3553 2.485239 104
3554 29.658744 104
3555 4.219725 104
3556 5.269563 104
3557 26.280861 104
3558 1.852252 104
3559 2.260242 104
3560 13.539124 104
3561 148.535125 104
3562 1.704715 104
3563 4.341414 104
3564 10.534841 104
3565 1.702511 104
3566 0.271486 104
3567 4.822937 104
3568 1.590623 104
3569 4.945858 104
3570 2.289006 104
3571 4.752092 104
3572 1.070470 104
3573 0.614587 104
3574 1.983730 104
3575 6.260073 104
3576 4.290923 104
3577 1.926434 104
3578 10.567456 104
3579 105.107151 104
3580 1.868367 104
3581 14.856362 104
3582 0.583176 104
3583 1.019936 104
3584 3.581843 104
3585 18.803689 104
3586 34.194656 104
3587 3.124687 104
3588 4.943699 104
3589 1.497804 104
3590 2.086482 104
3591 0.794769 104
3592 11.591408 104
3593 33.560264 104
3594 2.176362 104
3595 8.139568 104
3596 1.925741 104
3597 5.404503 104
3598 1.427937 104
3599 4.406544 104
3600 3.514056 93
3601 20.176434 93
3602 0.000000 93
3603 3.120864 93
3604 0.230015 93
3605 1.123343 93
3606 0.850997 93
3607 1.830673 93
3608 8.636705 93
3609 1.783391 93
3610 5.638424 93
3611 0.000000 93
3612 1.612664 93
3613 1.666824 93
3614 2.851601 93
3615 7.655575 93
3616 6.309116 93
3617 11.675761 93
3618 1.424893 93
3619 2.445548 93
3620 18.834632 93
3621 2.797942 93
3622 19.547083 93
3623 2.823380 93
3624 22.241260 93
3625 2.761852 93
3626 1.976277 93
3627 2.505870 93
3628 1.447806 93
3629 1.430723 93
3630 12.015055 93
3631 5.347672 93
3632 1.554956 93
3633 1.375880 93
3634 4.273096 93
3635 6.421647 93
3636 0.800623 93
3637 1.352766 93
3638 89.104494 93
3639 2.825410 93
3640 17.268479 93
3641 4.295173 93
3642 5.309601 93
3643 3.045378 93
3644 0.249216 93
3645 3.738886 93
3646 1.370872 93
3647 55.574196 93
3648 0.030422 93
3649 3.426512 93
3650 3.678599 112
3651 3.967159 112
3652 0.604462 112
3653 2.481404 112
3654 0.737378 112
3655 0.569173 112
3656 2.359822 112
3657 5.886144 112
3658 0.479471 112
3659 14.437649 112
3660 46.521367 112
3661 3.585179 112
3662 14.289554 112
3663 4.207396 112
3664 1.012993 112
3665 2.428770 112
3666 12.155623 112
3667 7.928244 112
3668 10.416697 112
3669 2.049693 112
3670 16.309486 112
3671 5.268413 112
3672 0.755599 112
3673 2.859360 112
3674 2.735787 112
3675 3.331010 112
3676 37.637197 112
3677 91.890086 112
3678 0.026442 112
3679 1.483296 112
3680 1.762367 112
3681 2.253824 112
3682 2.667214 112
3683 2.252297 112
3684 0.000000 112
3685 1.531551 112
3686 0.932980 112
3687 13.594868 112
3688 1.854585 112
3689 0.195990 112
3690 2.807455 112
3691 243.140122 112
3692 0.728231 112
3693 2.909429 112
3694 2.362982 112
3695 19.754068 112
3696 1.856216 112
3697 6.217970 112
3698 2.305042 112
3699 0.727501 112
3700 0.855847 99
3701 2.050930 99
3702 6.747307 99
3703 2.439942 99
3704 1.972603 99
3705 1.609691 99
3706 0.888584 99
3707 6.135348 99
3708 0.334850 99
3709 3.210537 99
3710 3.478838 99
3711 0.145191 99
3712 8.404113 99
3713 1.527693 99
3714 3.852239 99
3715 3.743348 99
3716 1.868602 99
3717 1.560275 99
3718 1.658428 99
3719 1.759713 99
3720 0.011673 99
3721 2.193254 99
3722 10.065014 99
3723 0.640114 99
3724 2.200202 99
3725 1.579040 99
3726 2.606228 99
3727 2.060886 99
3728 1.280895 99
3729 0.000000 99
3730 2.186417 99
3731 5.967321 99
3732 11.433229 99
3733 2.634360 99
3734 2.521959 99
3735 18.242625 99
3736 2.543469 99
3737 0.870830 99
3738 99.799504 99
3739 1.463828 99
3740 2.602048 99
3741 2.784397 98
3742 2.717746 99
3743 2.678850 99
3744 18.073333 99
3745 7.558182 99
3746 1.301701 99
3747 2.877698 99
3748 1.873460 99
3749 0.000000 99
3750 7.476388 110
3751 2.104409 110
3752 6.417176 110
3753 0.620971 110
3754 1.923562 110
3755 1.452572 110
3756 12.163561 110
3757 2.228032 110
3758 2.671182 110
3759 1.313082 110
3760 1.710855 110
3761 2.074888 110
3762 0.004713 110
3763 1.865848 110
3764 2.411212 110
3765 2.685222 110
3766 0.986723 110
3767 0.000000 110
3768 17.244863 110
3769 2.461499 110
3770 3.345977 110
3771 1.417433 110
3772 2.109864 110
3773 4.050890 110
3774 6.268686 110
3775 1.576040 110
3776 0.041689 110
3777 2.712394 110
3778 374.057134 110
3779 2.288851 110
3780 2.377392 110
3781 16.676659 110
3782 67.434074 110
3783 55.963094 110
3784 1.994237 110
3785 2.426340 110
3786 0.000000 110
3787 2.508508 110
3788 1.478461 110
3789 15.916427 110
3790 3.015211 110
3791 2.946738 110
3792 2.726335 110
3793 3.003343 110
3794 2.632509 110
3795 4.152312 110
3796 1.088976 110
3797 3.063573 110
3798 2.948012 110
3799 2.356429 110
3800 1.196358 107
3801 2.249164 107
3802 0.097521 107
3803 3.506593 107
3804 1.604403 107
3805 3.430045 107
3806 2.980069 107
3807 1.995651 107
3808 3.428631 107
3809 9.092000 107
3810 1.591694 107
3811 1.870063 107
3812 1.695531 107
3813 0.576634 107
3814 5.861482 107
3815 3.609302 107
3816 1.967362 107
3817 1.748823 107
3818 2.015016 107
3819 2.590434 107
3820 6.583000 107
3821 0.061327 107
3822 7.411195 107
3823 2.385574 107
3824 16.093669 107
3825 19.633926 107
3826 0.510598 107
3827 3.525391 107
3828 1.512085 107
3829 1.214056 107
3830 21.096386 107
3831 2.314781 107
3832 20.014495 107
3833 1.529938 107
3834 3.097775 107
3835 2.140148 107
3836 3.520894 107
3837 40.411756 107
3838 55.699724 107
3839 4.082211 107
3840 0.000000 107
3841 2.694974 107
3842 40.511689 107
3843 4.092328 107
3844 1.488300 107
3845 2.549437 107
3846 2.562247 107
3847 15.324189 107
3848 1.523738 107
3849 0.000000 107
3850 2.059027 105
3851 4.340682 105
3852 1.590304 105
3853 1.837663 105
3854 1.483309 105
3855 1.992603 105
3856 1.631455 105
3857 2.238806 105
3858 1.207354 105
3859 3.978347 105
3860 2.810729 105
3861 3.558518 105
3862 1.213457 105
3863 1.828483 105
3864 2.648481 105
3865 36.594881 105
3866 2.220945 105
3867 4.234001 105
3868 2.543305 105
3869 1.918393 105
3870 2.908344 105
3871 1.654318 105
3872 1.003930 105
3873 1.992922 105
3874 1.918739 105
3875 1.984324 105
3876 1.218858 105
3877 3.928178 105
3878 3.295820 105
3879 1.844530 105
3880 2.024783 105
3881 2.100800 105
3882 7.714662 105
3883 2.561780 105
3884 3.026686 105
3885 0.849015 105
3886 0.739849 105
3887 3.264074 105
3888 45.035153 105
3889 18.287993 105
3890 5.654625 105
3891 8.061610 105
3892 2.635942 105
3893 2.670013 105
3894 1.606339 105
3895 5.269586 105
3896 8.392232 105
3897 4.016349 105
3898 1.168551 105
3899 2.779638 105
3900 72.178743 111
3901 1.708463 111
3902 3.496235 111
3903 2.629671 111
3904 1.492327 111
3905 1.536023 111
3906 0.000000 111
3907 1.108193 111
3908 3.483499 111
3909 0.284585 111
3910 2.643763 111
3911 1.577541 111
3912 1.745136 111
3913 2.548531 111
3914 2.383248 111
3915 2.362459 111
3916 2.312390 111
3917 2.168022 111
3918 0.996798 111
3919 1.231855 111
3920 1.166632 111
3921 0.810423 111
3922 0.882744 111
3923 1.510199 111
3924 6.421957 111
3925 1.863614 111
3926 30.486782 111
3927 13.333725 111
3928 2.094546 111
3929 53.726667 111
3930 1.752090 111
3931 3.043350 111
3932 1.286187 111
3933 1.334487 111
3934 3.179695 111
3935 1.517875 111
3936 2.420979 111
3937 2.458563 111
3938 1.131817 111
3939 13.892635 111
3940 0.036398 111
3941 3.715768 111
3942 2.549233 111
3943 0.949840 111
3944 2.058621 111
3945 38.784783 111
3946 1.715039 111
3947 2.407568 111
3948 2.129793 111
3949 14.113641 111
3950 0.964920 118
3951 2.146297 118
3952 5.691415 118
3953 0.464824 118
3954 1.655996 118
3955 43.378887 118
3956 53.477394 118
3957 1.998217 118
3958 1.629440 118
3959 7.701999 118
3960 0.000000 118
3961 1.591421 118
3962 1.562264 118
3963 5.171581 118
3964 5.571261 118
3965 17.038527 118
3966 1.512557 118
3967 13.090736 117
3968 0.977191 118
3969 0.434648 118
3970 15.691967 118
3971 2.765615 118
3972 2.464904 118
3973 0.000000 118
3974 3.840384 118
3975 0.194254 118
3976 2.040149 118
3977 0.906313 118
3978 2.673332 118
3979 1.577200 118
3980 0.000000 118
3981 2.907801 118
3982 3.546754 118
3983 3.613456 118
3984 1.917384 118
3985 1.330734 118
3986 0.128284 118
3987 1.341822 118
3988 4.122477 118
3989 0.444680 118
3990 2.965036 118
3991 0.484359 118
3992 10.697956 118
3993 0.461483 118
3994 0.485897 118
3995 0.733440 118
3996 0.734237 118
3997 0.679571 118
3998 1.656118 118
3999 0.984222 118
4000 0.237728 112
4001 0.440237 112
4002 3.023433 112
4003 1.405894 112
4004 2.763139 112
4005 1.706499 112
4006 8.465371 112
4007 4.465283 112
4008 0.585259 112
4009 2.058537 112
4010 0.633527 112
4011 1.523029 112
4012 2.850444 112
4013 6.125122 112
4014 4.005124 112
4015 0.407361 112
4016 0.530767 112
4017 1.223689 112
4018 1.158865 112
4019 0.417953 112
4020 2.938121 112
4021 1.358612 112
4022 3.148472 112
4023 4.187957 112
4024 1.272056 112
4025 2.958353 112
4026 1.935705 112
4027 33.272934 112
4028 1.536655 112
4029 1.718091 112
4030 1.726025 112
4031 318.845207 112
4032 120.231885 112
4033 36.132608 112
4034 5.068267 112
4035 35.404888 112
4036 2.448893 112
4037 1.411846 112
4038 8.635935 112
4039 0.845424 112
4040 0.000000 112
4041 3.164720 112
4042 0.962740 112
4043 1.990156 112
4044 1.096470 112
4045 8.608276 112
4046 22.313761 112
4047 2.197266 112
4048 1.495507 112
4049 1.840926 112
4050 3.259398 120
4051 1.385449 120
4052 0.646922 120
4053 2.354334 120
4054 0.854341 120
4055 1.612246 120
4056 1.492306 120
4057 1.245720 120
4058 0.014811 120
4059 0.621641 120
4060 124.259763 120
4061 1.856095 120
4062 1.830256 120
4063 1.592801 120
4064 1.549807 120
4065 3.368180 120
4066 26.998606 120
4067 0.269020 120
4068 7.483159 120
4069 1.982744 120
4070 1.299057 120
4071 2.827378 120
4072 0.942278 120
4073 1.286796 120
4074 0.879220 120
4075 3.371331 120
4076 7.104073 120
4077 2.634539 120
4078 0.490081 120
4079 0.684572 120
4080 2.505288 120
4081 2.555309 120
4082 2.306336 120
4083 2.518245 120
4084 7.343962 120
4085 0.712740 120
4086 2.497100 120
4087 0.820825 120
4088 3.830561 120
4089 3.394567 120
4090 3.328844 120
4091 3.967322 120
4092 12.877873 120
4093 0.060555 120
4094 8.407738 120
4095 3.571794 120
4096 3.730096 120
4097 2.732733 120
4098 1.742942 120
4099 3.853780 120
4100 2.874483 114
4101 1.482404 114
4102 2.398183 114
4103 2.258292 114
4104 2.128259 114
4105 3.590389 114
4106 24.444171 114
4107 0.000000 114
4108 3.871045 114
4109 5.568665 114
4110 0.794114 114
4111 13.876232 114
4112 103.686480 114
4113 1.827173 114
4114 2.126752 114
4115 3.063857 114
4116 6.370341 114
4117 10.467485 113
4118 3.914850 114
4119 22.781561 114
4120 3.995703 114
4121 0.000000 114
4122 8.128402 114
4123 2.269324 114
4124 2.697420 114
4125 6.013283 114
4126 8.002213 114
4127 2.898958 114
4128 2.107642 114
4129 5.512768 114
4130 3.203806 114
4131 4.078639 114
4132 0.835368 114
4133 1.682591 114
4134 0.000000 114
4135 0.000000 114
4136 3.303449 114
4137 2.563621 114
4138 3.914311 114
4139 4.416980 114
4140 3.167358 114
4141 7.884173 114
4142 6.758761 114
4143 3.373919 114
4144 1.074340 114
4145 2.515271 114
4146 2.780073 114
4147 2.473994 114
4148 2.553208 114
4149 6.118247 114
4150 0.976230 112
4151 5.176787 112
4152 1.524362 112
4153 0.995994 112
4154 6.095033 112
4155 4.009436 112
4156 3.927472 112
4157 1.996618 112
4158 3.451710 112
4159 9.025530 112
4160 1.455893 112
4161 31.585228 112
4162 14.534890 112
4163 13.009536 112
4164 2.950279 112
4165 0.005655 112
4166 13.027550 112
4167 5.056561 112
4168 2.666903 112
4169 0.884045 112
4170 2.094261 112
4171 2.042175 112
4172 6.756066 112
4173 14.965837 112
4174 2.196964 112
4175 3.464831 112
4176 12.179213 112
4177 0.944172 112
4178 1.473872 112
4179 2.869107 112
4180 2.708068 112
4181 3.821417 112
4182 3.961447 112
4183 41.821007 112
4184 12.158260 112
4185 4.685045 112
4186 2.396066 112
4187 3.296786 112
4188 8.923886 112
4189 0.744073 112
4190 6.659547 112
4191 16.616807 112
4192 1.882981 112
4193 2.130549 112
4194 1.172139 112
4195 3.682932 112
4196 0.555547 112
4197 6.922499 112
4198 2.745701 112
4199 3.077307 112
4200 1.477308 116
4201 3.266062 116
4202 2.347264 116
4203 4.238626 116
4204 9.173530 116
4205 5.617633 116
4206 5.063830 116
4207 4.664330 116
4208 6.151305 116
4209 9.478822 116
4210 1.213473 116
4211 4.066404 116
4212 4.449593 116
4213 1.731552 116
4214 5.241866 116
4215 7.847466 116
4216 6.316062 116
4217 1.124622 116
4218 3.575455 116
4219 10.754286 116
4220 1.445502 116
4221 2.420810 116
4222 112.002202 116
4223 0.000000 116
4224 2.409450 116
4225 1.784197 116
4226 1.341113 116
4227 4.529936 116
4228 4.109440 116
4229 2.264275 116
4230 1.866310 116
4231 5.859739 116
4232 1.884620 116
4233 1.556231 116
4234 1.241292 116
4235 2.865681 116
4236 0.745452 116
4237 0.693797 116
4238 2.017732 116
4239 1.658633 116
4240 3.595291 116
4241 3.407776 116
4242 1.467959 116
4243 4.080725 116
4244 3.796072 116
4245 4.028632 116
4246 1.482189 116
4247 0.625485 116
4248 0.997406 116
4249 0.939813 116
4250 0.089846 100
4251 0.123551 100
4252 1.414964 100
4253 1.947401 100
4254 0.989728 100
4255 0.846896 100
4256 1.635534 100
4257 2.741703 100
4258 1.040278 100
4259 1.396246 100
4260 2.192176 100
4261 2.916418 100
4262 0.944804 100
4263 1.215592 100
4264 2.245794 100
4265 1.929693 100
4266 3.134527 100
4267 1.652839 100
4268 2.989294 100
4269 4.569765 100
4270 6.024302 100
4271 7.091880 100
4272 8.164726 100
4273 8.989269 100
4274 0.000000 100
4275 0.000000 100
4276 0.000000 100
4277 0.000000 100
4278 0.576797 100
4279 1.059245 100
4280 4.126026 100
4281 3.723301 100
4282 0.392676 100
4283 2.809552 100
4284 1.291781 100
4285 16.665827 100
4286 1.317985 100
4287 3.801808 100
4288 0.524732 100
4289 10.933589 100
4290 5.348861 100
4291 13.754255 100
4292 12.447995 100
4293 13.333157 100
4294 12.953155 100
4295 13.492628 100
4296 13.149976 100
4297 13.194838 100
4298 0.000000 100
4299 12.493148 100
4300 2.789731 105
4301 7.590734 105
4302 8.827191 105
4303 8.144675 105
4304 7.782172 105
4305 7.298110 105
4306 1.037681 105
4307 3.067336 105
4308 9.639961 105
4309 10.034402 105
4310 3.537903 105
4311 3.179429 105
4312 8.536785 105
4313 8.701340 105
4314 8.270513 105
4315 8.374893 105
4316 8.719292 105
4317 3.893791 105
4318 34.184308 105
4319 1.641486 105
4320 1.962507 105
4321 2.635102 105
4322 2.346881 105
4323 2.325924 105
4324 2.653006 105
4325 0.889422 105
4326 13.808819 105
4327 2.851280 105
4328 7.137796 105
4329 0.755436 105
4330 12.004988 105
4331 1.212072 105
4332 1.555855 105
4333 1.053425 105
4334 3.887881 105
4335 1.128854 105
4336 0.556682 105
4337 1.030292 105
4338 1.364623 105
4339 3.143172 105
4340 1.973080 105
4341 1.209039 105
4342 1.649480 105
4343 0.977681 105
4344 0.000000 105
4345 0.000000 105
4346 0.000000 105
4347 0.000000 105
4348 0.000000 105
4349 0.000000 105
4350 0.000000 104
4351 1.767775 104
4352 0.507731 104
4353 1.740087 104
4354 2.724932 104
4355 1.979619 104
4356 2.575826 104
4357 2.160182 104
4358 1.471895 104
4359 1.572383 104
4360 0.000000 104
4361 0.000000 104
4362 0.000000 104
4363 0.000000 104
4364 0.000000 104
4365 0.000000 104
4366 0.000000 104
4367 0.000000 104
4368 0.000000 104
4369 0.000000 104
4370 0.000000 104
4371 0.000000 104
4372 0.000000 104
4373 0.000000 104
4374 0.000000 104
4375 0.000000 104
4376 0.000000 104
4377 0.000000 104
4378 0.000000 104
4379 3.926765 104
4380 7.103113 104
4381 17.720648 104
4382 8.675566 104
4383 15.805274 104
4384 5.887586 104
4385 5.557861 104
4386 8.502750 104
4387 6.436093 104
4388 410.784071 104
4389 2.387362 104
4390 4.416119 104
4391 10.809049 102
4392 80.306026 104
4393 11.171711 104
4394 2.975595 104
4395 5.954778 104
4396 5.342900 104
4397 7.276940 104
4398 6.424271 104
4399 5.710328 104
4400 2.342866 87
4401 4.633998 87
4402 5.202435 87
4403 7.294310 87
4404 5.243508 87
4405 5.850876 87
4406 3.653706 87
4407 3.671507 87
4408 3.446653 87
4409 4.252740 87
4410 3.532857 87
4411 2.923202 87
4412 3.303730 87
4413 2.164161 87
4414 22.285836 87
4415 4.489840 87
4416 95.531668 87
4417 1.161241 87
4418 21.335226 87
4419 59.537141 87
4420 4.197363 87
4421 1.184859 87
4422 28.983177 87
4423 26.709171 87
4424 3.120895 87
4425 1.482886 87
4426 18.831586 87
4427 59.382835 87
4428 2.987063 87
4429 12.305160 87
4430 4.279112 87
4431 4.150915 87
4432 88.180189 87
4433 15.211958 87
4434 4.038948 87
4435 86.661332 87
4436 4.816032 87
4437 1.496037 87
4438 35.269830 87
4439 50.029454 87
4440 4.253420 87
4441 1.671909 87
4442 38.707586 87
4443 3.993915 87
4444 53.115512 87
4445 1.755630 87
4446 20.730399 87
4447 4.235422 87
4448 73.332327 87
4449 1.798117 87
4450 10.833226 101
4451 69.270041 101
4452 4.486019 101
4453 1.788852 101
4454 0.880956 101
4455 2.075997 101
4456 1.763083 101
4457 5.065424 101
4458 2.227114 101
4459 4.836636 101
4460 3.814171 101
4461 10.002343 101
4462 2.155476 101
4463 4.977206 101
4464 1.301153 101
4465 3.042011 101
4466 3.197269 101
4467 2.126650 101
4468 2.560630 101
4469 5.758149 101
4470 1.438464 101
4471 2.464296 101
4472 4.626655 101
4473 20.746567 101
4474 43.910671 101
4475 2.625878 101
4476 5.759544 101
4477 13.484564 101
4478 1.227263 101
4479 1.507169 101
4480 6.993106 101
4481 1.346747 101
4482 1.356246 101
4483 0.002565 101
4484 1.791766 101
4485 2.255493 101
4486 2.568198 101
4487 3.471191 101
4488 2.616051 101
4489 1.886440 101
4490 3.121829 101
4491 3.745342 101
4492 17.835178 101
4493 3.672674 101
4494 3.003188 101
4495 0.524636 101
4496 5.901779 101
4497 3.030661 101
4498 3.775606 101
4499 19.900354 101
