0 2.512492 118
1 1.252085 117
2 1.147051 117
3 0.903763 118
4 0.756873 118
5 19.830873 118
6 1.882780 118
7 2.139744 117
8 1.948619 118
9 1.088542 118
10 2.133492 118
11 2.013568 118
12 6.334788 118
13 2.410203 118
14 11.975898 118
15 1.592898 118
16 2.182102 118
17 1.807237 118
18 1.785466 118
19 0.615889 117
20 0.655983 117
21 1.823449 118
22 0.570342 117
23 2.103424 118
24 0.990265 117
25 1.708678 118
26 2.403525 118
27 2.397686 118
28 2.085678 118
29 2.488432 118
30 1.174855 117
31 2.087822 118
32 1.773517 118
33 1.787788 118
34 1.428120 117
35 1.387127 118
36 1.219410 117
37 1.938822 118
38 0.482068 117
39 0.590000 117
40 0.448769 117
41 1.726110 118
42 1.729576 118
43 1.746331 118
44 0.670701 117
45 1.509737 118
46 0.605949 117
47 1.251814 118
48 0.350879 116
49 2.093636 118
50 1.718879 116
51 2.131534 116
52 1.794246 114
53 1.948129 116
54 3.080643 115
55 2.597767 116
56 1.205853 116
57 1.928871 116
58 2.984112 116
59 1.957655 116
60 12.074379 116
61 2.276259 116
62 1.855603 116
63 2.041974 116
64 1.823940 116
65 1.859836 116
66 1.693414 116
67 2.985759 116
68 2.739034 116
69 1.591440 116
70 0.557302 116
71 0.534739 115
72 0.458181 116
73 1.433121 116
74 1.269750 116
75 0.801800 115
76 0.626819 116
77 0.492600 115
78 0.637296 115
79 0.613226 115
80 0.490704 115
81 0.506574 115
82 1.135121 116
83 1.372931 116
84 0.523310 116
85 1.414914 116
86 0.459496 115
87 0.545452 115
88 0.519278 115
89 6.368578 116
90 1.460250 116
91 19.452362 116
92 1.255828 116
93 1.302853 116
94 1.144241 116
95 1.410733 116
96 2.455207 116
97 1.144190 116
98 0.447304 115
99 0.403552 116
100 0.934946 93
101 0.439011 92
102 0.401753 93
103 0.344815 92
104 1.221269 93
105 0.497914 93
106 0.582957 93
107 1.487774 93
108 0.704935 93
109 1.916817 93
110 1.087462 93
111 1.752624 93
112 4.565054 93
113 1.455430 93
114 0.516554 92
115 0.377185 92
116 1.348151 93
117 0.968839 93
118 0.341656 93
119 0.348538 93
120 1.781634 93
121 1.462054 93
122 16.092430 93
123 1.715183 93
124 1.578054 93
125 1.062978 93
126 1.363516 93
127 1.119323 93
128 1.153226 93
129 1.971527 93
130 1.403194 93
131 1.700720 93
132 1.716473 93
133 2.225903 93
134 0.580075 93
135 0.375215 93
136 1.649118 93
137 1.796720 93
138 0.666462 93
139 0.665247 93
140 1.209688 93
141 1.901409 93
142 0.937785 93
143 1.538720 93
144 1.617172 93
145 1.488495 93
146 2.096871 93
147 1.617710 93
148 2.153290 93
149 2.478785 93
150 1.233051 99
151 0.762776 98
152 2.253141 99
153 2.938919 99
154 2.127616 99
155 1.207778 99
156 2.942263 99
157 1.481384 99
158 2.079121 99
159 2.017525 99
160 15.646242 99
161 1.988051 99
162 2.792697 99
163 2.708556 99
164 1.650475 99
165 0.474786 98
166 0.450204 98
167 1.294141 99
168 0.356051 98
169 19.797929 99
170 19.795582 98
171 2.974980 99
172 15.440162 99
173 13.050082 98
174 12.162857 98
175 10.707020 99
176 9.591714 98
177 7.933786 98
178 6.278455 99
179 12.534520 98
180 5.810429 98
181 4.289806 98
182 3.261255 98
183 1.931541 98
184 1.545786 98
185 1.018276 98
186 0.850347 98
187 10.361245 98
188 1.399888 98
189 0.614531 98
190 0.511121 99
191 9.580051 98
192 0.862806 98
193 0.637704 98
194 0.674806 98
195 9.749102 98
196 0.948480 98
197 0.483837 98
198 0.268653 98
199 0.299990 99
200 16.164323 96
201 13.128968 95
202 13.122937 95
203 11.863779 95
204 11.645221 95
205 11.198495 95
206 10.818053 95
207 10.632547 95
208 13.827600 95
209 9.712200 95
210 8.930074 95
211 8.085789 95
212 7.423316 95
213 7.049863 95
214 6.422611 95
215 5.777716 95
216 4.129758 95
217 3.281905 95
218 2.247032 95
219 1.565305 95
220 0.560168 95
221 0.338042 96
222 0.484589 95
223 0.299573 96
224 0.298663 95
225 0.485474 95
226 0.302568 95
227 8.833379 95
228 0.618600 95
229 0.464747 95
230 0.355211 95
231 9.099505 95
232 0.861768 95
233 0.502474 95
234 0.476495 95
235 0.501000 95
236 0.682158 95
237 0.687232 95
238 0.455884 95
239 0.281653 95
240 0.295211 95
241 0.668516 95
242 0.547726 95
243 0.520968 95
244 0.712968 95
245 0.452989 95
246 0.298884 95
247 8.847053 95
248 0.633579 95
249 0.378789 95
250 16.230949 98
251 14.096371 97
252 13.125102 98
253 14.827093 97
254 12.136464 97
255 11.439928 97
256 10.802041 97
257 10.208021 97
258 9.598660 97
259 9.147814 97
260 8.740670 97
261 8.159577 97
262 7.730753 97
263 7.661612 98
264 6.709247 97
265 5.712619 97
266 4.495371 97
267 3.810765 98
268 2.975608 97
269 2.437072 97
270 1.257289 97
271 9.410278 97
272 9.600227 97
273 9.504887 97
274 9.308588 97
275 9.200691 97
276 0.814794 97
277 0.513062 97
278 0.310092 98
279 8.386897 97
280 0.833837 98
281 0.497021 97
282 0.530113 97
283 0.355629 97
284 0.314660 97
285 0.340753 97
286 0.296103 97
287 0.468165 97
288 0.465206 97
289 0.493175 97
290 0.458753 97
291 7.997134 97
292 0.774423 97
293 0.285289 97
294 0.275856 97
295 0.448500 98
296 0.454649 97
297 0.457979 97
298 0.471371 97
299 0.487093 97
300 16.368406 101
301 14.659190 100
302 14.309050 101
303 13.846810 100
304 13.460110 100
305 13.243900 100
306 12.264620 100
307 11.469400 100
308 11.078530 100
309 10.294760 100
310 9.293040 100
311 8.811594 101
312 8.075040 100
313 7.115880 100
314 6.432160 100
315 5.131880 100
316 4.724550 100
317 3.550520 100
318 2.554860 100
319 2.063110 100
320 1.321950 101
321 0.923436 101
322 0.715120 100
323 0.366040 100
324 0.329800 100
325 0.386210 100
326 0.348370 100
327 0.670180 100
328 0.873160 100
329 0.711800 100
330 0.682380 100
331 0.774515 101
332 0.514140 100
333 0.360510 100
334 0.278110 100
335 0.352350 100
336 0.707800 100
337 0.670060 100
338 8.675440 100
339 0.838590 100
340 0.470120 100
341 0.539400 100
342 0.302520 100
343 0.285310 100
344 0.297550 100
345 0.277260 100
346 0.514840 100
347 0.334360 100
348 0.291890 100
349 0.531168 101
350 17.443009 108
351 15.957028 107
352 14.995411 107
353 13.328336 107
354 13.158626 107
355 15.257346 107
356 15.435824 108
357 15.684514 107
358 15.777215 107
359 10.898009 107
360 9.429907 107
361 8.484794 107
362 13.762654 107
363 7.470654 107
364 12.867037 108
365 5.257056 107
366 11.698626 107
367 12.045084 107
368 3.484075 107
369 2.144000 108
370 10.230664 107
371 10.275000 108
372 9.708491 108
373 0.881639 108
374 9.434916 107
375 0.766333 108
376 0.462028 107
377 0.450167 108
378 8.980692 107
379 9.226290 107
380 0.625019 107
381 0.326290 107
382 0.460430 107
383 9.082449 107
384 9.315935 107
385 1.169065 107
386 0.608607 107
387 0.477196 107
388 8.457533 107
389 8.620213 108
390 8.490514 107
391 8.266673 107
392 0.590991 107
393 0.566121 107
394 7.660682 107
395 7.782528 108
396 0.662213 108
397 7.248963 107
398 7.385636 107
399 7.061393 107
400 16.322604 101
401 14.477790 100
402 14.263510 100
403 12.634911 101
404 14.964330 100
405 15.104370 100
406 15.130840 100
407 15.276670 100
408 11.405500 100
409 14.955840 100
410 15.159980 101
411 19.999790 100
412 19.999860 100
413 17.167980 100
414 13.344909 99
415 19.999808 99
416 19.521182 99
417 19.999828 99
418 19.367273 99
419 18.815172 99
420 19.999828 99
421 19.999869 99
422 19.279091 99
423 19.999798 99
424 19.799940 100
425 19.999788 99
426 19.999859 99
427 19.999768 99
428 19.799830 100
429 19.999747 99
430 19.999828 99
431 19.799840 100
432 19.999848 99
433 19.999828 99
434 19.999949 99
435 19.999838 99
436 19.999879 99
437 19.606242 99
438 19.999838 99
439 19.799800 100
440 19.999838 99
441 18.253253 99
442 19.999818 99
443 19.999869 99
444 19.999869 99
445 12.729515 99
446 19.797919 99
447 16.520959 98
448 19.999765 98
449 17.317745 98
450 19.999925 106
451 1.400638 105
452 19.999767 103
453 19.618914 105
454 12.408680 103
455 19.803784 102
456 19.999832 101
457 19.803843 102
458 19.803716 102
459 18.415886 105
460 1.273238 105
461 1.260410 105
462 0.505404 104
463 0.935057 105
464 0.375346 104
465 1.288257 105
466 0.731635 104
467 0.640471 104
468 0.634885 104
469 0.378371 105
470 0.662327 104
471 0.663663 104
472 0.635683 104
473 0.653010 104
474 0.694721 104
475 0.770606 104
476 0.661029 104
477 0.668905 105
478 0.821577 104
479 0.671067 105
480 0.623538 104
481 0.605269 104
482 19.400943 105
483 1.120076 105
484 0.339183 104
485 0.338718 103
486 1.016838 105
487 0.287481 104
488 0.326381 105
489 1.355667 105
490 0.829343 105
491 0.259827 104
492 0.239712 104
493 0.958305 105
494 0.310952 104
495 0.305837 104
496 1.788000 105
497 0.229125 104
498 1.058552 105
499 1.115362 105
500 1.212974 115
501 2.011087 115
502 0.473513 113
503 2.701991 115
504 1.901739 115
505 0.901447 114
506 0.877609 115
507 0.863465 114
508 1.809435 115
509 0.654737 114
510 3.764322 115
511 1.628304 115
512 1.697052 115
513 1.738739 115
514 1.840148 115
515 1.342530 115
516 2.225383 115
517 1.551009 115
518 1.346217 115
519 1.644496 115
520 1.439348 115
521 1.378191 115
522 1.249704 115
523 1.681070 115
524 1.773513 115
525 1.420609 115
526 1.835096 115
527 1.808157 115
528 1.432904 115
529 1.439817 115
530 2.485148 115
531 1.775833 114
532 1.573783 115
533 0.637287 115
534 0.887982 114
535 0.814261 115
536 0.711339 115
537 0.634252 115
538 2.173191 115
539 0.714553 114
540 1.153860 114
541 0.672096 115
542 1.802000 115
543 2.853252 115
544 1.205973 112
545 1.137096 115
546 20.000000 115
547 2.046557 115
548 1.848530 115
549 1.409316 114
550 2.697814 102
551 4.433833 102
552 0.975723 101
553 0.754196 102
554 0.733376 101
555 0.750139 101
556 0.744294 102
557 0.915693 101
558 0.983743 101
559 2.072911 101
560 0.691683 101
561 1.033363 102
562 0.765208 101
563 0.953911 101
564 0.768584 101
565 1.477588 102
566 0.781881 101
567 8.483020 101
568 2.102520 102
569 2.585578 102
570 0.893720 100
571 2.058775 102
572 0.885099 101
573 0.762990 101
574 0.993158 101
575 0.828327 101
576 0.852356 101
577 0.842842 101
578 1.783069 102
579 1.349333 102
580 1.327088 102
581 1.256451 102
582 1.304402 102
583 1.249392 102
584 1.154706 102
585 1.318676 102
586 2.291833 102
587 2.244755 102
588 2.059480 102
589 1.162814 102
590 0.807099 101
591 1.767333 102
592 2.196765 102
593 2.963667 102
594 2.165990 102
595 2.027892 102
596 2.227676 102
597 1.859049 102
598 2.905941 102
599 2.381294 102
600 2.451342 111
601 1.798523 111
602 1.753847 111
603 3.516748 111
604 2.357700 110
605 2.061300 110
606 1.992198 111
607 1.598245 110
608 2.765306 111
609 2.533829 111
610 1.394937 111
611 2.995910 111
612 1.876309 110
613 1.570373 110
614 2.013309 110
615 1.782964 110
616 3.535802 111
617 2.727655 110
618 3.484667 111
619 1.206854 103
620 3.251396 111
621 1.764910 111
622 8.408333 111
623 7.191171 111
624 3.564315 111
625 2.706145 110
626 2.501108 111
627 1.743101 109
628 1.470145 110
629 1.677431 109
630 2.369721 111
631 1.429682 110
632 0.608145 110
633 0.524373 110
634 1.722910 111
635 1.267818 110
636 1.581964 111
637 2.041874 111
638 1.960216 111
639 2.978414 111
640 2.974613 111
641 3.451973 110
642 2.921793 111
643 2.740162 111
644 2.286126 111
645 2.351829 111
646 1.446036 111
647 1.720189 111
648 1.705315 111
649 1.654432 111
650 17.542561 107
651 2.112505 107
652 0.528657 105
653 1.696794 107
654 2.044103 107
655 3.794178 107
656 0.767434 106
657 2.806346 107
658 1.625879 107
659 10.649981 107
660 1.024915 106
661 1.797495 107
662 0.557811 106
663 1.601720 107
664 1.548925 107
665 3.004766 107
666 3.139879 107
667 2.144991 107
668 0.573160 106
669 1.557439 107
670 0.571701 107
671 1.646458 107
672 2.045308 107
673 1.168566 106
674 3.155374 107
675 2.857804 107
676 3.691430 107
677 1.096607 107
678 2.096346 107
679 2.938570 107
680 1.900056 107
681 5.093430 107
682 2.397037 107
683 15.666140 107
684 1.684037 107
685 1.645262 107
686 1.637252 107
687 3.224178 107
688 2.489430 107
689 1.801234 107
690 1.322607 107
691 2.485280 107
692 3.299738 107
693 3.854364 107
694 3.142869 107
695 1.980140 107
696 1.209168 107
697 14.176776 107
698 2.986458 107
699 1.146103 107
700 4.196389 95
701 3.772642 95
702 3.713495 95
703 2.713021 95
704 1.853011 95
705 4.790116 95
706 3.793347 95
707 1.911653 95
708 1.929095 95
709 2.161147 95
710 4.983905 95
711 3.696011 95
712 3.736053 95
713 1.653968 95
714 5.502074 95
715 2.025516 95
716 7.692621 95
717 2.706726 95
718 4.406263 95
719 2.281674 95
720 3.421063 95
721 3.235168 95
722 1.671863 95
723 1.900832 95
724 1.620358 95
725 2.426200 95
726 20.000000 95
727 19.999872 94
728 19.999926 94
729 19.999755 94
730 19.999894 94
731 19.999862 94
732 19.999915 94
733 19.999798 94
734 19.999926 94
735 19.999798 94
736 1.106853 95
737 14.050863 95
738 1.787147 95
739 0.579106 94
740 0.527702 94
741 1.422358 95
742 0.476716 95
743 0.480053 94
744 0.958084 95
745 0.906421 95
746 1.223821 95
747 0.440681 94
748 0.462447 94
749 0.770316 95
750 2.321990 97
751 2.038619 97
752 1.584237 97
753 0.616168 95
754 1.488835 97
755 2.464701 97
756 2.607454 97
757 5.412443 97
758 0.967781 96
759 1.628573 96
760 1.076073 96
761 1.366677 96
762 3.274670 97
763 0.491427 96
764 0.566958 96
765 2.070784 97
766 1.574042 95
767 0.495263 95
768 1.827608 97
769 1.526438 96
770 0.726271 96
771 2.835206 97
772 3.829698 96
773 4.147103 97
774 2.160742 97
775 1.647165 97
776 2.119794 97
777 1.670722 97
778 4.260753 97
779 1.763412 97
780 1.550938 97
781 1.646959 97
782 1.589670 97
783 2.071227 97
784 1.539278 97
785 1.601113 97
786 0.533052 96
787 1.465928 97
788 0.475823 96
789 1.511155 97
790 1.512165 97
791 2.671340 97
792 0.390083 96
793 1.193485 97
794 1.385835 97
795 1.563351 97
796 1.287495 97
797 1.581546 97
798 1.532423 97
799 1.325412 97
800 3.446102 108
801 1.659426 108
802 1.972694 108
803 16.949426 108
804 1.290561 107
805 1.692481 108
806 1.358925 107
807 1.857991 108
808 1.874296 108
809 1.845269 108
810 0.936168 107
811 1.438370 108
812 1.800019 108
813 0.400850 107
814 1.431806 108
815 1.529852 108
816 3.056259 108
817 12.263713 108
818 14.813824 108
819 15.702852 108
820 15.970417 108
821 16.161454 108
822 1.746176 108
823 1.440769 108
824 7.309213 108
825 1.348222 108
826 1.483148 108
827 1.036500 108
828 0.982870 108
829 1.465769 108
830 2.229620 108
831 2.362630 108
832 1.904491 108
833 1.136481 108
834 0.974343 108
835 1.107583 108
836 1.019593 108
837 0.959528 108
838 1.000500 108
839 0.975630 108
840 1.786759 108
841 3.698972 108
842 0.730056 108
843 0.696083 108
844 1.048463 108
845 0.761676 108
846 2.109778 108
847 1.013333 108
848 0.699500 108
849 2.457843 108
850 8.969010 105
851 2.286181 105
852 0.992462 104
853 1.506781 105
854 1.447829 105
855 0.394625 104
856 0.419635 104
857 1.216419 105
858 0.388067 104
859 0.427212 104
860 1.525038 105
861 1.335790 105
862 1.866057 105
863 1.981810 105
864 1.628390 105
865 1.501019 105
866 3.561943 105
867 17.571471 104
868 4.666267 105
869 5.135760 104
870 18.490442 104
871 6.472240 104
872 18.603692 104
873 7.161365 104
874 7.459144 104
875 6.730298 104
876 6.147587 104
877 5.790827 104
878 5.407558 104
879 5.018163 104
880 4.595173 104
881 4.341692 104
882 3.819702 104
883 3.749135 104
884 3.325952 104
885 3.333029 104
886 2.956923 104
887 2.655885 104
888 2.512327 104
889 2.391788 104
890 1.996410 105
891 1.945163 104
892 16.868962 105
893 18.622155 103
894 16.502282 103
895 1.750724 105
896 0.437327 104
897 0.474816 103
898 1.009571 105
899 0.454577 104
900 0.904890 100
901 1.796030 100
902 3.100660 100
903 1.743970 99
904 2.076687 99
905 1.902520 100
906 0.435030 99
907 0.400141 99
908 1.637430 100
909 0.543455 99
910 0.349980 99
911 1.596490 100
912 0.512949 99
913 0.407455 99
914 1.691150 100
915 0.395687 99
916 1.508730 100
917 19.999980 100
918 19.999737 99
919 19.999919 99
920 19.999717 99
921 19.999939 99
922 19.999778 99
923 19.999970 99
924 19.799740 100
925 19.999949 99
926 19.999838 99
927 19.999919 99
928 19.999768 99
929 19.999909 99
930 19.999707 99
931 1.140960 100
932 1.676630 100
933 0.681808 99
934 0.540919 99
935 0.520949 99
936 1.563515 99
937 0.538636 99
938 0.620152 99
939 1.634570 100
940 0.344192 99
941 0.314949 99
942 0.467232 99
943 0.271404 99
944 1.477570 100
945 0.817290 100
946 0.280162 99
947 0.254788 99
948 0.812570 100
949 0.221480 100
950 0.871010 103
951 0.962243 103
952 1.447466 103
953 1.009451 102
954 1.886029 103
955 0.797529 102
956 1.312049 103
957 0.521627 102
958 0.422873 102
959 0.475588 102
960 1.496340 103
961 0.498108 102
962 0.396814 102
963 0.407539 102
964 1.603252 103
965 1.585456 103
966 0.598520 102
967 4.316155 103
968 3.218392 102
969 3.175814 102
970 3.419971 102
971 3.369029 102
972 2.451738 103
973 1.436767 103
974 1.505485 103
975 0.348598 102
976 1.201913 103
977 1.434485 103
978 1.366854 103
979 1.765913 103
980 1.535573 103
981 9.977388 103
982 1.546020 102
983 2.092612 103
984 1.436951 103
985 2.581709 103
986 0.944709 103
987 1.966427 103
988 1.247883 103
989 3.006903 103
990 1.283369 103
991 1.615184 103
992 1.068476 103
993 1.417728 103
994 1.526650 103
995 1.274388 103
996 0.947825 103
997 1.300670 103
998 1.102194 103
999 1.146301 103
1000 1.454321 81
1001 1.426099 81
1002 3.027938 81
1003 1.605049 81
1004 1.799802 81
1005 1.330395 81
1006 1.233778 81
1007 1.343506 81
1008 2.360716 81
1009 1.537272 81
1010 1.284704 81
1011 1.200951 81
1012 1.172580 81
1013 1.704790 81
1014 1.480395 81
1015 1.782605 81
1016 1.412988 81
1017 0.417875 80
1018 0.495850 80
1019 0.434600 80
1020 0.424225 80
1021 0.392200 80
1022 0.369850 80
1023 0.381112 80
1024 0.380725 80
1025 0.434625 80
1026 0.410475 80
1027 0.398938 80
1028 0.382525 80
1029 0.407950 80
1030 0.416975 80
1031 0.418370 81
1032 1.468716 81
1033 0.534275 80
1034 0.553188 80
1035 1.227568 81
1036 0.424438 80
1037 1.570778 81
1038 0.569203 79
1039 0.525924 79
1040 1.274617 81
1041 0.526875 80
1042 1.220815 81
1043 1.833642 81
1044 0.508262 80
1045 0.521512 80
1046 1.118938 81
1047 0.317563 80
1048 0.364362 80
1049 6.480395 81
1050 6.965059 102
1051 6.526804 102
1052 5.624167 102
1053 1.282529 102
1054 0.387784 102
1055 1.203706 102
1056 0.543961 102
1057 0.578618 102
1058 0.889431 102
1059 0.324892 102
1060 0.366971 102
1061 1.631520 102
1062 1.270088 102
1063 0.671029 102
1064 0.785529 102
1065 0.560510 102
1066 1.604118 102
1067 0.537431 102
1068 0.976735 102
1069 0.655716 102
1070 0.742814 102
1071 1.071814 102
1072 0.634706 102
1073 0.814725 102
1074 2.003510 102
1075 0.673755 102
1076 0.869637 102
1077 0.640176 102
1078 0.880902 102
1079 1.693108 102
1080 0.733676 102
1081 0.521667 102
1082 0.989873 102
1083 0.808510 102
1084 1.043500 102
1085 0.465676 102
1086 0.611725 102
1087 1.546078 102
1088 0.893304 102
1089 1.217814 102
1090 1.358069 102
1091 1.139137 102
1092 0.967765 102
1093 0.859500 102
1094 1.394049 102
1095 1.107824 102
1096 0.875755 102
1097 0.461980 102
1098 0.494265 102
1099 0.315941 102
1100 1.160405 116
1101 1.388284 116
1102 7.698368 114
1103 1.535483 116
1104 1.376362 116
1105 1.485517 116
1106 1.627784 116
1107 1.449698 116
1108 1.363129 116
1109 0.449000 115
1110 0.363078 115
1111 0.470965 115
1112 6.989034 116
1113 2.052530 115
1114 1.410793 116
1115 1.343509 116
1116 1.094466 116
1117 1.373172 116
1118 1.524853 116
1119 1.605629 116
1120 1.226371 116
1121 1.352922 115
1122 1.343655 116
1123 0.450793 116
1124 0.467704 115
1125 11.015345 116
1126 1.151491 116
1127 0.390000 115
1128 0.375209 115
1129 1.374388 116
1130 1.278129 116
1131 1.512983 116
1132 19.827621 116
1133 19.825765 115
1134 1.116034 116
1135 1.065457 116
1136 1.376791 115
1137 1.278957 116
1138 0.321920 113
1139 3.674034 116
1140 1.546267 116
1141 1.447817 115
1142 1.210017 116
1143 1.891724 116
1144 1.114730 115
1145 1.478009 116
1146 0.822190 116
1147 1.240617 115
1148 0.971078 116
1149 0.986422 116
1150 1.275774 106
1151 0.753333 105
1152 0.429238 105
1153 1.848481 106
1154 0.899105 105
1155 0.923400 105
1156 19.811321 106
1157 19.809324 105
1158 1.454434 106
1159 0.618171 105
1160 1.714896 106
1161 0.635790 105
1162 1.597217 106
1163 0.618371 105
1164 0.472562 105
1165 1.451311 106
1166 1.587481 106
1167 1.689226 106
1168 1.087198 106
1169 0.494566 106
1170 1.803858 106
1171 0.546200 105
1172 1.439132 106
1173 0.567085 106
1174 1.879651 106
1175 0.604019 105
1176 1.680198 106
1177 0.667755 106
1178 1.715708 106
1179 0.519495 105
1180 1.447566 106
1181 0.810971 105
1182 1.137198 106
1183 1.197821 106
1184 1.174642 106
1185 0.448705 105
1186 1.225774 106
1187 1.071255 106
1188 2.259160 106
1189 1.488676 105
1190 2.615283 106
1191 1.245104 106
1192 1.660047 106
1193 1.138858 106
1194 0.269943 105
1195 1.155123 106
1196 0.605829 105
1197 1.155858 106
1198 1.260774 106
1199 0.395171 105
1200 1.906346 107
1201 0.984802 106
1202 1.547682 107
1203 0.499449 107
1204 1.113963 107
1205 0.530598 107
1206 2.268252 107
1207 0.895103 107
1208 0.634355 107
1209 0.858439 107
1210 11.898150 107
1211 3.207486 107
1212 9.617215 107
1213 1.550514 107
1214 3.135421 107
1215 2.108636 107
1216 1.426477 107
1217 1.298701 107
1218 1.015121 107
1219 2.453505 107
1220 1.532897 107
1221 16.414495 107
1222 1.560523 107
1223 1.228598 107
1224 1.037206 107
1225 8.102785 107
1226 0.931243 107
1227 9.709822 107
1228 1.051178 107
1229 0.889832 107
1230 2.191234 107
1231 1.327523 107
1232 0.661000 107
1233 1.021981 107
1234 1.069318 107
1235 2.145720 107
1236 1.051879 107
1237 0.996953 107
1238 0.940262 107
1239 0.709458 107
1240 0.310215 107
1241 1.476673 107
1242 0.963346 107
1243 18.115664 107
1244 0.708206 107
1245 0.877486 107
1246 0.809935 107
1247 1.084047 107
1248 1.392131 107
1249 1.254981 107
1250 3.581280 107
1251 1.628589 107
1252 0.435094 106
1253 0.355377 106
1254 2.166252 107
1255 1.433981 107
1256 0.487840 106
1257 3.093346 107
1258 0.853916 107
1259 1.817150 107
1260 1.586234 107
1261 1.595449 107
1262 2.010654 107
1263 1.451028 107
1264 2.157607 107
1265 1.808159 107
1266 0.566934 106
1267 1.853355 107
1268 2.528206 107
1269 1.474551 107
1270 0.377481 106
1271 0.311849 106
1272 0.326868 106
1273 0.309519 106
1274 0.433783 106
1275 0.430274 106
1276 0.378368 106
1277 3.584430 107
1278 20.000000 107
1279 0.999467 107
1280 1.792757 107
1281 1.388318 107
1282 2.143869 107
1283 1.661000 107
1284 1.134374 107
1285 1.141495 107
1286 0.282906 106
1287 0.292717 106
1288 0.570364 107
1289 0.260607 107
1290 5.631206 107
1291 1.157374 107
1292 1.191617 107
1293 0.962682 107
1294 1.045841 107
1295 5.171009 107
1296 1.195869 107
1297 0.975673 107
1298 2.460804 107
1299 0.941121 107
1300 1.345157 108
1301 0.657579 107
1302 0.833925 107
1303 1.917630 108
1304 0.758736 106
1305 2.189306 108
1306 3.047148 108
1307 1.645176 108
1308 0.607215 107
1309 0.568028 107
1310 1.242769 108
1311 0.443916 107
1312 0.311324 108
1313 0.325495 107
1314 2.730657 108
1315 1.633639 108
1316 0.609327 107
1317 1.477454 108
1318 1.788481 108
1319 0.626766 107
1320 1.377019 108
1321 0.496449 107
1322 10.345657 108
1323 7.699589 107
1324 1.172019 108
1325 1.438796 108
1326 1.489611 108
1327 17.639880 108
1328 1.260435 108
1329 9.194167 108
1330 1.846148 108
1331 1.460361 108
1332 1.215741 108
1333 1.130398 108
1334 3.170259 108
1335 1.259925 107
1336 1.410648 108
1337 1.420374 107
1338 1.573701 107
1339 1.567822 107
1340 1.085991 108
1341 1.385364 107
1342 1.139860 107
1343 1.644935 107
1344 1.181785 107
1345 1.145187 107
1346 0.931589 107
1347 1.115120 108
1348 1.487327 107
1349 1.404794 107
1350 1.493778 99
1351 1.427704 98
1352 1.534816 98
1353 1.272323 99
1354 1.284980 99
1355 1.865727 99
1356 1.233398 98
1357 1.330582 98
1358 1.383276 98
1359 1.259490 98
1360 1.020444 99
1361 1.523172 99
1362 1.453908 98
1363 1.407327 98
1364 1.189818 99
1365 1.356909 99
1366 1.728535 99
1367 1.742776 98
1368 2.447133 98
1369 0.898364 99
1370 1.413214 98
1371 1.662214 98
1372 1.360551 98
1373 1.448909 99
1374 1.693031 98
1375 1.158755 98
1376 1.368531 98
1377 1.362000 98
1378 1.318704 98
1379 1.165776 98
1380 1.320898 98
1381 1.333245 98
1382 1.134469 98
1383 1.414141 99
1384 1.296848 99
1385 1.177357 98
1386 1.860424 99
1387 1.964071 99
1388 1.029657 99
1389 0.966384 99
1390 0.907333 99
1391 0.898869 99
1392 0.908869 99
1393 1.374222 99
1394 1.006444 99
1395 0.995364 99
1396 0.719182 99
1397 0.732071 99
1398 0.719899 99
1399 0.838919 99
1400 1.334594 96
1401 0.926010 96
1402 2.184917 96
1403 0.615526 95
1404 0.501958 95
1405 0.618295 95
1406 0.364844 96
1407 1.146789 95
1408 0.467811 95
1409 0.603916 95
1410 0.609495 95
1411 0.773789 95
1412 0.676589 95
1413 1.044326 95
1414 1.074642 95
1415 0.494032 95
1416 0.818053 95
1417 2.078625 96
1418 1.123053 95
1419 0.705809 94
1420 0.824779 95
1421 0.581447 94
1422 0.520189 95
1423 0.555191 94
1424 1.574406 96
1425 0.789347 95
1426 0.522819 94
1427 0.641140 93
1428 0.621096 94
1429 0.891828 93
1430 0.692660 94
1431 0.547677 93
1432 0.989043 94
1433 1.354695 95
1434 0.368581 93
1435 20.000000 95
1436 19.717415 94
1437 19.946723 94
1438 19.999731 93
1439 19.787149 94
1440 3.865137 95
1441 0.272989 94
1442 0.924611 95
1443 9.385179 95
1444 0.649787 94
1445 0.616242 95
1446 0.525723 94
1447 0.495168 95
1448 0.445298 94
1449 4.525484 95
1450 1.146122 90
1451 0.747889 90
1452 0.911156 90
1453 0.707711 90
1454 19.874600 90
1455 15.205033 90
1456 4.555600 90
1457 1.640700 90
1458 1.022273 88
1459 1.706811 90
1460 1.502267 90
1461 0.601045 89
1462 1.928278 90
1463 0.819124 89
1464 2.279044 90
1465 1.234764 89
1466 0.496000 89
1467 0.557719 89
1468 1.774122 90
1469 1.769878 90
1470 1.793522 90
1471 1.655344 90
1472 0.799337 89
1473 0.736461 89
1474 0.918656 90
1475 0.625400 90
1476 1.383678 90
1477 0.394191 89
1478 1.608578 90
1479 1.658578 90
1480 1.608267 90
1481 1.846767 90
1482 1.959444 90
1483 2.284078 90
1484 1.620644 90
1485 2.280844 90
1486 1.219089 90
1487 1.635922 90
1488 1.704900 90
1489 1.506122 90
1490 1.734756 90
1491 1.620500 90
1492 1.655667 90
1493 1.515367 90
1494 2.260933 90
1495 3.272622 90
1496 1.306989 90
1497 1.695556 90
1498 1.336700 90
1499 1.296944 90
1500 2.455175 103
1501 1.610214 103
1502 2.635087 103
1503 1.446311 103
1504 1.478903 103
1505 1.679204 103
1506 1.416495 103
1507 1.572728 103
1508 1.609282 103
1509 1.692854 103
1510 1.642262 103
1511 2.477845 103
1512 2.365175 103
1513 2.555903 103
1514 2.268971 103
1515 1.648913 103
1516 0.536088 102
1517 2.297379 103
1518 4.953088 102
1519 7.332627 102
1520 20.000000 102
1521 1.636728 103
1522 0.624461 102
1523 0.564194 103
1524 0.327775 102
1525 0.410893 103
1526 1.013157 102
1527 0.286118 102
1528 0.755922 103
1529 0.644087 103
1530 0.686903 103
1531 0.845330 103
1532 1.108903 103
1533 0.402451 102
1534 0.328588 102
1535 0.406824 102
1536 6.077767 103
1537 0.630990 102
1538 0.764343 102
1539 0.571578 102
1540 1.686971 103
1541 1.447902 102
1542 1.304078 102
1543 1.105049 102
1544 1.193559 102
1545 1.151107 103
1546 1.324466 103
1547 1.074660 103
1548 2.105621 103
1549 0.703049 102
1550 1.431966 118
1551 2.047915 118
1552 1.905000 118
1553 1.704873 118
1554 1.574390 118
1555 2.115432 118
1556 5.020415 118
1557 1.619517 118
1558 1.545975 118
1559 1.451339 118
1560 1.523864 118
1561 1.785966 118
1562 0.975136 118
1563 1.911763 118
1564 1.582780 118
1565 0.677496 117
1566 0.473940 117
1567 0.483214 117
1568 6.835720 118
1569 5.767325 117
1570 7.256385 117
1571 1.715847 118
1572 0.919778 117
1573 1.448331 118
1574 0.959898 118
1575 13.119890 118
1576 1.750839 118
1577 1.558475 118
1578 1.501042 118
1579 1.445771 118
1580 1.224186 118
1581 0.455239 117
1582 0.358282 117
1583 0.367034 118
1584 2.963195 118
1585 2.073359 117
1586 19.915568 118
1587 19.716410 117
1588 19.563664 116
1589 19.999861 115
1590 19.554826 115
1591 19.381000 116
1592 19.475791 115
1593 19.113402 117
1594 19.678791 115
1595 18.873274 117
1596 19.062652 115
1597 18.569448 116
1598 0.990186 118
1599 0.280949 117
1600 1.052518 110
1601 1.404082 110
1602 0.490413 109
1603 0.477796 108
1604 0.488509 108
1605 1.512818 110
1606 0.533145 110
1607 0.519109 110
1608 1.772945 110
1609 0.601273 110
1610 0.418627 110
1611 1.579364 110
1612 0.337688 109
1613 1.290355 110
1614 0.611600 110
1615 1.520400 110
1616 0.641845 110
1617 0.654036 110
1618 0.487173 110
1619 0.457482 110
1620 1.520518 110
1621 0.617145 110
1622 0.597173 110
1623 1.806082 110
1624 1.253309 110
1625 0.378110 109
1626 1.060800 110
1627 0.407709 110
1628 1.192700 110
1629 0.388264 110
1630 2.042527 110
1631 0.922000 110
1632 1.634364 110
1633 0.719545 110
1634 0.939973 110
1635 2.029418 110
1636 1.458909 110
1637 0.911618 110
1638 0.786482 110
1639 1.098964 110
1640 1.177027 110
1641 1.148818 110
1642 0.994982 110
1643 0.314509 110
1644 0.858518 110
1645 0.319355 110
1646 1.002973 110
1647 0.341718 110
1648 1.208882 110
1649 1.145045 110
1650 1.010260 96
1651 1.743396 96
1652 1.626521 96
1653 1.766229 96
1654 19.149354 96
1655 2.245510 96
1656 1.021042 96
1657 1.887385 96
1658 1.547583 96
1659 1.678719 96
1660 1.118062 96
1661 1.265448 96
1662 1.613302 96
1663 1.574396 96
1664 3.438792 96
1665 0.820611 95
1666 0.617811 95
1667 2.188760 96
1668 0.735404 94
1669 0.896234 94
1670 1.884365 96
1671 0.520426 94
1672 17.848406 96
1673 18.438895 95
1674 18.124137 95
1675 17.969674 95
1676 18.403947 94
1677 19.054064 94
1678 18.662809 94
1679 14.894053 94
1680 18.270362 94
1681 2.254167 96
1682 1.119083 96
1683 0.421750 96
1684 0.244568 95
1685 1.711760 96
1686 0.820863 95
1687 2.846958 96
1688 1.816125 96
1689 1.221542 96
1690 4.773979 96
1691 1.415479 96
1692 4.179250 96
1693 2.356281 96
1694 0.899583 96
1695 0.403011 95
1696 1.052271 96
1697 0.445716 95
1698 1.154927 96
1699 0.404474 95
1700 1.077484 95
1701 0.831768 95
1702 0.513368 95
1703 1.705874 95
1704 0.808309 94
1705 1.694568 95
1706 0.651000 94
1707 0.569245 94
1708 0.578415 94
1709 0.613617 94
1710 2.252842 95
1711 0.754617 94
1712 0.759905 95
1713 0.721021 94
1714 1.807579 95
1715 1.714211 95
1716 1.694863 95
1717 0.722138 94
1718 0.710362 94
1719 1.659368 95
1720 1.872137 95
1721 2.028495 95
1722 2.149779 95
1723 1.404937 95
1724 1.722937 95
1725 1.910968 95
1726 9.820137 95
1727 2.895105 95
1728 1.850253 95
1729 2.185284 95
1730 1.696632 95
1731 1.317484 95
1732 1.411326 95
1733 2.560137 95
1734 1.062379 95
1735 1.515547 95
1736 1.789832 95
1737 1.600474 95
1738 1.403589 95
1739 2.337284 95
1740 2.103347 95
1741 1.262105 95
1742 6.343705 95
1743 1.726337 95
1744 1.220821 95
1745 1.259642 95
1746 1.043874 95
1747 3.159326 95
1748 3.730305 95
1749 2.313958 95
1750 2.084630 119
1751 1.858294 119
1752 1.548042 119
1753 1.487134 119
1754 0.374661 118
1755 0.465202 119
1756 2.146101 119
1757 1.262118 119
1758 1.519008 119
1759 6.618210 119
1760 3.498639 119
1761 3.942840 119
1762 3.204126 119
1763 3.260790 119
1764 2.768924 119
1765 1.804672 119
1766 2.166840 119
1767 1.655126 119
1768 1.604319 119
1769 1.259639 119
1770 0.793950 119
1771 3.550756 119
1772 2.594857 119
1773 1.381908 119
1774 1.815403 119
1775 1.527630 119
1776 13.954975 119
1777 13.673361 119
1778 13.458210 119
1779 1.110689 119
1780 1.312000 119
1781 1.853277 119
1782 1.464210 119
1783 0.685748 119
1784 1.332420 119
1785 1.310294 119
1786 3.673815 119
1787 8.696529 119
1788 1.303529 119
1789 1.004193 119
1790 0.947067 119
1791 12.904941 119
1792 1.308521 119
1793 0.507487 119
1794 0.482613 119
1795 1.217092 119
1796 1.042218 119
1797 0.468958 119
1798 1.554647 119
1799 1.061042 119
1800 1.669948 115
1801 1.015412 114
1802 1.968809 115
1803 1.847722 115
1804 0.950061 115
1805 1.871687 115
1806 2.125739 115
1807 1.829417 115
1808 1.642113 115
1809 2.270096 115
1810 1.899409 115
1811 16.080574 115
1812 2.175687 115
1813 2.010991 115
1814 0.685219 114
1815 0.777191 115
1816 1.948904 115
1817 0.913374 115
1818 1.606957 115
1819 1.523374 115
1820 1.372522 115
1821 4.630798 114
1822 3.065272 114
1823 0.458167 114
1824 0.404702 114
1825 1.444861 115
1826 1.574217 115
1827 7.656513 115
1828 7.742518 114
1829 7.540684 114
1830 1.284757 115
1831 2.221452 115
1832 1.472193 114
1833 1.456435 115
1834 2.077487 115
1835 1.204696 115
1836 0.526588 114
1837 1.393061 115
1838 1.774774 115
1839 1.430243 115
1840 1.237835 115
1841 1.674548 115
1842 1.490487 115
1843 1.108957 115
1844 1.173000 115
1845 1.324130 115
1846 1.395191 115
1847 18.032365 115
1848 17.536183 115
1849 1.205478 115
1850 1.267944 107
1851 2.106495 107
1852 18.039093 107
1853 1.649327 107
1854 0.669523 107
1855 0.536358 106
1856 1.642402 107
1857 1.652925 107
1858 1.436131 107
1859 0.942925 107
1860 1.248897 107
1861 1.293383 107
1862 7.511561 107
1863 4.999897 107
1864 3.528415 106
1865 1.049443 106
1866 1.757150 107
1867 0.622906 106
1868 2.314037 107
1869 1.063736 106
1870 1.771673 107
1871 2.051009 107
1872 17.663056 107
1873 18.184963 107
1874 18.278981 107
1875 1.387841 107
1876 1.474103 107
1877 1.188589 107
1878 0.355811 106
1879 0.435755 106
1880 1.173654 107
1881 0.761411 107
1882 0.956698 106
1883 0.330774 106
1884 1.707701 107
1885 0.498472 106
1886 0.392179 106
1887 3.454336 107
1888 2.873944 107
1889 1.252981 104
1890 2.640935 107
1891 1.030850 107
1892 1.016009 107
1893 0.961047 107
1894 1.143804 107
1895 0.541594 106
1896 0.515198 106
1897 1.504813 107
1898 1.383897 107
1899 0.893150 107
1900 2.152185 108
1901 3.590815 108
1902 2.422185 108
1903 4.940954 108
1904 2.382546 108
1905 4.106083 108
1906 4.201393 107
1907 4.299308 107
1908 4.091514 107
1909 3.560981 107
1910 3.514252 107
1911 2.734234 107
1912 1.416769 108
1913 0.429104 106
1914 0.493133 105
1915 0.365472 106
1916 0.338774 106
1917 0.348396 106
1918 0.395133 105
1919 0.519905 105
1920 0.425538 106
1921 0.375626 107
1922 0.437396 106
1923 0.433619 105
1924 0.395651 106
1925 0.351302 106
1926 0.576726 106
1927 0.425330 106
1928 0.529562 105
1929 0.746829 105
1930 0.342679 106
1931 0.312133 105
1932 0.401745 106
1933 0.336698 106
1934 0.352990 105
1935 0.315800 105
1936 1.519426 108
1937 0.404821 106
1938 0.380888 107
1939 1.193343 108
1940 0.341897 107
1941 0.305430 107
1942 14.730917 108
1943 1.194139 108
1944 0.370481 108
1945 0.426654 107
1946 0.453327 107
1947 0.967954 108
1948 0.322243 107
1949 17.127084 107
1950 1.421874 103
1951 15.010660 103
1952 1.577049 103
1953 1.271728 103
1954 1.440942 103
1955 0.356353 102
1956 1.717757 103
1957 2.223922 103
1958 1.517883 103
1959 0.608137 102
1960 1.065282 103
1961 4.105515 103
1962 19.999738 103
1963 19.999718 103
1964 1.639505 103
1965 3.879757 103
1966 1.466971 103
1967 1.737437 103
1968 1.269291 103
1969 1.208825 103
1970 1.758117 103
1971 0.901243 103
1972 1.887388 103
1973 2.008097 103
1974 2.116534 103
1975 1.436204 103
1976 1.309592 103
1977 1.337330 103
1978 1.620282 103
1979 3.121402 102
1980 1.828814 102
1981 1.243951 102
1982 0.333510 102
1983 0.330505 101
1984 0.285574 101
1985 2.117980 102
1986 1.130584 101
1987 1.255881 101
1988 1.044029 102
1989 0.286475 101
1990 1.243196 102
1991 0.363941 101
1992 0.644390 100
1993 0.367030 101
1994 1.052510 102
1995 0.302324 102
1996 0.307000 101
1997 3.545127 102
1998 2.994733 101
1999 2.644970 101
2000 4.238835 115
2001 4.438017 115
2002 4.242243 115
2003 4.249237 114
2004 2.084713 115
2005 1.893809 115
2006 1.109702 114
2007 1.432678 115
2008 0.544609 115
2009 1.607139 115
2010 1.974939 115
2011 1.528252 115
2012 0.382133 113
2013 0.385071 113
2014 1.484217 115
2015 1.460678 115
2016 2.655670 115
2017 2.410148 115
2018 1.394861 115
2019 2.226843 115
2020 2.255886 114
2021 2.055148 115
2022 1.270357 115
2023 1.593313 115
2024 2.576748 115
2025 2.227713 115
2026 1.863739 115
2027 1.699670 115
2028 1.567139 115
2029 14.658930 115
2030 1.798983 115
2031 1.740087 115
2032 1.448687 115
2033 1.550287 115
2034 3.209643 115
2035 1.772791 115
2036 1.634009 115
2037 5.178774 115
2038 1.729026 115
2039 1.155000 115
2040 1.191322 115
2041 0.443693 114
2042 0.669702 114
2043 2.564078 115
2044 1.691096 114
2045 0.825643 115
2046 0.197237 114
2047 0.204096 114
2048 0.199965 114
2049 1.045226 115
2050 1.386861 115
2051 0.864513 115
2052 0.478417 115
2053 1.899591 115
2054 0.686929 113
2055 0.697737 114
2056 1.332530 115
2057 1.324807 114
2058 0.366713 115
2059 0.347833 114
2060 0.354200 115
2061 0.429228 114
2062 15.697426 115
2063 1.780148 115
2064 1.724377 114
2065 0.607693 114
2066 1.370426 115
2067 7.084809 115
2068 1.304617 115
2069 1.534496 115
2070 2.608191 115
2071 2.856035 115
2072 1.736965 115
2073 1.880383 115
2074 1.724904 115
2075 4.710930 115
2076 1.680730 115
2077 0.634965 114
2078 1.887757 115
2079 0.632772 114
2080 1.385991 114
2081 1.970426 115
2082 1.481130 115
2083 1.580470 115
2084 1.818383 115
2085 1.630174 115
2086 1.717400 115
2087 1.641609 115
2088 1.606913 115
2089 1.746548 115
2090 1.780435 115
2091 1.451957 115
2092 5.410522 115
2093 1.282354 113
2094 1.701522 115
2095 1.545130 115
2096 17.873304 115
2097 16.001430 114
2098 15.061746 114
2099 11.686544 114
2100 7.057302 106
2101 9.244500 106
2102 19.631453 106
2103 12.263500 106
2104 6.370288 104
2105 1.096223 103
2106 2.189085 106
2107 2.560821 106
2108 1.809538 106
2109 2.306047 106
2110 1.839283 106
2111 2.021396 106
2112 1.808264 106
2113 2.391538 106
2114 1.247295 105
2115 1.148333 105
2116 0.811905 105
2117 0.420057 105
2118 0.831686 105
2119 0.817257 105
2120 0.536867 105
2121 0.650829 105
2122 0.759990 105
2123 0.557333 105
2124 1.363219 105
2125 0.575752 105
2126 3.860764 106
2127 2.119906 106
2128 1.387613 106
2129 0.870190 105
2130 0.811038 105
2131 1.163953 106
2132 0.728830 106
2133 1.389387 106
2134 1.905887 106
2135 0.576442 104
2136 5.140481 106
2137 4.758160 106
2138 2.185028 106
2139 1.433566 106
2140 1.187811 106
2141 1.500075 106
2142 3.298953 106
2143 0.972170 106
2144 2.980528 106
2145 1.550689 106
2146 0.474750 104
2147 1.666462 106
2148 0.664217 106
2149 0.969981 106
2150 2.160859 99
2151 2.047677 99
2152 1.765899 99
2153 0.556000 98
2154 0.515745 98
2155 2.730717 99
2156 1.968222 99
2157 1.042184 98
2158 2.720636 99
2159 2.005071 99
2160 19.566323 99
2161 19.848214 98
2162 19.591551 98
2163 19.999729 96
2164 19.999656 96
2165 19.999719 96
2166 19.999646 96
2167 19.793557 97
2168 19.393636 99
2169 19.999698 96
2170 19.999646 96
2171 19.591510 98
2172 19.999667 96
2173 19.591541 98
2174 19.999656 96
2175 19.793474 97
2176 19.793474 97
2177 19.591520 98
2178 19.999667 96
2179 19.999688 96
2180 19.999625 96
2181 19.594092 98
2182 19.999615 96
2183 19.999615 96
2184 19.999625 96
2185 19.999656 96
2186 19.999646 96
2187 19.591531 98
2188 19.999656 96
2189 19.999677 96
2190 19.999646 96
2191 19.999677 96
2192 19.999677 96
2193 19.793505 97
2194 19.999625 96
2195 19.999677 96
2196 19.591490 98
2197 19.999667 96
2198 19.999635 96
2199 19.999646 96
2200 19.999818 99
2201 19.898808 99
2202 19.999765 98
2203 19.795633 98
2204 19.999784 97
2205 19.999753 97
2206 19.795806 98
2207 19.795704 98
2208 19.595869 99
2209 19.999763 97
2210 19.999825 97
2211 19.999722 97
2212 19.999784 97
2213 19.999722 97
2214 19.999763 97
2215 19.999656 96
2216 19.999771 96
2217 19.999708 96
2218 19.793639 97
2219 19.999719 96
2220 19.999771 96
2221 19.793495 97
2222 19.999813 96
2223 19.793526 97
2224 19.999781 96
2225 19.999729 96
2226 19.999781 96
2227 19.999719 96
2228 19.999792 96
2229 19.591561 98
2230 19.999865 96
2231 19.793505 97
2232 19.999771 96
2233 19.793546 97
2234 19.999708 96
2235 19.999677 96
2236 19.999760 96
2237 19.999729 96
2238 19.999792 96
2239 19.999719 96
2240 19.999802 96
2241 19.793557 97
2242 19.793680 97
2243 19.999708 96
2244 19.793732 97
2245 19.793567 97
2246 19.793526 97
2247 19.999677 96
2248 19.793567 97
2249 19.999688 96
2250 19.999847 98
2251 19.897735 98
2252 19.795663 98
2253 19.999729 96
2254 19.999740 96
2255 19.793588 97
2256 19.999771 96
2257 19.793536 97
2258 19.999813 96
2259 19.999688 96
2260 19.999760 96
2261 19.999688 96
2262 19.793567 97
2263 19.793433 97
2264 19.999792 96
2265 19.791292 96
2266 19.999821 95
2267 19.999663 95
2268 19.791469 96
2269 19.791323 96
2270 19.791458 96
2271 19.999653 95
2272 19.587515 97
2273 19.791375 96
2274 19.587381 97
2275 19.791333 96
2276 19.999747 95
2277 19.999674 95
2278 19.999821 95
2279 19.791375 96
2280 19.999800 95
2281 19.999642 95
2282 19.791458 96
2283 19.791323 96
2284 19.999684 95
2285 19.999674 95
2286 19.999737 95
2287 19.999663 95
2288 19.791458 96
2289 19.999632 95
2290 19.999758 95
2291 19.791427 96
2292 19.791438 96
2293 19.999674 95
2294 19.791604 96
2295 19.999695 95
2296 19.999716 95
2297 19.999663 95
2298 19.999695 95
2299 19.999684 95
2300 19.999885 96
2301 19.895677 96
2302 19.791458 96
2303 19.789326 95
2304 19.789221 95
2305 19.999755 94
2306 19.999734 94
2307 19.999766 94
2308 19.999734 94
2309 19.789242 95
2310 19.999723 94
2311 19.999713 94
2312 19.999755 94
2313 19.789168 95
2314 19.999766 94
2315 19.786979 94
2316 19.999667 93
2317 19.786926 94
2318 19.786989 94
2319 19.999677 93
2320 19.999731 93
2321 19.999731 93
2322 19.999720 93
2323 19.786957 94
2324 19.999699 93
2325 19.578663 95
2326 19.999774 93
2327 19.374667 96
2328 19.999753 93
2329 19.999699 93
2330 19.786915 94
2331 19.999806 93
2332 19.787074 94
2333 19.786979 94
2334 19.786904 94
2335 19.999731 93
2336 19.578674 95
2337 19.578705 95
2338 19.786989 94
2339 19.786957 94
2340 19.786947 94
2341 19.786989 94
2342 19.787064 94
2343 19.787000 94
2344 19.999892 93
2345 19.999774 93
2346 19.999731 93
2347 19.787787 94
2348 19.786968 94
2349 19.999677 93
2350 19.999843 83
2351 1.515410 83
2352 0.594482 83
2353 0.382610 82
2354 0.327866 82
2355 0.321744 82
2356 1.157964 83
2357 1.674024 83
2358 0.689036 83
2359 1.600904 83
2360 0.615687 83
2361 0.909060 83
2362 2.143711 83
2363 0.701410 83
2364 0.613590 83
2365 0.748169 83
2366 1.452373 83
2367 0.915313 83
2368 1.734096 83
2369 0.412337 83
2370 2.300783 83
2371 0.724253 83
2372 0.456494 83
2373 0.947928 83
2374 0.701373 83
2375 1.580446 83
2376 0.514434 83
2377 0.778301 83
2378 0.472084 83
2379 0.742096 83
2380 0.609036 83
2381 0.733169 83
2382 0.364843 83
2383 1.020904 83
2384 0.476181 83
2385 0.493880 83
2386 1.118181 83
2387 0.497747 83
2388 0.680590 83
2389 2.153133 83
2390 0.395610 82
2391 0.288756 82
2392 0.985458 83
2393 0.280880 83
2394 0.334024 83
2395 0.864699 83
2396 0.259578 83
2397 0.262313 83
2398 0.949108 83
2399 0.718145 83
2400 1.038561 114
2401 0.794974 114
2402 0.524623 114
2403 0.440711 114
2404 0.440737 114
2405 0.414965 114
2406 0.432123 114
2407 0.451000 114
2408 0.408018 114
2409 0.378904 114
2410 1.386447 114
2411 1.642991 113
2412 0.945851 114
2413 0.609912 114
2414 1.198921 114
2415 1.108921 114
2416 0.784167 114
2417 0.354868 114
2418 0.738746 114
2419 0.565184 114
2420 1.102026 114
2421 1.078105 114
2422 0.754737 114
2423 0.768535 114
2424 0.856395 114
2425 0.873939 114
2426 0.718719 114
2427 0.774675 114
2428 0.867088 114
2429 0.746070 114
2430 0.766272 114
2431 1.271746 114
2432 1.154070 114
2433 1.202860 114
2434 1.082789 114
2435 1.184939 114
2436 1.603342 114
2437 1.977789 114
2438 0.754202 114
2439 1.122842 114
2440 0.737026 114
2441 18.078053 113
2442 17.209781 114
2443 16.961628 113
2444 0.976447 114
2445 0.430788 113
2446 0.359607 112
2447 5.572342 114
2448 0.378036 112
2449 0.366894 113
2450 4.308670 112
2451 2.985768 112
2452 2.855643 112
2453 1.698804 112
2454 0.522321 112
2455 3.621848 112
2456 2.261000 111
2457 1.222324 111
2458 1.029866 112
2459 0.448946 112
2460 0.799098 112
2461 2.824089 112
2462 1.397117 111
2463 1.281821 112
2464 1.933679 112
2465 0.597027 110
2466 1.425062 112
2467 2.711277 112
2468 1.518427 110
2469 1.430188 112
2470 1.553214 112
2471 0.955748 111
2472 1.693321 112
2473 2.000694 111
2474 1.551366 112
2475 1.673652 112
2476 1.207089 112
2477 16.140429 112
2478 3.621545 112
2479 0.861196 112
2480 3.890306 111
2481 1.439438 112
2482 1.724536 112
2483 0.718396 111
2484 1.614821 112
2485 0.314288 111
2486 1.114071 112
2487 1.179482 112
2488 1.658688 112
2489 0.451892 111
2490 1.427554 112
2491 0.472658 111
2492 1.046500 112
2493 2.876214 112
2494 0.861134 112
2495 0.969661 112
2496 0.616464 112
2497 3.215679 112
2498 1.037625 112
2499 0.976670 112
2500 1.787523 107
2501 1.798561 107
2502 18.898972 107
2503 2.093551 107
2504 1.455579 107
2505 1.222570 107
2506 1.633103 107
2507 9.482523 107
2508 2.433981 107
2509 4.533822 107
2510 1.667776 107
2511 1.614159 107
2512 1.560972 107
2513 2.937645 107
2514 1.422991 107
2515 1.150981 107
2516 0.275991 107
2517 1.409579 107
2518 1.121262 107
2519 1.315449 107
2520 1.170664 107
2521 1.465168 107
2522 1.408813 107
2523 1.064252 107
2524 1.325411 107
2525 1.287804 107
2526 1.048065 107
2527 1.422860 107
2528 5.281140 107
2529 1.106000 107
2530 1.281794 107
2531 1.518439 107
2532 1.793121 107
2533 3.755869 107
2534 1.921682 107
2535 1.047972 107
2536 0.941935 107
2537 0.992579 107
2538 1.273579 107
2539 1.337860 107
2540 0.805916 107
2541 1.230355 107
2542 0.755673 107
2543 1.175458 107
2544 1.217047 107
2545 0.947944 107
2546 0.884935 107
2547 1.001364 107
2548 1.386346 107
2549 0.802589 107
2550 1.411317 101
2551 1.604921 101
2552 3.041515 101
2553 1.300634 101
2554 20.000000 101
2555 1.430475 101
2556 1.179465 101
2557 1.336426 101
2558 2.088396 101
2559 1.628109 101
2560 2.416802 101
2561 1.436782 101
2562 1.284079 101
2563 11.733446 101
2564 6.046713 101
2565 3.625465 101
2566 3.180871 101
2567 2.886673 101
2568 2.580752 101
2569 2.696485 101
2570 3.061604 101
2571 3.280495 101
2572 2.973168 101
2573 2.635416 101
2574 2.240020 101
2575 2.727713 101
2576 2.831287 101
2577 2.016762 101
2578 2.177050 101
2579 2.298941 101
2580 1.484267 101
2581 1.976030 101
2582 1.508950 101
2583 1.386812 101
2584 1.885000 101
2585 1.873406 101
2586 1.315089 101
2587 1.608901 101
2588 1.898307 101
2589 1.941990 101
2590 2.045535 101
2591 2.610990 101
2592 3.506970 101
2593 2.918931 101
2594 2.629782 101
2595 2.077733 101
2596 1.491594 101
2597 1.811554 101
2598 1.707218 101
2599 1.470624 101
2600 9.526743 101
2601 9.562980 101
2602 4.026723 101
2603 3.706802 101
2604 3.287109 101
2605 3.311600 100
2606 3.670130 100
2607 2.801490 100
2608 2.595930 100
2609 2.973162 99
2610 3.219131 99
2611 2.851636 99
2612 3.141414 99
2613 3.143150 100
2614 2.553606 99
2615 2.647455 99
2616 2.232180 100
2617 2.432788 99
2618 2.155071 99
2619 2.034495 99
2620 2.170910 100
2621 1.768303 99
2622 2.101525 99
2623 1.991879 99
2624 2.381660 100
2625 2.444980 99
2626 2.547040 99
2627 2.283263 99
2628 2.053250 100
2629 2.009500 100
2630 2.247657 99
2631 2.251899 99
2632 2.834130 100
2633 2.545202 99
2634 2.115768 99
2635 2.013838 99
2636 2.184899 99
2637 1.781364 99
2638 1.636949 99
2639 1.313838 99
2640 1.590182 99
2641 1.663192 99
2642 1.895909 99
2643 2.101939 99
2644 2.460455 99
2645 2.215222 99
2646 1.508646 99
2647 1.244212 99
2648 1.461162 99
2649 2.099260 100
2650 9.345637 102
2651 9.675382 102
2652 4.202745 102
2653 3.742578 102
2654 3.685873 102
2655 3.700149 101
2656 3.660436 101
2657 2.749624 101
2658 3.193574 101
2659 3.483802 101
2660 4.202188 101
2661 3.635020 101
2662 3.401020 101
2663 1.852098 102
2664 0.557267 101
2665 1.685147 102
2666 1.180353 102
2667 6.168588 102
2668 3.300235 102
2669 2.262881 101
2670 1.956881 101
2671 2.041733 101
2672 2.065356 101
2673 1.932000 101
2674 1.905436 101
2675 1.669000 101
2676 2.738366 101
2677 2.043604 101
2678 2.796990 101
2679 2.361663 101
2680 2.142980 101
2681 1.747752 101
2682 2.661745 102
2683 2.870347 101
2684 2.838861 101
2685 2.704594 101
2686 1.678287 101
2687 2.077822 101
2688 2.143297 101
2689 1.744634 101
2690 1.552812 101
2691 0.891653 101
2692 0.957000 101
2693 1.163416 101
2694 1.704624 101
2695 1.970644 101
2696 1.740446 101
2697 2.081040 101
2698 1.561644 101
2699 1.326396 101
2700 3.491970 100
2701 1.504440 100
2702 2.773380 100
2703 2.451788 99
2704 2.523455 99
2705 2.262495 99
2706 1.617000 100
2707 1.938162 99
2708 1.410414 99
2709 2.554737 99
2710 2.847818 99
2711 1.397680 100
2712 0.863929 99
2713 1.028071 99
2714 2.084949 99
2715 0.900131 99
2716 5.837212 99
2717 1.046040 99
2718 2.517182 99
2719 1.006020 99
2720 0.875283 99
2721 2.854000 99
2722 0.854071 99
2723 0.922293 99
2724 0.961444 99
2725 0.946566 99
2726 0.808606 99
2727 0.832626 99
2728 1.011232 99
2729 1.229120 100
2730 3.532404 99
2731 1.043434 99
2732 0.729384 99
2733 3.876667 99
2734 0.999798 99
2735 0.729535 99
2736 0.818465 99
2737 0.828100 100
2738 0.828192 99
2739 0.927798 99
2740 0.816939 99
2741 0.725202 99
2742 0.824182 99
2743 1.442525 99
2744 0.755747 99
2745 0.562061 99
2746 0.825667 99
2747 0.574545 99
2748 1.980030 99
2749 0.594939 99
2750 2.700095 95
2751 1.283547 95
2752 1.139832 95
2753 1.243000 94
2754 1.910147 95
2755 0.857043 94
2756 1.533147 95
2757 1.925863 95
2758 1.642768 95
2759 2.056842 95
2760 2.150096 94
2761 1.590330 94
2762 1.857362 94
2763 1.640106 94
2764 1.933564 94
2765 2.020830 94
2766 1.902415 94
2767 2.002660 94
2768 1.605266 94
2769 1.539202 94
2770 1.651404 94
2771 1.379096 94
2772 1.458468 94
2773 1.469691 94
2774 1.329415 94
2775 1.774309 94
2776 1.490340 94
2777 1.954074 94
2778 1.918011 94
2779 1.424128 94
2780 1.339532 94
2781 1.166319 94
2782 2.000232 95
2783 1.182957 94
2784 1.472298 94
2785 1.096705 95
2786 1.638895 95
2787 1.244064 94
2788 0.888337 95
2789 1.510958 95
2790 0.716979 94
2791 0.719936 94
2792 0.760468 94
2793 0.480436 94
2794 0.449170 94
2795 0.572606 94
2796 0.574255 94
2797 0.518404 94
2798 0.478543 94
2799 0.515383 94
2800 1.572707 99
2801 1.045253 99
2802 0.676889 99
2803 0.730283 99
2804 0.622414 99
2805 0.634636 99
2806 0.735545 99
2807 0.634273 99
2808 0.652384 99
2809 0.619384 99
2810 0.630131 99
2811 0.707556 99
2812 0.701727 99
2813 0.648253 99
2814 0.698505 99
2815 1.241212 99
2816 0.404162 99
2817 0.453949 98
2818 0.448980 98
2819 6.145131 99
2820 2.319206 97
2821 1.776144 97
2822 1.592629 97
2823 2.140278 97
2824 2.478794 97
2825 2.500505 97
2826 3.987124 97
2827 3.182237 97
2828 2.759144 97
2829 2.335357 98
2830 1.982515 97
2831 2.368124 97
2832 2.059020 98
2833 1.849010 97
2834 2.608082 97
2835 1.567907 97
2836 2.307071 98
2837 2.408515 97
2838 1.985309 97
2839 1.113970 99
2840 0.285745 98
2841 0.316949 98
2842 1.547232 99
2843 0.454691 97
2844 0.277000 98
2845 0.277051 98
2846 1.064010 99
2847 0.371778 99
2848 0.515480 98
2849 0.453909 99
2850 1.377175 103
2851 0.515097 103
2852 0.629359 103
2853 0.579350 103
2854 1.312495 103
2855 0.462137 102
2856 0.494412 102
2857 2.769864 103
2858 1.241775 102
2859 1.447901 101
2860 1.241277 101
2861 2.210563 103
2862 0.456010 102
2863 1.403515 103
2864 0.385275 102
2865 0.410863 102
2866 1.428563 103
2867 3.416029 103
2868 1.205000 103
2869 1.524777 103
2870 0.547735 102
2871 0.372108 102
2872 0.559088 102
2873 3.731728 103
2874 2.436981 103
2875 2.335706 102
2876 2.563951 102
2877 2.463402 102
2878 1.980637 102
2879 1.860324 102
2880 2.137578 102
2881 2.291176 102
2882 2.268029 102
2883 2.893275 102
2884 3.220392 102
2885 2.829431 102
2886 2.599088 102
2887 2.899882 102
2888 2.660912 102
2889 2.646069 102
2890 2.195402 102
2891 2.039363 102
2892 1.975647 102
2893 2.422699 103
2894 0.322198 101
2895 0.326200 100
2896 2.539427 103
2897 7.441235 102
2898 0.523696 102
2899 0.363853 102
2900 1.317702 84
2901 0.621226 84
2902 0.529000 84
2903 0.413762 84
2904 1.857643 84
2905 0.588337 83
2906 0.488463 82
2907 0.373663 83
2908 1.444083 84
2909 0.424217 83
2910 0.548217 83
2911 1.638512 84
2912 0.706759 83
2913 0.583711 83
2914 0.612687 83
2915 0.568133 83
2916 1.364976 84
2917 0.415337 83
2918 0.706060 83
2919 0.419060 83
2920 1.687988 84
2921 0.512179 84
2922 0.414843 83
2923 1.572845 84
2924 0.641707 82
2925 0.619207 82
2926 0.583378 82
2927 1.320405 84
2928 0.478614 83
2929 0.405566 83
2930 0.543639 83
2931 1.875821 84
2932 0.391819 83
2933 0.332108 83
2934 0.412631 84
2935 2.278143 84
2936 0.743855 83
2937 1.135265 83
2938 1.300976 84
2939 0.441410 83
2940 0.467807 83
2941 0.401349 83
2942 0.325566 83
2943 0.465807 83
2944 1.279940 84
2945 0.533530 83
2946 0.518386 83
2947 0.558627 83
2948 1.848643 84
2949 0.667771 83
2950 1.724615 96
2951 1.187479 96
2952 0.787729 96
2953 1.470115 96
2954 0.430149 94
2955 1.575917 96
2956 0.572758 95
2957 1.414135 96
2958 1.262031 96
2959 0.393274 95
2960 0.402789 95
2961 0.479179 95
2962 1.150854 96
2963 0.437698 96
2964 0.448074 95
2965 1.724656 96
2966 0.654684 95
2967 0.551234 94
2968 0.729085 94
2969 3.583344 96
2970 2.925484 95
2971 1.717375 96
2972 1.925188 96
2973 1.171458 96
2974 0.502832 95
2975 1.632833 96
2976 0.634479 94
2977 0.387337 95
2978 1.243896 96
2979 0.322063 95
2980 0.380442 95
2981 1.521240 96
2982 0.520200 95
2983 1.679948 96
2984 0.620726 95
2985 1.847760 96
2986 0.629400 95
2987 0.496095 95
2988 1.564083 96
2989 0.446958 95
2990 1.445698 96
2991 1.324010 96
2992 0.582937 95
2993 1.751458 96
2994 0.448421 95
2995 1.235844 96
2996 0.432168 95
2997 1.194021 96
2998 0.399000 95
2999 19.791760 96
3000 19.800160 100
3001 19.800020 100
3002 19.800090 100
3003 19.595990 99
3004 19.795939 98
3005 19.595990 99
3006 19.795949 98
3007 19.795939 98
3008 2.004680 100
3009 1.407806 98
3010 0.506500 98
3011 1.303071 98
3012 0.546490 100
3013 1.472857 98
3014 0.566082 98
3015 0.693908 98
3016 0.860469 98
3017 1.311184 98
3018 0.439071 99
3019 0.565378 98
3020 0.500697 99
3021 0.727475 99
3022 1.285180 100
3023 0.471717 99
3024 0.366182 99
3025 1.275970 100
3026 0.404545 99
3027 1.366570 100
3028 0.629980 99
3029 0.552354 99
3030 1.031580 100
3031 0.336121 99
3032 0.963100 100
3033 0.285545 99
3034 1.059960 100
3035 0.302520 100
3036 2.848490 100
3037 2.278606 99
3038 2.212576 99
3039 0.914890 100
3040 0.190182 99
3041 0.931290 100
3042 0.255960 99
3043 1.539700 100
3044 0.210470 100
3045 1.045620 100
3046 0.338576 99
3047 0.239576 99
3048 0.945820 100
3049 0.178606 99
3050 1.157846 91
3051 0.680066 91
3052 1.149901 91
3053 0.551989 91
3054 0.483176 91
3055 1.287692 91
3056 0.211077 91
3057 0.857308 91
3058 0.316912 91
3059 0.468000 91
3060 1.253813 91
3061 0.533275 91
3062 1.225648 91
3063 1.005099 91
3064 0.866495 91
3065 1.052066 91
3066 0.792934 91
3067 0.922066 91
3068 0.275341 91
3069 2.253780 91
3070 1.482374 91
3071 0.989626 91
3072 0.831692 91
3073 0.803549 91
3074 1.018407 91
3075 0.828780 91
3076 0.826582 91
3077 0.885549 91
3078 0.982890 91
3079 0.815626 91
3080 0.755747 91
3081 0.565418 91
3082 0.767637 91
3083 1.025791 91
3084 1.062385 91
3085 0.705099 91
3086 0.850451 91
3087 0.410099 91
3088 0.382242 91
3089 0.269604 91
3090 0.295253 91
3091 0.250626 91
3092 0.310923 91
3093 0.328352 91
3094 0.182330 91
3095 0.204648 91
3096 0.206846 91
3097 1.678363 91
3098 0.293593 91
3099 0.439396 91
3100 2.984371 97
3101 0.986742 97
3102 0.582598 97
3103 0.548515 97
3104 0.624990 97
3105 0.676938 97
3106 0.574701 97
3107 0.621361 97
3108 0.553536 97
3109 1.341660 97
3110 1.533660 97
3111 0.357093 97
3112 0.940041 97
3113 5.890866 97
3114 0.332371 97
3115 0.977969 97
3116 0.625567 97
3117 0.516144 97
3118 0.554598 97
3119 1.239969 97
3120 0.378330 97
3121 1.258969 97
3122 0.343083 96
3123 0.349113 97
3124 1.290268 97
3125 1.514928 97
3126 0.553938 97
3127 0.400918 97
3128 0.319557 97
3129 0.376196 97
3130 0.331144 97
3131 0.313701 97
3132 1.456670 97
3133 1.826000 97
3134 1.296701 97
3135 1.373021 97
3136 1.481598 97
3137 1.155443 97
3138 0.887134 97
3139 1.405907 97
3140 0.524443 97
3141 0.369825 97
3142 0.424381 97
3143 0.403155 97
3144 0.351670 97
3145 0.406701 97
3146 0.356918 97
3147 0.996165 97
3148 0.502876 97
3149 0.828649 97
3150 1.081835 103
3151 1.605485 103
3152 0.593198 101
3153 2.453369 103
3154 0.455794 102
3155 0.412088 102
3156 0.360757 103
3157 0.995794 102
3158 0.410343 102
3159 0.382833 102
3160 0.422107 103
3161 0.369796 103
3162 0.372245 102
3163 7.226350 103
3164 0.505107 103
3165 1.175612 103
3166 1.150981 103
3167 1.111136 103
3168 1.433573 103
3169 0.443689 103
3170 0.717641 103
3171 0.395709 103
3172 0.374748 103
3173 0.348951 103
3174 0.510359 103
3175 0.433612 103
3176 0.374874 103
3177 0.371398 103
3178 1.032670 103
3179 1.132738 103
3180 0.946903 103
3181 0.577282 103
3182 0.812447 103
3183 0.724864 103
3184 0.624583 103
3185 1.102340 103
3186 19.805786 103
3187 19.805563 103
3188 19.805757 103
3189 19.805573 103
3190 19.805757 103
3191 19.805583 103
3192 0.579680 103
3193 0.807913 103
3194 0.688534 103
3195 0.309078 103
3196 0.797816 103
3197 0.414388 103
3198 0.236689 103
3199 0.215476 103
3200 1.212926 108
3201 1.467713 108
3202 0.635972 106
3203 0.586421 107
3204 0.467623 106
3205 0.450057 106
3206 1.506269 108
3207 0.620626 107
3208 1.437315 108
3209 0.570972 107
3210 1.461537 108
3211 4.744259 108
3212 1.487213 108
3213 1.114546 108
3214 0.557953 107
3215 1.366222 108
3216 1.109556 108
3217 0.379764 106
3218 0.359736 106
3219 0.347113 106
3220 0.330589 107
3221 0.384783 106
3222 1.255176 108
3223 0.704421 107
3224 0.662374 107
3225 0.578131 107
3226 1.354250 108
3227 0.568486 107
3228 0.728084 107
3229 0.543636 107
3230 0.580822 107
3231 1.281222 108
3232 1.090361 108
3233 0.521654 107
3234 2.656850 107
3235 1.103972 108
3236 1.099750 108
3237 1.224565 108
3238 0.409832 107
3239 0.644103 107
3240 1.187648 108
3241 0.406430 107
3242 0.343290 107
3243 0.323944 107
3244 2.720907 108
3245 14.527898 108
3246 13.954720 107
3247 11.979000 107
3248 6.833673 107
3249 7.294037 108
3250 1.519103 107
3251 0.688057 106
3252 0.535094 106
3253 0.508651 106
3254 1.610308 107
3255 1.816084 107
3256 1.689766 107
3257 0.966143 105
3258 1.089860 107
3259 1.250745 106
3260 1.328286 105
3261 5.724667 105
3262 1.242229 105
3263 2.456598 107
3264 1.896794 107
3265 1.479112 107
3266 1.491738 107
3267 0.448123 106
3268 0.394651 106
3269 0.365840 106
3270 0.353443 106
3271 0.321943 106
3272 2.657766 107
3273 1.640963 107
3274 0.373495 105
3275 2.488019 107
3276 0.644123 106
3277 0.443585 106
3278 1.267271 107
3279 0.429547 106
3280 1.881897 107
3281 1.228943 106
3282 0.958887 106
3283 0.489953 107
3284 0.466575 106
3285 1.547626 107
3286 0.393972 106
3287 0.331415 106
3288 0.383368 106
3289 1.448813 107
3290 2.007533 107
3291 0.350133 105
3292 0.319566 106
3293 0.448924 105
3294 0.546095 105
3295 2.921393 107
3296 1.218617 107
3297 1.418645 107
3298 0.942907 107
3299 0.422660 106
3300 1.598248 117
3301 1.948530 117
3302 4.593880 117
3303 3.437612 116
3304 3.290138 116
3305 3.373431 116
3306 6.165821 117
3307 7.092684 117
3308 7.115474 116
3309 4.492707 116
3310 3.695034 116
3311 1.599675 117
3312 0.748829 117
3313 0.750828 116
3314 1.482248 117
3315 0.416129 116
3316 1.704248 117
3317 2.800810 116
3318 3.815991 117
3319 2.270336 116
3320 2.490181 116
3321 2.188767 116
3322 1.335863 117
3323 0.680191 115
3324 1.179744 117
3325 0.421259 116
3326 1.089684 117
3327 1.194906 117
3328 1.466368 117
3329 3.831684 117
3330 0.603716 116
3331 2.161410 117
3332 1.348137 117
3333 1.474701 117
3334 0.250078 116
3335 4.760607 117
3336 1.266915 117
3337 0.330267 116
3338 1.163547 117
3339 0.634328 116
3340 0.988405 116
3341 9.646889 117
3342 4.715009 116
3343 0.761838 117
3344 0.816564 117
3345 1.087547 117
3346 0.385649 114
3347 0.376518 114
3348 0.886684 117
3349 1.138726 117
3350 1.400220 82
3351 1.589744 82
3352 1.690512 82
3353 1.289976 82
3354 1.561963 82
3355 0.457506 81
3356 1.519793 82
3357 0.643728 81
3358 0.488198 81
3359 1.142780 82
3360 1.516744 82
3361 0.324671 82
3362 1.614963 82
3363 1.212427 82
3364 0.345765 81
3365 0.360173 81
3366 0.339938 81
3367 1.288988 82
3368 0.507506 81
3369 2.250481 81
3370 1.502988 82
3371 1.145012 82
3372 0.333383 81
3373 0.332148 81
3374 1.794744 82
3375 0.507642 81
3376 1.844854 82
3377 1.209732 82
3378 1.254305 82
3379 0.386451 82
3380 0.329481 81
3381 1.524427 82
3382 0.406654 81
3383 0.309630 81
3384 1.193146 82
3385 0.360605 81
3386 0.299457 81
3387 1.569695 82
3388 0.655630 81
3389 1.500939 82
3390 1.460476 82
3391 2.484439 82
3392 1.763728 81
3393 1.856321 81
3394 20.000000 82
3395 3.262134 82
3396 1.500185 81
3397 1.439358 81
3398 19.756122 82
3399 1.101768 82
3400 1.121043 93
3401 1.772237 93
3402 1.463086 93
3403 0.485609 92
3404 1.537376 93
3405 0.597054 92
3406 0.602380 92
3407 1.752226 93
3408 0.886739 92
3409 1.303065 93
3410 0.981750 92
3411 0.935109 92
3412 0.899871 93
3413 1.309140 93
3414 0.517663 92
3415 0.488620 92
3416 1.525957 93
3417 1.406258 93
3418 0.625261 92
3419 0.636033 92
3420 1.526430 93
3421 0.697209 91
3422 0.593736 91
3423 2.969366 93
3424 1.737935 92
3425 1.702587 92
3426 5.176591 93
3427 4.599913 92
3428 1.590301 93
3429 1.194946 93
3430 1.545538 93
3431 0.689783 92
3432 0.580143 91
3433 1.480011 93
3434 0.485330 91
3435 0.515946 92
3436 1.166462 93
3437 0.634533 92
3438 0.513772 92
3439 1.438935 93
3440 0.457717 92
3441 1.064699 93
3442 0.349130 92
3443 0.257902 92
3444 2.604419 93
3445 0.395228 92
3446 1.134860 93
3447 2.039630 92
3448 2.952183 93
3449 0.547261 92
3450 3.711336 113
3451 1.968168 113
3452 2.587124 113
3453 1.588727 110
3454 1.413144 111
3455 1.831584 113
3456 0.526053 113
3457 0.559839 112
3458 2.503513 113
3459 1.653558 113
3460 0.593116 112
3461 1.738938 113
3462 1.759088 113
3463 0.974460 113
3464 2.079646 113
3465 0.966598 112
3466 1.377699 113
3467 0.972619 113
3468 0.824411 112
3469 2.163487 113
3470 0.677179 112
3471 1.352195 113
3472 1.094044 113
3473 0.545063 112
3474 1.274947 113
3475 1.680478 113
3476 0.673589 112
3477 0.796696 112
3478 4.104398 113
3479 2.700044 113
3480 1.242522 113
3481 1.898832 113
3482 1.060152 112
3483 1.438991 113
3484 0.692277 112
3485 0.640009 112
3486 2.276841 113
3487 1.310310 113
3488 1.217670 112
3489 1.150625 112
3490 1.427690 113
3491 0.684929 113
3492 1.263425 113
3493 0.530955 112
3494 0.489607 112
3495 1.342646 113
3496 0.472277 112
3497 0.617687 112
3498 1.289000 113
3499 0.523455 112
3500 1.555819 94
3501 1.714883 94
3502 0.848796 93
3503 0.909570 93
3504 1.569106 94
3505 0.689559 93
3506 0.571344 93
3507 1.647904 94
3508 0.665883 94
3509 0.737806 93
3510 1.521096 94
3511 0.706011 93
3512 0.695925 93
3513 4.601447 94
3514 3.437914 93
3515 3.626634 93
3516 1.326170 94
3517 1.699319 94
3518 0.813645 93
3519 0.725258 93
3520 7.970479 94
3521 1.728553 94
3522 0.636213 94
3523 0.599570 93
3524 1.784702 94
3525 0.834681 94
3526 0.607043 92
3527 1.796723 94
3528 1.752309 94
3529 0.923946 93
3530 0.812532 94
3531 1.358862 94
3532 0.513032 93
3533 0.607495 93
3534 3.934936 94
3535 1.633702 94
3536 0.506043 93
3537 0.491882 93
3538 1.164691 94
3539 1.101096 94
3540 1.211553 94
3541 1.374074 94
3542 1.303521 94
3543 1.326681 94
3544 1.154702 94
3545 1.930436 94
3546 0.503903 93
3547 1.153840 94
3548 1.341830 94
3549 0.875245 94
3550 1.707212 104
3551 1.782163 104
3552 2.307673 104
3553 1.516808 104
3554 0.556864 103
3555 1.618856 104
3556 1.375163 104
3557 2.501144 104
3558 1.668260 104
3559 1.964144 104
3560 1.877769 104
3561 3.477903 103
3562 1.357346 104
3563 0.404206 102
3564 1.469962 104
3565 2.022587 104
3566 2.812452 104
3567 1.246777 103
3568 1.446385 104
3569 1.976615 104
3570 1.952462 104
3571 0.841136 103
3572 1.732077 104
3573 2.617481 104
3574 2.483298 104
3575 0.545621 103
3576 1.820346 104
3577 1.321837 104
3578 2.389558 104
3579 15.670375 104
3580 1.561875 104
3581 0.915817 104
3582 1.428827 104
3583 1.269500 104
3584 0.982942 104
3585 1.360000 104
3586 1.735689 103
3587 1.092962 104
3588 0.201854 103
3589 0.918452 104
3590 0.381097 103
3591 1.608115 104
3592 1.245981 104
3593 0.745068 103
3594 1.183010 104
3595 0.884721 104
3596 1.388615 104
3597 1.154490 104
3598 0.940067 104
3599 0.244777 103
3600 4.281731 93
3601 1.530261 92
3602 1.545935 93
3603 2.272559 93
3604 13.702065 93
3605 2.718516 93
3606 1.704409 93
3607 1.762280 93
3608 0.464075 93
3609 1.930151 93
3610 1.333559 93
3611 1.821516 93
3612 2.048011 93
3613 1.827538 93
3614 1.371946 93
3615 0.400871 93
3616 1.329699 93
3617 0.626645 93
3618 1.548172 93
3619 1.483925 93
3620 0.562581 93
3621 1.229269 93
3622 0.424989 93
3623 1.532043 93
3624 0.433462 93
3625 1.406527 93
3626 1.539376 93
3627 1.310269 93
3628 2.124753 93
3629 2.071710 93
3630 2.087882 93
3631 1.248011 93
3632 1.745753 93
3633 2.161000 93
3634 1.224172 93
3635 0.535430 93
3636 1.987613 93
3637 1.002699 93
3638 1.948290 93
3639 0.732796 93
3640 0.652753 93
3641 0.643806 93
3642 0.980022 93
3643 0.730366 93
3644 2.465118 93
3645 0.571000 93
3646 1.098978 93
3647 0.993860 93
3648 13.439301 93
3649 0.691667 93
3650 1.362938 112
3651 2.864321 112
3652 1.413455 112
3653 1.350170 112
3654 1.842857 112
3655 1.789589 112
3656 1.214277 112
3657 20.000000 112
3658 4.802107 112
3659 4.160821 112
3660 1.600152 112
3661 1.808393 112
3662 2.206527 112
3663 1.191009 112
3664 19.683509 112
3665 1.406214 112
3666 2.975732 112
3667 1.604188 112
3668 2.527625 112
3669 1.130277 112
3670 5.108393 112
3671 0.765571 112
3672 1.170964 112
3673 1.107946 112
3674 1.230670 112
3675 1.240607 112
3676 2.222473 112
3677 1.951339 112
3678 0.991455 112
3679 1.351312 112
3680 1.075786 112
3681 0.755455 112
3682 0.976652 112
3683 0.719116 112
3684 0.861795 112
3685 1.037902 112
3686 1.193625 112
3687 0.980625 112
3688 0.696830 112
3689 1.279973 112
3690 0.868196 112
3691 3.040107 112
3692 0.964795 112
3693 0.735679 112
3694 1.407562 112
3695 0.734321 112
3696 0.973464 112
3697 0.936991 112
3698 1.622312 112
3699 1.123071 112
3700 3.299808 99
3701 1.940626 99
3702 1.688313 99
3703 1.754364 99
3704 1.623859 99
3705 1.257747 99
3706 1.806626 99
3707 1.795384 99
3708 1.675889 99
3709 1.470889 99
3710 1.588515 99
3711 3.909949 99
3712 1.460253 99
3713 1.656818 99
3714 1.532131 99
3715 2.681091 99
3716 1.218879 99
3717 1.649364 99
3718 1.807747 99
3719 1.512747 99
3720 18.053232 99
3721 1.898768 99
3722 1.807939 99
3723 1.441273 99
3724 1.710990 99
3725 1.660687 99
3726 1.399222 99
3727 1.265010 99
3728 2.167303 99
3729 1.409343 99
3730 1.675465 99
3731 1.599222 99
3732 2.716970 99
3733 1.391091 99
3734 1.243343 99
3735 1.535465 99
3736 1.210586 99
3737 1.368788 99
3738 2.539030 99
3739 1.519606 99
3740 1.428364 99
3741 0.901960 99
3742 1.152758 99
3743 1.040636 99
3744 2.060111 99
3745 1.162717 99
3746 1.191434 99
3747 0.930576 99
3748 1.070980 99
3749 1.210758 99
3750 1.576773 110
3751 1.884200 110
3752 2.351818 110
3753 2.595318 110
3754 1.381700 110
3755 1.388391 110
3756 1.894455 110
3757 1.598509 110
3758 1.274555 110
3759 1.456709 110
3760 1.252818 110
3761 1.200782 110
3762 2.244382 110
3763 1.424764 110
3764 0.996245 110
3765 1.034755 110
3766 3.872209 110
3767 19.343927 110
3768 3.249973 110
3769 1.576545 110
3770 1.648245 110
3771 1.735473 110
3772 1.478573 110
3773 1.140473 110
3774 1.215109 110
3775 1.853009 110
3776 9.196209 110
3777 1.160064 110
3778 4.555973 110
3779 5.021164 110
3780 0.666500 110
3781 2.546145 110
3782 13.158091 110
3783 1.993236 110
3784 1.088273 110
3785 0.571382 110
3786 20.000000 110
3787 0.793155 110
3788 0.913582 110
3789 1.079345 110
3790 0.884691 110
3791 0.824291 110
3792 0.815109 110
3793 0.816745 110
3794 0.760600 110
3795 0.803564 110
3796 0.847409 110
3797 0.982973 110
3798 0.581018 110
3799 0.717773 110
3800 1.294879 107
3801 1.753505 107
3802 12.299841 107
3803 1.507953 107
3804 1.919879 107
3805 1.235028 107
3806 1.587832 107
3807 1.736178 107
3808 1.648822 107
3809 2.734224 107
3810 2.019542 107
3811 1.330196 107
3812 1.521458 107
3813 1.498019 107
3814 1.545374 107
3815 1.686000 107
3816 1.434766 107
3817 1.728963 107
3818 1.542318 107
3819 1.472159 107
3820 1.494140 107
3821 7.027280 107
3822 1.665421 107
3823 1.280150 107
3824 1.925626 107
3825 2.390458 107
3826 2.557794 107
3827 1.506738 107
3828 2.139318 107
3829 2.250813 107
3830 1.531804 107
3831 1.548748 107
3832 1.497925 107
3833 1.081607 107
3834 1.208308 107
3835 1.406000 107
3836 1.315701 107
3837 2.970505 107
3838 3.539757 107
3839 1.436654 107
3840 1.359888 107
3841 0.964720 107
3842 1.446458 107
3843 0.941570 107
3844 1.467234 107
3845 0.926953 107
3846 0.870907 107
3847 1.004037 107
3848 1.127187 107
3849 1.139308 107
3850 1.680163 104
3851 3.836356 104
3852 1.294587 104
3853 1.777577 104
3854 1.454865 104
3855 1.601471 104
3856 1.412231 104
3857 1.736279 104
3858 14.653433 104
3859 1.627269 104
3860 2.144692 104
3861 1.387837 104
3862 1.902019 104
3863 2.129106 104
3864 1.841231 104
3865 3.278740 104
3866 1.816913 104
3867 1.073981 104
3868 1.110173 104
3869 1.777644 104
3870 1.620125 104
3871 1.659827 104
3872 12.170962 104
3873 2.228317 104
3874 0.982971 104
3875 1.146375 104
3876 2.645837 104
3877 1.901096 104
3878 1.130096 104
3879 1.713885 104
3880 1.121875 104
3881 1.501260 104
3882 1.867000 104
3883 1.408317 104
3884 1.023923 104
3885 1.450250 104
3886 2.420106 104
3887 1.048394 104
3888 2.082731 104
3889 1.790452 104
3890 1.299154 104
3891 1.250010 104
3892 1.274663 104
3893 0.917490 104
3894 1.574731 104
3895 1.228750 104
3896 0.522865 104
3897 1.091144 104
3898 1.063587 104
3899 0.828500 104
3900 5.228252 111
3901 1.567613 111
3902 1.233712 111
3903 1.226387 111
3904 1.478847 111
3905 1.496955 111
3906 8.592919 111
3907 1.496018 111
3908 1.319784 111
3909 2.238216 111
3910 1.530784 111
3911 2.110171 111
3912 1.407973 111
3913 1.387072 111
3914 1.281450 111
3915 1.364631 111
3916 1.572703 111
3917 1.356667 111
3918 1.208261 111
3919 1.699811 111
3920 1.345514 111
3921 1.818144 111
3922 1.379523 111
3923 1.828919 111
3924 1.118640 111
3925 3.056748 111
3926 2.311207 111
3927 2.011559 111
3928 1.279081 111
3929 2.539468 111
3930 1.249297 111
3931 1.621477 111
3932 1.551063 111
3933 1.018685 111
3934 1.020441 111
3935 0.994901 111
3936 0.725802 111
3937 0.896730 111
3938 1.682423 111
3939 1.801423 111
3940 13.649369 111
3941 1.153676 111
3942 1.066883 111
3943 1.062432 111
3944 1.239252 111
3945 2.641919 111
3946 1.468027 111
3947 0.659703 111
3948 1.017973 111
3949 1.481613 111
3950 1.900839 118
3951 1.603746 118
3952 1.636153 118
3953 3.427602 118
3954 1.882415 118
3955 4.695093 118
3956 2.661415 118
3957 1.504093 118
3958 1.319856 118
3959 2.343915 118
3960 3.369805 118
3961 1.389407 118
3962 1.705551 118
3963 1.503000 118
3964 1.315322 118
3965 2.407636 118
3966 1.537220 118
3967 1.859356 118
3968 2.544492 118
3969 1.689839 118
3970 1.545949 118
3971 1.655712 118
3972 1.549941 118
3973 1.518864 118
3974 1.379229 118
3975 1.832839 118
3976 1.419534 118
3977 1.662653 118
3978 1.311280 118
3979 1.276381 118
3980 19.999932 118
3981 1.343102 118
3982 0.922636 118
3983 0.924102 118
3984 1.124517 118
3985 2.578220 118
3986 13.939729 118
3987 4.634415 118
3988 5.935636 118
3989 3.782212 118
3990 1.632661 118
3991 2.218102 118
3992 2.485449 118
3993 1.953424 118
3994 1.511839 118
3995 1.813881 118
3996 2.093958 118
3997 1.209720 118
3998 1.142822 118
3999 1.716788 118
4000 4.915089 112
4001 2.008759 112
4002 1.984259 112
4003 1.231768 112
4004 16.752804 112
4005 1.383562 112
4006 2.264143 112
4007 2.282973 112
4008 2.394304 112
4009 0.986098 112
4010 2.051625 112
4011 1.639089 112
4012 1.250009 112
4013 2.021759 112
4014 1.347375 112
4015 4.459946 112
4016 2.054089 112
4017 2.875205 112
4018 1.642866 112
4019 2.077420 112
4020 1.178446 112
4021 1.487759 112
4022 1.067473 112
4023 1.251304 112
4024 1.391509 112
4025 1.414170 112
4026 1.259741 112
4027 3.625188 112
4028 1.300062 112
4029 1.378911 112
4030 1.331223 112
4031 5.318036 112
4032 2.463420 112
4033 1.339786 112
4034 1.247259 112
4035 7.788777 112
4036 0.760920 112
4037 1.074580 112
4038 0.682509 112
4039 0.813089 112
4040 20.000000 112
4041 0.720518 112
4042 0.990964 112
4043 0.473634 112
4044 0.811705 112
4045 1.634152 112
4046 0.968473 112
4047 0.607107 112
4048 0.668786 112
4049 0.619982 112
4050 1.609317 120
4051 1.016092 120
4052 2.993392 120
4053 2.218442 120
4054 1.232700 120
4055 1.448625 120
4056 1.376033 120
4057 2.054783 120
4058 17.904117 120
4059 1.821392 120
4060 4.790125 120
4061 1.259842 120
4062 0.905842 120
4063 1.490208 120
4064 2.805767 120
4065 1.867783 120
4066 2.018350 120
4067 5.048483 120
4068 2.381875 120
4069 2.412108 120
4070 1.266075 120
4071 0.565193 119
4072 1.454400 120
4073 1.605542 120
4074 8.438942 120
4075 1.193933 120
4076 0.523941 119
4077 1.359675 120
4078 2.351708 120
4079 1.199242 120
4080 1.257058 120
4081 1.429642 120
4082 1.052633 120
4083 1.117558 120
4084 1.384250 120
4085 1.345658 120
4086 2.551033 120
4087 1.447775 120
4088 1.007825 120
4089 0.544867 120
4090 1.052950 120
4091 1.305392 120
4092 1.204408 120
4093 15.243067 120
4094 0.947192 120
4095 0.840758 120
4096 1.106667 120
4097 1.537442 120
4098 1.069908 120
4099 0.706775 120
4100 1.322140 114
4101 4.013614 114
4102 2.357679 112
4103 0.922833 114
4104 1.491237 114
4105 0.695761 113
4106 3.459509 114
4107 19.824588 114
4108 1.758140 114
4109 1.494439 114
4110 3.294175 114
4111 1.152167 114
4112 2.732991 114
4113 1.713921 114
4114 1.397053 114
4115 1.306500 114
4116 0.477675 114
4117 1.969035 114
4118 1.117439 114
4119 1.447877 114
4120 1.252474 114
4121 19.824439 114
4122 1.690009 114
4123 1.324500 114
4124 1.221965 114
4125 0.462416 113
4126 1.587789 114
4127 1.155693 114
4128 1.616316 114
4129 0.941579 114
4130 1.092114 114
4131 0.519540 113
4132 1.297842 114
4133 11.728000 114
4134 0.986377 114
4135 1.011579 114
4136 0.957596 114
4137 1.712158 114
4138 1.005500 114
4139 1.047211 114
4140 1.037614 114
4141 0.255938 113
4142 0.314947 113
4143 1.020018 114
4144 0.915061 114
4145 1.052579 114
4146 1.170684 114
4147 1.144009 114
4148 0.993553 114
4149 0.424307 114
4150 2.678080 112
4151 2.514804 112
4152 1.560750 112
4153 1.569473 112
4154 1.040920 112
4155 1.153554 112
4156 5.958973 112
4157 1.024938 112
4158 1.160652 112
4159 0.362703 111
4160 1.705455 112
4161 3.823018 112
4162 0.627315 111
4163 1.619018 112
4164 1.273786 112
4165 1.169054 112
4166 2.405509 112
4167 2.443482 112
4168 1.486527 112
4169 1.333482 112
4170 1.302786 112
4171 1.458991 112
4172 1.155705 112
4173 0.509107 112
4174 1.589223 112
4175 1.464491 112
4176 1.354946 112
4177 1.618875 112
4178 0.566523 111
4179 1.515679 112
4180 1.593464 112
4181 1.628866 112
4182 0.688700 110
4183 3.041616 112
4184 0.670759 112
4185 1.356509 112
4186 1.371616 112
4187 1.044509 112
4188 0.342054 111
4189 1.849813 112
4190 1.414982 112
4191 0.367189 111
4192 1.304366 112
4193 1.077839 112
4194 1.110259 112
4195 0.536696 112
4196 2.097161 112
4197 1.322741 112
4198 1.355375 112
4199 1.176491 112
4200 1.342509 116
4201 1.603853 116
4202 1.310414 116
4203 1.339371 116
4204 2.239784 116
4205 1.361957 116
4206 1.144843 115
4207 1.233190 116
4208 0.933017 115
4209 2.507509 116
4210 1.441931 116
4211 0.614609 115
4212 1.365086 116
4213 1.619603 116
4214 0.529991 115
4215 1.406405 116
4216 0.522157 115
4217 1.974155 116
4218 0.822664 116
4219 1.719302 116
4220 2.065103 116
4221 1.685388 116
4222 2.789543 116
4223 1.320845 116
4224 0.710207 116
4225 1.437026 116
4226 1.314431 116
4227 1.706353 116
4228 1.125767 116
4229 1.361164 116
4230 1.135017 116
4231 1.108397 116
4232 1.191388 116
4233 1.323052 116
4234 1.145017 116
4235 1.812948 116
4236 1.585802 116
4237 1.713371 116
4238 0.793522 115
4239 1.287810 116
4240 0.409043 115
4241 0.351009 115
4242 1.229388 116
4243 0.350374 115
4244 0.509209 115
4245 0.499696 115
4246 1.226914 116
4247 2.078190 116
4248 1.799336 116
4249 17.610940 116
4250 17.042020 101
4251 18.280168 101
4252 16.435560 100
4253 16.020890 100
4254 17.433495 101
4255 18.423495 101
4256 15.076802 101
4257 13.083950 101
4258 18.385390 100
4259 17.201080 100
4260 16.597060 100
4261 15.822710 100
4262 17.003634 101
4263 17.328310 100
4264 15.390880 100
4265 15.559178 101
4266 12.480366 101
4267 17.383360 100
4268 14.296530 100
4269 9.855200 100
4270 6.848170 100
4271 4.200800 100
4272 1.910400 100
4273 0.649710 100
4274 18.254663 101
4275 19.999690 100
4276 18.434380 100
4277 19.999630 100
4278 8.739614 101
4279 0.922337 101
4280 0.260610 100
4281 0.681050 101
4282 2.026653 101
4283 1.131010 100
4284 1.145490 100
4285 1.258080 100
4286 0.948010 100
4287 3.331911 101
4288 1.203772 101
4289 1.514089 101
4290 0.995792 101
4291 0.373330 100
4292 0.383710 100
4293 0.413606 99
4294 0.428141 99
4295 0.358202 99
4296 0.365820 100
4297 0.387081 99
4298 1.273693 101
4299 0.487624 101
4300 1.428190 105
4301 0.844390 105
4302 0.745648 105
4303 0.576914 105
4304 0.559429 105
4305 0.740981 105
4306 1.448733 105
4307 1.854667 105
4308 0.434587 104
4309 0.366558 104
4310 1.215029 105
4311 2.370895 105
4312 0.584231 104
4313 0.623327 104
4314 0.623192 104
4315 0.718865 104
4316 0.588615 104
4317 1.735286 105
4318 3.652352 105
4319 1.174333 105
4320 2.217048 105
4321 1.208490 104
4322 1.819538 104
4323 1.709365 104
4324 1.658596 104
4325 1.294962 105
4326 2.686371 105
4327 0.497904 104
4328 0.573865 104
4329 1.590067 105
4330 1.502095 105
4331 1.020819 105
4332 1.520819 105
4333 1.137962 105
4334 1.643343 105
4335 1.650457 105
4336 1.791133 105
4337 3.207781 105
4338 1.153200 105
4339 0.309663 104
4340 1.153790 105
4341 1.228429 105
4342 1.844790 105
4343 1.476371 105
4344 19.885419 105
4345 19.999808 104
4346 19.999680 103
4347 19.999689 103
4348 19.999689 103
4349 19.999670 103
4350 19.999798 104
4351 1.437942 104
4352 1.495087 104
4353 1.515654 104
4354 12.710683 104
4355 14.996962 104
4356 1.518423 104
4357 1.592308 104
4358 16.002192 104
4359 17.524923 104
4360 10.232163 104
4361 8.362728 103
4362 6.150728 103
4363 4.455544 103
4364 3.026029 103
4365 2.663670 103
4366 2.739612 103
4367 2.513010 103
4368 1.654456 103
4369 1.747029 103
4370 1.665010 103
4371 1.544864 103
4372 1.315350 103
4373 1.534816 103
4374 2.157126 103
4375 1.886718 103
4376 1.554660 103
4377 1.318786 103
4378 1.335019 103
4379 0.794394 104
4380 0.233699 103
4381 0.180485 103
4382 0.237728 103
4383 0.455864 103
4384 0.350408 103
4385 0.249068 103
4386 0.221126 103
4387 0.243243 103
4388 8.206894 104
4389 0.867250 104
4390 1.019260 104
4391 0.339330 103
4392 0.463777 103
4393 0.194709 103
4394 0.694663 104
4395 0.217029 103
4396 0.182641 103
4397 0.183262 103
4398 0.188019 103
4399 0.168635 104
4400 1.125402 87
4401 0.375105 86
4402 0.421047 86
4403 0.503535 86
4404 0.374000 86
4405 0.384128 86
4406 1.425264 87
4407 0.676314 86
4408 0.827576 85
4409 0.738200 85
4410 0.579612 85
4411 0.808671 85
4412 1.830402 87
4413 1.331195 87
4414 0.944837 86
4415 0.340709 86
4416 0.477581 86
4417 1.445333 87
4418 1.129770 87
4419 0.763709 86
4420 0.489093 86
4421 1.511552 87
4422 0.972395 86
4423 0.736593 86
4424 0.811047 86
4425 1.731184 87
4426 0.888953 86
4427 0.870671 85
4428 0.616826 86
4429 2.201713 87
4430 0.567138 87
4431 0.436209 86
4432 0.784721 86
4433 1.771368 87
4434 0.364988 86
4435 0.963779 86
4436 0.478988 86
4437 1.199690 87
4438 1.127872 86
4439 0.751302 86
4440 0.422218 87
4441 1.482483 87
4442 0.986128 86
4443 0.553885 87
4444 0.807395 86
4445 1.611667 87
4446 0.756907 86
4447 0.265686 86
4448 0.481419 86
4449 1.405287 87
4450 1.953693 101
4451 0.998267 101
4452 0.534000 101
4453 2.017802 101
4454 1.180416 101
4455 0.393970 101
4456 1.349337 101
4457 0.444070 100
4458 1.406257 101
4459 0.804540 100
4460 1.417000 101
4461 0.487283 99
4462 1.324683 101
4463 0.524800 100
4464 1.535149 101
4465 0.364120 100
4466 1.363426 101
4467 1.515614 101
4468 1.652743 101
4469 0.519990 100
4470 1.412228 101
4471 1.445842 101
4472 0.714870 100
4473 2.300317 101
4474 2.795840 100
4475 1.736158 101
4476 1.301228 101
4477 0.370010 100
4478 1.525851 101
4479 1.345485 101
4480 2.141228 101
4481 1.334743 101
4482 0.961267 101
4483 19.629525 101
4484 2.378772 101
4485 1.526931 101
4486 1.551248 101
4487 1.518208 101
4488 1.622851 101
4489 1.266366 101
4490 1.231525 101
4491 1.271941 101
4492 1.296109 101
4493 0.967099 101
4494 1.147465 101
4495 1.296535 101
4496 1.418911 101
4497 1.105198 101
4498 1.219911 101
4499 2.018822 101
