0 2.211647 119
1 1.081017 119
2 1.072420 119
3 0.753092 119
4 0.803345 119
5 19.089513 119
6 1.661832 119
7 1.868873 118
8 1.639328 119
9 1.067235 119
10 1.745697 119
11 1.392076 119
12 5.770866 119
13 2.539403 119
14 18.455076 119
15 1.534420 119
16 1.901706 119
17 1.910370 119
18 1.335966 119
19 0.448602 118
20 0.598737 118
21 1.708034 119
22 0.567627 118
23 1.743353 119
24 0.795763 118
25 1.578000 119
26 2.251311 119
27 2.281697 119
28 1.888655 119
29 2.535462 119
30 1.424407 118
31 2.804815 119
32 1.296193 119
33 1.462580 119
34 0.987437 119
35 1.021644 118
36 1.081644 118
37 1.930429 119
38 0.469246 118
39 0.473161 118
40 0.540975 118
41 1.472378 119
42 1.521387 119
43 1.564000 119
44 0.431364 118
45 1.284630 119
46 0.631466 118
47 0.712168 119
48 0.231280 118
49 1.564269 119
50 1.497508 118
51 1.786525 118
52 1.309658 117
53 1.561373 118
54 2.381624 117
55 3.125678 118
56 1.573940 117
57 1.814305 118
58 2.693559 118
59 1.641331 118
60 12.528144 118
61 2.168432 118
62 1.677576 118
63 1.467102 118
64 1.579356 118
65 1.624076 118
66 1.702983 118
67 1.609161 118
68 2.256068 118
69 1.465754 118
70 0.321863 117
71 0.306017 118
72 0.356256 117
73 1.855390 118
74 1.209720 118
75 0.793487 117
76 0.610444 117
77 0.549000 117
78 0.566453 117
79 0.747726 117
80 0.565803 117
81 0.462186 118
82 0.986907 118
83 1.152220 118
84 0.499068 117
85 1.267949 118
86 0.494795 117
87 0.450612 116
88 0.540879 116
89 19.830475 118
90 1.020483 118
91 19.614932 118
92 1.138178 118
93 0.932085 118
94 0.890534 118
95 0.908746 118
96 2.014178 118
97 0.758373 118
98 0.201556 117
99 0.220598 117
100 0.613875 96
101 0.445563 96
102 0.250271 96
103 0.278073 96
104 2.069125 96
105 0.443505 95
106 0.393106 94
107 1.623469 96
108 0.399453 95
109 1.443938 96
110 1.312708 96
111 2.342979 96
112 3.204729 96
113 1.205594 96
114 0.331368 95
115 0.365874 95
116 1.115646 96
117 1.023937 96
118 0.326760 96
119 0.377084 95
120 1.749740 96
121 1.123740 96
122 3.537844 96
123 1.239875 96
124 1.257083 96
125 1.346646 96
126 1.169948 96
127 1.239865 96
128 2.229729 96
129 1.861260 96
130 1.972437 96
131 2.033604 96
132 1.835823 96
133 2.573104 96
134 0.749281 96
135 0.653344 96
136 1.642104 96
137 1.719927 96
138 0.392032 95
139 0.443958 95
140 1.051147 95
141 2.180240 96
142 0.442063 95
143 1.463583 96
144 1.315031 96
145 1.298042 96
146 1.968167 96
147 1.489167 96
148 1.808125 96
149 2.352031 96
150 1.455472 108
151 0.394185 108
152 1.506407 108
153 2.086315 108
154 1.635102 108
155 1.264333 108
156 2.580694 108
157 1.699167 108
158 1.728250 108
159 2.044713 108
160 13.968028 108
161 1.438556 108
162 2.535231 108
163 2.352944 108
164 1.444907 108
165 0.392806 108
166 0.317701 107
167 0.993759 108
168 0.516336 107
169 19.815046 108
170 19.629657 108
171 2.946917 108
172 16.362435 108
173 13.509673 107
174 11.655589 107
175 10.700748 107
176 9.064196 107
177 8.177579 107
178 7.046280 107
179 13.166481 108
180 6.537185 108
181 6.122140 107
182 5.136514 107
183 3.948486 107
184 3.745879 107
185 3.215561 107
186 2.403148 108
187 10.946120 108
188 1.581759 108
189 0.535009 108
190 0.372673 107
191 9.750589 107
192 0.610093 107
193 0.217701 107
194 0.204112 107
195 9.939130 108
196 0.655364 107
197 0.220346 107
198 0.223598 107
199 0.194269 108
200 16.567755 102
201 14.690980 101
202 12.825706 102
203 12.541356 101
204 12.127079 101
205 11.367842 101
206 10.854196 102
207 10.176158 101
208 13.788673 101
209 9.454713 101
210 8.274653 101
211 7.837822 101
212 6.866129 101
213 6.327139 101
214 5.602843 102
215 4.486882 102
216 3.903327 101
217 2.783416 101
218 2.191515 101
219 1.382693 101
220 0.876832 101
221 0.650376 101
222 0.271069 101
223 0.441891 101
224 0.466386 101
225 0.439549 102
226 0.463901 101
227 9.658382 102
228 0.938588 102
229 0.701881 101
230 0.695238 101
231 9.907129 101
232 0.776554 101
233 0.419208 101
234 0.429446 101
235 0.489178 101
236 0.424960 101
237 0.572059 101
238 0.492608 102
239 0.278713 101
240 0.219158 101
241 0.305480 102
242 0.308386 101
243 0.227588 102
244 0.241627 102
245 0.244119 101
246 0.246426 101
247 9.452990 101
248 0.587277 101
249 0.226851 101
250 16.549074 108
251 14.318954 108
252 14.243776 107
253 15.668421 107
254 12.723083 108
255 11.836626 107
256 11.769178 107
257 10.533327 107
258 9.984402 107
259 9.604383 107
260 8.867514 107
261 8.244598 107
262 7.209561 107
263 6.639206 107
264 5.886935 107
265 5.172841 107
266 4.037654 107
267 3.257944 108
268 2.536102 108
269 2.288636 107
270 1.435262 107
271 9.934841 107
272 10.128355 107
273 10.068327 107
274 9.727509 108
275 9.939374 107
276 0.724411 107
277 0.766682 107
278 0.426750 108
279 8.760000 107
280 0.749075 107
281 0.445748 107
282 0.412570 107
283 0.233019 107
284 0.407318 107
285 0.185694 108
286 0.200278 108
287 0.209271 107
288 0.247467 107
289 0.185785 107
290 0.251991 108
291 8.567813 107
292 0.567308 107
293 0.237729 107
294 0.400430 107
295 0.380389 108
296 0.405074 108
297 0.371056 107
298 0.403308 107
299 0.327935 107
300 16.590807 109
301 14.496176 108
302 14.111037 108
303 13.408028 108
304 13.029759 108
305 12.855120 108
306 12.497991 108
307 11.422491 108
308 10.909532 109
309 9.376722 108
310 8.709761 109
311 7.522157 108
312 7.131648 108
313 6.370560 109
314 5.504593 108
315 4.788981 108
316 3.821183 109
317 2.920028 109
318 2.741407 108
319 1.827630 108
320 1.272250 108
321 0.501574 108
322 0.507407 108
323 0.491167 108
324 0.551944 108
325 0.434037 108
326 0.283787 108
327 0.268519 108
328 0.276861 108
329 0.240046 109
330 0.245450 109
331 0.316481 108
332 0.281407 108
333 0.443787 108
334 0.593898 108
335 0.429862 109
336 0.439880 108
337 0.459685 108
338 9.243778 108
339 0.709642 109
340 0.217306 108
341 0.277231 108
342 0.214426 108
343 0.209881 109
344 0.413500 108
345 0.402157 108
346 0.390204 108
347 0.215704 108
348 0.223787 108
349 0.192670 109
350 17.681261 115
351 15.685114 114
352 14.751439 114
353 14.125456 114
354 14.083254 114
355 15.648632 114
356 15.755754 114
357 15.782825 114
358 15.646193 114
359 10.401825 114
360 9.192465 114
361 8.471087 115
362 14.129474 114
363 7.705235 115
364 13.499623 114
365 6.366386 114
366 12.375307 114
367 12.315711 114
368 3.973861 115
369 2.898246 114
370 10.652254 114
371 10.623757 115
372 10.562070 114
373 0.907719 114
374 9.758351 114
375 0.783412 114
376 0.232035 114
377 0.386417 115
378 9.412070 114
379 9.713228 114
380 0.575070 115
381 0.382623 114
382 0.410965 115
383 9.036798 114
384 9.295209 115
385 0.767772 114
386 0.365193 114
387 0.369061 114
388 8.611913 115
389 8.859254 114
390 8.764360 114
391 8.507737 114
392 0.667921 114
393 0.327746 114
394 7.876026 114
395 8.116456 114
396 0.478781 114
397 7.444026 115
398 7.838237 114
399 7.293570 114
400 16.719083 109
401 14.916954 109
402 14.706898 108
403 14.126676 108
404 15.513750 108
405 15.774806 108
406 15.790222 108
407 15.910157 108
408 12.609796 108
409 15.064743 109
410 4.494349 109
411 19.999704 108
412 19.999722 108
413 1.233376 109
414 0.913509 108
415 19.999796 108
416 1.031963 109
417 19.999824 108
418 1.109796 108
419 0.896546 108
420 19.999750 108
421 1.080389 108
422 0.790935 108
423 19.632807 109
424 19.999869 107
425 0.804028 107
426 19.632725 109
427 19.999813 107
428 0.727523 107
429 19.814574 108
430 19.814713 108
431 0.786028 107
432 0.546292 106
433 0.666132 106
434 19.999755 106
435 19.999915 106
436 19.812832 107
437 0.644234 107
438 19.999689 106
439 19.999698 106
440 19.813047 107
441 0.753368 106
442 19.812860 107
443 19.999887 106
444 19.999743 105
445 0.922105 105
446 19.811075 106
447 0.779800 105
448 19.999752 105
449 0.949245 106
450 19.999955 111
451 19.752764 110
452 19.999908 109
453 19.999688 109
454 1.406082 110
455 19.999651 109
456 1.366569 109
457 1.084082 110
458 19.999734 109
459 18.190755 110
460 1.393973 110
461 1.036555 110
462 0.274861 108
463 0.623101 109
464 0.313287 108
465 1.153545 110
466 0.549752 109
467 0.583826 109
468 0.586000 109
469 0.341119 109
470 0.576945 110
471 0.596882 110
472 0.596055 109
473 0.543349 109
474 0.551147 109
475 0.583339 109
476 0.522358 109
477 0.503679 109
478 0.588527 110
479 0.552404 109
480 0.566764 110
481 0.507248 109
482 19.664636 110
483 0.740845 110
484 0.226220 109
485 0.212789 109
486 0.693818 110
487 0.301418 110
488 0.178532 109
489 0.850555 110
490 0.700609 110
491 0.174138 109
492 0.195862 109
493 0.862727 110
494 0.209385 109
495 0.246349 109
496 1.609100 110
497 0.203560 109
498 0.776536 110
499 19.819918 110
500 19.832034 117
501 1.505880 117
502 0.369730 115
503 2.297949 117
504 1.573632 117
505 0.759681 116
506 0.742569 116
507 0.727650 117
508 1.277769 117
509 0.484095 116
510 3.046205 117
511 1.743590 117
512 1.058256 117
513 4.071949 117
514 1.684598 117
515 1.155932 117
516 2.035769 117
517 1.043436 117
518 1.098906 117
519 1.356487 117
520 1.871940 117
521 1.023803 117
522 1.054829 117
523 1.248786 117
524 1.526872 117
525 1.349684 117
526 1.936966 117
527 2.072641 117
528 1.279282 117
529 1.220462 117
530 3.286402 117
531 1.997819 116
532 1.337880 117
533 0.571231 117
534 0.608949 117
535 0.566778 117
536 0.600821 117
537 0.545256 117
538 1.995855 117
539 0.559974 117
540 1.117661 115
541 0.721452 115
542 1.312821 117
543 2.694932 117
544 0.915702 114
545 0.831957 117
546 0.921009 117
547 1.147325 117
548 1.924265 117
549 1.263256 117
550 2.792581 105
551 3.536762 105
552 0.725210 105
553 0.613362 105
554 0.736057 105
555 0.546362 105
556 0.689114 105
557 0.930790 105
558 0.788743 105
559 1.950162 105
560 0.637010 105
561 1.079686 105
562 0.920067 105
563 0.626676 105
564 0.552543 105
565 1.171533 105
566 0.557438 105
567 6.672743 105
568 1.933400 105
569 2.678771 105
570 0.995686 105
571 2.778905 105
572 1.054635 104
573 1.006952 105
574 1.225932 103
575 0.657068 103
576 0.806933 104
577 0.690874 103
578 1.640914 105
579 1.020990 105
580 1.240286 105
581 1.076514 105
582 0.927171 105
583 1.133590 105
584 1.083010 105
585 0.981533 105
586 2.447629 105
587 1.995248 105
588 1.873410 105
589 1.259419 105
590 0.905114 105
591 1.866248 105
592 2.066619 105
593 2.339495 105
594 1.827143 105
595 1.871029 105
596 1.830000 105
597 1.875448 105
598 2.491352 105
599 1.987429 105
600 2.610069 116
601 1.895112 116
602 1.975845 116
603 4.039103 116
604 2.144741 116
605 1.934357 115
606 1.783800 115
607 1.736687 115
608 3.105853 116
609 2.301216 116
610 1.428828 116
611 2.812681 116
612 1.889061 115
613 1.753496 115
614 1.759530 115
615 2.181243 115
616 4.395086 116
617 3.535278 115
618 3.390948 116
619 1.038824 108
620 3.334017 116
621 2.949405 116
622 8.414052 116
623 6.611921 114
624 2.870000 116
625 2.447534 116
626 2.499578 116
627 1.396142 113
628 1.460807 114
629 1.127693 114
630 2.287612 116
631 1.702724 116
632 0.489843 115
633 0.539643 115
634 2.422241 116
635 1.683896 115
636 2.604586 116
637 2.553836 116
638 2.748000 116
639 2.940741 116
640 2.579793 116
641 2.431930 114
642 3.438362 116
643 3.347069 116
644 3.000190 116
645 2.874112 116
646 2.399578 116
647 1.849948 116
648 1.905724 116
649 2.045905 116
650 17.855179 112
651 1.929875 112
652 0.837144 111
653 2.487241 112
654 2.499643 112
655 4.477598 112
656 1.189009 110
657 3.184964 112
658 2.104884 112
659 10.280250 112
660 1.350883 111
661 2.606929 112
662 0.868073 110
663 1.562232 112
664 13.848071 112
665 3.532188 112
666 3.106268 112
667 2.747429 112
668 0.786658 111
669 2.253580 112
670 0.750036 111
671 2.193741 112
672 1.561616 112
673 1.482420 112
674 3.425411 112
675 3.437036 112
676 4.380580 112
677 1.619098 112
678 2.958795 112
679 3.182161 112
680 2.199179 112
681 4.827839 112
682 4.193446 112
683 19.715393 112
684 1.631759 112
685 2.138339 112
686 1.832321 112
687 2.472866 112
688 2.955679 112
689 1.984884 112
690 1.928179 112
691 3.017366 112
692 3.957786 112
693 3.564446 112
694 3.092893 112
695 2.656804 112
696 1.991786 112
697 14.106179 112
698 3.868964 112
699 1.727616 112
700 4.229058 104
701 4.000750 104
702 3.433788 104
703 2.514202 104
704 2.548788 104
705 5.369712 104
706 3.445288 104
707 2.638587 104
708 2.195596 104
709 2.401490 104
710 4.431240 104
711 3.464500 104
712 3.436442 104
713 2.052654 104
714 5.917587 104
715 2.236231 104
716 7.692837 104
717 2.899875 104
718 3.851298 104
719 1.867846 104
720 3.588885 104
721 3.788923 104
722 1.586048 104
723 2.012885 104
724 2.172779 104
725 3.976010 104
726 8.811202 104
727 9.094212 104
728 9.391544 103
729 7.591971 104
730 12.227592 103
731 12.709495 103
732 12.151456 103
733 13.186524 103
734 11.272456 103
735 15.080699 103
736 0.783808 104
737 1.346337 104
738 2.086423 104
739 0.665592 103
740 0.635816 103
741 1.309683 104
742 0.260369 103
743 0.235612 103
744 15.529875 104
745 1.810779 104
746 0.871788 104
747 0.213845 103
748 0.207365 104
749 0.650673 104
750 1.735794 102
751 1.374902 102
752 1.349078 102
753 0.384198 101
754 1.242794 102
755 2.395382 102
756 2.142843 102
757 5.428098 102
758 0.841882 102
759 1.052216 102
760 0.707198 101
761 0.939347 101
762 2.558245 102
763 0.526713 101
764 0.502733 101
765 1.663167 102
766 1.417653 101
767 0.471800 100
768 1.633559 102
769 1.341723 101
770 0.442337 101
771 3.030618 102
772 5.451436 101
773 5.217422 102
774 1.469676 102
775 1.294255 102
776 1.773353 102
777 1.499804 102
778 3.807725 102
779 1.585863 102
780 1.160284 102
781 1.350392 102
782 1.464794 102
783 1.629029 102
784 1.478108 102
785 1.059078 102
786 0.404713 101
787 1.147608 102
788 0.468040 101
789 1.475373 102
790 1.358353 102
791 2.429206 102
792 0.349840 100
793 1.160608 102
794 1.006843 102
795 1.183902 102
796 0.985039 102
797 1.351549 102
798 1.445588 102
799 1.130716 102
800 2.727957 115
801 1.227348 115
802 0.999791 115
803 17.997913 115
804 1.205325 114
805 1.474713 115
806 1.384544 114
807 1.528609 115
808 1.238330 115
809 1.310296 115
810 0.384649 114
811 1.067783 115
812 1.610635 115
813 0.329851 114
814 1.178200 115
815 1.980113 115
816 2.176748 115
817 11.882191 115
818 14.303365 115
819 15.789565 115
820 16.094739 115
821 15.105922 115
822 1.358852 115
823 1.514070 115
824 7.171000 115
825 0.903374 115
826 1.857365 115
827 1.693530 115
828 0.871026 115
829 1.352513 115
830 1.915530 115
831 2.403087 115
832 3.534287 115
833 1.012904 115
834 0.981104 115
835 1.544130 115
836 0.890939 115
837 1.069339 115
838 0.808357 115
839 0.719939 115
840 2.236200 115
841 3.722113 115
842 0.698870 115
843 0.645365 115
844 0.961887 115
845 0.924704 115
846 1.915400 115
847 0.681991 115
848 0.669322 115
849 0.668574 115
850 6.573140 114
851 1.347623 114
852 0.496681 113
853 1.381018 114
854 1.121693 114
855 0.405487 113
856 0.400823 113
857 1.341377 114
858 0.427088 113
859 0.376991 113
860 1.183193 114
861 1.267202 114
862 1.293061 114
863 2.049211 114
864 0.955044 114
865 1.202588 114
866 3.177167 114
867 17.877018 113
868 6.377464 112
869 6.411027 112
870 18.702735 113
871 19.244143 112
872 19.476705 112
873 13.556921 114
874 8.681554 112
875 3.501375 112
876 19.504696 112
877 7.873496 113
878 19.164179 112
879 8.926250 112
880 18.795045 112
881 19.130911 112
882 15.821009 113
883 11.356301 113
884 1.409063 112
885 17.974904 114
886 5.698848 112
887 6.711179 112
888 7.390333 111
889 2.416838 111
890 3.248928 111
891 1.965759 112
892 15.013345 113
893 17.077313 112
894 14.132679 112
895 1.502124 113
896 0.223402 112
897 0.172714 112
898 0.571973 113
899 0.175402 112
900 0.456358 109
901 1.452817 109
902 2.494064 109
903 1.367889 108
904 1.206963 108
905 1.315872 109
906 0.353211 109
907 0.326074 108
908 1.463807 109
909 0.317926 108
910 0.308789 109
911 1.289514 109
912 0.376500 108
913 0.354870 108
914 1.231615 109
915 0.355486 107
916 1.167523 109
917 19.999954 109
918 19.816294 109
919 19.816459 109
920 19.999704 108
921 19.999917 108
922 19.814556 108
923 19.999916 107
924 19.999748 107
925 19.999981 107
926 19.814528 108
927 19.814750 108
928 19.814509 108
929 19.814713 108
930 19.999682 107
931 0.764413 109
932 1.007817 109
933 0.271583 108
934 0.203861 108
935 0.208556 108
936 0.698463 108
937 0.235667 108
938 0.257092 109
939 1.128972 109
940 0.175204 108
941 0.197019 108
942 0.252407 108
943 0.187454 108
944 1.084679 109
945 0.910835 109
946 0.245685 108
947 0.431741 108
948 0.575505 109
949 0.168639 108
950 0.500832 107
951 0.317234 107
952 1.177841 107
953 0.854066 106
954 1.441888 107
955 0.668019 106
956 1.335542 107
957 0.368406 106
958 0.335519 106
959 0.488943 106
960 1.218280 107
961 0.458224 107
962 0.318849 106
963 0.336226 106
964 1.301262 107
965 1.410897 107
966 0.406038 106
967 4.194196 107
968 3.196623 106
969 3.096774 106
970 3.135557 106
971 2.993292 106
972 4.291009 107
973 1.181897 107
974 1.273832 107
975 0.352037 107
976 1.080215 107
977 1.275673 107
978 1.000140 107
979 1.060103 107
980 1.431766 107
981 8.051374 107
982 0.700355 107
983 1.720168 107
984 1.277252 107
985 2.219047 107
986 0.643000 107
987 1.203813 107
988 1.109935 107
989 19.913439 107
990 1.515589 107
991 1.353579 107
992 1.024897 107
993 1.000486 107
994 1.271495 107
995 1.257234 107
996 0.707692 107
997 1.358607 107
998 0.766645 107
999 0.901981 107
1000 0.857471 87
1001 0.975828 87
1002 2.359701 87
1003 1.262736 87
1004 1.203690 87
1005 1.227632 87
1006 0.992966 87
1007 1.698069 87
1008 2.256793 87
1009 1.174644 87
1010 0.929276 87
1011 1.259529 87
1012 1.202023 87
1013 1.290310 87
1014 1.071310 87
1015 1.438149 87
1016 1.128816 87
1017 0.401663 86
1018 0.344512 86
1019 0.381782 87
1020 0.363733 86
1021 0.356953 86
1022 0.380598 87
1023 0.362419 86
1024 0.382477 86
1025 0.437126 87
1026 0.386105 86
1027 0.398477 86
1028 0.392655 87
1029 0.383581 86
1030 0.340506 85
1031 0.395779 86
1032 1.166151 86
1033 0.284214 84
1034 0.263631 84
1035 0.962953 86
1036 0.282235 85
1037 1.296244 86
1038 0.269106 85
1039 0.376718 85
1040 1.119965 86
1041 0.267141 85
1042 1.261779 86
1043 3.563151 86
1044 0.531541 85
1045 0.446882 85
1046 1.271930 86
1047 0.441659 85
1048 0.463212 85
1049 8.132837 86
1050 8.399245 106
1051 7.877425 106
1052 7.058552 105
1053 1.362047 106
1054 0.390221 104
1055 1.256689 106
1056 0.319509 106
1057 0.422010 105
1058 1.363887 106
1059 0.348856 104
1060 0.350567 104
1061 1.654415 106
1062 0.928143 105
1063 0.705495 105
1064 0.786381 105
1065 0.518429 105
1066 1.439819 105
1067 0.489590 105
1068 0.563689 106
1069 0.434219 105
1070 0.516152 105
1071 0.836581 105
1072 0.521124 105
1073 0.698619 105
1074 1.903189 106
1075 0.515651 106
1076 0.668571 105
1077 0.586429 105
1078 0.688048 105
1079 1.396743 105
1080 0.621410 105
1081 0.440562 105
1082 0.735524 105
1083 0.600660 106
1084 0.636552 105
1085 0.329419 105
1086 0.522462 106
1087 2.516868 106
1088 1.866410 105
1089 1.860286 105
1090 2.694377 106
1091 2.274179 106
1092 1.952124 105
1093 1.961133 105
1094 1.576877 106
1095 16.414009 106
1096 1.132491 106
1097 0.398581 105
1098 0.375133 105
1099 0.288415 106
1100 0.912549 122
1101 1.286139 122
1102 7.296405 121
1103 11.458451 122
1104 11.575377 122
1105 11.292164 122
1106 11.660705 122
1107 10.734443 122
1108 1.136074 122
1109 0.284198 121
1110 0.305950 121
1111 0.317736 121
1112 6.339295 122
1113 1.577917 120
1114 11.228975 122
1115 7.227500 122
1116 6.710475 122
1117 1.056516 122
1118 1.129779 122
1119 1.116861 122
1120 0.755180 122
1121 0.544025 121
1122 0.961287 122
1123 0.241926 121
1124 0.277116 121
1125 7.300631 122
1126 0.922492 122
1127 0.230843 121
1128 0.219320 122
1129 0.937615 122
1130 0.893287 122
1131 1.745615 122
1132 1.089156 122
1133 0.336443 122
1134 0.994631 122
1135 0.750164 122
1136 0.991744 121
1137 1.546762 122
1138 0.331500 120
1139 2.021057 122
1140 0.905926 122
1141 1.174041 122
1142 0.772139 122
1143 1.399828 122
1144 0.599041 122
1145 0.940516 122
1146 0.764230 122
1147 0.727762 122
1148 0.764197 122
1149 0.718754 122
1150 0.499072 111
1151 0.356180 111
1152 0.449036 111
1153 1.798550 111
1154 0.551600 110
1155 0.580691 110
1156 1.596315 111
1157 0.391427 110
1158 1.165126 111
1159 0.359400 110
1160 2.982586 111
1161 1.010982 110
1162 1.260099 111
1163 0.449279 111
1164 0.351336 110
1165 1.319009 111
1166 1.304532 111
1167 1.164784 111
1168 0.972577 111
1169 0.342532 111
1170 2.205811 111
1171 0.501000 110
1172 1.498820 111
1173 0.648245 110
1174 1.797568 111
1175 0.603073 109
1176 1.335649 111
1177 0.624991 110
1178 1.479351 111
1179 0.659809 110
1180 1.387550 111
1181 0.597651 109
1182 0.883757 111
1183 1.220883 111
1184 1.492694 111
1185 0.399209 110
1186 1.263730 111
1187 1.113622 111
1188 16.388838 111
1189 15.907703 111
1190 2.050009 111
1191 1.493450 111
1192 1.541883 111
1193 1.092586 111
1194 0.329245 110
1195 0.879901 111
1196 0.323712 111
1197 1.009153 111
1198 1.259261 111
1199 0.324891 110
1200 2.859496 113
1201 1.179221 113
1202 1.029973 113
1203 0.357912 113
1204 1.180876 113
1205 0.355319 113
1206 2.096407 113
1207 0.722796 113
1208 0.635469 113
1209 0.769761 113
1210 11.799885 113
1211 3.665965 113
1212 7.148717 113
1213 17.284743 113
1214 2.573212 113
1215 1.700416 113
1216 1.343133 113
1217 1.300035 113
1218 1.043018 113
1219 1.744929 113
1220 1.252655 113
1221 16.083204 113
1222 1.314372 113
1223 0.906212 113
1224 0.994876 113
1225 0.841407 113
1226 1.138159 113
1227 3.371044 113
1228 0.782221 113
1229 0.671841 113
1230 2.209478 113
1231 1.005133 113
1232 0.773814 113
1233 0.820982 113
1234 0.944212 113
1235 1.996832 113
1236 0.792558 113
1237 0.894212 113
1238 0.803593 113
1239 0.855681 113
1240 0.330522 113
1241 1.198664 113
1242 1.454434 113
1243 9.206558 113
1244 0.732292 113
1245 0.975956 113
1246 1.157177 113
1247 1.719655 113
1248 1.289097 113
1249 1.752814 113
1250 2.991737 114
1251 1.218825 114
1252 0.312026 114
1253 0.342407 113
1254 1.596930 114
1255 1.266886 114
1256 0.412487 113
1257 5.558377 114
1258 1.175377 114
1259 1.647553 114
1260 1.279518 114
1261 1.389193 114
1262 2.008939 114
1263 1.291237 114
1264 2.063088 114
1265 1.587211 114
1266 0.428464 112
1267 1.371570 114
1268 2.038658 114
1269 1.471886 114
1270 0.374375 112
1271 0.287830 112
1272 0.285375 112
1273 0.336912 113
1274 0.372625 112
1275 0.359991 112
1276 0.287000 112
1277 3.451158 114
1278 20.000000 114
1279 1.247114 114
1280 2.080368 114
1281 1.867667 114
1282 2.115430 114
1283 1.888886 114
1284 1.649079 114
1285 1.126193 114
1286 0.250929 113
1287 0.255487 113
1288 0.411614 114
1289 0.235614 114
1290 5.279237 114
1291 1.129956 114
1292 1.237211 114
1293 0.814430 114
1294 1.018956 114
1295 1.312491 114
1296 0.810175 114
1297 0.914754 114
1298 1.921421 114
1299 0.903632 114
1300 1.531936 110
1301 0.760864 110
1302 0.633745 110
1303 5.332436 110
1304 1.962459 109
1305 2.821609 110
1306 3.014364 110
1307 1.725800 110
1308 0.577349 109
1309 0.575193 109
1310 1.119582 110
1311 0.295972 108
1312 0.341389 108
1313 0.325056 108
1314 2.299255 110
1315 1.348082 110
1316 0.335239 109
1317 1.286482 110
1318 1.236900 110
1319 0.371972 109
1320 1.130682 110
1321 0.306459 109
1322 3.881273 110
1323 5.239413 109
1324 1.066127 110
1325 1.144591 110
1326 1.082327 110
1327 1.951227 110
1328 1.413300 110
1329 6.498082 110
1330 1.873091 110
1331 1.054655 110
1332 1.265736 110
1333 1.039355 110
1334 2.594882 110
1335 2.368009 109
1336 2.074440 109
1337 2.023110 109
1338 1.383818 110
1339 1.368147 109
1340 1.439633 109
1341 1.827110 109
1342 2.089165 109
1343 1.922459 109
1344 1.096670 109
1345 0.865872 109
1346 1.546982 110
1347 1.346200 110
1348 1.547727 110
1349 1.151174 109
1350 2.303460 100
1351 1.480657 99
1352 1.439859 99
1353 1.728970 100
1354 1.706990 99
1355 1.366263 99
1356 1.291800 100
1357 1.482293 99
1358 1.070830 100
1359 1.500495 99
1360 1.676869 99
1361 1.489394 99
1362 1.411475 99
1363 1.362303 99
1364 1.615283 99
1365 1.455310 100
1366 1.454879 99
1367 1.608470 100
1368 0.862121 99
1369 1.374192 99
1370 1.415182 99
1371 1.080960 100
1372 1.099374 99
1373 1.024920 100
1374 1.065343 99
1375 1.025970 99
1376 1.406273 99
1377 1.001727 99
1378 0.618210 100
1379 0.839939 99
1380 1.172980 100
1381 0.974374 99
1382 1.065820 100
1383 1.176152 99
1384 0.666778 99
1385 0.882232 99
1386 1.307190 100
1387 1.084061 99
1388 0.428444 99
1389 0.505670 100
1390 0.503374 99
1391 0.740061 99
1392 0.636556 99
1393 1.307303 99
1394 0.691212 99
1395 0.661162 99
1396 0.470192 99
1397 0.482465 99
1398 0.399180 100
1399 0.495434 99
1400 1.479724 98
1401 0.819592 98
1402 1.900949 98
1403 0.360258 97
1404 0.440649 97
1405 0.503495 97
1406 0.402113 97
1407 1.074031 97
1408 0.563847 98
1409 0.489845 97
1410 0.611227 97
1411 0.577330 97
1412 0.458464 97
1413 0.698361 97
1414 0.765845 97
1415 0.410814 97
1416 0.691835 97
1417 1.386367 98
1418 1.083680 97
1419 0.611814 97
1420 0.676979 97
1421 0.439306 98
1422 0.422577 97
1423 0.463773 97
1424 1.438186 97
1425 0.724464 97
1426 0.612206 97
1427 0.701320 97
1428 0.470619 97
1429 0.735443 97
1430 0.524299 97
1431 0.519113 97
1432 0.894495 97
1433 1.283449 98
1434 0.294041 97
1435 19.815796 98
1436 17.255701 97
1437 19.409776 98
1438 19.820073 96
1439 19.792073 96
1440 4.012806 98
1441 0.251816 98
1442 0.879878 98
1443 9.713143 98
1444 0.562825 97
1445 0.697505 97
1446 0.503423 97
1447 0.438175 97
1448 0.508082 98
1449 0.963969 98
1450 0.992370 92
1451 0.510935 92
1452 0.423435 92
1453 0.373457 92
1454 19.030511 92
1455 1.101870 92
1456 0.837957 92
1457 1.534750 92
1458 1.074367 90
1459 1.646902 92
1460 1.322000 92
1461 0.369424 92
1462 1.262533 92
1463 0.402880 92
1464 2.213207 92
1465 1.302143 91
1466 0.393890 91
1467 0.380217 92
1468 1.137109 92
1469 1.314804 92
1470 1.332098 92
1471 1.438837 92
1472 0.407789 90
1473 0.458556 90
1474 0.768152 92
1475 0.444946 92
1476 1.258163 92
1477 0.391256 90
1478 1.395750 92
1479 1.662380 92
1480 1.796446 92
1481 2.897935 92
1482 1.472826 92
1483 1.986457 92
1484 1.122739 92
1485 2.073489 92
1486 1.337120 92
1487 1.304598 92
1488 1.245772 92
1489 1.183457 92
1490 1.820207 92
1491 1.182728 92
1492 1.293717 92
1493 1.162424 92
1494 1.285750 92
1495 3.375120 92
1496 1.055043 92
1497 1.278457 92
1498 1.161739 92
1499 1.467380 92
1500 3.175761 109
1501 1.080413 109
1502 2.386358 109
1503 1.909532 109
1504 1.260349 109
1505 1.129156 109
1506 1.164000 109
1507 0.977110 109
1508 1.353440 109
1509 1.230211 109
1510 1.129936 109
1511 3.526110 109
1512 2.796706 109
1513 2.105220 109
1514 1.909367 109
1515 1.299661 109
1516 0.441550 109
1517 2.653339 109
1518 5.041398 108
1519 7.396056 108
1520 20.000000 107
1521 1.582083 109
1522 0.457450 109
1523 0.609278 108
1524 0.259509 108
1525 0.421824 108
1526 0.854537 108
1527 0.307898 108
1528 0.505945 109
1529 0.616936 109
1530 0.521844 109
1531 0.597266 109
1532 1.383257 109
1533 0.320815 108
1534 0.308935 108
1535 0.379296 108
1536 5.049339 109
1537 0.573019 107
1538 0.542178 107
1539 0.532009 108
1540 1.481945 109
1541 1.134202 109
1542 1.108358 109
1543 1.129269 108
1544 1.192870 108
1545 1.090780 109
1546 1.288899 109
1547 1.268385 109
1548 1.477431 109
1549 0.303361 108
1550 1.013295 122
1551 1.606123 122
1552 1.562541 122
1553 1.922459 122
1554 1.489197 122
1555 1.646295 122
1556 3.701270 122
1557 0.908475 122
1558 1.957262 122
1559 1.091828 122
1560 1.469770 122
1561 1.667418 122
1562 1.041115 122
1563 2.072402 122
1564 1.198254 122
1565 0.356098 122
1566 0.336336 122
1567 0.322512 121
1568 6.681303 122
1569 6.319884 121
1570 5.513421 121
1571 1.112836 122
1572 0.801785 121
1573 1.454680 122
1574 0.638861 122
1575 11.115311 122
1576 1.279893 122
1577 8.784254 122
1578 3.081910 122
1579 1.288393 122
1580 1.162240 121
1581 0.360158 120
1582 0.293217 120
1583 0.296592 120
1584 3.523231 121
1585 2.155592 120
1586 1.537562 121
1587 0.611271 118
1588 1.970940 117
1589 0.576475 118
1590 0.656237 118
1591 0.611252 119
1592 0.685303 119
1593 0.570504 117
1594 0.692420 119
1595 6.638641 117
1596 0.499393 117
1597 0.557538 117
1598 0.976289 121
1599 0.230333 120
1600 0.744781 114
1601 1.066702 114
1602 0.322549 113
1603 0.507885 113
1604 0.314389 113
1605 0.965693 114
1606 0.276912 114
1607 0.282239 113
1608 1.490561 114
1609 0.416097 113
1610 0.399681 113
1611 1.067035 114
1612 0.307693 114
1613 1.449711 114
1614 0.287018 114
1615 1.167070 114
1616 0.483009 113
1617 0.563027 113
1618 0.437575 113
1619 0.515920 113
1620 1.632325 114
1621 0.410867 113
1622 0.394204 113
1623 1.471789 114
1624 2.437781 114
1625 0.493455 112
1626 1.876912 114
1627 0.436230 113
1628 1.958149 114
1629 0.521728 114
1630 1.520921 114
1631 0.854956 113
1632 1.783632 114
1633 0.607982 113
1634 0.763274 113
1635 2.849114 114
1636 20.000000 114
1637 20.000000 113
1638 19.823204 113
1639 1.027904 114
1640 1.774693 114
1641 1.958596 114
1642 1.092316 114
1643 0.282554 112
1644 0.753921 114
1645 0.240912 114
1646 0.965395 114
1647 0.251354 113
1648 1.089325 114
1649 1.868991 114
1650 0.954394 104
1651 1.440250 104
1652 1.127192 104
1653 1.540452 104
1654 19.248904 104
1655 1.915029 103
1656 0.797718 103
1657 1.575825 103
1658 1.823466 103
1659 1.330437 103
1660 0.816932 103
1661 0.855922 103
1662 1.456757 103
1663 1.456893 103
1664 2.487670 103
1665 0.328882 102
1666 0.416971 102
1667 2.360951 103
1668 0.429475 101
1669 0.390627 102
1670 1.897757 103
1671 0.377158 101
1672 18.159252 103
1673 17.759379 103
1674 18.178765 102
1675 18.503272 103
1676 18.818245 102
1677 19.026000 102
1678 18.946311 103
1679 14.584814 102
1680 18.352333 102
1681 1.851563 103
1682 1.091942 103
1683 0.140175 103
1684 0.152618 102
1685 1.191350 103
1686 0.608204 103
1687 1.849447 103
1688 1.012427 103
1689 0.936738 103
1690 4.589544 103
1691 1.271951 103
1692 3.929738 103
1693 1.642146 103
1694 0.664330 103
1695 0.153175 103
1696 0.619612 103
1697 0.156559 102
1698 0.840223 103
1699 0.196314 102
1700 1.129949 98
1701 0.448092 98
1702 0.337173 98
1703 1.517704 98
1704 0.791867 98
1705 0.983276 98
1706 0.318041 98
1707 0.344237 97
1708 0.266515 97
1709 0.332041 98
1710 1.579061 98
1711 0.486588 97
1712 0.545175 97
1713 0.599608 97
1714 1.207306 98
1715 1.189857 98
1716 1.648980 98
1717 0.433691 97
1718 0.411103 97
1719 1.771796 98
1720 1.795337 98
1721 1.596092 98
1722 1.649194 98
1723 1.208929 98
1724 1.475347 98
1725 1.566510 98
1726 9.504500 98
1727 2.755796 98
1728 1.242814 97
1729 1.995133 98
1730 2.093092 98
1731 1.547092 98
1732 1.356051 98
1733 2.551051 98
1734 1.064224 98
1735 1.415816 98
1736 1.102735 98
1737 1.260490 98
1738 1.182520 98
1739 1.471765 98
1740 3.433806 98
1741 1.470224 98
1742 5.799673 98
1743 1.862776 98
1744 0.878173 98
1745 1.004622 98
1746 1.088112 98
1747 2.915245 98
1748 2.243020 98
1749 1.707776 98
1750 1.593049 123
1751 1.034683 123
1752 0.957447 123
1753 1.247260 123
1754 0.401366 123
1755 0.328992 123
1756 1.900593 123
1757 1.058049 123
1758 1.860821 123
1759 3.221447 123
1760 1.364172 122
1761 1.065295 122
1762 0.849066 122
1763 0.793639 122
1764 1.008805 123
1765 1.069148 122
1766 1.049492 122
1767 0.902590 122
1768 0.839328 122
1769 1.447081 123
1770 0.999350 123
1771 2.080480 123
1772 2.256919 123
1773 0.928789 123
1774 1.307854 123
1775 1.350187 123
1776 2.674593 123
1777 1.067593 123
1778 0.533537 123
1779 0.933049 123
1780 0.921528 123
1781 1.542837 123
1782 1.121293 123
1783 0.474780 123
1784 1.205033 123
1785 2.689545 123
1786 9.694496 123
1787 15.664590 122
1788 1.013455 123
1789 0.913016 123
1790 0.730862 123
1791 17.172846 123
1792 0.841919 123
1793 0.254707 123
1794 0.255943 123
1795 1.475683 123
1796 1.337098 123
1797 0.460504 123
1798 1.667252 123
1799 1.189171 123
1800 1.471957 117
1801 0.786513 117
1802 1.712863 117
1803 1.857718 117
1804 0.638871 116
1805 2.716239 117
1806 1.716897 117
1807 2.198043 117
1808 1.640188 117
1809 2.282393 117
1810 1.730077 117
1811 16.751718 117
1812 2.354385 117
1813 2.574538 117
1814 0.359353 116
1815 0.380491 116
1816 1.742624 117
1817 0.834949 117
1818 1.201838 117
1819 1.363068 117
1820 1.133556 117
1821 4.355828 116
1822 2.431448 116
1823 0.387707 116
1824 0.346638 116
1825 1.342897 117
1826 1.378915 117
1827 9.011231 117
1828 9.160871 116
1829 9.457595 116
1830 1.180547 117
1831 1.951795 117
1832 0.717207 116
1833 1.193256 117
1834 1.744897 117
1835 0.933427 117
1836 0.322474 116
1837 1.110607 117
1838 1.881179 117
1839 0.884641 117
1840 1.095863 117
1841 1.308479 117
1842 1.223000 117
1843 1.027068 117
1844 0.904829 117
1845 1.231615 117
1846 0.993368 117
1847 1.414949 117
1848 1.217778 117
1849 1.247496 117
1850 1.540427 110
1851 1.631827 110
1852 1.931782 110
1853 1.534973 110
1854 0.453853 109
1855 0.434991 109
1856 2.635627 110
1857 1.785064 110
1858 1.246000 110
1859 0.677564 110
1860 1.370309 110
1861 1.177627 110
1862 11.200764 110
1863 5.715164 110
1864 4.502780 109
1865 1.602527 110
1866 1.624964 110
1867 0.514358 109
1868 3.604055 110
1869 2.177624 109
1870 1.412491 110
1871 1.508964 110
1872 18.353727 110
1873 19.467418 110
1874 19.192191 110
1875 1.788327 110
1876 1.055482 110
1877 1.270927 110
1878 0.320168 107
1879 0.374431 109
1880 1.092836 110
1881 0.652409 110
1882 0.658000 108
1883 0.259710 107
1884 1.596482 110
1885 0.293047 107
1886 0.342766 107
1887 3.132927 110
1888 2.449973 110
1889 0.865697 109
1890 2.034409 110
1891 0.795155 110
1892 1.347209 110
1893 0.825473 110
1894 1.052900 110
1895 0.399440 109
1896 0.414917 109
1897 1.355873 110
1898 1.094055 110
1899 0.724436 110
1900 7.848700 110
1901 1.152191 110
1902 1.195518 110
1903 4.145873 110
1904 2.166127 110
1905 1.724800 110
1906 0.690673 110
1907 0.970073 110
1908 0.711609 110
1909 0.751091 110
1910 0.788382 110
1911 1.148173 110
1912 1.148573 110
1913 0.351688 109
1914 0.423027 110
1915 0.426945 109
1916 0.376736 110
1917 0.318136 110
1918 0.336156 109
1919 0.315385 109
1920 0.407218 110
1921 0.470211 109
1922 0.405899 109
1923 0.376771 109
1924 0.360918 110
1925 0.324300 110
1926 0.459845 110
1927 0.367908 109
1928 0.382972 109
1929 0.417752 109
1930 0.341400 110
1931 0.521773 110
1932 0.441927 109
1933 0.436413 109
1934 0.370982 109
1935 0.340752 109
1936 1.328345 110
1937 0.260764 110
1938 0.295191 110
1939 1.138800 110
1940 0.588836 110
1941 0.347309 110
1942 14.253209 110
1943 1.252718 110
1944 0.554236 110
1945 0.528509 110
1946 0.630245 110
1947 0.919627 110
1948 0.311064 109
1949 15.692275 109
1950 0.944133 105
1951 15.785876 105
1952 0.830019 105
1953 0.912962 105
1954 1.123086 105
1955 0.407105 105
1956 1.245086 105
1957 1.803010 105
1958 2.991571 105
1959 0.669552 105
1960 0.698105 105
1961 0.771076 105
1962 19.999676 105
1963 19.999667 105
1964 0.871400 105
1965 3.141610 105
1966 0.876495 105
1967 1.982400 105
1968 1.061343 105
1969 0.707905 105
1970 1.124610 105
1971 18.445381 105
1972 1.302981 105
1973 1.567486 105
1974 1.274924 105
1975 1.152029 105
1976 0.832981 105
1977 0.691790 105
1978 0.830143 105
1979 2.466600 105
1980 1.175905 105
1981 0.946676 105
1982 0.249676 105
1983 0.246058 104
1984 0.363683 104
1985 1.922105 105
1986 1.227800 105
1987 0.916476 105
1988 0.609724 105
1989 0.227724 105
1990 0.843200 105
1991 0.242202 104
1992 0.413438 105
1993 0.295413 104
1994 0.671581 105
1995 0.203495 105
1996 0.240800 105
1997 2.424267 105
1998 2.249314 105
1999 1.932724 105
2000 3.476271 118
2001 3.356492 118
2002 3.848864 118
2003 3.530839 118
2004 1.882068 118
2005 1.377627 118
2006 1.111059 118
2007 1.735153 118
2008 0.581863 117
2009 1.463686 118
2010 1.682128 117
2011 1.294907 118
2012 0.453793 116
2013 0.394966 117
2014 1.203653 118
2015 1.113407 118
2016 2.389610 118
2017 2.372754 118
2018 1.082398 118
2019 1.450237 118
2020 1.242195 118
2021 1.256864 118
2022 0.908424 118
2023 1.431534 118
2024 2.007712 118
2025 1.874288 118
2026 1.648246 118
2027 1.449669 118
2028 1.515983 118
2029 11.512161 118
2030 2.112339 118
2031 1.424551 118
2032 0.911712 118
2033 1.781729 118
2034 3.106271 118
2035 1.433415 118
2036 1.685008 118
2037 4.370619 118
2038 1.884008 118
2039 0.790246 118
2040 1.154280 118
2041 0.397350 117
2042 0.446735 117
2043 2.574000 118
2044 1.245957 117
2045 0.760297 118
2046 0.190136 118
2047 0.203897 117
2048 0.224581 117
2049 0.465479 117
2050 0.763900 120
2051 0.530725 120
2052 0.317233 120
2053 1.241067 120
2054 0.396542 118
2055 0.343271 118
2056 1.102742 120
2057 1.028429 119
2058 0.350908 119
2059 0.361639 119
2060 0.325202 119
2061 0.410175 120
2062 1.611408 120
2063 1.517883 120
2064 2.038479 119
2065 0.404471 119
2066 1.448958 120
2067 6.341033 120
2068 1.240442 120
2069 1.663108 120
2070 2.264642 120
2071 1.964900 120
2072 1.165192 120
2073 1.435433 120
2074 1.661758 120
2075 2.905325 120
2076 1.637450 120
2077 0.410119 118
2078 2.162500 120
2079 0.640067 119
2080 1.056597 119
2081 1.520075 120
2082 1.651842 120
2083 1.410408 120
2084 1.445175 120
2085 1.717833 120
2086 1.551650 120
2087 1.516450 120
2088 1.480942 120
2089 1.587267 120
2090 1.360717 120
2091 1.388883 120
2092 3.385525 120
2093 1.102305 118
2094 1.639225 120
2095 1.408059 119
2096 18.550183 120
2097 17.776050 119
2098 17.182798 119
2099 16.399942 120
2100 7.905376 109
2101 9.855422 109
2102 19.403862 109
2103 13.393394 109
2104 7.522131 107
2105 0.665074 108
2106 2.207358 109
2107 2.393092 109
2108 1.597009 109
2109 2.212321 109
2110 1.798138 109
2111 1.592018 109
2112 1.416835 109
2113 3.211899 109
2114 0.890926 108
2115 0.777477 107
2116 0.701364 107
2117 0.356870 108
2118 0.465505 107
2119 0.440417 108
2120 0.401888 107
2121 0.473102 108
2122 0.722140 107
2123 0.422729 107
2124 1.255935 107
2125 0.339569 109
2126 3.740679 109
2127 2.345817 109
2128 1.348440 109
2129 0.680037 108
2130 0.752306 108
2131 1.092771 109
2132 0.688807 109
2133 1.060220 109
2134 1.954945 109
2135 0.316407 108
2136 1.614853 109
2137 0.353194 108
2138 4.049248 109
2139 1.757872 109
2140 1.499615 109
2141 1.216624 109
2142 3.105459 109
2143 1.279486 109
2144 3.486284 109
2145 1.990248 109
2146 0.766657 108
2147 1.678982 109
2148 0.516642 109
2149 1.073835 109
2150 2.220972 106
2151 1.659387 106
2152 1.287604 106
2153 0.461781 105
2154 0.553371 105
2155 2.017255 106
2156 2.150519 106
2157 0.879029 105
2158 2.050972 106
2159 1.928415 106
2160 19.570358 106
2161 6.308377 106
2162 3.797686 105
2163 4.474762 105
2164 4.731276 105
2165 6.268663 104
2166 5.315144 104
2167 4.870990 104
2168 4.744942 104
2169 5.047529 104
2170 5.307000 105
2171 4.944750 104
2172 5.535606 104
2173 3.880638 105
2174 5.370087 104
2175 5.483981 104
2176 6.254817 104
2177 5.332058 104
2178 4.925837 104
2179 4.731840 106
2180 4.557288 104
2181 4.518500 104
2182 4.694173 104
2183 5.169163 104
2184 4.225125 104
2185 4.525790 105
2186 4.428769 104
2187 3.897163 104
2188 3.248519 104
2189 3.130406 106
2190 2.814346 104
2191 3.409837 104
2192 3.269548 104
2193 3.283298 104
2194 2.243904 104
2195 2.490221 104
2196 2.011038 105
2197 2.088683 104
2198 2.047848 105
2199 1.662750 104
2200 3.898311 103
2201 4.039136 103
2202 3.539204 103
2203 3.533709 103
2204 4.316942 103
2205 4.644019 103
2206 4.688913 103
2207 5.376563 103
2208 5.600146 103
2209 4.826515 103
2210 5.186107 103
2211 5.302087 103
2212 3.790495 103
2213 4.289932 103
2214 5.041233 103
2215 4.121262 103
2216 4.505398 103
2217 5.063583 103
2218 5.097311 103
2219 4.490350 103
2220 5.039903 103
2221 3.788417 103
2222 3.857961 103
2223 4.678641 103
2224 4.988029 103
2225 4.599282 103
2226 3.978126 103
2227 4.092146 103
2228 4.189971 103
2229 3.943524 103
2230 3.608583 103
2231 3.956544 103
2232 4.004864 103
2233 3.403029 103
2234 4.290262 103
2235 3.476592 103
2236 2.969641 103
2237 2.951175 103
2238 3.134816 103
2239 2.601592 103
2240 2.772932 103
2241 2.732320 103
2242 2.079913 103
2243 2.124515 103
2244 2.654767 103
2245 2.380437 103
2246 1.700437 103
2247 2.210689 103
2248 1.934650 103
2249 1.979961 103
2250 4.091437 103
2251 3.764621 103
2252 3.830971 103
2253 4.631515 103
2254 4.523544 103
2255 5.566796 103
2256 4.829175 103
2257 5.239078 103
2258 5.436039 103
2259 4.788019 103
2260 5.534932 103
2261 3.822660 103
2262 5.067262 103
2263 4.825049 103
2264 3.490951 103
2265 5.310534 103
2266 4.346689 103
2267 4.228699 103
2268 5.597728 103
2269 4.965097 103
2270 4.222485 103
2271 4.971505 103
2272 4.170796 103
2273 3.623699 103
2274 4.300097 103
2275 4.945359 103
2276 4.307233 103
2277 3.872078 103
2278 4.196903 103
2279 3.738796 103
2280 3.965942 103
2281 3.848495 103
2282 3.181340 103
2283 4.051621 103
2284 3.440951 103
2285 2.559981 103
2286 4.296689 103
2287 3.663893 103
2288 3.118777 103
2289 3.265544 103
2290 3.320466 103
2291 2.133660 103
2292 1.951359 103
2293 2.334670 103
2294 1.720427 103
2295 2.506922 103
2296 2.202757 103
2297 2.281971 103
2298 2.119398 103
2299 1.781301 103
2300 4.338961 102
2301 4.302863 102
2302 3.967176 102
2303 4.855627 102
2304 4.803490 102
2305 4.314098 102
2306 4.908431 102
2307 4.902627 102
2308 4.499108 102
2309 5.881020 102
2310 4.595137 102
2311 4.459078 102
2312 5.254363 102
2313 5.674029 102
2314 5.131431 102
2315 4.954049 102
2316 4.560314 102
2317 4.505529 102
2318 5.786745 102
2319 4.812961 102
2320 5.639157 102
2321 4.694902 102
2322 5.043676 102
2323 4.165510 102
2324 3.998078 102
2325 4.505167 102
2326 4.298882 102
2327 5.544569 102
2328 4.480471 102
2329 4.815598 102
2330 4.233686 102
2331 3.765676 102
2332 4.668647 102
2333 3.899353 102
2334 3.688402 102
2335 3.857206 102
2336 3.195745 102
2337 2.875765 102
2338 2.850039 102
2339 3.271088 102
2340 2.861333 102
2341 2.188608 102
2342 2.052520 102
2343 2.347471 102
2344 1.996627 102
2345 1.944382 102
2346 1.444912 102
2347 1.810902 102
2348 1.815863 102
2349 1.514490 102
2350 3.960356 87
2351 0.935885 87
2352 0.625756 86
2353 0.333128 86
2354 0.359012 86
2355 0.271651 86
2356 1.133368 87
2357 1.192279 86
2358 0.652953 86
2359 1.261488 86
2360 0.532477 86
2361 0.885140 86
2362 2.200570 86
2363 0.813430 86
2364 0.447907 86
2365 0.482552 87
2366 1.325407 86
2367 0.872616 86
2368 1.811407 86
2369 0.384267 86
2370 2.128756 86
2371 0.750535 86
2372 0.379667 87
2373 0.916081 86
2374 0.529895 86
2375 1.413070 86
2376 0.505349 86
2377 0.691186 86
2378 0.399919 86
2379 0.893000 86
2380 0.522198 86
2381 0.814279 86
2382 0.503221 86
2383 1.279402 87
2384 0.251314 86
2385 0.485718 85
2386 1.310391 87
2387 0.290165 85
2388 0.290483 87
2389 1.989034 87
2390 0.271176 85
2391 0.298012 85
2392 1.496471 87
2393 0.313782 87
2394 0.332930 86
2395 1.254966 87
2396 0.348605 86
2397 0.241965 86
2398 0.915839 87
2399 0.283977 86
2400 0.898890 118
2401 0.396780 118
2402 0.386839 118
2403 0.346254 118
2404 0.305822 118
2405 0.330288 118
2406 0.309966 118
2407 0.283669 118
2408 0.297703 118
2409 0.360873 118
2410 1.151831 118
2411 1.526897 117
2412 0.682897 117
2413 0.378737 118
2414 1.184729 118
2415 1.060839 118
2416 0.745402 117
2417 0.449636 118
2418 0.483449 118
2419 0.363735 117
2420 1.177305 118
2421 2.260424 118
2422 0.747821 117
2423 1.030538 117
2424 1.035000 117
2425 0.592504 117
2426 0.518393 117
2427 0.593795 117
2428 0.588410 117
2429 0.483085 117
2430 0.682000 117
2431 1.389059 118
2432 1.034102 118
2433 0.838144 118
2434 0.895297 118
2435 0.892203 118
2436 1.028398 118
2437 1.079364 118
2438 0.524735 117
2439 1.216636 118
2440 0.710718 117
2441 18.105839 118
2442 17.547915 117
2443 17.401949 117
2444 1.073449 118
2445 0.253932 117
2446 0.303949 117
2447 4.834686 118
2448 0.228931 116
2449 0.283607 117
2450 5.070470 115
2451 2.732504 115
2452 2.628713 115
2453 1.531209 115
2454 0.424183 115
2455 3.225191 115
2456 2.169026 115
2457 1.430870 115
2458 0.914243 115
2459 0.507061 115
2460 0.812217 115
2461 2.500774 115
2462 1.044617 115
2463 0.790539 115
2464 1.998922 115
2465 0.304895 114
2466 0.688235 115
2467 1.550565 115
2468 0.797774 115
2469 1.185296 115
2470 0.952913 115
2471 1.047800 115
2472 1.032339 115
2473 1.259870 115
2474 1.849696 115
2475 1.336478 115
2476 0.841096 115
2477 15.770696 115
2478 3.810052 115
2479 0.832574 115
2480 4.223061 114
2481 0.708852 115
2482 0.751687 115
2483 0.468478 115
2484 0.715513 115
2485 0.284270 115
2486 0.757061 115
2487 0.941417 115
2488 0.687896 115
2489 0.338713 115
2490 0.912183 115
2491 0.317895 114
2492 0.847096 115
2493 0.874591 115
2494 0.770983 115
2495 0.609104 115
2496 0.469800 115
2497 2.482522 115
2498 1.059791 115
2499 0.724061 115
2500 1.275459 109
2501 0.789101 109
2502 18.978266 109
2503 1.793147 109
2504 1.034872 109
2505 1.069174 109
2506 1.286890 109
2507 6.051651 109
2508 1.903725 109
2509 20.000000 109
2510 0.956147 109
2511 1.076257 109
2512 0.779349 109
2513 2.156468 109
2514 1.004633 109
2515 0.904578 109
2516 0.373670 109
2517 0.860330 109
2518 0.647982 109
2519 0.762303 109
2520 0.710376 109
2521 1.003358 109
2522 0.785367 109
2523 0.890330 109
2524 0.836303 109
2525 0.907514 109
2526 0.693697 109
2527 0.821486 109
2528 9.437569 109
2529 0.727009 109
2530 0.828229 109
2531 1.066183 109
2532 1.911945 109
2533 4.122706 109
2534 1.471358 109
2535 0.795954 109
2536 1.707899 109
2537 0.555936 109
2538 1.868917 109
2539 0.982376 109
2540 1.640615 109
2541 0.741835 109
2542 0.638587 109
2543 0.824358 109
2544 0.642835 109
2545 0.528385 109
2546 0.492963 109
2547 0.814257 109
2548 0.824376 109
2549 0.917064 109
2550 1.485433 104
2551 1.012962 104
2552 3.426077 104
2553 1.131615 104
2554 12.847000 104
2555 1.337808 104
2556 1.244510 104
2557 1.223894 104
2558 2.409019 104
2559 2.727192 104
2560 1.800288 104
2561 1.067317 104
2562 1.188481 104
2563 7.036231 104
2564 5.423298 104
2565 4.434951 103
2566 5.638660 103
2567 4.105635 104
2568 3.606874 103
2569 2.790262 103
2570 5.278272 103
2571 2.327913 103
2572 2.624553 103
2573 2.304068 103
2574 2.153728 103
2575 2.223981 103
2576 1.854202 104
2577 2.135573 103
2578 2.329272 103
2579 1.391777 103
2580 2.096375 104
2581 1.808650 103
2582 1.620163 104
2583 1.707481 104
2584 1.738612 103
2585 1.591854 103
2586 1.229146 103
2587 1.930204 103
2588 1.780524 103
2589 2.138990 103
2590 1.552107 103
2591 1.174883 103
2592 1.391000 103
2593 0.857641 103
2594 1.089951 103
2595 0.756456 103
2596 1.030769 104
2597 0.903097 103
2598 1.080466 103
2599 1.434262 103
2600 6.507651 109
2601 7.419651 109
2602 5.864266 109
2603 4.403651 109
2604 7.796807 109
2605 5.006752 109
2606 4.549780 109
2607 5.341578 109
2608 4.396468 109
2609 3.228725 109
2610 4.228284 109
2611 3.725110 109
2612 2.230853 109
2613 2.070183 109
2614 1.970991 109
2615 1.987752 109
2616 1.665083 109
2617 1.408202 109
2618 1.472128 109
2619 4.793241 108
2620 2.024685 108
2621 1.997843 108
2622 1.895194 108
2623 2.568981 108
2624 1.831000 108
2625 1.988491 108
2626 1.275750 108
2627 1.064639 108
2628 1.947111 108
2629 1.937370 108
2630 2.372648 108
2631 2.908692 107
2632 1.765430 107
2633 1.487963 107
2634 1.159361 108
2635 1.191402 107
2636 2.789361 108
2637 1.416509 108
2638 1.235131 107
2639 1.162148 108
2640 2.088776 107
2641 2.353682 107
2642 1.533897 107
2643 1.735870 108
2644 1.265234 107
2645 1.084720 107
2646 1.929852 108
2647 1.987234 107
2648 1.450486 107
2649 1.053505 107
2650 7.580577 111
2651 7.703505 111
2652 5.133162 111
2653 9.029081 111
2654 4.408901 111
2655 4.987505 111
2656 5.043117 111
2657 4.018261 111
2658 3.551613 111
2659 3.809991 111
2660 5.078757 111
2661 4.404252 111
2662 2.381387 111
2663 1.257018 111
2664 0.251327 110
2665 1.194640 111
2666 0.962883 111
2667 4.380523 111
2668 2.301324 111
2669 1.963436 110
2670 1.577138 109
2671 1.879991 109
2672 1.802082 110
2673 2.755936 109
2674 2.536404 109
2675 2.631587 109
2676 1.678486 109
2677 1.821404 109
2678 1.832936 109
2679 1.683209 110
2680 1.780339 109
2681 1.216486 109
2682 1.447964 110
2683 2.356688 109
2684 1.780870 108
2685 1.230028 108
2686 1.328028 108
2687 0.841620 108
2688 1.830259 108
2689 0.869541 109
2690 1.079556 108
2691 1.573028 108
2692 1.568844 109
2693 1.300704 108
2694 1.405624 109
2695 1.774019 108
2696 1.776074 108
2697 1.834417 108
2698 1.995769 108
2699 0.905734 109
2700 4.099370 108
2701 2.200426 108
2702 2.276343 108
2703 2.083074 108
2704 2.570398 108
2705 2.573028 108
2706 2.005417 108
2707 2.246481 108
2708 2.854398 108
2709 1.930852 108
2710 3.531713 108
2711 0.981917 108
2712 0.668065 108
2713 0.760426 108
2714 1.716370 108
2715 1.071565 108
2716 5.345694 108
2717 0.970861 108
2718 2.031454 108
2719 0.893435 108
2720 0.763963 108
2721 2.426204 108
2722 0.792213 108
2723 0.619259 108
2724 0.604093 108
2725 0.683630 108
2726 0.602370 108
2727 0.709037 108
2728 0.583722 108
2729 0.997046 108
2730 2.561611 108
2731 0.562278 108
2732 0.914324 108
2733 3.327139 108
2734 0.492917 108
2735 0.539972 108
2736 0.680704 108
2737 0.571889 108
2738 0.434491 108
2739 0.559722 108
2740 0.546556 108
2741 0.729093 108
2742 0.681407 108
2743 1.084185 108
2744 0.635731 108
2745 0.500278 108
2746 0.675741 108
2747 0.549815 108
2748 1.590361 108
2749 0.408639 108
2750 2.166453 95
2751 0.841705 95
2752 0.679947 95
2753 0.740905 95
2754 1.659579 95
2755 0.329558 95
2756 1.288874 95
2757 1.556716 95
2758 1.405968 95
2759 1.831179 95
2760 1.743117 94
2761 1.427872 94
2762 1.342223 94
2763 1.787457 94
2764 1.689532 94
2765 1.276202 94
2766 1.240606 94
2767 1.261128 94
2768 1.093242 95
2769 1.473617 94
2770 1.255681 94
2771 1.166394 94
2772 1.055596 94
2773 1.063149 94
2774 1.139883 94
2775 1.655979 94
2776 1.181684 95
2777 1.063596 94
2778 0.933606 94
2779 1.274457 94
2780 1.566319 94
2781 1.116128 94
2782 1.018287 94
2783 0.933723 94
2784 1.075468 94
2785 1.308674 95
2786 1.276547 95
2787 0.932819 94
2788 0.924505 95
2789 1.303400 95
2790 0.651138 94
2791 0.628904 94
2792 0.530628 94
2793 0.415830 94
2794 0.513021 95
2795 0.499979 94
2796 0.594915 94
2797 0.469468 94
2798 0.781362 94
2799 0.480840 94
2800 1.236477 109
2801 0.641633 109
2802 0.701000 109
2803 0.600917 109
2804 0.590239 109
2805 0.614624 109
2806 0.636284 109
2807 0.695275 109
2808 0.654560 109
2809 0.771853 109
2810 0.630550 109
2811 0.586193 109
2812 0.664844 109
2813 0.717615 109
2814 0.659917 109
2815 1.204872 109
2816 0.383630 108
2817 0.451648 108
2818 0.529269 108
2819 4.338211 109
2820 2.849861 108
2821 2.489963 107
2822 1.854523 107
2823 1.591150 107
2824 2.046701 107
2825 1.348611 108
2826 2.511196 107
2827 2.357509 108
2828 2.276402 107
2829 1.758519 108
2830 2.334626 107
2831 2.014804 107
2832 2.284000 107
2833 2.041157 108
2834 2.368157 108
2835 1.254056 107
2836 1.554889 108
2837 2.213907 108
2838 1.779299 107
2839 1.159706 109
2840 0.211602 108
2841 0.312056 107
2842 1.562275 109
2843 0.205748 107
2844 0.222832 107
2845 0.212130 108
2846 0.787514 109
2847 0.244454 108
2848 0.249138 109
2849 0.218463 108
2850 1.610587 109
2851 0.429303 109
2852 0.335064 109
2853 0.373450 109
2854 0.998789 109
2855 0.262852 108
2856 0.281593 108
2857 1.846771 109
2858 1.098546 108
2859 1.372019 108
2860 0.974815 108
2861 2.088798 109
2862 0.322444 108
2863 1.984486 109
2864 0.360202 109
2865 0.312761 109
2866 0.699394 109
2867 3.093963 109
2868 0.997514 109
2869 0.928862 109
2870 0.308750 108
2871 0.248796 108
2872 0.432843 108
2873 9.875394 109
2874 9.920296 108
2875 10.653093 108
2876 9.521899 109
2877 8.421056 108
2878 8.916343 108
2879 8.397685 108
2880 7.087657 108
2881 6.398120 108
2882 6.128330 109
2883 7.083769 108
2884 7.841176 108
2885 8.756000 108
2886 8.595380 108
2887 8.383500 108
2888 8.271685 108
2889 8.626222 108
2890 7.341000 108
2891 6.096257 109
2892 5.296269 108
2893 2.262505 109
2894 0.271333 108
2895 0.263019 108
2896 1.138734 109
2897 2.412120 108
2898 0.328870 108
2899 0.235139 108
2900 1.242494 87
2901 0.397667 87
2902 0.298540 87
2903 0.392759 87
2904 1.553000 87
2905 0.368929 85
2906 0.291059 85
2907 0.329459 85
2908 1.183667 87
2909 0.442337 86
2910 0.393849 86
2911 1.487161 87
2912 0.568314 86
2913 0.622081 86
2914 0.642163 86
2915 0.633512 86
2916 1.505460 87
2917 0.456012 86
2918 0.381012 86
2919 0.343930 86
2920 1.433701 87
2921 0.381767 86
2922 0.645535 86
2923 1.448276 87
2924 0.327686 86
2925 0.338733 86
2926 0.429395 86
2927 1.756655 87
2928 0.308907 86
2929 0.278314 86
2930 0.302442 86
2931 1.602805 87
2932 0.340360 86
2933 0.360256 86
2934 0.328907 86
2935 1.907839 87
2936 0.571721 86
2937 1.100816 87
2938 0.977207 87
2939 0.350407 86
2940 0.300126 87
2941 0.299070 86
2942 0.287558 86
2943 0.441209 86
2944 1.217931 87
2945 0.376593 86
2946 0.412709 86
2947 0.406140 86
2948 1.524391 87
2949 0.570430 86
2950 1.328424 99
2951 0.598566 99
2952 0.553545 99
2953 1.311455 99
2954 0.347143 98
2955 1.160101 99
2956 0.526449 98
2957 1.226687 99
2958 1.101990 99
2959 0.374408 98
2960 0.458929 99
2961 0.373480 98
2962 1.737616 99
2963 0.366092 98
2964 0.369525 99
2965 1.357778 99
2966 0.420306 98
2967 0.324673 98
2968 0.492245 98
2969 3.197212 99
2970 2.184586 99
2971 1.236253 99
2972 1.535768 99
2973 0.746515 99
2974 0.332163 98
2975 1.317111 99
2976 0.341784 97
2977 0.384825 97
2978 0.971707 99
2979 0.287859 99
2980 0.265755 98
2981 1.452091 99
2982 0.494031 98
2983 1.675768 99
2984 0.323071 98
2985 1.748111 99
2986 0.371898 98
2987 0.339714 98
2988 1.176121 99
2989 0.347232 99
2990 1.250586 99
2991 0.932818 99
2992 0.385480 98
2993 1.105778 99
2994 0.363357 98
2995 16.079677 99
2996 1.079659 41
2997 0.901596 99
2998 0.312102 98
2999 19.798061 99
3000 19.624925 106
3001 19.809533 105
3002 19.809533 105
3003 19.807712 104
3004 19.807712 104
3005 19.619076 105
3006 19.807712 104
3007 19.807702 104
3008 2.033009 106
3009 0.938398 103
3010 0.382029 103
3011 0.613000 103
3012 0.463136 103
3013 1.072115 104
3014 0.561272 103
3015 0.481163 104
3016 0.555762 105
3017 0.757718 103
3018 0.287192 104
3019 0.438350 103
3020 0.317798 104
3021 0.542048 104
3022 1.155406 106
3023 0.305981 106
3024 0.348562 105
3025 0.925217 106
3026 0.314705 105
3027 0.865009 106
3028 0.385914 105
3029 0.375648 105
3030 0.957000 106
3031 0.352771 105
3032 1.356887 106
3033 0.240038 105
3034 1.343830 106
3035 0.208443 106
3036 2.305330 106
3037 1.866400 105
3038 1.976667 105
3039 0.646708 106
3040 0.166623 106
3041 1.166434 106
3042 0.601657 105
3043 1.474085 106
3044 0.143269 104
3045 1.306783 106
3046 0.175562 105
3047 0.157981 104
3048 1.646755 106
3049 0.155781 105
3050 1.060442 95
3051 0.256842 95
3052 1.231453 95
3053 0.276653 95
3054 0.414874 95
3055 0.812116 95
3056 0.409389 95
3057 1.257411 95
3058 0.332600 95
3059 0.369484 95
3060 0.718842 95
3061 0.286084 95
3062 1.165232 95
3063 0.757916 95
3064 0.715979 95
3065 0.589453 95
3066 0.632484 95
3067 0.981547 95
3068 0.290053 95
3069 1.902579 95
3070 0.975389 95
3071 0.686232 95
3072 0.935200 95
3073 0.578821 95
3074 0.902526 95
3075 0.491263 95
3076 0.563768 95
3077 0.884442 95
3078 0.724484 95
3079 0.718263 95
3080 0.533463 95
3081 0.843042 95
3082 0.596937 95
3083 0.641811 95
3084 0.921421 95
3085 0.795232 95
3086 0.910632 95
3087 0.259255 94
3088 0.342340 94
3089 0.245436 94
3090 0.246734 94
3091 0.250106 94
3092 0.176149 94
3093 0.177274 95
3094 0.234000 94
3095 0.219777 94
3096 0.238660 94
3097 0.919705 95
3098 0.362568 95
3099 0.451379 95
3100 2.287576 99
3101 0.505788 99
3102 0.603485 99
3103 0.468172 99
3104 0.471293 99
3105 0.417788 99
3106 0.449556 99
3107 0.508465 99
3108 0.479192 99
3109 0.901071 99
3110 1.337707 99
3111 0.269788 99
3112 0.871141 99
3113 5.832707 99
3114 0.335232 99
3115 0.986101 99
3116 0.514101 99
3117 0.417040 99
3118 0.356293 99
3119 0.837495 99
3120 0.231737 99
3121 0.925778 99
3122 0.269303 99
3123 0.299596 99
3124 1.046091 99
3125 0.949697 99
3126 0.311545 99
3127 0.258354 99
3128 0.295717 99
3129 0.255758 99
3130 0.447778 99
3131 0.529303 99
3132 0.949859 99
3133 1.233162 99
3134 0.736545 99
3135 0.676081 99
3136 0.680929 99
3137 0.868101 99
3138 0.724384 99
3139 1.099141 99
3140 0.219859 99
3141 0.249636 99
3142 0.268758 99
3143 0.287202 99
3144 0.261172 99
3145 0.243222 99
3146 0.298141 99
3147 0.617323 99
3148 0.433202 99
3149 0.424333 99
3150 1.013578 109
3151 1.033596 109
3152 0.508679 109
3153 1.744679 109
3154 0.416486 109
3155 0.303394 109
3156 0.322193 109
3157 0.823266 109
3158 0.287312 109
3159 0.278936 109
3160 0.328982 109
3161 0.400394 109
3162 0.428945 109
3163 7.325697 109
3164 0.327092 109
3165 0.742881 109
3166 0.763817 109
3167 0.823807 109
3168 0.810459 109
3169 0.366028 109
3170 0.727064 109
3171 0.317128 109
3172 0.320174 109
3173 0.291532 109
3174 0.285174 109
3175 0.349550 109
3176 0.393963 109
3177 0.305404 109
3178 1.020477 109
3179 0.945055 109
3180 0.481130 108
3181 0.455926 108
3182 0.530370 108
3183 0.572213 108
3184 0.627769 108
3185 0.835073 109
3186 19.816477 109
3187 19.816266 109
3188 19.816312 109
3189 19.816248 109
3190 19.816450 109
3191 19.814546 108
3192 0.517422 109
3193 0.556890 109
3194 0.532523 109
3195 0.133211 109
3196 0.588294 109
3197 0.200826 109
3198 0.201083 109
3199 0.188248 109
3200 0.893055 110
3201 1.324609 110
3202 0.433349 109
3203 0.431642 109
3204 0.534872 109
3205 0.415367 109
3206 0.956345 110
3207 0.313364 110
3208 1.087145 110
3209 0.343541 109
3210 0.968900 110
3211 4.376500 110
3212 1.161336 110
3213 0.918382 110
3214 0.368073 109
3215 1.019482 110
3216 0.775136 110
3217 0.349514 109
3218 0.329082 110
3219 0.288862 109
3220 0.267661 109
3221 0.281128 109
3222 0.949055 110
3223 0.360743 109
3224 0.273367 109
3225 0.307464 110
3226 1.054764 110
3227 0.363864 110
3228 0.348245 110
3229 0.297218 110
3230 0.322600 110
3231 1.118645 110
3232 0.886227 110
3233 0.284477 109
3234 2.286468 109
3235 0.904045 110
3236 0.718609 110
3237 0.894155 110
3238 0.303899 109
3239 0.315431 109
3240 0.920118 110
3241 0.243807 109
3242 0.277358 109
3243 0.239706 109
3244 1.838718 110
3245 14.772227 110
3246 15.250890 109
3247 13.608128 109
3248 9.108716 109
3249 6.368700 110
3250 1.362019 108
3251 0.362759 108
3252 0.273611 108
3253 0.398481 108
3254 1.172092 109
3255 1.155872 109
3256 1.036633 109
3257 0.693852 108
3258 0.625667 108
3259 0.705194 108
3260 0.675398 108
3261 2.243361 108
3262 0.713537 108
3263 2.211615 109
3264 1.768826 109
3265 1.356009 109
3266 1.415128 109
3267 0.345741 108
3268 0.330657 108
3269 0.288907 108
3270 0.502954 108
3271 0.332917 108
3272 2.140991 109
3273 1.329321 109
3274 0.277084 107
3275 2.433706 109
3276 0.469252 107
3277 0.389935 108
3278 1.091275 109
3279 0.300204 108
3280 1.141064 109
3281 1.159183 109
3282 0.701333 108
3283 0.323981 108
3284 0.354231 108
3285 0.929853 109
3286 0.320389 108
3287 0.288500 108
3288 0.258333 108
3289 0.936505 109
3290 1.672734 109
3291 0.280074 108
3292 0.340843 108
3293 0.234083 108
3294 0.290556 108
3295 3.124835 109
3296 0.972697 109
3297 1.349560 109
3298 1.106156 109
3299 0.412073 109
3300 1.169218 119
3301 1.759370 119
3302 3.862782 119
3303 2.788737 118
3304 2.628387 119
3305 2.818805 118
3306 6.380958 119
3307 8.049563 119
3308 9.190815 119
3309 4.216153 118
3310 3.911814 118
3311 0.923739 119
3312 0.345932 118
3313 0.450487 119
3314 1.158546 119
3315 0.308195 118
3316 1.566916 119
3317 2.656120 117
3318 2.944571 119
3319 1.971797 118
3320 1.937763 118
3321 1.629322 118
3322 1.219597 119
3323 0.636874 119
3324 1.004420 119
3325 0.249059 118
3326 0.960849 119
3327 1.048151 119
3328 1.201479 119
3329 3.943815 119
3330 0.439644 118
3331 1.914521 119
3332 0.961857 119
3333 1.420891 119
3334 0.214905 116
3335 2.993420 119
3336 1.114403 119
3337 0.253619 118
3338 1.299790 119
3339 0.634784 116
3340 0.720302 116
3341 1.142933 119
3342 0.968314 118
3343 0.886790 119
3344 0.716202 119
3345 1.647950 119
3346 0.404111 117
3347 0.355276 116
3348 0.740899 119
3349 2.390311 119
3350 3.163593 86
3351 1.932349 86
3352 1.378337 86
3353 1.212826 86
3354 1.283500 86
3355 0.415174 86
3356 1.326477 86
3357 0.417729 85
3358 0.533953 85
3359 1.275907 86
3360 1.621919 86
3361 0.272116 86
3362 1.435023 86
3363 1.130326 86
3364 0.224106 85
3365 0.256267 86
3366 0.260835 85
3367 1.067872 86
3368 0.247376 85
3369 1.837012 85
3370 1.181105 86
3371 1.292151 86
3372 0.406871 85
3373 0.286244 86
3374 1.681012 86
3375 0.309024 85
3376 1.461721 86
3377 1.004849 86
3378 1.179837 86
3379 0.390918 85
3380 0.271341 85
3381 0.979930 86
3382 0.307235 85
3383 0.361212 85
3384 1.300198 86
3385 0.288541 85
3386 0.437682 85
3387 1.733686 86
3388 0.628224 85
3389 1.146547 86
3390 1.189500 86
3391 2.072267 86
3392 1.527282 85
3393 1.631600 85
3394 1.547977 86
3395 3.608349 86
3396 2.835859 85
3397 2.273035 85
3398 3.984430 86
3399 1.140360 86
3400 1.051247 97
3401 1.278866 97
3402 1.862361 97
3403 0.296237 97
3404 1.646464 97
3405 0.413402 97
3406 0.294979 97
3407 1.588216 97
3408 0.667844 96
3409 1.167113 97
3410 0.490406 96
3411 0.508542 96
3412 0.857701 97
3413 1.416268 97
3414 0.538594 96
3415 0.465833 96
3416 1.392722 97
3417 1.176186 97
3418 0.312588 97
3419 0.447732 97
3420 1.464433 97
3421 0.359125 96
3422 0.296011 95
3423 2.790897 97
3424 1.376948 96
3425 1.368073 96
3426 4.602742 97
3427 4.144052 97
3428 1.615134 97
3429 1.085515 97
3430 1.449546 97
3431 0.525632 95
3432 0.408947 95
3433 1.346330 97
3434 0.461500 96
3435 0.359500 96
3436 1.168845 97
3437 0.306458 96
3438 0.294784 97
3439 1.151608 97
3440 0.315042 96
3441 1.167649 97
3442 0.262031 96
3443 0.251260 96
3444 3.016907 97
3445 0.368000 96
3446 1.519670 97
3447 2.063146 96
3448 3.119278 97
3449 0.448094 96
3450 3.093353 116
3451 1.547388 116
3452 1.850957 116
3453 1.127802 116
3454 1.188233 116
3455 1.087595 116
3456 0.368513 115
3457 0.251200 115
3458 2.010302 116
3459 1.362388 116
3460 0.444737 114
3461 2.028095 116
3462 1.469379 116
3463 0.754552 116
3464 1.503310 116
3465 0.622852 115
3466 1.066233 116
3467 0.654052 115
3468 0.782765 115
3469 1.417164 116
3470 0.343809 115
3471 0.978819 116
3472 6.261250 116
3473 18.694165 115
3474 0.994319 116
3475 1.129276 116
3476 0.252658 114
3477 0.260965 114
3478 1.685629 116
3479 1.023017 115
3480 0.877526 116
3481 1.436181 116
3482 0.585328 116
3483 0.885853 116
3484 0.276353 116
3485 0.253696 115
3486 1.572819 116
3487 0.912009 116
3488 0.750983 115
3489 0.482861 115
3490 2.390776 116
3491 0.405823 113
3492 1.657853 116
3493 0.252640 114
3494 0.238646 113
3495 0.969793 116
3496 0.375086 116
3497 0.228060 116
3498 0.900397 116
3499 0.193496 115
3500 1.339443 97
3501 1.441031 97
3502 0.397583 96
3503 0.356458 96
3504 1.669732 97
3505 0.417573 96
3506 0.554667 96
3507 1.588155 97
3508 0.363443 97
3509 0.467835 97
3510 1.599454 97
3511 0.365906 96
3512 0.356219 96
3513 4.496979 97
3514 3.385753 97
3515 2.912219 96
3516 1.113557 97
3517 1.234443 97
3518 0.297031 97
3519 0.339219 96
3520 7.340536 97
3521 1.330546 97
3522 0.305742 97
3523 0.300464 97
3524 1.155412 97
3525 0.312583 96
3526 0.314750 96
3527 1.651948 97
3528 1.352598 97
3529 0.654629 97
3530 0.798175 97
3531 0.984351 97
3532 0.301656 96
3533 0.331177 96
3534 3.573969 97
3535 1.122969 97
3536 0.282906 96
3537 0.295625 96
3538 0.893567 97
3539 1.165629 97
3540 0.896175 97
3541 0.925237 97
3542 1.076773 97
3543 0.988247 97
3544 16.032588 97
3545 1.288216 97
3546 0.256062 96
3547 0.895443 97
3548 0.874361 97
3549 1.317082 97
3550 1.190308 107
3551 1.383308 107
3552 1.667112 107
3553 0.934234 107
3554 0.414682 107
3555 1.079019 107
3556 1.453626 107
3557 2.064897 107
3558 1.286682 107
3559 1.381374 107
3560 1.362178 107
3561 3.104262 107
3562 1.358495 107
3563 0.346667 105
3564 1.918551 107
3565 1.293037 107
3566 2.413794 107
3567 0.731443 106
3568 1.115897 107
3569 1.732869 107
3570 1.346308 107
3571 0.344670 106
3572 1.196636 107
3573 1.945495 107
3574 1.516290 107
3575 0.294764 106
3576 1.045252 107
3577 1.183953 107
3578 1.989065 107
3579 12.670935 107
3580 1.631607 107
3581 1.191271 107
3582 1.403065 107
3583 2.301187 107
3584 1.037645 107
3585 1.548103 107
3586 2.309895 105
3587 1.035374 107
3588 0.153547 106
3589 1.008757 107
3590 0.430434 106
3591 1.652757 107
3592 1.434336 107
3593 0.875774 106
3594 1.124794 107
3595 0.725533 107
3596 0.885364 107
3597 1.071215 107
3598 0.880841 107
3599 0.192733 105
3600 3.576568 95
3601 1.184411 95
3602 0.915232 95
3603 0.928600 95
3604 13.725084 95
3605 1.673389 95
3606 1.437095 95
3607 1.308074 95
3608 0.332242 95
3609 2.181189 95
3610 0.890821 95
3611 1.116253 95
3612 1.413011 95
3613 1.744758 95
3614 1.007842 95
3615 0.243663 95
3616 0.852832 95
3617 0.317537 95
3618 1.142358 95
3619 0.884126 95
3620 0.469979 95
3621 1.126221 95
3622 0.298389 95
3623 1.141737 95
3624 0.355415 94
3625 0.754684 95
3626 1.076189 95
3627 1.113095 95
3628 1.976663 95
3629 1.453600 95
3630 1.784042 95
3631 0.916821 95
3632 1.518537 95
3633 1.744337 95
3634 0.917442 95
3635 0.381126 95
3636 2.620905 95
3637 1.121053 95
3638 1.714705 95
3639 0.669063 95
3640 0.493800 95
3641 0.501442 95
3642 0.700168 95
3643 0.491968 95
3644 1.320758 95
3645 0.611484 95
3646 2.088358 95
3647 0.856537 95
3648 18.887937 95
3649 0.377253 95
3650 1.046661 115
3651 2.468548 115
3652 1.815087 115
3653 1.817600 115
3654 1.681774 115
3655 1.681774 115
3656 1.519722 115
3657 20.000000 115
3658 2.084983 115
3659 4.034104 115
3660 1.642791 115
3661 1.945843 115
3662 2.409861 115
3663 1.303191 115
3664 20.000000 115
3665 1.210270 115
3666 2.983322 115
3667 1.439835 115
3668 1.961435 115
3669 0.788104 115
3670 2.336139 115
3671 0.857957 115
3672 1.155478 115
3673 1.170713 115
3674 1.402035 115
3675 1.184809 115
3676 2.252443 115
3677 2.054870 115
3678 0.781661 115
3679 1.298504 115
3680 1.018614 114
3681 0.737702 114
3682 1.113383 115
3683 0.838617 115
3684 0.675339 115
3685 1.520217 115
3686 1.155374 115
3687 1.121652 115
3688 0.636661 115
3689 1.380504 115
3690 0.666452 115
3691 2.544261 115
3692 0.882183 115
3693 0.558730 115
3694 1.069852 115
3695 0.663157 115
3696 0.952696 115
3697 0.673983 115
3698 1.361426 115
3699 0.983217 115
3700 1.432314 102
3701 1.382167 102
3702 1.861843 102
3703 0.996039 102
3704 2.744980 102
3705 1.233441 102
3706 1.899039 102
3707 2.487676 102
3708 1.615284 102
3709 1.321990 102
3710 2.171951 102
3711 3.277206 102
3712 1.569078 102
3713 1.126657 102
3714 0.991118 102
3715 2.516931 102
3716 1.150961 102
3717 1.923637 102
3718 2.065520 102
3719 1.330324 102
3720 18.358873 102
3721 1.655500 102
3722 2.007402 102
3723 1.776314 102
3724 1.587049 102
3725 1.135833 102
3726 1.055353 102
3727 1.036676 102
3728 1.527304 102
3729 1.258716 102
3730 1.725667 102
3731 1.026461 102
3732 3.209843 102
3733 0.988069 102
3734 0.992216 102
3735 1.206755 102
3736 1.021118 102
3737 1.770373 102
3738 2.041637 102
3739 0.969559 102
3740 1.035882 102
3741 0.848029 102
3742 0.958147 102
3743 0.992333 102
3744 1.866108 102
3745 0.941706 102
3746 1.291745 102
3747 0.830314 102
3748 1.581667 102
3749 1.657088 102
3750 1.533198 116
3751 1.430819 116
3752 2.122483 116
3753 2.007181 116
3754 1.283750 116
3755 1.611000 116
3756 1.840009 116
3757 1.010767 116
3758 1.237026 116
3759 1.249431 116
3760 1.082612 116
3761 1.190828 116
3762 3.459043 116
3763 1.779250 116
3764 1.006638 116
3765 1.010629 116
3766 3.490491 116
3767 14.848121 116
3768 2.994207 116
3769 1.491552 116
3770 1.703647 116
3771 1.688078 116
3772 1.153448 116
3773 1.237129 116
3774 1.228940 116
3775 0.903405 116
3776 20.000000 116
3777 1.126716 116
3778 4.485500 116
3779 7.130431 116
3780 0.757767 116
3781 3.122767 116
3782 13.721379 116
3783 1.820836 116
3784 1.144578 116
3785 0.635716 116
3786 20.000000 116
3787 0.589379 116
3788 0.975448 116
3789 0.738845 116
3790 0.566810 116
3791 0.625422 116
3792 0.568664 116
3793 0.577388 116
3794 0.678259 116
3795 1.123940 116
3796 1.101543 116
3797 1.013017 116
3798 0.530009 116
3799 0.567474 116
3800 1.204194 108
3801 1.200991 108
3802 8.347565 108
3803 1.154741 108
3804 1.143148 108
3805 1.113750 108
3806 1.600352 108
3807 1.275120 108
3808 1.224500 108
3809 2.545204 108
3810 19.094500 108
3811 1.469602 108
3812 1.386120 108
3813 1.394787 108
3814 1.451417 108
3815 1.370750 108
3816 1.117981 108
3817 1.453750 108
3818 1.323944 108
3819 1.602269 108
3820 1.824157 108
3821 2.246537 108
3822 1.131509 108
3823 1.048741 108
3824 1.862278 108
3825 2.194583 108
3826 2.024398 108
3827 1.083574 108
3828 1.611315 108
3829 1.428880 108
3830 1.133583 108
3831 1.287472 108
3832 1.503583 108
3833 1.318694 108
3834 1.063380 108
3835 10.523685 108
3836 1.136444 108
3837 2.547602 108
3838 2.620426 108
3839 0.841528 108
3840 1.849176 108
3841 0.935574 108
3842 0.988620 108
3843 0.735435 108
3844 0.993611 108
3845 0.775074 108
3846 0.785398 108
3847 1.404231 108
3848 1.257472 108
3849 1.119778 108
3850 1.802312 109
3851 3.482587 109
3852 1.997826 109
3853 1.485211 109
3854 1.384376 109
3855 1.407587 109
3856 1.606697 109
3857 1.479422 109
3858 20.000000 109
3859 2.294073 109
3860 2.365321 109
3861 1.524394 109
3862 1.537083 109
3863 1.573853 109
3864 1.457165 109
3865 2.940312 109
3866 1.661440 109
3867 1.155330 109
3868 1.571413 109
3869 2.182211 109
3870 1.783688 109
3871 1.268275 109
3872 1.926972 109
3873 1.938890 109
3874 1.026459 109
3875 1.050954 109
3876 1.256761 109
3877 1.970890 109
3878 1.673009 109
3879 1.207459 109
3880 1.061046 109
3881 2.470220 109
3882 1.853257 109
3883 1.471037 109
3884 0.882807 109
3885 1.292927 109
3886 1.854193 109
3887 0.825936 109
3888 1.819394 109
3889 2.744239 109
3890 2.017413 109
3891 0.875936 109
3892 1.703633 109
3893 0.842899 109
3894 1.804468 109
3895 1.604688 109
3896 0.300315 108
3897 0.846110 109
3898 0.778303 109
3899 0.663330 109
3900 3.704491 114
3901 1.376561 114
3902 0.808211 114
3903 1.115412 114
3904 1.025588 114
3905 1.118684 114
3906 8.010035 114
3907 1.208772 114
3908 1.317833 114
3909 1.954272 114
3910 1.283825 114
3911 1.769035 114
3912 1.122956 114
3913 1.944175 114
3914 0.825053 114
3915 0.876693 114
3916 1.381272 114
3917 0.866684 114
3918 1.058956 114
3919 1.878833 114
3920 0.859939 114
3921 1.405211 114
3922 1.089140 114
3923 1.665781 114
3924 0.937588 114
3925 4.947640 114
3926 2.151000 114
3927 1.868702 114
3928 1.342798 114
3929 2.439746 114
3930 1.475667 114
3931 1.090386 114
3932 1.100298 114
3933 0.798825 114
3934 1.229430 114
3935 0.820649 114
3936 0.656684 114
3937 1.016553 114
3938 0.846711 114
3939 1.147482 114
3940 11.356579 114
3941 1.267246 114
3942 0.939982 114
3943 0.884456 114
3944 1.103789 114
3945 2.174754 114
3946 0.747509 114
3947 0.710009 114
3948 0.627658 114
3949 1.334263 114
3950 1.289835 121
3951 1.234289 121
3952 1.150289 121
3953 3.021959 121
3954 1.488587 121
3955 5.078231 121
3956 2.252587 121
3957 1.099298 121
3958 2.004512 121
3959 1.998132 121
3960 2.118909 121
3961 1.268653 121
3962 1.070562 121
3963 1.421868 121
3964 1.130116 121
3965 2.279950 121
3966 1.030281 121
3967 1.442785 121
3968 1.409661 121
3969 1.754504 121
3970 1.654512 121
3971 1.508372 121
3972 1.505149 121
3973 1.196364 121
3974 1.308033 121
3975 19.255686 121
3976 1.153198 121
3977 1.471455 121
3978 1.246074 121
3979 1.226752 121
3980 19.999992 121
3981 2.188851 121
3982 0.770207 121
3983 0.551231 121
3984 1.254479 121
3985 2.417736 121
3986 11.289727 121
3987 0.821264 121
3988 7.437308 120
3989 5.349000 121
3990 1.513339 121
3991 1.878107 121
3992 2.213777 121
3993 2.040322 121
3994 1.257777 121
3995 1.133355 121
3996 1.919843 121
3997 0.933116 121
3998 7.755017 121
3999 1.410926 121
4000 4.843373 118
4001 1.348542 118
4002 1.772347 118
4003 1.010559 118
4004 16.074941 118
4005 1.154737 118
4006 1.383856 118
4007 2.061297 118
4008 2.253398 118
4009 0.721864 118
4010 1.991068 118
4011 1.058102 118
4012 0.760229 118
4013 1.383686 118
4014 0.979669 118
4015 3.259068 118
4016 2.335398 118
4017 3.716331 118
4018 4.058949 118
4019 1.455678 118
4020 1.056331 118
4021 1.025254 118
4022 0.786805 118
4023 0.749169 118
4024 1.765831 118
4025 0.788805 118
4026 0.933153 118
4027 3.378703 118
4028 1.127839 118
4029 0.902508 118
4030 1.357983 118
4031 4.921831 118
4032 1.925568 118
4033 1.088288 118
4034 0.970847 118
4035 7.245551 118
4036 0.455576 118
4037 0.911475 118
4038 0.477288 118
4039 0.634941 118
4040 20.000000 118
4041 0.329644 118
4042 0.505008 118
4043 0.337441 118
4044 0.873678 118
4045 1.128102 118
4046 0.640500 118
4047 0.347737 118
4048 0.568534 118
4049 0.488229 118
4050 1.140590 122
4051 0.707221 122
4052 3.940828 122
4053 2.313246 122
4054 1.135492 122
4055 1.338172 122
4056 1.117770 122
4057 2.274500 122
4058 18.427828 122
4059 1.752328 122
4060 4.261902 122
4061 1.065934 122
4062 0.869697 122
4063 1.255426 122
4064 1.810238 122
4065 1.343311 122
4066 1.605418 122
4067 9.734893 122
4068 1.449746 122
4069 1.776984 122
4070 0.991943 122
4071 0.261992 121
4072 0.980221 122
4073 1.183000 122
4074 9.087656 122
4075 0.732377 122
4076 0.244909 121
4077 1.172836 122
4078 1.692582 122
4079 0.884098 122
4080 1.303393 122
4081 1.211508 122
4082 1.015975 122
4083 0.777607 122
4084 0.974475 122
4085 1.158328 122
4086 1.853434 122
4087 1.337098 122
4088 1.274311 122
4089 0.647410 122
4090 0.700254 122
4091 1.499230 122
4092 1.027975 122
4093 15.229590 122
4094 0.654426 122
4095 0.615107 122
4096 0.617074 122
4097 0.927246 122
4098 0.817484 122
4099 0.528803 122
4100 1.160975 118
4101 7.914695 118
4102 9.502692 117
4103 0.960686 118
4104 1.018856 118
4105 0.470966 117
4106 2.923992 118
4107 19.830542 118
4108 1.179754 118
4109 1.054458 118
4110 1.105686 118
4111 0.903119 118
4112 2.407271 118
4113 1.469415 118
4114 1.194381 118
4115 0.876466 118
4116 0.272479 117
4117 1.451364 118
4118 1.100347 118
4119 1.296475 118
4120 1.061441 118
4121 19.830576 118
4122 1.134627 118
4123 1.442941 118
4124 0.915305 118
4125 0.223565 115
4126 0.732102 118
4127 0.939229 118
4128 0.837085 118
4129 0.755195 118
4130 0.760932 118
4131 0.327547 117
4132 0.871822 118
4133 0.924932 118
4134 0.988017 118
4135 0.963466 118
4136 0.662415 118
4137 0.841847 118
4138 0.722407 118
4139 0.914000 118
4140 0.851390 118
4141 0.310060 117
4142 0.211983 117
4143 0.841297 118
4144 0.836653 118
4145 1.099034 118
4146 0.748203 118
4147 1.018568 118
4148 0.802076 118
4149 0.209991 117
4150 2.505270 115
4151 1.771661 115
4152 1.118687 115
4153 1.328548 115
4154 0.768722 115
4155 1.243009 115
4156 5.132939 115
4157 1.229583 115
4158 1.369252 115
4159 0.446667 114
4160 1.902870 115
4161 3.566783 115
4162 0.516316 114
4163 1.207426 115
4164 1.019217 115
4165 5.721443 115
4166 1.958374 115
4167 2.109739 115
4168 1.328522 115
4169 1.505113 115
4170 1.038278 115
4171 1.046609 115
4172 0.577722 115
4173 0.281148 115
4174 1.132800 115
4175 0.961296 115
4176 1.054452 115
4177 14.142470 115
4178 14.888465 114
4179 1.600078 115
4180 1.072087 115
4181 1.422365 115
4182 0.567307 114
4183 2.690209 115
4184 0.324842 114
4185 1.398774 115
4186 1.024774 115
4187 0.806861 115
4188 0.249623 114
4189 1.487330 115
4190 1.436357 115
4191 0.236557 115
4192 1.713296 115
4193 1.020548 115
4194 0.854052 115
4195 0.280105 114
4196 1.838765 115
4197 0.850443 115
4198 0.969165 115
4199 0.901704 115
4200 1.382066 121
4201 1.292463 121
4202 1.257752 121
4203 1.051537 121
4204 1.802000 121
4205 1.430876 121
4206 0.848084 119
4207 1.076364 121
4208 0.830542 120
4209 2.708190 121
4210 1.638636 121
4211 0.295867 120
4212 1.106339 121
4213 1.569132 121
4214 0.372802 121
4215 1.141281 121
4216 0.336458 120
4217 1.688793 121
4218 0.666858 120
4219 1.754579 121
4220 1.325777 121
4221 1.253256 121
4222 2.076545 121
4223 1.182017 121
4224 0.818785 121
4225 1.471992 121
4226 1.668975 121
4227 7.324000 121
4228 1.096719 121
4229 1.238620 121
4230 0.982760 121
4231 1.083421 121
4232 1.487455 121
4233 1.404223 121
4234 0.999231 121
4235 1.756702 121
4236 1.302140 121
4237 1.442397 121
4238 0.597775 120
4239 1.216041 121
4240 0.278311 119
4241 0.357571 119
4242 2.869818 121
4243 0.364933 119
4244 0.323924 119
4245 0.403208 120
4246 0.862942 121
4247 1.059661 121
4248 1.202826 121
4249 17.867099 121
4250 17.015748 107
4251 18.608271 107
4252 17.004509 106
4253 16.210774 106
4254 16.667346 107
4255 18.153897 107
4256 15.708477 107
4257 13.880019 107
4258 18.090551 107
4259 15.884226 106
4260 15.125396 106
4261 14.504217 106
4262 16.564131 107
4263 17.170000 107
4264 15.422981 107
4265 15.696402 107
4266 12.319654 107
4267 16.738084 107
4268 13.607349 106
4269 10.326547 106
4270 7.476462 106
4271 5.505028 106
4272 3.554500 106
4273 1.564065 107
4274 2.313467 107
4275 19.999604 106
4276 1.731299 107
4277 19.999632 106
4278 14.697140 107
4279 1.184860 107
4280 0.548764 106
4281 0.603280 107
4282 1.965364 107
4283 0.700840 106
4284 0.540103 107
4285 0.760710 107
4286 0.644943 106
4287 4.828121 107
4288 2.200935 107
4289 1.071935 107
4290 0.624617 107
4291 0.195075 106
4292 0.180821 106
4293 0.151626 107
4294 0.180840 106
4295 0.151198 106
4296 0.149132 106
4297 0.146500 106
4298 1.973103 107
4299 0.347523 107
4300 1.128358 106
4301 0.352566 106
4302 0.490705 105
4303 0.481387 106
4304 0.289695 105
4305 0.309457 105
4306 1.076198 106
4307 0.912717 106
4308 0.375236 106
4309 0.314226 106
4310 1.027792 106
4311 1.536066 106
4312 1.008990 105
4313 0.769390 105
4314 0.748181 105
4315 0.820210 105
4316 0.734600 105
4317 3.574830 106
4318 5.577953 106
4319 1.027698 106
4320 2.468962 106
4321 1.885632 106
4322 1.994585 106
4323 1.672962 106
4324 2.506123 106
4325 1.267226 106
4326 3.971340 106
4327 0.951094 106
4328 1.177686 105
4329 3.085868 106
4330 2.357717 106
4331 1.288943 106
4332 1.249575 106
4333 1.026566 106
4334 1.193623 106
4335 1.214038 106
4336 1.266991 106
4337 1.711330 106
4338 1.138236 106
4339 0.297162 105
4340 0.952390 105
4341 0.897462 106
4342 1.440425 106
4343 0.854821 106
4344 5.515009 106
4345 4.574619 105
4346 5.635438 105
4347 5.370352 105
4348 5.009524 105
4349 5.053543 105
4350 4.477157 108
4351 1.076704 108
4352 1.357546 108
4353 1.150130 108
4354 13.012907 108
4355 15.085194 108
4356 1.022741 108
4357 1.087269 108
4358 15.887898 108
4359 15.569417 108
4360 9.850028 108
4361 5.867430 107
4362 3.343972 107
4363 2.129037 108
4364 2.433358 106
4365 2.415963 107
4366 1.874858 106
4367 2.151868 106
4368 2.524443 106
4369 3.988377 106
4370 2.745131 107
4371 4.286925 106
4372 2.757547 106
4373 1.646915 106
4374 3.460198 106
4375 2.517991 107
4376 1.794121 107
4377 2.147000 106
4378 2.529906 106
4379 0.967685 108
4380 0.184085 106
4381 0.233604 106
4382 0.192991 106
4383 0.191925 106
4384 0.187792 106
4385 0.213255 106
4386 0.215037 107
4387 0.200783 106
4388 7.632917 108
4389 0.947620 108
4390 0.964454 108
4391 0.153676 108
4392 0.367075 107
4393 0.241009 107
4394 0.786148 108
4395 0.207925 107
4396 0.214822 107
4397 0.198757 107
4398 0.180750 108
4399 0.182583 108
4400 1.646733 90
4401 0.573167 90
4402 0.411467 90
4403 0.305778 90
4404 0.391611 90
4405 0.307789 90
4406 1.235411 90
4407 0.545800 90
4408 0.594124 89
4409 0.884034 89
4410 0.620685 89
4411 0.624270 89
4412 1.156433 90
4413 1.343333 90
4414 0.896270 89
4415 0.389067 89
4416 0.587584 89
4417 2.030744 90
4418 0.809742 89
4419 0.926360 89
4420 0.529478 90
4421 1.668422 90
4422 0.992146 89
4423 0.453753 89
4424 0.410921 89
4425 1.406756 90
4426 0.730000 89
4427 0.916483 89
4428 0.448101 89
4429 1.808622 90
4430 0.586067 89
4431 0.376663 89
4432 0.532244 90
4433 1.896289 90
4434 0.383034 88
4435 0.540943 88
4436 0.410886 88
4437 1.097689 90
4438 0.892303 89
4439 0.652157 89
4440 0.332213 89
4441 1.521022 90
4442 1.063494 89
4443 0.324213 89
4444 0.721955 89
4445 2.025656 90
4446 1.147798 89
4447 0.333393 89
4448 0.675607 89
4449 1.275078 90
4450 1.956875 104
4451 0.547000 104
4452 0.550356 104
4453 2.024231 104
4454 1.152760 104
4455 0.337490 104
4456 1.167154 104
4457 0.267990 104
4458 1.152798 104
4459 0.267864 103
4460 0.983538 104
4461 0.242485 103
4462 1.109250 104
4463 0.388673 104
4464 1.168260 104
4465 0.458223 103
4466 1.010135 104
4467 1.083625 104
4468 1.093981 104
4469 0.345379 103
4470 1.649712 104
4471 0.995221 104
4472 0.285029 104
4473 1.657375 104
4474 2.219144 104
4475 1.288760 104
4476 1.636471 104
4477 0.292794 102
4478 1.095298 104
4479 0.968067 104
4480 1.818923 104
4481 1.282731 104
4482 0.736485 103
4483 19.699971 104
4484 2.220615 104
4485 1.277683 104
4486 1.010856 104
4487 0.839038 104
4488 1.866702 104
4489 1.393413 104
4490 0.974356 104
4491 0.903817 104
4492 1.114933 104
4493 0.808000 104
4494 1.429731 104
4495 1.148019 104
4496 1.173779 104
4497 0.853788 104
4498 1.002038 104
4499 1.316808 104
