0 0.444421 119
1 1.822615 119
2 2.204314 119
3 0.974339 119
4 1.003930 119
5 0.000000 119
6 0.541429 119
7 13.957891 119
8 0.616861 119
9 0.590517 119
10 0.562034 119
11 0.654196 119
12 16.882038 119
13 1.808999 119
14 0.088208 119
15 0.669128 119
16 0.733397 119
17 0.828421 119
18 0.650493 119
19 1.300798 119
20 1.425861 119
21 0.490279 119
22 1.120655 119
23 0.596925 119
24 0.934037 119
25 1.080078 119
26 0.665389 119
27 5.527398 119
28 0.844769 119
29 0.532398 119
30 1.084667 119
31 0.550595 119
32 0.440447 119
33 1.266804 119
34 1.304231 119
35 0.773426 119
36 1.335007 119
37 0.536504 119
38 1.009716 119
39 1.010166 119
40 1.195723 119
41 1.107562 119
42 0.982682 119
43 0.886261 119
44 1.605753 119
45 0.807852 119
46 1.385614 119
47 2.272622 119
48 4.276934 119
49 0.920914 119
50 0.466553 118
51 0.506179 118
52 0.623138 118
53 0.674900 118
54 0.313275 118
55 0.311118 118
56 0.549756 118
57 0.526501 118
58 0.438323 118
59 0.000000 118
60 0.113199 118
61 2.968670 118
62 0.489748 118
63 0.640989 118
64 0.597535 118
65 0.844557 118
66 0.502093 118
67 0.650973 118
68 2.225715 118
69 1.544560 118
70 3.543486 118
71 3.599294 118
72 3.444191 118
73 0.963445 118
74 1.560114 118
75 1.528053 118
76 1.700640 118
77 2.314504 118
78 1.891747 118
79 1.828943 118
80 1.931646 118
81 1.642056 118
82 1.953082 118
83 0.862339 118
84 0.980054 118
85 1.250279 118
86 2.394190 118
87 3.529969 118
88 2.136083 118
89 0.000000 118
90 0.000000 118
91 0.844782 118
92 2.533926 118
93 2.009320 118
94 6.385988 118
95 0.000000 118
96 0.249649 118
97 2.710934 118
98 5.389869 118
99 5.517262 118
100 2.165270 96
101 4.645113 96
102 4.131914 96
103 4.469037 96
104 1.336824 96
105 3.117314 96
106 3.190280 96
107 2.033407 96
108 4.375345 95
109 0.721226 96
110 3.780487 96
111 12.880329 96
112 4.954985 96
113 1.938050 96
114 3.727791 96
115 4.079851 96
116 1.304356 96
117 1.608231 96
118 3.767019 96
119 4.349937 96
120 2.352796 96
121 1.855881 96
122 17.619499 96
123 1.706572 96
124 0.898076 96
125 2.696603 96
126 6.549325 96
127 3.951118 96
128 1.602807 96
129 24.285992 96
130 1.068982 96
131 1.576787 96
132 1.776421 96
133 0.247886 96
134 0.465485 96
135 0.537546 96
136 8.460450 96
137 1.407962 96
138 1.993385 96
139 2.034667 96
140 20.531533 96
141 1.379998 96
142 3.092698 96
143 0.904659 96
144 0.688175 96
145 1.222503 96
146 3.987693 96
147 1.564020 96
148 0.860904 96
149 1.966017 96
150 0.758152 108
151 1.876425 108
152 1.448449 108
153 0.369115 108
154 0.917207 108
155 1.369124 108
156 3.039074 108
157 0.625562 108
158 0.966278 108
159 1.477963 108
160 30.163410 108
161 0.680824 108
162 0.716272 108
163 0.884112 108
164 4.045838 108
165 3.292540 108
166 3.544177 108
167 1.634716 108
168 3.569389 108
169 0.000000 108
170 0.000000 108
171 30.625733 108
172 1.854110 108
173 4.258248 108
174 4.513942 108
175 5.727699 108
176 5.664597 108
177 7.345080 108
178 5.554790 108
179 0.068524 108
180 1.214681 108
181 7.391503 108
182 7.474275 108
183 8.193194 108
184 8.276588 108
185 8.710273 108
186 8.900290 108
187 0.109992 108
188 1.772811 108
189 8.359008 108
190 7.974892 108
191 0.116425 108
192 1.774022 108
193 8.415322 108
194 9.086577 108
195 0.114658 108
196 1.706747 108
197 8.849819 108
198 9.071537 108
199 8.652277 108
200 0.158818 104
201 2.421612 104
202 2.654351 104
203 3.006599 104
204 3.232377 104
205 3.582360 104
206 4.363352 104
207 4.453755 103
208 0.118103 103
209 1.711836 103
210 5.432174 103
211 5.481416 103
212 5.428338 103
213 5.899937 103
214 5.880525 103
215 5.671850 103
216 6.449196 103
217 6.306952 103
218 5.941358 103
219 6.251930 103
220 6.971997 103
221 6.730955 103
222 7.028836 103
223 7.050896 103
224 7.290613 103
225 7.376379 103
226 7.235336 103
227 0.125506 103
228 2.177083 103
229 7.352204 103
230 7.243368 103
231 0.119314 103
232 2.217671 103
233 7.362179 103
234 7.397850 103
235 7.486013 103
236 7.594996 103
237 7.169261 103
238 7.806517 103
239 7.314189 103
240 7.200658 103
241 7.531873 103
242 7.340841 103
243 7.397505 103
244 7.263268 103
245 8.001066 103
246 7.910759 103
247 0.134037 103
248 1.953061 103
249 7.770236 103
250 0.363076 109
251 3.360100 108
252 2.448364 108
253 0.124932 108
254 1.732627 108
255 5.149060 108
256 4.626582 108
257 4.810701 108
258 4.869365 108
259 5.498957 108
260 6.124293 108
261 5.951285 108
262 6.431522 108
263 6.736440 108
264 9.624118 108
265 8.294022 108
266 7.479864 108
267 7.534371 108
268 8.320706 108
269 8.166938 108
270 7.385455 108
271 0.148269 108
272 0.136721 108
273 0.129558 108
274 0.127531 108
275 0.131193 108
276 1.820150 108
277 8.785004 108
278 7.553077 108
279 0.133330 108
280 1.795355 108
281 8.990114 108
282 8.713702 108
283 8.872327 108
284 9.067751 108
285 8.841374 108
286 8.486302 108
287 9.018661 108
288 8.947462 108
289 8.962037 108
290 8.638162 108
291 0.147109 108
292 2.059826 108
293 8.754460 108
294 8.890190 108
295 9.282858 108
296 9.699899 108
297 9.500318 108
298 9.272469 108
299 8.730461 108
300 0.368296 109
301 3.024374 109
302 3.008253 109
303 3.596347 109
304 5.644443 109
305 4.778744 109
306 4.813675 109
307 4.933079 109
308 5.429125 109
309 5.765531 109
310 6.066812 109
311 5.894880 109
312 6.801730 109
313 6.357584 109
314 6.629220 109
315 7.246818 109
316 7.313106 109
317 7.760238 109
318 7.881077 109
319 7.558814 109
320 8.195472 109
321 8.801519 109
322 8.032624 109
323 8.372346 109
324 8.354625 109
325 8.635151 109
326 8.321477 109
327 8.920269 109
328 8.203639 109
329 8.509885 109
330 8.592438 109
331 8.631509 109
332 8.422430 109
333 8.392823 109
334 8.480543 109
335 8.050777 109
336 7.985240 109
337 8.139155 109
338 0.152966 109
339 2.829198 109
340 8.497985 109
341 8.810285 109
342 8.480443 109
343 7.828674 109
344 9.050589 109
345 8.784543 109
346 8.221337 109
347 8.438917 109
348 8.109454 109
349 8.735783 109
350 0.069191 115
351 0.756048 115
352 2.828829 115
353 3.811310 115
354 4.113363 115
355 0.100526 115
356 0.087249 115
357 0.084576 115
358 0.078319 115
359 2.206753 115
360 5.636607 115
361 6.536886 115
362 0.090429 115
363 2.390187 115
364 0.099759 115
365 2.366136 115
366 0.092479 115
367 0.087181 115
368 2.236889 115
369 7.906470 115
370 0.097274 115
371 0.096543 115
372 0.105179 115
373 1.743461 115
374 0.114569 115
375 1.857948 115
376 8.503113 115
377 8.022095 115
378 0.118226 115
379 0.128802 115
380 1.969828 115
381 8.323244 115
382 8.792453 115
383 0.139212 115
384 0.145346 115
385 1.912755 115
386 8.698083 115
387 9.059726 115
388 0.149246 115
389 0.164239 115
390 0.185684 115
391 0.201403 115
392 2.303852 115
393 8.798315 115
394 0.230049 115
395 0.225015 115
396 2.249690 115
397 0.284680 115
398 0.286952 115
399 0.308564 115
400 0.377951 109
401 4.313601 109
402 4.922173 109
403 5.180194 109
404 0.126300 109
405 0.107838 109
406 0.098708 109
407 0.091175 109
408 2.421588 109
409 0.094209 109
410 0.000000 109
411 0.000000 109
412 0.000000 109
413 0.000000 109
414 0.000000 109
415 0.000000 109
416 0.000000 109
417 0.000000 109
418 0.000000 109
419 0.000000 109
420 0.000000 109
421 0.000000 109
422 0.000000 109
423 0.000000 109
424 0.000000 109
425 0.000000 109
426 0.000000 109
427 0.000000 109
428 0.000000 109
429 0.000000 109
430 0.000000 109
431 0.000000 109
432 0.000000 109
433 0.000000 109
434 0.000000 109
435 0.000000 109
436 0.000000 109
437 0.000000 109
438 0.000000 109
439 0.000000 109
440 0.000000 109
441 0.000000 109
442 0.000000 109
443 0.000000 109
444 0.000000 109
445 0.000000 109
446 0.000000 109
447 0.000000 109
448 0.000000 109
449 0.000000 109
450 0.000000 111
451 0.000000 111
452 0.000000 111
453 0.000000 111
454 0.000000 111
455 0.000000 111
456 0.000000 111
457 0.000000 111
458 0.000000 111
459 0.012575 111
460 13.910559 111
461 2.058729 111
462 5.755197 111
463 4.983628 111
464 5.392362 111
465 8.323282 111
466 1.615426 111
467 2.536689 111
468 5.486440 111
469 12.427438 111
470 1.865295 111
471 1.619764 111
472 1.459181 111
473 2.357947 111
474 3.504505 111
475 1.579103 111
476 1.541414 111
477 1.578910 111
478 1.781260 111
479 1.667320 111
480 4.566827 111
481 1.967454 111
482 0.001588 111
483 3.658204 111
484 8.148492 111
485 5.613973 111
486 3.248846 111
487 6.199985 111
488 6.815751 111
489 1.262870 111
490 3.769372 111
491 7.758574 111
492 8.792148 111
493 1.974773 111
494 3.960068 111
495 4.182901 111
496 1.661201 111
497 7.570945 111
498 5.534601 111
499 0.000000 111
500 0.000000 116
501 4.108039 116
502 13.621373 116
503 5.285405 116
504 1.184456 116
505 1.779961 116
506 1.779793 116
507 1.741393 116
508 0.904741 116
509 4.280798 116
510 22.860999 116
511 1.032135 116
512 2.079167 116
513 0.987026 116
514 0.835616 116
515 3.551563 116
516 1.626214 116
517 1.434702 116
518 3.054312 116
519 3.389216 116
520 2.337103 116
521 2.689823 116
522 4.202873 116
523 14.236129 116
524 1.805019 116
525 2.968751 116
526 9.131810 116
527 16.828039 116
528 1.467754 116
529 2.532682 116
530 1.011659 116
531 1.909424 116
532 1.496269 116
533 2.467212 116
534 5.517448 116
535 2.729699 116
536 4.084287 116
537 2.030159 116
538 2.419896 116
539 5.142686 116
540 5.326631 116
541 3.514689 116
542 2.212894 116
543 0.365913 116
544 0.676933 116
545 1.791753 116
546 0.795962 116
547 1.468852 116
548 0.728828 116
549 9.830552 116
550 10.484555 105
551 71.211834 105
552 14.593027 105
553 1.779505 105
554 1.141163 105
555 1.077951 105
556 1.221719 105
557 15.974010 105
558 0.959711 105
559 80.431046 105
560 1.087549 105
561 21.087531 105
562 5.382210 105
563 3.343983 105
564 1.347809 105
565 40.769249 105
566 1.488416 105
567 165.073660 105
568 2.626497 105
569 0.317723 105
570 0.838309 105
571 0.453912 105
572 1.244043 105
573 1.271991 105
574 1.180992 105
575 1.199421 105
576 1.156987 105
577 1.571215 105
578 0.996849 105
579 1.742468 105
580 1.516454 105
581 1.442673 105
582 1.450077 105
583 1.383383 105
584 1.525529 105
585 1.441734 105
586 0.508953 105
587 0.577975 105
588 0.529293 105
589 1.631883 105
590 0.995447 105
591 0.440896 105
592 0.000000 105
593 0.378365 105
594 0.784133 105
595 0.969927 105
596 0.980111 105
597 0.888216 105
598 0.364551 105
599 0.802581 105
600 0.427510 116
601 0.981292 116
602 0.868165 116
603 0.281068 116
604 0.726214 116
605 0.902537 116
606 0.827539 116
607 0.938302 116
608 2.723682 116
609 0.419519 116
610 0.838360 116
611 0.357154 116
612 0.757698 116
613 0.852562 116
614 0.951789 116
615 0.946562 116
616 2.030952 116
617 3.132880 116
618 0.258685 116
619 1.305631 116
620 0.796054 116
621 0.292725 116
622 23.911915 116
623 27.045203 116
624 0.000000 116
625 0.659378 116
626 0.146131 116
627 0.170631 116
628 0.151801 116
629 0.174311 116
630 0.515921 116
631 0.400144 116
632 2.823136 116
633 2.838842 116
634 0.637754 116
635 0.775270 116
636 0.539036 116
637 0.562639 116
638 0.455786 116
639 0.685325 116
640 0.503987 116
641 0.676151 116
642 0.423158 116
643 0.503782 116
644 0.303388 116
645 0.567081 116
646 0.488329 116
647 0.591659 116
648 0.539687 116
649 1.998926 116
650 0.197975 112
651 0.560375 112
652 1.534698 112
653 0.459519 112
654 0.268755 112
655 5.885273 112
656 1.013098 112
657 0.481910 112
658 0.512520 112
659 0.163508 112
660 0.946750 112
661 0.383230 112
662 0.895761 112
663 0.603109 112
664 0.632581 112
665 0.456371 112
666 0.403911 112
667 0.717688 112
668 1.653646 112
669 0.595194 112
670 1.228617 112
671 0.662910 112
672 0.455862 112
673 0.610777 112
674 0.427485 112
675 0.000000 112
676 0.000000 112
677 0.609591 112
678 2.671593 112
679 0.000000 112
680 0.342056 112
681 4.610472 112
682 1.477046 112
683 0.007947 112
684 0.571556 112
685 0.903931 112
686 0.357981 112
687 0.332728 112
688 0.526069 112
689 1.179311 112
690 0.771414 112
691 0.349420 112
692 0.259818 112
693 0.609398 112
694 0.577075 112
695 0.431986 112
696 0.537741 112
697 173.508740 112
698 0.282086 112
699 0.657349 112
700 0.622916 104
701 1.769180 104
702 0.347250 104
703 1.016219 104
704 0.546653 104
705 0.248167 104
706 0.322075 104
707 0.390826 104
708 0.309733 104
709 0.528778 104
710 0.646012 104
711 0.402325 104
712 0.681129 104
713 0.571528 104
714 11.715450 104
715 4.571997 104
716 11.024206 104
717 7.273675 104
718 0.668359 104
719 0.874525 104
720 0.337220 104
721 0.328788 104
722 0.607233 104
723 0.545370 104
724 0.510804 104
725 0.233966 104
726 0.352153 104
727 0.359127 104
728 0.411118 104
729 0.823836 104
730 1.662819 104
731 1.401446 104
732 0.739341 104
733 1.842209 104
734 0.597882 104
735 2.245081 104
736 3.283300 104
737 0.491221 104
738 42.577644 104
739 76.739892 104
740 76.099160 104
741 1.281292 104
742 2.411315 104
743 2.594328 104
744 1.095739 104
745 3.162869 104
746 1.066958 104
747 2.401641 104
748 2.831643 104
749 1.641429 104
750 7.557221 102
751 1.770961 102
752 1.048518 102
753 3.178063 102
754 1.079828 102
755 14.179241 102
756 9.528808 102
757 72.199223 102
758 0.916715 102
759 10.693740 102
760 1.092569 102
761 19.108912 102
762 0.574955 102
763 3.761118 102
764 4.499229 102
765 1.578539 102
766 0.788626 102
767 3.726547 102
768 1.529405 102
769 0.802147 102
770 4.747760 102
771 0.507954 102
772 0.334006 102
773 0.230057 102
774 0.882072 102
775 1.929830 102
776 0.000000 102
777 1.784571 102
778 0.752535 102
779 0.833816 102
780 1.590542 102
781 2.794517 102
782 5.268618 102
783 0.831065 102
784 1.528833 102
785 1.199050 102
786 2.931300 102
787 1.309954 102
788 2.868475 102
789 0.605618 102
790 0.744326 102
791 51.514831 102
792 2.014775 102
793 1.232717 102
794 1.046414 102
795 1.046736 102
796 1.015285 102
797 0.773943 102
798 0.767011 102
799 0.997796 102
800 40.923546 115
801 3.441055 115
802 1.238040 115
803 22.795410 115
804 3.158337 115
805 1.107202 115
806 15.152256 115
807 1.517835 115
808 1.528354 115
809 5.078385 115
810 7.366408 115
811 1.526401 115
812 1.297463 115
813 3.839592 115
814 2.425826 115
815 0.816007 115
816 8.080833 115
817 6.771916 115
818 5.349198 115
819 4.799853 115
820 4.931864 115
821 5.390866 115
822 1.379303 115
823 1.378526 115
824 0.055999 115
825 4.098637 115
826 1.311094 115
827 4.039304 115
828 1.847220 115
829 6.984528 115
830 18.764300 115
831 10.928293 115
832 64.412456 115
833 1.590474 115
834 1.658196 115
835 1.102690 115
836 1.137215 115
837 1.009405 115
838 1.514659 115
839 8.157044 115
840 17.225495 115
841 0.246183 115
842 2.559990 115
843 2.125780 115
844 1.437741 115
845 2.229426 115
846 174.548214 115
847 1.939220 115
848 2.313873 115
849 1.388246 115
850 38.375530 114
851 0.941086 114
852 2.352961 114
853 1.997387 114
854 1.935862 114
855 4.823096 114
856 5.454801 114
857 1.774735 114
858 4.510230 114
859 4.315806 114
860 2.771374 114
861 2.427848 114
862 1.247938 114
863 1.568922 114
864 1.064020 114
865 1.608705 114
866 0.000000 114
867 0.044463 114
868 0.000000 114
869 0.000000 114
870 0.019558 114
871 0.006353 114
872 0.001967 114
873 0.000000 114
874 0.000000 114
875 0.000000 114
876 0.000000 114
877 0.000000 114
878 0.000000 114
879 0.000000 114
880 0.000000 114
881 0.000604 114
882 0.000000 114
883 0.000000 114
884 0.000000 114
885 0.010674 114
886 0.000000 114
887 0.000000 114
888 0.016400 114
889 0.000000 114
890 0.032181 114
891 0.046573 114
892 0.174005 114
893 0.007034 114
894 0.195026 114
895 1.658123 114
896 5.480673 114
897 5.299268 114
898 2.530798 114
899 5.633218 114
900 1.841843 109
901 0.536919 109
902 10.373439 109
903 21.721469 108
904 20.434706 108
905 7.119196 109
906 3.042914 109
907 3.312712 109
908 7.770259 109
909 3.518543 109
910 3.348483 109
911 7.609353 109
912 3.149633 109
913 3.423084 109
914 1.419909 109
915 3.093286 109
916 2.707640 109
917 0.000000 109
918 0.000000 109
919 0.000000 109
920 0.000000 109
921 0.000000 109
922 0.000000 109
923 0.000000 109
924 0.000000 109
925 0.000000 109
926 0.000000 109
927 0.000000 109
928 0.000000 109
929 0.000000 109
930 0.000000 109
931 2.306618 109
932 4.097043 109
933 2.927350 109
934 4.770903 109
935 5.945934 109
936 12.922942 109
937 5.040248 109
938 4.281907 109
939 1.139332 109
940 4.156090 109
941 4.216538 109
942 4.022561 109
943 4.433971 109
944 2.176659 109
945 1.472663 109
946 1.990123 109
947 2.800787 109
948 2.190648 109
949 4.945065 108
950 2.202448 107
951 38.551010 107
952 1.635871 107
953 2.214766 107
954 1.866816 107
955 2.766697 107
956 1.389845 107
957 3.463646 107
958 4.324311 107
959 4.621201 107
960 1.427778 107
961 4.401851 107
962 3.152442 107
963 4.259230 107
964 1.422247 107
965 2.933789 107
966 3.982268 107
967 22.580425 107
968 32.977465 107
969 34.607854 107
970 33.959394 107
971 32.293536 107
972 1.997221 107
973 1.954446 107
974 2.224207 107
975 4.436861 107
976 1.521730 107
977 1.151913 107
978 2.154794 107
979 1.147458 107
980 1.193511 107
981 15.347825 107
982 2.241597 107
983 1.632375 107
984 2.132216 107
985 8.256474 107
986 1.368415 107
987 4.191510 107
988 1.653282 107
989 0.000000 107
990 1.845270 107
991 1.375334 107
992 1.858208 107
993 2.229151 107
994 0.840267 107
995 0.840872 107
996 1.571259 107
997 2.769263 107
998 3.501844 107
999 0.676895 107
1000 1.570080 87
1001 1.595782 87
1002 0.920126 87
1003 2.128064 87
1004 1.068669 87
1005 1.108660 87
1006 5.184681 87
1007 0.376019 87
1008 0.885896 87
1009 1.292744 87
1010 1.346588 87
1011 1.110291 87
1012 5.317811 87
1013 14.539775 87
1014 1.669123 87
1015 1.419473 87
1016 4.418391 87
1017 6.514840 87
1018 6.163797 87
1019 6.026898 87
1020 6.862352 87
1021 6.513239 87
1022 6.064743 87
1023 5.817522 87
1024 6.628966 87
1025 6.425415 87
1026 6.557203 87
1027 5.813696 87
1028 6.525060 87
1029 5.761067 87
1030 6.039756 87
1031 6.280357 87
1032 1.692738 87
1033 3.467617 87
1034 3.119526 87
1035 1.816585 87
1036 4.529401 87
1037 1.796058 87
1038 3.985011 87
1039 3.276565 87
1040 1.869700 87
1041 4.714780 87
1042 2.763922 87
1043 0.321636 87
1044 3.316815 87
1045 3.974965 87
1046 1.306411 87
1047 2.471511 87
1048 2.678562 87
1049 4.264077 87
1050 8.403381 106
1051 8.117674 106
1052 9.915530 106
1053 2.285339 106
1054 4.612153 106
1055 2.508383 106
1056 5.478180 106
1057 5.284610 106
1058 2.393699 106
1059 5.432315 106
1060 6.796221 106
1061 25.866347 106
1062 96.889983 106
1063 126.925858 106
1064 167.957528 106
1065 64.597873 106
1066 215.631110 106
1067 39.409371 106
1068 134.953159 106
1069 70.277385 106
1070 71.648027 106
1071 179.616332 106
1072 94.912514 106
1073 137.372119 106
1074 45.448755 106
1075 71.861214 106
1076 135.742208 106
1077 91.676171 106
1078 172.851257 106
1079 246.777907 106
1080 71.477723 106
1081 74.257618 106
1082 193.794083 106
1083 147.990431 106
1084 144.760530 106
1085 41.339819 106
1086 86.115943 106
1087 0.586781 106
1088 1.389503 106
1089 1.017020 106
1090 0.643421 106
1091 1.403438 106
1092 0.922069 106
1093 0.807664 106
1094 2.046075 106
1095 1.053148 106
1096 3.320980 106
1097 4.355190 106
1098 4.449490 106
1099 7.166343 106
1100 2.562631 122
1101 1.966348 122
1102 277.617685 122
1103 0.686143 122
1104 0.734360 122
1105 0.921738 122
1106 0.819578 122
1107 1.004707 122
1108 1.768303 122
1109 5.287462 122
1110 6.815793 122
1111 5.635458 122
1112 0.058468 122
1113 21.695977 122
1114 0.975146 122
1115 0.898797 122
1116 1.051466 122
1117 2.634582 122
1118 2.141207 122
1119 1.582824 122
1120 2.981430 122
1121 2.821092 122
1122 0.451380 122
1123 1.136221 122
1124 1.132328 122
1125 0.509074 122
1126 2.212604 122
1127 5.200204 122
1128 4.972514 122
1129 2.048176 122
1130 1.990130 122
1131 3.110097 122
1132 1.311800 122
1133 2.295203 122
1134 2.883451 122
1135 9.470267 122
1136 59.923482 122
1137 2.088072 122
1138 5.677393 122
1139 0.317624 122
1140 0.996754 122
1141 0.805610 122
1142 0.000000 122
1143 0.486137 122
1144 0.690165 122
1145 5.132795 122
1146 9.831143 122
1147 63.250813 122
1148 6.828231 122
1149 2.916425 122
1150 2.391402 111
1151 5.154141 111
1152 4.933417 109
1153 1.948110 111
1154 2.627190 111
1155 2.635001 111
1156 1.378847 111
1157 3.485035 111
1158 1.428658 111
1159 2.832908 111
1160 13.406084 111
1161 44.516671 111
1162 6.557228 111
1163 24.706046 111
1164 6.083147 111
1165 3.558992 111
1166 2.062812 111
1167 0.560517 111
1168 1.551629 111
1169 5.969160 111
1170 0.521214 111
1171 1.265309 111
1172 0.589523 111
1173 0.942195 111
1174 0.596228 111
1175 0.834646 111
1176 0.493976 111
1177 1.226930 111
1178 0.606356 111
1179 0.842731 111
1180 0.619598 111
1181 0.914932 111
1182 1.932582 111
1183 1.265269 111
1184 6.134419 111
1185 15.485187 111
1186 0.964347 111
1187 1.842096 111
1188 0.052657 111
1189 0.117419 111
1190 7.533425 111
1191 8.028765 111
1192 42.585437 111
1193 1.895416 111
1194 4.115399 111
1195 3.350550 111
1196 7.180184 111
1197 4.403526 111
1198 2.787470 111
1199 3.645628 111
1200 15.275624 113
1201 46.279697 113
1202 1.259421 113
1203 6.120632 113
1204 0.000000 113
1205 2.804993 113
1206 11.804571 113
1207 5.932650 113
1208 0.672074 113
1209 2.889344 113
1210 0.260888 113
1211 36.200811 113
1212 25.519895 113
1213 7.425155 113
1214 5.182750 113
1215 0.406380 113
1216 1.375455 113
1217 1.405297 113
1218 4.181247 113
1219 2.026129 113
1220 1.044620 113
1221 2.046853 113
1222 1.537078 113
1223 2.510905 113
1224 7.471272 113
1225 1.921835 113
1226 1.456929 113
1227 26.290782 113
1228 2.326672 113
1229 2.463586 113
1230 34.635339 113
1231 1.691205 113
1232 3.866797 113
1233 2.040543 113
1234 4.820003 113
1235 36.268670 113
1236 0.533941 113
1237 1.061263 113
1238 3.165136 113
1239 1.056318 113
1240 2.069503 113
1241 5.310592 113
1242 1.294350 113
1243 0.000000 113
1244 2.693476 113
1245 9.552291 113
1246 62.989985 113
1247 1.023824 113
1248 0.360659 113
1249 0.619665 113
1250 24.209125 114
1251 1.405206 114
1252 4.462166 114
1253 4.484796 114
1254 19.241760 114
1255 4.179041 114
1256 0.884581 114
1257 7.006921 114
1258 2.682639 114
1259 0.523024 114
1260 2.678112 114
1261 1.385056 114
1262 5.056756 114
1263 5.985897 114
1264 0.896093 114
1265 0.789580 114
1266 2.250566 114
1267 1.709539 114
1268 13.209841 114
1269 1.731967 114
1270 2.617264 114
1271 5.237010 114
1272 6.686066 114
1273 5.840547 114
1274 5.952823 114
1275 6.301554 114
1276 5.890450 114
1277 4.743210 114
1278 1.325705 114
1279 0.337755 114
1280 0.551164 114
1281 0.756111 114
1282 0.000000 114
1283 0.622495 114
1284 0.661866 114
1285 7.123616 114
1286 4.570876 114
1287 16.018166 114
1288 2.042103 114
1289 4.274521 114
1290 0.163581 114
1291 17.437848 114
1292 17.867497 114
1293 1.580636 114
1294 1.995399 114
1295 19.806886 114
1296 1.806740 114
1297 1.720873 114
1298 440.930561 114
1299 0.000000 114
1300 0.482436 110
1301 0.982389 110
1302 0.902256 110
1303 0.192816 110
1304 0.792637 110
1305 0.306302 110
1306 3.171353 110
1307 0.713588 110
1308 1.694386 110
1309 1.907564 110
1310 1.056612 110
1311 2.701388 110
1312 2.735515 110
1313 2.142692 110
1314 8.156179 110
1315 0.808029 110
1316 2.033004 110
1317 1.132720 110
1318 0.840781 110
1319 2.295483 110
1320 0.973017 110
1321 3.295205 110
1322 0.280379 110
1323 2.106226 110
1324 1.294440 110
1325 1.238095 110
1326 1.144513 110
1327 0.131091 110
1328 1.974216 110
1329 0.134116 110
1330 27.295615 110
1331 1.914481 110
1332 2.154055 110
1333 0.942794 110
1334 0.931994 110
1335 0.944734 110
1336 1.155810 110
1337 1.141164 110
1338 1.258125 110
1339 1.166828 110
1340 1.575570 110
1341 1.466023 110
1342 1.873203 110
1343 1.595991 110
1344 1.777844 110
1345 1.937663 110
1346 2.008887 110
1347 1.664964 110
1348 1.712059 110
1349 1.877827 110
1350 0.815147 100
1351 1.738211 100
1352 1.823537 100
1353 1.746262 100
1354 1.489203 100
1355 1.973265 100
1356 2.001156 100
1357 1.707842 100
1358 2.100485 100
1359 2.163990 100
1360 2.299453 100
1361 1.921995 100
1362 2.277473 100
1363 2.048041 100
1364 2.834866 100
1365 1.901712 100
1366 1.854260 100
1367 1.823264 100
1368 2.167154 100
1369 2.176616 100
1370 1.997151 100
1371 2.227779 100
1372 2.013600 100
1373 2.132404 100
1374 2.212536 100
1375 2.213697 100
1376 1.847104 100
1377 2.231057 100
1378 1.956752 100
1379 2.156282 100
1380 2.060993 100
1381 2.072746 100
1382 2.352041 100
1383 2.278241 100
1384 2.429385 100
1385 2.107781 100
1386 18.680095 100
1387 88.600343 100
1388 55.108690 100
1389 53.060948 100
1390 56.773380 100
1391 110.572903 100
1392 132.190822 100
1393 284.579685 100
1394 112.546331 100
1395 148.395783 100
1396 31.402091 100
1397 80.328118 100
1398 58.606042 100
1399 117.536090 100
1400 17.256430 99
1401 74.815031 99
1402 42.041637 99
1403 49.117749 99
1404 57.703132 99
1405 99.732016 99
1406 46.568747 99
1407 212.189427 99
1408 45.535861 99
1409 60.878992 99
1410 87.296100 99
1411 97.814152 99
1412 47.124738 99
1413 112.619966 99
1414 114.895697 99
1415 46.570517 99
1416 110.870523 99
1417 16.110665 99
1418 80.225333 99
1419 86.790980 99
1420 118.835635 99
1421 45.164000 98
1422 50.620470 98
1423 26.853911 98
1424 232.927881 98
1425 95.139310 98
1426 46.048261 98
1427 105.558505 98
1428 60.852181 98
1429 116.616337 98
1430 67.956318 98
1431 54.963636 98
1432 125.453561 98
1433 1.433564 98
1434 3.852713 98
1435 0.006663 98
1436 0.198576 98
1437 0.001715 98
1438 0.002417 98
1439 0.003843 98
1440 0.194589 98
1441 3.817555 98
1442 3.150987 98
1443 0.232674 98
1444 1.205631 98
1445 2.317767 98
1446 20.792059 98
1447 1.383385 98
1448 1.381806 98
1449 0.788341 98
1450 1.487975 92
1451 2.412385 92
1452 2.864629 92
1453 2.961575 92
1454 0.013173 92
1455 3.124462 92
1456 2.972363 92
1457 0.819193 92
1458 0.887195 92
1459 1.351616 92
1460 1.286460 92
1461 3.631937 92
1462 1.455475 92
1463 3.270267 92
1464 2.869997 92
1465 0.915463 92
1466 2.155284 92
1467 2.061881 92
1468 0.938217 92
1469 0.832652 92
1470 1.400230 92
1471 1.957019 92
1472 4.740295 92
1473 7.817917 92
1474 2.648611 92
1475 4.729072 92
1476 1.925638 92
1477 4.251085 92
1478 1.261491 92
1479 1.542419 92
1480 1.282258 92
1481 1.093724 92
1482 4.375412 92
1483 0.760046 92
1484 1.401028 92
1485 0.837150 92
1486 4.830335 92
1487 2.582851 92
1488 0.867678 92
1489 2.801562 92
1490 0.923715 92
1491 2.263034 92
1492 3.778595 92
1493 1.180362 92
1494 2.718583 92
1495 23.820715 92
1496 1.789186 92
1497 0.998402 92
1498 1.151413 92
1499 0.822548 92
1500 0.509625 109
1501 1.200468 109
1502 4.572370 109
1503 1.302964 109
1504 1.672016 109
1505 1.376565 109
1506 1.444910 109
1507 1.466950 109
1508 1.457451 109
1509 1.398884 109
1510 1.615051 109
1511 0.480443 109
1512 0.937741 109
1513 1.064221 109
1514 1.451018 109
1515 1.307089 109
1516 1.787653 109
1517 0.685530 109
1518 0.509274 109
1519 13.453300 109
1520 35.305697 109
1521 0.300692 109
1522 0.861639 109
1523 0.543945 109
1524 2.156983 109
1525 1.023165 109
1526 2.711567 109
1527 2.558945 109
1528 0.000000 109
1529 0.000000 109
1530 0.000000 109
1531 0.000000 109
1532 0.927154 109
1533 2.289310 109
1534 2.793299 109
1535 2.192234 109
1536 122.892109 109
1537 0.970934 109
1538 0.955097 109
1539 0.821715 109
1540 0.941191 109
1541 0.954842 109
1542 0.938167 109
1543 0.947047 109
1544 0.945165 109
1545 1.076073 109
1546 1.244689 109
1547 0.000000 109
1548 1.162336 109
1549 2.412763 109
1550 2.102696 122
1551 0.943512 122
1552 0.592795 122
1553 2.254553 122
1554 6.385706 122
1555 0.622746 122
1556 3.261629 122
1557 0.714452 122
1558 2.111355 122
1559 1.645393 122
1560 1.382286 122
1561 1.880566 122
1562 1.321281 122
1563 0.540418 122
1564 1.386184 122
1565 2.956266 122
1566 2.659445 122
1567 3.237897 122
1568 0.724333 122
1569 0.578450 122
1570 0.057315 122
1571 1.934256 122
1572 0.698804 122
1573 1.792503 122
1574 1.448491 122
1575 0.308460 122
1576 9.717947 122
1577 0.561562 122
1578 1.021121 122
1579 1.312063 122
1580 1.795230 122
1581 3.059484 122
1582 2.950339 122
1583 3.203733 122
1584 8.351001 122
1585 10.548967 122
1586 1.826451 122
1587 2.693264 122
1588 0.290541 122
1589 2.107988 122
1590 2.672852 122
1591 2.134456 122
1592 2.141407 122
1593 2.825861 122
1594 1.527604 122
1595 0.080538 122
1596 2.225402 122
1597 2.013217 122
1598 2.406569 122
1599 5.050464 122
1600 1.657161 114
1601 2.009422 114
1602 4.271290 114
1603 4.167267 114
1604 4.386154 114
1605 1.413173 114
1606 4.196014 114
1607 4.038060 114
1608 1.343425 114
1609 3.432888 114
1610 3.720704 114
1611 1.752819 114
1612 4.383694 114
1613 1.554852 114
1614 4.257422 114
1615 2.082924 114
1616 4.187111 114
1617 4.496766 114
1618 4.346543 114
1619 5.146543 114
1620 0.961102 114
1621 10.984144 114
1622 1.771600 114
1623 1.178868 114
1624 1.202146 114
1625 2.295857 114
1626 1.334161 114
1627 2.146583 114
1628 1.284395 114
1629 2.096162 114
1630 27.106389 114
1631 92.274693 114
1632 2.536471 114
1633 1.256422 114
1634 36.442614 114
1635 0.985160 114
1636 0.000000 114
1637 0.000000 114
1638 0.000000 114
1639 5.307078 114
1640 1.080256 114
1641 1.097496 114
1642 2.626845 114
1643 5.729121 114
1644 3.362436 114
1645 6.966502 114
1646 1.343487 114
1647 3.071927 114
1648 0.576945 114
1649 1.385104 114
1650 1.974513 104
1651 2.476615 104
1652 2.433719 104
1653 1.201780 104
1654 41.138788 104
1655 16.590690 104
1656 1.821066 104
1657 1.938085 104
1658 1.554558 104
1659 0.931660 104
1660 1.617909 104
1661 2.587055 104
1662 2.203427 104
1663 2.022310 104
1664 0.248141 104
1665 1.575831 104
1666 1.629053 104
1667 0.617079 104
1668 1.193347 104
1669 1.582195 104
1670 0.565753 104
1671 1.438542 104
1672 0.050813 104
1673 0.027644 104
1674 0.029025 104
1675 0.018731 104
1676 0.009808 104
1677 0.019101 104
1678 0.011596 104
1679 0.236326 104
1680 0.020120 104
1681 0.384692 104
1682 1.550129 104
1683 4.506811 104
1684 4.451652 104
1685 0.497611 104
1686 0.643598 104
1687 3.795959 104
1688 1.883496 104
1689 0.904508 104
1690 101.833795 104
1691 1.920738 104
1692 102.161328 104
1693 0.582957 104
1694 1.684639 104
1695 3.777608 104
1696 1.727448 104
1697 3.807941 104
1698 1.288920 104
1699 3.524790 104
1700 1.016806 98
1701 2.876301 98
1702 2.795009 98
1703 0.688489 98
1704 0.774777 98
1705 2.467358 98
1706 5.431745 96
1707 5.511360 98
1708 4.457586 98
1709 4.306015 98
1710 11.595839 98
1711 32.557378 98
1712 31.714026 98
1713 32.350321 98
1714 1.062018 98
1715 0.000000 98
1716 0.681333 98
1717 1.982017 98
1718 9.383525 98
1719 1.102470 98
1720 0.885610 98
1721 0.955837 98
1722 1.178967 98
1723 3.740236 98
1724 1.179061 98
1725 0.824070 98
1726 47.071442 98
1727 9.815673 98
1728 19.917877 98
1729 0.747173 98
1730 0.867787 98
1731 1.399701 98
1732 3.300177 98
1733 27.809586 98
1734 1.389564 98
1735 1.224963 98
1736 1.398483 98
1737 2.135953 98
1738 1.251088 98
1739 0.160077 98
1740 1.425961 98
1741 1.037563 98
1742 158.638891 98
1743 3.547498 98
1744 2.172846 98
1745 1.451061 98
1746 1.186506 98
1747 25.655204 98
1748 0.515110 98
1749 7.393161 98
1750 3.381487 123
1751 2.476467 123
1752 0.847868 123
1753 1.372518 123
1754 3.093111 123
1755 3.601318 123
1756 18.468894 123
1757 1.108401 123
1758 0.891827 123
1759 18.103923 123
1760 1.551229 123
1761 1.983467 123
1762 2.444224 123
1763 2.137903 123
1764 1.856937 123
1765 2.510038 123
1766 2.698150 123
1767 2.618224 123
1768 2.289127 123
1769 0.000000 123
1770 0.000000 123
1771 0.445732 123
1772 1.190701 123
1773 5.327785 123
1774 1.579738 123
1775 4.599656 123
1776 0.592527 123
1777 1.056339 123
1778 1.163516 123
1779 1.572774 123
1780 1.090248 123
1781 6.168080 123
1782 6.576119 123
1783 18.023386 123
1784 11.373144 123
1785 1.081825 123
1786 1.585937 123
1787 0.000000 123
1788 1.257486 123
1789 1.395589 123
1790 2.309027 123
1791 0.089759 123
1792 1.621945 123
1793 3.533536 123
1794 3.723881 123
1795 0.853217 123
1796 0.732424 123
1797 1.732174 123
1798 0.757964 123
1799 0.674564 123
1800 0.415330 117
1801 2.406547 117
1802 0.349767 117
1803 0.706973 117
1804 1.659201 117
1805 0.630695 117
1806 0.635605 117
1807 0.000000 117
1808 1.636486 117
1809 1.775190 117
1810 0.580171 117
1811 0.051419 117
1812 0.451724 117
1813 2.068906 117
1814 2.820020 117
1815 2.768014 117
1816 12.755522 117
1817 1.121131 117
1818 1.041773 117
1819 1.157660 117
1820 1.364274 117
1821 156.500445 117
1822 209.304036 117
1823 2.078530 117
1824 2.436698 117
1825 0.945301 117
1826 1.035015 117
1827 5.761047 117
1828 6.165911 117
1829 5.929138 117
1830 1.199803 117
1831 24.326945 117
1832 91.284229 117
1833 1.353315 117
1834 15.697442 117
1835 1.283849 117
1836 14.004532 117
1837 1.154867 117
1838 0.636443 117
1839 2.123583 117
1840 1.106402 117
1841 5.329566 117
1842 15.545060 117
1843 6.882753 117
1844 2.086879 117
1845 1.253793 117
1846 1.130347 117
1847 0.684505 117
1848 0.717208 117
1849 0.675570 117
1850 0.994634 111
1851 10.271072 111
1852 0.570964 111
1853 0.723544 111
1854 1.507946 111
1855 1.696445 111
1856 0.450481 111
1857 0.651326 111
1858 1.727199 111
1859 1.703854 111
1860 1.166212 111
1861 0.924106 111
1862 75.498551 111
1863 0.277522 111
1864 0.865936 111
1865 1.286034 111
1866 0.685724 111
1867 1.273857 111
1868 0.313341 111
1869 0.347613 110
1870 0.818643 110
1871 1.226265 110
1872 0.029426 110
1873 0.020150 110
1874 0.015916 110
1875 0.763599 110
1876 1.074943 110
1877 1.768076 110
1878 15.062815 110
1879 3.398198 110
1880 5.066524 110
1881 3.187698 110
1882 42.794099 110
1883 3.199355 110
1884 16.202106 110
1885 3.070923 110
1886 3.070736 110
1887 71.586767 110
1888 7.688062 110
1889 16.841180 110
1890 4.482739 110
1891 1.684658 110
1892 1.724022 110
1893 1.401437 110
1894 0.627987 110
1895 1.250032 110
1896 1.221566 110
1897 0.699967 110
1898 0.845773 110
1899 2.239443 110
1900 0.101044 111
1901 7.238808 111
1902 0.512052 111
1903 0.308345 111
1904 0.422658 111
1905 0.125523 111
1906 0.084459 111
1907 0.052897 111
1908 0.037521 111
1909 0.029934 111
1910 0.013196 111
1911 0.010191 111
1912 3.479844 111
1913 7.055461 111
1914 7.310168 111
1915 7.250732 111
1916 7.124584 111
1917 6.985285 111
1918 7.145882 111
1919 6.883240 111
1920 7.188094 111
1921 7.028335 111
1922 7.220861 111
1923 7.052406 111
1924 6.871120 111
1925 6.871170 111
1926 7.006341 111
1927 7.013118 111
1928 7.188617 111
1929 7.363942 111
1930 7.104795 111
1931 6.898058 111
1932 7.008101 111
1933 6.857659 111
1934 7.076342 111
1935 6.931256 111
1936 1.285663 111
1937 3.746789 111
1938 3.034765 111
1939 1.677037 111
1940 3.734395 111
1941 3.291653 111
1942 0.260236 111
1943 0.913878 111
1944 2.125730 111
1945 1.330885 111
1946 2.222239 111
1947 2.597294 111
1948 6.274090 106
1949 0.000000 111
1950 2.072885 106
1951 0.557672 106
1952 1.177139 106
1953 1.921562 106
1954 1.308637 106
1955 4.071812 106
1956 1.338976 106
1957 13.657941 106
1958 0.789555 106
1959 2.679564 106
1960 2.823187 106
1961 1.575047 106
1962 0.000000 106
1963 0.000000 106
1964 1.140885 106
1965 26.598404 106
1966 1.417716 106
1967 0.539604 106
1968 1.801059 106
1969 1.362163 106
1970 0.616871 106
1971 0.000000 106
1972 0.759979 106
1973 1.430500 106
1974 1.103709 106
1975 1.214493 106
1976 1.784932 106
1977 2.099934 106
1978 1.943836 106
1979 0.583624 106
1980 21.379067 106
1981 1.678549 106
1982 3.777175 106
1983 3.504236 106
1984 3.757843 106
1985 10.985686 106
1986 10.941262 106
1987 11.097834 106
1988 1.564239 106
1989 3.735328 106
1990 1.273212 106
1991 3.446478 106
1992 2.026661 106
1993 3.161048 106
1994 1.459732 106
1995 3.468202 106
1996 3.707970 106
1997 98.603292 106
1998 121.139961 106
1999 120.073960 106
2000 78.865524 118
2001 89.761488 118
2002 89.453304 118
2003 96.626527 118
2004 3.977705 118
2005 4.490493 118
2006 6.498550 118
2007 0.917163 118
2008 1.449980 118
2009 1.626682 118
2010 64.168707 118
2011 1.058621 118
2012 2.448687 118
2013 15.221453 118
2014 0.000000 118
2015 1.980985 118
2016 1.134956 118
2017 1.087328 118
2018 1.287609 118
2019 0.227772 118
2020 1.264910 118
2021 1.416008 118
2022 1.761733 118
2023 1.060993 118
2024 11.917034 118
2025 5.520514 118
2026 1.798872 118
2027 1.302363 118
2028 1.365727 118
2029 1.938245 118
2030 1.511458 118
2031 1.219751 118
2032 1.455744 118
2033 1.754953 118
2034 14.692204 118
2035 2.147434 118
2036 1.222645 118
2037 264.873470 118
2038 2.008673 118
2039 1.929136 118
2040 1.021426 118
2041 1.245911 118
2042 1.169880 118
2043 8.262031 118
2044 10.183884 118
2045 1.911023 118
2046 4.138757 118
2047 4.395015 118
2048 4.085437 118
2049 3.207111 118
2050 2.658224 120
2051 5.617081 120
2052 6.221790 120
2053 1.418714 120
2054 3.152971 120
2055 3.148152 120
2056 1.587409 120
2057 58.636531 120
2058 5.401722 120
2059 5.468582 120
2060 5.308503 120
2061 5.238914 120
2062 2.788595 120
2063 1.424344 120
2064 0.259324 120
2065 3.524930 120
2066 2.050358 120
2067 0.289234 120
2068 2.336541 120
2069 0.959717 120
2070 23.507217 120
2071 27.288372 120
2072 14.719951 120
2073 0.756327 120
2074 1.984063 120
2075 29.810174 120
2076 1.286245 120
2077 2.902915 120
2078 0.429618 120
2079 1.349165 120
2080 12.220292 120
2081 1.092655 120
2082 2.489559 120
2083 0.228076 120
2084 0.498639 120
2085 0.489906 120
2086 0.500233 120
2087 0.467898 120
2088 0.416643 120
2089 0.697790 120
2090 1.347106 120
2091 0.882429 120
2092 0.175375 120
2093 0.376487 120
2094 0.322635 120
2095 0.423193 120
2096 0.028523 120
2097 0.199637 120
2098 0.267532 120
2099 0.482438 120
2100 0.527908 109
2101 0.788434 109
2102 0.008990 109
2103 22.980292 109
2104 24.333728 109
2105 0.999750 109
2106 0.484108 109
2107 0.273023 109
2108 0.782337 109
2109 1.316140 109
2110 2.760372 109
2111 0.774487 109
2112 1.132143 109
2113 14.269118 109
2114 63.233145 109
2115 114.846362 109
2116 99.600989 109
2117 22.738892 109
2118 51.006933 109
2119 51.474304 109
2120 40.839917 109
2121 41.721375 109
2122 86.892250 109
2123 39.506966 109
2124 253.630740 109
2125 2.046760 109
2126 26.777217 109
2127 15.959145 109
2128 1.386236 109
2129 1.519301 109
2130 1.493697 109
2131 1.297348 109
2132 2.121121 109
2133 1.255174 109
2134 2.053584 109
2135 2.162895 109
2136 16.957378 109
2137 8.988662 109
2138 1.289719 109
2139 0.855726 109
2140 1.019123 109
2141 2.681334 109
2142 1.760278 109
2143 1.999266 109
2144 8.112285 109
2145 14.669107 109
2146 59.270785 109
2147 12.972339 109
2148 1.872273 109
2149 0.857426 109
2150 10.847533 106
2151 5.115326 106
2152 0.661358 106
2153 1.391380 106
2154 1.283085 106
2155 1.609138 106
2156 6.551373 106
2157 12.241210 106
2158 6.114264 106
2159 7.628678 106
2160 0.001045 106
2161 0.512324 106
2162 0.501717 106
2163 0.742985 106
2164 0.705788 106
2165 1.135470 106
2166 0.791289 106
2167 0.866582 106
2168 0.823224 106
2169 0.952578 106
2170 0.913893 106
2171 1.235460 106
2172 0.989354 106
2173 1.230167 106
2174 0.913253 106
2175 0.882842 106
2176 1.054659 106
2177 1.068901 106
2178 1.106582 106
2179 1.210487 106
2180 1.057809 106
2181 0.811897 106
2182 0.807689 106
2183 0.844817 106
2184 0.752638 106
2185 0.957936 106
2186 1.006964 106
2187 0.928303 106
2188 0.904191 106
2189 0.907537 106
2190 0.762826 106
2191 0.840986 106
2192 0.956491 106
2193 0.792421 106
2194 1.033788 106
2195 0.861680 106
2196 0.937421 106
2197 0.932308 106
2198 0.970980 106
2199 0.985233 106
2200 0.763586 104
2201 0.822399 104
2202 0.932038 104
2203 0.726360 104
2204 0.610157 104
2205 1.159763 104
2206 1.051337 104
2207 0.764250 104
2208 0.648455 104
2209 0.696896 104
2210 0.642848 104
2211 1.006258 104
2212 1.616172 104
2213 1.031431 104
2214 1.486887 104
2215 0.908176 104
2216 1.111575 104
2217 1.218277 103
2218 1.145110 103
2219 1.175015 103
2220 1.254559 103
2221 1.252029 103
2222 1.239469 103
2223 1.353896 103
2224 1.001327 103
2225 1.877813 103
2226 0.942661 103
2227 1.195969 103
2228 1.822726 103
2229 1.427691 103
2230 1.562044 103
2231 1.207758 103
2232 1.310647 103
2233 1.170594 103
2234 1.284625 103
2235 0.822333 103
2236 1.120042 103
2237 2.079047 103
2238 0.940524 103
2239 1.313275 103
2240 1.230969 103
2241 1.383285 103
2242 1.262130 103
2243 1.378187 103
2244 1.449228 103
2245 1.422787 103
2246 2.401200 103
2247 1.524104 103
2248 1.156766 103
2249 1.695144 103
2250 0.522950 103
2251 0.801830 103
2252 0.671612 103
2253 0.602182 103
2254 0.666383 103
2255 0.538440 103
2256 0.622459 103
2257 0.586951 103
2258 0.653453 103
2259 0.656029 103
2260 0.642585 103
2261 0.833691 103
2262 0.691258 103
2263 0.917123 103
2264 0.818407 103
2265 1.057589 103
2266 0.794014 103
2267 0.985679 103
2268 0.917629 103
2269 1.135535 103
2270 1.000516 103
2271 0.787172 103
2272 1.041380 103
2273 0.829700 103
2274 0.966552 103
2275 0.973570 103
2276 0.955624 103
2277 1.057333 103
2278 1.016281 103
2279 1.010622 103
2280 0.955952 103
2281 1.176112 103
2282 1.110837 103
2283 1.076156 103
2284 1.000078 103
2285 0.994241 103
2286 0.940173 103
2287 1.150242 103
2288 1.116618 103
2289 0.956765 103
2290 1.051035 103
2291 0.966063 103
2292 1.100782 103
2293 1.324020 103
2294 1.693678 103
2295 1.311958 103
2296 1.229980 103
2297 1.311740 103
2298 1.442569 103
2299 1.327040 103
2300 0.554241 102
2301 0.809490 102
2302 0.852863 102
2303 0.645556 102
2304 0.703245 102
2305 0.654657 102
2306 0.542627 102
2307 0.658735 102
2308 0.883498 102
2309 0.647583 102
2310 0.781487 102
2311 0.682794 102
2312 0.787604 102
2313 0.863250 102
2314 1.012491 102
2315 0.811317 102
2316 1.057042 102
2317 0.973179 102
2318 0.753458 102
2319 1.109347 102
2320 0.792325 102
2321 0.984433 102
2322 1.090719 102
2323 1.300035 102
2324 1.155653 102
2325 1.129864 102
2326 1.199829 102
2327 0.893737 102
2328 1.039935 102
2329 1.364264 102
2330 1.170225 102
2331 1.060231 102
2332 1.111417 102
2333 1.252948 102
2334 1.047066 102
2335 1.044322 102
2336 1.119400 102
2337 1.108030 102
2338 1.235415 102
2339 1.055291 102
2340 1.158318 102
2341 1.308334 102
2342 1.327897 102
2343 1.206364 102
2344 1.368960 102
2345 1.382909 102
2346 1.455160 102
2347 1.417398 102
2348 1.396445 102
2349 2.251405 102
2350 0.683747 87
2351 2.216155 87
2352 1.748904 87
2353 21.617293 87
2354 3.321360 87
2355 2.768231 87
2356 26.245036 87
2357 104.472556 87
2358 72.296424 87
2359 182.416490 87
2360 46.844057 87
2361 117.242323 87
2362 181.575457 87
2363 102.552728 87
2364 80.395246 87
2365 72.611772 87
2366 180.304653 87
2367 118.382590 87
2368 212.224194 87
2369 35.327793 87
2370 215.509646 87
2371 128.956347 87
2372 37.608656 87
2373 152.816568 87
2374 81.303576 87
2375 209.531499 87
2376 84.447854 87
2377 139.079143 87
2378 70.738850 87
2379 159.781330 87
2380 44.179144 87
2381 134.244444 87
2382 48.429037 87
2383 2.046536 87
2384 5.188964 87
2385 4.805419 87
2386 2.199110 87
2387 5.052667 87
2388 5.191475 87
2389 31.655046 87
2390 3.687365 87
2391 4.129322 87
2392 1.264982 87
2393 3.527048 87
2394 3.449553 87
2395 1.767280 87
2396 3.503392 87
2397 4.576866 87
2398 1.605603 87
2399 4.101295 87
2400 2.373869 118
2401 5.087943 118
2402 4.851793 118
2403 5.237633 118
2404 5.030712 118
2405 4.853543 118
2406 4.895746 118
2407 4.556931 118
2408 6.135047 118
2409 4.920460 118
2410 1.011260 118
2411 0.009946 118
2412 1.540566 118
2413 2.386839 118
2414 1.234950 118
2415 2.510997 118
2416 2.080845 118
2417 3.535854 118
2418 4.270736 118
2419 4.903575 118
2420 2.418642 118
2421 0.428059 118
2422 2.121661 118
2423 0.781893 118
2424 0.972922 118
2425 1.988234 118
2426 3.301521 118
2427 1.844644 118
2428 1.555706 118
2429 2.165325 118
2430 1.314985 118
2431 0.000000 118
2432 1.027452 118
2433 0.814588 118
2434 2.340521 118
2435 15.203161 118
2436 3.126363 118
2437 1.499158 118
2438 1.795050 118
2439 2.835247 118
2440 2.862311 118
2441 0.023968 118
2442 0.024612 118
2443 0.028062 118
2444 2.186280 118
2445 5.479924 118
2446 16.015096 118
2447 276.254868 118
2448 3.764122 118
2449 3.540845 118
2450 0.345735 116
2451 0.444925 116
2452 0.457165 116
2453 1.118897 116
2454 3.875792 116
2455 68.009322 116
2456 143.713375 116
2457 0.082640 116
2458 1.134888 116
2459 3.285129 116
2460 0.879985 116
2461 9.355619 116
2462 17.669388 116
2463 4.979660 116
2464 1.870749 116
2465 4.411578 116
2466 1.340718 116
2467 3.733581 116
2468 5.133388 116
2469 1.364109 116
2470 1.193534 116
2471 0.397102 116
2472 1.136895 116
2473 0.012244 116
2474 1.419958 116
2475 0.953018 116
2476 1.770822 116
2477 1.960362 116
2478 19.978028 116
2479 3.678058 116
2480 0.324054 116
2481 4.300039 116
2482 1.762957 116
2483 2.057373 116
2484 1.340337 116
2485 3.272589 116
2486 1.904352 116
2487 18.375573 116
2488 1.803884 116
2489 8.462540 116
2490 1.021308 116
2491 3.694329 116
2492 2.003730 116
2493 2.666689 116
2494 2.010622 116
2495 2.315728 116
2496 1.300289 116
2497 74.509912 116
2498 1.264834 116
2499 2.291476 116
2500 1.360270 110
2501 1.668652 110
2502 0.007444 110
2503 0.257614 110
2504 2.258293 110
2505 3.433470 110
2506 1.904602 110
2507 8.389171 110
2508 1.536372 110
2509 0.000415 110
2510 2.320181 110
2511 2.461386 110
2512 1.188999 110
2513 16.970000 110
2514 1.449255 110
2515 2.025533 110
2516 4.432198 110
2517 1.287006 110
2518 1.588601 110
2519 0.000000 110
2520 1.973664 110
2521 1.954849 110
2522 2.675530 110
2523 1.808470 110
2524 1.428845 110
2525 1.360598 110
2526 1.421739 110
2527 1.497851 110
2528 6.528923 110
2529 4.466432 110
2530 4.052771 110
2531 0.829233 110
2532 31.286440 110
2533 72.053679 110
2534 1.436357 110
2535 2.512380 110
2536 2.045582 110
2537 1.954000 110
2538 1.254012 110
2539 2.115449 110
2540 0.898655 110
2541 1.835190 110
2542 2.318000 110
2543 0.618759 110
2544 1.015683 110
2545 2.575618 110
2546 2.583997 110
2547 1.963028 110
2548 27.337420 110
2549 1.627802 110
2550 1.284935 104
2551 1.408208 104
2552 0.109410 104
2553 2.639355 104
2554 0.032104 104
2555 4.126758 104
2556 1.696412 104
2557 2.139130 104
2558 1.242867 104
2559 1.203757 104
2560 1.169209 104
2561 1.133030 104
2562 0.780274 104
2563 0.143108 104
2564 0.109545 104
2565 0.172970 104
2566 0.010417 104
2567 0.044723 104
2568 0.060617 104
2569 0.070958 104
2570 0.038014 104
2571 0.066863 104
2572 0.028436 104
2573 0.080871 104
2574 0.251211 104
2575 0.203771 104
2576 0.682311 104
2577 0.175685 104
2578 0.187616 104
2579 0.122528 104
2580 0.126697 104
2581 0.063536 104
2582 0.154056 104
2583 0.187820 104
2584 0.282044 104
2585 0.101946 104
2586 0.174790 104
2587 0.439381 104
2588 0.240704 104
2589 0.321324 104
2590 0.266815 104
2591 0.333091 104
2592 0.168081 104
2593 0.212282 104
2594 0.061411 104
2595 0.272202 104
2596 0.199759 104
2597 0.427588 104
2598 0.348360 104
2599 0.363483 104
2600 0.263314 109
2601 0.415347 109
2602 0.654155 109
2603 0.271345 109
2604 0.312934 109
2605 0.225242 109
2606 0.218593 109
2607 0.205189 109
2608 0.160470 109
2609 0.262346 109
2610 0.087931 109
2611 0.179089 109
2612 0.249579 109
2613 0.191942 109
2614 0.301106 109
2615 0.239733 109
2616 0.317828 109
2617 0.234261 109
2618 0.247640 109
2619 0.109248 109
2620 0.256844 109
2621 0.182298 109
2622 0.186378 109
2623 0.161559 109
2624 0.183973 109
2625 0.081543 109
2626 0.079530 109
2627 0.103102 109
2628 0.152947 109
2629 0.632102 109
2630 1.118853 109
2631 0.145455 109
2632 0.198162 109
2633 0.221219 109
2634 0.156482 109
2635 0.295510 109
2636 0.152909 109
2637 0.180619 109
2638 0.293129 109
2639 0.565228 109
2640 0.255275 109
2641 0.198339 109
2642 0.255768 109
2643 0.269610 109
2644 0.359503 109
2645 0.499554 109
2646 0.294191 109
2647 0.451632 109
2648 0.590174 109
2649 0.459585 109
2650 0.224966 112
2651 0.297292 112
2652 0.308044 112
2653 0.196425 112
2654 0.299972 112
2655 0.378086 111
2656 0.373133 111
2657 0.193536 111
2658 0.330169 111
2659 0.238730 111
2660 0.097298 111
2661 0.123075 111
2662 0.159437 111
2663 5.255243 111
2664 7.252096 111
2665 2.841086 111
2666 9.790733 111
2667 0.015422 111
2668 0.039722 111
2669 0.017587 111
2670 0.009071 111
2671 0.005903 111
2672 0.003942 111
2673 0.002749 111
2674 0.443315 111
2675 0.000000 111
2676 0.000000 111
2677 0.000000 111
2678 0.000000 111
2679 0.000000 111
2680 0.000000 111
2681 0.000000 111
2682 0.000000 111
2683 0.000000 111
2684 0.000000 111
2685 0.000000 111
2686 0.000000 111
2687 0.000000 111
2688 0.000000 111
2689 0.000000 111
2690 0.000000 111
2691 0.000000 111
2692 0.000000 111
2693 0.000000 111
2694 0.000000 111
2695 0.000000 111
2696 0.000000 111
2697 0.000000 111
2698 0.000000 111
2699 0.000000 111
2700 0.084581 108
2701 0.082130 108
2702 0.064231 108
2703 0.048260 108
2704 0.035331 108
2705 0.026591 108
2706 0.014273 108
2707 0.008129 108
2708 0.004402 108
2709 0.002284 108
2710 0.000581 108
2711 5.640365 108
2712 4.513378 108
2713 4.645504 107
2714 60.956175 108
2715 5.361796 108
2716 337.102262 108
2717 5.353950 108
2718 83.532403 108
2719 2.257726 108
2720 2.916370 108
2721 30.041806 108
2722 5.758486 108
2723 4.308334 108
2724 5.955707 108
2725 6.185501 108
2726 5.569259 108
2727 5.622937 108
2728 6.154272 108
2729 18.318927 108
2730 248.006654 108
2731 5.905391 108
2732 5.473768 108
2733 323.642001 108
2734 4.828471 108
2735 10.457604 108
2736 3.736822 108
2737 10.277211 108
2738 5.786652 108
2739 6.204234 108
2740 5.779544 108
2741 5.903450 108
2742 6.743888 108
2743 70.396955 108
2744 6.403631 108
2745 5.978451 108
2746 18.774610 108
2747 4.062535 108
2748 32.240519 108
2749 4.107742 108
2750 7.733240 95
2751 3.983052 95
2752 7.673231 95
2753 4.143484 95
2754 1.794242 95
2755 5.415581 95
2756 2.239297 95
2757 2.879647 95
2758 2.694857 95
2759 1.939945 95
2760 1.052878 95
2761 0.998397 95
2762 1.081950 95
2763 1.150385 95
2764 1.069321 95
2765 1.357114 95
2766 1.138270 95
2767 1.224441 95
2768 1.131712 95
2769 1.166488 95
2770 1.220916 95
2771 1.355164 95
2772 1.213680 95
2773 1.122315 95
2774 1.335714 95
2775 1.090173 95
2776 1.502312 95
2777 1.059840 95
2778 1.322087 95
2779 1.113546 95
2780 1.249203 95
2781 1.121155 95
2782 1.235375 95
2783 1.225317 95
2784 1.085908 95
2785 1.970374 95
2786 1.469508 95
2787 1.302949 95
2788 3.541592 95
2789 1.399083 95
2790 1.761216 95
2791 1.843768 95
2792 2.442854 95
2793 2.688018 95
2794 2.006494 95
2795 1.847386 95
2796 1.860224 95
2797 1.867396 95
2798 1.788696 95
2799 2.049817 95
2800 1.981988 109
2801 2.549197 109
2802 2.190864 109
2803 2.488251 109
2804 2.467369 109
2805 2.106669 109
2806 2.238917 109
2807 2.604909 109
2808 1.776746 109
2809 2.322942 109
2810 2.050617 109
2811 1.902632 109
2812 1.746421 109
2813 2.050770 109
2814 2.161495 109
2815 1.722350 109
2816 4.083881 109
2817 3.377360 109
2818 4.443825 109
2819 0.038078 109
2820 0.023229 109
2821 0.018372 109
2822 0.007876 109
2823 0.008457 109
2824 0.008016 109
2825 0.003597 109
2826 0.002613 109
2827 0.001199 109
2828 0.000791 109
2829 0.000000 109
2830 0.000000 109
2831 0.000000 109
2832 0.000000 109
2833 0.000000 109
2834 0.000000 109
2835 0.000000 109
2836 0.000000 109
2837 0.000000 109
2838 0.000000 109
2839 3.574146 109
2840 7.900037 109
2841 8.324406 109
2842 3.925363 109
2843 5.886688 109
2844 8.105957 109
2845 7.466354 109
2846 1.701776 109
2847 4.624221 109
2848 4.844689 109
2849 5.145014 109
2850 1.611509 109
2851 4.062160 109
2852 4.346597 109
2853 3.839233 109
2854 3.517365 109
2855 7.984870 109
2856 8.051888 109
2857 3.979409 109
2858 5.607078 109
2859 5.756738 109
2860 5.976502 109
2861 1.180507 109
2862 3.662214 109
2863 1.529342 109
2864 3.805766 109
2865 4.065050 109
2866 6.834896 109
2867 27.222001 109
2868 8.834693 109
2869 2.830167 109
2870 5.692101 109
2871 5.808511 109
2872 6.432710 109
2873 0.440627 109
2874 0.422370 109
2875 0.513666 109
2876 0.468556 109
2877 0.505664 109
2878 0.370495 109
2879 0.332512 109
2880 0.340146 109
2881 0.345534 109
2882 0.369904 109
2883 0.356133 109
2884 0.264711 109
2885 0.276128 109
2886 0.219220 109
2887 0.218765 109
2888 0.257596 109
2889 0.399929 109
2890 0.266471 109
2891 0.478916 109
2892 0.489879 109
2893 1.073215 109
2894 3.819440 109
2895 3.594939 109
2896 10.097167 109
2897 123.108116 109
2898 4.638260 109
2899 5.014673 109
2900 1.300373 87
2901 2.998556 87
2902 3.059779 87
2903 2.851889 87
2904 1.799625 87
2905 4.885705 87
2906 4.886085 87
2907 4.563958 87
2908 2.264884 87
2909 4.486578 87
2910 4.797542 87
2911 2.605487 87
2912 4.687193 87
2913 4.874006 87
2914 4.573255 87
2915 4.919779 87
2916 3.286691 87
2917 7.209527 87
2918 7.841730 87
2919 7.201544 87
2920 1.465243 87
2921 5.297972 87
2922 5.330533 87
2923 1.882605 87
2924 3.945126 87
2925 4.280669 87
2926 3.991691 87
2927 3.072871 87
2928 8.197419 87
2929 8.311653 87
2930 8.651691 87
2931 1.171747 87
2932 4.034028 87
2933 4.257451 87
2934 3.926187 87
2935 1.273169 87
2936 3.627685 87
2937 2.839580 87
2938 9.492175 87
2939 10.172677 87
2940 9.768001 87
2941 9.310598 87
2942 10.333426 87
2943 10.753992 87
2944 3.277540 87
2945 5.395462 87
2946 5.639807 87
2947 6.430512 87
2948 4.484347 87
2949 5.235355 87
2950 1.961100 99
2951 4.239939 99
2952 4.635867 99
2953 1.318011 99
2954 3.467748 99
2955 1.646596 99
2956 3.798054 99
2957 3.254931 99
2958 1.554061 99
2959 4.089438 99
2960 4.231956 99
2961 3.751485 99
2962 2.501642 99
2963 5.875299 99
2964 4.945804 99
2965 2.383272 99
2966 7.170911 99
2967 6.511957 99
2968 6.577081 99
2969 26.778780 99
2970 33.791548 99
2971 1.728084 99
2972 0.557922 99
2973 4.213224 99
2974 3.640652 99
2975 2.805121 99
2976 8.327772 99
2977 6.306242 99
2978 2.738346 99
2979 5.838080 99
2980 5.727622 99
2981 0.947156 99
2982 2.421344 99
2983 1.869060 99
2984 4.992573 99
2985 1.542649 99
2986 3.489215 99
2987 4.080337 99
2988 2.480775 99
2989 4.768658 99
2990 1.584773 99
2991 2.783541 99
2992 5.502715 99
2993 4.408021 99
2994 10.257186 99
2995 0.000000 99
2996 0.000000 99
2997 2.653308 99
2998 7.155130 99
2999 0.000000 99
3000 0.000000 106
3001 0.000000 106
3002 0.000000 106
3003 0.000000 106
3004 0.000000 106
3005 0.000000 106
3006 0.000000 106
3007 0.000000 106
3008 40.898782 106
3009 300.097103 106
3010 115.050212 106
3011 576.651859 106
3012 181.424405 106
3013 529.455455 106
3014 260.294031 106
3015 322.261411 106
3016 424.686480 106
3017 566.151762 106
3018 119.595186 106
3019 146.346207 106
3020 78.591617 106
3021 290.893357 106
3022 1.329288 106
3023 2.514007 106
3024 2.701877 106
3025 2.359078 106
3026 7.287407 106
3027 0.000000 106
3028 0.000000 106
3029 0.000000 106
3030 1.508218 106
3031 3.399415 106
3032 1.806236 106
3033 5.405470 106
3034 2.449995 106
3035 7.737690 106
3036 77.401119 106
3037 87.494863 106
3038 86.541431 106
3039 3.870425 106
3040 10.525009 106
3041 2.260495 106
3042 6.411296 106
3043 2.496681 106
3044 10.319489 106
3045 2.709100 106
3046 8.364867 106
3047 8.023334 106
3048 2.529875 106
3049 8.000168 106
3050 1.892714 95
3051 6.247919 95
3052 2.011589 95
3053 4.809534 95
3054 3.596397 95
3055 2.542637 95
3056 6.194679 95
3057 0.174354 95
3058 0.407245 95
3059 0.350953 95
3060 1.694488 95
3061 4.558959 95
3062 0.000000 95
3063 0.000000 95
3064 0.000000 95
3065 0.000000 95
3066 0.000000 95
3067 2.417820 95
3068 8.219547 95
3069 3.228149 95
3070 3.108918 95
3071 4.645004 95
3072 4.894381 95
3073 4.775015 95
3074 4.834590 95
3075 4.764996 95
3076 4.850282 95
3077 4.963541 95
3078 4.887600 95
3079 4.763846 95
3080 4.784331 95
3081 4.694729 95
3082 4.863943 95
3083 4.880500 95
3084 4.682789 95
3085 4.925362 95
3086 4.214185 95
3087 8.032915 95
3088 6.744338 95
3089 14.594745 95
3090 102.254367 95
3091 19.176612 95
3092 8.031511 95
3093 7.636014 95
3094 11.968531 95
3095 14.605617 95
3096 10.027475 95
3097 0.941728 95
3098 1.100886 95
3099 1.091715 95
3100 0.326617 99
3101 0.875142 99
3102 0.912022 99
3103 0.948448 99
3104 0.926304 99
3105 0.967451 99
3106 0.961508 99
3107 1.042128 99
3108 0.838038 99
3109 2.111420 99
3110 2.166580 99
3111 24.920531 99
3112 1.620415 99
3113 472.561063 99
3114 17.432136 99
3115 2.340149 99
3116 3.707563 99
3117 6.391117 99
3118 4.409210 99
3119 5.138727 99
3120 43.402153 99
3121 1.266708 99
3122 4.615966 99
3123 3.815816 99
3124 1.325148 99
3125 1.053178 99
3126 4.094951 99
3127 4.919383 99
3128 3.771381 99
3129 3.489279 99
3130 3.660549 99
3131 3.870918 99
3132 1.457787 99
3133 5.285461 99
3134 8.220344 99
3135 7.950361 99
3136 7.705945 99
3137 7.766072 99
3138 7.840882 99
3139 4.287678 99
3140 7.722892 99
3141 6.820604 99
3142 10.730106 99
3143 10.149813 99
3144 11.008403 99
3145 13.331575 99
3146 6.560685 99
3147 2.853379 99
3148 3.790049 99
3149 3.882854 99
3150 2.897764 109
3151 6.222870 109
3152 3.112955 109
3153 5.833030 109
3154 26.175416 109
3155 7.570227 109
3156 4.557272 109
3157 31.067588 109
3158 8.894390 109
3159 8.803861 109
3160 4.924743 109
3161 3.331466 109
3162 5.259244 109
3163 317.615799 109
3164 11.458281 109
3165 15.665607 109
3166 2.892630 109
3167 2.969026 109
3168 4.618882 109
3169 5.324464 109
3170 5.104620 109
3171 10.816842 109
3172 8.374264 109
3173 11.550750 109
3174 6.872300 109
3175 4.916227 109
3176 6.186906 109
3177 11.785326 109
3178 5.159713 109
3179 5.472302 109
3180 7.771408 109
3181 8.090313 109
3182 7.644138 109
3183 7.576530 109
3184 7.765255 109
3185 5.016712 109
3186 0.000000 109
3187 0.000000 109
3188 0.000000 109
3189 0.000000 109
3190 0.000000 109
3191 0.000000 109
3192 2.771718 109
3193 85.924780 109
3194 7.590113 109
3195 6.606619 108
3196 2.442223 109
3197 4.182136 109
3198 4.528606 109
3199 3.377978 109
3200 3.342139 110
3201 5.799482 110
3202 12.633619 110
3203 14.065833 110
3204 12.598374 110
3205 13.419604 110
3206 3.400007 110
3207 11.519243 110
3208 3.424665 110
3209 9.079148 110
3210 2.072299 110
3211 144.108350 110
3212 3.455752 110
3213 2.882612 110
3214 17.958245 110
3215 3.564479 110
3216 6.677737 110
3217 10.201946 110
3218 12.234777 110
3219 11.827297 108
3220 16.605187 110
3221 12.317068 110
3222 4.462467 110
3223 10.069231 110
3224 10.720365 110
3225 10.036174 110
3226 1.622240 110
3227 2.755009 110
3228 2.561522 110
3229 4.192091 110
3230 2.570668 110
3231 1.852805 110
3232 3.338984 110
3233 5.780737 110
3234 52.598010 110
3235 2.795795 110
3236 2.461326 110
3237 1.675669 110
3238 4.298197 110
3239 3.485845 110
3240 2.455280 110
3241 5.967237 110
3242 9.196348 110
3243 5.647485 109
3244 2.178212 110
3245 1.647110 110
3246 0.226619 110
3247 0.415375 110
3248 0.668750 110
3249 6.570990 110
3250 1.531100 109
3251 3.314196 109
3252 3.435678 109
3253 3.427930 109
3254 2.281830 109
3255 3.487908 109
3256 1.284762 109
3257 2.550073 109
3258 2.788806 109
3259 2.450405 109
3260 2.639323 109
3261 15.542535 109
3262 2.394665 109
3263 0.800077 109
3264 0.137867 109
3265 6.194691 109
3266 2.042469 109
3267 4.559483 109
3268 4.999104 109
3269 4.810683 109
3270 4.830444 109
3271 5.331640 109
3272 0.913478 109
3273 10.515362 109
3274 6.356304 109
3275 26.820850 109
3276 1.769283 109
3277 2.867248 109
3278 4.485068 109
3279 10.640709 109
3280 2.772044 109
3281 2.309545 109
3282 37.534505 109
3283 4.765185 109
3284 5.304132 109
3285 2.526740 109
3286 5.691647 109
3287 6.632237 109
3288 7.754832 109
3289 8.749068 109
3290 1.557651 109
3291 4.983597 109
3292 2.858895 109
3293 4.409054 109
3294 2.718685 109
3295 36.541414 109
3296 4.905907 109
3297 1.756687 109
3298 16.034848 109
3299 2.189963 109
3300 2.010261 119
3301 0.779659 119
3302 103.035529 119
3303 179.226782 119
3304 187.669555 119
3305 203.947353 119
3306 0.226351 119
3307 0.211965 119
3308 0.304804 119
3309 0.334122 119
3310 0.345125 119
3311 4.182329 119
3312 6.659264 119
3313 5.973446 119
3314 4.011349 119
3315 6.004240 119
3316 7.975284 119
3317 72.638104 119
3318 40.907077 119
3319 69.416474 119
3320 75.401891 119
3321 77.206646 119
3322 3.913471 119
3323 4.310278 119
3324 7.221140 119
3325 13.165215 119
3326 5.471679 119
3327 1.683022 119
3328 2.733379 119
3329 41.703666 119
3330 3.657837 119
3331 44.826660 119
3332 2.353810 119
3333 3.302172 119
3334 8.359009 119
3335 0.302191 119
3336 7.255975 119
3337 4.003190 119
3338 6.457185 119
3339 2.655696 119
3340 17.719852 119
3341 4.075460 119
3342 2.465300 119
3343 4.913815 119
3344 4.640761 119
3345 3.183422 119
3346 7.940055 117
3347 7.381076 119
3348 4.347539 119
3349 1.464007 119
3350 3.865996 86
3351 0.829979 86
3352 1.650722 86
3353 2.095015 86
3354 2.511900 86
3355 6.410034 86
3356 12.781661 86
3357 26.018294 86
3358 22.567533 86
3359 3.290360 86
3360 1.497475 86
3361 7.266596 86
3362 1.568003 86
3363 6.791823 86
3364 13.671930 86
3365 14.360501 86
3366 12.256768 86
3367 6.891590 86
3368 5.569545 86
3369 225.704630 86
3370 2.423456 86
3371 2.545219 86
3372 6.369605 86
3373 5.532807 86
3374 1.662681 86
3375 3.907500 86
3376 8.173372 86
3377 4.659824 86
3378 2.496225 86
3379 7.387940 86
3380 5.765021 86
3381 1.777842 86
3382 3.525367 86
3383 3.951781 86
3384 2.133482 86
3385 5.696087 86
3386 6.663718 86
3387 1.335660 86
3388 1.400788 86
3389 4.194054 86
3390 3.495946 86
3391 60.595750 86
3392 187.114519 86
3393 228.572331 86
3394 10.966852 86
3395 14.380548 86
3396 18.134029 86
3397 18.167200 86
3398 0.163165 86
3399 2.643700 86
3400 3.055503 97
3401 2.294434 97
3402 1.833845 97
3403 8.067782 97
3404 1.995396 97
3405 6.081276 97
3406 4.495094 97
3407 1.473998 97
3408 1.232069 97
3409 2.473282 97
3410 6.358783 97
3411 5.119038 97
3412 3.185622 97
3413 2.518152 97
3414 5.419758 97
3415 6.274269 97
3416 4.279331 97
3417 2.495482 97
3418 6.847806 97
3419 5.332057 97
3420 2.267100 97
3421 6.384912 97
3422 4.934860 97
3423 33.407597 97
3424 73.063120 97
3425 74.081044 97
3426 4.891337 97
3427 5.098364 97
3428 3.877097 97
3429 4.140247 97
3430 2.449694 97
3431 6.231864 97
3432 6.931791 97
3433 2.633036 97
3434 6.188290 97
3435 5.705508 97
3436 2.793932 97
3437 6.876921 97
3438 5.378173 97
3439 1.654962 97
3440 4.661777 97
3441 2.516942 97
3442 5.833770 97
3443 6.164925 97
3444 35.800202 97
3445 19.657059 97
3446 5.081606 97
3447 38.311688 97
3448 36.753478 97
3449 15.439420 97
3450 31.906959 116
3451 2.690318 116
3452 6.879547 116
3453 14.128445 116
3454 12.511221 116
3455 3.375239 116
3456 7.201547 116
3457 7.933821 116
3458 1.964256 116
3459 2.404723 116
3460 5.865263 116
3461 1.447944 116
3462 1.801202 116
3463 1.871079 116
3464 2.683246 116
3465 3.425361 116
3466 1.791131 116
3467 2.273084 116
3468 2.064355 116
3469 5.609619 116
3470 11.303884 116
3471 3.563525 116
3472 0.297137 116
3473 19.344850 116
3474 2.134463 116
3475 2.836862 116
3476 5.900272 116
3477 7.082831 116
3478 0.968568 116
3479 1.211936 116
3480 8.206513 116
3481 13.454774 116
3482 17.497582 116
3483 2.916441 116
3484 5.683492 116
3485 7.183226 116
3486 16.934362 116
3487 1.921402 116
3488 2.776541 116
3489 2.707493 116
3490 5.531069 116
3491 17.582704 116
3492 2.611058 116
3493 7.297652 116
3494 5.882866 116
3495 3.045097 116
3496 7.156742 116
3497 5.532145 116
3498 2.930668 116
3499 7.194992 116
3500 2.171639 97
3501 1.990127 97
3502 5.930416 97
3503 5.550120 97
3504 2.131342 97
3505 5.178496 97
3506 6.074789 97
3507 2.074022 97
3508 5.387601 97
3509 6.171995 97
3510 2.433054 97
3511 5.969031 97
3512 5.164475 97
3513 17.718104 97
3514 22.031495 97
3515 21.985255 97
3516 4.206690 97
3517 2.730473 97
3518 7.076168 97
3519 6.036626 97
3520 337.650598 97
3521 2.803358 97
3522 5.520284 97
3523 6.918855 97
3524 2.896323 97
3525 6.933837 97
3526 5.733700 97
3527 0.794109 97
3528 1.152997 97
3529 1.685916 97
3530 1.519015 97
3531 2.884278 97
3532 5.540122 97
3533 7.181108 97
3534 19.341435 97
3535 2.764119 97
3536 6.108182 97
3537 7.190866 97
3538 7.225120 97
3539 1.512556 97
3540 1.691972 97
3541 8.275115 97
3542 2.268966 97
3543 2.126342 97
3544 2.977573 97
3545 1.803698 97
3546 5.066007 97
3547 4.074010 97
3548 3.902754 97
3549 2.061949 97
3550 1.397688 107
3551 2.838191 107
3552 2.363754 107
3553 2.427817 107
3554 30.167034 107
3555 3.998807 107
3556 6.173991 107
3557 30.167988 107
3558 1.948732 107
3559 2.319366 107
3560 14.425458 107
3561 168.803778 107
3562 1.801985 107
3563 4.764234 107
3564 11.676202 107
3565 1.730591 107
3566 0.509331 107
3567 4.638001 107
3568 1.919626 107
3569 5.632095 107
3570 2.366923 107
3571 5.407933 107
3572 1.458207 107
3573 0.748727 107
3574 2.037475 107
3575 6.302372 107
3576 5.349291 107
3577 2.186943 107
3578 11.033423 107
3579 200.279288 107
3580 1.954984 107
3581 14.528022 106
3582 0.741079 107
3583 1.104686 107
3584 4.024717 107
3585 19.672511 107
3586 41.164042 107
3587 3.664454 107
3588 5.186004 107
3589 1.526317 107
3590 1.980860 107
3591 1.290171 107
3592 11.997401 107
3593 24.956203 107
3594 2.658851 107
3595 8.154227 107
3596 2.100107 107
3597 5.452021 107
3598 1.478974 107
3599 4.415059 106
3600 3.471577 95
3601 13.887714 95
3602 2.334019 95
3603 3.023162 95
3604 0.339809 95
3605 1.242327 95
3606 0.910014 95
3607 1.419314 95
3608 9.796602 95
3609 1.480549 95
3610 6.785382 95
3611 0.000000 95
3612 1.728751 95
3613 1.790036 95
3614 2.386734 95
3615 7.964095 95
3616 6.576532 95
3617 11.910693 95
3618 1.387318 95
3619 4.219847 95
3620 23.648553 95
3621 2.415577 95
3622 22.583440 95
3623 2.634465 95
3624 24.193130 95
3625 3.822463 95
3626 2.789755 95
3627 2.880303 95
3628 1.790022 95
3629 1.573948 95
3630 16.343733 95
3631 5.948895 95
3632 1.692294 95
3633 1.578483 95
3634 4.260201 95
3635 5.901218 95
3636 0.923276 95
3637 1.518339 95
3638 106.052166 95
3639 4.154613 95
3640 17.031573 95
3641 4.103953 95
3642 6.020474 95
3643 2.960423 95
3644 0.317688 95
3645 3.224877 95
3646 1.587258 95
3647 58.461292 95
3648 1.245967 95
3649 3.348915 95
3650 3.277676 115
3651 4.325303 115
3652 0.456275 115
3653 2.075016 115
3654 0.782362 115
3655 0.430323 115
3656 2.312756 115
3657 1.164076 115
3658 2.630284 115
3659 14.549930 115
3660 44.010694 115
3661 4.451654 115
3662 15.033431 115
3663 4.396333 115
3664 2.386813 115
3665 1.767937 115
3666 12.521663 115
3667 7.589084 115
3668 9.778591 115
3669 2.317677 115
3670 26.425300 115
3671 5.517336 115
3672 0.951953 115
3673 3.862308 115
3674 2.200293 115
3675 3.402998 115
3676 34.134704 115
3677 93.710397 115
3678 0.021774 115
3679 1.496443 115
3680 1.773565 115
3681 2.285946 115
3682 3.018715 115
3683 1.894763 115
3684 0.000000 115
3685 1.409917 115
3686 0.866268 115
3687 16.607774 115
3688 2.390398 115
3689 0.199020 115
3690 0.000000 115
3691 271.887095 115
3692 0.746155 115
3693 3.322108 115
3694 2.270718 115
3695 21.565838 115
3696 2.282974 115
3697 6.485175 115
3698 2.248969 115
3699 0.755807 115
3700 0.795718 102
3701 2.182849 102
3702 6.863628 102
3703 2.476869 102
3704 2.566295 102
3705 1.945306 102
3706 0.895852 102
3707 6.582947 102
3708 0.412259 102
3709 3.393219 102
3710 4.543247 102
3711 0.168898 102
3712 10.375477 102
3713 1.785081 102
3714 4.540962 102
3715 5.601865 102
3716 2.260294 102
3717 1.638632 102
3718 2.065954 102
3719 2.456705 102
3720 0.015144 102
3721 2.052669 102
3722 11.644295 102
3723 0.530583 102
3724 2.176630 102
3725 2.106215 102
3726 2.573959 102
3727 2.364997 102
3728 1.757362 102
3729 2.588344 102
3730 1.862192 102
3731 7.442478 102
3732 11.741521 102
3733 2.718698 102
3734 2.732835 102
3735 22.296195 102
3736 2.634056 102
3737 1.006488 102
3738 90.293126 102
3739 1.736200 102
3740 3.095381 102
3741 2.744462 102
3742 2.645451 102
3743 1.493793 102
3744 18.958705 102
3745 6.836104 102
3746 1.264562 102
3747 3.006614 102
3748 1.872155 102
3749 0.000000 102
3750 5.537094 116
3751 1.874084 116
3752 7.030223 116
3753 0.858866 116
3754 1.700657 116
3755 1.399337 116
3756 14.027558 116
3757 2.480826 116
3758 2.992289 116
3759 1.408018 116
3760 1.678522 116
3761 1.969014 116
3762 0.764531 116
3763 1.697609 116
3764 2.103142 116
3765 2.300059 116
3766 0.845138 116
3767 0.000000 116
3768 17.390994 116
3769 1.850782 116
3770 4.088335 116
3771 1.426917 116
3772 2.307798 116
3773 5.631216 116
3774 6.286157 116
3775 1.644681 116
3776 0.009438 116
3777 2.759661 116
3778 370.008291 116
3779 2.563103 116
3780 2.065836 116
3781 18.305198 116
3782 102.069817 116
3783 69.598013 116
3784 1.717324 116
3785 2.508311 116
3786 0.000000 116
3787 2.754092 116
3788 1.267637 116
3789 17.075361 116
3790 3.614774 116
3791 3.566641 116
3792 3.007998 116
3793 2.400058 116
3794 2.583892 116
3795 4.032589 116
3796 0.987268 116
3797 2.906117 116
3798 3.446176 116
3799 3.179965 116
3800 1.161075 108
3801 2.515033 108
3802 0.066100 108
3803 3.958584 108
3804 3.906937 108
3805 3.232936 108
3806 3.163614 108
3807 2.368078 108
3808 3.654545 108
3809 13.073327 108
3810 0.016316 108
3811 1.639921 108
3812 2.280422 108
3813 0.535031 108
3814 5.378001 108
3815 3.733133 108
3816 2.167912 108
3817 2.220067 108
3818 2.413387 108
3819 1.997675 108
3820 6.336140 108
3821 1.762601 108
3822 7.609193 108
3823 2.442229 108
3824 17.270173 108
3825 20.662885 108
3826 0.702214 108
3827 3.754412 108
3828 1.460122 108
3829 1.430882 108
3830 21.977296 108
3831 2.734324 108
3832 21.781699 108
3833 1.577484 108
3834 3.455757 108
3835 0.912694 108
3836 4.345704 108
3837 43.243136 108
3838 61.195515 108
3839 3.545676 108
3840 0.000000 108
3841 2.607745 108
3842 40.675983 108
3843 4.338629 108
3844 1.757329 108
3845 2.837322 108
3846 2.861833 108
3847 15.040748 108
3848 2.311406 108
3849 1.050564 108
3850 1.852935 109
3851 4.458706 109
3852 1.265476 109
3853 1.696762 109
3854 1.846667 109
3855 1.822678 109
3856 1.396171 109
3857 2.330471 109
3858 0.755903 109
3859 4.285375 109
3860 1.872852 109
3861 3.001485 109
3862 1.286654 109
3863 1.663016 109
3864 2.934309 109
3865 40.917674 109
3866 2.127878 109
3867 5.329220 109
3868 2.594729 109
3869 2.044891 109
3870 3.006317 109
3871 1.774483 109
3872 1.283190 109
3873 2.292715 109
3874 2.003597 109
3875 2.533073 109
3876 1.255311 109
3877 4.470940 109
3878 3.716535 109
3879 3.037762 109
3880 2.191673 109
3881 2.111051 109
3882 6.268021 109
3883 2.195008 109
3884 3.303005 109
3885 0.882760 109
3886 0.708966 109
3887 3.665693 109
3888 47.362753 109
3889 18.034977 109
3890 6.067240 109
3891 7.500946 109
3892 2.373172 109
3893 2.910571 109
3894 1.658248 109
3895 6.061113 109
3896 9.835328 109
3897 3.818386 109
3898 1.707579 109
3899 3.332695 109
3900 151.876228 114
3901 1.580968 114
3902 3.552916 114
3903 2.297015 114
3904 1.628584 114
3905 1.545349 114
3906 0.000000 114
3907 1.211837 114
3908 3.255871 114
3909 0.289525 114
3910 2.838669 114
3911 1.840630 114
3912 1.926979 114
3913 2.646811 114
3914 2.670098 114
3915 2.486159 114
3916 2.156901 114
3917 2.241092 114
3918 1.062253 114
3919 1.184455 114
3920 1.030481 114
3921 0.956081 114
3922 0.899675 114
3923 1.397573 114
3924 7.415498 114
3925 1.845122 114
3926 22.504128 114
3927 15.315811 114
3928 2.016834 114
3929 55.064296 114
3930 2.018455 114
3931 3.169280 114
3932 1.332934 114
3933 1.600492 114
3934 3.072896 114
3935 2.328614 114
3936 2.586849 114
3937 2.807341 114
3938 1.174248 114
3939 13.960444 114
3940 0.124881 114
3941 3.762492 114
3942 2.132637 114
3943 1.014138 114
3944 2.321264 114
3945 41.252148 114
3946 1.848170 114
3947 2.452411 114
3948 2.349460 114
3949 16.191476 114
3950 1.015264 121
3951 2.060394 121
3952 5.855736 121
3953 0.442372 121
3954 1.467353 121
3955 33.689979 121
3956 61.173638 121
3957 2.358455 121
3958 1.659189 121
3959 9.121388 121
3960 0.000000 121
3961 1.633448 121
3962 1.578248 121
3963 5.253632 120
3964 6.379523 121
3965 18.891325 121
3966 3.283790 121
3967 13.512112 121
3968 1.050957 121
3969 0.389683 121
3970 17.500776 121
3971 3.048612 121
3972 2.603616 121
3973 0.000000 121
3974 4.070385 121
3975 0.000000 121
3976 2.147582 121
3977 1.004400 121
3978 3.381743 121
3979 1.986770 121
3980 0.000000 121
3981 4.145699 121
3982 2.918868 121
3983 3.498602 121
3984 2.618909 121
3985 1.163560 121
3986 0.149426 121
3987 1.268018 121
3988 3.786062 121
3989 0.721510 121
3990 3.176232 121
3991 0.499155 121
3992 11.346018 121
3993 0.527858 121
3994 0.496407 121
3995 0.753955 121
3996 0.818234 121
3997 0.697449 121
3998 0.892342 121
3999 1.069911 121
4000 0.268386 119
4001 0.420856 119
4002 2.903707 119
4003 1.674105 119
4004 2.092473 119
4005 1.822517 119
4006 2.497753 119
4007 4.819605 119
4008 0.661287 119
4009 1.875486 119
4010 0.697412 119
4011 1.558848 119
4012 2.766363 119
4013 8.390513 119
4014 5.169044 119
4015 0.384066 119
4016 0.454300 119
4017 1.079445 119
4018 0.787175 119
4019 0.665306 119
4020 3.102147 119
4021 1.536280 119
4022 3.339814 119
4023 4.313798 119
4024 1.287164 119
4025 2.845166 119
4026 1.911175 119
4027 32.115110 119
4028 1.683464 119
4029 1.746977 119
4030 1.681658 119
4031 385.161726 119
4032 133.332646 119
4033 44.812129 119
4034 5.651478 119
4035 14.069939 119
4036 2.424087 118
4037 1.453997 118
4038 8.378716 118
4039 0.799726 118
4040 0.000000 118
4041 3.258155 118
4042 0.980706 118
4043 2.137730 118
4044 1.022918 118
4045 8.519517 118
4046 19.700504 118
4047 2.013056 118
4048 1.467450 118
4049 1.843970 118
4050 3.427445 122
4051 1.383167 122
4052 0.538502 122
4053 2.162423 122
4054 0.979202 122
4055 1.681507 122
4056 1.480184 122
4057 1.372487 122
4058 0.010587 122
4059 0.609335 122
4060 149.786290 122
4061 2.095799 122
4062 1.844841 122
4063 1.644457 122
4064 1.169484 122
4065 2.746448 122
4066 27.424827 122
4067 0.370516 122
4068 7.376812 122
4069 1.497986 122
4070 1.337502 122
4071 2.974904 122
4072 0.594111 122
4073 1.366083 122
4074 0.949622 122
4075 3.569714 122
4076 7.675760 122
4077 2.865634 122
4078 0.506306 122
4079 0.703339 122
4080 2.224168 122
4081 2.773070 122
4082 2.182302 122
4083 3.351067 122
4084 7.627459 122
4085 0.637483 122
4086 3.749940 122
4087 0.894118 122
4088 3.130731 122
4089 3.330871 122
4090 3.468731 122
4091 3.962675 122
4092 13.727521 122
4093 0.097345 122
4094 8.582489 122
4095 4.377169 122
4096 4.078805 122
4097 2.629248 122
4098 2.019478 122
4099 3.429566 122
4100 3.680333 118
4101 0.531222 118
4102 1.034195 118
4103 2.461853 118
4104 2.837363 118
4105 3.597230 118
4106 27.415029 118
4107 0.000000 118
4108 4.219862 118
4109 6.346354 118
4110 0.863647 118
4111 19.608709 118
4112 116.204987 118
4113 1.883254 118
4114 2.353984 118
4115 3.348349 118
4116 6.696225 118
4117 11.511266 117
4118 4.335823 118
4119 22.621567 118
4120 5.137878 118
4121 0.000000 118
4122 7.449346 118
4123 2.219541 118
4124 2.642218 118
4125 6.623313 118
4126 8.089616 118
4127 3.076811 118
4128 1.859423 118
4129 6.211587 118
4130 3.659186 118
4131 4.500448 118
4132 1.169617 118
4133 1.694935 118
4134 0.000000 118
4135 0.000000 118
4136 4.611157 118
4137 3.059319 118
4138 4.176670 118
4139 4.277958 118
4140 3.316259 118
4141 8.366271 118
4142 7.375735 118
4143 3.528879 118
4144 1.126091 118
4145 2.784359 118
4146 2.993606 118
4147 2.853589 118
4148 3.020198 118
4149 7.127789 118
4150 0.926128 115
4151 4.378568 115
4152 1.420935 115
4153 1.257263 115
4154 6.197688 115
4155 4.824431 115
4156 4.654928 115
4157 2.068788 115
4158 3.609435 115
4159 9.529097 115
4160 1.691574 115
4161 31.973898 115
4162 14.288973 115
4163 13.986268 115
4164 3.884304 115
4165 0.186612 115
4166 12.183859 115
4167 6.032279 115
4168 3.060172 115
4169 0.983361 115
4170 2.456268 115
4171 2.513764 115
4172 10.616331 115
4173 19.555802 115
4174 2.723249 115
4175 4.192315 115
4176 14.647130 115
4177 0.047164 115
4178 0.056227 115
4179 3.544012 115
4180 3.149857 115
4181 4.570995 115
4182 4.679067 115
4183 53.705788 115
4184 13.136265 115
4185 6.668859 115
4186 2.884616 115
4187 3.956519 115
4188 10.019772 115
4189 0.837811 115
4190 8.569707 115
4191 18.306508 115
4192 2.421279 115
4193 2.775249 115
4194 1.339286 115
4195 3.849070 115
4196 0.630382 115
4197 7.530884 115
4198 2.901302 115
4199 3.318004 115
4200 1.611951 121
4201 2.748357 121
4202 2.114902 121
4203 4.894159 121
4204 9.585347 121
4205 9.420231 121
4206 8.718366 121
4207 7.765470 121
4208 10.695968 121
4209 9.609462 121
4210 1.262178 121
4211 4.213225 121
4212 4.381741 121
4213 2.108236 121
4214 5.166755 121
4215 11.351260 121
4216 6.172983 121
4217 1.314635 121
4218 3.159072 121
4219 10.170649 121
4220 1.541735 121
4221 2.228859 121
4222 123.369826 121
4223 0.000000 121
4224 1.270488 121
4225 2.024452 121
4226 1.674873 121
4227 5.711452 121
4228 6.004191 121
4229 2.699959 121
4230 3.763565 121
4231 5.640572 121
4232 2.365545 121
4233 1.759965 121
4234 1.533923 121
4235 3.912885 121
4236 0.800691 121
4237 0.852298 121
4238 2.293048 121
4239 1.607709 121
4240 3.312233 121
4241 3.053776 121
4242 0.793349 121
4243 2.982671 121
4244 3.098660 121
4245 3.540404 121
4246 1.620359 121
4247 0.777319 121
4248 1.167299 121
4249 1.984598 121
4250 1.003798 108
4251 1.037209 108
4252 3.228244 108
4253 4.371670 108
4254 3.164084 108
4255 2.908729 108
4256 3.423375 108
4257 4.675000 108
4258 3.529229 108
4259 4.114950 108
4260 5.017738 108
4261 4.164364 108
4262 2.538120 107
4263 3.206007 107
4264 3.080401 107
4265 3.980679 107
4266 4.831528 107
4267 3.804947 107
4268 4.981799 107
4269 6.286114 107
4270 8.268534 107
4271 7.724107 107
4272 9.605358 107
4273 10.884872 107
4274 0.000000 107
4275 0.000000 107
4276 0.000000 107
4277 0.000000 107
4278 0.181310 107
4279 1.743863 107
4280 4.074983 107
4281 3.901412 107
4282 0.400116 107
4283 2.539166 107
4284 1.166971 107
4285 14.389386 107
4286 1.189897 107
4287 3.348828 107
4288 0.455956 107
4289 12.232062 107
4290 5.411773 107
4291 13.496020 107
4292 12.862385 107
4293 13.297195 107
4294 13.419725 107
4295 13.703027 107
4296 13.490790 107
4297 13.619133 107
4298 0.000000 107
4299 6.590211 107
4300 3.437943 106
4301 7.537405 106
4302 8.601224 106
4303 8.440669 106
4304 7.500055 106
4305 7.171761 106
4306 0.934830 106
4307 3.628644 106
4308 9.132403 106
4309 8.444429 106
4310 3.537433 106
4311 3.743551 106
4312 6.744468 106
4313 6.612315 106
4314 7.267241 106
4315 6.779749 106
4316 6.952123 106
4317 2.850049 106
4318 26.034803 106
4319 1.539128 106
4320 0.797985 106
4321 1.381403 106
4322 1.615864 106
4323 1.483974 106
4324 1.526719 106
4325 1.099302 106
4326 9.675692 106
4327 2.475401 106
4328 6.670115 106
4329 0.650030 106
4330 10.147366 106
4331 1.014945 106
4332 1.738014 106
4333 1.072310 106
4334 3.358713 106
4335 1.261832 106
4336 0.632291 106
4337 1.267572 106
4338 1.419886 106
4339 3.715198 106
4340 2.189253 106
4341 1.299744 106
4342 1.884665 106
4343 1.093075 106
4344 0.268232 106
4345 0.538426 106
4346 0.655820 106
4347 0.701728 106
4348 0.877873 106
4349 0.732093 106
4350 0.644551 109
4351 1.000462 109
4352 0.450364 109
4353 1.603497 109
4354 1.405529 109
4355 0.980411 109
4356 3.191851 109
4357 2.344702 109
4358 0.756237 109
4359 0.592183 109
4360 0.028204 109
4361 0.101632 109
4362 0.132767 109
4363 0.153672 109
4364 0.185409 109
4365 0.258775 109
4366 0.196237 109
4367 0.381353 109
4368 0.317455 109
4369 0.093970 109
4370 0.264765 109
4371 0.154291 108
4372 0.350465 108
4373 0.347204 108
4374 0.208853 108
4375 0.314853 108
4376 0.290258 108
4377 0.299880 108
4378 0.469924 108
4379 3.678304 108
4380 7.270124 108
4381 17.807072 108
4382 9.069667 108
4383 16.160022 108
4384 6.050326 108
4385 5.837551 108
4386 8.614216 108
4387 6.587765 108
4388 415.927077 108
4389 2.123372 108
4390 3.500328 108
4391 11.906412 108
4392 78.673192 108
4393 11.391523 108
4394 3.027469 108
4395 6.087862 108
4396 5.372321 108
4397 7.561159 108
4398 6.255559 108
4399 6.109582 108
4400 2.200844 90
4401 4.590268 90
4402 5.530846 90
4403 6.267253 90
4404 5.105926 90
4405 5.707307 90
4406 3.298392 90
4407 3.628056 90
4408 3.267773 90
4409 4.315320 90
4410 3.454040 90
4411 2.755515 90
4412 3.151388 90
4413 2.235341 90
4414 24.142072 90
4415 4.549278 90
4416 102.557447 90
4417 1.242574 90
4418 19.826226 90
4419 64.627875 90
4420 4.399582 90
4421 1.677756 90
4422 37.631049 90
4423 35.789757 90
4424 4.777626 90
4425 1.810645 90
4426 24.311482 90
4427 64.906580 90
4428 3.644144 90
4429 16.197537 90
4430 4.210278 90
4431 3.655606 90
4432 78.162388 90
4433 12.244245 90
4434 3.322587 90
4435 73.897127 90
4436 3.850639 90
4437 2.181440 90
4438 43.765921 90
4439 58.028916 90
4440 5.160089 90
4441 2.064556 90
4442 45.872157 90
4443 4.909679 90
4444 62.941698 90
4445 1.756586 90
4446 18.395413 90
4447 3.710303 90
4448 77.396837 90
4449 2.128363 90
4450 8.832389 104
4451 51.061564 104
4452 3.586017 104
4453 2.008652 104
4454 0.925890 104
4455 1.931291 104
4456 1.677303 104
4457 4.891607 104
4458 2.518628 104
4459 5.317000 104
4460 4.635749 104
4461 11.386519 104
4462 2.726135 104
4463 4.909597 104
4464 1.456870 104
4465 3.419505 104
4466 3.415113 104
4467 2.399933 104
4468 2.959275 104
4469 6.683309 104
4470 1.595503 104
4471 2.727398 104
4472 4.792118 104
4473 23.691376 104
4474 46.284040 104
4475 2.734853 104
4476 6.682308 104
4477 14.100509 104
4478 1.871018 104
4479 1.892296 104
4480 7.659871 104
4481 1.437757 104
4482 1.428854 104
4483 0.002467 104
4484 2.106901 104
4485 2.435272 104
4486 2.975498 104
4487 4.270346 104
4488 3.149149 104
4489 2.144444 104
4490 3.446624 104
4491 4.219145 104
4492 20.224269 104
4493 4.293491 104
4494 3.408650 104
4495 0.578169 104
4496 5.769288 104
4497 3.528721 104
4498 4.383230 104
4499 20.227773 104
