0 0.440431 118
1 1.845306 118
2 2.237170 118
3 1.083546 118
4 1.002691 118
5 0.000000 118
6 0.559481 118
7 13.976196 118
8 0.626967 118
9 0.590985 118
10 0.577726 118
11 0.657206 118
12 16.963298 118
13 1.987947 118
14 0.000000 118
15 0.670037 118
16 1.604121 118
17 1.576977 118
18 0.672780 118
19 1.339214 118
20 1.423019 118
21 0.473904 118
22 1.110025 118
23 0.643613 118
24 0.885710 118
25 0.989075 118
26 1.005547 118
27 6.033001 118
28 0.850029 118
29 0.786108 118
30 1.474589 118
31 0.843316 118
32 0.427657 118
33 1.248575 118
34 1.300564 118
35 0.744178 118
36 1.287953 118
37 0.547560 118
38 1.041062 118
39 1.003595 118
40 1.217946 118
41 1.110107 118
42 0.954356 118
43 0.862449 118
44 1.560113 118
45 0.755312 118
46 1.354949 118
47 2.335487 118
48 4.449862 118
49 0.846950 118
50 0.461996 118
51 0.487157 118
52 0.538037 118
53 0.683920 118
54 0.304792 118
55 0.315184 118
56 0.558449 118
57 0.538947 118
58 0.434007 118
59 0.000000 118
60 0.123781 118
61 3.044073 118
62 0.543990 118
63 0.638645 118
64 0.573287 118
65 0.882332 118
66 0.498921 118
67 0.616406 118
68 2.174673 118
69 1.839252 118
70 3.913471 118
71 3.863301 118
72 4.046687 118
73 1.203812 118
74 1.520141 118
75 1.234316 118
76 1.889920 118
77 2.099166 118
78 1.881071 118
79 1.855464 118
80 1.970474 118
81 1.382734 118
82 1.954341 118
83 0.956355 118
84 0.973385 118
85 1.062788 118
86 2.394454 118
87 3.338766 118
88 1.870655 118
89 0.144275 118
90 0.000000 118
91 1.169676 118
92 1.830775 118
93 2.156182 118
94 6.408485 118
95 0.000000 118
96 0.245718 118
97 2.625155 118
98 5.334240 118
99 5.713137 118
100 2.153483 96
101 4.793520 96
102 4.433183 96
103 4.499830 96
104 1.493431 96
105 3.399671 96
106 3.393482 96
107 2.162427 96
108 4.908650 96
109 0.704276 96
110 4.450559 96
111 26.170270 96
112 34.030660 96
113 1.614811 96
114 3.351058 96
115 3.712964 96
116 1.212215 96
117 1.541116 96
118 3.524826 96
119 4.121712 96
120 2.223507 96
121 1.855594 96
122 6.301622 96
123 1.918343 96
124 0.906133 96
125 2.863447 96
126 6.934410 96
127 3.494361 96
128 1.640954 96
129 28.397431 96
130 0.950027 96
131 1.763983 96
132 1.569060 96
133 0.529135 96
134 1.253734 96
135 1.365077 96
136 8.388024 96
137 1.167608 96
138 1.970136 96
139 2.056806 96
140 20.712083 96
141 1.349712 96
142 3.058939 96
143 0.863900 96
144 0.635669 96
145 1.179108 96
146 3.890613 96
147 1.643369 96
148 0.869226 96
149 1.998720 96
150 0.901925 107
151 1.898570 107
152 1.201364 107
153 0.377781 107
154 0.799532 107
155 1.616598 107
156 2.487893 107
157 0.655527 107
158 0.953261 107
159 1.477952 107
160 29.436919 107
161 0.663655 107
162 0.720096 107
163 0.869044 107
164 3.915735 107
165 3.315592 107
166 3.518957 107
167 1.605514 107
168 3.501122 107
169 0.000000 107
170 0.000000 107
171 29.736277 107
172 1.699954 107
173 2.883563 107
174 3.613081 107
175 3.964914 107
176 6.022514 107
177 7.708615 107
178 6.198808 107
179 0.068933 107
180 1.091660 107
181 6.860766 107
182 7.671453 107
183 8.041835 107
184 8.342687 107
185 8.496661 107
186 8.939479 107
187 0.106897 107
188 1.636283 107
189 8.547204 107
190 8.094421 107
191 0.123636 107
192 1.962046 107
193 8.909167 107
194 8.855439 107
195 0.117550 107
196 1.770903 107
197 8.073222 107
198 9.094332 107
199 9.479738 107
200 0.155732 102
201 2.581086 102
202 3.331294 102
203 3.329027 102
204 3.222434 102
205 3.775211 102
206 4.469889 102
207 4.312888 102
208 0.137574 102
209 2.129658 102
210 4.970785 102
211 5.040247 102
212 5.500128 102
213 6.366586 102
214 6.314155 102
215 6.251110 102
216 6.388850 102
217 6.616947 102
218 7.400248 102
219 7.390371 102
220 7.406976 102
221 7.127119 102
222 7.210246 102
223 7.540068 102
224 7.297437 102
225 7.360660 102
226 7.322895 102
227 0.167883 102
228 2.410016 102
229 8.002844 102
230 7.592617 102
231 0.146156 102
232 2.023007 102
233 7.455595 102
234 7.380954 102
235 7.611141 102
236 7.754949 102
237 7.478667 102
238 7.806798 102
239 7.573975 102
240 7.549529 102
241 7.487842 102
242 7.617785 102
243 7.566192 102
244 7.882037 102
245 7.676612 101
246 7.920564 101
247 0.140588 101
248 2.059101 101
249 7.772666 101
250 0.353161 106
251 3.580911 106
252 5.446891 106
253 0.161011 106
254 3.116209 106
255 5.888070 106
256 6.163039 106
257 6.368975 106
258 6.205774 106
259 6.687157 106
260 6.844954 106
261 7.303439 106
262 7.164137 106
263 7.196642 106
264 9.786068 106
265 8.095053 106
266 8.076142 106
267 8.040286 106
268 8.389008 106
269 8.726415 106
270 8.395893 106
271 0.183087 106
272 0.164168 106
273 0.151225 106
274 0.148702 106
275 0.152921 106
276 2.187588 106
277 9.155200 106
278 8.553118 106
279 0.151816 106
280 2.017812 106
281 8.380347 106
282 8.368520 106
283 8.427990 106
284 8.855601 106
285 8.242310 106
286 8.068494 106
287 8.933626 106
288 8.581299 106
289 8.688302 106
290 8.982860 106
291 0.167882 106
292 3.162904 106
293 9.254130 106
294 9.213088 106
295 9.352180 106
296 9.031585 106
297 9.082876 106
298 9.048416 106
299 9.336483 106
300 0.518481 107
301 3.406711 107
302 4.138531 107
303 3.719412 107
304 4.506634 107
305 5.260928 107
306 5.002741 107
307 4.902481 107
308 4.776986 107
309 5.798864 107
310 5.756894 107
311 5.187013 107
312 6.169278 107
313 6.814713 107
314 7.628826 107
315 6.906949 107
316 7.671333 107
317 8.488097 107
318 8.349218 107
319 8.256465 107
320 8.467094 107
321 8.456645 107
322 8.841129 107
323 8.428024 107
324 8.376439 107
325 8.872044 107
326 8.363964 107
327 8.610667 107
328 8.568972 107
329 8.653759 107
330 8.336456 107
331 8.857343 107
332 8.732009 107
333 8.136187 107
334 9.017261 107
335 7.522187 107
336 8.702047 107
337 8.864326 107
338 0.182432 107
339 3.227728 107
340 9.006424 107
341 9.376362 107
342 8.405680 107
343 8.837056 107
344 7.612726 107
345 9.508808 107
346 8.776657 107
347 9.045381 107
348 8.662078 107
349 8.859131 107
350 0.096097 114
351 2.031230 114
352 4.293193 114
353 4.017099 114
354 4.509159 114
355 0.122186 114
356 0.111407 114
357 0.113100 113
358 0.095593 113
359 2.183647 113
360 5.697527 113
361 5.591442 113
362 0.117322 113
363 2.447617 113
364 0.115871 113
365 2.897827 113
366 0.130620 113
367 0.119402 113
368 2.028539 113
369 8.672753 113
370 0.130177 113
371 0.124063 113
372 0.127133 113
373 2.042862 113
374 0.131034 113
375 2.068004 113
376 8.717284 113
377 8.382431 113
378 0.134760 113
379 0.131412 113
380 2.050485 113
381 8.466900 113
382 8.938078 113
383 0.142609 113
384 0.139212 113
385 2.216735 113
386 9.201237 113
387 9.263286 113
388 0.159758 113
389 0.167631 113
390 0.169922 113
391 0.188477 113
392 2.234300 113
393 9.016624 113
394 0.218034 113
395 0.224733 113
396 2.402468 113
397 0.265105 113
398 0.284230 113
399 0.305783 113
400 0.717634 106
401 4.351659 106
402 5.170135 106
403 6.123307 106
404 0.151111 106
405 0.136580 106
406 0.133722 106
407 0.114142 106
408 1.642438 106
409 0.123749 106
410 0.000000 106
411 0.000000 106
412 0.000000 106
413 0.000000 106
414 0.000000 106
415 0.000000 106
416 0.000000 106
417 0.000000 106
418 0.000000 106
419 0.000000 106
420 0.000000 106
421 0.000000 106
422 0.000000 106
423 0.000000 106
424 0.000000 106
425 0.000000 106
426 0.000000 106
427 0.000000 106
428 0.000000 106
429 0.000000 106
430 0.000000 106
431 0.000000 106
432 0.000000 106
433 0.000000 106
434 0.000000 106
435 0.000000 106
436 0.000000 106
437 0.000000 106
438 0.000000 106
439 0.000000 106
440 0.000000 106
441 0.000000 106
442 0.000000 106
443 0.000000 106
444 0.000000 106
445 0.000000 106
446 0.000000 106
447 0.000000 106
448 0.000000 106
449 0.000000 106
450 0.000000 110
451 0.000000 110
452 0.000000 110
453 0.000000 110
454 0.000000 110
455 0.000000 110
456 0.000000 110
457 0.000000 110
458 0.000000 110
459 0.009141 110
460 14.763208 110
461 2.654740 110
462 5.191775 110
463 4.805126 110
464 5.080581 110
465 8.241007 110
466 1.578240 110
467 2.452879 110
468 5.360383 110
469 12.414690 110
470 1.831440 110
471 1.575040 110
472 1.425514 110
473 2.288215 110
474 3.429666 110
475 1.533422 110
476 1.494537 110
477 1.542129 110
478 1.739362 110
479 1.628685 110
480 4.471243 110
481 1.889041 110
482 0.002309 110
483 3.885912 110
484 8.003721 110
485 5.878352 110
486 3.330935 110
487 6.454493 110
488 6.894202 110
489 1.823220 110
490 3.986514 110
491 7.773889 110
492 9.203227 110
493 1.939935 110
494 3.842518 110
495 4.068953 110
496 1.477718 110
497 7.795511 110
498 4.673490 110
499 0.000000 110
500 0.000000 117
501 3.928465 117
502 12.441697 117
503 5.571702 117
504 1.197247 117
505 1.653109 117
506 1.695965 117
507 1.690236 117
508 0.762953 117
509 3.983435 117
510 20.068669 117
511 0.837809 117
512 1.909409 117
513 0.951005 117
514 0.510427 117
515 3.124142 117
516 1.400478 117
517 1.459573 117
518 3.353786 117
519 3.375707 117
520 2.573589 117
521 2.619197 117
522 3.866792 117
523 13.216056 117
524 2.131159 117
525 2.988399 117
526 6.682187 117
527 17.610808 117
528 1.410127 117
529 2.834855 117
530 0.977587 117
531 1.838813 117
532 1.487137 117
533 2.383903 117
534 4.804852 117
535 2.701631 117
536 3.978375 117
537 2.144110 117
538 2.227380 117
539 4.959318 117
540 5.760176 117
541 3.422963 117
542 1.936342 117
543 0.364478 117
544 0.695243 117
545 1.788715 117
546 0.000000 117
547 1.395835 117
548 0.686344 117
549 8.600713 117
550 9.178601 105
551 63.867621 105
552 11.606862 105
553 1.555929 105
554 0.958128 105
555 0.992739 105
556 1.047215 105
557 14.713408 105
558 0.800707 105
559 71.231510 105
560 0.988623 105
561 19.035776 105
562 4.962195 105
563 3.138698 105
564 1.200810 105
565 36.294066 105
566 1.308812 105
567 145.946211 105
568 2.260979 105
569 0.322836 105
570 0.739322 105
571 0.508860 105
572 1.078898 105
573 1.126698 105
574 1.033559 105
575 1.097305 105
576 1.052556 105
577 1.404624 105
578 0.993183 105
579 1.682692 105
580 1.476536 105
581 1.445182 105
582 1.394646 105
583 1.331469 105
584 1.467788 105
585 1.335741 105
586 0.447333 105
587 0.557348 105
588 0.561987 105
589 1.413919 105
590 0.917354 105
591 0.413034 105
592 0.000000 105
593 0.332712 105
594 0.752247 105
595 0.928007 105
596 0.898756 105
597 0.836690 105
598 0.346455 105
599 0.705112 105
600 0.356620 116
601 0.838056 116
602 0.767873 116
603 0.263531 116
604 0.709942 116
605 0.829571 116
606 0.734430 116
607 0.829556 116
608 2.593040 116
609 0.405987 116
610 0.756080 116
611 0.257554 116
612 0.686499 116
613 0.760773 116
614 0.831966 116
615 0.871008 116
616 1.943919 116
617 2.471791 116
618 0.230119 116
619 1.012487 116
620 0.731970 116
621 0.275080 116
622 22.603680 116
623 24.939694 116
624 0.000000 116
625 0.643368 116
626 0.132362 116
627 0.169858 116
628 0.157202 116
629 0.173530 116
630 0.533619 116
631 0.385664 116
632 2.794396 116
633 2.929163 116
634 0.560269 116
635 0.692034 116
636 0.509208 116
637 0.489689 116
638 0.426543 116
639 0.655948 116
640 0.526754 116
641 0.569012 116
642 0.379430 116
643 0.450226 116
644 0.270765 116
645 0.506673 116
646 0.473513 116
647 0.589115 116
648 0.453034 116
649 1.630840 116
650 0.187939 111
651 0.540473 111
652 1.388595 111
653 0.446139 111
654 0.250027 111
655 5.595715 111
656 1.025955 111
657 0.474269 111
658 0.443461 111
659 0.146104 111
660 0.972352 111
661 0.348797 111
662 0.806483 111
663 0.573795 111
664 0.579950 111
665 0.427255 111
666 0.377177 111
667 0.677444 111
668 1.446708 111
669 0.594805 111
670 1.145291 111
671 0.643562 111
672 0.395478 111
673 0.555811 111
674 0.368051 111
675 0.000000 111
676 0.000000 111
677 0.510583 111
678 2.674420 111
679 0.000000 111
680 0.319050 111
681 4.295574 111
682 1.403553 111
683 0.039114 111
684 0.488759 111
685 0.846227 111
686 0.339522 111
687 0.291738 111
688 0.501398 111
689 1.117314 111
690 0.695482 111
691 0.307256 111
692 0.262655 111
693 0.545835 111
694 0.589907 111
695 0.364502 111
696 0.492593 111
697 120.725822 111
698 0.281232 111
699 0.595719 111
700 0.625357 103
701 1.807063 103
702 0.314579 103
703 0.896339 103
704 0.516504 103
705 0.224478 103
706 0.293070 103
707 0.375982 103
708 0.293188 103
709 0.482474 103
710 0.615783 103
711 0.335236 103
712 0.618150 103
713 0.531614 103
714 0.009150 103
715 4.224202 103
716 10.008150 103
717 5.927837 103
718 0.637278 103
719 0.970287 103
720 0.300911 103
721 0.325860 103
722 0.553579 103
723 0.505603 103
724 0.403563 103
725 0.203692 103
726 0.295054 103
727 0.286993 103
728 0.404803 103
729 0.781714 103
730 1.319752 103
731 1.020683 103
732 0.641582 103
733 1.537178 103
734 0.630734 103
735 1.576375 103
736 3.234499 103
737 0.639240 103
738 44.493747 103
739 77.232192 103
740 77.707861 103
741 1.132029 103
742 2.183987 103
743 2.320229 103
744 0.228390 103
745 3.469528 103
746 1.003291 103
747 2.439512 103
748 2.872812 103
749 1.513015 103
750 7.867813 102
751 1.629406 102
752 1.025547 102
753 2.980398 102
754 1.222677 102
755 14.759857 102
756 9.485163 102
757 59.581076 102
758 0.777726 102
759 8.613613 102
760 0.938389 102
761 15.740681 102
762 0.550724 102
763 3.378117 102
764 4.836331 102
765 1.539447 102
766 0.789321 102
767 3.683223 102
768 1.349894 102
769 0.779692 102
770 4.785972 102
771 0.532626 102
772 0.371487 102
773 0.304867 102
774 0.845035 102
775 2.061060 102
776 0.000000 102
777 1.739456 102
778 0.775294 102
779 0.876292 102
780 1.708733 102
781 2.784030 102
782 5.701650 102
783 1.093731 102
784 2.048345 102
785 1.378751 102
786 3.150620 102
787 1.196464 102
788 2.698446 102
789 0.551399 102
790 0.699505 102
791 48.463794 102
792 2.000212 102
793 1.273545 102
794 0.982243 102
795 0.991113 102
796 0.999835 102
797 0.759447 102
798 0.769996 102
799 1.020334 102
800 37.292803 115
801 3.274433 115
802 1.253136 115
803 20.173236 115
804 0.836592 115
805 1.112064 115
806 16.454045 115
807 1.637471 115
808 1.443845 115
809 4.712921 115
810 7.082337 115
811 1.638430 115
812 1.386364 115
813 4.074914 115
814 2.504098 115
815 0.780716 115
816 8.900381 115
817 7.056054 115
818 6.053585 115
819 5.611139 115
820 5.516890 115
821 5.836923 115
822 1.432735 115
823 1.346540 115
824 0.033101 115
825 4.953032 115
826 1.146753 115
827 4.862341 115
828 1.780596 115
829 7.370526 115
830 15.269836 115
831 9.868363 115
832 62.272113 115
833 1.412385 115
834 1.522278 115
835 1.076415 115
836 1.114348 115
837 1.028656 115
838 1.517384 115
839 6.616477 115
840 18.432248 115
841 0.241663 115
842 2.808912 115
843 2.174681 115
844 1.482763 115
845 2.268081 115
846 177.500954 115
847 1.918740 115
848 2.283728 115
849 1.358143 115
850 23.773914 112
851 0.908332 112
852 2.191705 112
853 2.097397 112
854 2.007648 112
855 5.652915 112
856 4.223165 112
857 1.973181 112
858 5.201422 112
859 4.712410 112
860 2.697038 112
861 2.322016 112
862 0.897689 112
863 1.537264 112
864 1.216724 112
865 1.247144 112
866 0.000000 112
867 0.080762 112
868 0.000000 112
869 0.000000 112
870 0.036912 112
871 0.000000 112
872 0.028534 112
873 0.000000 112
874 0.000000 112
875 0.000000 112
876 0.000000 112
877 0.000000 111
878 0.000000 111
879 0.000000 111
880 0.000000 111
881 0.000000 111
882 0.000000 111
883 0.000000 111
884 0.000000 111
885 0.000000 111
886 0.000000 111
887 0.000000 111
888 0.000000 111
889 0.000000 111
890 0.000000 111
891 0.000000 111
892 0.153875 111
893 0.004281 111
894 0.130474 111
895 1.544606 111
896 5.419103 111
897 5.335640 111
898 2.340817 111
899 5.491818 111
900 1.182004 107
901 0.397331 107
902 9.232194 107
903 19.382194 107
904 19.495475 107
905 6.180891 107
906 3.107580 107
907 3.147314 107
908 6.397835 107
909 3.169420 107
910 2.863171 107
911 7.090833 107
912 2.770622 107
913 3.127684 107
914 1.071353 107
915 2.982266 107
916 2.257726 107
917 0.000000 107
918 0.000000 107
919 0.000000 107
920 0.000000 107
921 0.000000 107
922 0.000000 107
923 0.000000 107
924 0.000000 107
925 0.000000 107
926 0.000000 107
927 0.000000 107
928 0.000000 107
929 0.000000 107
930 0.000000 107
931 2.922386 107
932 3.614326 107
933 2.306065 107
934 4.913100 107
935 5.940731 107
936 13.277784 107
937 4.978005 107
938 4.253898 107
939 1.245316 107
940 4.150415 107
941 4.162731 107
942 4.060241 107
943 4.559036 107
944 2.171385 107
945 1.003151 107
946 1.388052 107
947 1.965285 107
948 2.250241 107
949 5.221332 107
950 2.216686 105
951 38.877748 105
952 1.833740 105
953 2.276986 105
954 2.001681 105
955 2.833988 105
956 1.378106 105
957 3.187377 105
958 4.490186 105
959 4.387551 105
960 1.379087 105
961 4.572338 105
962 3.141438 105
963 4.228247 105
964 1.471974 105
965 2.663827 105
966 4.174014 105
967 21.733768 105
968 31.380919 105
969 29.710445 105
970 32.755277 105
971 31.289646 105
972 2.200078 105
973 1.952348 105
974 2.334209 105
975 4.447975 105
976 1.325308 105
977 1.043384 105
978 2.353169 105
979 1.252210 105
980 1.089273 105
981 16.525872 105
982 2.594026 105
983 1.788113 105
984 2.057098 105
985 7.650823 105
986 1.568574 105
987 4.456844 105
988 1.734087 105
989 0.000000 105
990 2.403497 105
991 1.381259 105
992 1.893954 105
993 2.309676 105
994 0.918544 105
995 0.972552 105
996 1.604051 105
997 3.118565 105
998 3.598255 105
999 0.700105 105
1000 1.417157 86
1001 1.606341 86
1002 0.849120 86
1003 2.346973 86
1004 0.997841 86
1005 1.092334 86
1006 4.927107 86
1007 1.089593 86
1008 0.910744 86
1009 1.146301 86
1010 1.436114 86
1011 0.985896 86
1012 4.757426 86
1013 14.237827 86
1014 2.006274 86
1015 1.561783 86
1016 4.947886 86
1017 5.975675 86
1018 5.621551 86
1019 5.439798 86
1020 6.374606 86
1021 6.334786 86
1022 6.141884 86
1023 5.478762 86
1024 5.565177 86
1025 5.568233 86
1026 5.958047 86
1027 5.375734 86
1028 5.590792 86
1029 5.185962 86
1030 5.731804 86
1031 5.229759 86
1032 1.633623 86
1033 3.439970 86
1034 3.272848 86
1035 1.801793 86
1036 4.416358 86
1037 1.674771 86
1038 4.323382 86
1039 2.969980 86
1040 1.702900 86
1041 4.392865 86
1042 2.249615 86
1043 0.234837 86
1044 2.874655 86
1045 4.001965 86
1046 1.313421 86
1047 2.512234 86
1048 2.576227 86
1049 5.133396 86
1050 8.401751 106
1051 11.225359 106
1052 10.356614 106
1053 2.119015 106
1054 4.224232 106
1055 2.223660 106
1056 5.538094 106
1057 5.463981 106
1058 2.210264 106
1059 6.031480 106
1060 7.191187 106
1061 20.799613 106
1062 91.623884 106
1063 115.687298 106
1064 167.145251 106
1065 65.870732 106
1066 223.613850 106
1067 38.932910 106
1068 141.663139 106
1069 73.760177 106
1070 68.874976 106
1071 164.415159 106
1072 91.621120 106
1073 141.799679 106
1074 41.799118 106
1075 70.049258 106
1076 131.965363 106
1077 92.385862 106
1078 170.745356 106
1079 238.477506 106
1080 79.529485 106
1081 73.037342 106
1082 174.633081 106
1083 145.666745 106
1084 150.168108 106
1085 44.258116 106
1086 94.687922 106
1087 0.465037 106
1088 1.004889 106
1089 0.724929 106
1090 0.484053 106
1091 0.990763 106
1092 0.674608 106
1093 0.543070 106
1094 2.119451 106
1095 1.154759 106
1096 2.529039 106
1097 4.337276 106
1098 4.262692 106
1099 8.019963 106
1100 2.161543 120
1101 1.274784 120
1102 232.348416 120
1103 0.919318 120
1104 0.927903 120
1105 0.992584 120
1106 1.012388 120
1107 0.969456 120
1108 1.920514 120
1109 4.910705 120
1110 6.822330 120
1111 5.753310 120
1112 0.056825 120
1113 20.882047 120
1114 1.108914 120
1115 1.181926 120
1116 1.063553 120
1117 2.639155 120
1118 2.309499 120
1119 1.618530 120
1120 3.031802 120
1121 2.935272 120
1122 0.398959 120
1123 1.047172 120
1124 1.130183 120
1125 0.480646 120
1126 2.442528 120
1127 5.677837 120
1128 5.751778 120
1129 2.117831 120
1130 2.043306 120
1131 2.948450 120
1132 1.361604 120
1133 2.226007 120
1134 3.068324 120
1135 9.801308 120
1136 59.628978 120
1137 2.030726 120
1138 6.090970 120
1139 0.318355 120
1140 0.992641 120
1141 0.832491 120
1142 0.000000 120
1143 0.509309 120
1144 0.758636 120
1145 4.223367 120
1146 9.494425 120
1147 59.798886 120
1148 6.880012 120
1149 2.868848 120
1150 1.981695 110
1151 5.014085 110
1152 5.064180 110
1153 2.012083 110
1154 2.387051 110
1155 2.732760 110
1156 1.669746 110
1157 3.821705 110
1158 1.265288 110
1159 2.808948 110
1160 14.202863 110
1161 38.295225 110
1162 5.908307 110
1163 22.276593 110
1164 6.740681 110
1165 3.175639 110
1166 2.644622 110
1167 0.841853 110
1168 1.569808 110
1169 5.443091 110
1170 0.433002 110
1171 1.208869 110
1172 0.580776 110
1173 0.847383 110
1174 0.562538 110
1175 0.870424 110
1176 0.482471 110
1177 1.223919 110
1178 0.594075 110
1179 0.922995 110
1180 0.633234 110
1181 0.880416 110
1182 1.346644 110
1183 1.435251 110
1184 6.711338 110
1185 14.780675 110
1186 0.831775 110
1187 1.782463 110
1188 0.025905 110
1189 0.089655 110
1190 5.610321 110
1191 8.873412 110
1192 44.141467 110
1193 2.237946 110
1194 4.845830 110
1195 3.466025 110
1196 7.073445 110
1197 4.720567 110
1198 2.759613 110
1199 4.048350 110
1200 15.514718 113
1201 40.101918 113
1202 1.115589 113
1203 6.256774 113
1204 0.000000 113
1205 3.195223 113
1206 10.328447 113
1207 5.598688 113
1208 0.867447 113
1209 2.972651 113
1210 0.447808 113
1211 32.591182 113
1212 19.507126 113
1213 6.662335 113
1214 4.097890 113
1215 0.426587 113
1216 1.250504 113
1217 1.313413 113
1218 3.456576 113
1219 1.612403 113
1220 1.087828 113
1221 2.089736 113
1222 1.564145 113
1223 3.872690 113
1224 4.380024 113
1225 1.847854 113
1226 1.532460 113
1227 25.313796 112
1228 2.289011 113
1229 2.401651 113
1230 36.888067 113
1231 1.569783 113
1232 3.839204 113
1233 2.054674 113
1234 4.334831 113
1235 35.901157 113
1236 0.520388 113
1237 1.042607 113
1238 2.741195 113
1239 1.174695 113
1240 2.476774 113
1241 4.282200 113
1242 1.395840 113
1243 0.037266 113
1244 2.439827 113
1245 9.304922 113
1246 61.043774 113
1247 1.092717 113
1248 0.445308 113
1249 0.625167 113
1250 24.576291 113
1251 1.476423 113
1252 3.603989 113
1253 4.370551 113
1254 17.805352 113
1255 4.085205 113
1256 1.015724 113
1257 5.119987 113
1258 2.504873 113
1259 0.492783 113
1260 2.812138 113
1261 1.244080 113
1262 5.031431 113
1263 5.392480 113
1264 0.878649 113
1265 0.810198 113
1266 2.335934 113
1267 1.669538 113
1268 14.745824 113
1269 2.070766 113
1270 2.963993 113
1271 6.140925 113
1272 5.923885 113
1273 6.713584 113
1274 6.537825 113
1275 6.506604 113
1276 6.808712 113
1277 4.686742 113
1278 1.470369 113
1279 0.618140 113
1280 0.607096 113
1281 0.790945 113
1282 0.000000 113
1283 0.563317 113
1284 0.671428 113
1285 7.532575 113
1286 4.609645 113
1287 16.189018 113
1288 2.033669 113
1289 4.389366 113
1290 0.160210 113
1291 16.127749 113
1292 17.066124 113
1293 1.774541 113
1294 2.016575 113
1295 20.518392 113
1296 2.006640 113
1297 1.827559 113
1298 428.479905 113
1299 0.000000 113
1300 0.518682 110
1301 1.061879 110
1302 0.988147 110
1303 0.418958 110
1304 1.078057 110
1305 0.436113 110
1306 3.441047 110
1307 0.400418 110
1308 0.798060 110
1309 0.867161 110
1310 1.236528 110
1311 2.727585 110
1312 2.720185 110
1313 2.141420 110
1314 6.368093 110
1315 0.781330 110
1316 1.667896 110
1317 1.373897 110
1318 0.805028 110
1319 1.593185 110
1320 1.150943 110
1321 3.338827 110
1322 0.259152 110
1323 0.933723 110
1324 1.235610 110
1325 1.303809 110
1326 1.312050 110
1327 0.274206 110
1328 1.886762 110
1329 0.162231 110
1330 28.042126 110
1331 1.263688 110
1332 2.339320 110
1333 0.963752 110
1334 0.862232 110
1335 1.171456 110
1336 1.194691 110
1337 0.963463 110
1338 1.092031 110
1339 0.950116 110
1340 1.120575 110
1341 1.062019 110
1342 1.330924 110
1343 1.094214 110
1344 1.290062 110
1345 1.343584 110
1346 1.305532 110
1347 1.468576 110
1348 1.440741 110
1349 1.525184 110
1350 1.075190 100
1351 1.785375 100
1352 1.858452 100
1353 1.774622 100
1354 1.642106 100
1355 1.730088 100
1356 1.905645 100
1357 1.958040 100
1358 1.838133 100
1359 1.802479 100
1360 2.019581 100
1361 1.962541 100
1362 2.061380 100
1363 2.019487 100
1364 3.054306 100
1365 2.069803 100
1366 1.866478 100
1367 2.013227 100
1368 1.900757 100
1369 1.800301 100
1370 2.107252 100
1371 1.808740 100
1372 1.941241 100
1373 2.078043 100
1374 2.231229 100
1375 1.909168 100
1376 1.939394 100
1377 2.004930 100
1378 2.223933 100
1379 1.857775 100
1380 2.209462 100
1381 2.041160 100
1382 2.369267 100
1383 2.402853 100
1384 2.076507 100
1385 2.238968 100
1386 19.844393 100
1387 86.801274 100
1388 57.139747 100
1389 53.284829 100
1390 55.712520 100
1391 111.155097 100
1392 133.978507 100
1393 291.529631 100
1394 117.887794 100
1395 144.329258 100
1396 32.252736 100
1397 77.727347 100
1398 56.757650 100
1399 115.390625 100
1400 16.330564 98
1401 72.764830 98
1402 40.709181 98
1403 44.433164 98
1404 54.464162 98
1405 89.088288 98
1406 48.710871 98
1407 203.194243 98
1408 44.083456 98
1409 59.105208 98
1410 83.811885 98
1411 92.921696 98
1412 45.704678 98
1413 121.197230 98
1414 117.150160 98
1415 47.284131 98
1416 110.543267 98
1417 15.929367 98
1418 79.424028 98
1419 86.382410 98
1420 124.642927 98
1421 45.711739 98
1422 46.779948 98
1423 28.324167 98
1424 231.425566 98
1425 97.353258 98
1426 43.815122 98
1427 104.053835 98
1428 60.839128 98
1429 105.261630 98
1430 62.097629 98
1431 52.874203 98
1432 123.209274 98
1433 1.062530 98
1434 2.919185 98
1435 0.000000 98
1436 0.003885 98
1437 0.000000 98
1438 0.000000 98
1439 0.000000 98
1440 0.193639 98
1441 3.857812 98
1442 2.947105 98
1443 0.278169 98
1444 0.894875 98
1445 2.366294 98
1446 20.831376 98
1447 1.344485 98
1448 1.346484 98
1449 1.059129 98
1450 1.762975 92
1451 2.702090 92
1452 3.199113 92
1453 3.503109 92
1454 0.512230 92
1455 0.000000 92
1456 0.000000 92
1457 1.777159 92
1458 1.991194 92
1459 1.783963 92
1460 1.743091 92
1461 3.204806 92
1462 1.614477 92
1463 3.767367 92
1464 2.306950 92
1465 0.802988 92
1466 2.273864 92
1467 2.255834 92
1468 1.952575 92
1469 2.344936 92
1470 1.501861 92
1471 1.953586 92
1472 4.533051 92
1473 7.516301 92
1474 2.605428 92
1475 4.813018 92
1476 1.970959 92
1477 4.184887 92
1478 1.248265 92
1479 2.204874 92
1480 0.719317 92
1481 0.470917 92
1482 5.106797 92
1483 1.125079 92
1484 1.638602 92
1485 0.827971 92
1486 5.151162 92
1487 2.464107 92
1488 0.861449 92
1489 2.642265 92
1490 1.247152 92
1491 2.290299 92
1492 3.136888 92
1493 1.446782 92
1494 2.500794 92
1495 27.143502 92
1496 1.645330 92
1497 1.018489 92
1498 1.295969 92
1499 1.031189 92
1500 0.604841 109
1501 1.351998 109
1502 5.138097 109
1503 1.408709 109
1504 1.498668 109
1505 1.272263 109
1506 1.514975 109
1507 1.546508 109
1508 1.387129 109
1509 1.410081 109
1510 1.580565 109
1511 0.706414 109
1512 0.423442 109
1513 0.940487 109
1514 1.747380 109
1515 1.350012 109
1516 1.965861 109
1517 0.549637 109
1518 0.582920 109
1519 9.439179 109
1520 44.800717 109
1521 0.378027 109
1522 1.080567 109
1523 0.669880 109
1524 2.901895 109
1525 1.217227 109
1526 3.237084 109
1527 2.946800 109
1528 0.000000 109
1529 0.000000 109
1530 0.000000 109
1531 0.000000 109
1532 1.272189 109
1533 2.093773 109
1534 2.441281 109
1535 2.271382 109
1536 104.237903 109
1537 0.954734 109
1538 0.980659 109
1539 0.810198 109
1540 1.004782 109
1541 1.017982 109
1542 1.006978 109
1543 1.027926 109
1544 1.016211 109
1545 1.227015 109
1546 1.616299 109
1547 0.000000 109
1548 1.204153 109
1549 2.639430 109
1550 2.123507 121
1551 0.960913 121
1552 0.675680 121
1553 2.313921 121
1554 5.877055 121
1555 0.629544 121
1556 3.253854 121
1557 0.690171 121
1558 1.893014 121
1559 1.612818 121
1560 1.309480 121
1561 1.856668 121
1562 1.345455 121
1563 0.555406 121
1564 1.352738 121
1565 2.827396 121
1566 2.617729 121
1567 3.142580 121
1568 0.721891 121
1569 0.696436 121
1570 0.047668 121
1571 1.921758 121
1572 1.318829 121
1573 1.981557 121
1574 1.354239 121
1575 0.283102 121
1576 10.408309 121
1577 1.086323 121
1578 1.081312 121
1579 1.322973 121
1580 1.885612 121
1581 3.130423 121
1582 2.973425 121
1583 3.228917 121
1584 8.580830 121
1585 10.561416 121
1586 1.634648 121
1587 2.173726 121
1588 0.173057 121
1589 1.124763 121
1590 1.767888 121
1591 1.434562 121
1592 1.587532 121
1593 1.989006 121
1594 0.999410 121
1595 0.016279 121
1596 1.331291 121
1597 1.236920 121
1598 2.202923 121
1599 5.471993 121
1600 2.046562 114
1601 2.107755 114
1602 4.263208 114
1603 3.923628 114
1604 4.352359 114
1605 1.477973 114
1606 4.164568 114
1607 4.164390 114
1608 1.173399 114
1609 3.200134 114
1610 3.435427 114
1611 1.841034 114
1612 4.686050 114
1613 1.741020 114
1614 4.276036 114
1615 2.210713 114
1616 4.281828 114
1617 5.142481 114
1618 4.299092 114
1619 5.202747 114
1620 1.018357 114
1621 11.680374 114
1622 1.697737 114
1623 1.025590 114
1624 1.175847 114
1625 1.976801 114
1626 1.232492 114
1627 2.182965 114
1628 1.443072 114
1629 2.339511 114
1630 27.424050 114
1631 91.053707 114
1632 2.428806 114
1633 1.236184 114
1634 35.123500 114
1635 1.185060 114
1636 0.000000 114
1637 0.000000 114
1638 0.000000 114
1639 4.441876 114
1640 0.941522 114
1641 0.998713 114
1642 1.957547 114
1643 4.783010 114
1644 2.413352 114
1645 5.729367 114
1646 1.355034 114
1647 2.662077 114
1648 0.489726 114
1649 1.338818 114
1650 1.972850 102
1651 2.651168 102
1652 2.612455 102
1653 1.156809 102
1654 47.002902 102
1655 7.457369 102
1656 1.740282 102
1657 1.781456 102
1658 1.219289 102
1659 1.062746 102
1660 1.586470 102
1661 2.777616 102
1662 1.884865 102
1663 2.059010 102
1664 0.242994 102
1665 1.570026 102
1666 1.681429 102
1667 0.692141 102
1668 1.306547 102
1669 1.608564 102
1670 0.632689 102
1671 1.455164 102
1672 0.043368 102
1673 0.010235 102
1674 0.019629 102
1675 0.014912 102
1676 0.018981 102
1677 0.006838 102
1678 0.014650 102
1679 0.216566 102
1680 0.014367 102
1681 0.363599 102
1682 2.003807 102
1683 4.577187 102
1684 4.585167 102
1685 0.522577 102
1686 0.721001 102
1687 3.961993 102
1688 1.950443 102
1689 0.919669 102
1690 106.499878 102
1691 2.036592 102
1692 102.307824 102
1693 0.615345 102
1694 1.593069 102
1695 3.706429 102
1696 1.595482 102
1697 3.799357 102
1698 1.317056 102
1699 3.472893 102
1700 1.244816 97
1701 2.652732 97
1702 2.580287 97
1703 0.702700 97
1704 0.750318 97
1705 1.781091 97
1706 5.611907 97
1707 5.069293 97
1708 4.228909 97
1709 3.954930 97
1710 9.660757 97
1711 33.113917 97
1712 31.128093 97
1713 29.757327 97
1714 0.932464 97
1715 1.505832 97
1716 0.788156 97
1717 1.968379 97
1718 9.404655 97
1719 1.225303 97
1720 0.900488 97
1721 0.824202 97
1722 1.190447 97
1723 3.878808 97
1724 1.187530 97
1725 0.781488 97
1726 45.278657 97
1727 9.653733 97
1728 18.105053 97
1729 0.664375 97
1730 0.867507 97
1731 1.553177 97
1732 4.133172 97
1733 30.138218 97
1734 1.459645 97
1735 1.362649 97
1736 1.417128 97
1737 1.956263 97
1738 1.639430 97
1739 0.161375 97
1740 1.481049 97
1741 0.752112 97
1742 141.533721 97
1743 3.280432 97
1744 2.259970 97
1745 1.600987 97
1746 1.113351 97
1747 28.668906 97
1748 0.371134 97
1749 7.376646 97
1750 3.302249 122
1751 1.952709 122
1752 0.880171 122
1753 1.470580 122
1754 3.133494 122
1755 3.660408 122
1756 19.531291 122
1757 1.236652 122
1758 0.942853 122
1759 29.864580 122
1760 2.072587 122
1761 1.671088 122
1762 2.522835 122
1763 2.382759 122
1764 1.999631 122
1765 2.266078 122
1766 1.630183 122
1767 1.542076 122
1768 1.699028 122
1769 0.000000 122
1770 0.000000 122
1771 0.491882 122
1772 1.193169 122
1773 4.261046 122
1774 1.431001 122
1775 3.861969 122
1776 0.481727 122
1777 0.887674 122
1778 1.037587 122
1779 1.795386 122
1780 1.154727 122
1781 6.188947 122
1782 8.181162 122
1783 20.337316 122
1784 13.258668 122
1785 1.103211 122
1786 1.045750 122
1787 0.000000 122
1788 1.263962 122
1789 1.393566 122
1790 2.308297 122
1791 0.066024 122
1792 1.648100 122
1793 3.372448 122
1794 3.603642 122
1795 0.778096 122
1796 0.727088 122
1797 1.720808 122
1798 0.693730 122
1799 0.740088 122
1800 0.429848 117
1801 2.339188 117
1802 0.322663 117
1803 0.734893 117
1804 1.633653 117
1805 0.662523 117
1806 0.667032 117
1807 0.000000 117
1808 1.470621 117
1809 1.623624 117
1810 0.559018 117
1811 0.043015 117
1812 0.462216 117
1813 2.124309 117
1814 2.286527 117
1815 2.371945 117
1816 12.060197 117
1817 1.063873 117
1818 1.029506 117
1819 1.051806 117
1820 1.237006 117
1821 143.105557 117
1822 180.655096 117
1823 1.981781 117
1824 2.145509 117
1825 0.922819 117
1826 1.097879 117
1827 6.241094 117
1828 6.265588 117
1829 6.707055 117
1830 1.192951 117
1831 23.613440 117
1832 89.537522 117
1833 1.441285 117
1834 16.149825 117
1835 1.307959 117
1836 13.265735 117
1837 1.147462 117
1838 0.716354 117
1839 2.096749 117
1840 1.109192 117
1841 5.114901 117
1842 14.095095 117
1843 7.236221 117
1844 2.018108 117
1845 1.298785 117
1846 1.180973 117
1847 0.711116 117
1848 0.753332 117
1849 0.687187 117
1850 0.996976 109
1851 10.320471 109
1852 0.603030 109
1853 0.710746 109
1854 1.632162 109
1855 1.763907 109
1856 0.552461 109
1857 0.607888 108
1858 1.405246 108
1859 1.537597 108
1860 1.086455 108
1861 0.957836 108
1862 96.300563 108
1863 0.334567 108
1864 1.163641 108
1865 1.476192 108
1866 0.677781 108
1867 1.276325 108
1868 0.538417 108
1869 0.525839 108
1870 0.803457 108
1871 1.304389 108
1872 0.017884 108
1873 0.014789 108
1874 0.009464 108
1875 0.765242 108
1876 0.848220 108
1877 1.787852 108
1878 15.370171 108
1879 3.442036 108
1880 5.086952 108
1881 3.219155 108
1882 41.693087 108
1883 3.142470 108
1884 15.410253 108
1885 3.023154 108
1886 3.061315 108
1887 69.368012 108
1888 7.905326 108
1889 18.220446 108
1890 4.361286 108
1891 1.616108 108
1892 1.849139 108
1893 1.346857 108
1894 0.632171 108
1895 1.243363 108
1896 1.209719 108
1897 0.777549 108
1898 0.900187 108
1899 2.074849 108
1900 0.091700 111
1901 7.352943 111
1902 0.569312 111
1903 0.326996 111
1904 0.430783 111
1905 0.000000 111
1906 0.000000 111
1907 0.000000 111
1908 0.000000 111
1909 0.000000 111
1910 0.000000 111
1911 0.000000 111
1912 2.888397 111
1913 6.068644 111
1914 6.280629 110
1915 6.401148 111
1916 6.353314 111
1917 6.316637 111
1918 5.990955 111
1919 5.940113 111
1920 5.955307 111
1921 6.391475 111
1922 6.279701 111
1923 6.095598 111
1924 5.912110 111
1925 6.151498 111
1926 6.234934 111
1927 6.154127 111
1928 6.219030 111
1929 6.007978 111
1930 6.275680 111
1931 5.648427 111
1932 6.153653 111
1933 6.298801 111
1934 6.396414 111
1935 6.162188 111
1936 1.415273 111
1937 3.195127 111
1938 2.846636 111
1939 1.562354 111
1940 3.567338 111
1941 3.185927 111
1942 0.100987 111
1943 0.774185 111
1944 1.869667 111
1945 1.214767 111
1946 1.866860 111
1947 2.928614 111
1948 6.237129 110
1949 0.000000 111
1950 2.246423 106
1951 0.470137 106
1952 1.211287 106
1953 1.822475 106
1954 1.601462 106
1955 4.116916 106
1956 1.459637 106
1957 11.549447 106
1958 1.219303 106
1959 2.461804 106
1960 4.510789 106
1961 1.518451 106
1962 0.000000 106
1963 0.000000 106
1964 1.234063 106
1965 26.675719 106
1966 1.411037 106
1967 0.506750 106
1968 1.206407 106
1969 1.430472 106
1970 0.637637 106
1971 0.000000 106
1972 0.697298 106
1973 1.089426 106
1974 1.197133 106
1975 1.306805 106
1976 1.770518 106
1977 2.091247 106
1978 2.061542 106
1979 0.565339 106
1980 22.229601 106
1981 1.729241 106
1982 3.765323 106
1983 3.606211 106
1984 3.713217 106
1985 11.045847 106
1986 11.180077 106
1987 10.096548 106
1988 1.542590 106
1989 3.760064 106
1990 1.235819 106
1991 3.429778 106
1992 2.004909 106
1993 3.169490 106
1994 1.312121 106
1995 3.372616 106
1996 3.598673 106
1997 95.374017 106
1998 102.903786 106
1999 112.282339 106
2000 71.668663 118
2001 88.235601 118
2002 84.125028 118
2003 89.899201 118
2004 4.959963 118
2005 5.311564 118
2006 6.961799 118
2007 1.200612 118
2008 1.672846 118
2009 1.611026 118
2010 54.495446 118
2011 1.140325 118
2012 2.385576 118
2013 14.717308 118
2014 0.000000 118
2015 2.011298 118
2016 1.076553 118
2017 1.006045 118
2018 1.217900 118
2019 0.383257 118
2020 1.914886 118
2021 1.306881 118
2022 1.963247 118
2023 0.990671 118
2024 12.170406 118
2025 5.790437 118
2026 1.658758 118
2027 1.373945 118
2028 1.410056 118
2029 1.665301 118
2030 1.678672 118
2031 1.253742 118
2032 1.726680 118
2033 1.893347 118
2034 14.545165 118
2035 1.922624 118
2036 1.111701 118
2037 254.338892 118
2038 1.945557 118
2039 1.837618 118
2040 1.245576 118
2041 1.269185 118
2042 1.073422 118
2043 8.327968 118
2044 10.681927 118
2045 2.317706 118
2046 4.873629 118
2047 4.895430 118
2048 4.786247 118
2049 3.532652 118
2050 2.463141 120
2051 6.955054 120
2052 6.507400 120
2053 1.515044 120
2054 3.210279 120
2055 3.283728 120
2056 2.668910 120
2057 60.708189 120
2058 6.610862 120
2059 7.083381 120
2060 6.814435 120
2061 7.150314 120
2062 3.149422 120
2063 1.460431 120
2064 0.275872 120
2065 3.571635 120
2066 2.058573 120
2067 0.321109 120
2068 2.971504 120
2069 0.887437 120
2070 26.798759 120
2071 26.140700 120
2072 9.065293 120
2073 1.021121 120
2074 3.388859 120
2075 30.759699 120
2076 1.508508 120
2077 3.263458 120
2078 0.440600 120
2079 1.299291 120
2080 11.738221 120
2081 1.023057 120
2082 2.570858 120
2083 0.229420 120
2084 0.467080 120
2085 0.489177 120
2086 0.473796 120
2087 0.489493 120
2088 0.479728 120
2089 0.634597 120
2090 1.258012 120
2091 0.870238 120
2092 0.240851 120
2093 0.428900 120
2094 0.392196 120
2095 0.461238 120
2096 0.046679 120
2097 0.278010 120
2098 0.398801 120
2099 0.733364 120
2100 0.675001 109
2101 1.045896 109
2102 0.011467 109
2103 31.491177 109
2104 38.865319 109
2105 0.962705 109
2106 0.564348 109
2107 0.266316 109
2108 0.866126 109
2109 1.232117 109
2110 2.941573 109
2111 0.801014 109
2112 1.145824 109
2113 12.576940 109
2114 55.071662 109
2115 105.185052 109
2116 90.227815 109
2117 21.069391 109
2118 47.376357 109
2119 48.180252 109
2120 38.324606 109
2121 39.522606 109
2122 82.182408 109
2123 36.326301 109
2124 238.489242 109
2125 1.888513 109
2126 24.165402 109
2127 12.083158 109
2128 1.364724 109
2129 1.442977 109
2130 1.475884 109
2131 1.316946 109
2132 2.075834 109
2133 1.256168 109
2134 2.052497 109
2135 2.147528 109
2136 15.912461 109
2137 8.673493 109
2138 1.343270 109
2139 0.865297 109
2140 1.059808 109
2141 4.736588 109
2142 1.760845 109
2143 2.078581 109
2144 8.363473 109
2145 13.704127 109
2146 43.341472 109
2147 11.634314 109
2148 1.624580 109
2149 0.754355 109
2150 11.731090 106
2151 5.541910 106
2152 0.662940 106
2153 1.369509 106
2154 1.337072 106
2155 1.633682 106
2156 6.564575 106
2157 12.013529 106
2158 6.071711 106
2159 7.495686 106
2160 0.001744 106
2161 0.528801 106
2162 0.419853 106
2163 0.496595 106
2164 0.507670 106
2165 0.582312 106
2166 0.500259 106
2167 0.493237 106
2168 0.580329 106
2169 0.470266 106
2170 0.611391 106
2171 0.582821 106
2172 0.721764 106
2173 0.650988 106
2174 0.491598 106
2175 0.508329 106
2176 0.643929 106
2177 0.726436 106
2178 0.542155 106
2179 0.583704 106
2180 0.525479 106
2181 0.823470 106
2182 0.667500 106
2183 0.789696 106
2184 0.799195 106
2185 0.782247 106
2186 0.867842 106
2187 0.871949 106
2188 0.737869 106
2189 0.649121 106
2190 0.860883 106
2191 0.828653 106
2192 0.820176 106
2193 0.922328 106
2194 1.063989 106
2195 1.090083 106
2196 1.022131 106
2197 1.035862 106
2198 1.137661 106
2199 1.118019 106
2200 0.799699 102
2201 0.846509 102
2202 1.080551 102
2203 0.882947 102
2204 0.802287 102
2205 1.386667 102
2206 1.077672 102
2207 0.751568 102
2208 0.809917 102
2209 0.782225 102
2210 0.741734 102
2211 0.808599 102
2212 1.074343 102
2213 0.956319 102
2214 1.129474 102
2215 0.778190 102
2216 0.900410 102
2217 0.701276 102
2218 0.746512 102
2219 0.768749 102
2220 0.663422 102
2221 0.756249 102
2222 0.864425 102
2223 0.682364 102
2224 0.884737 102
2225 1.201029 102
2226 0.895790 102
2227 0.883928 102
2228 1.050202 102
2229 0.991407 102
2230 0.977343 102
2231 0.977497 102
2232 0.943980 102
2233 1.016877 102
2234 1.129113 102
2235 1.003856 102
2236 0.976552 102
2237 1.429809 102
2238 1.073120 102
2239 1.039858 102
2240 1.106293 102
2241 1.274988 102
2242 1.255797 102
2243 1.103620 102
2244 1.192471 102
2245 1.142497 102
2246 1.649498 102
2247 1.371871 102
2248 1.207550 102
2249 1.430730 102
2250 0.607828 103
2251 0.764923 103
2252 0.727607 103
2253 0.730692 103
2254 0.747962 103
2255 0.718632 103
2256 0.659585 103
2257 0.662069 103
2258 0.832076 103
2259 0.818589 103
2260 0.708954 103
2261 1.107070 103
2262 0.774229 103
2263 0.877294 103
2264 0.808420 103
2265 0.840045 103
2266 0.827409 103
2267 0.856515 103
2268 0.848246 103
2269 0.861479 103
2270 0.803154 103
2271 0.855174 103
2272 0.840843 103
2273 0.850858 103
2274 0.874274 103
2275 0.943454 103
2276 0.812427 103
2277 0.915172 103
2278 0.903530 103
2279 0.916463 103
2280 1.012280 103
2281 0.895960 103
2282 0.772189 103
2283 0.924820 103
2284 0.988052 103
2285 0.914512 103
2286 1.034149 103
2287 1.164439 103
2288 1.143200 103
2289 1.072782 103
2290 0.964036 103
2291 1.059954 103
2292 0.985424 103
2293 1.112527 103
2294 1.379176 103
2295 1.185233 103
2296 1.035511 103
2297 1.272572 103
2298 1.191859 103
2299 1.371597 103
2300 0.704624 101
2301 0.836850 101
2302 0.717899 101
2303 0.764047 101
2304 0.913253 101
2305 0.870867 101
2306 0.829776 101
2307 0.834819 101
2308 0.752115 101
2309 0.752189 101
2310 0.738237 101
2311 0.668222 101
2312 0.579189 101
2313 0.684316 101
2314 0.737090 101
2315 0.687167 101
2316 0.833741 101
2317 0.755569 101
2318 0.862735 101
2319 0.843483 101
2320 0.725923 101
2321 0.873298 101
2322 0.958943 101
2323 0.908716 101
2324 0.970686 101
2325 0.909880 101
2326 0.917164 101
2327 0.940233 101
2328 0.997047 101
2329 0.966089 101
2330 0.979940 101
2331 1.029238 101
2332 0.927336 101
2333 1.053584 101
2334 1.093574 101
2335 1.050337 101
2336 0.795354 101
2337 0.904216 101
2338 0.979274 101
2339 1.142817 101
2340 1.070413 101
2341 1.016935 101
2342 1.007124 101
2343 1.173527 101
2344 0.792144 101
2345 1.125857 101
2346 0.923414 101
2347 1.082730 101
2348 1.116645 101
2349 1.591517 101
2350 0.762560 87
2351 2.283839 87
2352 1.771279 87
2353 23.504855 87
2354 3.662763 87
2355 3.004625 87
2356 24.692290 87
2357 95.402195 87
2358 73.829240 87
2359 150.918762 87
2360 41.644356 87
2361 106.551671 87
2362 164.847824 87
2363 93.240233 87
2364 76.158494 87
2365 70.667685 87
2366 170.301376 87
2367 121.980666 87
2368 208.487136 87
2369 33.237051 87
2370 205.644674 87
2371 124.439807 87
2372 35.144626 87
2373 145.474624 87
2374 72.530638 87
2375 198.649120 87
2376 75.356653 87
2377 120.236352 87
2378 74.920921 87
2379 163.424512 87
2380 45.969195 87
2381 142.186341 87
2382 48.733504 87
2383 2.127553 87
2384 5.120597 87
2385 5.396232 87
2386 2.522417 87
2387 5.279206 87
2388 5.900678 87
2389 30.653015 87
2390 4.068927 87
2391 4.096208 87
2392 1.327977 87
2393 3.353020 87
2394 3.315728 87
2395 1.839511 87
2396 3.715413 87
2397 4.499753 87
2398 1.782192 87
2399 4.327488 87
2400 2.268196 118
2401 5.159004 118
2402 4.692376 118
2403 5.541472 118
2404 5.320100 118
2405 5.206024 118
2406 4.805847 118
2407 4.716967 118
2408 5.841526 118
2409 5.646698 118
2410 1.163907 118
2411 0.011153 118
2412 1.497467 118
2413 2.574594 118
2414 1.296424 118
2415 2.442788 118
2416 1.871119 118
2417 3.022653 118
2418 3.931837 118
2419 5.066969 118
2420 1.832973 118
2421 0.000000 118
2422 0.000000 118
2423 0.000000 118
2424 0.000000 118
2425 0.000000 118
2426 0.000000 118
2427 0.000000 118
2428 0.000000 118
2429 0.000000 118
2430 0.000000 118
2431 0.000000 118
2432 1.205314 118
2433 0.898256 118
2434 2.977689 118
2435 17.399460 118
2436 3.594307 118
2437 1.706693 118
2438 2.078711 118
2439 3.444270 118
2440 3.654050 118
2441 0.008199 118
2442 0.012740 118
2443 0.020499 118
2444 2.536372 118
2445 6.232965 118
2446 15.068713 118
2447 249.396429 118
2448 3.706640 118
2449 3.550907 118
2450 0.298820 114
2451 0.457218 114
2452 0.481641 114
2453 0.974240 114
2454 3.765754 114
2455 68.337253 114
2456 141.119427 114
2457 0.106832 114
2458 1.229890 114
2459 3.532130 114
2460 0.915676 114
2461 10.865525 114
2462 16.694476 114
2463 5.315244 114
2464 2.689861 114
2465 4.628740 114
2466 1.290635 114
2467 3.776195 114
2468 5.526341 114
2469 1.546939 114
2470 1.155527 114
2471 0.396062 114
2472 1.126591 114
2473 0.012460 114
2474 1.655042 114
2475 0.957650 114
2476 1.599171 114
2477 2.115984 114
2478 13.298138 114
2479 3.888378 114
2480 0.317133 114
2481 4.328140 114
2482 1.643365 114
2483 1.929037 114
2484 1.364478 114
2485 3.337923 114
2486 2.024063 114
2487 19.021680 114
2488 1.585804 114
2489 7.902807 114
2490 0.907724 114
2491 3.492113 114
2492 1.932790 114
2493 2.062802 114
2494 1.983495 114
2495 2.224541 114
2496 1.283619 114
2497 85.343814 114
2498 1.259625 114
2499 2.307582 114
2500 1.350879 110
2501 1.837805 110
2502 0.006433 110
2503 0.238379 110
2504 2.332734 110
2505 3.576377 110
2506 1.859310 110
2507 5.403824 110
2508 1.472629 110
2509 0.000415 110
2510 1.419831 110
2511 2.522706 110
2512 1.614453 110
2513 15.914957 110
2514 1.322333 110
2515 2.115831 110
2516 4.658958 110
2517 1.322102 110
2518 1.688065 110
2519 0.000000 110
2520 2.032871 110
2521 1.999554 110
2522 2.587558 110
2523 1.769351 110
2524 1.185884 110
2525 1.570073 110
2526 1.366856 110
2527 1.560051 110
2528 8.745459 110
2529 6.058407 110
2530 4.884840 110
2531 1.361856 110
2532 39.731315 110
2533 22.350398 110
2534 1.380219 110
2535 2.510550 110
2536 2.578990 110
2537 2.002780 110
2538 1.452809 110
2539 2.446240 110
2540 2.417668 110
2541 1.954332 110
2542 2.254452 110
2543 0.711022 110
2544 1.000951 110
2545 2.572883 110
2546 2.584668 110
2547 2.073484 110
2548 30.726250 110
2549 2.056966 110
2550 1.422358 104
2551 1.300815 104
2552 0.226296 104
2553 2.442262 104
2554 0.000000 104
2555 4.325158 104
2556 1.708891 104
2557 2.064665 104
2558 1.280749 104
2559 0.700702 104
2560 0.953059 104
2561 1.475661 104
2562 0.904837 104
2563 0.112666 104
2564 0.073128 104
2565 0.083106 104
2566 0.062187 104
2567 0.044825 104
2568 0.069234 104
2569 0.166580 104
2570 0.087301 104
2571 0.124426 104
2572 0.095102 104
2573 0.083913 104
2574 0.243852 104
2575 0.144589 104
2576 0.493732 104
2577 0.088227 104
2578 0.114250 104
2579 0.106887 104
2580 0.188663 104
2581 0.171263 104
2582 0.210658 104
2583 0.230379 104
2584 0.271282 104
2585 0.195834 104
2586 0.192939 104
2587 0.670385 104
2588 0.252365 104
2589 0.445102 104
2590 0.256913 104
2591 0.440656 104
2592 0.171226 104
2593 0.226519 104
2594 0.078394 104
2595 0.280149 104
2596 0.273951 104
2597 0.518798 104
2598 0.429252 104
2599 0.496788 104
2600 0.277647 107
2601 0.367251 107
2602 0.561803 107
2603 0.259468 107
2604 0.363696 107
2605 0.187101 107
2606 0.210570 107
2607 0.206765 107
2608 0.138113 107
2609 0.152992 107
2610 0.069315 107
2611 0.188936 107
2612 0.263086 107
2613 0.124798 107
2614 0.218635 107
2615 0.146794 107
2616 0.197033 107
2617 0.107146 107
2618 0.125280 107
2619 0.175086 107
2620 0.194598 107
2621 0.128282 107
2622 0.117747 107
2623 0.112657 107
2624 0.164356 107
2625 0.145826 107
2626 0.203184 107
2627 0.168635 107
2628 0.221489 107
2629 0.917788 107
2630 0.893524 107
2631 0.287459 107
2632 0.215768 107
2633 0.263954 107
2634 0.210601 107
2635 0.316905 107
2636 0.284183 107
2637 0.199818 107
2638 0.302877 107
2639 0.563416 107
2640 0.300106 107
2641 0.359789 107
2642 0.275056 107
2643 0.369413 107
2644 0.303790 107
2645 0.452940 107
2646 0.266774 107
2647 0.424780 107
2648 0.556282 107
2649 0.436303 107
2650 0.250800 110
2651 0.240157 110
2652 0.297411 110
2653 0.263733 110
2654 0.256930 110
2655 0.365955 110
2656 0.305786 110
2657 0.146159 110
2658 0.271815 110
2659 0.132006 110
2660 0.130056 110
2661 0.189374 110
2662 0.194063 110
2663 5.193185 110
2664 7.339335 110
2665 2.797319 110
2666 9.302010 110
2667 0.048190 110
2668 0.186626 110
2669 0.077900 110
2670 0.025691 110
2671 0.027673 110
2672 0.023729 110
2673 0.094671 110
2674 10.301239 110
2675 0.119606 110
2676 0.104878 110
2677 0.083002 110
2678 1.235944 110
2679 0.069837 110
2680 0.015443 110
2681 0.019100 110
2682 0.017405 110
2683 0.211145 110
2684 0.022790 110
2685 0.015492 110
2686 0.003544 110
2687 0.003465 110
2688 0.001183 110
2689 0.000000 110
2690 0.000000 110
2691 0.000000 110
2692 0.000000 110
2693 0.000000 110
2694 0.000000 110
2695 0.000000 110
2696 0.000000 110
2697 0.000000 110
2698 0.000000 110
2699 0.000000 110
2700 0.362816 107
2701 0.787565 107
2702 0.600423 107
2703 0.638268 107
2704 0.735764 107
2705 0.651163 107
2706 0.581656 107
2707 0.532507 107
2708 0.428368 107
2709 0.424824 107
2710 0.483454 107
2711 5.405435 107
2712 4.062295 107
2713 4.188699 106
2714 51.928793 107
2715 4.144556 107
2716 310.219721 107
2717 4.622738 107
2718 82.413056 107
2719 2.065296 107
2720 2.531187 107
2721 30.181207 107
2722 5.048269 107
2723 3.428253 107
2724 4.827880 107
2725 4.945658 107
2726 5.112935 107
2727 5.307860 107
2728 5.903565 107
2729 16.583681 107
2730 214.382791 107
2731 5.131999 107
2732 5.534139 107
2733 314.438094 107
2734 5.258511 107
2735 9.065295 107
2736 3.570434 107
2737 9.410711 107
2738 7.040200 107
2739 6.663621 107
2740 5.103983 107
2741 5.622526 107
2742 6.905010 107
2743 62.808483 107
2744 5.930894 107
2745 5.752696 107
2746 18.396405 107
2747 3.659892 107
2748 32.945338 107
2749 3.380445 107
2750 7.206484 95
2751 4.166929 95
2752 8.103638 95
2753 3.807371 95
2754 2.386845 95
2755 5.511048 95
2756 2.250891 95
2757 2.829242 95
2758 2.526082 95
2759 1.758611 95
2760 1.029289 95
2761 0.985880 95
2762 0.929901 95
2763 1.202693 95
2764 0.990030 95
2765 1.062040 95
2766 0.965277 95
2767 1.062647 95
2768 1.001104 95
2769 1.089350 95
2770 1.253570 95
2771 1.264391 95
2772 1.255577 95
2773 1.110272 95
2774 0.915910 95
2775 0.951323 95
2776 1.531413 95
2777 0.933516 95
2778 1.273609 95
2779 1.294858 95
2780 1.295864 95
2781 1.047415 95
2782 1.234057 95
2783 1.086276 95
2784 0.977481 95
2785 1.556266 95
2786 1.647612 95
2787 1.001304 95
2788 3.503801 95
2789 1.226685 95
2790 1.996676 95
2791 1.814139 95
2792 2.467534 95
2793 2.552350 95
2794 1.821910 95
2795 1.702812 95
2796 2.065162 95
2797 1.991680 95
2798 1.957139 95
2799 2.227580 95
2800 2.014931 106
2801 2.527176 106
2802 2.110472 106
2803 2.520580 106
2804 2.529977 106
2805 2.184473 106
2806 2.313545 106
2807 2.708480 106
2808 1.782396 106
2809 2.520641 106
2810 2.155983 106
2811 1.887059 106
2812 1.959529 106
2813 2.115084 106
2814 2.169646 106
2815 1.910882 106
2816 4.384359 106
2817 3.673352 106
2818 4.542686 106
2819 0.105827 106
2820 0.055555 106
2821 0.093362 106
2822 0.048580 106
2823 0.052015 106
2824 0.058112 106
2825 0.060091 106
2826 0.070963 106
2827 0.049196 106
2828 0.055960 106
2829 0.066821 106
2830 0.027698 106
2831 7.075561 106
2832 0.310401 106
2833 0.016265 106
2834 0.307923 106
2835 0.019126 106
2836 6.473648 106
2837 0.003331 106
2838 0.005693 106
2839 4.139639 106
2840 8.431307 106
2841 9.643125 106
2842 4.010674 106
2843 6.151021 106
2844 8.128077 106
2845 8.119316 106
2846 1.989295 106
2847 5.187242 106
2848 5.307935 106
2849 5.503365 106
2850 1.679154 109
2851 4.459287 109
2852 4.573907 109
2853 4.044636 109
2854 3.837388 109
2855 7.768557 109
2856 7.948826 109
2857 3.485368 109
2858 5.947484 109
2859 5.842947 109
2860 6.003375 109
2861 1.062990 109
2862 3.557324 109
2863 1.582776 109
2864 3.417237 109
2865 3.757714 109
2866 6.245713 109
2867 21.643112 109
2868 8.081533 109
2869 2.844641 109
2870 5.621995 109
2871 5.997062 109
2872 6.737770 109
2873 2.486277 109
2874 2.684357 109
2875 2.810289 109
2876 2.822079 109
2877 3.380194 109
2878 2.945062 109
2879 2.820891 109
2880 2.791311 109
2881 3.238813 109
2882 3.217133 109
2883 3.317007 109
2884 2.596127 109
2885 2.814313 109
2886 2.832273 109
2887 2.609767 109
2888 2.956645 109
2889 3.605519 109
2890 2.471487 109
2891 3.389661 109
2892 3.326963 109
2893 1.071878 109
2894 3.484289 109
2895 3.236158 109
2896 10.571346 109
2897 106.784779 109
2898 4.237865 109
2899 4.633078 109
2900 1.373800 86
2901 2.741608 86
2902 3.043716 86
2903 3.027584 86
2904 2.076385 86
2905 5.083635 86
2906 4.795858 86
2907 4.566070 86
2908 2.369420 86
2909 4.712306 86
2910 5.009159 86
2911 2.646263 86
2912 5.218813 86
2913 5.071791 86
2914 5.016506 86
2915 5.247197 86
2916 3.408997 86
2917 7.025580 86
2918 7.901791 86
2919 7.243962 86
2920 1.554872 86
2921 4.728218 86
2922 5.139105 86
2923 1.838585 86
2924 4.172416 86
2925 3.935998 86
2926 3.881053 86
2927 3.162201 86
2928 8.255584 86
2929 8.288514 86
2930 8.009033 86
2931 1.153808 86
2932 3.985803 86
2933 4.312437 86
2934 3.622149 86
2935 1.215639 86
2936 3.136176 86
2937 3.312666 86
2938 8.466546 86
2939 8.418733 86
2940 8.873862 86
2941 9.155376 86
2942 9.482736 86
2943 10.429641 86
2944 2.955304 86
2945 5.407266 86
2946 5.469685 86
2947 5.758361 86
2948 4.515712 86
2949 5.162907 86
2950 2.334641 99
2951 4.189809 99
2952 4.512461 99
2953 1.592030 99
2954 3.978987 99
2955 1.805935 99
2956 3.947053 99
2957 3.600645 99
2958 1.629796 99
2959 3.906937 99
2960 3.850702 99
2961 3.748790 99
2962 2.713399 99
2963 6.088026 99
2964 5.748946 99
2965 2.566227 99
2966 7.058358 99
2967 6.459115 99
2968 6.814219 98
2969 30.912734 98
2970 32.490613 98
2971 2.012815 98
2972 0.015390 98
2973 4.329735 98
2974 3.736368 98
2975 2.644790 98
2976 6.733176 98
2977 7.386435 98
2978 2.637393 98
2979 5.740460 98
2980 5.305523 98
2981 0.970171 98
2982 2.258042 98
2983 2.003147 98
2984 4.619291 98
2985 1.969262 98
2986 3.885407 98
2987 4.695499 98
2988 2.341120 98
2989 5.400698 98
2990 1.540699 98
2991 2.687372 98
2992 5.617213 98
2993 4.200927 98
2994 10.798756 98
2995 2.276735 98
2996 6.255705 98
2997 2.484808 98
2998 6.856697 98
2999 0.045169 98
3000 0.000000 104
3001 0.000000 104
3002 0.000000 104
3003 0.000000 104
3004 0.001477 104
3005 0.005082 104
3006 0.007338 104
3007 0.015067 104
3008 46.396795 104
3009 302.562300 104
3010 111.956468 104
3011 477.049382 104
3012 163.654268 104
3013 447.210962 104
3014 236.997046 104
3015 272.453572 104
3016 372.987356 104
3017 499.620211 104
3018 120.198681 104
3019 138.081531 104
3020 72.435886 104
3021 285.431749 104
3022 1.196313 104
3023 2.501891 104
3024 2.651944 104
3025 2.311472 104
3026 7.090951 104
3027 0.000000 104
3028 0.000000 104
3029 0.000000 104
3030 1.553664 104
3031 3.529260 104
3032 2.000180 104
3033 5.304488 104
3034 3.173231 104
3035 7.830525 104
3036 72.413810 104
3037 83.782204 104
3038 83.010739 104
3039 4.529609 104
3040 11.177628 104
3041 2.433038 104
3042 6.355696 104
3043 2.529945 104
3044 10.516421 104
3045 3.158398 104
3046 8.534631 104
3047 8.017391 104
3048 3.348660 104
3049 8.296965 104
3050 2.363615 95
3051 6.251980 95
3052 2.030487 95
3053 5.102058 95
3054 3.671864 95
3055 2.519262 95
3056 6.622194 95
3057 1.244165 95
3058 2.793588 95
3059 2.195841 95
3060 1.988765 95
3061 3.992857 95
3062 0.000000 95
3063 0.000000 95
3064 0.000000 95
3065 0.000000 95
3066 0.000000 95
3067 2.259162 95
3068 7.163516 95
3069 3.453783 95
3070 2.603421 95
3071 4.164304 95
3072 4.353036 95
3073 4.578134 95
3074 4.519455 95
3075 4.489691 95
3076 4.543493 95
3077 4.571428 95
3078 4.471975 95
3079 4.582895 95
3080 4.589945 95
3081 4.464819 95
3082 4.452432 95
3083 4.514129 95
3084 4.673223 95
3085 4.692838 95
3086 4.787427 95
3087 8.423632 95
3088 6.638637 95
3089 13.751594 95
3090 110.200505 95
3091 18.609050 95
3092 7.665024 95
3093 7.705416 95
3094 11.214399 95
3095 14.093277 95
3096 9.730808 95
3097 0.721762 95
3098 0.925408 95
3099 1.006586 95
3100 0.416567 99
3101 0.884991 99
3102 0.924655 99
3103 0.906636 99
3104 0.888639 99
3105 0.919071 99
3106 0.898601 99
3107 0.926669 99
3108 0.782546 99
3109 2.266341 99
3110 2.170271 99
3111 23.039489 99
3112 1.562920 99
3113 451.390360 99
3114 18.688159 99
3115 2.373197 99
3116 3.677129 99
3117 6.332050 99
3118 4.252977 99
3119 4.632414 99
3120 35.725514 99
3121 1.234855 99
3122 4.572884 99
3123 3.794649 99
3124 1.042242 99
3125 1.107478 99
3126 3.943110 99
3127 4.395141 99
3128 3.332689 99
3129 3.190651 99
3130 3.274958 99
3131 3.473873 99
3132 1.413236 99
3133 5.463444 99
3134 7.676517 99
3135 7.750824 99
3136 8.366714 99
3137 7.993968 99
3138 7.083154 99
3139 4.651520 99
3140 7.406065 99
3141 7.323238 99
3142 11.405041 99
3143 10.619144 99
3144 11.171655 99
3145 14.554915 99
3146 7.247328 99
3147 2.818503 99
3148 3.932081 99
3149 3.822446 99
3150 3.117617 107
3151 6.189390 107
3152 3.155773 107
3153 6.157409 107
3154 26.767927 107
3155 7.479288 107
3156 4.703572 107
3157 31.395574 107
3158 8.858025 107
3159 8.900655 107
3160 5.105314 107
3161 3.148274 107
3162 5.339737 107
3163 311.780673 107
3164 10.808714 107
3165 16.641693 107
3166 2.765155 107
3167 2.214652 107
3168 4.011545 107
3169 5.178588 107
3170 5.082069 107
3171 10.888116 107
3172 9.634161 107
3173 10.973380 107
3174 6.932738 107
3175 5.582305 107
3176 6.285408 107
3177 13.853086 107
3178 5.162673 107
3179 5.963734 107
3180 7.292232 106
3181 7.504014 107
3182 7.049922 107
3183 7.405543 107
3184 7.337706 107
3185 5.421524 107
3186 0.000000 107
3187 0.000000 107
3188 0.000000 107
3189 0.000000 107
3190 0.000000 107
3191 0.000000 107
3192 3.054674 107
3193 98.727680 107
3194 8.727525 107
3195 6.857540 106
3196 2.735531 107
3197 5.112823 107
3198 5.140758 107
3199 3.830855 107
3200 3.691656 110
3201 5.270570 110
3202 15.024047 110
3203 16.225097 110
3204 13.203905 110
3205 14.068022 109
3206 3.684777 110
3207 13.885297 110
3208 3.491704 110
3209 10.189165 110
3210 1.276076 110
3211 98.167210 110
3212 1.632106 110
3213 2.869109 110
3214 18.825730 110
3215 3.515673 110
3216 6.681973 110
3217 11.166914 110
3218 11.979729 110
3219 12.250466 109
3220 16.848338 110
3221 14.366769 110
3222 4.788891 110
3223 10.267129 110
3224 9.816835 110
3225 9.709517 110
3226 1.541659 110
3227 2.452520 110
3228 2.520250 110
3229 4.028828 110
3230 2.251044 110
3231 1.935135 110
3232 3.578590 110
3233 5.914513 110
3234 56.159171 110
3235 2.886892 110
3236 2.590469 110
3237 1.829553 110
3238 4.533802 110
3239 3.414410 110
3240 2.217994 110
3241 6.110817 110
3242 9.254628 110
3243 5.540124 110
3244 2.181672 110
3245 1.466271 110
3246 0.255197 110
3247 0.306902 110
3248 0.391018 110
3249 6.787625 110
3250 1.569850 109
3251 3.429381 109
3252 3.477339 109
3253 3.103987 109
3254 2.236529 109
3255 4.030054 109
3256 1.645225 109
3257 2.508394 109
3258 2.518000 109
3259 2.276427 109
3260 2.305602 109
3261 15.867133 109
3262 2.495012 109
3263 0.765319 109
3264 1.828992 109
3265 5.132102 109
3266 2.095453 109
3267 3.508677 109
3268 4.622391 109
3269 4.148542 109
3270 4.065397 109
3271 3.789488 109
3272 0.755748 109
3273 10.832125 109
3274 5.540260 109
3275 26.149463 109
3276 1.958728 109
3277 2.808933 109
3278 4.065333 109
3279 9.546142 109
3280 2.721815 109
3281 1.453508 109
3282 37.910169 109
3283 5.023116 109
3284 4.674317 109
3285 2.498474 109
3286 6.107994 109
3287 7.099200 109
3288 7.360099 109
3289 8.290220 109
3290 1.515043 109
3291 4.674565 109
3292 2.779299 109
3293 4.275192 109
3294 2.678059 109
3295 44.636125 109
3296 4.439058 109
3297 1.606144 109
3298 14.399894 109
3299 2.095591 109
3300 2.323223 119
3301 0.948713 119
3302 99.870815 119
3303 195.167810 119
3304 208.024131 119
3305 200.663191 119
3306 0.246505 119
3307 0.180977 119
3308 0.245912 119
3309 0.310164 119
3310 0.334137 119
3311 4.635002 119
3312 6.602149 119
3313 6.584327 119
3314 4.764877 119
3315 7.262556 119
3316 8.323294 119
3317 72.915550 119
3318 37.560094 119
3319 64.138074 119
3320 69.986635 119
3321 74.011509 119
3322 4.092362 119
3323 4.395064 119
3324 7.005159 119
3325 12.335463 119
3326 5.246709 119
3327 1.678469 119
3328 3.015311 119
3329 37.381203 119
3330 3.471963 119
3331 46.867382 119
3332 2.306184 119
3333 3.991818 119
3334 8.830027 119
3335 0.266516 119
3336 7.678575 119
3337 3.975389 119
3338 7.359551 119
3339 2.662090 119
3340 18.087414 119
3341 3.114130 119
3342 2.069079 119
3343 4.690220 119
3344 4.675458 119
3345 2.530797 119
3346 7.632829 119
3347 7.402452 119
3348 4.199818 119
3349 1.420527 119
3350 4.611548 86
3351 0.828431 86
3352 1.478574 86
3353 2.053771 86
3354 2.250184 86
3355 5.936206 86
3356 11.133866 86
3357 24.231234 86
3358 18.324926 86
3359 3.497763 86
3360 1.765800 86
3361 6.814800 86
3362 1.445392 86
3363 6.499532 86
3364 13.198878 86
3365 13.722752 86
3366 12.177746 86
3367 7.294192 86
3368 5.391756 86
3369 222.975096 86
3370 2.216225 86
3371 2.401142 86
3372 6.146064 86
3373 4.835260 86
3374 1.713762 86
3375 3.873672 86
3376 7.493154 86
3377 4.495572 86
3378 2.504850 86
3379 6.938193 86
3380 5.401505 86
3381 1.761554 86
3382 3.644071 86
3383 3.984971 86
3384 1.799998 86
3385 5.165043 86
3386 6.787100 86
3387 1.398443 86
3388 1.533416 86
3389 3.984762 86
3390 3.663012 86
3391 63.091237 86
3392 194.000614 86
3393 216.294256 86
3394 9.927275 86
3395 15.515674 86
3396 19.919003 86
3397 19.141386 86
3398 0.012660 86
3399 2.632914 86
3400 3.308073 96
3401 2.411244 96
3402 1.809298 96
3403 7.854226 96
3404 2.048828 96
3405 6.048136 96
3406 4.742535 96
3407 1.479139 96
3408 1.210352 96
3409 2.380891 96
3410 6.762794 96
3411 4.821552 96
3412 2.904494 96
3413 2.186236 96
3414 5.183774 96
3415 6.114620 96
3416 4.647272 96
3417 2.247317 96
3418 5.727774 96
3419 4.521107 96
3420 2.135506 96
3421 5.690788 96
3422 4.652947 96
3423 36.253288 96
3424 75.293444 96
3425 77.630653 96
3426 5.037394 96
3427 5.499134 96
3428 3.924078 96
3429 4.090195 96
3430 2.535609 96
3431 5.245166 96
3432 6.559123 96
3433 2.344115 96
3434 7.136437 96
3435 4.980219 96
3436 2.577101 96
3437 6.737447 96
3438 5.141816 96
3439 1.685906 96
3440 4.649422 96
3441 2.686887 96
3442 5.917540 96
3443 5.981131 96
3444 34.572321 96
3445 21.135505 96
3446 5.466055 96
3447 39.373914 96
3448 36.489383 96
3449 16.820423 96
3450 34.936748 116
3451 3.519746 116
3452 7.327776 116
3453 14.298028 116
3454 12.398885 116
3455 3.376520 116
3456 7.333455 116
3457 7.805550 116
3458 1.872093 116
3459 2.229747 116
3460 5.597155 116
3461 1.503514 116
3462 1.733435 116
3463 1.677139 116
3464 1.863292 116
3465 3.343654 116
3466 1.790666 116
3467 2.161519 116
3468 2.059087 116
3469 5.207209 116
3470 11.348609 116
3471 3.459784 116
3472 0.279615 116
3473 18.670956 116
3474 2.835423 116
3475 2.927799 116
3476 5.639165 116
3477 7.373878 116
3478 0.769574 116
3479 0.975812 116
3480 8.627799 116
3481 14.607656 116
3482 17.396622 116
3483 2.887868 116
3484 5.491993 116
3485 7.089273 116
3486 16.782283 116
3487 2.183489 116
3488 2.771036 116
3489 2.715569 116
3490 6.002269 116
3491 17.457948 116
3492 2.891749 116
3493 7.232196 116
3494 5.794011 116
3495 3.005711 116
3496 7.053195 116
3497 5.726264 116
3498 2.975807 116
3499 7.120043 116
3500 2.252205 97
3501 1.912865 97
3502 5.763180 97
3503 4.873544 97
3504 2.201677 97
3505 4.951340 97
3506 5.832891 97
3507 2.108052 97
3508 4.721243 97
3509 6.008658 97
3510 2.318853 97
3511 5.608272 97
3512 4.543866 97
3513 17.363002 97
3514 20.233444 97
3515 21.094253 97
3516 4.049126 97
3517 2.368729 97
3518 6.257017 97
3519 5.597106 97
3520 396.774701 97
3521 2.460244 97
3522 5.370877 97
3523 6.654263 97
3524 2.578799 97
3525 6.351380 97
3526 5.320263 97
3527 0.737721 97
3528 1.240535 97
3529 1.578523 97
3530 1.490518 97
3531 2.807747 97
3532 5.807730 97
3533 7.650707 97
3534 20.571221 97
3535 2.622206 97
3536 5.636918 97
3537 7.172458 97
3538 5.400869 97
3539 1.284653 97
3540 1.685351 97
3541 8.073645 97
3542 2.246512 97
3543 2.052814 97
3544 2.949400 97
3545 2.137440 97
3546 5.302261 97
3547 3.429640 97
3548 3.267401 97
3549 2.111198 97
3550 1.855334 107
3551 3.423833 107
3552 2.481155 106
3553 3.256007 106
3554 33.152821 106
3555 4.305409 106
3556 5.620935 106
3557 31.276299 106
3558 1.926648 106
3559 2.588878 106
3560 14.847427 106
3561 173.096984 106
3562 1.824426 106
3563 4.935335 106
3564 13.527141 106
3565 1.589063 106
3566 0.477222 106
3567 4.590168 106
3568 1.978055 106
3569 5.880888 106
3570 2.317622 106
3571 5.103345 106
3572 1.048392 106
3573 0.699502 106
3574 2.005031 106
3575 6.246974 106
3576 5.769218 106
3577 2.202776 106
3578 12.201529 106
3579 170.325033 106
3580 2.005319 106
3581 15.940237 106
3582 0.727107 106
3583 1.156517 106
3584 4.393160 106
3585 20.734925 106
3586 39.246246 106
3587 3.464076 106
3588 5.280096 106
3589 1.315372 106
3590 2.035491 106
3591 1.504393 106
3592 13.738260 106
3593 30.207710 106
3594 2.541741 106
3595 8.066055 106
3596 2.022768 106
3597 5.554051 106
3598 1.357924 106
3599 4.383391 106
3600 4.211528 95
3601 17.321295 95
3602 1.504551 95
3603 3.497104 95
3604 0.327728 95
3605 0.972937 95
3606 0.837947 95
3607 1.824002 95
3608 9.295058 95
3609 1.943714 95
3610 7.491966 95
3611 0.000000 95
3612 1.586257 95
3613 1.748200 95
3614 2.671623 95
3615 8.165544 95
3616 5.695868 95
3617 11.071289 95
3618 1.237610 95
3619 2.798333 95
3620 21.232187 95
3621 3.116852 95
3622 22.211712 95
3623 3.198532 95
3624 21.278672 95
3625 3.599807 95
3626 2.524954 95
3627 2.625242 95
3628 1.753440 95
3629 1.570622 95
3630 14.982507 95
3631 5.733073 95
3632 1.465404 95
3633 1.593505 95
3634 3.972581 95
3635 5.823978 95
3636 0.835767 95
3637 1.493524 95
3638 99.302659 95
3639 4.257441 95
3640 17.231004 95
3641 4.231297 95
3642 5.691896 95
3643 3.074617 95
3644 0.261394 95
3645 3.028259 95
3646 1.476653 95
3647 61.621097 95
3648 0.011951 95
3649 3.421706 95
3650 3.933298 115
3651 2.906519 115
3652 0.315404 115
3653 2.711160 115
3654 0.851459 115
3655 0.424749 115
3656 2.385349 115
3657 10.063459 114
3658 0.237452 115
3659 14.987973 115
3660 57.356191 115
3661 4.023351 115
3662 15.763588 115
3663 5.354703 115
3664 2.423582 115
3665 1.926495 115
3666 12.561141 115
3667 8.339445 115
3668 10.734107 115
3669 2.324584 115
3670 27.766222 115
3671 4.701274 115
3672 0.892400 115
3673 3.802602 115
3674 2.852147 115
3675 3.057391 115
3676 37.396534 115
3677 99.465909 115
3678 0.021599 115
3679 1.470000 115
3680 1.832208 115
3681 2.252200 115
3682 2.896356 115
3683 2.447465 115
3684 0.000000 115
3685 1.278329 115
3686 0.945077 115
3687 12.492955 115
3688 1.755737 115
3689 0.221002 115
3690 3.017627 115
3691 274.207792 115
3692 0.783041 115
3693 3.473132 115
3694 2.416400 115
3695 22.918130 115
3696 1.935131 115
3697 5.849722 115
3698 2.308167 115
3699 0.721187 115
3700 0.438176 102
3701 2.173705 102
3702 7.388090 102
3703 2.695607 102
3704 2.860534 102
3705 2.140163 102
3706 0.963727 102
3707 7.345805 102
3708 0.295717 102
3709 3.301696 102
3710 4.579547 102
3711 0.179958 102
3712 9.118497 102
3713 1.671593 102
3714 4.382044 102
3715 4.816100 102
3716 2.209921 102
3717 1.877247 102
3718 1.988966 102
3719 2.460873 102
3720 0.011523 102
3721 2.158658 102
3722 10.375077 102
3723 0.614759 102
3724 2.812640 102
3725 1.652238 102
3726 2.772788 102
3727 2.204004 102
3728 1.943605 102
3729 2.439555 102
3730 2.153838 102
3731 7.494761 102
3732 12.153531 102
3733 2.968735 102
3734 2.683564 102
3735 19.534765 102
3736 2.629222 102
3737 1.505507 102
3738 97.068014 102
3739 1.790959 102
3740 3.097012 102
3741 2.641613 102
3742 2.762250 102
3743 2.842762 102
3744 19.856403 102
3745 7.821581 102
3746 1.268888 102
3747 1.358741 102
3748 1.772510 102
3749 0.000000 102
3750 6.245858 115
3751 2.278235 115
3752 7.975734 115
3753 0.825342 115
3754 2.081459 115
3755 1.657801 115
3756 15.438778 115
3757 2.445922 115
3758 2.523046 115
3759 1.425144 115
3760 1.917654 115
3761 1.970997 115
3762 0.682391 115
3763 1.657279 115
3764 2.166672 115
3765 2.429562 115
3766 0.498755 115
3767 0.020505 115
3768 16.779196 115
3769 2.025783 115
3770 3.662786 115
3771 1.404887 115
3772 2.170990 115
3773 5.116236 115
3774 6.312587 115
3775 1.492788 115
3776 0.006379 115
3777 2.764271 115
3778 348.664682 115
3779 1.644658 115
3780 2.531949 115
3781 15.154686 115
3782 88.485678 115
3783 71.285904 115
3784 1.975276 115
3785 2.498741 115
3786 0.000000 115
3787 2.183175 115
3788 1.496437 115
3789 17.898159 115
3790 3.629860 115
3791 3.577757 115
3792 3.081486 115
3793 2.740425 115
3794 2.736101 115
3795 4.973071 115
3796 1.145773 115
3797 3.401175 115
3798 3.489271 115
3799 3.219710 115
3800 1.330492 107
3801 2.656229 107
3802 0.057309 107
3803 3.684841 107
3804 3.884865 107
3805 3.630485 107
3806 2.800187 107
3807 1.948570 107
3808 3.743897 107
3809 13.597183 107
3810 0.188806 107
3811 1.686311 107
3812 1.750070 107
3813 0.598697 107
3814 5.968453 107
3815 4.234757 107
3816 2.027749 107
3817 2.090530 107
3818 2.282959 107
3819 2.923915 107
3820 6.569131 106
3821 0.105643 107
3822 7.477376 107
3823 2.459516 107
3824 16.393591 107
3825 23.485687 107
3826 0.535705 107
3827 3.801879 107
3828 1.487012 107
3829 1.030067 107
3830 22.613350 107
3831 3.011479 107
3832 22.922889 107
3833 1.537918 107
3834 3.133950 107
3835 2.181953 107
3836 4.225381 107
3837 35.820238 107
3838 54.321239 107
3839 4.115788 107
3840 0.000000 107
3841 2.700883 107
3842 38.702014 107
3843 4.605461 107
3844 1.482289 107
3845 2.628361 107
3846 2.697833 107
3847 18.351065 107
3848 2.576091 107
3849 1.052299 107
3850 2.481305 108
3851 4.274715 108
3852 1.600473 108
3853 1.795141 108
3854 1.757964 108
3855 1.971770 108
3856 1.531281 108
3857 2.270673 108
3858 0.000000 108
3859 4.984357 108
3860 3.716357 108
3861 4.388112 108
3862 1.400806 108
3863 2.072449 108
3864 2.984961 108
3865 37.400629 108
3866 2.473401 108
3867 5.109377 108
3868 2.899321 108
3869 2.599397 108
3870 3.894204 108
3871 1.868989 108
3872 1.065713 108
3873 2.375843 108
3874 2.139629 108
3875 2.393506 108
3876 1.225724 108
3877 3.963242 108
3878 4.659830 108
3879 1.937742 108
3880 2.137798 108
3881 2.391006 108
3882 8.115134 108
3883 2.375267 108
3884 3.730176 108
3885 0.930689 108
3886 0.763325 108
3887 3.806451 108
3888 49.732546 108
3889 0.006834 108
3890 7.731171 108
3891 7.398098 108
3892 2.877915 108
3893 2.845852 108
3894 1.428553 108
3895 6.530460 108
3896 9.745818 108
3897 4.698282 108
3898 1.079267 108
3899 3.118311 108
3900 149.209044 113
3901 1.804228 113
3902 3.539380 113
3903 2.158303 113
3904 1.402452 113
3905 1.595112 113
3906 0.000000 113
3907 1.132637 113
3908 3.484711 113
3909 0.277716 113
3910 2.842131 113
3911 1.779351 113
3912 1.917882 113
3913 2.558876 113
3914 2.635043 113
3915 2.468428 113
3916 2.150596 113
3917 2.441998 113
3918 1.018475 113
3919 1.284743 113
3920 0.915446 113
3921 0.686450 113
3922 0.854055 113
3923 1.443312 113
3924 7.312884 113
3925 1.862520 113
3926 25.316487 113
3927 13.256496 113
3928 1.832274 113
3929 54.966817 113
3930 2.086271 113
3931 3.119996 113
3932 1.374179 113
3933 1.618089 113
3934 3.268253 113
3935 1.407574 113
3936 2.488754 113
3937 2.422251 113
3938 1.157790 113
3939 13.705576 113
3940 0.101165 113
3941 4.012056 113
3942 2.636420 113
3943 0.978452 113
3944 2.095028 113
3945 39.064593 113
3946 1.510159 113
3947 2.467999 113
3948 2.112850 113
3949 14.221306 113
3950 0.687055 121
3951 2.160893 121
3952 6.400515 121
3953 0.445482 121
3954 1.475806 121
3955 44.316867 121
3956 57.747741 121
3957 2.252526 121
3958 1.852501 121
3959 6.109279 121
3960 0.000000 121
3961 1.773418 121
3962 1.828574 121
3963 5.557790 121
3964 6.135647 121
3965 17.995665 121
3966 1.536959 121
3967 13.276051 121
3968 0.978963 121
3969 0.348675 121
3970 18.437749 121
3971 3.082977 121
3972 2.796970 121
3973 0.000000 121
3974 4.605563 121
3975 0.004328 121
3976 2.207020 121
3977 1.011016 121
3978 3.019633 121
3979 2.002393 121
3980 0.000000 121
3981 4.779043 121
3982 3.684092 121
3983 3.959365 121
3984 2.439630 121
3985 1.296413 121
3986 0.120170 121
3987 1.670725 121
3988 3.524851 121
3989 0.866642 121
3990 3.207173 121
3991 0.480086 121
3992 10.645841 121
3993 0.591053 121
3994 0.523756 121
3995 0.748658 121
3996 0.891067 121
3997 0.695754 121
3998 1.737082 121
3999 1.079564 121
4000 0.248845 118
4001 0.468905 118
4002 3.055364 118
4003 1.664394 118
4004 3.088666 118
4005 1.989645 118
4006 3.408370 118
4007 5.077366 118
4008 0.621819 118
4009 2.118045 118
4010 0.705589 118
4011 1.611444 118
4012 2.679219 118
4013 6.584064 118
4014 4.655520 118
4015 0.287282 118
4016 0.396192 118
4017 1.020888 118
4018 1.346612 118
4019 0.673910 118
4020 2.878249 118
4021 1.568494 118
4022 3.275185 118
4023 4.380304 118
4024 1.587763 118
4025 3.159934 118
4026 2.009444 118
4027 32.456959 118
4028 1.707897 118
4029 1.623287 118
4030 1.851028 118
4031 292.385067 118
4032 20.617552 118
4033 43.746567 117
4034 5.746465 118
4035 15.675286 118
4036 2.327002 118
4037 1.459202 118
4038 9.085483 118
4039 0.841578 118
4040 0.000000 118
4041 3.572440 118
4042 0.939981 118
4043 2.285893 118
4044 0.523445 118
4045 7.757046 118
4046 23.672985 118
4047 1.935308 118
4048 1.520216 118
4049 1.804253 118
4050 2.959931 122
4051 1.441230 122
4052 0.691979 122
4053 2.333485 122
4054 0.932513 122
4055 1.793436 122
4056 1.829418 122
4057 1.083714 122
4058 0.017090 122
4059 0.664487 122
4060 133.034088 122
4061 2.191176 122
4062 1.846463 122
4063 1.628284 122
4064 1.428413 122
4065 2.924661 122
4066 26.856531 122
4067 0.600179 122
4068 8.241711 122
4069 2.329974 122
4070 1.375422 122
4071 2.845716 122
4072 0.915585 122
4073 1.326148 122
4074 1.489779 122
4075 3.257790 122
4076 7.128162 122
4077 2.651378 122
4078 0.394377 122
4079 0.670321 122
4080 2.046294 122
4081 2.676460 122
4082 2.095047 122
4083 3.118346 122
4084 8.408474 122
4085 0.684342 122
4086 3.745907 122
4087 0.640442 122
4088 2.605787 122
4089 3.487392 122
4090 3.606054 122
4091 3.606858 122
4092 13.109619 122
4093 0.092152 122
4094 9.281855 122
4095 3.733478 122
4096 3.851778 122
4097 2.616846 122
4098 1.983991 122
4099 3.529254 122
4100 3.688187 118
4101 1.932939 118
4102 3.270097 118
4103 2.495855 118
4104 2.194404 118
4105 3.533599 118
4106 24.240987 118
4107 0.000000 118
4108 4.424045 118
4109 6.064287 118
4110 0.719475 118
4111 17.076289 118
4112 112.409907 118
4113 2.030295 118
4114 2.191318 118
4115 3.233226 118
4116 6.587183 118
4117 12.234361 117
4118 4.308399 118
4119 22.981356 118
4120 5.126168 118
4121 0.000000 118
4122 7.771937 118
4123 2.358178 118
4124 2.889378 118
4125 6.533715 118
4126 8.203498 118
4127 3.089332 118
4128 2.202248 118
4129 6.170813 118
4130 3.213161 118
4131 4.359278 118
4132 0.991205 118
4133 1.773588 118
4134 0.000000 118
4135 0.000000 118
4136 4.658405 118
4137 3.038220 118
4138 3.988210 118
4139 5.205738 118
4140 3.589010 118
4141 8.525692 118
4142 7.691227 118
4143 4.252180 118
4144 1.112581 118
4145 2.866036 118
4146 3.030987 118
4147 2.044830 118
4148 2.745783 118
4149 7.189437 118
4150 0.929414 115
4151 5.835929 115
4152 1.619511 115
4153 0.570982 115
4154 4.718365 115
4155 4.445531 115
4156 4.259551 115
4157 2.102056 115
4158 3.778339 115
4159 10.121529 115
4160 1.735652 115
4161 32.362707 115
4162 14.637972 115
4163 13.645783 115
4164 3.085657 115
4165 0.174606 115
4166 12.684126 115
4167 6.267720 115
4168 2.935769 115
4169 0.998807 115
4170 2.293773 115
4171 2.363409 115
4172 10.077673 115
4173 19.835565 115
4174 2.823992 115
4175 3.962825 115
4176 15.256373 115
4177 0.236430 115
4178 0.315568 115
4179 3.504871 115
4180 3.004259 115
4181 4.593411 115
4182 4.321463 115
4183 70.989181 115
4184 15.342651 115
4185 6.309683 115
4186 2.838090 115
4187 3.605270 115
4188 9.935210 115
4189 0.938562 115
4190 8.499114 115
4191 18.685258 115
4192 2.350831 115
4193 2.367793 115
4194 1.227932 115
4195 3.677408 115
4196 0.598909 115
4197 7.873744 115
4198 2.991544 115
4199 3.332827 115
4200 1.512949 121
4201 3.654095 121
4202 2.576876 121
4203 4.504020 121
4204 10.413440 121
4205 10.223987 121
4206 8.632701 121
4207 8.127211 121
4208 10.757769 121
4209 10.393899 121
4210 1.329574 121
4211 4.248734 121
4212 4.575554 121
4213 2.074943 121
4214 5.528337 121
4215 12.697597 121
4216 6.528476 121
4217 1.259159 121
4218 3.333801 121
4219 8.805482 121
4220 1.508105 121
4221 1.494600 121
4222 121.690648 121
4223 0.000000 121
4224 2.814821 121
4225 2.121254 121
4226 1.472026 121
4227 5.087556 121
4228 4.803427 121
4229 2.973083 121
4230 2.297236 121
4231 6.285298 121
4232 2.477778 121
4233 1.758490 121
4234 1.221135 121
4235 3.655362 121
4236 0.789292 121
4237 0.745201 121
4238 2.289766 121
4239 1.781141 121
4240 3.635585 121
4241 3.347618 121
4242 1.838996 121
4243 4.306473 121
4244 3.891230 121
4245 3.798531 121
4246 1.701560 121
4247 0.749921 121
4248 1.064952 121
4249 2.307027 121
4250 1.004778 105
4251 1.178783 105
4252 3.836116 105
4253 4.103776 105
4254 2.399870 105
4255 3.082380 105
4256 3.697498 105
4257 4.719864 105
4258 2.984648 105
4259 3.754266 105
4260 4.466211 105
4261 4.864785 105
4262 3.352460 105
4263 3.551717 105
4264 4.411574 105
4265 3.619199 105
4266 5.532839 105
4267 3.348982 105
4268 5.171830 105
4269 6.457230 105
4270 8.476286 105
4271 9.393598 104
4272 8.422584 104
4273 11.550563 104
4274 0.000000 104
4275 0.000000 104
4276 0.000000 104
4277 0.000000 104
4278 0.472717 104
4279 1.884378 104
4280 4.504505 104
4281 4.135750 104
4282 0.385501 104
4283 2.398524 104
4284 1.103395 104
4285 14.054937 104
4286 1.148333 104
4287 2.750269 104
4288 0.442016 104
4289 12.349188 104
4290 5.470076 104
4291 13.977682 104
4292 12.732857 104
4293 13.556620 104
4294 13.005148 104
4295 13.720390 104
4296 13.614710 104
4297 13.108490 104
4298 0.000000 104
4299 12.201208 104
4300 2.575757 106
4301 7.305363 106
4302 8.684603 106
4303 8.471006 106
4304 8.326669 106
4305 8.250610 106
4306 1.008007 106
4307 3.302222 106
4308 8.407030 106
4309 8.456613 106
4310 3.516750 106
4311 2.240796 106
4312 4.889731 106
4313 5.091504 106
4314 5.611197 106
4315 4.945652 106
4316 5.029358 106
4317 3.646425 106
4318 29.630679 106
4319 1.593967 106
4320 0.859649 106
4321 1.297619 106
4322 1.448131 106
4323 1.500742 106
4324 1.240883 106
4325 1.015139 106
4326 9.104697 106
4327 2.167713 106
4328 6.147948 106
4329 0.597325 106
4330 8.902009 106
4331 0.980844 106
4332 1.693682 106
4333 1.223601 106
4334 3.066281 106
4335 1.146174 106
4336 0.629310 106
4337 1.180233 106
4338 1.489742 106
4339 3.504734 106
4340 2.232609 106
4341 1.056946 106
4342 1.900845 106
4343 1.144302 106
4344 0.270451 106
4345 0.395939 106
4346 0.486510 106
4347 0.503079 106
4348 0.506857 106
4349 0.521880 106
4350 0.715199 107
4351 1.205105 107
4352 0.498572 107
4353 1.738872 107
4354 1.307570 107
4355 1.056399 107
4356 3.256889 107
4357 2.210452 107
4358 0.637203 107
4359 0.530178 107
4360 0.046071 107
4361 0.071842 107
4362 0.138187 107
4363 0.150865 107
4364 0.170705 107
4365 0.281965 107
4366 0.232483 107
4367 0.317359 107
4368 0.278256 107
4369 0.090004 107
4370 0.266936 107
4371 0.311051 107
4372 0.378365 107
4373 0.430809 107
4374 0.473999 107
4375 0.536386 107
4376 0.382227 107
4377 0.415286 107
4378 0.639279 107
4379 3.845742 107
4380 7.129748 107
4381 17.644378 107
4382 8.715906 107
4383 15.331141 107
4384 5.871678 107
4385 5.700286 107
4386 8.486413 107
4387 6.440068 107
4388 427.765644 107
4389 2.353974 107
4390 4.797577 107
4391 11.628735 106
4392 78.427800 107
4393 10.915653 107
4394 3.158618 107
4395 6.219174 107
4396 5.370823 107
4397 7.476597 107
4398 6.350730 107
4399 6.165683 107
4400 2.273760 90
4401 4.481009 90
4402 5.463518 90
4403 6.155877 90
4404 4.934682 90
4405 6.133301 90
4406 3.510723 90
4407 3.740109 90
4408 3.516091 90
4409 4.479967 90
4410 3.490532 90
4411 2.763409 90
4412 3.812506 90
4413 2.393267 90
4414 21.993378 90
4415 4.642617 90
4416 100.812100 90
4417 1.257305 90
4418 20.016692 90
4419 61.549378 90
4420 3.975729 90
4421 1.628352 90
4422 37.862925 90
4423 37.837854 90
4424 3.610756 90
4425 1.635118 90
4426 22.935768 90
4427 65.054579 90
4428 3.349211 90
4429 13.102837 90
4430 3.716032 90
4431 3.664237 90
4432 77.004470 90
4433 14.062912 90
4434 3.594449 90
4435 72.474366 90
4436 4.450045 90
4437 1.738686 90
4438 41.703060 90
4439 51.562214 90
4440 4.754090 90
4441 2.023921 90
4442 41.468392 90
4443 5.034955 90
4444 61.816435 90
4445 2.040336 90
4446 24.029506 90
4447 5.208452 90
4448 104.075074 90
4449 2.829222 90
4450 10.534175 104
4451 61.793199 104
4452 3.998019 104
4453 2.559663 104
4454 0.929402 104
4455 1.861731 104
4456 1.752419 104
4457 5.043732 104
4458 2.504120 104
4459 5.649594 104
4460 3.727401 104
4461 11.383852 104
4462 3.002102 104
4463 5.232116 104
4464 1.472781 104
4465 3.546337 104
4466 3.651002 104
4467 2.595903 104
4468 2.860028 104
4469 6.217469 104
4470 1.420607 104
4471 2.577037 104
4472 4.644945 104
4473 22.689417 104
4474 46.712981 104
4475 2.759421 104
4476 7.203014 104
4477 13.602595 104
4478 1.826152 104
4479 1.848691 104
4480 6.630123 104
4481 1.451084 104
4482 1.468654 104
4483 0.002181 104
4484 2.181076 104
4485 2.690352 104
4486 2.964511 104
4487 4.228533 104
4488 2.819915 104
4489 2.138896 104
4490 3.320812 104
4491 4.276063 104
4492 20.392789 104
4493 4.210299 104
4494 3.604065 104
4495 0.581771 104
4496 5.893147 104
4497 3.496183 104
4498 4.280103 104
4499 19.029280 104
