0 0.380714 118
1 1.659612 118
2 2.080049 118
3 0.943226 118
4 0.952002 118
5 0.000000 118
6 0.521721 118
7 12.802420 118
8 0.581016 118
9 0.544318 118
10 0.553315 118
11 0.579519 118
12 16.480102 118
13 1.809877 118
14 0.387976 118
15 0.625666 118
16 1.493826 118
17 1.526742 118
18 0.617322 118
19 1.259112 118
20 1.337425 118
21 0.481715 118
22 1.118387 118
23 0.676077 118
24 0.828347 118
25 1.032101 118
26 0.978381 118
27 5.947702 118
28 0.826230 118
29 0.691885 118
30 1.349241 118
31 0.724977 118
32 0.437810 118
33 1.207318 118
34 1.262717 118
35 0.715942 118
36 1.253156 118
37 0.492585 118
38 1.020570 118
39 0.947883 118
40 1.164296 118
41 1.113163 118
42 0.931757 118
43 0.865041 118
44 1.627330 118
45 0.769426 118
46 1.387604 118
47 1.963846 118
48 3.899732 118
49 0.879352 118
50 0.465830 116
51 0.585598 116
52 0.633722 116
53 0.697285 116
54 0.305938 116
55 0.368470 116
56 0.562303 116
57 0.543462 116
58 0.432896 116
59 0.000000 116
60 0.027921 116
61 3.085737 116
62 0.552607 116
63 0.527530 116
64 0.596587 116
65 0.837777 116
66 0.453324 116
67 0.620956 116
68 2.205600 116
69 1.927747 116
70 3.947398 116
71 4.001693 116
72 4.223214 116
73 0.980213 116
74 1.815298 116
75 1.886538 116
76 2.383926 116
77 2.481420 116
78 2.404862 116
79 2.455303 116
80 2.428593 116
81 1.988948 116
82 1.968808 116
83 0.808028 116
84 0.956619 116
85 1.080405 116
86 1.893100 116
87 3.014823 116
88 1.646497 116
89 4.557589 116
90 0.000000 116
91 0.709158 116
92 2.960483 116
93 2.059666 116
94 2.630831 116
95 0.000000 116
96 0.244378 116
97 2.402902 116
98 4.816792 116
99 5.553077 116
100 2.176856 93
101 4.817291 93
102 4.337068 93
103 4.266828 93
104 1.525120 93
105 3.390617 93
106 3.619861 93
107 1.864925 93
108 4.236891 93
109 0.704666 93
110 4.481871 93
111 34.647713 93
112 31.284605 93
113 1.757053 93
114 3.743016 93
115 3.676297 93
116 1.238885 93
117 1.637945 93
118 4.040879 93
119 4.263611 93
120 1.960970 93
121 1.706000 93
122 0.000000 93
123 1.861232 93
124 1.131676 93
125 2.898880 93
126 6.339612 93
127 3.909749 93
128 1.445937 93
129 25.038816 93
130 1.118786 93
131 1.690630 93
132 1.532443 93
133 0.789203 93
134 2.549217 93
135 2.765274 93
136 9.272925 93
137 1.225473 93
138 1.897296 93
139 1.977178 93
140 20.534820 93
141 1.002294 93
142 2.217687 93
143 0.780511 93
144 0.620650 93
145 1.063932 93
146 3.321603 93
147 1.576360 93
148 0.783251 93
149 1.905064 93
150 0.891766 97
151 1.841847 97
152 1.258059 97
153 0.320307 97
154 0.741695 97
155 1.943777 97
156 2.609002 97
157 0.593950 97
158 0.951973 97
159 1.442653 97
160 27.299865 97
161 0.637466 97
162 0.688725 97
163 0.826680 97
164 3.841205 97
165 3.237692 97
166 3.438686 97
167 1.605460 97
168 3.734496 97
169 0.000000 97
170 0.000000 97
171 28.467092 97
172 1.425345 97
173 1.955431 97
174 2.890594 97
175 3.759638 97
176 4.308582 97
177 5.927850 97
178 4.888762 97
179 0.068863 97
180 1.263080 97
181 6.171979 97
182 6.146401 97
183 5.976977 97
184 6.763990 97
185 7.047567 97
186 6.987834 97
187 0.096610 97
188 1.874064 97
189 7.214807 97
190 7.160780 97
191 0.109334 97
192 1.967547 97
193 7.792165 97
194 7.372459 97
195 0.128208 97
196 1.900898 97
197 7.350804 97
198 7.625249 97
199 7.647353 97
200 0.081625 95
201 1.940300 95
202 2.340931 95
203 2.857938 95
204 2.874432 95
205 3.356810 95
206 3.854107 95
207 3.822724 95
208 0.124624 95
209 1.779556 95
210 4.660596 95
211 5.259426 95
212 5.200464 95
213 5.772718 95
214 5.700489 95
215 5.827585 95
216 6.081903 95
217 6.618482 95
218 6.989453 95
219 7.374257 95
220 7.436162 95
221 6.976455 95
222 6.957073 95
223 6.933252 95
224 7.230265 95
225 7.132234 95
226 7.078961 95
227 0.146089 95
228 2.071282 95
229 7.177857 95
230 7.392221 95
231 0.134093 95
232 2.101322 95
233 7.307865 95
234 7.382466 95
235 7.361210 95
236 7.656361 95
237 7.420203 95
238 7.361708 95
239 7.324348 95
240 7.521754 95
241 7.388296 95
242 7.200115 95
243 7.306586 95
244 7.317327 95
245 7.721616 95
246 7.835387 95
247 0.154234 95
248 2.358069 95
249 7.712867 95
250 0.072687 98
251 2.043761 98
252 2.432842 98
253 0.120063 98
254 1.631878 98
255 4.898484 98
256 4.417150 98
257 4.224296 98
258 4.241135 98
259 4.541102 98
260 4.852319 98
261 5.111758 98
262 5.304186 98
263 5.331377 98
264 6.846576 98
265 6.004558 98
266 6.659839 98
267 6.511730 98
268 6.581076 98
269 6.733068 98
270 6.923675 98
271 0.132465 98
272 0.125852 98
273 0.126748 98
274 0.119299 98
275 0.119963 98
276 1.930530 98
277 7.819169 98
278 6.869895 98
279 0.134717 98
280 1.947870 98
281 7.520547 98
282 7.146258 98
283 7.114348 98
284 7.326245 98
285 7.075353 98
286 7.251149 98
287 7.175147 98
288 7.297956 98
289 7.196473 98
290 7.005602 98
291 0.149554 98
292 2.023645 98
293 7.036078 98
294 7.484352 98
295 7.897109 98
296 7.419247 98
297 7.407464 98
298 7.113263 98
299 7.354733 98
300 0.076518 101
301 1.775240 101
302 2.157343 101
303 2.750140 101
304 3.566691 101
305 3.522199 101
306 3.683149 101
307 3.683928 101
308 4.465260 101
309 4.446358 101
310 5.020714 101
311 5.053323 101
312 5.395309 101
313 5.381740 101
314 5.701505 101
315 5.585168 101
316 6.010723 101
317 6.627286 101
318 7.099940 101
319 6.928350 101
320 7.293668 101
321 7.286447 101
322 7.219798 101
323 7.368364 101
324 7.597843 101
325 7.146408 101
326 7.372629 101
327 7.244554 101
328 7.484089 101
329 7.384302 101
330 7.321272 101
331 7.441314 101
332 6.850581 101
333 7.197567 101
334 7.537336 101
335 7.331236 101
336 7.568570 101
337 6.970925 101
338 0.140602 101
339 1.918354 101
340 7.464068 101
341 7.556165 101
342 7.687346 101
343 7.588806 101
344 7.318138 101
345 7.311099 101
346 7.374664 101
347 7.639486 101
348 7.220742 101
349 7.463912 101
350 0.044181 108
351 0.812056 108
352 1.764330 108
353 2.231109 108
354 2.543825 108
355 0.098330 108
356 0.090634 108
357 0.099422 108
358 0.081516 108
359 1.441570 108
360 4.352968 108
361 4.839199 108
362 0.091102 108
363 1.691312 108
364 0.083564 108
365 1.489220 108
366 0.089857 108
367 0.084636 108
368 1.728923 108
369 6.815270 108
370 0.106630 108
371 0.096864 108
372 0.101733 108
373 1.806513 108
374 0.106885 108
375 1.983330 108
376 7.319965 108
377 7.189931 108
378 0.141785 108
379 0.136287 108
380 2.209327 108
381 7.450409 108
382 7.464449 108
383 0.144481 108
384 0.142442 108
385 2.111251 108
386 7.323683 108
387 7.570706 108
388 0.158964 108
389 0.164962 108
390 0.184414 108
391 0.188796 108
392 2.437199 108
393 7.704593 108
394 0.217449 108
395 0.230363 108
396 2.527175 108
397 0.270050 108
398 0.277163 108
399 0.327718 108
400 0.142116 101
401 2.732684 101
402 3.307762 101
403 3.512419 101
404 0.152640 101
405 0.148705 101
406 0.124079 101
407 0.119227 101
408 1.336489 101
409 0.113079 101
410 0.000000 101
411 0.000000 101
412 0.000000 101
413 0.000000 101
414 0.000000 101
415 0.000000 101
416 0.000000 101
417 0.000000 101
418 0.000000 101
419 0.000000 101
420 0.000000 101
421 0.000000 101
422 0.000000 101
423 0.000000 101
424 0.000000 101
425 0.000000 101
426 0.000000 101
427 0.000000 101
428 0.000000 101
429 0.000000 101
430 0.000000 101
431 0.000000 101
432 0.000000 101
433 0.000000 101
434 0.000000 101
435 0.000000 101
436 0.000000 101
437 0.000000 101
438 0.000000 101
439 0.000000 101
440 0.000000 101
441 0.000000 101
442 0.000000 101
443 0.000000 101
444 0.000000 101
445 0.000000 101
446 0.000000 101
447 0.000000 101
448 0.000000 101
449 0.000000 101
450 0.000000 105
451 0.000000 105
452 0.000000 105
453 0.000000 105
454 0.000000 105
455 0.000000 105
456 0.000000 105
457 0.000000 105
458 0.000000 105
459 0.006941 105
460 13.548228 105
461 2.399495 105
462 5.044196 105
463 4.847690 105
464 5.229659 105
465 8.395101 105
466 1.541545 105
467 2.416038 105
468 5.275394 105
469 12.262280 105
470 1.805414 105
471 1.536052 105
472 1.369162 105
473 2.196731 105
474 3.322760 105
475 1.486588 105
476 1.453990 105
477 1.488146 105
478 1.656168 105
479 1.580179 105
480 4.283343 105
481 1.800109 105
482 0.004971 105
483 3.590424 105
484 7.778394 105
485 5.622273 105
486 2.848996 105
487 6.425179 105
488 6.967531 105
489 2.870131 105
490 3.811490 105
491 8.066165 105
492 8.353159 105
493 1.825563 105
494 3.789674 105
495 4.050946 105
496 1.594571 105
497 7.508666 105
498 4.504731 105
499 1.671941 105
500 0.996230 115
501 3.650699 115
502 12.069541 115
503 4.972470 115
504 1.079092 115
505 1.567710 115
506 1.587866 115
507 1.570463 115
508 0.332394 115
509 2.312198 115
510 17.680531 115
511 0.841473 115
512 1.595371 115
513 0.000000 115
514 0.734868 115
515 2.500388 115
516 1.030315 115
517 1.225982 115
518 2.304101 115
519 2.438275 115
520 1.906239 115
521 2.306116 115
522 3.613223 115
523 11.738836 115
524 1.477839 115
525 2.500010 115
526 0.000000 115
527 13.794802 115
528 0.916819 115
529 0.923502 115
530 0.879469 115
531 1.735944 115
532 1.647986 115
533 2.281043 115
534 5.176509 115
535 2.693326 115
536 3.921278 115
537 1.982050 115
538 2.278100 115
539 5.416245 115
540 6.383182 115
541 3.712697 115
542 1.958333 115
543 0.311170 115
544 0.528189 115
545 1.721647 115
546 0.000000 115
547 1.134213 115
548 0.795937 115
549 11.191806 115
550 10.688736 101
551 79.075364 101
552 14.920516 101
553 1.827844 101
554 1.119686 101
555 1.144803 101
556 1.301203 101
557 18.293540 101
558 1.242145 101
559 88.981871 101
560 1.051798 101
561 22.006595 101
562 5.467209 101
563 3.567623 101
564 1.519899 101
565 43.495917 101
566 1.648327 101
567 178.216620 101
568 2.684561 101
569 0.506423 101
570 1.089670 101
571 0.595100 101
572 1.358145 101
573 1.459110 101
574 1.322738 101
575 1.288888 101
576 1.269742 101
577 1.841162 101
578 1.099334 101
579 1.915953 101
580 1.660984 101
581 1.610456 101
582 1.611398 101
583 1.522598 101
584 1.635455 101
585 1.557560 101
586 0.652956 101
587 0.670605 101
588 0.717223 101
589 1.761811 101
590 1.050275 101
591 0.583721 101
592 0.000000 101
593 0.368356 101
594 0.900992 101
595 1.128426 101
596 1.048047 101
597 1.024782 101
598 0.348545 101
599 0.848429 101
600 0.402037 111
601 1.070200 111
602 0.976223 111
603 0.288189 111
604 0.840037 111
605 1.052604 111
606 0.959816 111
607 1.061847 111
608 3.231680 111
609 0.432739 111
610 0.919398 111
611 0.304112 111
612 0.850774 111
613 0.966715 111
614 1.045170 111
615 1.065366 111
616 2.893108 111
617 3.961008 111
618 0.302934 111
619 1.222218 111
620 0.845496 111
621 0.438715 111
622 23.099754 111
623 26.391745 111
624 0.000000 111
625 0.763007 111
626 0.143010 111
627 0.155733 111
628 0.156066 111
629 0.162110 111
630 0.555290 111
631 0.417062 111
632 2.889436 111
633 3.008535 111
634 0.769818 111
635 0.966029 111
636 0.561853 111
637 0.593084 111
638 0.553565 111
639 0.713458 111
640 0.422002 111
641 0.879722 111
642 0.497775 111
643 0.478707 111
644 0.363078 111
645 0.858541 111
646 0.552986 111
647 0.652990 111
648 0.572625 111
649 1.971113 111
650 0.199127 106
651 0.795212 106
652 1.736606 106
653 0.591387 106
654 0.341405 106
655 7.189999 106
656 1.208874 106
657 0.516335 106
658 0.554712 106
659 0.087252 106
660 0.978798 106
661 0.412327 106
662 1.043090 106
663 0.590203 106
664 0.626875 106
665 0.559050 106
666 0.458533 106
667 0.824020 106
668 1.865392 106
669 0.697582 106
670 1.411496 106
671 0.725577 106
672 0.500157 106
673 0.678899 106
674 0.454981 106
675 0.487408 106
676 0.000000 106
677 0.662940 106
678 2.997399 106
679 0.000000 106
680 0.425048 106
681 4.653267 106
682 2.149277 106
683 0.003100 106
684 0.625045 106
685 0.706857 106
686 0.383049 106
687 0.342686 106
688 0.568772 106
689 1.447461 106
690 0.817887 106
691 0.361639 106
692 0.283103 106
693 0.616708 106
694 0.646003 106
695 0.474498 106
696 0.570246 106
697 193.324893 106
698 0.304979 106
699 0.670083 106
700 0.641444 95
701 2.323175 95
702 0.410624 95
703 1.380677 95
704 0.695300 95
705 0.313916 95
706 0.379185 95
707 0.464793 95
708 0.444412 95
709 0.739423 95
710 0.665868 95
711 0.466036 95
712 0.742531 95
713 0.687941 95
714 13.614475 95
715 5.076667 95
716 13.559320 95
717 8.295689 95
718 0.745852 95
719 0.791653 95
720 0.325868 95
721 0.385633 95
722 0.652520 95
723 0.603799 95
724 0.571885 95
725 0.306587 95
726 0.000000 95
727 0.000000 95
728 0.000000 95
729 0.000000 95
730 0.000000 95
731 0.000000 95
732 0.000000 95
733 0.000000 95
734 0.000000 95
735 0.000000 95
736 3.137749 95
737 0.622466 95
738 36.709990 95
739 79.889311 95
740 83.449087 95
741 0.970786 95
742 1.869977 95
743 2.066750 95
744 1.629082 95
745 3.287735 95
746 1.052342 95
747 2.457022 95
748 2.976004 95
749 1.664944 95
750 8.005879 97
751 1.627338 97
752 1.145425 97
753 2.950466 97
754 1.194626 97
755 18.144101 97
756 10.063240 97
757 71.887824 97
758 1.065227 97
759 10.243094 97
760 1.295085 97
761 19.223122 97
762 0.559562 97
763 3.625876 97
764 4.717085 97
765 1.583024 97
766 0.771190 97
767 3.779708 97
768 1.557363 97
769 0.772848 97
770 4.545200 97
771 0.506700 97
772 0.340388 97
773 0.237167 97
774 0.877060 97
775 1.851934 97
776 0.000000 97
777 1.261618 97
778 0.909142 97
779 0.791300 97
780 1.436727 97
781 2.448855 97
782 4.465050 97
783 0.900010 97
784 1.867201 97
785 1.309528 97
786 3.041752 97
787 0.996930 97
788 2.539093 97
789 0.607632 97
790 0.775408 97
791 49.263869 97
792 2.069615 97
793 1.242963 97
794 1.012366 97
795 0.959717 97
796 1.006944 97
797 0.753086 97
798 0.793392 97
799 0.995091 97
800 35.734361 108
801 3.053294 108
802 1.238267 108
803 17.252162 108
804 3.154951 108
805 1.075668 108
806 17.675774 108
807 1.416511 108
808 1.457330 108
809 4.793965 108
810 7.257149 107
811 1.551292 108
812 1.183807 108
813 3.973816 108
814 2.177437 108
815 0.861187 108
816 8.104998 108
817 3.998777 108
818 2.669457 108
819 2.123072 108
820 1.682902 108
821 1.283484 108
822 1.538667 108
823 1.348625 108
824 0.061045 108
825 5.796220 108
826 1.093580 108
827 4.083914 108
828 1.878516 108
829 8.048879 108
830 17.455409 108
831 11.834613 108
832 67.642174 108
833 1.415479 108
834 1.638596 108
835 1.158606 108
836 1.208300 108
837 1.012494 108
838 1.602745 108
839 7.915911 108
840 17.215255 108
841 0.243247 108
842 3.069300 108
843 2.245372 108
844 1.574631 108
845 2.291891 108
846 178.069396 108
847 1.905397 108
848 2.299207 108
849 1.044333 108
850 22.995405 105
851 0.821663 105
852 2.119605 105
853 2.058975 105
854 1.952436 105
855 5.278585 105
856 4.760163 105
857 1.583883 105
858 4.724705 105
859 3.390428 105
860 1.615519 105
861 3.453269 105
862 1.562280 105
863 1.385431 105
864 1.159194 105
865 2.044295 105
866 0.000000 105
867 0.106219 105
868 0.000000 105
869 0.000000 105
870 0.106017 105
871 0.000000 105
872 0.112994 105
873 0.000000 105
874 0.000000 105
875 0.000000 105
876 0.000000 105
877 0.000000 105
878 0.000000 105
879 0.000000 105
880 0.000000 105
881 0.000000 105
882 0.000000 105
883 0.000000 105
884 0.000000 105
885 0.000000 105
886 0.000000 105
887 0.000000 105
888 0.000000 105
889 0.000000 105
890 0.000000 105
891 0.000000 105
892 0.216183 105
893 0.000385 105
894 0.188219 105
895 1.574445 105
896 5.215387 105
897 5.010214 105
898 2.570672 105
899 5.475818 105
900 1.464260 100
901 0.522941 100
902 10.124892 100
903 22.299356 100
904 20.902185 99
905 7.139304 100
906 2.857499 100
907 3.132079 100
908 7.066622 100
909 3.360370 100
910 3.079549 100
911 7.099047 100
912 3.113683 100
913 3.359678 100
914 1.426798 100
915 3.425764 100
916 2.602681 100
917 0.000000 100
918 0.000000 100
919 0.000000 100
920 0.000000 100
921 0.000000 100
922 0.000000 100
923 0.000000 100
924 0.000000 100
925 0.000000 100
926 0.000000 100
927 0.000000 100
928 0.000000 100
929 0.000000 100
930 0.000000 100
931 3.353073 100
932 2.777774 100
933 2.307221 100
934 4.197903 100
935 4.772366 100
936 10.877589 100
937 4.301449 100
938 3.605046 100
939 1.253687 100
940 4.259259 100
941 4.176992 100
942 4.002958 100
943 4.368855 100
944 2.219921 100
945 1.543565 100
946 2.103387 100
947 2.939763 100
948 2.235663 100
949 5.074528 99
950 2.217113 103
951 39.000116 103
952 1.775082 103
953 2.314230 103
954 1.916661 103
955 2.874086 103
956 1.694582 103
957 3.150269 103
958 4.545885 103
959 4.524495 103
960 1.552396 103
961 4.430529 103
962 2.970574 103
963 4.668872 103
964 1.585678 103
965 2.910467 103
966 3.646783 103
967 24.187618 103
968 34.683865 103
969 35.168443 103
970 36.003387 103
971 35.713350 103
972 2.262745 103
973 2.096750 103
974 2.388350 103
975 4.806628 103
976 1.558624 103
977 1.261311 103
978 2.326327 103
979 1.143023 103
980 1.260162 103
981 15.159588 103
982 2.358963 103
983 1.464044 103
984 1.952686 103
985 8.711506 103
986 1.600221 103
987 4.461986 103
988 1.657198 103
989 0.131788 103
990 1.951094 103
991 1.416954 103
992 1.661164 103
993 2.111456 103
994 0.865426 103
995 0.931290 103
996 1.519103 103
997 2.748240 103
998 3.289556 103
999 0.700793 103
1000 1.420704 81
1001 1.618791 81
1002 0.350633 81
1003 2.458358 81
1004 0.957691 81
1005 1.092416 81
1006 4.656700 81
1007 1.583912 81
1008 0.983304 81
1009 1.504607 81
1010 1.342776 81
1011 1.207342 81
1012 5.100614 81
1013 16.762822 81
1014 2.060125 81
1015 1.300593 81
1016 4.344002 81
1017 6.509464 81
1018 6.450685 81
1019 5.521510 81
1020 6.170036 81
1021 6.682976 81
1022 6.164754 81
1023 5.978697 81
1024 6.765696 81
1025 7.035914 81
1026 6.313993 81
1027 5.941056 81
1028 6.343091 81
1029 6.031262 81
1030 6.670209 81
1031 5.887071 81
1032 1.540526 81
1033 3.412133 81
1034 3.602133 81
1035 1.765851 81
1036 4.802011 81
1037 1.757756 81
1038 3.293247 81
1039 3.033518 81
1040 1.712377 81
1041 4.516152 81
1042 2.188656 81
1043 1.049207 81
1044 4.948262 81
1045 5.486148 81
1046 1.097653 81
1047 2.466202 81
1048 2.637757 81
1049 6.265823 81
1050 11.149671 102
1051 13.248320 102
1052 12.689394 102
1053 2.146558 102
1054 4.384543 102
1055 2.572545 102
1056 5.953789 102
1057 6.178072 102
1058 2.561532 102
1059 5.773482 102
1060 6.403980 102
1061 26.476003 102
1062 100.940135 102
1063 128.064304 102
1064 168.436366 102
1065 66.897329 102
1066 213.795754 102
1067 44.314637 102
1068 149.129456 102
1069 69.227644 102
1070 73.697502 102
1071 162.728286 102
1072 91.826388 102
1073 138.733509 102
1074 50.759735 102
1075 66.198596 102
1076 137.429374 102
1077 93.898090 102
1078 189.940096 102
1079 284.535011 102
1080 66.088719 102
1081 70.834897 102
1082 177.417686 102
1083 159.236878 102
1084 152.110247 102
1085 46.474655 102
1086 96.808571 102
1087 0.736515 102
1088 1.460141 102
1089 1.085428 102
1090 0.755361 102
1091 1.404627 102
1092 0.988245 102
1093 0.855414 102
1094 1.960189 102
1095 1.264951 102
1096 2.742469 102
1097 4.005154 102
1098 4.039417 102
1099 7.595873 102
1100 2.577741 116
1101 1.667647 116
1102 265.698510 116
1103 1.105241 116
1104 1.015993 116
1105 1.115423 116
1106 1.028321 116
1107 1.152288 116
1108 1.835575 116
1109 5.183984 116
1110 6.547621 116
1111 5.667953 116
1112 0.058835 116
1113 20.661220 116
1114 1.154066 116
1115 1.195265 116
1116 1.329868 116
1117 2.445360 116
1118 1.898381 116
1119 1.561724 116
1120 2.868707 116
1121 2.728998 116
1122 0.392752 116
1123 1.051327 116
1124 1.192174 116
1125 0.501674 116
1126 2.480185 116
1127 5.613730 116
1128 5.842777 116
1129 2.174871 116
1130 1.923903 116
1131 2.848427 116
1132 0.000000 116
1133 0.000000 116
1134 3.205038 116
1135 10.345181 116
1136 65.977013 116
1137 2.248449 116
1138 6.260586 116
1139 0.318874 116
1140 1.039087 116
1141 0.755531 116
1142 0.000000 116
1143 0.530501 116
1144 0.808093 116
1145 5.448293 116
1146 10.281416 116
1147 66.092807 116
1148 6.696158 116
1149 3.163348 116
1150 2.284587 106
1151 5.558628 106
1152 5.029117 104
1153 1.977462 106
1154 2.548865 106
1155 2.685288 106
1156 0.000000 106
1157 0.000000 106
1158 1.497985 106
1159 2.982857 106
1160 26.075160 106
1161 66.501201 106
1162 8.886920 106
1163 27.048013 106
1164 7.926705 106
1165 5.075604 106
1166 6.449925 106
1167 1.800238 106
1168 1.534392 106
1169 7.150151 106
1170 0.500307 106
1171 1.249856 106
1172 0.625762 106
1173 1.000973 106
1174 0.590086 106
1175 0.944719 106
1176 0.552524 106
1177 1.244877 106
1178 0.614037 106
1179 0.925221 106
1180 0.621142 106
1181 0.984142 106
1182 2.180704 106
1183 1.452849 106
1184 6.243271 106
1185 14.169483 106
1186 0.966199 106
1187 2.089574 106
1188 0.000000 106
1189 0.000000 106
1190 6.344327 106
1191 7.957224 106
1192 51.692149 106
1193 2.096432 106
1194 4.598062 106
1195 3.476124 106
1196 7.822037 106
1197 4.566532 106
1198 2.646259 106
1199 4.214457 106
1200 19.916123 106
1201 44.957357 106
1202 1.106117 106
1203 5.930243 106
1204 0.000000 106
1205 3.120234 106
1206 12.927736 106
1207 5.699202 106
1208 2.092687 106
1209 3.036912 106
1210 0.312440 106
1211 35.144296 106
1212 21.106791 106
1213 3.565229 106
1214 4.845360 106
1215 0.126101 106
1216 1.531041 106
1217 1.441811 106
1218 4.224736 106
1219 1.534555 106
1220 1.066654 106
1221 2.939761 106
1222 1.508750 106
1223 8.147166 106
1224 8.675822 106
1225 0.457899 106
1226 1.503625 106
1227 15.521801 105
1228 2.488947 106
1229 2.634163 106
1230 40.425100 106
1231 1.767742 106
1232 4.172156 106
1233 2.117009 106
1234 5.124956 106
1235 34.874423 106
1236 0.553553 106
1237 1.055728 106
1238 3.493299 106
1239 1.447621 106
1240 2.829416 106
1241 6.137318 106
1242 1.358848 106
1243 0.007037 106
1244 2.655562 106
1245 8.318505 106
1246 54.480994 106
1247 1.163708 106
1248 0.576514 106
1249 0.700993 106
1250 24.058776 106
1251 1.498092 106
1252 4.856997 106
1253 3.837943 106
1254 17.876968 106
1255 4.764619 106
1256 1.268724 106
1257 8.011663 106
1258 2.506804 106
1259 0.502406 106
1260 3.103961 106
1261 1.514237 106
1262 5.598898 106
1263 6.365681 106
1264 0.884203 106
1265 0.873754 106
1266 2.437103 106
1267 1.734140 106
1268 16.255736 106
1269 2.010023 106
1270 3.132999 106
1271 6.058541 106
1272 6.281765 106
1273 6.161132 106
1274 6.423289 106
1275 6.521967 106
1276 6.172659 106
1277 5.021637 106
1278 2.480173 106
1279 0.655581 106
1280 0.686812 106
1281 0.229928 106
1282 0.000000 106
1283 0.589086 106
1284 0.680028 106
1285 7.710837 106
1286 4.855532 106
1287 16.790510 106
1288 2.166145 106
1289 4.600243 106
1290 0.157373 106
1291 18.539390 106
1292 18.550350 106
1293 1.844791 106
1294 2.159781 106
1295 15.738473 106
1296 2.154688 106
1297 1.792067 106
1298 426.582352 106
1299 0.000000 106
1300 0.564277 108
1301 1.189055 108
1302 1.121550 108
1303 0.685890 108
1304 1.499238 108
1305 0.505441 108
1306 2.679405 108
1307 0.756017 108
1308 1.805333 108
1309 1.940416 108
1310 1.108979 108
1311 2.564938 108
1312 2.554046 108
1313 2.018859 108
1314 7.310124 108
1315 0.945044 108
1316 2.309668 108
1317 1.247300 108
1318 1.004490 108
1319 2.482066 108
1320 1.131568 108
1321 2.299169 108
1322 0.049376 108
1323 1.377835 108
1324 1.326037 108
1325 1.202296 108
1326 1.239019 108
1327 0.194495 108
1328 2.005916 108
1329 0.163451 108
1330 27.873523 108
1331 1.928505 108
1332 2.113630 108
1333 0.926995 108
1334 2.433661 108
1335 3.044609 108
1336 3.437864 108
1337 3.805607 108
1338 3.581756 108
1339 3.553567 108
1340 3.672356 108
1341 3.443219 108
1342 3.574095 108
1343 3.707638 108
1344 3.772003 108
1345 4.035394 108
1346 4.312497 108
1347 4.183277 108
1348 4.253867 108
1349 4.475221 108
1350 1.760370 99
1351 2.628957 99
1352 2.662560 99
1353 2.564456 99
1354 2.687601 99
1355 2.704886 99
1356 2.566297 99
1357 2.620131 99
1358 2.668319 99
1359 2.619535 99
1360 2.923420 99
1361 2.612761 99
1362 2.505438 99
1363 2.912890 99
1364 4.544532 99
1365 3.182634 99
1366 2.973746 99
1367 2.958001 99
1368 3.244341 99
1369 3.141303 99
1370 3.213379 99
1371 2.840225 99
1372 2.907970 99
1373 3.131732 99
1374 2.911121 99
1375 3.379258 99
1376 3.085630 99
1377 3.243451 99
1378 3.354041 99
1379 3.418587 99
1380 3.401901 99
1381 3.149359 99
1382 3.444110 99
1383 3.699959 99
1384 2.951877 99
1385 3.349332 99
1386 20.119347 99
1387 87.927609 99
1388 54.498887 99
1389 51.931395 99
1390 53.119736 99
1391 99.053593 99
1392 117.045465 99
1393 246.967652 99
1394 104.924722 99
1395 131.861265 99
1396 29.385626 99
1397 71.374420 99
1398 52.828118 99
1399 108.311457 99
1400 16.089417 94
1401 71.881832 94
1402 38.998830 94
1403 46.385643 94
1404 57.040965 94
1405 94.956913 94
1406 47.296952 94
1407 197.042822 94
1408 45.080788 94
1409 62.146876 94
1410 86.382966 94
1411 90.173466 94
1412 47.725343 94
1413 118.885418 94
1414 110.970252 94
1415 49.952739 94
1416 100.416035 94
1417 15.988236 94
1418 81.232213 94
1419 88.166298 94
1420 124.073275 94
1421 45.160146 94
1422 50.620859 94
1423 26.651744 94
1424 231.854323 94
1425 93.238366 94
1426 47.818143 94
1427 100.763099 94
1428 61.381739 94
1429 113.099268 94
1430 68.760260 94
1431 54.948221 94
1432 115.238698 94
1433 1.316597 94
1434 3.829786 94
1435 0.000000 94
1436 0.000941 94
1437 0.000000 94
1438 0.000000 94
1439 0.000000 94
1440 0.194269 94
1441 4.014916 94
1442 3.234803 94
1443 0.244101 94
1444 1.131986 94
1445 2.113734 94
1446 17.369638 94
1447 1.408160 94
1448 1.340912 94
1449 2.469830 94
1450 1.249855 90
1451 1.996211 90
1452 2.561500 90
1453 2.604678 90
1454 0.001573 90
1455 0.016895 90
1456 0.000000 90
1457 2.142735 90
1458 2.362475 90
1459 2.191981 90
1460 2.221218 90
1461 3.695279 90
1462 1.322844 90
1463 3.066469 90
1464 2.318237 90
1465 0.787012 90
1466 2.180739 90
1467 2.307201 90
1468 2.546559 90
1469 2.222117 90
1470 1.626182 90
1471 1.920734 90
1472 4.738322 90
1473 7.761131 90
1474 2.485130 90
1475 4.386437 90
1476 1.928558 90
1477 4.107875 90
1478 1.218965 90
1479 2.232468 90
1480 1.495752 90
1481 1.297002 90
1482 4.512706 90
1483 1.339835 90
1484 1.566443 90
1485 0.788722 90
1486 5.365453 90
1487 2.416353 90
1488 0.879382 90
1489 2.800664 90
1490 1.582022 90
1491 2.361191 90
1492 3.404512 90
1493 1.564788 90
1494 2.560580 90
1495 28.391985 90
1496 1.774456 90
1497 1.354724 90
1498 1.514534 90
1499 1.083305 90
1500 0.754297 102
1501 1.403317 102
1502 5.458411 102
1503 1.580677 102
1504 1.608884 102
1505 1.420615 102
1506 1.745546 102
1507 1.529590 102
1508 1.424627 102
1509 1.364756 102
1510 1.674070 102
1511 0.912964 102
1512 1.103536 102
1513 1.231308 102
1514 1.307077 102
1515 0.727427 102
1516 2.115078 102
1517 0.653278 102
1518 0.598205 102
1519 10.489280 102
1520 58.328894 102
1521 0.343814 102
1522 1.025026 102
1523 0.610460 102
1524 3.030261 102
1525 1.293613 102
1526 3.414580 102
1527 2.987025 102
1528 0.000000 102
1529 0.000000 102
1530 0.000000 102
1531 0.000000 102
1532 0.959794 102
1533 2.349367 102
1534 2.810119 102
1535 2.476920 102
1536 122.925123 102
1537 1.044583 102
1538 1.030929 102
1539 0.862933 102
1540 1.013546 102
1541 1.033676 102
1542 1.033919 102
1543 1.024824 102
1544 1.022565 102
1545 1.281347 102
1546 1.640531 102
1547 0.000000 102
1548 1.219242 102
1549 2.462123 102
1550 1.997794 118
1551 0.961787 118
1552 0.637688 118
1553 1.549563 118
1554 3.174383 118
1555 0.632434 118
1556 2.928348 118
1557 0.648086 118
1558 1.974518 118
1559 1.602265 118
1560 1.358057 118
1561 1.741528 118
1562 1.374129 118
1563 0.514868 118
1564 1.230854 118
1565 2.571248 118
1566 2.301766 118
1567 2.728703 118
1568 0.645470 118
1569 0.604454 118
1570 0.051027 118
1571 1.569761 118
1572 1.322330 118
1573 1.221939 118
1574 1.269739 118
1575 0.201900 118
1576 9.567544 118
1577 0.949815 118
1578 0.882354 118
1579 1.188134 118
1580 1.671811 118
1581 2.954876 118
1582 2.779819 118
1583 2.831997 118
1584 7.818614 118
1585 10.474608 118
1586 0.000000 118
1587 0.000000 118
1588 0.000000 118
1589 0.000000 118
1590 0.000000 118
1591 0.000000 118
1592 0.000000 118
1593 0.000000 118
1594 0.000000 118
1595 0.000000 118
1596 0.000000 118
1597 0.000000 118
1598 2.843028 118
1599 5.756059 118
1600 1.964744 110
1601 1.923954 110
1602 4.121225 110
1603 3.791443 110
1604 4.094581 110
1605 1.596869 110
1606 4.502615 110
1607 3.851595 110
1608 1.416227 110
1609 3.987366 110
1610 4.270577 110
1611 1.738984 110
1612 4.282765 110
1613 1.650721 110
1614 3.942466 110
1615 2.235087 110
1616 4.196562 110
1617 4.963477 110
1618 4.671164 110
1619 5.529880 110
1620 1.039542 110
1621 11.858599 110
1622 1.752602 110
1623 1.265624 110
1624 1.942706 110
1625 2.872846 110
1626 1.792469 110
1627 3.019539 110
1628 1.880970 110
1629 2.776087 110
1630 29.565084 110
1631 92.618202 110
1632 2.417963 110
1633 1.202382 110
1634 34.519457 110
1635 1.563648 110
1636 0.000000 110
1637 0.000000 110
1638 0.000000 110
1639 4.212948 110
1640 1.475970 110
1641 1.503390 110
1642 2.132730 110
1643 5.340847 110
1644 2.450298 110
1645 5.740570 110
1646 1.241408 110
1647 2.888935 110
1648 0.499810 110
1649 1.270841 110
1650 1.879086 95
1651 2.809101 95
1652 2.580718 95
1653 1.213426 95
1654 61.800868 95
1655 14.732757 95
1656 1.706954 95
1657 2.030056 95
1658 1.274289 95
1659 1.172660 95
1660 1.659916 95
1661 2.777860 95
1662 2.211724 95
1663 2.029776 95
1664 0.233776 95
1665 1.495063 95
1666 1.628082 95
1667 0.603238 95
1668 1.253206 95
1669 1.510889 95
1670 0.588075 95
1671 1.408565 95
1672 0.034299 95
1673 0.014574 95
1674 0.015143 95
1675 0.012198 95
1676 0.014948 95
1677 0.020865 95
1678 0.028133 95
1679 0.307926 95
1680 0.028094 95
1681 0.349406 95
1682 2.176927 95
1683 4.249926 95
1684 4.464044 95
1685 0.503354 95
1686 0.704933 95
1687 3.052652 95
1688 1.840966 95
1689 0.985665 95
1690 103.063766 95
1691 2.006720 95
1692 101.268885 95
1693 0.572816 95
1694 1.780240 95
1695 3.878840 95
1696 1.675468 95
1697 3.892751 95
1698 1.331786 95
1699 3.648444 95
1700 1.111028 95
1701 2.777104 95
1702 2.520994 95
1703 0.272469 95
1704 0.309341 95
1705 2.373240 95
1706 5.299522 94
1707 5.834366 95
1708 4.183716 95
1709 3.943883 95
1710 10.895742 95
1711 30.399818 95
1712 31.097499 95
1713 30.122068 95
1714 0.975575 95
1715 0.001014 95
1716 0.712622 95
1717 1.985926 95
1718 8.843221 95
1719 1.256706 95
1720 0.869789 95
1721 0.908053 95
1722 1.204030 95
1723 3.781246 95
1724 1.193128 95
1725 0.844947 95
1726 46.886304 95
1727 9.685106 95
1728 16.726871 95
1729 0.855878 95
1730 0.958441 95
1731 1.532783 95
1732 3.719372 95
1733 31.972913 95
1734 1.314620 95
1735 1.385718 95
1736 1.296857 95
1737 2.011264 95
1738 1.521607 95
1739 0.167837 95
1740 1.576005 95
1741 1.027733 95
1742 156.352065 95
1743 3.177362 95
1744 2.292837 95
1745 1.478676 95
1746 1.202386 95
1747 31.937372 95
1748 0.332699 95
1749 7.589186 95
1750 3.212319 119
1751 2.061613 119
1752 0.796843 119
1753 1.586850 119
1754 3.575129 119
1755 3.858830 119
1756 21.058702 119
1757 1.201960 119
1758 0.916006 119
1759 36.043185 119
1760 2.229929 119
1761 2.163017 119
1762 1.926173 119
1763 2.557219 119
1764 1.747840 119
1765 2.993088 119
1766 1.931982 119
1767 2.133614 119
1768 2.665026 119
1769 0.000000 119
1770 0.000000 119
1771 0.457093 119
1772 1.369165 119
1773 5.338447 119
1774 1.516923 119
1775 4.049793 119
1776 0.056468 119
1777 0.098611 119
1778 0.099281 119
1779 1.798342 119
1780 1.175756 119
1781 0.003558 119
1782 0.003293 119
1783 0.006964 119
1784 0.004959 119
1785 0.817044 119
1786 1.539861 119
1787 0.000000 119
1788 1.302426 119
1789 1.475458 119
1790 2.524070 119
1791 0.093713 119
1792 1.496407 119
1793 3.456609 119
1794 3.684473 119
1795 0.910201 119
1796 0.905524 119
1797 2.126926 119
1798 0.663102 119
1799 0.976191 119
1800 0.537065 115
1801 2.756790 115
1802 0.365701 115
1803 0.772030 115
1804 1.727461 115
1805 0.711936 115
1806 0.767239 115
1807 0.000000 115
1808 1.686303 115
1809 2.196269 115
1810 0.609479 115
1811 0.042939 115
1812 0.590619 115
1813 2.264803 115
1814 3.198028 115
1815 3.128275 115
1816 13.201776 115
1817 1.201954 115
1818 1.192259 115
1819 1.510117 115
1820 1.279702 115
1821 152.895936 115
1822 200.666940 115
1823 2.080558 115
1824 2.399508 115
1825 0.949277 115
1826 1.052300 115
1827 7.721166 115
1828 8.340063 115
1829 8.316137 115
1830 1.174596 115
1831 28.284142 115
1832 92.392957 115
1833 1.350268 115
1834 14.662635 115
1835 1.273360 115
1836 14.116525 115
1837 1.124635 115
1838 0.637852 115
1839 2.075219 115
1840 1.121915 115
1841 7.480271 115
1842 15.355637 115
1843 7.208644 115
1844 1.973467 115
1845 1.332367 115
1846 1.255704 115
1847 0.004369 115
1848 0.001701 115
1849 0.794063 115
1850 1.059681 107
1851 9.793993 107
1852 0.000148 107
1853 0.769340 107
1854 1.682632 107
1855 1.805727 107
1856 0.582098 107
1857 0.667382 107
1858 1.711693 107
1859 1.884333 107
1860 1.243746 107
1861 1.068968 106
1862 142.965423 106
1863 0.348229 106
1864 0.951163 106
1865 1.415319 106
1866 0.676187 106
1867 1.330645 106
1868 0.557834 106
1869 0.563955 106
1870 0.825469 106
1871 1.136573 106
1872 0.123803 106
1873 0.132664 106
1874 0.056065 106
1875 0.708950 106
1876 0.793001 106
1877 1.716818 106
1878 16.116669 106
1879 3.512203 106
1880 4.977699 106
1881 3.297542 106
1882 42.245751 106
1883 3.298709 106
1884 18.818818 106
1885 3.569085 106
1886 3.691234 106
1887 73.026837 106
1888 7.994252 106
1889 19.134217 106
1890 4.720112 106
1891 1.771805 106
1892 1.666153 106
1893 1.488134 106
1894 0.615757 106
1895 1.260249 106
1896 1.228490 106
1897 0.778806 106
1898 0.896860 106
1899 2.005068 106
1900 0.784149 108
1901 6.231633 108
1902 0.567129 108
1903 0.346768 108
1904 0.416592 108
1905 0.000000 108
1906 0.000000 108
1907 0.000000 108
1908 0.000000 108
1909 0.000000 108
1910 0.000000 108
1911 0.000000 108
1912 2.830680 108
1913 5.579147 108
1914 5.756530 108
1915 5.809944 108
1916 6.103754 108
1917 5.483562 108
1918 5.808445 108
1919 5.517875 108
1920 6.087862 108
1921 5.775715 108
1922 6.012144 108
1923 5.864254 108
1924 5.902234 108
1925 5.571726 108
1926 5.600604 108
1927 5.366611 108
1928 5.793279 108
1929 5.542835 108
1930 5.379066 108
1931 5.408550 108
1932 5.406073 108
1933 5.147681 108
1934 5.891703 108
1935 5.237158 108
1936 1.440502 108
1937 3.248516 108
1938 2.726748 108
1939 1.431094 108
1940 3.009150 108
1941 2.810612 108
1942 0.130307 108
1943 0.981152 108
1944 2.175482 108
1945 1.382374 108
1946 2.185231 108
1947 2.674180 108
1948 5.916097 106
1949 0.000000 108
1950 2.243845 102
1951 0.612728 102
1952 1.235223 102
1953 1.926610 102
1954 1.431877 102
1955 4.117329 102
1956 1.564726 102
1957 14.063533 102
1958 1.281556 102
1959 2.602421 102
1960 4.452812 102
1961 1.348881 102
1962 0.000000 102
1963 0.000000 102
1964 1.041441 102
1965 26.093422 102
1966 1.299902 102
1967 0.637009 102
1968 1.927618 102
1969 1.509642 102
1970 0.664531 102
1971 0.000000 102
1972 0.739917 102
1973 1.467498 102
1974 1.177832 102
1975 1.211285 102
1976 1.823712 102
1977 2.123701 102
1978 2.112622 102
1979 0.566936 102
1980 22.527427 102
1981 1.593438 102
1982 3.485326 102
1983 3.268992 102
1984 3.451592 102
1985 10.842374 102
1986 11.540993 102
1987 11.895862 102
1988 1.469758 102
1989 3.684558 102
1990 1.156553 102
1991 3.300287 102
1992 2.090814 102
1993 2.882198 102
1994 1.425131 102
1995 3.548705 102
1996 3.777995 102
1997 103.692649 102
1998 118.874176 102
1999 124.001862 102
2000 72.548432 115
2001 88.906216 115
2002 87.025215 115
2003 90.905023 115
2004 3.612221 115
2005 3.637463 115
2006 4.702960 115
2007 1.219261 115
2008 1.707614 115
2009 1.734280 115
2010 57.941830 115
2011 1.039051 115
2012 2.308038 115
2013 15.155399 115
2014 0.000000 115
2015 1.626003 115
2016 1.078090 115
2017 1.019193 115
2018 1.368866 115
2019 0.271095 115
2020 1.826266 115
2021 1.297395 115
2022 1.858983 115
2023 1.159599 115
2024 10.227259 115
2025 4.235909 115
2026 1.628874 115
2027 1.233606 115
2028 1.367407 115
2029 2.023667 115
2030 1.518552 115
2031 1.381763 115
2032 1.687273 115
2033 1.611410 115
2034 15.552723 115
2035 2.210544 115
2036 1.346343 115
2037 248.042043 115
2038 1.926259 115
2039 1.860183 115
2040 1.197697 115
2041 1.397235 115
2042 1.165087 115
2043 7.755991 115
2044 10.562589 115
2045 2.449642 115
2046 5.076028 115
2047 5.400148 115
2048 5.184266 115
2049 3.827431 115
2050 0.236728 115
2051 1.125827 115
2052 1.082153 115
2053 1.302363 115
2054 2.837664 115
2055 2.560211 115
2056 2.836478 115
2057 75.221113 115
2058 8.249067 115
2059 8.582412 115
2060 9.127360 115
2061 8.785977 115
2062 3.839271 115
2063 2.003110 115
2064 0.269369 115
2065 3.373799 115
2066 2.287608 115
2067 0.372223 115
2068 3.458690 115
2069 1.109395 115
2070 28.235902 115
2071 28.409532 115
2072 16.053152 115
2073 1.103870 115
2074 3.761636 115
2075 37.260362 115
2076 1.747482 115
2077 3.273622 115
2078 0.569963 115
2079 1.484328 115
2080 13.884629 115
2081 1.193274 115
2082 2.748914 115
2083 0.241441 115
2084 0.551723 115
2085 0.569329 115
2086 0.614382 115
2087 0.590116 115
2088 0.586305 115
2089 0.806215 115
2090 1.483948 115
2091 0.889216 115
2092 0.206274 115
2093 0.441872 115
2094 0.382108 115
2095 0.491592 115
2096 0.073681 115
2097 0.498535 115
2098 0.900305 115
2099 2.773306 115
2100 0.636160 106
2101 1.034371 106
2102 0.009631 106
2103 34.953467 106
2104 44.371971 106
2105 0.992596 106
2106 0.544500 106
2107 0.267931 106
2108 0.856701 106
2109 1.328799 106
2110 2.950990 106
2111 0.806595 106
2112 1.141199 106
2113 14.308019 106
2114 62.811633 106
2115 114.300754 106
2116 101.767761 106
2117 23.358851 106
2118 52.360024 106
2119 52.619515 106
2120 41.987434 106
2121 43.099214 106
2122 91.126147 106
2123 41.630321 106
2124 257.920178 106
2125 2.104481 106
2126 24.358745 106
2127 17.302224 106
2128 1.515319 106
2129 1.611276 106
2130 1.584367 106
2131 1.260536 106
2132 1.979626 106
2133 1.291958 106
2134 2.050271 106
2135 2.036465 106
2136 0.000000 106
2137 0.000000 106
2138 0.970459 106
2139 0.770816 106
2140 0.938811 106
2141 3.877066 106
2142 1.782881 106
2143 1.876189 106
2144 8.746665 106
2145 20.951799 106
2146 77.946158 106
2147 17.055274 106
2148 2.192222 106
2149 1.037414 106
2150 15.675604 99
2151 0.000000 99
2152 0.677522 99
2153 1.390709 99
2154 1.417655 99
2155 1.709604 99
2156 6.842555 99
2157 15.533675 99
2158 6.259028 99
2159 5.805778 99
2160 0.004189 99
2161 0.000000 99
2162 0.000000 99
2163 0.000000 99
2164 0.000000 99
2165 0.000000 99
2166 0.000000 99
2167 0.000000 99
2168 0.000000 99
2169 0.000000 99
2170 0.000000 99
2171 0.000000 99
2172 0.000000 99
2173 0.000000 99
2174 0.000000 99
2175 0.000000 99
2176 0.000000 99
2177 0.000000 99
2178 0.000000 99
2179 0.000000 99
2180 0.000000 99
2181 0.000000 99
2182 0.000000 99
2183 0.000000 99
2184 0.000000 99
2185 0.000000 99
2186 0.000000 99
2187 0.000000 99
2188 0.000000 99
2189 0.000000 99
2190 0.000000 99
2191 0.000000 99
2192 0.000000 99
2193 0.000000 99
2194 0.000000 99
2195 0.000000 99
2196 0.000000 99
2197 0.000000 99
2198 0.000000 99
2199 0.000000 99
2200 0.000000 99
2201 0.000000 99
2202 0.000000 99
2203 0.000000 99
2204 0.000000 99
2205 0.000000 99
2206 0.000000 99
2207 0.000000 99
2208 0.000000 99
2209 0.000000 99
2210 0.000000 99
2211 0.000000 99
2212 0.000000 99
2213 0.000000 99
2214 0.000000 99
2215 0.000000 99
2216 0.000000 99
2217 0.000000 99
2218 0.000000 99
2219 0.000000 99
2220 0.000000 99
2221 0.000000 99
2222 0.000000 99
2223 0.000000 99
2224 0.000000 99
2225 0.000000 99
2226 0.000000 99
2227 0.000000 99
2228 0.000000 99
2229 0.000000 99
2230 0.000000 99
2231 0.000000 99
2232 0.000000 99
2233 0.000000 99
2234 0.000000 99
2235 0.000000 99
2236 0.000000 99
2237 0.000000 99
2238 0.000000 99
2239 0.000000 99
2240 0.000000 99
2241 0.000000 99
2242 0.000000 99
2243 0.000000 99
2244 0.000000 99
2245 0.000000 99
2246 0.000000 99
2247 0.000000 99
2248 0.000000 99
2249 0.000000 99
2250 0.000000 98
2251 0.000000 98
2252 0.000000 98
2253 0.000000 98
2254 0.000000 98
2255 0.000000 98
2256 0.000000 98
2257 0.000000 98
2258 0.000000 98
2259 0.000000 98
2260 0.000000 98
2261 0.000000 98
2262 0.000000 98
2263 0.000000 98
2264 0.000000 98
2265 0.000000 98
2266 0.000000 98
2267 0.000000 98
2268 0.000000 98
2269 0.000000 98
2270 0.000000 98
2271 0.000000 98
2272 0.000000 98
2273 0.000000 98
2274 0.000000 98
2275 0.000000 98
2276 0.000000 98
2277 0.000000 98
2278 0.000000 98
2279 0.000000 98
2280 0.000000 98
2281 0.000000 98
2282 0.000000 98
2283 0.000000 98
2284 0.000000 98
2285 0.000000 98
2286 0.000000 98
2287 0.000000 98
2288 0.000000 98
2289 0.000000 98
2290 0.000000 98
2291 0.000000 98
2292 0.000000 98
2293 0.000000 98
2294 0.000000 98
2295 0.000000 98
2296 0.000000 98
2297 0.000000 98
2298 0.000000 98
2299 0.000000 98
2300 0.000000 96
2301 0.000000 96
2302 0.000000 96
2303 0.000000 96
2304 0.000000 96
2305 0.000000 96
2306 0.000000 96
2307 0.000000 96
2308 0.000000 96
2309 0.000000 96
2310 0.000000 96
2311 0.000000 96
2312 0.000000 96
2313 0.000000 96
2314 0.000000 96
2315 0.000000 96
2316 0.000000 96
2317 0.000000 96
2318 0.000000 96
2319 0.000000 96
2320 0.000000 96
2321 0.000000 96
2322 0.000000 96
2323 0.000000 96
2324 0.000000 96
2325 0.000000 96
2326 0.000000 96
2327 0.000000 96
2328 0.000000 96
2329 0.000000 96
2330 0.000000 96
2331 0.000000 96
2332 0.000000 96
2333 0.000000 96
2334 0.000000 96
2335 0.000000 96
2336 0.000000 96
2337 0.000000 96
2338 0.000000 96
2339 0.000000 96
2340 0.000000 96
2341 0.000000 96
2342 0.000000 96
2343 0.000000 96
2344 0.000000 96
2345 0.000000 96
2346 0.000000 96
2347 0.000000 96
2348 0.000000 96
2349 0.000000 96
2350 0.000000 84
2351 2.602683 84
2352 1.947432 84
2353 24.969074 84
2354 3.933769 84
2355 3.440893 84
2356 28.027561 84
2357 113.668102 84
2358 87.538226 84
2359 210.867377 84
2360 49.226742 84
2361 146.865978 84
2362 230.403279 84
2363 103.745572 84
2364 90.552032 84
2365 82.709405 84
2366 220.074598 84
2367 147.733769 84
2368 275.828803 84
2369 41.170096 84
2370 244.052202 84
2371 137.630531 84
2372 39.580563 84
2373 166.345828 84
2374 85.238921 84
2375 267.794946 84
2376 91.723928 84
2377 147.191638 84
2378 76.006388 84
2379 188.771029 84
2380 50.219543 84
2381 163.141077 84
2382 50.935291 84
2383 2.583501 84
2384 5.586409 84
2385 5.911908 84
2386 2.854598 84
2387 6.035607 84
2388 6.380807 84
2389 33.841866 84
2390 4.690694 84
2391 4.917222 84
2392 1.407297 84
2393 3.636749 84
2394 3.496440 84
2395 2.043688 84
2396 3.950841 84
2397 4.982963 84
2398 1.873625 84
2399 4.244113 84
2400 2.210622 114
2401 5.341803 114
2402 5.045185 114
2403 5.411690 114
2404 5.303458 114
2405 5.768512 114
2406 5.338690 114
2407 5.071650 114
2408 6.301891 114
2409 5.756030 114
2410 1.115885 114
2411 0.011084 114
2412 1.628535 114
2413 2.738753 114
2414 2.215567 114
2415 2.626414 114
2416 2.189251 114
2417 3.423759 114
2418 4.294039 114
2419 5.034982 114
2420 2.267779 114
2421 0.000000 114
2422 0.000000 114
2423 0.000000 114
2424 0.000000 114
2425 0.000000 114
2426 0.000000 114
2427 0.000000 114
2428 0.000000 114
2429 0.000000 114
2430 0.000000 114
2431 0.000000 114
2432 1.572322 114
2433 1.278641 114
2434 2.414123 114
2435 13.835997 114
2436 2.723681 114
2437 1.160023 114
2438 1.772358 114
2439 2.750736 114
2440 2.676709 114
2441 0.024210 114
2442 0.023932 114
2443 0.025989 114
2444 2.193589 114
2445 5.198253 114
2446 12.444461 114
2447 264.150670 114
2448 4.219323 114
2449 3.659652 114
2450 0.343452 112
2451 0.436365 112
2452 0.462553 112
2453 1.133963 112
2454 3.979369 112
2455 76.840110 112
2456 165.260395 112
2457 0.108966 112
2458 1.204025 112
2459 3.450187 112
2460 0.846669 112
2461 10.140982 112
2462 17.510374 112
2463 4.692016 112
2464 2.820714 112
2465 4.719574 112
2466 0.975617 112
2467 3.402045 112
2468 5.276028 112
2469 1.781251 112
2470 1.059928 112
2471 0.396604 112
2472 1.185803 112
2473 0.012574 112
2474 1.507900 112
2475 1.100116 112
2476 1.975856 112
2477 2.074697 112
2478 18.163605 112
2479 3.760188 112
2480 0.317722 112
2481 4.101422 112
2482 1.857416 112
2483 2.176349 112
2484 1.418795 112
2485 3.432516 112
2486 2.052118 112
2487 19.302627 112
2488 1.480294 112
2489 7.776073 112
2490 1.018656 112
2491 3.650910 112
2492 1.862184 112
2493 0.603602 112
2494 1.928087 112
2495 1.961005 112
2496 1.328739 112
2497 84.188526 112
2498 1.316600 112
2499 2.421011 112
2500 1.265467 107
2501 1.793089 107
2502 0.006659 107
2503 0.256536 107
2504 2.285725 107
2505 3.624470 107
2506 1.827500 107
2507 7.805575 107
2508 1.305931 107
2509 0.000000 107
2510 2.590708 107
2511 2.467406 107
2512 1.601147 107
2513 18.168355 107
2514 1.607964 107
2515 2.175861 107
2516 4.655003 107
2517 1.516546 107
2518 1.811460 107
2519 0.000000 107
2520 2.187103 107
2521 1.967342 107
2522 2.743015 107
2523 1.900632 107
2524 1.454602 107
2525 1.642838 107
2526 1.567082 107
2527 1.570371 107
2528 3.125126 107
2529 6.195733 107
2530 4.998521 107
2531 1.242010 107
2532 43.346334 107
2533 57.697113 107
2534 1.531452 107
2535 2.622102 107
2536 2.505264 107
2537 2.054158 107
2538 1.732618 107
2539 2.154527 107
2540 1.042275 107
2541 2.047027 107
2542 2.367619 107
2543 0.390738 107
2544 0.804086 107
2545 2.745328 107
2546 2.722472 107
2547 1.979757 107
2548 31.055868 107
2549 1.971932 107
2550 1.491046 101
2551 1.325857 101
2552 0.221846 101
2553 2.847469 101
2554 0.378736 101
2555 4.177368 101
2556 1.569149 101
2557 1.986368 101
2558 1.250873 101
2559 1.287873 101
2560 1.196467 101
2561 1.501406 101
2562 0.885782 101
2563 64.463896 101
2564 75.098744 101
2565 71.406011 101
2566 68.223256 101
2567 73.013372 101
2568 70.788743 101
2569 73.722285 101
2570 77.377320 101
2571 77.378240 101
2572 65.964389 101
2573 75.672067 101
2574 71.700543 101
2575 73.925216 101
2576 68.545152 101
2577 76.738418 101
2578 78.180796 101
2579 76.281276 101
2580 78.152851 101
2581 77.128375 101
2582 71.910952 101
2583 74.719126 101
2584 76.156431 101
2585 76.278322 101
2586 79.625716 101
2587 80.182060 101
2588 78.538615 101
2589 72.059394 101
2590 73.132344 101
2591 75.577373 101
2592 79.770579 101
2593 76.972793 101
2594 74.414255 101
2595 79.228073 101
2596 79.285438 101
2597 73.295601 101
2598 76.853398 101
2599 71.610122 101
2600 43.424601 101
2601 74.510216 101
2602 66.737010 101
2603 72.672302 101
2604 67.227554 101
2605 69.753031 101
2606 67.973805 101
2607 75.466481 101
2608 60.335121 101
2609 68.298822 101
2610 67.179164 101
2611 71.669940 101
2612 71.806481 101
2613 73.813983 101
2614 77.354135 101
2615 78.417958 101
2616 67.878239 101
2617 74.832885 101
2618 70.968382 101
2619 76.473195 101
2620 80.503204 101
2621 78.462319 101
2622 82.456180 101
2623 78.806171 101
2624 78.192923 101
2625 78.419692 101
2626 83.944722 101
2627 84.681558 101
2628 81.111150 101
2629 84.009171 101
2630 86.358110 101
2631 82.161826 101
2632 83.268381 101
2633 86.999020 101
2634 83.652557 101
2635 77.828288 101
2636 83.513377 101
2637 87.355874 101
2638 86.046085 101
2639 85.211463 101
2640 82.636274 101
2641 79.521222 101
2642 82.035736 101
2643 78.206367 101
2644 77.801168 101
2645 77.774857 101
2646 81.743894 101
2647 79.596207 101
2648 79.311379 101
2649 88.164565 101
2650 40.962783 102
2651 75.064524 102
2652 74.342510 102
2653 58.745225 102
2654 72.213433 102
2655 64.449953 102
2656 67.149907 102
2657 65.691119 102
2658 66.099366 102
2659 72.042923 102
2660 66.903846 102
2661 70.158606 102
2662 69.093262 102
2663 4.324726 102
2664 6.560925 102
2665 2.253481 102
2666 8.087339 102
2667 0.012159 102
2668 0.000000 102
2669 0.000000 102
2670 0.000000 102
2671 0.000000 102
2672 0.000000 102
2673 0.000000 102
2674 0.000000 102
2675 0.000000 102
2676 0.000000 102
2677 0.000000 102
2678 0.000000 102
2679 0.000000 102
2680 0.000000 102
2681 0.000000 102
2682 0.000000 102
2683 0.000000 102
2684 0.000000 102
2685 0.000000 102
2686 0.000000 102
2687 0.000000 102
2688 0.000000 102
2689 0.000000 102
2690 0.000000 102
2691 0.000000 102
2692 0.000000 102
2693 0.000000 102
2694 0.000000 102
2695 0.000000 102
2696 0.000000 102
2697 0.000000 102
2698 0.000000 102
2699 0.000000 102
2700 0.041575 99
2701 0.026147 99
2702 0.023610 99
2703 0.023351 99
2704 0.024205 99
2705 0.019839 99
2706 0.021868 99
2707 0.025611 99
2708 0.020150 99
2709 0.025706 99
2710 0.023881 99
2711 4.669569 99
2712 3.416389 99
2713 3.945092 99
2714 47.563736 99
2715 3.986533 99
2716 290.371073 99
2717 4.525247 99
2718 95.265794 99
2719 2.228037 99
2720 2.609473 99
2721 28.940322 99
2722 4.599646 99
2723 3.086609 99
2724 4.586354 99
2725 4.746928 99
2726 4.937715 99
2727 4.997575 99
2728 6.021202 99
2729 16.268423 99
2730 206.564305 99
2731 4.844876 99
2732 4.875044 99
2733 268.588223 99
2734 4.476170 99
2735 8.967332 98
2736 3.313039 99
2737 8.514689 99
2738 5.236997 99
2739 5.094564 99
2740 4.405804 99
2741 5.010650 99
2742 5.958199 99
2743 54.744924 99
2744 5.148175 99
2745 5.086923 99
2746 17.415953 99
2747 2.990233 99
2748 28.062861 99
2749 2.859175 99
2750 7.981315 95
2751 3.831565 95
2752 7.198574 95
2753 4.344009 95
2754 2.085057 95
2755 5.793014 95
2756 2.364445 95
2757 3.161813 95
2758 2.923389 95
2759 2.049199 95
2760 1.030723 95
2761 0.891262 95
2762 0.854844 95
2763 1.157842 95
2764 0.907276 95
2765 0.940961 95
2766 1.074333 95
2767 1.006409 95
2768 1.027388 95
2769 1.004294 95
2770 1.489137 95
2771 1.337764 95
2772 1.110996 95
2773 1.385571 95
2774 1.181105 95
2775 0.942381 95
2776 1.230750 95
2777 0.922273 95
2778 1.343870 95
2779 1.328869 95
2780 1.288657 95
2781 1.138564 95
2782 1.128722 95
2783 1.086503 95
2784 0.978684 95
2785 1.718221 95
2786 1.298667 95
2787 1.060641 95
2788 3.246556 95
2789 1.291030 95
2790 1.793541 95
2791 1.871990 95
2792 2.447988 95
2793 2.715936 95
2794 1.886206 95
2795 1.757870 95
2796 1.839479 95
2797 1.881676 95
2798 1.967264 95
2799 2.182252 95
2800 2.018174 99
2801 2.550286 99
2802 1.924488 99
2803 2.661577 99
2804 2.484693 99
2805 2.221632 99
2806 2.462916 99
2807 2.717573 99
2808 1.729206 99
2809 2.411847 99
2810 2.329190 99
2811 2.054989 99
2812 1.814978 99
2813 1.942464 99
2814 2.272367 99
2815 1.918408 99
2816 4.790529 99
2817 3.705023 99
2818 4.881317 99
2819 0.012206 99
2820 0.002065 99
2821 0.002277 99
2822 0.003241 99
2823 0.010484 98
2824 0.014099 98
2825 0.018325 98
2826 0.029893 98
2827 0.015109 98
2828 0.018109 98
2829 0.038473 98
2830 0.027285 98
2831 4.403023 98
2832 0.352263 98
2833 0.028586 98
2834 0.723285 98
2835 0.025510 98
2836 5.791575 98
2837 0.043589 98
2838 0.008357 98
2839 4.175374 98
2840 8.607992 98
2841 9.856386 98
2842 3.886533 98
2843 6.341385 98
2844 8.291502 98
2845 7.693707 98
2846 2.313079 98
2847 5.026831 98
2848 5.199746 98
2849 5.085648 98
2850 1.771003 103
2851 4.129573 103
2852 4.141212 103
2853 4.114930 103
2854 3.183816 103
2855 7.766622 103
2856 8.048047 103
2857 4.156519 103
2858 6.145728 103
2859 6.261333 103
2860 6.153943 103
2861 1.147965 103
2862 3.511090 103
2863 1.502127 103
2864 3.788000 103
2865 3.884143 103
2866 7.641885 103
2867 20.080516 103
2868 8.866582 103
2869 3.141977 103
2870 5.904360 103
2871 6.113034 103
2872 6.705564 103
2873 0.893059 103
2874 1.056424 103
2875 1.034452 103
2876 0.920105 103
2877 1.174927 103
2878 1.023729 103
2879 0.859364 103
2880 0.880244 103
2881 0.944107 103
2882 0.980223 103
2883 1.011305 103
2884 0.895446 103
2885 0.882996 103
2886 0.956564 103
2887 0.920599 103
2888 1.154272 103
2889 1.429861 103
2890 1.023552 103
2891 1.563811 103
2892 1.568622 103
2893 0.975684 103
2894 3.377293 103
2895 3.187852 103
2896 10.525314 103
2897 108.962527 103
2898 4.011639 103
2899 4.450385 103
2900 1.356380 84
2901 2.662107 84
2902 3.213445 84
2903 2.832234 84
2904 2.001725 84
2905 4.908906 84
2906 4.946017 84
2907 4.729464 84
2908 2.199837 84
2909 4.665591 84
2910 4.843835 84
2911 2.365795 84
2912 4.256804 84
2913 4.174529 84
2914 4.076654 84
2915 4.436343 84
2916 2.748570 84
2917 6.041057 84
2918 6.965806 84
2919 6.555710 84
2920 1.502056 84
2921 4.512508 84
2922 5.079095 84
2923 1.821334 84
2924 3.888996 84
2925 4.313634 84
2926 3.967564 84
2927 2.700444 84
2928 8.109108 84
2929 8.012928 84
2930 7.997448 84
2931 0.831649 84
2932 2.359429 84
2933 2.389655 84
2934 2.276728 84
2935 1.025968 84
2936 2.817789 84
2937 2.437003 84
2938 8.957486 84
2939 9.388816 84
2940 10.164812 84
2941 9.930590 84
2942 10.142198 84
2943 10.225439 84
2944 2.689285 84
2945 5.442345 84
2946 5.389761 84
2947 5.675174 84
2948 3.510090 84
2949 4.691787 84
2950 1.868918 96
2951 3.185789 96
2952 3.711881 96
2953 1.364792 96
2954 3.388245 96
2955 1.792091 96
2956 3.702493 96
2957 3.450864 96
2958 1.575996 96
2959 3.587050 96
2960 3.846907 96
2961 3.522121 96
2962 2.393953 96
2963 6.159755 96
2964 6.061948 96
2965 2.698850 96
2966 7.037274 96
2967 6.657658 96
2968 6.133484 96
2969 24.857307 96
2970 32.835782 96
2971 1.859286 96
2972 0.583273 96
2973 4.353444 96
2974 3.501567 96
2975 3.020699 96
2976 9.014430 96
2977 8.862730 96
2978 2.305156 96
2979 5.105011 96
2980 5.380547 96
2981 1.008608 96
2982 2.281320 96
2983 1.848624 96
2984 4.894353 96
2985 1.874260 96
2986 3.967224 96
2987 4.475536 96
2988 2.338295 96
2989 4.714723 96
2990 1.433282 96
2991 2.603809 96
2992 5.157178 96
2993 3.243072 96
2994 11.114237 96
2995 2.212728 96
2996 5.519618 96
2997 2.295525 96
2998 6.665974 96
2999 0.000000 96
3000 0.000000 100
3001 0.000000 100
3002 0.000000 100
3003 0.000000 100
3004 0.000000 100
3005 0.000000 100
3006 0.000000 100
3007 0.000000 100
3008 40.303115 100
3009 287.980152 100
3010 110.561158 100
3011 469.165801 100
3012 134.001504 100
3013 418.128899 100
3014 247.881104 100
3015 288.110569 100
3016 392.053179 100
3017 509.459930 100
3018 118.712492 100
3019 139.620785 100
3020 60.895722 100
3021 286.079718 100
3022 1.279603 100
3023 2.447114 100
3024 2.576394 100
3025 2.352973 100
3026 7.123209 100
3027 0.000000 100
3028 0.000000 100
3029 0.000000 100
3030 1.458960 100
3031 3.407515 100
3032 1.971120 100
3033 5.052647 100
3034 3.046324 100
3035 7.481180 100
3036 69.686566 100
3037 80.988796 100
3038 81.912816 100
3039 4.565756 100
3040 10.735348 100
3041 2.533625 100
3042 6.330136 100
3043 2.443139 100
3044 10.212379 100
3045 3.047078 100
3046 8.205785 100
3047 7.643381 100
3048 2.769831 100
3049 7.309872 100
3050 2.307055 91
3051 6.146839 91
3052 1.648325 91
3053 4.337962 91
3054 3.298143 91
3055 2.610119 91
3056 6.634099 91
3057 0.938441 91
3058 2.139153 91
3059 1.762811 91
3060 1.759647 91
3061 3.516555 91
3062 0.748106 91
3063 0.623078 91
3064 0.739892 91
3065 0.755007 91
3066 0.612605 91
3067 3.363091 91
3068 9.310558 91
3069 3.763210 91
3070 3.157203 91
3071 4.502448 91
3072 4.743888 91
3073 4.805996 91
3074 4.627292 91
3075 4.510334 91
3076 4.774820 91
3077 4.595947 91
3078 4.642994 91
3079 4.637770 91
3080 4.628850 91
3081 4.699847 91
3082 4.804469 91
3083 4.773572 91
3084 4.754645 91
3085 4.911026 91
3086 5.837061 91
3087 7.572449 91
3088 6.815067 91
3089 14.039007 91
3090 113.511173 91
3091 19.012676 91
3092 7.731369 91
3093 8.152525 91
3094 11.922400 91
3095 13.958226 91
3096 9.506226 91
3097 0.645024 91
3098 1.005144 91
3099 1.023119 91
3100 0.205361 97
3101 0.783791 97
3102 0.806614 97
3103 0.828391 97
3104 0.879321 97
3105 0.888857 97
3106 0.941254 97
3107 0.867988 97
3108 0.781896 97
3109 1.520221 97
3110 1.860428 97
3111 25.345648 97
3112 1.534592 97
3113 465.363171 97
3114 19.325815 97
3115 2.222623 97
3116 3.667472 97
3117 6.282611 97
3118 4.525498 97
3119 4.711344 97
3120 41.658004 97
3121 1.360488 97
3122 4.509143 97
3123 3.807913 97
3124 1.231205 97
3125 1.133075 97
3126 3.688739 97
3127 4.353926 97
3128 3.320561 97
3129 3.469443 97
3130 3.707233 97
3131 3.657455 97
3132 1.321821 97
3133 4.921680 97
3134 6.795142 97
3135 7.168215 97
3136 6.994952 97
3137 7.031530 97
3138 7.336147 97
3139 4.569722 97
3140 7.912034 97
3141 7.150792 97
3142 10.914587 97
3143 10.401122 97
3144 11.198403 97
3145 13.417382 97
3146 6.993278 97
3147 2.808335 97
3148 3.698782 97
3149 3.642123 97
3150 3.007763 103
3151 5.529572 103
3152 2.833468 103
3153 2.364532 103
3154 11.109143 103
3155 3.241159 103
3156 1.871266 103
3157 16.836497 103
3158 3.769516 103
3159 4.563567 103
3160 2.521787 103
3161 1.994865 103
3162 3.119087 103
3163 285.390243 103
3164 10.904351 103
3165 19.287787 103
3166 4.920660 103
3167 3.143973 103
3168 4.914509 103
3169 5.122351 103
3170 5.220452 103
3171 10.662760 103
3172 9.007127 103
3173 11.421823 103
3174 6.645237 103
3175 5.360945 103
3176 6.574748 103
3177 13.887571 103
3178 5.700929 103
3179 6.579872 103
3180 8.340295 102
3181 8.835246 103
3182 7.845856 103
3183 8.368410 103
3184 7.934827 103
3185 5.820250 103
3186 0.000000 103
3187 0.000000 103
3188 0.000000 103
3189 0.000000 103
3190 0.000000 103
3191 0.000000 103
3192 3.024506 103
3193 86.517813 103
3194 8.046999 103
3195 6.804416 103
3196 2.542814 103
3197 5.031996 103
3198 5.130768 103
3199 3.878457 103
3200 3.325083 108
3201 6.676221 108
3202 14.172378 108
3203 15.670650 108
3204 13.008636 108
3205 15.715640 108
3206 3.638374 108
3207 12.172008 107
3208 3.531681 108
3209 9.668584 108
3210 2.227087 108
3211 151.117885 108
3212 3.783025 108
3213 2.971678 108
3214 18.989881 108
3215 3.229844 108
3216 6.486124 108
3217 9.972396 108
3218 11.640769 108
3219 12.181127 107
3220 15.772359 108
3221 13.562907 108
3222 4.972405 108
3223 10.130845 108
3224 9.778799 108
3225 10.011616 108
3226 1.558407 108
3227 2.496917 108
3228 2.558874 108
3229 4.249616 108
3230 2.427706 108
3231 1.680788 108
3232 3.534348 108
3233 5.885858 108
3234 50.965677 108
3235 2.792760 108
3236 2.539664 108
3237 1.368290 108
3238 3.311555 108
3239 2.548354 108
3240 2.175023 108
3241 5.788140 108
3242 9.046260 108
3243 5.416509 107
3244 1.839660 108
3245 1.506827 108
3246 0.160672 108
3247 0.245245 108
3248 0.238876 108
3249 6.524763 108
3250 1.489735 107
3251 3.377136 107
3252 3.253639 107
3253 3.191504 107
3254 2.237028 107
3255 4.024017 107
3256 1.730053 107
3257 2.724708 107
3258 2.807305 107
3259 2.543209 107
3260 2.803373 107
3261 16.425355 107
3262 2.885611 107
3263 0.773032 107
3264 0.033142 107
3265 5.304622 107
3266 1.953355 107
3267 3.723407 107
3268 4.770540 107
3269 3.912316 107
3270 3.808714 107
3271 3.906308 107
3272 0.869901 107
3273 10.088116 107
3274 5.821834 107
3275 28.253812 107
3276 2.207544 107
3277 3.138067 107
3278 3.743198 107
3279 9.477236 107
3280 2.668955 107
3281 1.956948 107
3282 34.480056 107
3283 4.414426 107
3284 4.809953 107
3285 1.745704 107
3286 4.516538 107
3287 4.866765 107
3288 5.854423 107
3289 6.872395 107
3290 1.407608 107
3291 4.448852 107
3292 2.577591 107
3293 4.144778 107
3294 2.563237 107
3295 44.990841 107
3296 4.157321 107
3297 1.503638 107
3298 15.146130 107
3299 2.020503 107
3300 2.307221 116
3301 0.781076 116
3302 102.423592 116
3303 178.665727 116
3304 194.451082 116
3305 195.514644 116
3306 0.224203 116
3307 0.191626 116
3308 0.234516 116
3309 0.304948 116
3310 0.354072 116
3311 2.704353 116
3312 4.486533 116
3313 4.091456 116
3314 4.628098 116
3315 7.150409 116
3316 9.204523 116
3317 70.844755 116
3318 39.179160 116
3319 68.397286 116
3320 71.313948 116
3321 77.540806 116
3322 4.110865 116
3323 4.261664 116
3324 6.869830 116
3325 12.745560 116
3326 5.521226 116
3327 1.675359 116
3328 2.579599 116
3329 36.855880 116
3330 3.540086 116
3331 42.601345 116
3332 3.086290 116
3333 3.246276 116
3334 8.108899 116
3335 0.254049 116
3336 7.028566 116
3337 3.875393 116
3338 6.692668 116
3339 2.488163 116
3340 16.937025 116
3341 3.671246 116
3342 2.436035 116
3343 4.781186 116
3344 4.428523 116
3345 2.999630 116
3346 7.634352 113
3347 7.681534 116
3348 4.175297 116
3349 1.699345 116
3350 4.576368 82
3351 0.739691 82
3352 1.638611 82
3353 2.133184 82
3354 2.168308 82
3355 7.167044 82
3356 12.514639 82
3357 21.899328 82
3358 22.845755 82
3359 3.918298 82
3360 1.463214 82
3361 5.989747 82
3362 1.455468 82
3363 5.868749 82
3364 11.686739 82
3365 11.145361 82
3366 11.003753 82
3367 7.436490 82
3368 5.114561 82
3369 225.589886 82
3370 2.283449 82
3371 2.397226 82
3372 6.769744 82
3373 5.395796 82
3374 1.626074 82
3375 3.529588 82
3376 6.714326 82
3377 4.215129 82
3378 2.450079 82
3379 6.752783 82
3380 5.345374 82
3381 1.483490 82
3382 3.575046 82
3383 3.870335 82
3384 2.467917 82
3385 5.514931 82
3386 6.960309 82
3387 1.376351 82
3388 1.635180 82
3389 3.893175 82
3390 3.511963 82
3391 65.735148 82
3392 173.247623 82
3393 195.293768 82
3394 0.000000 82
3395 14.251460 82
3396 18.782299 82
3397 19.515577 82
3398 0.000000 82
3399 2.627684 82
3400 3.220028 93
3401 2.316883 93
3402 2.026694 93
3403 8.349223 93
3404 1.755866 93
3405 6.289017 93
3406 5.056338 93
3407 1.585887 93
3408 1.254373 93
3409 2.700959 93
3410 6.759295 93
3411 5.160040 93
3412 3.169149 93
3413 2.493975 93
3414 5.411857 93
3415 6.944944 93
3416 4.404601 93
3417 2.502534 93
3418 6.696739 93
3419 5.452482 93
3420 2.415687 93
3421 6.555849 93
3422 5.187965 93
3423 28.023437 93
3424 64.844656 93
3425 66.268078 93
3426 4.465704 93
3427 4.913966 93
3428 4.364346 93
3429 4.220047 93
3430 2.457464 93
3431 5.373402 93
3432 7.119519 93
3433 2.571694 93
3434 6.587739 93
3435 5.351823 93
3436 2.602167 93
3437 7.312419 93
3438 5.429835 93
3439 1.670191 93
3440 4.311896 93
3441 2.266385 93
3442 5.783341 93
3443 5.876172 93
3444 37.363742 93
3445 19.846017 93
3446 5.444555 93
3447 42.156993 92
3448 34.427278 92
3449 18.075871 92
3450 32.610159 113
3451 2.837826 113
3452 6.948416 113
3453 13.737936 113
3454 11.918300 113
3455 3.265421 113
3456 6.909803 113
3457 7.557728 113
3458 2.106307 113
3459 2.472408 113
3460 6.645592 113
3461 1.677774 113
3462 2.007696 113
3463 1.816106 113
3464 1.086655 113
3465 2.824965 113
3466 1.658233 113
3467 2.059769 113
3468 1.983631 113
3469 5.048006 113
3470 10.987587 113
3471 3.529571 113
3472 0.000000 113
3473 0.000000 113
3474 3.376096 113
3475 2.452036 113
3476 5.213922 113
3477 6.316561 113
3478 0.453462 113
3479 0.642323 113
3480 7.112604 113
3481 18.895795 113
3482 17.754208 113
3483 2.632890 113
3484 5.598820 113
3485 6.978572 113
3486 14.206874 113
3487 2.241082 113
3488 2.800361 113
3489 2.824914 113
3490 5.108352 113
3491 15.861532 113
3492 2.385451 113
3493 7.060525 113
3494 5.863572 113
3495 2.857231 113
3496 7.079645 113
3497 5.448147 113
3498 2.782824 113
3499 6.897886 113
3500 2.320087 94
3501 1.905892 94
3502 6.107245 94
3503 5.612077 94
3504 2.479499 94
3505 5.051676 94
3506 6.085256 94
3507 2.265534 94
3508 5.561382 94
3509 6.984308 94
3510 2.557153 94
3511 6.789341 94
3512 5.455979 94
3513 17.407986 94
3514 20.670668 94
3515 20.786534 94
3516 4.064042 94
3517 2.644759 94
3518 7.045692 94
3519 5.553969 94
3520 332.335850 94
3521 2.770679 94
3522 5.760391 94
3523 6.897596 94
3524 2.915117 94
3525 7.170673 94
3526 5.332779 94
3527 0.592446 94
3528 1.205783 94
3529 1.647901 94
3530 1.464100 94
3531 2.907897 94
3532 5.822611 94
3533 7.320517 94
3534 19.549979 94
3535 2.545734 94
3536 6.179888 94
3537 6.829188 94
3538 6.333238 94
3539 1.417100 94
3540 0.644583 94
3541 8.497247 94
3542 2.007194 94
3543 2.204987 94
3544 3.147216 94
3545 1.886727 94
3546 4.850737 94
3547 3.987909 94
3548 3.761979 94
3549 2.001001 94
3550 1.790199 104
3551 3.115596 104
3552 2.344989 104
3553 2.800066 104
3554 28.820045 104
3555 4.252742 104
3556 6.023397 104
3557 28.516423 104
3558 1.894826 104
3559 2.208511 104
3560 13.989967 104
3561 168.448112 104
3562 1.568293 104
3563 4.106063 104
3564 10.019067 104
3565 1.541721 104
3566 0.446338 104
3567 5.231200 104
3568 1.816426 104
3569 4.830308 104
3570 2.430251 104
3571 4.785792 104
3572 1.084372 104
3573 0.683823 104
3574 2.013680 104
3575 6.514439 104
3576 5.909932 104
3577 1.999661 104
3578 12.135374 104
3579 102.085582 104
3580 1.984456 104
3581 14.790868 102
3582 0.643187 104
3583 1.153218 104
3584 3.579919 104
3585 20.214167 104
3586 42.108413 104
3587 3.567633 104
3588 4.994328 104
3589 1.445114 104
3590 1.799045 104
3591 1.252061 104
3592 12.638642 104
3593 33.818544 104
3594 2.129571 104
3595 7.747613 104
3596 1.931242 104
3597 5.266888 104
3598 1.489201 104
3599 4.312847 104
3600 3.723154 93
3601 17.677788 93
3602 2.426966 93
3603 2.707116 93
3604 0.511763 93
3605 1.205720 93
3606 0.826915 93
3607 1.439247 93
3608 8.251959 93
3609 1.414853 93
3610 6.157089 93
3611 0.000000 93
3612 0.885103 93
3613 1.865397 93
3614 2.954850 93
3615 9.250110 93
3616 6.766813 93
3617 12.470123 93
3618 1.179246 93
3619 3.216697 93
3620 21.839975 93
3621 2.723484 93
3622 22.200070 93
3623 2.879014 93
3624 21.630018 93
3625 3.645260 93
3626 2.520515 93
3627 2.434462 93
3628 1.322011 93
3629 1.410964 93
3630 14.917280 93
3631 5.418626 93
3632 1.603717 93
3633 1.649119 93
3634 3.946466 93
3635 5.191328 93
3636 0.869872 93
3637 1.463295 93
3638 100.118536 93
3639 3.770958 93
3640 14.805806 93
3641 3.851972 93
3642 4.968659 93
3643 2.975623 93
3644 0.326264 93
3645 2.737597 93
3646 1.480403 93
3647 54.232873 93
3648 0.016711 93
3649 3.290791 93
3650 3.862531 112
3651 4.218371 112
3652 0.986202 112
3653 2.480589 112
3654 0.853443 112
3655 0.575279 112
3656 2.280898 112
3657 0.000000 112
3658 0.227958 112
3659 16.540998 112
3660 46.188170 112
3661 4.401727 112
3662 16.920752 112
3663 4.609195 112
3664 1.326813 112
3665 2.709231 112
3666 12.683116 112
3667 7.833186 112
3668 13.439060 112
3669 2.238850 112
3670 25.700208 112
3671 5.584508 112
3672 0.883271 112
3673 3.381014 112
3674 1.878152 112
3675 3.133757 112
3676 35.701990 112
3677 95.936080 112
3678 0.002104 112
3679 1.549310 112
3680 1.881008 112
3681 2.354002 112
3682 2.924916 112
3683 2.428427 112
3684 0.000000 112
3685 1.414798 112
3686 0.942269 112
3687 14.614311 112
3688 2.210793 112
3689 0.219246 112
3690 2.872725 112
3691 242.125488 112
3692 0.698244 112
3693 3.326987 112
3694 1.927919 112
3695 18.166820 112
3696 2.229589 112
3697 6.165349 112
3698 2.427727 112
3699 0.704416 112
3700 0.693285 99
3701 1.907469 99
3702 6.766463 99
3703 2.649290 99
3704 2.625367 99
3705 1.841562 99
3706 0.921124 99
3707 5.575999 99
3708 0.425802 99
3709 3.020821 99
3710 2.890640 99
3711 0.182163 99
3712 9.914950 99
3713 1.791906 99
3714 3.592325 99
3715 3.802792 99
3716 1.350235 99
3717 1.547300 99
3718 2.074104 99
3719 2.305120 99
3720 0.011704 99
3721 2.217823 99
3722 11.734409 99
3723 0.636014 99
3724 2.019827 99
3725 2.201988 99
3726 2.829182 99
3727 2.090361 99
3728 1.901171 99
3729 2.058313 99
3730 2.181138 99
3731 7.112327 99
3732 13.125271 99
3733 2.708467 99
3734 2.642671 99
3735 20.884287 99
3736 2.725246 99
3737 1.311713 99
3738 101.783649 99
3739 1.916256 99
3740 3.000298 99
3741 2.008122 99
3742 2.363804 99
3743 2.372356 99
3744 20.770417 99
3745 7.838120 99
3746 1.357349 99
3747 2.966830 99
3748 2.022636 99
3749 0.000000 99
3750 6.633944 110
3751 2.384623 110
3752 7.849970 110
3753 0.774673 110
3754 2.049501 110
3755 1.627055 110
3756 11.874191 110
3757 2.401311 110
3758 3.080952 110
3759 1.482615 110
3760 1.836109 110
3761 2.007828 110
3762 0.012354 110
3763 1.780089 110
3764 2.207239 110
3765 2.667830 110
3766 0.685999 110
3767 0.000000 110
3768 17.305264 110
3769 2.337646 110
3770 3.945612 110
3771 1.466995 110
3772 2.243967 110
3773 5.750929 110
3774 6.596377 110
3775 1.658378 110
3776 0.034326 110
3777 2.657353 110
3778 392.458511 110
3779 1.067073 110
3780 2.283032 110
3781 16.027079 110
3782 52.972135 110
3783 71.449580 110
3784 1.955136 110
3785 2.538475 110
3786 0.000000 110
3787 2.569593 110
3788 1.278842 110
3789 17.177674 110
3790 3.564224 110
3791 3.498533 110
3792 2.987549 110
3793 2.782180 110
3794 2.453184 110
3795 4.745109 110
3796 1.079973 110
3797 3.807894 110
3798 3.493334 110
3799 3.124375 110
3800 1.233896 107
3801 2.686674 107
3802 0.075779 107
3803 3.583519 107
3804 3.906267 107
3805 3.502297 107
3806 2.893488 107
3807 1.671434 107
3808 3.634813 107
3809 13.176640 107
3810 1.506005 107
3811 2.109429 107
3812 1.934129 107
3813 0.603357 107
3814 5.834227 107
3815 3.688840 107
3816 1.976621 107
3817 1.992876 107
3818 2.193288 107
3819 2.616155 107
3820 6.030763 107
3821 0.278232 107
3822 6.734701 107
3823 2.310967 107
3824 15.511562 107
3825 16.536562 107
3826 0.414774 107
3827 3.408130 107
3828 1.464960 107
3829 1.342427 107
3830 21.091918 107
3831 2.713430 107
3832 20.228947 107
3833 1.510467 107
3834 3.211989 107
3835 1.437093 107
3836 3.435721 107
3837 40.824380 107
3838 57.892208 107
3839 3.849709 107
3840 0.000000 107
3841 2.573190 107
3842 39.473898 107
3843 4.348462 107
3844 1.372239 107
3845 2.645475 107
3846 2.609422 107
3847 14.700880 107
3848 2.346217 107
3849 0.000000 107
3850 2.132724 104
3851 4.438127 104
3852 1.653245 104
3853 1.832675 104
3854 1.372925 104
3855 2.075472 104
3856 1.517856 104
3857 2.059150 104
3858 1.202977 104
3859 3.864771 104
3860 3.541452 104
3861 3.322078 104
3862 1.236930 104
3863 1.805107 104
3864 2.830653 104
3865 37.398362 104
3866 2.103779 104
3867 4.795632 104
3868 2.220805 104
3869 1.953280 104
3870 2.734694 104
3871 1.695510 104
3872 1.460125 104
3873 1.099251 104
3874 1.907764 104
3875 1.873805 104
3876 0.835040 104
3877 3.769033 104
3878 3.800383 104
3879 2.292070 104
3880 2.159142 104
3881 1.997377 104
3882 7.064337 104
3883 1.942154 104
3884 2.947913 104
3885 0.879361 104
3886 0.679501 104
3887 3.529806 104
3888 46.629125 104
3889 18.236256 104
3890 5.889893 104
3891 8.575603 104
3892 2.711918 104
3893 2.697796 104
3894 1.764746 104
3895 4.837982 104
3896 8.383718 104
3897 4.068044 104
3898 1.701888 104
3899 3.270829 104
3900 156.045524 110
3901 1.804367 110
3902 3.511974 110
3903 2.487973 110
3904 1.522801 110
3905 1.655027 110
3906 0.000000 110
3907 1.130525 110
3908 3.347236 110
3909 0.284678 110
3910 2.613878 110
3911 1.587089 110
3912 1.891866 110
3913 2.565270 110
3914 2.540655 110
3915 2.414891 110
3916 1.880464 110
3917 2.002428 110
3918 0.974351 110
3919 1.258011 110
3920 1.347898 110
3921 1.025687 110
3922 0.757666 110
3923 1.515945 110
3924 7.087591 110
3925 1.632991 110
3926 31.056105 110
3927 14.430534 110
3928 2.161907 110
3929 51.542285 110
3930 1.937341 110
3931 3.097128 110
3932 1.166194 110
3933 1.581966 110
3934 3.148062 110
3935 2.166497 110
3936 2.436373 110
3937 2.306952 110
3938 1.140884 110
3939 13.227756 110
3940 0.027021 110
3941 3.892735 110
3942 2.349479 110
3943 0.948514 110
3944 1.912285 110
3945 36.874970 110
3946 1.832218 110
3947 2.369449 110
3948 2.303334 110
3949 15.313551 110
3950 0.900590 118
3951 2.084998 118
3952 6.303266 118
3953 0.428173 118
3954 1.577864 118
3955 44.701916 118
3956 58.311897 118
3957 2.125203 118
3958 1.823319 118
3959 7.515662 118
3960 0.000000 118
3961 1.687916 118
3962 1.582084 118
3963 5.633918 118
3964 6.086902 118
3965 17.140855 118
3966 3.024415 118
3967 12.896519 117
3968 1.000361 118
3969 0.438627 118
3970 16.481953 118
3971 2.676869 118
3972 2.526110 118
3973 0.000000 118
3974 4.034717 118
3975 1.178698 118
3976 2.018374 118
3977 0.888654 118
3978 2.660027 118
3979 1.586475 118
3980 0.000000 118
3981 3.224329 118
3982 3.519553 118
3983 3.637482 118
3984 2.241281 118
3985 1.340275 118
3986 0.029773 118
3987 1.495551 118
3988 8.150908 118
3989 0.805643 118
3990 3.111533 118
3991 0.526333 118
3992 11.416271 118
3993 0.530785 118
3994 0.485062 118
3995 0.679092 118
3996 0.716239 118
3997 0.647100 118
3998 1.684547 118
3999 1.002683 118
4000 0.197600 112
4001 0.449595 112
4002 3.118498 112
4003 1.829731 112
4004 3.239051 112
4005 2.222042 112
4006 0.830921 112
4007 4.805489 112
4008 0.328780 112
4009 2.089317 112
4010 0.710202 112
4011 1.487729 112
4012 2.815081 112
4013 7.360147 112
4014 4.243089 112
4015 0.434254 112
4016 0.540745 112
4017 1.250452 112
4018 1.305019 112
4019 0.383890 112
4020 3.276648 112
4021 1.789199 112
4022 3.375784 112
4023 4.404224 112
4024 1.457889 112
4025 2.880746 112
4026 2.048443 112
4027 34.960264 112
4028 1.573797 112
4029 1.833979 112
4030 1.570271 112
4031 339.314554 112
4032 132.928079 112
4033 47.431146 112
4034 6.037921 112
4035 37.538798 112
4036 2.532657 112
4037 1.362512 112
4038 9.637818 112
4039 0.861726 112
4040 0.000000 112
4041 3.693727 112
4042 0.933521 112
4043 2.244870 112
4044 1.306208 112
4045 10.124040 112
4046 25.617564 112
4047 2.387035 112
4048 1.562823 112
4049 1.331600 112
4050 2.955104 120
4051 1.510785 120
4052 0.764953 120
4053 2.272294 120
4054 0.885968 120
4055 1.663504 120
4056 2.115206 120
4057 1.043942 120
4058 0.012849 120
4059 0.632966 120
4060 72.602334 120
4061 2.172912 120
4062 1.935842 120
4063 1.833040 120
4064 1.594781 120
4065 2.678442 120
4066 29.983804 120
4067 0.485261 120
4068 8.523813 120
4069 1.675019 120
4070 1.310787 120
4071 2.901182 120
4072 0.928829 120
4073 1.322905 120
4074 1.062736 120
4075 3.202242 120
4076 6.723334 120
4077 2.281816 120
4078 0.482649 120
4079 0.682506 120
4080 2.499048 120
4081 2.853157 120
4082 2.707870 120
4083 3.302239 120
4084 7.981914 120
4085 0.731546 120
4086 3.549822 120
4087 0.901410 120
4088 4.095756 120
4089 3.307429 120
4090 3.429103 120
4091 6.088649 120
4092 12.840991 120
4093 0.093004 120
4094 8.058130 120
4095 3.832124 120
4096 3.876453 120
4097 2.582668 120
4098 2.010351 120
4099 3.163995 120
4100 2.785578 114
4101 0.755582 114
4102 1.366300 114
4103 1.899325 114
4104 2.124791 114
4105 3.511353 114
4106 28.109035 114
4107 0.000000 114
4108 3.675215 114
4109 5.668703 114
4110 0.416657 114
4111 15.362289 114
4112 106.772551 114
4113 1.869192 114
4114 2.090591 114
4115 3.057642 114
4116 6.438242 114
4117 10.857748 113
4118 4.139748 114
4119 22.517144 114
4120 4.929454 114
4121 0.000000 114
4122 7.845350 114
4123 2.278318 114
4124 2.482610 114
4125 6.335464 114
4126 8.880248 114
4127 3.018282 114
4128 2.407840 114
4129 5.878422 114
4130 3.398328 114
4131 4.275029 114
4132 0.900774 114
4133 1.829741 114
4134 0.000000 114
4135 0.000000 114
4136 3.464506 114
4137 2.945017 114
4138 4.081530 114
4139 4.284031 114
4140 3.224697 114
4141 8.253015 114
4142 7.316644 114
4143 3.615306 114
4144 1.098334 114
4145 2.751002 114
4146 3.114085 114
4147 1.781829 114
4148 2.869977 114
4149 6.974843 114
4150 0.935788 112
4151 4.900939 112
4152 1.507168 112
4153 0.546489 112
4154 5.404244 112
4155 5.094069 112
4156 4.692486 112
4157 2.169894 112
4158 3.867292 112
4159 9.658948 112
4160 1.909661 112
4161 32.987666 112
4162 15.150693 112
4163 12.874151 112
4164 3.586062 112
4165 0.005608 112
4166 12.961413 112
4167 5.074551 112
4168 2.631013 112
4169 0.915519 112
4170 2.318447 112
4171 2.045307 112
4172 10.291488 112
4173 19.783239 112
4174 2.359792 112
4175 3.974182 112
4176 10.894728 112
4177 1.042873 112
4178 1.691647 112
4179 2.965469 112
4180 2.920602 112
4181 4.507978 112
4182 4.052249 112
4183 57.166668 112
4184 14.149280 112
4185 5.695590 112
4186 2.398285 112
4187 3.257628 112
4188 8.960435 112
4189 0.674267 112
4190 6.957617 112
4191 16.944101 112
4192 1.995870 112
4193 2.192122 112
4194 1.057197 112
4195 3.543352 112
4196 0.567467 112
4197 7.739989 112
4198 2.318875 112
4199 2.515518 112
4200 1.454347 116
4201 2.994984 116
4202 2.499101 116
4203 4.537146 116
4204 11.213069 116
4205 9.289379 116
4206 8.431804 116
4207 7.764634 116
4208 10.430710 116
4209 9.770025 116
4210 1.418587 116
4211 4.755063 116
4212 4.459681 116
4213 1.960200 116
4214 5.203996 116
4215 9.999143 116
4216 6.496072 116
4217 1.216394 116
4218 3.583447 116
4219 8.590778 116
4220 1.845121 116
4221 2.483381 116
4222 108.033430 116
4223 0.000000 116
4224 2.522913 116
4225 1.939102 116
4226 1.503115 116
4227 5.319069 116
4228 5.042199 116
4229 2.428649 116
4230 3.417068 116
4231 5.339527 116
4232 1.967040 116
4233 1.709339 116
4234 1.233929 116
4235 3.120295 116
4236 0.749424 116
4237 0.777283 116
4238 2.108096 116
4239 1.788719 116
4240 3.715337 116
4241 3.407484 116
4242 0.657856 116
4243 2.837834 116
4244 2.958471 116
4245 3.363462 116
4246 1.800850 116
4247 0.672576 116
4248 1.039733 116
4249 1.037617 116
4250 0.270031 101
4251 0.161419 101
4252 1.441772 101
4253 2.013906 101
4254 1.843037 101
4255 1.722814 101
4256 2.681838 101
4257 3.189465 101
4258 2.710052 101
4259 3.088897 101
4260 3.512181 101
4261 3.528060 101
4262 3.198748 101
4263 2.955765 101
4264 3.777537 101
4265 2.659278 101
4266 3.815158 101
4267 3.102315 101
4268 4.308205 101
4269 5.735736 101
4270 6.792947 101
4271 8.072556 101
4272 8.318972 101
4273 9.861993 101
4274 0.000000 101
4275 0.000000 101
4276 0.000000 101
4277 0.000000 101
4278 0.523623 101
4279 1.507704 101
4280 4.689268 101
4281 3.759662 101
4282 0.370764 101
4283 2.695609 101
4284 1.279978 101
4285 16.584960 101
4286 1.296171 101
4287 3.294794 101
4288 0.491639 101
4289 12.704929 101
4290 6.182748 101
4291 13.962364 101
4292 13.260370 101
4293 13.485185 101
4294 13.783051 101
4295 13.809634 101
4296 13.706927 101
4297 13.658248 101
4298 0.000000 101
4299 12.743972 101
4300 3.376840 105
4301 8.539544 105
4302 7.730253 105
4303 8.532153 105
4304 7.415510 105
4305 8.658715 105
4306 0.941675 105
4307 3.438755 105
4308 9.668652 105
4309 8.637599 105
4310 3.555457 105
4311 4.659946 105
4312 9.411460 105
4313 7.929312 105
4314 9.340513 105
4315 9.079358 105
4316 8.757058 105
4317 4.306759 105
4318 33.534086 105
4319 1.659312 105
4320 1.727505 105
4321 2.466943 105
4322 2.280991 105
4323 2.216951 105
4324 2.383172 105
4325 1.047993 105
4326 13.927341 105
4327 2.969818 105
4328 7.872447 105
4329 0.811011 105
4330 12.568457 105
4331 1.221505 105
4332 1.673741 105
4333 1.112469 105
4334 3.013654 105
4335 1.076703 105
4336 0.562960 105
4337 0.962223 105
4338 1.617791 105
4339 3.764213 105
4340 2.187126 105
4341 1.422500 105
4342 1.834200 105
4343 1.193317 105
4344 0.000000 105
4345 0.000000 105
4346 0.000000 105
4347 0.000000 105
4348 0.000000 105
4349 0.000000 105
4350 0.000000 104
4351 1.747333 104
4352 0.506806 104
4353 1.799907 104
4354 2.450784 104
4355 1.676790 104
4356 2.933589 104
4357 2.120856 104
4358 1.189234 104
4359 0.884525 104
4360 78.411018 104
4361 86.291134 104
4362 81.645985 104
4363 78.882974 104
4364 82.262755 104
4365 82.705077 104
4366 83.386327 104
4367 76.341778 104
4368 82.442419 104
4369 84.557811 104
4370 86.665572 104
4371 85.010692 104
4372 78.864110 104
4373 83.052215 104
4374 82.637891 104
4375 85.436838 104
4376 80.410773 104
4377 83.631679 104
4378 84.806133 104
4379 4.053104 104
4380 7.107874 104
4381 16.918079 104
4382 8.726093 104
4383 15.449186 104
4384 5.793012 104
4385 5.501200 104
4386 8.486992 104
4387 6.217202 104
4388 379.227164 104
4389 2.460956 104
4390 4.603537 104
4391 10.643125 102
4392 72.154130 104
4393 9.703471 104
4394 2.841894 104
4395 5.678441 104
4396 4.884798 104
4397 7.375942 104
4398 6.128271 104
4399 5.200960 104
4400 2.248110 87
4401 4.743494 87
4402 5.024483 87
4403 6.360156 87
4404 4.723095 87
4405 5.047638 87
4406 3.568828 87
4407 3.517120 87
4408 3.296362 87
4409 4.189679 87
4410 3.183049 87
4411 2.688766 87
4412 4.190225 87
4413 2.181591 87
4414 21.949702 87
4415 4.069254 87
4416 91.837642 87
4417 0.701990 87
4418 13.139749 87
4419 21.704703 87
4420 1.881717 87
4421 0.662410 87
4422 20.965585 87
4423 16.003741 87
4424 2.020501 87
4425 0.794272 87
4426 14.257835 87
4427 29.998709 87
4428 1.922283 87
4429 9.075431 87
4430 2.603278 87
4431 2.369387 87
4432 55.777492 87
4433 8.994821 87
4434 2.317769 87
4435 51.117848 87
4436 2.912429 87
4437 1.599009 87
4438 35.262429 87
4439 38.859611 87
4440 3.332799 87
4441 1.627446 87
4442 33.003375 87
4443 3.618998 87
4444 54.407293 87
4445 0.684493 87
4446 9.746586 87
4447 1.549919 87
4448 38.170341 87
4449 1.120706 87
4450 7.008118 101
4451 31.521407 101
4452 2.294281 101
4453 1.895139 101
4454 0.985226 101
4455 2.165570 101
4456 1.885869 101
4457 5.176361 101
4458 2.441444 101
4459 5.266342 101
4460 3.861501 101
4461 11.281173 101
4462 2.654119 101
4463 5.364911 101
4464 1.364470 101
4465 3.531460 101
4466 3.718908 101
4467 2.324891 101
4468 2.574475 101
4469 6.154661 101
4470 1.530436 101
4471 2.775216 101
4472 4.734816 101
4473 20.980599 101
4474 44.551326 101
4475 2.838162 101
4476 6.317080 101
4477 13.655817 101
4478 1.688465 101
4479 1.725323 101
4480 7.848281 101
4481 1.360664 101
4482 1.375605 101
4483 0.002545 101
4484 2.123595 101
4485 2.286612 101
4486 2.644546 101
4487 3.982103 101
4488 2.908137 101
4489 2.017063 101
4490 3.383402 101
4491 3.973861 101
4492 19.624509 101
4493 3.862112 101
4494 3.328468 101
4495 0.548177 101
4496 6.174234 101
4497 3.610132 101
4498 4.003864 101
4499 18.969086 101
