0 1.767624 117
1 1.221735 117
2 0.907615 117
3 0.772974 117
4 0.754291 117
5 20.000000 117
6 1.723333 117
7 2.020094 117
8 1.745487 117
9 1.004906 117
10 1.899103 117
11 1.686692 117
12 6.413667 117
13 2.214641 117
14 5.215778 117
15 1.425274 117
16 1.602291 117
17 1.709239 117
18 1.665786 117
19 0.729761 117
20 0.790026 117
21 1.696829 117
22 0.680880 117
23 1.507444 117
24 0.864632 117
25 1.694026 117
26 2.108726 117
27 2.132436 117
28 1.899615 117
29 1.906530 117
30 0.808154 117
31 1.746547 117
32 1.279538 117
33 1.382000 117
34 1.098838 117
35 1.184068 117
36 1.237744 117
37 1.410778 117
38 0.556496 117
39 0.488735 117
40 0.442120 117
41 1.179846 117
42 1.359581 117
43 1.220795 117
44 0.504744 117
45 1.178880 117
46 0.471795 117
47 0.665897 117
48 0.365120 117
49 1.367590 117
50 1.478983 115
51 1.659983 115
52 1.330522 115
53 1.404930 115
54 2.501722 115
55 2.431200 115
56 1.431530 115
57 1.723183 115
58 2.597904 115
59 1.683322 115
60 12.401070 115
61 2.139652 115
62 2.386965 115
63 1.634009 115
64 1.556852 115
65 1.589043 115
66 1.342870 115
67 2.351939 115
68 2.423843 115
69 1.362009 115
70 0.375757 115
71 0.374313 115
72 0.515330 115
73 1.662913 115
74 1.174087 115
75 0.774600 115
76 0.425296 115
77 0.357365 115
78 0.482678 115
79 0.567713 115
80 0.510035 115
81 0.421835 115
82 1.044304 115
83 1.416435 115
84 0.461026 114
85 1.224913 115
86 0.418626 115
87 0.480400 115
88 0.505600 115
89 4.576061 115
90 1.110052 115
91 19.858357 115
92 1.149626 115
93 0.758730 115
94 0.786861 115
95 0.736304 115
96 2.148052 115
97 0.794496 115
98 0.423774 115
99 0.428643 115
100 0.494925 93
101 0.270172 93
102 0.287452 93
103 0.329086 93
104 1.425505 93
105 0.518774 93
106 0.408011 93
107 1.400473 93
108 0.656097 93
109 1.619527 93
110 1.360516 93
111 2.026559 93
112 4.734828 93
113 1.257527 93
114 0.349720 93
115 0.557075 93
116 1.421054 93
117 1.203882 93
118 0.379387 93
119 0.401935 93
120 1.250258 93
121 1.096925 93
122 3.346258 93
123 1.395333 93
124 1.207742 93
125 1.182430 93
126 1.352043 93
127 1.353613 93
128 1.224817 93
129 2.200301 93
130 1.429710 93
131 1.369871 93
132 0.979441 93
133 1.912430 93
134 0.438301 93
135 0.506903 93
136 1.653645 93
137 1.551742 93
138 0.423828 93
139 0.490957 93
140 1.248452 93
141 1.441344 93
142 0.593312 93
143 1.322065 93
144 1.974000 93
145 1.377957 93
146 2.003903 93
147 1.113677 93
148 1.677978 93
149 2.022742 93
150 1.462365 96
151 0.654938 96
152 1.775385 96
153 2.425531 96
154 1.583823 96
155 1.037333 96
156 2.870594 96
157 1.512354 96
158 2.008073 96
159 1.990490 96
160 15.393906 96
161 1.574865 96
162 2.813469 96
163 2.484104 96
164 1.336448 96
165 0.430615 96
166 0.395708 96
167 1.003563 96
168 0.556500 96
169 19.999969 96
170 19.999656 96
171 2.451354 96
172 15.256094 96
173 13.262646 96
174 10.974479 96
175 10.367417 96
176 9.545354 96
177 8.697646 96
178 8.298313 96
179 13.138760 96
180 6.917260 96
181 6.095760 96
182 4.971531 96
183 4.173437 96
184 3.364240 96
185 1.972646 96
186 1.286010 96
187 10.010271 96
188 1.364521 96
189 0.668240 96
190 0.711021 96
191 9.468948 96
192 0.766656 96
193 0.249146 96
194 0.332573 96
195 9.438250 96
196 0.720865 96
197 0.249156 96
198 0.231354 96
199 0.237698 96
200 16.415457 94
201 13.807340 94
202 13.734681 94
203 13.090691 94
204 12.240064 94
205 11.575106 94
206 10.775394 94
207 9.933351 94
208 13.566947 94
209 9.212638 94
210 8.273213 94
211 7.613809 94
212 7.170574 94
213 6.563447 94
214 5.500213 94
215 5.140840 94
216 4.200915 94
217 3.657319 94
218 2.118277 94
219 1.209202 94
220 0.985660 94
221 0.792691 94
222 0.514553 94
223 0.724723 94
224 0.707904 94
225 0.743713 94
226 0.725968 94
227 9.408979 94
228 0.998149 94
229 0.484223 94
230 0.486415 94
231 9.579319 94
232 0.958628 94
233 0.528628 94
234 0.495691 94
235 0.478202 94
236 0.326330 94
237 0.328851 94
238 0.278872 94
239 0.322085 94
240 0.339117 94
241 0.405309 94
242 0.241489 94
243 0.243160 94
244 0.266255 94
245 0.256819 94
246 0.343574 94
247 9.230404 94
248 0.628883 94
249 0.289436 94
250 16.529907 97
251 14.501773 97
252 14.302577 97
253 15.712979 97
254 13.357041 97
255 12.419093 97
256 11.639567 97
257 11.017361 97
258 10.004680 97
259 9.791969 97
260 9.181278 97
261 8.200732 97
262 7.567072 97
263 6.553278 97
264 5.954113 97
265 5.515031 97
266 5.317804 97
267 4.281784 97
268 3.078000 97
269 2.102299 97
270 0.881990 97
271 9.359144 97
272 9.720536 97
273 9.657186 97
274 9.530093 97
275 9.468227 97
276 0.610804 97
277 0.534124 97
278 0.301825 97
279 8.359010 97
280 0.845474 97
281 0.492907 97
282 0.269423 97
283 0.370258 97
284 0.462258 97
285 0.484082 97
286 0.473567 97
287 0.358546 97
288 0.269124 97
289 0.460155 97
290 0.274423 97
291 8.152670 97
292 0.864340 97
293 0.674928 97
294 0.460639 97
295 0.263938 97
296 0.457649 97
297 0.467711 97
298 0.479948 97
299 0.267856 97
300 16.656430 100
301 14.865500 100
302 14.608900 100
303 14.082900 100
304 13.672300 100
305 12.500740 100
306 11.883150 100
307 11.304470 100
308 10.523600 100
309 9.723290 100
310 8.914040 100
311 8.140220 100
312 7.690240 100
313 6.742030 100
314 5.553080 100
315 5.398060 100
316 4.564800 100
317 3.757750 100
318 2.769450 100
319 1.790040 100
320 0.870620 100
321 0.699730 100
322 0.345400 100
323 0.297140 100
324 0.314380 100
325 0.293690 100
326 0.303920 100
327 0.328100 100
328 0.303100 100
329 0.474710 100
330 0.331780 100
331 0.299220 100
332 0.377510 100
333 0.341750 100
334 0.349330 100
335 0.303730 100
336 0.338260 100
337 0.271760 100
338 8.833100 100
339 0.611200 100
340 0.477030 100
341 0.260350 100
342 0.264040 100
343 0.302610 100
344 0.328370 100
345 0.280400 100
346 0.279850 100
347 0.299540 100
348 0.313690 100
349 0.286660 100
350 17.814542 107
351 15.603252 107
352 15.193467 107
353 14.486140 107
354 13.949907 107
355 15.964514 107
356 15.847402 107
357 15.813224 107
358 15.689542 107
359 10.901822 107
360 8.907822 107
361 8.362720 107
362 13.976916 107
363 8.026981 107
364 13.248832 107
365 6.769224 107
366 12.100374 107
367 12.443037 107
368 4.075879 107
369 1.553598 107
370 9.890673 107
371 10.058103 107
372 10.097103 107
373 1.044925 107
374 9.685673 107
375 1.159234 107
376 0.899495 107
377 0.810037 107
378 9.449065 107
379 9.767131 107
380 0.974794 107
381 0.621430 107
382 0.794252 107
383 8.929664 107
384 9.265570 107
385 0.779234 107
386 0.595178 107
387 0.532467 107
388 8.770327 107
389 8.988720 107
390 8.890879 107
391 8.548234 107
392 0.879421 107
393 0.429776 107
394 7.855729 107
395 8.119299 107
396 0.664243 107
397 7.298383 107
398 7.221701 107
399 7.028150 107
400 16.622670 100
401 14.103260 100
402 13.619710 100
403 13.097940 100
404 15.256000 100
405 15.276450 100
406 15.301550 100
407 15.242630 100
408 11.222080 100
409 14.760990 100
410 19.405470 100
411 14.068730 100
412 13.456390 100
413 18.409780 100
414 18.409980 100
415 9.757980 100
416 18.409490 100
417 11.786730 100
418 18.411000 100
419 18.608930 100
420 8.332620 100
421 18.610550 100
422 18.610070 100
423 6.558100 100
424 4.728020 100
425 18.609870 100
426 4.744580 100
427 3.023940 100
428 18.806240 100
429 4.010960 100
430 2.904310 100
431 18.806340 100
432 18.806270 100
433 18.806320 100
434 1.229440 100
435 0.411040 100
436 0.555940 100
437 18.739250 100
438 1.081330 100
439 0.398720 100
440 0.499500 100
441 18.861540 100
442 1.071050 100
443 0.734750 100
444 0.414740 100
445 19.264240 100
446 0.568890 100
447 19.235220 100
448 0.936460 100
449 18.765270 100
450 19.509635 104
451 10.029808 104
452 1.046923 104
453 0.693577 104
454 4.966721 104
455 1.078587 104
456 5.303817 104
457 5.692808 104
458 2.071740 104
459 18.530471 104
460 1.334442 104
461 1.020327 104
462 0.404288 104
463 0.607337 104
464 0.323558 104
465 1.137788 104
466 0.621163 104
467 0.716279 104
468 0.604635 104
469 0.454500 104
470 0.705779 104
471 0.700135 104
472 0.598183 104
473 0.626740 104
474 0.628760 104
475 0.651288 104
476 0.663885 104
477 0.656846 104
478 0.703154 104
479 0.640192 104
480 0.781298 104
481 0.653144 104
482 19.711462 104
483 0.910558 104
484 0.252769 104
485 0.268067 104
486 1.129288 104
487 0.312510 104
488 0.275663 104
489 1.246673 104
490 1.079721 104
491 0.285654 104
492 0.292923 104
493 0.877221 104
494 0.398615 104
495 0.289462 104
496 1.677202 104
497 0.249202 104
498 1.208625 104
499 1.002846 104
500 0.988184 114
501 1.429421 114
502 0.364509 114
503 2.265789 114
504 1.531175 114
505 0.999246 114
506 0.959491 114
507 1.011658 114
508 1.479649 114
509 0.595254 114
510 3.349175 114
511 1.535605 114
512 1.373377 114
513 1.289921 114
514 1.486281 114
515 1.053526 114
516 2.278219 114
517 1.643053 114
518 1.195395 114
519 1.096026 114
520 1.110623 114
521 1.149307 114
522 1.074746 114
523 1.184754 114
524 1.727070 114
525 1.201421 114
526 1.222386 114
527 1.761702 114
528 1.277860 114
529 1.398211 114
530 1.925123 114
531 1.403991 114
532 1.438570 114
533 0.468254 114
534 0.648693 114
535 0.674807 114
536 0.441307 114
537 0.534491 114
538 1.880605 114
539 1.443228 114
540 1.862412 114
541 1.478623 114
542 1.204386 114
543 2.977202 114
544 1.424144 111
545 1.110202 114
546 19.824588 114
547 2.159070 114
548 1.443535 114
549 0.982628 113
550 2.639220 100
551 3.662500 100
552 0.793550 100
553 0.762280 100
554 0.601120 100
555 0.526720 100
556 0.567290 100
557 0.901710 100
558 0.633960 100
559 1.779130 100
560 0.642660 100
561 0.859930 100
562 0.588440 100
563 0.591890 100
564 0.654700 100
565 1.334560 100
566 0.716890 100
567 6.917550 100
568 1.792410 100
569 2.690540 100
570 0.738560 100
571 1.975430 100
572 0.908330 100
573 0.674170 100
574 0.661180 100
575 0.796300 100
576 0.630790 100
577 0.527180 100
578 2.065350 100
579 0.985530 100
580 1.065770 100
581 1.123930 100
582 1.073130 100
583 1.399260 100
584 1.014720 100
585 1.131810 100
586 1.905430 100
587 2.106100 100
588 1.582940 100
589 0.945910 100
590 0.675120 100
591 1.552480 100
592 2.272350 100
593 3.726230 100
594 2.572950 100
595 2.345570 100
596 2.256790 100
597 1.873100 100
598 3.746430 100
599 2.235070 100
600 3.242118 110
601 2.186836 110
602 1.882845 110
603 3.392582 110
604 1.863018 110
605 1.954755 110
606 2.042836 110
607 1.827318 110
608 2.732755 110
609 2.465700 110
610 1.493609 110
611 3.236782 110
612 1.933873 110
613 1.561682 110
614 1.698564 110
615 2.014000 110
616 3.336700 110
617 2.836440 109
618 4.047391 110
619 1.198056 107
620 2.910636 110
621 1.911109 110
622 10.744655 110
623 10.745473 110
624 4.125845 110
625 2.737688 109
626 1.965700 110
627 1.335045 110
628 1.209955 110
629 1.421982 110
630 1.953818 110
631 1.532273 110
632 0.674191 110
633 0.549864 110
634 1.562873 110
635 1.050300 110
636 1.233827 110
637 1.749073 110
638 2.340064 110
639 2.808682 110
640 2.972127 110
641 3.156900 110
642 2.452255 110
643 2.588327 110
644 2.176773 110
645 2.130482 110
646 1.074700 110
647 1.135091 110
648 1.059818 110
649 1.298864 110
650 18.169371 105
651 1.829276 105
652 0.802400 105
653 1.625000 105
654 2.048867 105
655 4.191552 105
656 1.611638 105
657 2.659095 105
658 1.523162 105
659 10.219819 105
660 1.185076 105
661 1.769848 105
662 0.884467 105
663 1.892019 105
664 1.804171 105
665 2.949438 105
666 3.020838 105
667 1.672057 105
668 0.921933 105
669 1.306410 105
670 0.432190 105
671 1.778486 105
672 1.644676 105
673 1.077829 105
674 3.179867 105
675 3.096962 105
676 3.729543 105
677 1.877457 105
678 1.963829 105
679 3.145038 105
680 1.872905 105
681 4.864162 105
682 2.391629 105
683 13.857505 105
684 1.199495 105
685 1.398019 105
686 1.630429 105
687 3.086476 105
688 2.296171 105
689 1.296552 105
690 1.178743 105
691 2.403695 105
692 3.768076 105
693 3.203971 105
694 2.794638 105
695 1.537067 105
696 1.100171 105
697 13.918200 105
698 2.794381 105
699 1.044771 105
700 4.309179 95
701 4.340842 95
702 3.752832 95
703 2.551905 95
704 2.048358 95
705 4.829632 95
706 3.065253 95
707 2.414842 95
708 2.024600 95
709 2.006221 95
710 4.847337 95
711 3.569642 95
712 3.801453 95
713 1.813053 95
714 6.361632 95
715 2.629232 95
716 7.610074 95
717 3.234874 95
718 3.686674 95
719 2.705674 95
720 3.573305 95
721 3.523063 95
722 2.356042 95
723 2.383547 95
724 1.576411 95
725 2.598011 95
726 19.999989 95
727 19.999936 94
728 19.999926 94
729 19.999723 94
730 19.999894 94
731 19.999734 94
732 19.999894 94
733 19.999670 94
734 19.789484 95
735 19.999936 94
736 1.129926 95
737 1.477189 95
738 1.670179 95
739 0.481021 94
740 0.495149 94
741 0.861579 95
742 0.255372 94
743 0.243223 94
744 0.866474 95
745 1.178642 95
746 0.988842 95
747 0.235085 94
748 0.229745 94
749 0.777926 95
750 1.858773 97
751 1.807794 97
752 1.419371 97
753 0.463844 96
754 1.459515 97
755 2.843412 97
756 2.612567 97
757 5.516082 97
758 0.943242 95
759 1.050968 95
760 0.898337 95
761 1.050905 95
762 3.020082 97
763 0.661760 96
764 0.590875 96
765 2.154289 97
766 1.641411 95
767 0.451583 96
768 1.637206 97
769 1.459469 96
770 0.466312 96
771 3.288454 97
772 5.171042 96
773 6.375948 97
774 2.021948 97
775 1.510402 97
776 2.055237 97
777 1.627165 97
778 3.242959 97
779 1.950412 97
780 1.446990 97
781 1.564876 97
782 1.140825 97
783 1.393887 97
784 1.591711 97
785 1.228928 97
786 0.516594 96
787 1.328876 97
788 0.446948 96
789 1.611021 97
790 1.328670 97
791 2.508979 97
792 0.512677 96
793 1.200299 97
794 1.263278 97
795 1.098124 97
796 1.194546 97
797 1.312124 97
798 1.205186 97
799 1.105990 97
800 3.592861 108
801 1.449463 108
802 1.338352 108
803 16.464574 108
804 1.168383 107
805 1.679370 108
806 1.465111 108
807 1.594157 108
808 1.783704 108
809 1.642889 108
810 0.500726 106
811 1.406546 108
812 1.261213 108
813 0.410477 107
814 1.621370 108
815 1.688898 108
816 2.696907 108
817 14.454880 108
818 15.868111 108
819 16.478648 108
820 16.824259 108
821 17.402093 108
822 0.912454 108
823 0.988722 108
824 7.675667 108
825 1.006037 108
826 1.005824 108
827 0.896565 108
828 0.896259 108
829 1.016231 108
830 1.833343 108
831 2.105889 108
832 1.524407 108
833 0.844676 108
834 0.807278 108
835 1.036472 108
836 0.856352 108
837 0.894639 108
838 0.501963 108
839 0.718148 108
840 1.683074 108
841 3.938259 108
842 0.768269 108
843 0.676806 108
844 0.884028 108
845 0.937241 108
846 1.846120 108
847 0.678648 108
848 0.661583 108
849 1.010935 108
850 11.247695 105
851 2.064686 105
852 1.023981 104
853 1.319724 105
854 1.403638 105
855 0.404942 104
856 0.419740 104
857 1.512905 105
858 0.476486 105
859 0.544510 104
860 1.322257 105
861 1.308524 105
862 1.727248 105
863 2.103543 105
864 1.330952 105
865 1.537152 105
866 3.384095 105
867 17.075663 104
868 4.240971 104
869 4.704788 104
870 18.352567 104
871 6.455231 104
872 18.478942 104
873 5.978125 104
874 6.328144 104
875 6.242731 104
876 5.859204 103
877 5.715317 104
878 5.223408 103
879 4.754204 103
880 4.863612 103
881 4.223825 103
882 3.918558 104
883 3.788922 103
884 3.753495 103
885 3.311456 103
886 3.312466 103
887 2.683798 104
888 2.576838 105
889 2.306806 103
890 1.960788 104
891 1.569350 103
892 16.690695 105
893 18.661692 104
894 15.761000 104
895 1.507705 105
896 0.228731 104
897 0.240875 104
898 0.854324 105
899 0.227904 104
900 0.833030 100
901 1.286010 100
902 3.071520 100
903 2.044768 99
904 2.067263 99
905 1.674610 100
906 0.453232 99
907 0.386960 99
908 1.382620 100
909 0.569838 99
910 0.545081 99
911 1.761090 100
912 0.536263 99
913 0.426535 99
914 1.278380 100
915 0.428384 99
916 1.571790 100
917 19.999970 100
918 19.999717 99
919 19.999929 99
920 19.999808 99
921 19.799960 100
922 19.999677 99
923 19.799920 100
924 19.999707 99
925 19.999889 99
926 19.999667 99
927 19.999899 99
928 19.999747 99
929 19.999960 99
930 19.999657 99
931 1.149730 100
932 1.705130 100
933 0.769646 99
934 0.607444 99
935 0.442870 100
936 1.702687 99
937 0.856051 99
938 0.876170 100
939 1.580980 100
940 0.278000 99
941 0.316640 100
942 0.292465 99
943 0.377455 99
944 1.263860 100
945 1.138250 100
946 0.472970 100
947 0.256000 99
948 0.680480 100
949 0.183333 99
950 0.681689 103
951 0.345806 103
952 1.320524 103
953 0.774422 102
954 1.505408 103
955 0.875578 102
956 1.393233 103
957 0.505902 102
958 0.619441 102
959 0.509402 102
960 1.308214 103
961 0.598069 102
962 0.441059 102
963 0.338598 102
964 1.380398 103
965 1.574738 103
966 0.413911 101
967 4.564301 103
968 3.395079 101
969 3.542563 103
970 3.678353 102
971 3.484257 101
972 1.987893 103
973 1.181243 103
974 1.032388 103
975 0.285825 103
976 1.265922 103
977 1.437495 103
978 1.203786 103
979 1.043592 103
980 3.038019 103
981 11.375340 103
982 0.990725 102
983 1.547922 103
984 1.026864 103
985 2.093388 103
986 0.693476 103
987 1.261903 103
988 1.007000 103
989 2.707718 103
990 0.998786 103
991 0.975796 103
992 0.989476 103
993 1.196485 103
994 1.281767 103
995 1.287738 103
996 0.860990 103
997 1.141466 103
998 0.870699 103
999 0.791214 103
1000 0.851753 81
1001 1.266000 81
1002 2.985247 81
1003 1.628173 81
1004 1.227296 81
1005 1.321259 81
1006 1.094889 81
1007 1.025790 81
1008 2.262395 81
1009 1.449309 81
1010 1.584000 81
1011 1.467358 81
1012 1.390543 81
1013 1.944852 81
1014 1.160284 81
1015 1.583432 81
1016 1.265025 81
1017 0.394250 80
1018 0.513238 80
1019 0.376175 80
1020 0.427437 80
1021 0.421338 80
1022 0.356488 80
1023 0.404725 80
1024 0.316038 80
1025 0.373587 80
1026 0.357938 80
1027 0.407765 81
1028 0.486062 80
1029 0.392778 81
1030 0.417013 80
1031 0.481375 80
1032 1.038383 81
1033 0.253275 80
1034 0.336725 80
1035 1.020074 81
1036 0.347275 80
1037 0.963519 81
1038 0.280550 80
1039 0.387450 80
1040 1.092790 81
1041 0.314300 80
1042 1.037296 81
1043 1.608370 81
1044 0.794975 80
1045 0.598963 80
1046 0.926136 81
1047 0.271813 80
1048 0.352888 80
1049 6.057111 81
1050 6.895225 102
1051 6.739824 102
1052 5.320029 102
1053 1.106314 102
1054 0.544490 102
1055 6.052196 102
1056 0.933324 102
1057 0.755539 102
1058 1.289961 102
1059 0.477971 102
1060 0.372235 102
1061 1.907029 102
1062 1.386402 102
1063 1.022475 101
1064 1.405535 101
1065 0.777412 102
1066 1.897545 101
1067 0.547000 102
1068 0.964752 101
1069 0.734574 101
1070 0.744208 101
1071 1.412317 101
1072 0.895218 101
1073 1.112426 101
1074 1.820088 102
1075 0.773324 102
1076 0.811608 102
1077 0.596069 102
1078 0.687255 102
1079 1.442657 102
1080 0.533539 102
1081 0.463167 102
1082 0.664559 102
1083 0.698510 102
1084 0.596520 102
1085 0.438304 102
1086 0.425324 102
1087 3.068971 102
1088 2.749510 102
1089 2.879235 102
1090 3.459647 102
1091 3.338922 102
1092 3.154833 102
1093 3.086990 102
1094 1.451765 102
1095 0.855794 102
1096 0.748480 102
1097 0.269559 102
1098 0.231676 102
1099 0.223931 102
1100 0.868362 116
1101 1.308293 116
1102 7.350739 115
1103 1.443983 116
1104 1.219724 116
1105 1.219897 116
1106 1.097043 116
1107 1.305310 116
1108 1.131241 116
1109 0.374672 116
1110 0.435304 115
1111 0.389513 115
1112 6.411052 116
1113 1.721487 115
1114 1.614181 116
1115 1.280353 116
1116 1.352664 116
1117 1.391603 116
1118 1.738845 116
1119 1.493069 116
1120 1.120086 116
1121 0.857878 115
1122 1.172241 116
1123 0.382861 115
1124 0.415061 115
1125 10.816043 116
1126 0.998897 116
1127 0.298130 115
1128 0.338313 115
1129 1.228595 116
1130 1.261371 116
1131 1.350250 116
1132 19.999931 116
1133 19.999643 115
1134 1.001724 116
1135 0.986112 116
1136 1.294130 115
1137 0.968345 116
1138 0.200482 114
1139 2.148509 116
1140 1.218009 116
1141 1.338791 115
1142 1.156810 116
1143 1.719871 116
1144 0.748070 115
1145 1.150543 116
1146 0.884819 116
1147 0.909922 115
1148 0.756966 116
1149 0.811121 116
1150 0.871642 106
1151 0.345915 106
1152 0.515632 106
1153 1.861283 106
1154 0.911638 105
1155 0.861305 105
1156 19.999972 106
1157 19.999743 105
1158 1.634104 106
1159 0.403923 104
1160 1.920509 106
1161 0.698375 104
1162 1.629481 106
1163 0.531533 105
1164 0.382400 105
1165 1.423519 106
1166 1.204415 106
1167 1.611113 106
1168 0.830660 106
1169 0.408038 106
1170 1.819085 106
1171 0.475200 105
1172 1.524302 106
1173 0.949267 105
1174 1.629085 106
1175 0.910648 105
1176 1.668557 106
1177 0.686500 106
1178 1.598311 106
1179 1.033762 105
1180 1.426991 106
1181 0.777190 105
1182 1.109972 106
1183 0.996113 106
1184 1.110877 106
1185 0.481429 105
1186 1.101302 106
1187 1.076358 106
1188 1.862972 106
1189 1.371095 105
1190 2.824179 106
1191 1.234330 106
1192 1.847066 106
1193 1.093283 106
1194 0.334924 105
1195 0.956198 106
1196 0.398800 105
1197 1.152519 106
1198 1.140566 106
1199 0.310886 105
1200 1.484811 106
1201 0.662887 106
1202 1.198066 106
1203 0.298651 106
1204 1.143340 106
1205 0.495726 106
1206 2.096283 106
1207 0.863170 106
1208 0.613481 106
1209 0.620660 106
1210 12.389698 106
1211 2.867292 106
1212 7.702557 106
1213 1.098019 106
1214 2.652226 106
1215 20.000000 106
1216 0.992057 106
1217 1.028142 106
1218 0.822170 106
1219 0.931075 106
1220 1.369443 106
1221 13.686425 106
1222 1.261519 106
1223 0.879104 106
1224 0.761387 106
1225 9.371896 106
1226 0.755698 106
1227 6.972160 106
1228 0.689349 106
1229 0.655604 106
1230 1.812953 106
1231 0.747755 106
1232 0.559151 106
1233 0.614481 106
1234 0.717651 106
1235 1.698858 106
1236 0.642264 106
1237 0.805613 106
1238 0.670887 106
1239 0.779972 106
1240 0.248104 106
1241 1.045868 106
1242 0.659991 106
1243 17.407208 106
1244 0.594160 106
1245 0.994217 106
1246 0.906925 106
1247 1.247245 106
1248 1.208962 106
1249 1.183981 106
1250 3.491802 106
1251 1.758557 106
1252 0.555686 105
1253 0.484686 105
1254 1.979774 106
1255 1.732245 106
1256 0.702314 105
1257 2.646491 106
1258 0.671396 106
1259 1.892585 106
1260 1.576736 106
1261 1.383670 106
1262 2.062066 106
1263 1.325189 106
1264 2.277896 106
1265 1.686736 106
1266 0.533115 104
1267 1.701575 106
1268 2.693858 106
1269 1.769104 106
1270 0.470295 105
1271 0.422953 106
1272 0.460210 105
1273 0.553286 105
1274 0.427448 105
1275 0.397321 106
1276 0.380724 105
1277 3.661340 106
1278 20.000000 106
1279 0.714745 106
1280 1.804208 106
1281 1.172491 106
1282 1.856057 106
1283 1.255736 106
1284 1.004943 106
1285 0.932368 106
1286 0.208581 105
1287 0.191390 105
1288 0.449142 106
1289 0.186123 106
1290 5.310292 106
1291 1.225991 106
1292 1.265953 106
1293 0.914113 106
1294 0.966264 106
1295 5.345670 106
1296 0.673038 106
1297 0.681151 106
1298 1.671642 106
1299 0.705943 106
1300 1.514102 108
1301 0.695870 108
1302 0.523519 108
1303 1.719806 108
1304 0.547953 107
1305 2.475167 108
1306 5.661963 108
1307 1.803120 108
1308 0.786613 106
1309 0.662274 106
1310 1.321241 108
1311 0.477290 107
1312 0.426402 107
1313 0.453636 107
1314 2.721491 108
1315 1.409157 108
1316 0.493551 107
1317 1.487926 108
1318 1.175102 108
1319 0.382692 107
1320 1.268639 108
1321 0.355187 107
1322 14.591398 108
1323 6.797720 107
1324 1.200639 108
1325 1.254352 108
1326 1.222759 108
1327 11.159546 108
1328 1.403046 108
1329 6.717370 108
1330 1.805657 108
1331 1.200722 108
1332 0.949130 108
1333 1.012620 108
1334 1.259093 108
1335 0.715252 107
1336 0.807271 107
1337 0.675617 107
1338 0.542617 107
1339 0.883607 107
1340 0.364850 107
1341 0.587710 107
1342 0.606879 107
1343 0.541361 108
1344 0.414383 107
1345 0.473861 108
1346 0.625664 107
1347 0.586215 107
1348 0.342729 107
1349 0.710383 107
1350 1.167424 99
1351 0.942960 99
1352 0.898626 99
1353 1.310727 99
1354 0.812263 99
1355 0.853091 99
1356 0.898616 99
1357 0.657091 99
1358 0.910364 99
1359 1.019636 99
1360 0.968687 99
1361 0.950424 99
1362 0.744899 99
1363 0.679354 99
1364 0.850283 99
1365 0.783798 99
1366 0.651596 99
1367 0.852556 99
1368 1.094980 99
1369 0.844566 99
1370 0.874646 99
1371 0.990354 99
1372 0.800283 99
1373 0.888202 99
1374 0.728424 99
1375 0.766030 99
1376 0.790828 99
1377 0.519939 99
1378 0.829707 99
1379 0.662434 99
1380 0.746535 99
1381 0.769687 99
1382 0.830081 99
1383 0.765061 99
1384 0.727354 99
1385 0.615111 99
1386 1.741758 99
1387 1.416515 99
1388 0.568242 99
1389 0.725404 99
1390 0.560162 99
1391 0.670717 99
1392 0.631778 99
1393 1.467273 99
1394 0.733404 99
1395 0.972929 99
1396 0.526141 99
1397 0.669162 99
1398 0.589970 99
1399 0.748919 99
1400 1.308753 93
1401 1.074806 93
1402 2.220430 93
1403 0.393446 92
1404 0.523130 92
1405 0.615902 92
1406 0.377837 92
1407 1.698576 92
1408 0.570022 92
1409 0.546315 92
1410 0.796467 92
1411 0.810152 92
1412 0.488783 92
1413 0.711728 92
1414 0.859109 92
1415 0.458228 92
1416 0.805215 93
1417 1.660667 93
1418 1.047924 92
1419 0.644761 92
1420 0.692815 92
1421 0.435022 92
1422 0.515891 92
1423 0.434022 92
1424 1.376826 92
1425 0.621174 92
1426 0.388054 92
1427 0.698913 92
1428 0.556424 92
1429 0.620652 92
1430 0.594054 92
1431 0.423731 93
1432 0.818891 92
1433 1.412538 93
1434 0.544261 92
1435 19.999989 93
1436 19.999848 92
1437 19.999859 92
1438 19.999663 92
1439 19.999891 92
1440 3.917086 93
1441 0.216457 92
1442 0.811269 93
1443 10.218151 93
1444 0.517435 92
1445 0.459043 92
1446 0.322337 92
1447 0.623478 92
1448 0.595783 92
1449 0.995462 93
1450 1.186056 90
1451 0.747878 90
1452 0.614589 90
1453 0.680856 90
1454 19.528422 90
1455 12.989478 90
1456 10.012144 90
1457 1.311133 90
1458 1.063079 89
1459 1.429978 90
1460 1.421456 90
1461 0.444648 88
1462 1.648156 90
1463 0.857618 89
1464 1.943422 90
1465 0.922944 90
1466 0.538326 89
1467 0.614944 89
1468 14.414200 90
1469 13.625667 90
1470 2.022144 90
1471 1.270578 90
1472 0.381157 89
1473 0.371809 89
1474 1.244611 90
1475 0.795567 90
1476 1.172311 90
1477 0.467433 90
1478 1.383889 90
1479 1.181222 90
1480 1.291356 90
1481 1.281900 90
1482 1.423244 90
1483 1.871622 90
1484 1.465311 90
1485 2.210156 90
1486 1.258600 90
1487 1.394111 90
1488 5.502944 90
1489 1.248456 90
1490 1.178456 90
1491 1.110533 90
1492 1.223133 90
1493 1.170356 90
1494 1.405667 90
1495 3.124967 90
1496 1.153278 90
1497 1.402044 90
1498 1.133922 90
1499 1.466222 90
1500 2.809020 102
1501 1.328118 102
1502 2.426863 102
1503 1.244206 102
1504 1.561461 102
1505 1.506245 102
1506 1.223402 102
1507 1.318990 102
1508 1.437157 102
1509 1.146922 102
1510 1.477853 102
1511 2.432775 102
1512 1.782500 102
1513 2.283078 102
1514 1.930020 102
1515 1.568157 102
1516 0.601802 101
1517 2.448676 102
1518 4.642802 101
1519 6.021475 101
1520 19.866475 101
1521 1.320961 102
1522 0.482941 101
1523 0.617267 101
1524 0.344881 101
1525 0.430059 101
1526 0.873743 101
1527 0.282366 101
1528 0.578431 102
1529 0.599804 102
1530 0.547294 102
1531 0.590529 102
1532 1.126275 102
1533 0.283485 101
1534 0.292327 101
1535 0.292911 101
1536 5.036843 102
1537 0.519980 101
1538 0.499871 101
1539 0.496366 101
1540 1.515824 102
1541 1.076733 101
1542 1.104594 101
1543 1.163871 101
1544 1.236277 101
1545 1.029735 102
1546 1.185490 102
1547 0.883441 102
1548 1.479127 102
1549 0.253634 101
1550 1.224237 118
1551 1.854525 118
1552 1.614644 118
1553 2.180390 118
1554 2.118051 118
1555 1.894636 118
1556 3.742983 118
1557 1.455297 118
1558 1.742746 118
1559 1.908576 118
1560 1.292356 118
1561 1.815347 118
1562 1.120678 118
1563 2.234729 118
1564 2.000195 118
1565 0.657650 117
1566 0.694855 117
1567 0.699786 117
1568 7.227678 118
1569 6.845291 117
1570 8.343188 117
1571 1.499059 118
1572 0.826932 117
1573 1.923585 118
1574 0.776763 118
1575 11.421593 118
1576 1.475932 118
1577 1.335712 118
1578 1.470898 118
1579 1.669119 118
1580 1.299712 118
1581 0.371120 117
1582 0.340879 116
1583 0.398207 116
1584 3.082508 118
1585 1.955322 118
1586 7.369229 118
1587 7.153043 117
1588 10.708812 117
1589 7.981393 117
1590 8.531470 117
1591 8.312821 117
1592 9.185915 117
1593 10.321598 117
1594 12.967500 116
1595 19.827603 116
1596 14.833941 118
1597 15.421871 116
1598 0.718873 118
1599 0.182769 117
1600 0.685191 110
1601 1.240982 110
1602 0.518173 110
1603 0.564600 110
1604 0.527709 110
1605 1.068955 110
1606 0.317055 110
1607 0.303727 110
1608 1.070891 110
1609 0.306355 110
1610 0.482145 110
1611 0.892355 110
1612 0.307500 110
1613 0.868627 110
1614 0.334409 110
1615 1.223473 110
1616 0.515727 110
1617 0.522564 110
1618 0.511509 110
1619 0.477109 110
1620 1.008945 110
1621 0.407964 110
1622 0.425982 110
1623 1.329245 110
1624 1.025382 110
1625 0.455773 110
1626 1.024064 110
1627 0.352118 110
1628 0.911382 110
1629 0.419927 110
1630 1.860627 110
1631 0.934618 110
1632 1.382218 110
1633 0.643191 110
1634 0.876591 110
1635 1.708155 110
1636 1.275236 110
1637 0.685182 110
1638 0.638436 110
1639 0.959882 110
1640 1.151809 110
1641 0.978718 110
1642 0.907009 110
1643 0.353864 110
1644 0.690964 110
1645 0.267091 110
1646 1.123918 110
1647 0.317245 110
1648 1.086691 110
1649 0.907927 110
1650 0.869495 95
1651 1.538074 95
1652 1.632147 95
1653 1.998516 95
1654 19.184474 95
1655 1.653821 95
1656 1.046084 95
1657 1.363811 95
1658 1.179695 95
1659 1.233063 95
1660 1.090211 95
1661 1.000347 95
1662 1.286811 95
1663 0.968516 95
1664 2.990411 95
1665 0.419319 94
1666 0.446553 94
1667 1.412442 95
1668 0.456462 93
1669 0.597430 93
1670 1.537874 95
1671 0.633204 93
1672 17.335684 95
1673 19.013202 94
1674 18.797500 94
1675 18.393653 95
1676 18.948309 94
1677 18.483415 94
1678 18.975074 94
1679 15.293298 94
1680 18.453723 94
1681 2.173537 95
1682 0.956968 95
1683 0.311872 94
1684 0.206457 94
1685 1.728905 95
1686 0.816223 94
1687 2.475516 95
1688 1.963516 95
1689 1.290411 95
1690 3.979853 95
1691 1.239316 95
1692 3.519011 95
1693 2.246579 95
1694 1.000495 95
1695 0.792415 94
1696 1.085000 95
1697 0.451745 94
1698 1.255937 95
1699 0.454053 94
1700 1.368000 95
1701 0.478884 95
1702 0.411526 95
1703 2.468063 95
1704 2.437649 94
1705 1.670158 95
1706 0.595021 94
1707 0.701277 94
1708 0.647362 94
1709 0.723649 94
1710 2.040979 95
1711 1.067968 94
1712 0.957872 94
1713 0.985957 94
1714 1.411053 95
1715 2.342442 95
1716 1.627463 95
1717 0.527681 94
1718 0.546926 94
1719 2.289074 95
1720 2.038053 95
1721 1.668947 95
1722 1.842505 95
1723 1.536768 95
1724 1.566821 95
1725 1.726558 95
1726 9.884989 95
1727 2.757526 95
1728 1.406989 93
1729 2.043726 95
1730 1.258705 95
1731 1.339558 95
1732 1.514063 95
1733 2.358758 95
1734 1.103568 95
1735 1.294726 95
1736 1.202642 95
1737 1.266537 95
1738 1.271074 95
1739 1.807074 95
1740 1.366453 95
1741 1.080663 95
1742 5.916000 95
1743 1.784821 95
1744 0.965779 95
1745 0.994800 95
1746 0.930653 95
1747 2.648463 95
1748 4.228137 95
1749 1.729537 95
1750 2.033487 119
1751 1.535218 119
1752 1.407176 119
1753 1.301445 119
1754 0.481403 119
1755 0.365134 119
1756 1.945261 119
1757 1.389487 119
1758 1.336807 119
1759 7.898218 119
1760 4.423378 119
1761 2.617420 119
1762 1.749487 119
1763 1.425832 119
1764 1.602160 119
1765 1.350513 119
1766 0.909874 119
1767 0.705151 119
1768 0.996739 119
1769 2.209798 119
1770 1.490277 119
1771 3.582655 119
1772 2.221471 119
1773 1.109370 119
1774 1.533429 119
1775 1.806429 119
1776 18.362546 119
1777 18.230487 119
1778 18.206445 119
1779 0.982042 119
1780 1.388908 119
1781 1.554261 119
1782 1.341899 119
1783 0.370084 119
1784 1.132160 119
1785 0.952008 119
1786 9.735319 119
1787 14.688983 119
1788 1.070588 119
1789 0.863824 119
1790 0.877571 119
1791 15.105580 119
1792 0.778622 119
1793 0.249689 119
1794 0.266479 119
1795 1.059672 119
1796 1.027244 119
1797 0.366496 119
1798 1.256378 119
1799 1.173109 119
1800 1.560070 115
1801 0.915409 115
1802 2.621835 115
1803 1.750852 115
1804 0.700261 115
1805 2.198626 115
1806 2.036704 115
1807 2.034887 115
1808 1.700896 115
1809 1.953478 115
1810 1.879478 115
1811 16.809696 115
1812 1.945157 115
1813 2.289443 115
1814 0.748894 113
1815 0.511593 113
1816 1.917522 115
1817 0.820635 115
1818 1.234096 115
1819 1.355670 115
1820 1.601252 115
1821 4.529491 114
1822 2.567798 114
1823 0.420544 114
1824 0.376395 114
1825 1.290400 115
1826 1.519087 115
1827 6.873748 115
1828 6.447132 114
1829 6.318640 114
1830 1.544643 115
1831 2.104174 115
1832 1.066219 114
1833 1.194322 115
1834 1.585391 115
1835 0.957383 115
1836 0.342965 115
1837 1.373435 115
1838 1.315365 115
1839 0.911000 115
1840 1.125617 115
1841 1.360739 115
1842 1.328530 115
1843 0.986965 115
1844 1.167948 115
1845 1.029339 115
1846 0.899070 115
1847 19.470722 115
1848 19.240574 115
1849 1.046948 115
1850 1.707009 106
1851 2.175632 106
1852 18.939943 106
1853 1.739019 106
1854 0.524413 104
1855 0.700769 104
1856 2.317717 106
1857 1.764123 106
1858 1.602679 106
1859 0.992321 106
1860 1.133123 106
1861 1.633491 106
1862 8.813255 106
1863 4.959472 106
1864 1.597538 106
1865 0.807667 105
1866 1.705358 106
1867 0.666581 105
1868 1.803623 106
1869 1.264314 105
1870 1.352368 106
1871 1.779868 106
1872 18.321406 106
1873 19.034509 106
1874 18.882953 106
1875 1.476226 106
1876 1.084113 106
1877 1.048519 106
1878 0.284305 105
1879 0.256638 105
1880 1.012792 106
1881 0.666283 106
1882 0.635514 105
1883 0.263876 105
1884 1.219868 106
1885 0.266962 105
1886 0.266933 105
1887 2.701670 106
1888 2.277887 106
1889 0.930714 105
1890 2.128528 106
1891 0.885019 106
1892 1.018075 106
1893 0.912953 106
1894 1.211632 106
1895 0.418276 105
1896 0.483886 105
1897 1.185151 106
1898 1.035396 106
1899 0.776340 106
1900 2.065694 108
1901 1.163602 108
1902 1.634611 108
1903 3.747398 108
1904 2.307491 108
1905 2.341130 108
1906 2.195196 107
1907 1.964140 107
1908 2.138093 107
1909 2.135692 107
1910 1.811907 107
1911 1.875607 107
1912 1.382046 108
1913 0.385047 107
1914 0.361897 107
1915 0.475617 107
1916 0.374776 107
1917 0.389019 107
1918 0.511104 106
1919 0.377698 106
1920 0.475159 107
1921 0.410243 107
1922 0.470598 107
1923 0.462085 106
1924 0.548682 107
1925 0.399593 108
1926 0.518785 107
1927 0.436736 106
1928 0.437785 107
1929 0.429241 108
1930 0.499736 106
1931 0.391858 106
1932 0.512850 107
1933 0.465340 106
1934 0.372570 107
1935 0.559981 107
1936 1.730972 108
1937 0.471557 106
1938 0.330123 106
1939 1.313815 108
1940 0.485776 107
1941 0.359617 107
1942 8.839935 108
1943 1.365417 108
1944 0.425598 107
1945 0.572785 107
1946 0.519402 107
1947 1.264815 108
1948 0.672271 107
1949 15.965252 107
1950 0.788627 102
1951 15.202206 102
1952 1.217912 102
1953 1.269392 102
1954 1.397549 102
1955 0.379772 101
1956 1.407510 102
1957 2.172108 102
1958 1.499225 102
1959 0.448752 101
1960 0.938382 102
1961 17.653412 102
1962 19.999775 102
1963 19.999686 102
1964 1.376510 102
1965 3.620500 102
1966 1.317745 102
1967 1.488775 102
1968 1.130706 102
1969 1.059137 102
1970 1.744020 102
1971 19.931696 102
1972 1.784343 102
1973 1.465922 102
1974 1.618941 102
1975 1.480147 102
1976 0.934441 102
1977 1.082225 102
1978 0.972118 102
1979 2.676176 102
1980 1.554029 102
1981 1.057569 102
1982 0.307228 101
1983 0.280416 101
1984 0.244911 101
1985 1.841559 102
1986 0.907238 101
1987 1.034059 101
1988 0.881127 102
1989 0.224703 101
1990 1.009147 102
1991 0.237327 101
1992 0.425644 101
1993 0.272406 101
1994 0.975578 102
1995 0.334812 101
1996 0.249832 101
1997 2.791882 102
1998 2.334594 101
1999 2.220634 101
2000 4.385026 115
2001 4.264417 115
2002 4.402409 115
2003 4.504817 115
2004 1.890461 115
2005 1.516583 115
2006 1.119304 115
2007 1.474322 115
2008 0.585043 115
2009 1.441791 115
2010 1.906798 114
2011 1.679739 115
2012 0.513956 114
2013 0.397947 114
2014 1.465078 115
2015 1.528757 115
2016 1.965365 115
2017 2.501896 115
2018 1.346913 115
2019 3.893017 115
2020 4.574219 114
2021 1.751670 115
2022 1.159757 115
2023 1.706826 115
2024 2.065383 115
2025 1.795704 115
2026 1.352000 115
2027 1.502165 115
2028 1.419339 115
2029 7.623713 115
2030 1.744174 115
2031 1.856826 115
2032 1.121974 115
2033 1.148826 115
2034 2.581157 115
2035 1.451304 115
2036 1.377148 115
2037 5.166496 115
2038 1.190070 115
2039 1.125009 115
2040 1.104461 115
2041 0.428157 115
2042 0.451465 114
2043 2.228991 115
2044 1.256430 114
2045 0.792357 115
2046 0.379544 114
2047 0.279360 114
2048 0.317843 115
2049 0.536791 115
2050 20.000000 115
2051 19.999852 115
2052 19.904722 115
2053 1.633278 115
2054 0.529168 113
2055 0.562301 113
2056 1.167722 115
2057 1.190254 114
2058 0.341746 114
2059 0.403325 114
2060 0.358783 115
2061 0.397930 114
2062 1.630557 115
2063 1.586191 115
2064 1.607825 114
2065 0.368026 114
2066 1.371661 115
2067 3.782913 115
2068 1.041287 115
2069 1.252896 115
2070 2.133583 115
2071 2.276200 115
2072 1.325348 115
2073 1.107278 115
2074 1.136313 115
2075 2.655217 115
2076 1.449722 115
2077 0.659447 114
2078 1.924183 115
2079 0.661283 113
2080 1.170434 113
2081 1.441270 115
2082 1.466957 115
2083 1.286365 115
2084 2.679870 115
2085 2.328600 115
2086 1.672357 115
2087 1.358383 115
2088 1.372426 115
2089 1.641887 115
2090 1.435104 115
2091 1.186470 115
2092 3.866391 115
2093 1.075921 114
2094 1.477809 115
2095 1.359165 115
2096 17.041383 115
2097 16.013088 114
2098 12.565491 114
2099 5.020061 114
2100 6.912019 106
2101 9.754170 106
2102 19.414311 106
2103 12.041075 106
2104 6.193692 104
2105 0.916288 104
2106 1.904292 106
2107 2.583264 106
2108 1.432094 106
2109 2.150208 106
2110 2.033491 106
2111 2.106132 106
2112 1.419764 106
2113 2.444774 106
2114 1.178425 106
2115 0.642295 105
2116 0.674724 105
2117 0.502895 105
2118 0.543924 105
2119 0.491448 105
2120 0.411292 106
2121 0.410543 105
2122 0.742400 105
2123 0.433038 105
2124 1.240181 105
2125 0.504648 105
2126 3.776755 106
2127 2.078208 106
2128 1.105179 106
2129 0.818038 105
2130 0.816236 106
2131 0.956566 106
2132 0.839094 106
2133 1.132849 106
2134 1.042755 106
2135 0.418305 105
2136 5.091858 106
2137 4.721495 105
2138 1.482972 106
2139 1.422642 106
2140 0.955236 106
2141 1.039104 106
2142 3.223330 106
2143 0.903943 106
2144 3.654830 106
2145 1.478925 106
2146 0.556638 105
2147 1.306925 106
2148 0.527698 106
2149 0.964396 106
2150 2.248384 99
2151 17.085960 99
2152 1.637313 99
2153 0.522694 98
2154 0.853122 98
2155 2.517424 99
2156 2.209091 99
2157 1.041235 98
2158 2.235556 99
2159 2.232818 99
2160 18.879010 99
2161 19.999727 99
2162 19.999717 99
2163 19.999687 99
2164 19.999737 99
2165 19.999636 99
2166 19.999667 99
2167 19.999677 99
2168 19.999616 99
2169 19.999677 99
2170 19.999697 99
2171 19.999646 99
2172 19.999596 99
2173 19.999586 99
2174 19.999616 99
2175 19.999667 99
2176 19.999616 99
2177 19.999606 99
2178 19.999636 99
2179 19.999626 99
2180 19.999586 99
2181 19.999667 99
2182 19.999606 99
2183 19.999616 99
2184 19.999616 99
2185 19.999606 99
2186 19.999727 99
2187 19.999566 99
2188 19.999616 99
2189 19.999556 99
2190 19.999697 99
2191 19.999586 99
2192 19.999636 99
2193 19.999626 99
2194 19.999626 99
2195 19.999636 99
2196 19.999717 99
2197 19.999626 99
2198 19.999646 99
2199 19.999677 99
2200 19.999828 99
2201 19.999848 99
2202 19.999778 99
2203 19.999778 99
2204 19.999717 99
2205 19.999768 99
2206 19.999848 99
2207 19.999788 99
2208 19.999798 99
2209 19.999707 99
2210 19.999778 99
2211 19.999717 99
2212 19.999768 99
2213 19.999758 99
2214 19.999657 99
2215 19.999747 99
2216 19.999697 99
2217 19.999737 99
2218 19.999727 99
2219 19.999717 99
2220 19.999768 99
2221 19.999707 99
2222 19.999788 99
2223 19.999697 99
2224 19.999737 99
2225 19.999707 99
2226 19.999768 99
2227 19.999747 99
2228 19.999727 99
2229 19.999747 99
2230 19.999727 99
2231 19.999707 99
2232 19.999758 99
2233 19.999758 99
2234 19.999737 99
2235 19.999768 99
2236 19.999747 99
2237 19.999778 99
2238 19.999818 99
2239 19.999788 99
2240 19.999727 99
2241 19.999747 99
2242 19.999737 99
2243 19.999717 99
2244 19.999869 99
2245 19.999768 99
2246 19.797869 99
2247 19.999765 98
2248 19.797990 99
2249 19.999653 98
2250 19.999918 98
2251 19.999786 98
2252 19.999735 98
2253 19.999735 98
2254 19.999694 98
2255 19.999694 98
2256 19.999786 98
2257 19.999765 98
2258 19.999745 98
2259 19.999704 98
2260 19.999714 98
2261 19.999735 98
2262 19.999714 98
2263 19.999745 98
2264 19.999653 98
2265 19.999694 98
2266 19.999684 98
2267 19.999694 98
2268 19.999694 98
2269 19.999714 98
2270 19.999653 98
2271 19.999745 98
2272 19.999653 98
2273 19.999724 98
2274 19.999684 98
2275 19.999745 98
2276 19.999714 98
2277 19.999745 98
2278 19.999745 98
2279 19.999755 98
2280 19.999653 98
2281 19.999704 98
2282 19.999633 98
2283 19.999745 98
2284 19.999786 98
2285 19.999704 98
2286 19.999694 98
2287 19.999745 98
2288 19.999755 98
2289 19.999765 98
2290 19.999724 98
2291 19.999745 98
2292 19.999663 98
2293 19.999816 98
2294 19.999888 98
2295 19.999714 98
2296 19.795796 98
2297 19.999773 97
2298 19.999701 97
2299 19.999691 97
2300 19.999896 96
2301 19.999885 96
2302 19.999729 96
2303 19.999813 96
2304 19.999760 96
2305 19.999719 96
2306 19.999750 96
2307 19.999719 96
2308 19.999708 96
2309 19.999740 96
2310 19.999688 96
2311 19.999698 96
2312 19.999708 96
2313 19.999729 96
2314 19.999635 96
2315 19.999781 96
2316 19.999750 96
2317 19.999750 96
2318 19.999646 96
2319 19.999740 96
2320 19.999708 96
2321 19.999688 96
2322 19.999646 96
2323 19.999708 96
2324 19.999688 96
2325 19.999688 96
2326 19.999583 96
2327 19.999760 96
2328 19.999573 96
2329 19.999719 96
2330 19.999604 96
2331 19.999760 96
2332 19.999656 96
2333 19.999792 96
2334 19.999708 96
2335 19.999708 96
2336 19.999646 96
2337 19.999750 96
2338 19.999646 96
2339 19.999740 96
2340 19.999646 96
2341 19.999719 96
2342 19.999656 96
2343 19.999740 96
2344 19.999781 96
2345 19.999750 96
2346 19.999729 96
2347 19.999750 96
2348 19.999729 96
2349 19.999688 96
2350 19.999964 84
2351 1.128690 84
2352 0.827560 84
2353 0.461952 84
2354 0.517631 84
2355 0.282583 84
2356 1.500560 84
2357 1.516512 82
2358 0.738108 83
2359 1.512439 82
2360 0.723732 82
2361 0.959146 82
2362 2.649482 83
2363 0.855902 82
2364 0.812157 83
2365 1.223663 83
2366 1.548354 82
2367 1.137711 83
2368 1.802217 83
2369 0.392171 82
2370 1.971500 82
2371 0.797410 83
2372 0.383675 83
2373 0.979253 83
2374 0.617145 83
2375 1.495354 82
2376 0.481488 82
2377 0.754244 82
2378 0.394085 82
2379 1.076268 82
2380 0.620598 82
2381 0.747878 82
2382 0.626195 82
2383 1.078250 84
2384 0.283349 83
2385 0.409807 83
2386 1.256143 84
2387 0.316583 84
2388 0.261470 83
2389 1.943631 84
2390 0.249470 83
2391 0.275193 83
2392 1.207048 84
2393 0.305024 83
2394 0.451205 83
2395 1.271929 84
2396 0.247916 83
2397 0.271964 83
2398 1.368512 84
2399 0.513434 83
2400 1.005254 114
2401 0.427456 114
2402 0.403482 114
2403 0.367263 114
2404 0.449482 114
2405 0.375526 114
2406 0.344965 114
2407 0.494211 114
2408 0.353070 114
2409 0.386763 114
2410 1.082167 114
2411 1.902632 114
2412 0.769175 114
2413 0.443667 114
2414 0.924482 114
2415 1.049737 114
2416 0.652105 114
2417 0.477219 114
2418 0.644632 114
2419 0.515991 114
2420 1.104746 114
2421 1.109754 114
2422 0.798939 114
2423 0.806596 114
2424 0.938114 114
2425 0.859342 114
2426 0.796053 114
2427 0.783307 114
2428 0.875088 114
2429 0.812000 114
2430 0.829763 114
2431 1.211956 114
2432 0.933342 114
2433 0.753439 114
2434 1.196044 114
2435 0.992316 114
2436 1.083763 114
2437 1.975500 114
2438 0.814623 114
2439 1.134474 114
2440 0.846123 114
2441 18.039991 114
2442 17.225175 114
2443 17.173728 114
2444 0.956886 114
2445 0.319561 114
2446 0.326018 114
2447 5.251307 114
2448 0.362921 114
2449 0.307974 114
2450 3.987679 112
2451 2.607768 112
2452 2.466536 112
2453 1.976384 112
2454 0.437099 111
2455 3.745170 112
2456 2.247099 111
2457 1.768514 111
2458 1.035759 112
2459 0.457607 112
2460 0.862232 112
2461 2.630116 112
2462 1.521571 112
2463 1.244857 112
2464 1.326679 112
2465 0.383081 111
2466 1.924839 112
2467 1.788768 112
2468 1.226062 112
2469 1.210464 112
2470 1.686018 112
2471 1.088109 110
2472 1.498455 112
2473 1.930685 111
2474 1.597857 112
2475 1.626518 112
2476 1.369616 112
2477 16.043723 112
2478 4.636143 112
2479 0.902634 112
2480 3.977910 111
2481 0.957429 112
2482 1.141848 112
2483 0.399523 111
2484 0.972607 112
2485 0.417198 111
2486 0.906982 112
2487 1.372062 112
2488 1.096786 112
2489 0.302162 111
2490 1.121937 112
2491 0.286901 111
2492 1.014259 112
2493 4.208482 112
2494 0.823080 112
2495 0.882937 112
2496 0.474536 112
2497 2.587295 112
2498 0.941438 112
2499 0.820634 112
2500 1.348290 107
2501 1.170262 107
2502 19.041570 107
2503 2.070916 107
2504 1.260710 107
2505 1.930766 107
2506 1.272458 107
2507 3.729607 107
2508 2.277028 107
2509 19.953925 107
2510 1.423028 107
2511 1.094832 107
2512 1.473019 107
2513 3.059505 107
2514 1.128178 107
2515 1.194402 107
2516 0.470481 106
2517 0.958551 107
2518 1.632383 107
2519 1.098822 107
2520 0.977542 107
2521 1.616056 107
2522 0.982084 107
2523 1.156766 107
2524 1.090280 107
2525 1.284850 107
2526 0.947103 107
2527 1.326645 107
2528 10.836364 107
2529 0.878187 107
2530 0.860000 107
2531 1.511626 107
2532 2.291626 107
2533 2.856234 107
2534 1.348196 107
2535 0.714570 107
2536 0.818981 107
2537 0.752271 107
2538 0.802907 107
2539 0.966215 107
2540 1.305178 107
2541 0.886972 107
2542 0.770383 107
2543 1.338037 107
2544 0.943888 107
2545 0.798467 107
2546 0.747720 107
2547 0.965430 107
2548 1.053243 107
2549 0.995336 107
2550 1.661812 101
2551 1.579792 101
2552 2.878881 101
2553 1.266347 101
2554 20.000000 101
2555 1.186663 101
2556 1.367574 101
2557 1.210040 101
2558 2.687129 101
2559 1.232396 101
2560 2.501495 101
2561 1.293099 101
2562 1.687545 101
2563 2.483901 101
2564 2.614590 100
2565 2.242860 100
2566 2.170911 101
2567 2.184330 100
2568 2.121257 101
2569 2.165317 101
2570 2.086800 100
2571 2.244950 101
2572 2.013420 100
2573 2.104822 101
2574 1.908170 100
2575 1.945446 101
2576 1.655267 101
2577 1.699020 100
2578 1.488089 101
2579 1.592360 100
2580 1.346178 101
2581 1.518280 100
2582 1.598690 100
2583 1.625940 100
2584 1.454010 101
2585 1.272820 100
2586 1.342710 100
2587 1.274772 101
2588 1.402752 101
2589 1.277460 100
2590 1.352765 98
2591 1.232778 99
2592 1.275426 101
2593 1.094806 98
2594 1.101620 100
2595 1.094040 99
2596 1.132960 101
2597 1.284424 99
2598 1.261390 100
2599 1.206800 100
2600 2.048297 101
2601 1.855297 101
2602 1.877921 101
2603 2.124505 101
2604 1.925277 101
2605 2.120515 101
2606 2.058634 101
2607 2.089723 101
2608 2.361485 101
2609 1.689050 101
2610 1.852010 101
2611 2.004050 100
2612 1.981277 101
2613 1.893158 101
2614 1.963139 101
2615 1.812168 101
2616 1.650842 101
2617 1.646871 101
2618 1.816277 101
2619 1.587990 100
2620 1.619380 100
2621 1.367440 100
2622 1.452250 100
2623 1.398208 101
2624 1.344830 100
2625 1.279495 101
2626 1.258280 100
2627 1.209406 101
2628 1.590109 101
2629 1.436069 101
2630 1.136129 101
2631 1.108079 101
2632 1.209604 101
2633 0.988426 101
2634 1.183485 101
2635 1.227554 101
2636 1.215772 101
2637 1.326660 100
2638 0.955990 101
2639 1.048436 101
2640 0.880704 98
2641 1.035485 101
2642 0.997515 99
2643 0.943313 99
2644 0.976091 99
2645 1.039890 100
2646 0.964283 99
2647 1.015810 100
2648 0.981899 99
2649 1.024000 100
2650 2.372157 102
2651 1.985515 101
2652 2.015755 102
2653 2.225693 101
2654 2.256814 102
2655 2.285636 99
2656 2.291960 101
2657 2.463960 101
2658 2.510941 101
2659 2.213317 101
2660 2.367050 101
2661 2.272510 100
2662 2.557752 101
2663 1.808304 102
2664 0.404535 101
2665 1.900245 102
2666 1.282922 102
2667 15.749353 102
2668 17.246554 101
2669 18.240535 101
2670 18.701030 101
2671 19.816168 101
2672 19.818168 101
2673 19.708772 101
2674 19.829238 101
2675 19.682970 101
2676 19.801980 101
2677 19.607873 102
2678 19.604610 100
2679 19.605770 100
2680 19.114210 100
2681 19.208920 100
2682 18.049940 100
2683 16.824790 100
2684 16.666080 100
2685 16.647720 100
2686 16.319020 100
2687 16.629590 100
2688 16.837450 100
2689 16.881340 100
2690 16.884400 100
2691 16.908330 100
2692 16.891670 100
2693 16.719792 101
2694 16.716780 100
2695 17.163250 100
2696 17.422440 100
2697 17.363570 100
2698 17.479220 100
2699 17.413860 100
2700 12.690212 99
2701 12.924505 99
2702 14.199616 99
2703 14.698141 99
2704 15.263586 99
2705 15.647960 99
2706 16.392131 99
2707 17.790909 99
2708 18.494960 99
2709 18.717525 99
2710 18.847000 99
2711 0.925596 99
2712 0.718152 99
2713 0.646343 99
2714 1.546253 99
2715 0.741535 99
2716 3.444313 99
2717 0.780293 99
2718 1.735909 99
2719 0.774303 99
2720 0.767960 99
2721 2.016990 99
2722 0.691121 99
2723 0.599354 99
2724 0.606879 99
2725 0.624586 99
2726 0.475768 99
2727 0.585242 99
2728 0.530051 99
2729 1.014162 99
2730 2.167162 99
2731 0.695354 99
2732 0.624626 99
2733 2.173162 99
2734 0.454788 99
2735 0.394798 99
2736 0.465556 99
2737 0.439586 99
2738 0.455030 99
2739 0.430818 99
2740 0.407071 99
2741 0.361929 99
2742 0.359697 99
2743 0.660414 99
2744 0.546182 99
2745 0.338747 99
2746 0.609778 99
2747 0.430465 99
2748 1.689879 99
2749 0.452101 99
2750 2.469074 95
2751 1.036926 95
2752 1.305263 95
2753 1.275926 95
2754 1.579926 95
2755 0.576170 94
2756 1.474400 95
2757 1.615211 95
2758 1.597253 95
2759 2.521579 95
2760 1.540543 94
2761 1.853117 94
2762 1.655074 94
2763 1.774479 94
2764 1.494447 94
2765 1.679670 94
2766 2.046989 94
2767 1.644383 94
2768 1.227564 94
2769 1.381426 94
2770 1.539894 94
2771 1.276787 94
2772 1.517351 94
2773 1.503755 94
2774 1.698787 94
2775 1.747674 95
2776 0.981968 94
2777 1.342553 94
2778 1.022160 94
2779 1.569723 94
2780 1.506681 94
2781 1.198723 94
2782 1.644851 94
2783 1.479500 94
2784 1.128862 94
2785 1.471379 95
2786 1.364621 95
2787 1.228117 94
2788 0.900926 94
2789 1.105968 95
2790 0.534298 94
2791 0.506372 94
2792 0.534181 94
2793 0.481596 94
2794 0.791853 95
2795 0.526032 94
2796 0.636447 94
2797 0.524266 94
2798 0.541232 95
2799 0.482904 94
2800 1.307061 98
2801 0.778071 98
2802 0.773153 98
2803 0.724561 98
2804 0.701204 98
2805 0.677245 98
2806 0.627051 98
2807 0.658133 98
2808 0.670378 98
2809 0.704122 98
2810 0.647694 98
2811 0.692163 98
2812 0.752653 98
2813 0.744673 98
2814 0.629684 98
2815 1.308990 98
2816 0.568608 97
2817 0.444928 97
2818 0.471402 97
2819 15.370776 98
2820 16.441495 97
2821 16.981918 97
2822 18.849340 97
2823 18.958536 97
2824 19.300093 97
2825 19.577165 97
2826 19.931443 97
2827 19.795929 98
2828 19.793825 97
2829 19.628969 97
2830 19.456443 97
2831 19.793825 97
2832 19.591485 97
2833 19.185753 97
2834 18.981392 97
2835 16.937052 97
2836 16.942155 97
2837 17.371143 98
2838 17.340134 97
2839 0.741898 98
2840 0.218103 97
2841 0.174320 97
2842 0.724378 98
2843 0.198887 97
2844 0.138649 97
2845 0.167474 97
2846 0.782286 98
2847 0.148649 97
2848 0.139134 97
2849 0.216041 98
2850 1.056097 103
2851 0.462087 103
2852 0.438981 103
2853 0.383350 103
2854 1.171029 103
2855 0.401214 103
2856 0.397794 102
2857 2.018340 103
2858 1.233657 102
2859 1.511588 102
2860 1.269029 102
2861 2.224243 103
2862 0.520225 102
2863 1.563777 103
2864 0.522961 102
2865 0.468010 102
2866 1.137427 103
2867 3.452835 103
2868 1.107825 103
2869 1.422049 103
2870 0.356667 102
2871 0.354000 103
2872 0.525490 102
2873 8.040631 103
2874 5.387863 102
2875 4.565206 102
2876 3.495402 102
2877 2.771304 102
2878 2.638657 102
2879 2.523245 102
2880 2.594696 102
2881 2.728706 102
2882 2.464755 102
2883 2.431784 102
2884 2.724029 102
2885 2.974814 102
2886 3.521864 103
2887 4.230980 102
2888 4.976853 102
2889 5.230696 102
2890 5.276647 102
2891 4.502490 102
2892 4.399990 102
2893 2.075883 103
2894 0.318049 102
2895 0.319422 102
2896 1.665146 103
2897 3.049676 102
2898 0.489980 102
2899 0.319686 102
2900 1.270179 84
2901 0.409012 83
2902 0.379928 83
2903 0.418880 83
2904 1.541619 84
2905 0.495610 82
2906 0.426049 82
2907 0.460566 83
2908 1.616024 84
2909 0.697061 82
2910 0.645892 83
2911 1.836881 84
2912 0.767988 83
2913 0.685747 83
2914 0.678072 83
2915 0.737181 83
2916 1.406571 84
2917 0.626434 83
2918 0.442614 83
2919 0.627578 83
2920 1.527988 84
2921 0.355560 84
2922 0.415410 83
2923 1.389524 84
2924 0.428554 83
2925 0.406639 83
2926 0.410639 83
2927 1.530250 84
2928 0.595381 84
2929 0.400542 83
2930 0.302238 84
2931 2.019321 84
2932 0.501241 83
2933 0.454361 83
2934 0.536072 83
2935 2.002226 84
2936 0.946675 83
2937 0.838928 83
2938 0.990262 84
2939 0.588169 83
2940 0.510434 83
2941 0.480928 83
2942 0.693120 83
2943 0.375928 83
2944 1.498726 84
2945 0.579048 83
2946 0.598301 83
2947 0.547398 83
2948 1.510881 84
2949 0.748325 83
2950 1.205865 96
2951 0.717000 96
2952 0.604448 96
2953 1.216313 96
2954 0.636750 96
2955 1.561458 96
2956 0.461558 95
2957 1.457094 96
2958 1.997198 96
2959 0.627137 95
2960 0.822379 95
2961 0.795368 95
2962 1.370625 96
2963 0.467126 95
2964 0.622495 95
2965 1.472823 96
2966 0.426313 96
2967 0.562189 95
2968 0.645677 96
2969 3.173542 96
2970 3.184411 95
2971 1.460031 96
2972 2.064781 96
2973 0.824135 96
2974 0.414895 95
2975 1.695000 96
2976 0.356200 95
2977 0.449579 95
2978 1.445833 96
2979 0.544474 95
2980 0.547149 94
2981 1.717219 96
2982 0.716125 96
2983 1.660667 96
2984 0.768604 96
2985 1.559979 96
2986 0.411137 95
2987 0.373021 95
2988 1.368438 96
2989 0.448516 95
2990 1.272542 96
2991 1.150521 96
2992 0.349232 95
2993 1.361302 96
2994 0.433389 95
2995 1.283792 96
2996 0.357394 94
2997 1.361000 96
2998 0.409095 95
2999 19.196302 96
3000 20.000000 100
3001 20.000000 100
3002 20.000000 100
3003 20.000000 99
3004 19.874677 99
3005 19.846343 99
3006 19.596909 99
3007 18.653768 99
3008 1.787120 100
3009 1.163525 99
3010 0.377313 99
3011 0.871384 99
3012 0.489808 99
3013 1.262121 99
3014 0.606919 99
3015 0.662909 99
3016 0.867140 100
3017 1.039333 99
3018 0.437040 100
3019 0.379323 99
3020 0.360444 99
3021 0.821626 99
3022 1.135680 100
3023 0.413697 99
3024 0.334889 99
3025 1.237570 100
3026 0.415970 100
3027 1.041190 100
3028 0.583121 99
3029 0.473899 99
3030 1.003180 100
3031 0.317687 99
3032 1.135250 100
3033 0.263606 99
3034 0.978230 100
3035 0.231879 99
3036 2.800360 100
3037 2.107737 99
3038 2.030566 99
3039 0.795230 100
3040 0.215505 99
3041 0.743200 100
3042 0.365354 99
3043 1.483080 100
3044 0.188172 99
3045 0.794420 100
3046 0.195090 100
3047 0.181730 100
3048 0.987810 100
3049 0.202202 99
3050 1.007945 91
3051 0.341824 91
3052 1.156110 91
3053 0.386945 91
3054 0.552374 91
3055 0.946154 91
3056 0.438000 91
3057 3.521747 91
3058 1.675275 91
3059 1.663989 91
3060 1.398121 91
3061 0.707538 91
3062 2.497495 91
3063 1.517000 91
3064 2.033835 91
3065 1.336330 91
3066 2.110571 91
3067 1.180846 91
3068 0.386767 90
3069 2.658121 91
3070 1.466319 91
3071 0.688505 91
3072 0.824055 91
3073 0.668626 91
3074 0.883769 91
3075 0.817011 91
3076 0.757725 91
3077 1.025352 91
3078 0.936385 91
3079 1.417209 91
3080 0.772198 91
3081 1.056154 91
3082 0.992868 91
3083 0.729407 91
3084 0.872099 91
3085 0.865879 91
3086 0.710231 91
3087 0.249088 91
3088 0.435538 91
3089 0.274967 91
3090 0.323330 91
3091 0.259824 91
3092 0.512527 91
3093 0.308879 91
3094 0.250802 91
3095 0.367560 91
3096 0.272099 91
3097 2.880275 91
3098 0.594209 91
3099 0.438385 91
3100 6.614897 97
3101 0.714866 97
3102 0.570732 97
3103 0.489268 97
3104 0.617505 97
3105 0.519309 97
3106 0.469969 97
3107 0.525619 97
3108 0.589237 97
3109 1.201299 97
3110 1.498103 97
3111 0.530825 97
3112 1.123031 97
3113 6.224412 97
3114 0.314227 97
3115 0.968340 97
3116 0.588443 97
3117 0.528732 97
3118 0.464629 97
3119 1.228639 97
3120 0.246186 97
3121 1.284928 97
3122 0.310260 96
3123 0.320010 96
3124 1.266216 97
3125 1.348000 97
3126 0.349825 97
3127 0.340814 97
3128 0.337567 97
3129 0.354278 97
3130 0.452206 97
3131 0.329979 97
3132 1.052433 97
3133 1.684052 97
3134 1.013825 97
3135 1.086588 97
3136 0.866577 97
3137 1.057330 97
3138 0.973835 97
3139 1.066433 97
3140 0.338536 97
3141 0.315392 97
3142 0.298371 97
3143 0.277866 97
3144 0.317660 97
3145 0.473887 97
3146 0.276144 97
3147 0.892443 97
3148 0.645227 97
3149 0.574082 97
3150 1.090981 103
3151 1.424184 103
3152 0.607126 103
3153 2.994961 103
3154 0.723524 103
3155 0.502738 103
3156 0.368350 103
3157 1.116981 103
3158 0.438000 103
3159 0.384039 103
3160 0.339583 103
3161 0.378049 103
3162 0.384243 103
3163 6.921330 103
3164 0.513320 103
3165 1.028272 103
3166 0.973340 103
3167 0.768097 103
3168 0.950078 103
3169 0.557126 103
3170 0.849233 103
3171 0.360233 103
3172 0.355553 103
3173 0.385777 103
3174 0.381233 103
3175 0.543398 103
3176 0.332990 103
3177 0.353515 103
3178 1.138621 103
3179 1.206272 103
3180 0.855544 103
3181 0.564796 103
3182 0.612262 103
3183 0.639718 103
3184 0.875388 103
3185 1.236767 103
3186 19.999951 103
3187 19.999757 103
3188 19.999883 103
3189 19.999602 103
3190 19.999981 103
3191 19.999767 103
3192 0.643019 103
3193 0.751301 103
3194 0.763583 103
3195 0.224786 103
3196 0.642495 103
3197 0.236291 103
3198 0.214777 103
3199 0.213447 103
3200 1.255500 108
3201 1.105750 108
3202 0.294514 107
3203 0.408131 107
3204 0.321542 107
3205 0.277402 107
3206 1.338556 108
3207 0.400897 107
3208 1.372667 108
3209 0.424000 107
3210 1.163130 108
3211 4.634720 107
3212 1.163000 108
3213 1.118102 108
3214 0.559626 107
3215 1.113889 108
3216 0.749176 108
3217 0.343383 107
3218 0.338037 107
3219 0.491617 107
3220 0.393075 107
3221 0.332150 107
3222 1.299917 108
3223 0.389121 107
3224 0.375944 107
3225 0.422720 107
3226 1.382185 108
3227 0.622636 107
3228 0.656280 107
3229 0.563411 107
3230 0.585645 107
3231 1.038333 108
3232 1.040056 108
3233 0.451676 108
3234 2.886645 107
3235 1.161815 108
3236 0.875407 108
3237 1.298731 108
3238 0.378585 106
3239 0.325704 108
3240 0.860778 108
3241 0.241822 107
3242 0.427056 107
3243 0.296280 107
3244 1.939639 108
3245 14.755593 108
3246 14.605458 107
3247 12.789561 107
3248 7.999850 107
3249 5.575833 108
3250 1.126794 107
3251 0.460533 107
3252 0.384112 107
3253 0.357533 107
3254 1.165140 107
3255 1.748047 107
3256 1.537121 107
3257 0.962255 106
3258 0.924462 106
3259 0.956160 106
3260 0.966085 106
3261 2.982000 106
3262 1.081075 106
3263 2.538523 107
3264 1.568140 107
3265 1.395234 107
3266 1.406196 107
3267 0.560396 106
3268 0.446075 106
3269 0.363198 106
3270 0.470434 106
3271 0.759736 106
3272 2.900458 107
3273 1.770065 107
3274 0.539726 106
3275 2.454318 107
3276 0.616038 106
3277 0.515415 106
3278 1.410579 107
3279 0.343377 106
3280 1.641327 107
3281 2.161037 107
3282 1.477236 106
3283 0.642160 106
3284 0.598274 106
3285 1.087206 107
3286 0.460925 106
3287 0.467406 106
3288 0.233396 106
3289 1.192869 107
3290 1.758047 107
3291 0.393887 106
3292 0.332802 106
3293 0.337113 106
3294 0.366340 106
3295 2.668168 107
3296 1.218318 107
3297 1.116065 107
3298 1.090766 107
3299 0.554877 106
3300 1.340974 116
3301 1.857871 116
3302 4.747362 116
3303 3.383539 115
3304 3.330243 115
3305 3.504388 116
3306 6.123672 116
3307 7.068913 115
3308 6.060348 115
3309 4.633052 115
3310 3.831635 115
3311 1.159388 116
3312 0.313078 115
3313 0.471913 115
3314 1.129500 116
3315 0.407757 115
3316 1.462664 116
3317 2.661496 115
3318 3.227629 116
3319 2.225313 115
3320 2.026526 116
3321 1.948896 115
3322 1.244216 116
3323 0.776263 114
3324 1.211276 116
3325 0.414583 115
3326 1.448336 116
3327 1.344819 116
3328 1.077647 116
3329 3.779733 116
3330 0.473759 116
3331 1.753819 116
3332 0.963405 116
3333 1.142931 116
3334 0.272930 115
3335 2.420078 116
3336 0.940603 116
3337 0.243235 115
3338 0.938353 116
3339 0.799609 115
3340 0.737383 115
3341 2.499069 116
3342 1.352391 115
3343 0.985405 116
3344 1.031431 116
3345 0.886293 116
3346 0.393252 115
3347 0.458357 115
3348 0.663741 116
3349 0.865405 116
3350 1.106524 82
3351 2.022061 82
3352 1.613488 82
3353 1.216573 82
3354 1.171671 82
3355 0.465439 82
3356 1.700402 82
3357 0.522605 81
3358 0.501506 81
3359 1.294110 82
3360 1.314829 82
3361 0.441864 81
3362 1.671049 82
3363 1.198976 82
3364 0.316420 81
3365 0.294469 81
3366 0.378963 81
3367 1.520720 82
3368 0.379568 81
3369 2.569716 81
3370 1.639537 82
3371 1.422744 82
3372 0.362049 82
3373 0.323457 81
3374 1.449537 82
3375 0.446085 82
3376 1.452732 82
3377 1.211476 82
3378 1.295098 82
3379 0.363679 81
3380 0.391914 81
3381 1.430756 82
3382 0.413580 81
3383 0.291321 81
3384 1.929598 82
3385 0.308272 81
3386 0.300728 81
3387 1.659500 82
3388 0.555438 80
3389 1.436720 82
3390 1.281768 82
3391 2.021317 82
3392 1.367622 82
3393 1.834704 81
3394 19.817305 82
3395 2.359061 82
3396 1.514235 81
3397 1.411235 81
3398 20.000000 81
3399 0.886854 82
3400 1.186848 92
3401 1.327511 92
3402 1.847000 92
3403 0.293890 91
3404 1.632022 92
3405 0.664207 92
3406 0.755967 91
3407 1.706663 92
3408 0.692826 92
3409 1.426326 92
3410 0.773088 91
3411 0.572330 91
3412 0.989989 92
3413 1.336348 92
3414 0.735220 91
3415 0.556220 91
3416 1.238674 92
3417 1.436576 92
3418 1.135380 92
3419 0.584967 92
3420 1.364435 92
3421 0.821055 91
3422 0.621560 91
3423 2.625196 92
3424 1.621396 91
3425 1.653198 91
3426 5.950511 92
3427 4.474967 91
3428 1.278826 92
3429 1.208717 92
3430 1.264685 92
3431 0.485022 91
3432 0.626626 91
3433 1.316696 92
3434 0.525308 91
3435 0.557000 91
3436 1.360457 92
3437 0.605714 91
3438 0.486604 91
3439 1.416478 92
3440 0.542033 91
3441 1.123870 92
3442 0.269176 91
3443 0.350231 91
3444 2.938783 92
3445 0.390418 91
3446 1.417076 92
3447 1.981242 91
3448 2.787674 92
3449 0.272341 91
3450 3.678496 113
3451 2.034858 113
3452 2.697159 113
3453 1.776518 112
3454 1.752759 112
3455 1.405496 113
3456 0.391460 113
3457 0.385929 112
3458 2.194027 113
3459 1.455575 113
3460 0.584562 112
3461 1.839345 113
3462 1.375832 113
3463 0.822920 112
3464 2.225929 113
3465 0.888786 112
3466 1.663416 113
3467 0.832532 111
3468 0.835910 111
3469 1.550823 113
3470 0.463161 112
3471 1.644947 113
3472 0.937425 113
3473 0.448741 112
3474 1.274310 113
3475 1.474796 113
3476 0.714295 112
3477 0.555714 112
3478 7.268681 113
3479 6.664964 112
3480 1.418973 113
3481 1.536848 112
3482 0.822125 112
3483 1.620221 113
3484 0.491360 111
3485 0.490153 111
3486 2.237239 113
3487 1.318133 113
3488 1.197768 112
3489 0.763741 112
3490 1.590867 113
3491 0.591616 112
3492 1.556743 113
3493 0.507348 112
3494 0.478107 112
3495 1.251788 113
3496 0.470938 112
3497 0.436911 112
3498 1.225788 113
3499 0.456857 112
3500 1.259787 94
3501 1.695362 94
3502 0.695667 93
3503 0.607204 93
3504 1.895085 94
3505 0.619462 93
3506 0.600065 93
3507 1.812309 94
3508 0.575011 94
3509 0.707925 93
3510 1.635819 94
3511 0.599617 94
3512 0.608688 93
3513 4.212553 94
3514 3.815000 93
3515 3.651495 93
3516 1.323032 94
3517 1.526213 94
3518 0.659075 93
3519 0.704742 93
3520 7.040638 94
3521 1.769926 94
3522 0.531815 92
3523 0.732891 92
3524 1.672723 94
3525 0.658075 93
3526 0.749344 93
3527 1.644957 94
3528 1.683223 94
3529 0.739559 93
3530 0.753710 93
3531 1.371936 94
3532 0.571366 93
3533 0.558344 93
3534 3.900649 94
3535 1.793096 94
3536 0.545774 93
3537 0.504548 93
3538 1.318489 94
3539 1.783404 94
3540 1.423851 94
3541 1.016777 94
3542 0.964213 94
3543 0.997819 94
3544 0.856170 94
3545 1.739160 94
3546 0.647538 93
3547 0.952947 94
3548 1.149255 94
3549 0.980777 94
3550 1.386317 104
3551 1.729394 104
3552 1.907760 104
3553 1.509010 104
3554 0.474058 104
3555 1.608240 104
3556 1.564394 104
3557 2.206337 104
3558 1.388346 104
3559 1.628471 104
3560 1.696663 104
3561 3.502835 103
3562 1.590885 104
3563 0.489447 103
3564 1.303019 104
3565 1.621721 104
3566 2.057269 104
3567 1.045796 103
3568 1.447567 104
3569 1.696587 104
3570 1.865875 104
3571 0.655657 102
3572 2.036106 104
3573 2.255154 104
3574 2.010115 104
3575 0.383903 103
3576 1.262106 104
3577 1.336260 104
3578 2.342981 104
3579 15.383442 104
3580 1.516731 104
3581 1.294538 104
3582 1.451125 104
3583 1.296846 104
3584 1.033587 104
3585 1.479192 104
3586 1.766798 104
3587 0.965663 104
3588 0.196398 103
3589 1.162212 104
3590 0.488845 103
3591 1.669615 104
3592 1.225500 104
3593 0.845311 103
3594 1.079356 104
3595 0.899288 104
3596 1.099433 104
3597 0.804654 104
3598 0.830606 104
3599 0.305221 104
3600 3.775290 93
3601 1.437419 93
3602 1.233000 93
3603 1.648538 93
3604 13.003624 93
3605 1.745075 93
3606 1.671559 93
3607 1.428570 93
3608 0.467215 93
3609 1.848570 93
3610 1.337785 93
3611 1.733645 93
3612 1.480763 93
3613 1.311581 93
3614 1.306645 93
3615 0.518634 93
3616 1.451441 93
3617 0.475409 93
3618 1.388387 93
3619 0.974806 93
3620 0.476731 93
3621 1.536075 93
3622 0.433602 93
3623 1.139559 93
3624 0.379839 93
3625 1.409656 93
3626 1.325290 93
3627 1.236280 93
3628 1.778452 93
3629 1.579366 93
3630 1.834118 93
3631 1.006269 93
3632 1.420849 93
3633 1.868591 93
3634 1.071688 93
3635 0.333011 93
3636 1.193710 93
3637 1.786086 93
3638 2.086247 93
3639 0.487516 93
3640 0.629978 93
3641 0.636806 93
3642 0.988097 93
3643 0.654763 93
3644 1.581860 93
3645 0.504065 93
3646 1.440495 93
3647 1.053398 93
3648 18.711043 93
3649 0.405129 93
3650 1.031250 112
3651 2.510893 112
3652 0.921161 112
3653 1.288562 112
3654 1.655366 112
3655 1.775241 112
3656 1.337518 112
3657 20.000000 112
3658 5.486500 112
3659 4.307518 112
3660 2.154446 112
3661 1.599848 112
3662 2.392545 112
3663 1.228089 112
3664 20.000000 112
3665 0.986205 112
3666 2.595696 112
3667 1.317223 112
3668 1.723527 112
3669 0.827518 112
3670 2.442616 112
3671 0.776295 112
3672 1.051027 112
3673 1.090277 112
3674 2.024232 112
3675 1.321795 112
3676 1.790232 112
3677 1.720455 112
3678 0.610196 112
3679 1.189875 112
3680 1.112955 112
3681 0.729071 112
3682 0.748062 112
3683 0.590839 112
3684 0.787357 112
3685 0.942884 112
3686 1.018866 112
3687 1.449830 112
3688 0.914054 112
3689 1.684321 112
3690 0.517705 112
3691 2.461045 112
3692 0.716143 112
3693 0.502714 112
3694 0.778982 112
3695 1.027152 112
3696 0.859063 112
3697 0.873714 112
3698 1.326250 112
3699 1.029562 112
3700 1.567908 98
3701 1.422980 98
3702 1.175051 98
3703 0.992898 98
3704 1.443480 98
3705 1.219755 98
3706 1.673571 98
3707 1.802337 98
3708 2.319633 98
3709 1.168531 98
3710 1.295673 98
3711 3.235806 98
3712 1.314184 98
3713 1.308102 98
3714 1.430020 98
3715 2.027898 98
3716 1.263980 98
3717 2.080418 98
3718 1.200520 98
3719 1.407980 98
3720 18.643755 98
3721 1.591194 98
3722 1.677980 98
3723 1.705133 98
3724 1.225173 98
3725 1.368990 98
3726 0.924388 98
3727 0.922469 98
3728 1.719755 98
3729 0.996000 98
3730 1.059673 98
3731 1.024796 98
3732 2.481143 98
3733 0.894235 98
3734 0.859776 98
3735 1.024265 98
3736 0.933561 98
3737 1.130429 98
3738 1.928255 98
3739 1.045449 98
3740 0.850622 98
3741 0.876643 98
3742 0.907653 98
3743 0.625439 98
3744 1.461306 98
3745 0.900398 98
3746 1.017051 98
3747 0.697663 98
3748 0.716990 98
3749 1.040408 98
3750 1.375173 110
3751 1.561618 110
3752 2.188727 110
3753 2.690591 110
3754 1.365882 110
3755 1.529718 110
3756 1.849964 110
3757 1.261891 110
3758 1.419945 110
3759 1.068364 110
3760 1.177873 110
3761 1.204500 110
3762 19.964782 110
3763 1.497273 110
3764 1.326355 110
3765 1.574409 110
3766 2.444955 110
3767 19.315418 110
3768 3.110436 110
3769 1.273609 110
3770 1.338182 110
3771 1.302073 110
3772 1.136809 110
3773 1.179955 110
3774 1.359400 110
3775 1.030518 110
3776 9.203118 110
3777 0.733764 110
3778 4.698909 110
3779 7.114127 110
3780 4.701473 110
3781 1.867545 110
3782 10.408236 110
3783 1.596464 110
3784 0.961518 110
3785 0.600900 110
3786 20.000000 110
3787 0.496564 110
3788 0.939573 110
3789 0.606345 110
3790 0.450600 110
3791 0.464045 110
3792 0.467318 110
3793 0.812964 110
3794 0.736918 110
3795 0.639564 110
3796 0.727445 110
3797 0.674345 110
3798 0.581255 110
3799 0.524291 110
3800 1.467491 106
3801 1.226726 106
3802 12.299330 106
3803 1.126915 106
3804 1.836255 106
3805 1.281038 106
3806 1.538962 106
3807 1.281849 106
3808 1.475858 106
3809 1.986132 106
3810 1.323123 106
3811 1.090443 106
3812 1.312160 106
3813 1.423642 106
3814 1.248038 106
3815 1.265557 106
3816 1.274726 106
3817 1.260123 106
3818 1.249877 106
3819 1.335226 106
3820 1.265208 106
3821 15.832943 106
3822 1.313491 106
3823 1.063660 106
3824 1.637934 106
3825 2.504208 106
3826 2.328981 106
3827 0.865151 106
3828 1.436311 106
3829 1.438453 106
3830 0.973830 106
3831 1.019557 106
3832 1.175896 106
3833 1.087887 106
3834 0.954123 106
3835 0.958481 106
3836 1.170509 106
3837 2.592085 106
3838 3.127632 106
3839 0.735434 106
3840 1.139142 106
3841 0.667094 106
3842 1.033613 106
3843 0.680575 106
3844 1.134736 106
3845 0.721009 106
3846 0.740349 106
3847 0.772632 106
3848 0.812934 106
3849 0.703264 106
3850 1.365750 104
3851 3.763529 104
3852 1.732692 104
3853 1.704183 104
3854 1.345808 104
3855 1.693990 104
3856 1.722308 104
3857 1.524913 104
3858 5.843760 104
3859 1.217817 104
3860 2.067731 104
3861 1.257269 104
3862 1.425750 104
3863 1.601365 104
3864 1.501817 104
3865 3.696365 104
3866 1.752827 104
3867 1.080019 104
3868 1.067769 104
3869 1.966356 104
3870 1.380654 104
3871 1.238221 104
3872 1.664048 104
3873 1.912471 104
3874 1.168952 104
3875 1.423404 104
3876 1.687692 104
3877 1.591471 104
3878 0.953221 104
3879 1.358144 104
3880 1.041413 104
3881 1.107452 104
3882 0.929413 104
3883 1.027981 104
3884 1.018462 104
3885 1.284019 104
3886 1.981462 104
3887 1.034721 104
3888 1.963317 104
3889 2.069654 104
3890 0.953615 104
3891 0.854240 104
3892 1.213019 104
3893 0.945683 104
3894 1.288654 104
3895 1.162192 104
3896 0.394183 104
3897 0.686721 104
3898 1.787606 104
3899 0.677654 104
3900 4.593881 109
3901 1.278385 109
3902 0.981349 109
3903 0.988982 109
3904 1.170468 109
3905 1.119917 109
3906 6.286248 109
3907 1.308165 109
3908 1.090193 109
3909 1.807037 109
3910 1.029229 109
3911 1.811046 109
3912 1.470495 109
3913 1.339936 109
3914 1.044477 109
3915 1.343807 109
3916 1.422991 109
3917 0.879991 109
3918 1.096101 109
3919 1.670532 109
3920 1.253661 109
3921 1.853945 109
3922 0.914477 109
3923 1.186560 109
3924 0.747183 109
3925 2.198257 109
3926 2.039679 109
3927 1.552587 109
3928 1.175229 109
3929 2.355468 109
3930 1.213807 109
3931 1.037073 109
3932 0.981688 109
3933 0.614706 109
3934 0.924890 109
3935 1.367000 109
3936 0.774725 109
3937 0.693844 109
3938 1.539972 109
3939 1.198908 109
3940 10.067523 109
3941 0.818706 109
3942 0.923257 109
3943 0.806220 109
3944 0.836284 109
3945 2.092284 109
3946 1.019624 109
3947 0.371661 109
3948 0.712220 109
3949 1.453954 109
3950 1.432145 117
3951 1.236188 117
3952 1.228000 117
3953 3.334701 117
3954 1.493308 117
3955 5.218692 117
3956 2.546684 117
3957 1.033556 117
3958 1.261291 117
3959 2.035179 117
3960 2.910103 117
3961 1.333538 117
3962 1.511359 117
3963 1.422530 117
3964 1.351838 117
3965 2.768556 117
3966 1.335325 117
3967 1.489932 117
3968 1.521094 117
3969 1.459026 117
3970 1.434573 117
3971 1.208658 117
3972 1.239026 117
3973 0.897248 117
3974 1.008085 117
3975 1.639701 117
3976 0.869538 117
3977 1.236726 117
3978 1.032709 117
3979 1.128983 117
3980 19.999940 117
3981 1.052556 117
3982 0.882795 117
3983 0.727513 117
3984 0.795470 117
3985 2.227231 117
3986 17.848274 117
3987 0.730530 117
3988 2.750667 117
3989 2.202222 117
3990 1.357462 117
3991 1.369521 117
3992 2.206060 117
3993 1.507393 117
3994 1.017513 117
3995 1.181427 117
3996 1.583513 117
3997 0.900154 117
3998 3.504043 117
3999 1.490838 117
4000 3.788223 112
4001 1.597357 112
4002 1.838179 112
4003 1.165000 112
4004 17.159232 112
4005 1.076018 112
4006 1.479170 112
4007 1.978938 112
4008 3.715955 112
4009 0.981152 112
4010 1.956027 112
4011 1.574598 112
4012 1.359116 112
4013 1.649134 112
4014 1.101661 112
4015 4.044679 112
4016 1.588902 112
4017 2.728170 112
4018 1.538125 112
4019 1.828429 112
4020 3.496509 112
4021 1.187571 112
4022 0.866813 112
4023 1.122830 112
4024 1.403875 112
4025 1.172812 112
4026 1.150991 112
4027 3.101613 111
4028 3.017268 112
4029 1.288321 112
4030 1.622661 112
4031 5.118518 112
4032 2.241964 112
4033 1.669813 112
4034 1.407795 112
4035 4.704670 112
4036 0.571304 112
4037 0.876661 112
4038 0.672536 112
4039 0.594518 112
4040 20.000000 112
4041 0.629643 112
4042 0.884134 112
4043 0.499509 112
4044 0.776241 112
4045 1.318723 112
4046 0.648036 112
4047 0.441411 112
4048 0.591830 112
4049 0.526563 112
4050 1.145125 120
4051 0.756342 120
4052 2.486117 120
4053 2.320025 120
4054 1.373325 120
4055 1.454517 120
4056 1.245767 120
4057 1.940492 120
4058 18.277692 120
4059 1.562317 120
4060 4.566975 120
4061 1.221867 120
4062 1.176542 120
4063 1.269525 120
4064 4.042925 120
4065 2.190333 120
4066 2.099100 120
4067 3.846033 120
4068 1.838483 120
4069 3.332233 120
4070 1.075958 120
4071 0.293361 119
4072 1.234958 120
4073 1.293467 120
4074 11.752400 120
4075 0.895350 120
4076 0.227425 120
4077 0.892408 120
4078 1.566792 120
4079 1.086225 120
4080 0.893117 120
4081 1.289900 120
4082 0.960933 120
4083 0.826967 120
4084 0.827767 120
4085 1.101233 120
4086 1.872008 120
4087 0.989525 120
4088 0.926208 120
4089 0.621567 120
4090 0.703908 120
4091 0.822583 120
4092 0.949683 120
4093 10.749867 120
4094 0.767975 120
4095 0.544117 120
4096 0.626533 120
4097 0.896750 120
4098 0.851733 120
4099 0.594133 120
4100 1.146684 114
4101 8.280947 114
4102 6.671973 113
4103 0.855447 114
4104 0.952956 114
4105 0.475407 113
4106 3.398605 114
4107 20.000000 114
4108 1.623377 114
4109 1.454412 114
4110 3.743149 114
4111 1.270237 114
4112 3.160772 114
4113 1.348474 114
4114 1.354474 114
4115 1.198228 114
4116 0.400070 114
4117 1.657061 114
4118 1.135596 114
4119 1.435132 114
4120 1.184868 114
4121 19.999789 114
4122 0.925053 114
4123 1.353140 114
4124 1.146526 114
4125 0.232071 112
4126 1.110237 114
4127 1.039246 114
4128 1.172772 114
4129 0.919061 114
4130 0.949956 114
4131 0.560575 113
4132 1.182342 114
4133 1.187921 114
4134 0.860561 114
4135 1.061035 114
4136 0.796070 114
4137 1.407254 114
4138 0.944114 114
4139 0.730430 114
4140 0.815588 114
4141 0.233204 113
4142 0.406221 113
4143 0.891623 114
4144 0.999105 114
4145 0.775482 114
4146 0.927904 114
4147 1.203877 114
4148 0.989360 114
4149 0.451088 113
4150 2.636348 112
4151 2.026920 112
4152 1.662580 112
4153 2.021375 112
4154 1.333420 112
4155 1.361491 112
4156 6.470500 112
4157 1.394429 112
4158 1.288554 112
4159 0.351117 111
4160 1.842464 112
4161 3.552125 112
4162 0.351135 111
4163 1.490250 112
4164 1.526107 112
4165 0.933446 112
4166 2.005911 112
4167 2.586732 112
4168 1.449848 112
4169 1.632170 112
4170 1.252795 112
4171 1.145500 112
4172 0.852955 112
4173 0.362054 112
4174 1.381027 112
4175 1.221161 112
4176 1.164223 112
4177 1.228036 112
4178 0.469514 111
4179 1.482589 112
4180 1.232375 112
4181 1.356196 112
4182 0.552450 111
4183 2.788161 112
4184 0.514964 112
4185 1.140714 112
4186 1.077134 112
4187 1.027937 112
4188 0.253027 112
4189 1.687420 112
4190 1.267830 112
4191 0.414991 111
4192 1.204598 112
4193 1.311143 112
4194 0.967830 112
4195 0.330604 111
4196 1.927393 112
4197 1.131946 112
4198 0.820107 112
4199 1.075866 112
4200 1.338716 116
4201 1.566181 116
4202 1.248155 116
4203 1.100672 116
4204 1.991810 116
4205 1.573078 116
4206 0.826357 115
4207 1.551181 116
4208 0.822713 115
4209 2.731207 116
4210 1.309129 116
4211 0.467374 115
4212 1.375690 116
4213 1.608483 116
4214 0.409474 116
4215 1.397147 116
4216 0.567643 115
4217 2.017845 116
4218 0.982904 115
4219 2.138362 116
4220 1.523457 116
4221 1.333310 116
4222 2.915379 116
4223 1.609681 116
4224 0.743353 116
4225 1.546612 116
4226 1.468500 116
4227 1.440534 116
4228 1.230250 116
4229 2.878948 116
4230 1.553948 116
4231 0.947414 116
4232 1.097431 116
4233 1.237000 116
4234 1.652828 116
4235 1.772569 116
4236 1.314250 116
4237 1.593845 116
4238 0.671181 116
4239 1.226388 116
4240 0.332600 115
4241 0.349724 116
4242 1.303414 116
4243 0.397138 116
4244 0.374643 115
4245 0.452966 116
4246 0.967388 116
4247 1.772267 116
4248 1.307034 116
4249 17.750112 116
4250 17.128713 101
4251 18.871822 101
4252 17.206840 100
4253 16.648850 100
4254 15.812594 101
4255 18.546960 100
4256 15.854990 101
4257 13.491832 101
4258 18.408640 100
4259 17.967870 100
4260 16.615270 100
4261 15.980050 100
4262 16.826723 101
4263 18.581750 100
4264 16.558770 100
4265 17.333406 101
4266 13.891762 101
4267 18.389290 100
4268 13.504610 100
4269 10.001851 101
4270 7.041250 100
4271 4.157400 100
4272 2.736160 100
4273 1.904901 101
4274 19.802446 101
4275 4.152000 100
4276 19.004660 100
4277 2.449080 100
4278 13.542337 101
4279 0.791792 101
4280 0.303370 100
4281 0.708386 101
4282 2.031366 101
4283 0.695320 100
4284 0.808584 101
4285 1.059460 100
4286 0.816520 100
4287 3.999881 101
4288 1.164297 101
4289 1.104505 101
4290 0.660030 101
4291 0.155480 100
4292 0.148860 100
4293 0.160190 100
4294 0.165010 100
4295 0.156700 100
4296 0.139010 101
4297 0.193430 100
4298 1.105208 101
4299 0.517119 101
4300 1.398829 105
4301 0.763800 105
4302 0.705714 105
4303 0.612238 105
4304 0.711600 105
4305 0.733057 105
4306 1.321848 105
4307 1.500533 105
4308 0.497657 105
4309 0.359067 104
4310 1.275638 105
4311 1.932486 105
4312 0.598885 104
4313 0.464212 104
4314 0.571433 104
4315 0.482067 104
4316 0.458365 104
4317 1.535248 105
4318 3.293686 105
4319 1.272924 105
4320 1.407124 105
4321 1.034817 104
4322 0.884702 104
4323 0.803913 104
4324 0.720663 104
4325 1.315390 105
4326 2.796857 105
4327 0.643327 104
4328 0.961680 103
4329 1.438533 105
4330 1.136848 105
4331 0.794295 105
4332 1.639629 105
4333 1.406095 105
4334 1.745438 105
4335 1.418781 105
4336 1.454724 105
4337 1.912305 105
4338 1.199733 105
4339 0.353942 104
4340 1.089552 105
4341 1.120905 105
4342 1.494314 105
4343 1.226790 105
4344 19.999733 105
4345 19.999743 105
4346 19.999695 105
4347 19.999667 105
4348 19.999705 105
4349 19.999724 105
4350 19.999817 104
4351 1.313692 104
4352 1.412462 104
4353 1.331808 104
4354 12.367760 104
4355 13.979288 104
4356 1.545721 104
4357 1.316394 104
4358 15.067442 104
4359 14.760173 104
4360 2.368567 104
4361 1.834827 104
4362 1.797981 103
4363 1.941538 104
4364 1.683515 103
4365 1.707485 103
4366 1.577284 102
4367 1.701587 104
4368 1.734553 103
4369 1.570495 103
4370 1.561796 103
4371 1.541553 103
4372 1.650757 103
4373 1.595902 102
4374 1.381505 103
4375 1.434845 103
4376 1.462243 103
4377 1.345194 103
4378 1.403941 102
4379 0.656875 104
4380 0.232500 104
4381 0.174631 103
4382 0.173942 103
4383 0.274854 103
4384 0.345728 103
4385 0.242408 103
4386 0.237835 103
4387 0.187922 103
4388 11.973260 104
4389 1.003981 104
4390 0.992990 104
4391 0.169408 103
4392 0.534456 103
4393 0.159990 103
4394 0.567798 104
4395 0.172282 103
4396 0.182039 103
4397 0.156456 103
4398 0.149427 103
4399 0.167427 103
4400 1.232632 87
4401 0.367920 87
4402 0.394138 87
4403 0.477356 87
4404 0.565724 87
4405 0.404460 87
4406 1.160954 87
4407 0.628931 87
4408 0.877488 86
4409 0.763907 86
4410 0.859895 86
4411 0.648372 86
4412 1.425184 87
4413 1.253437 87
4414 0.917035 86
4415 0.489081 86
4416 0.578709 86
4417 2.224391 87
4418 1.054767 86
4419 1.064081 86
4420 0.681851 87
4421 1.542322 87
4422 1.197023 86
4423 0.712907 86
4424 0.560721 86
4425 1.983379 87
4426 0.953318 85
4427 0.897659 85
4428 0.518400 85
4429 2.363184 87
4430 0.501616 86
4431 0.416105 86
4432 0.727488 86
4433 2.588644 87
4434 0.709788 85
4435 1.409318 85
4436 0.669118 85
4437 1.624184 87
4438 1.034989 87
4439 0.854279 86
4440 0.650767 86
4441 1.400816 87
4442 1.226872 86
4443 0.633593 86
4444 0.907349 86
4445 1.334437 87
4446 0.964314 86
4447 0.569116 86
4448 0.640628 86
4449 1.580356 87
4450 1.959782 101
4451 1.028465 101
4452 0.679257 101
4453 1.676525 101
4454 1.759980 101
4455 0.426010 99
4456 1.544307 101
4457 0.296120 100
4458 1.277396 101
4459 0.465900 100
4460 1.562545 101
4461 0.370180 100
4462 1.483554 101
4463 0.571040 100
4464 1.211594 101
4465 0.387740 100
4466 1.230733 101
4467 1.246455 101
4468 1.276604 101
4469 0.515406 101
4470 1.324485 101
4471 1.560673 101
4472 0.509970 100
4473 1.853109 101
4474 3.119650 100
4475 1.350802 101
4476 1.245683 101
4477 0.354010 100
4478 1.162455 101
4479 1.459693 101
4480 1.505990 101
4481 1.582584 101
4482 0.808760 100
4483 19.612584 101
4484 1.297168 101
4485 0.903851 101
4486 1.190515 101
4487 1.193020 101
4488 2.052109 101
4489 1.365723 101
4490 1.171733 101
4491 0.938634 101
4492 1.366703 101
4493 1.009238 101
4494 0.869356 101
4495 1.093554 101
4496 1.199069 101
4497 1.068495 101
4498 0.922267 101
4499 1.343446 101
