0 0.420397 118
1 1.777685 118
2 2.254023 118
3 1.030454 118
4 1.051809 118
5 0.000000 118
6 0.536865 118
7 13.518847 118
8 0.602844 118
9 0.570560 118
10 0.560373 118
11 0.622751 118
12 15.889635 118
13 1.878850 118
14 0.407289 118
15 0.622513 118
16 1.461336 118
17 1.477674 118
18 0.665584 118
19 1.310213 118
20 1.397922 118
21 0.449856 118
22 1.079157 118
23 0.574046 118
24 0.842735 118
25 0.970540 118
26 0.910595 118
27 5.609164 118
28 0.770367 118
29 0.770823 118
30 1.432366 118
31 0.857042 118
32 0.420391 118
33 1.213660 118
34 1.289012 118
35 0.764104 118
36 1.235592 118
37 0.538451 118
38 1.053237 118
39 1.013337 118
40 1.181649 118
41 1.058977 118
42 0.914338 118
43 0.776728 118
44 1.536458 118
45 0.798921 118
46 1.361131 118
47 2.141493 118
48 4.024985 118
49 0.883072 118
50 0.464457 116
51 0.580776 116
52 0.654339 116
53 0.684076 116
54 0.305006 116
55 0.280418 116
56 0.554457 116
57 0.529888 116
58 0.391257 116
59 0.000000 116
60 0.076902 116
61 2.926126 116
62 0.544425 116
63 0.592466 116
64 0.576690 116
65 0.795996 116
66 0.433945 116
67 0.599628 116
68 1.804208 116
69 1.386879 116
70 3.550820 116
71 3.587884 116
72 3.528065 116
73 1.407503 116
74 1.371722 116
75 1.565501 116
76 1.790151 116
77 2.648266 116
78 2.292564 116
79 2.104041 116
80 2.325523 116
81 1.893962 116
82 1.833506 116
83 0.744364 116
84 0.927833 116
85 0.865469 116
86 1.262620 116
87 2.761034 116
88 1.599306 116
89 4.116315 116
90 0.000000 116
91 1.510127 116
92 2.628886 116
93 1.941115 116
94 7.065381 116
95 0.000000 116
96 0.237695 116
97 2.368012 116
98 4.930652 116
99 5.155401 116
100 2.036191 94
101 4.208931 94
102 4.043929 94
103 4.216970 94
104 1.431659 94
105 3.123339 94
106 3.385634 94
107 1.861248 94
108 4.296392 94
109 0.716974 94
110 3.848500 94
111 29.638756 94
112 36.320734 94
113 1.500397 94
114 3.358061 94
115 3.698228 94
116 1.125321 94
117 1.534676 94
118 3.529114 94
119 3.700990 94
120 1.952293 94
121 1.454789 94
122 22.974959 94
123 1.216941 94
124 0.772956 94
125 2.481388 94
126 5.930274 94
127 2.971287 94
128 1.573977 94
129 21.613231 94
130 1.154151 94
131 1.276974 94
132 1.394077 94
133 0.802302 94
134 2.338742 94
135 2.584968 94
136 7.888524 94
137 1.246763 94
138 1.874236 94
139 1.938260 94
140 19.340834 94
141 1.162699 94
142 2.436505 94
143 0.803053 94
144 0.622357 94
145 1.071931 94
146 2.787494 94
147 1.536490 94
148 0.671065 94
149 1.897698 94
150 0.794495 103
151 1.745929 103
152 1.254082 103
153 0.330467 103
154 0.896212 103
155 1.378488 103
156 2.337616 103
157 0.591608 103
158 0.931358 103
159 1.532414 103
160 26.894435 103
161 0.633400 103
162 0.654569 103
163 0.868144 103
164 3.760432 103
165 3.186473 103
166 3.502940 103
167 1.463745 103
168 3.500211 103
169 0.000000 103
170 0.000000 103
171 26.980912 103
172 1.899164 103
173 2.616418 103
174 3.199646 103
175 3.794727 103
176 3.779200 103
177 5.499255 103
178 5.191697 103
179 0.076597 103
180 1.220668 103
181 6.180701 103
182 6.681568 103
183 6.852686 103
184 6.917143 103
185 7.181807 103
186 7.432971 103
187 0.109326 103
188 1.759691 103
189 7.722671 103
190 7.587671 103
191 0.113933 103
192 2.133846 103
193 7.893979 103
194 8.167128 103
195 0.119941 103
196 1.864534 103
197 7.661485 103
198 7.852294 103
199 7.510582 103
200 0.201453 97
201 2.333568 97
202 2.784812 97
203 3.513338 97
204 3.199399 97
205 3.502107 97
206 3.768374 97
207 3.983603 97
208 0.131967 97
209 1.400732 97
210 4.773610 97
211 5.356509 97
212 5.340143 97
213 5.984949 97
214 5.673458 97
215 6.274524 97
216 6.353858 97
217 6.222551 97
218 7.009409 97
219 6.713432 97
220 7.119771 97
221 7.105688 97
222 6.880609 97
223 7.625968 97
224 7.897688 97
225 7.273634 97
226 7.267979 97
227 0.145204 97
228 2.179657 97
229 7.506152 97
230 7.265542 97
231 0.135021 97
232 2.142793 97
233 7.516128 97
234 7.377693 97
235 7.329122 97
236 7.648296 97
237 7.227310 97
238 7.694076 97
239 7.441246 97
240 7.011426 97
241 7.486134 97
242 7.072020 97
243 7.434594 97
244 7.427419 97
245 7.792018 97
246 7.617203 97
247 0.131476 97
248 2.175732 97
249 7.656112 97
250 0.174265 102
251 2.038754 102
252 2.841011 102
253 0.117524 102
254 1.708134 102
255 3.872961 102
256 3.881659 102
257 3.622532 102
258 3.837638 102
259 3.993909 102
260 3.702206 102
261 4.287166 102
262 4.584906 102
263 5.022529 102
264 6.771063 102
265 6.217333 102
266 6.626010 102
267 6.533486 102
268 6.721711 102
269 7.164296 102
270 7.112136 102
271 0.149707 102
272 0.129979 102
273 0.127308 102
274 0.128097 102
275 0.127907 102
276 2.220490 102
277 8.192519 102
278 7.727149 102
279 0.139912 102
280 2.087767 102
281 7.824670 102
282 7.774454 102
283 7.443593 102
284 8.203431 102
285 7.575654 102
286 7.147537 102
287 7.689106 102
288 7.774650 102
289 8.119706 102
290 7.489924 102
291 0.148361 102
292 2.251545 102
293 7.894661 102
294 7.755093 102
295 8.072674 102
296 7.553286 102
297 7.957316 102
298 7.842248 102
299 7.842397 102
300 0.179959 103
301 1.880601 103
302 2.622644 103
303 3.023181 103
304 3.639569 103
305 3.257583 103
306 3.411378 103
307 3.751688 103
308 4.200833 103
309 4.121713 103
310 4.746350 103
311 4.565063 103
312 5.226762 103
313 5.160275 103
314 5.288608 103
315 5.907718 103
316 6.244157 103
317 6.904905 103
318 6.626065 103
319 6.693329 103
320 7.020354 103
321 7.342296 103
322 7.241278 103
323 7.495461 103
324 7.632965 103
325 7.829668 103
326 7.338545 103
327 7.393287 103
328 7.586328 103
329 7.669776 103
330 7.530261 103
331 7.600118 103
332 7.514911 103
333 7.619167 103
334 7.056635 103
335 7.453409 103
336 7.383134 103
337 7.659518 103
338 0.143162 103
339 2.395882 103
340 7.308613 103
341 7.563590 103
342 7.525560 103
343 7.223822 103
344 7.718703 103
345 7.804624 103
346 7.562319 103
347 7.402037 103
348 7.111899 103
349 7.792804 103
350 0.071309 108
351 1.343123 108
352 2.656753 108
353 2.651814 108
354 2.848286 108
355 0.102495 108
356 0.093638 108
357 0.073619 108
358 0.068637 108
359 1.623992 108
360 4.156525 108
361 4.205581 108
362 0.083109 108
363 1.631281 108
364 0.083798 108
365 1.589267 108
366 0.086364 108
367 0.083811 108
368 1.756410 108
369 6.974784 108
370 0.107015 108
371 0.105860 108
372 0.118436 108
373 2.032752 108
374 0.123785 108
375 2.065268 108
376 7.085469 108
377 7.101888 108
378 0.135492 108
379 0.143314 108
380 2.101048 108
381 7.672524 108
382 7.096700 108
383 0.151543 108
384 0.137053 108
385 2.283138 108
386 7.378567 108
387 7.601559 108
388 0.183692 108
389 0.182220 108
390 0.183704 108
391 0.194642 108
392 2.918609 108
393 7.834377 108
394 0.221002 108
395 0.233186 108
396 2.883042 108
397 0.271144 108
398 0.282623 108
399 0.321182 108
400 0.215902 101
401 2.493231 101
402 3.233988 101
403 3.551462 101
404 0.131275 101
405 0.114815 101
406 0.094249 101
407 0.078907 101
408 1.342923 101
409 0.076834 101
410 0.000000 101
411 0.000000 101
412 0.000000 101
413 0.000000 101
414 0.000000 101
415 0.000000 101
416 0.000000 101
417 0.000000 101
418 0.000000 101
419 0.000000 101
420 0.000000 101
421 0.000000 101
422 0.000000 101
423 0.000000 101
424 0.000000 101
425 0.000000 101
426 0.000000 101
427 0.000000 101
428 0.000000 101
429 0.000000 101
430 0.000000 101
431 0.000000 101
432 0.000000 101
433 0.000000 101
434 0.000000 101
435 0.000000 101
436 0.000000 101
437 0.000000 101
438 0.000000 101
439 0.000000 101
440 0.000000 101
441 0.000000 101
442 0.000000 101
443 0.000000 101
444 0.000000 101
445 0.000000 101
446 0.000000 101
447 0.000000 101
448 0.000000 101
449 0.000000 101
450 0.000000 107
451 0.000000 107
452 0.000000 107
453 0.000000 107
454 0.000000 107
455 0.000000 107
456 0.000000 107
457 0.000000 107
458 0.000000 107
459 0.036244 107
460 13.321338 107
461 1.489058 107
462 2.717106 107
463 4.652502 107
464 5.210588 107
465 8.208561 107
466 1.519155 107
467 2.448069 107
468 5.513918 107
469 11.810542 107
470 1.801500 107
471 1.551461 107
472 1.400311 107
473 2.240498 107
474 3.378885 107
475 1.503017 107
476 1.464668 107
477 1.514240 107
478 1.699156 107
479 1.596358 107
480 4.355265 107
481 1.840030 107
482 0.002380 107
483 2.783515 107
484 7.783264 107
485 5.384288 107
486 2.945148 107
487 6.055931 107
488 6.500740 107
489 2.789188 107
490 3.776304 107
491 7.822925 107
492 7.970138 107
493 1.807207 107
494 3.634921 107
495 3.884699 107
496 1.624124 107
497 7.279234 107
498 4.527132 107
499 1.339711 107
500 0.852144 115
501 3.900768 115
502 12.059970 115
503 5.089150 115
504 1.054841 115
505 1.599039 115
506 1.568988 115
507 1.537104 115
508 0.438332 115
509 3.382450 115
510 17.055555 115
511 0.667769 115
512 1.343223 115
513 0.000000 115
514 1.044475 115
515 2.522656 115
516 1.390887 115
517 1.777259 115
518 1.944939 115
519 2.075686 115
520 2.204766 115
521 2.259945 115
522 2.590161 115
523 11.149044 115
524 1.605967 115
525 2.484121 115
526 0.000000 115
527 11.842270 115
528 1.097359 115
529 2.430648 115
530 0.855883 115
531 1.667096 115
532 1.525283 115
533 2.207824 115
534 4.863993 115
535 2.586461 115
536 3.660365 115
537 1.968781 115
538 2.017900 115
539 4.755721 115
540 5.226176 115
541 3.249450 115
542 2.018927 115
543 0.289003 115
544 0.508559 115
545 1.653752 115
546 0.000000 115
547 0.650856 115
548 0.905878 115
549 10.762404 115
550 11.545490 103
551 81.780325 103
552 15.726966 103
553 1.965877 103
554 1.184176 103
555 1.203814 103
556 1.415909 103
557 19.057329 103
558 1.376225 103
559 92.768155 103
560 1.233727 103
561 24.265942 103
562 6.314099 103
563 3.732728 103
564 1.507106 103
565 44.275850 103
566 1.675592 103
567 193.981765 103
568 2.603725 103
569 0.421848 103
570 0.933002 103
571 0.593039 103
572 1.153530 103
573 1.271898 103
574 1.179072 103
575 1.201410 103
576 1.128050 103
577 1.611579 103
578 1.040544 103
579 1.799436 103
580 1.519203 103
581 1.486508 103
582 1.437728 103
583 1.385747 103
584 1.528614 103
585 1.458185 103
586 0.566614 103
587 0.695616 103
588 0.655197 103
589 1.755038 103
590 1.052495 103
591 0.527353 103
592 0.000000 103
593 0.447685 103
594 0.888534 103
595 1.038668 103
596 1.059906 103
597 0.967743 103
598 0.450814 103
599 0.873285 103
600 0.550857 111
601 1.096288 111
602 0.980751 111
603 0.398967 111
604 0.874523 111
605 1.072651 111
606 0.996056 111
607 1.092369 111
608 3.276942 111
609 0.463610 111
610 0.959042 111
611 0.362678 111
612 0.879160 111
613 0.977921 111
614 1.091131 111
615 1.097823 111
616 2.628899 111
617 3.592147 111
618 0.303159 111
619 1.254480 111
620 0.854532 111
621 0.370563 111
622 22.519777 111
623 26.020921 111
624 0.000000 111
625 0.841547 111
626 0.125156 111
627 0.142931 111
628 0.137184 111
629 0.135522 111
630 0.511028 111
631 0.393550 111
632 2.710154 111
633 2.919905 111
634 0.725427 111
635 0.869900 111
636 0.598276 111
637 0.599307 111
638 0.505433 111
639 0.744110 111
640 0.473170 111
641 0.752909 111
642 0.511832 111
643 0.509355 111
644 0.334799 111
645 0.776799 111
646 0.568213 111
647 0.669683 111
648 0.603493 111
649 2.046962 111
650 0.248629 107
651 0.754588 107
652 1.696141 107
653 0.591252 107
654 0.333275 107
655 6.643326 107
656 1.197126 107
657 0.543894 107
658 0.529125 107
659 0.110093 107
660 0.941985 107
661 0.412706 107
662 0.950475 107
663 0.570223 107
664 0.601427 107
665 0.528289 107
666 0.485427 107
667 0.765211 107
668 1.720742 107
669 0.665756 107
670 1.306771 107
671 0.752666 107
672 0.433148 107
673 0.678044 107
674 0.507444 107
675 0.500802 107
676 0.000000 107
677 0.717887 107
678 2.863160 107
679 0.000000 107
680 0.396601 107
681 5.229071 107
682 1.945666 107
683 0.008315 107
684 0.571073 107
685 1.028639 107
686 0.354980 107
687 0.332713 107
688 0.572135 107
689 1.268393 107
690 0.791314 107
691 0.327496 107
692 0.233517 107
693 0.571499 107
694 0.691347 107
695 0.429291 107
696 0.595805 107
697 215.000809 107
698 0.308682 107
699 0.666682 107
700 0.583281 98
701 2.547483 98
702 0.413343 98
703 1.181440 98
704 0.633063 98
705 0.245081 98
706 0.377788 98
707 0.427036 98
708 0.375635 98
709 0.630629 98
710 0.594879 98
711 0.433400 98
712 0.705267 98
713 0.614069 98
714 13.359006 98
715 4.786315 98
716 12.157837 98
717 8.864436 98
718 0.771508 98
719 0.771096 98
720 0.406728 98
721 0.408808 98
722 0.626371 98
723 0.425634 98
724 0.578655 98
725 0.294483 98
726 0.000000 98
727 0.000000 98
728 0.000000 97
729 0.000000 97
730 0.000000 97
731 0.000000 97
732 0.000000 97
733 0.000000 97
734 0.000000 97
735 0.000000 97
736 3.266374 97
737 0.588002 97
738 32.844228 97
739 76.891927 97
740 76.900627 97
741 1.061386 97
742 2.094823 97
743 2.271438 97
744 1.621976 97
745 3.216013 97
746 1.050465 97
747 2.395047 97
748 2.813734 97
749 1.625893 97
750 7.609235 98
751 1.252442 98
752 1.075092 98
753 2.900077 98
754 1.333877 98
755 15.957009 98
756 9.393059 98
757 61.855783 98
758 0.992269 98
759 10.004212 98
760 1.035119 98
761 18.233205 98
762 0.530076 98
763 3.657494 98
764 4.719577 98
765 1.436476 98
766 0.777718 98
767 3.587792 98
768 1.429588 98
769 0.770409 98
770 4.566575 98
771 0.554668 98
772 0.411878 98
773 0.240239 98
774 0.698379 98
775 1.958663 98
776 0.000000 98
777 1.643984 98
778 1.101434 98
779 0.755950 98
780 1.201010 98
781 2.192955 98
782 5.237955 98
783 0.581083 98
784 1.631297 98
785 1.231800 98
786 3.187619 98
787 1.182133 98
788 2.711098 98
789 0.576795 98
790 0.753129 98
791 48.822240 98
792 1.938947 98
793 1.160935 98
794 0.969392 98
795 0.984263 98
796 0.957356 98
797 0.746248 98
798 0.760856 98
799 0.976982 98
800 42.829291 110
801 3.328893 110
802 1.357480 110
803 21.129843 110
804 2.680412 110
805 1.093067 110
806 16.847573 110
807 1.353359 110
808 1.414996 110
809 4.243878 110
810 6.849919 109
811 1.494496 110
812 1.256112 110
813 4.034682 110
814 2.138078 110
815 0.790268 110
816 8.262872 110
817 6.061151 110
818 5.280802 110
819 4.762331 110
820 4.678954 110
821 5.049677 110
822 1.374654 110
823 1.318288 110
824 0.049854 110
825 5.703694 110
826 1.245431 110
827 3.969359 110
828 1.745309 110
829 5.877452 110
830 12.410290 110
831 9.316099 110
832 64.696637 110
833 1.366787 110
834 1.532524 110
835 1.084379 110
836 1.146637 110
837 0.954028 110
838 1.511503 110
839 7.724141 110
840 16.137936 110
841 0.244373 110
842 2.496631 110
843 2.133654 110
844 1.479873 110
845 2.170078 110
846 163.910208 110
847 1.641086 110
848 2.181413 110
849 1.293864 110
850 15.113604 107
851 0.883825 107
852 2.054823 107
853 1.852648 107
854 1.862398 107
855 4.172835 107
856 4.125828 107
857 1.821960 107
858 4.186837 107
859 3.869253 107
860 3.235945 107
861 3.008079 107
862 1.420876 107
863 1.434702 107
864 1.575563 107
865 1.606460 107
866 0.000000 107
867 0.092509 107
868 0.000000 107
869 0.000000 107
870 0.057139 107
871 0.000000 107
872 0.066844 107
873 0.000000 107
874 0.000000 107
875 0.000000 107
876 0.000000 107
877 0.000000 107
878 0.000000 107
879 0.000000 107
880 0.000000 107
881 0.000000 107
882 0.000000 107
883 0.000000 107
884 0.000000 107
885 0.000000 107
886 0.000000 107
887 0.000000 107
888 0.000000 107
889 0.000000 107
890 0.000000 107
891 0.000000 107
892 0.132458 106
893 0.002282 106
894 0.117231 106
895 1.608497 106
896 5.159953 106
897 5.139391 106
898 2.614476 106
899 5.465296 106
900 1.627172 101
901 0.620322 101
902 9.129873 101
903 20.950227 101
904 20.278252 101
905 6.344561 101
906 3.124105 101
907 2.862836 101
908 6.567152 101
909 2.950046 101
910 2.793779 101
911 6.279425 101
912 2.773064 101
913 2.826180 101
914 1.271638 101
915 2.927059 101
916 2.057763 101
917 0.000000 101
918 0.000000 101
919 0.000000 101
920 0.000000 101
921 0.000000 101
922 0.000000 101
923 0.000000 101
924 0.000000 101
925 0.000000 101
926 0.000000 101
927 0.000000 101
928 0.000000 101
929 0.000000 101
930 0.000000 101
931 2.627387 101
932 4.072248 101
933 2.908798 101
934 4.903178 101
935 5.495349 101
936 12.962248 101
937 4.738466 101
938 4.271501 101
939 0.808998 101
940 3.432990 101
941 3.582259 101
942 3.566926 101
943 3.653593 101
944 1.606649 101
945 1.192007 101
946 1.715649 101
947 2.347937 101
948 1.914633 101
949 4.656583 101
950 2.085051 104
951 38.034224 104
952 1.665901 104
953 2.125744 104
954 1.714916 104
955 2.699714 104
956 1.220731 104
957 3.171731 104
958 4.146512 104
959 4.401303 104
960 1.446759 104
961 4.284541 104
962 2.911980 104
963 4.575900 104
964 1.448571 104
965 2.536903 104
966 3.544704 103
967 19.594207 103
968 27.581795 103
969 26.399411 103
970 26.787659 103
971 26.660723 103
972 1.707881 103
973 1.680186 103
974 2.164902 103
975 4.135609 103
976 1.306476 103
977 1.012419 103
978 2.117225 103
979 1.122283 103
980 1.183852 103
981 19.982633 103
982 3.048781 103
983 1.506799 103
984 1.904910 103
985 7.955998 103
986 1.495468 103
987 4.286254 103
988 1.582912 103
989 0.134462 103
990 2.022207 103
991 1.093961 103
992 1.532681 103
993 1.690025 103
994 0.823131 103
995 0.865392 103
996 1.368247 103
997 2.591482 103
998 2.759709 103
999 0.586176 103
1000 1.247234 82
1001 1.571434 82
1002 0.952966 82
1003 2.202596 82
1004 0.895243 82
1005 1.166245 82
1006 4.513571 82
1007 1.207198 82
1008 0.803821 82
1009 1.079028 82
1010 1.382049 82
1011 1.080291 82
1012 4.585753 82
1013 15.034146 82
1014 1.674245 82
1015 1.509363 82
1016 4.048328 82
1017 7.270911 82
1018 6.242917 82
1019 6.639428 82
1020 6.505681 82
1021 6.559008 82
1022 6.289766 82
1023 6.149128 82
1024 6.413178 82
1025 5.838643 82
1026 6.070422 82
1027 6.124650 82
1028 6.128770 82
1029 6.504571 82
1030 6.487204 82
1031 5.978589 82
1032 1.573421 82
1033 3.024871 82
1034 3.422890 82
1035 1.631030 82
1036 4.284584 82
1037 1.330428 82
1038 3.775917 82
1039 2.722421 82
1040 1.751336 82
1041 4.622906 82
1042 2.637634 82
1043 0.004343 82
1044 0.000000 82
1045 0.000000 82
1046 1.147633 82
1047 2.367200 82
1048 2.556856 82
1049 6.933487 82
1050 10.416164 104
1051 12.277149 104
1052 12.361640 104
1053 1.932427 104
1054 4.040154 104
1055 2.115087 104
1056 5.085520 104
1057 5.460340 104
1058 2.145171 104
1059 5.352809 104
1060 6.409985 104
1061 21.955680 104
1062 88.985157 104
1063 115.765315 104
1064 156.744634 104
1065 64.649312 104
1066 210.141993 104
1067 37.562923 104
1068 116.214408 104
1069 63.303575 104
1070 62.994880 104
1071 153.474523 104
1072 89.644833 104
1073 132.834736 104
1074 40.697111 104
1075 65.249241 104
1076 123.614410 104
1077 87.441306 104
1078 155.617388 104
1079 237.704895 104
1080 73.731828 104
1081 68.092462 104
1082 174.941518 104
1083 144.061427 104
1084 135.869074 104
1085 44.679455 104
1086 83.882129 104
1087 0.669794 104
1088 1.509632 104
1089 1.143213 104
1090 0.715538 104
1091 1.540280 104
1092 1.031009 104
1093 0.862692 104
1094 1.806729 104
1095 1.156904 104
1096 2.947754 104
1097 4.260238 104
1098 4.154988 104
1099 6.945252 104
1100 2.557156 117
1101 1.596282 117
1102 228.253360 117
1103 0.808001 117
1104 0.866105 117
1105 0.961715 117
1106 1.036697 117
1107 0.966696 117
1108 1.733862 117
1109 5.062558 117
1110 6.512713 117
1111 4.718359 117
1112 0.059335 117
1113 22.697504 117
1114 1.003090 117
1115 1.129733 117
1116 1.160009 117
1117 2.339809 117
1118 1.999367 117
1119 1.701052 117
1120 2.838680 117
1121 3.007809 117
1122 0.406217 117
1123 1.231722 117
1124 1.169136 117
1125 0.448942 117
1126 2.329195 117
1127 5.298712 117
1128 5.200777 117
1129 2.112137 117
1130 2.030019 117
1131 2.882971 117
1132 0.000000 117
1133 0.000000 117
1134 3.102768 117
1135 10.146067 117
1136 63.972628 117
1137 2.179370 117
1138 6.481033 117
1139 0.196009 117
1140 1.023526 117
1141 0.834100 117
1142 0.000000 117
1143 0.549215 117
1144 0.841849 117
1145 5.531809 117
1146 10.463258 117
1147 67.179083 117
1148 7.076355 117
1149 2.974915 117
1150 2.218745 107
1151 5.088469 107
1152 5.653515 106
1153 1.907925 107
1154 2.515938 107
1155 2.650649 107
1156 0.000000 107
1157 0.000000 107
1158 1.288066 107
1159 2.668480 107
1160 26.397052 107
1161 63.693003 107
1162 6.913507 107
1163 23.903300 107
1164 6.033337 107
1165 4.226232 107
1166 6.436410 107
1167 1.840441 107
1168 1.484006 107
1169 6.664268 107
1170 0.407164 107
1171 1.274157 107
1172 0.569879 107
1173 0.918384 107
1174 0.550275 107
1175 0.918295 107
1176 0.509584 107
1177 1.265093 107
1178 0.552894 107
1179 0.844642 107
1180 0.547128 107
1181 0.842882 107
1182 2.119817 107
1183 1.474364 107
1184 6.777427 107
1185 15.937105 107
1186 0.954798 107
1187 1.910544 107
1188 0.000000 107
1189 0.000000 107
1190 6.494197 107
1191 7.755899 107
1192 41.594426 107
1193 1.971915 107
1194 4.636319 107
1195 3.234818 107
1196 7.186925 107
1197 4.298423 107
1198 2.744961 107
1199 4.015463 107
1200 15.593066 109
1201 41.686976 109
1202 1.189341 109
1203 5.521491 109
1204 0.000000 109
1205 3.221305 109
1206 12.371638 109
1207 5.103659 109
1208 1.831320 109
1209 2.976632 109
1210 0.318386 109
1211 32.408923 109
1212 21.588142 109
1213 6.861041 109
1214 4.170503 109
1215 0.431528 109
1216 1.338473 109
1217 1.120099 109
1218 3.503516 109
1219 1.134828 109
1220 1.020845 109
1221 1.261819 109
1222 1.552444 109
1223 7.278564 109
1224 7.971212 109
1225 0.523789 109
1226 1.265511 109
1227 11.945323 109
1228 2.460044 109
1229 2.547162 109
1230 38.315686 109
1231 1.705744 109
1232 4.157497 109
1233 2.076461 109
1234 4.525007 109
1235 36.232175 109
1236 0.518363 109
1237 1.019959 109
1238 3.283328 109
1239 1.236884 109
1240 2.069420 109
1241 4.891537 109
1242 0.961247 108
1243 0.000000 108
1244 1.818223 108
1245 8.066766 108
1246 52.174959 108
1247 1.136503 108
1248 0.259388 108
1249 0.613836 108
1250 0.627386 110
1251 1.570915 110
1252 4.781964 110
1253 4.366313 110
1254 18.895924 110
1255 4.612850 110
1256 1.039213 110
1257 8.886829 110
1258 2.624190 110
1259 0.569478 110
1260 3.352028 110
1261 1.401926 110
1262 5.695821 110
1263 5.570047 110
1264 0.835169 110
1265 0.761711 110
1266 2.237663 110
1267 1.629937 110
1268 16.020978 110
1269 1.712661 110
1270 2.833288 110
1271 6.172192 110
1272 6.134095 110
1273 5.674572 110
1274 6.130587 110
1275 6.550062 110
1276 6.236617 110
1277 4.442341 110
1278 1.679644 110
1279 0.613603 110
1280 0.677579 110
1281 0.884916 110
1282 0.000000 110
1283 0.653680 110
1284 0.599678 110
1285 7.182861 110
1286 4.490733 110
1287 15.798253 110
1288 2.042113 110
1289 4.282058 110
1290 0.159764 110
1291 17.710301 110
1292 17.999271 110
1293 1.723282 110
1294 2.011960 110
1295 4.288274 110
1296 1.838809 110
1297 1.691733 110
1298 393.725877 110
1299 0.000000 110
1300 0.510436 108
1301 1.194010 108
1302 1.124916 108
1303 0.510480 108
1304 1.072275 108
1305 0.413659 108
1306 1.896486 108
1307 0.364819 108
1308 0.682548 108
1309 0.793276 108
1310 0.841525 108
1311 2.269595 108
1312 2.620134 108
1313 2.039061 108
1314 7.034381 108
1315 0.485561 108
1316 1.215752 108
1317 1.016980 108
1318 0.460226 108
1319 1.183658 108
1320 1.061868 108
1321 3.084544 108
1322 0.071710 108
1323 0.906998 108
1324 1.119833 108
1325 0.641143 108
1326 0.805841 108
1327 0.146873 108
1328 1.754324 108
1329 0.073606 108
1330 27.946968 108
1331 1.642464 108
1332 2.075329 108
1333 0.990162 108
1334 2.355317 108
1335 4.115416 108
1336 4.671985 108
1337 4.567460 108
1338 4.712643 108
1339 4.545638 108
1340 4.505834 108
1341 4.602520 108
1342 4.568353 108
1343 4.353747 108
1344 4.776880 108
1345 4.736780 108
1346 5.177053 108
1347 4.780324 108
1348 4.704623 108
1349 4.819400 108
1350 1.824854 99
1351 2.695298 99
1352 2.788992 99
1353 2.926119 99
1354 3.050664 99
1355 2.720761 99
1356 2.953221 99
1357 2.968546 99
1358 2.858427 99
1359 3.023547 99
1360 3.182005 99
1361 2.807884 99
1362 2.993599 99
1363 2.875318 99
1364 4.801194 99
1365 2.828332 99
1366 2.981667 99
1367 3.325662 99
1368 3.339363 99
1369 3.447088 99
1370 3.065032 99
1371 3.398524 99
1372 3.120992 99
1373 3.305896 99
1374 3.699388 99
1375 3.341468 99
1376 3.230621 99
1377 3.293575 99
1378 3.388786 99
1379 3.327452 99
1380 3.488207 99
1381 3.524407 99
1382 3.350402 99
1383 3.484703 99
1384 3.453899 99
1385 3.477152 99
1386 20.922586 99
1387 83.687389 99
1388 46.897643 99
1389 41.393353 99
1390 45.506971 99
1391 78.367975 99
1392 94.992744 99
1393 210.061726 99
1394 89.730202 99
1395 102.821815 99
1396 25.979481 99
1397 56.894148 99
1398 45.709470 99
1399 85.399129 99
1400 16.871470 96
1401 70.159674 96
1402 41.146642 96
1403 48.894000 96
1404 56.855227 96
1405 85.856076 96
1406 47.534493 96
1407 202.241198 96
1408 46.663974 96
1409 60.933769 96
1410 86.885252 96
1411 91.778239 96
1412 48.643852 96
1413 109.336210 96
1414 111.313075 96
1415 46.644230 96
1416 94.799394 96
1417 15.077802 96
1418 73.217142 96
1419 78.574648 96
1420 111.214151 96
1421 45.771892 96
1422 48.550382 96
1423 25.456868 96
1424 198.781034 96
1425 89.086398 96
1426 43.962121 96
1427 89.698554 96
1428 57.977252 96
1429 95.580193 96
1430 59.869045 96
1431 46.498402 96
1432 116.951463 96
1433 1.208085 96
1434 3.802484 96
1435 0.000000 96
1436 0.007209 96
1437 0.000000 96
1438 0.000000 96
1439 0.000000 96
1440 0.192693 96
1441 3.740193 96
1442 3.274123 96
1443 0.162590 96
1444 1.331457 96
1445 2.591321 96
1446 22.054376 96
1447 1.465727 96
1448 1.392891 96
1449 1.155679 96
1450 1.652437 90
1451 2.671775 90
1452 3.083660 90
1453 3.310494 90
1454 0.003807 90
1455 0.434336 90
1456 0.000000 90
1457 1.822629 90
1458 2.190287 90
1459 1.957522 90
1460 0.706296 90
1461 1.146075 90
1462 1.664116 90
1463 3.884012 90
1464 1.894248 90
1465 0.604896 90
1466 2.108217 90
1467 2.008444 90
1468 2.256956 90
1469 2.277681 90
1470 1.611300 90
1471 1.897854 90
1472 4.724263 90
1473 7.914395 90
1474 2.490963 90
1475 4.020299 90
1476 1.802082 90
1477 4.002998 90
1478 1.182895 90
1479 2.283673 90
1480 1.576803 90
1481 1.458437 90
1482 4.772013 90
1483 1.183733 90
1484 1.621921 90
1485 0.791585 90
1486 5.048381 90
1487 2.297863 90
1488 0.800881 90
1489 2.585779 90
1490 1.239218 90
1491 2.292628 90
1492 3.397219 90
1493 1.405407 90
1494 2.508929 90
1495 28.488146 90
1496 1.810487 90
1497 1.222338 90
1498 1.075868 90
1499 1.023838 90
1500 0.775885 105
1501 1.103336 105
1502 4.842456 105
1503 1.536242 105
1504 1.354527 105
1505 1.434529 105
1506 1.158425 105
1507 1.411635 105
1508 1.425461 105
1509 1.244494 105
1510 1.356242 105
1511 0.735767 105
1512 0.585534 105
1513 0.968766 105
1514 1.608870 105
1515 1.297853 105
1516 1.814308 105
1517 0.564485 105
1518 0.520208 105
1519 10.029578 105
1520 59.667544 105
1521 0.375651 105
1522 1.098687 105
1523 0.642568 105
1524 2.566499 105
1525 1.312748 105
1526 2.891136 105
1527 2.870533 105
1528 0.000000 105
1529 0.000000 105
1530 0.000000 105
1531 0.000000 105
1532 1.346480 105
1533 2.069326 105
1534 2.481632 105
1535 2.296880 105
1536 134.555687 105
1537 1.047719 105
1538 1.036544 105
1539 0.888374 105
1540 0.987399 105
1541 1.015547 105
1542 1.007335 105
1543 1.003130 104
1544 0.996633 104
1545 1.189251 104
1546 1.580111 104
1547 0.000000 104
1548 1.328586 104
1549 2.642489 104
1550 2.170677 118
1551 0.984283 118
1552 0.674589 118
1553 2.308658 118
1554 6.250409 118
1555 0.575924 118
1556 3.313369 118
1557 0.683686 118
1558 1.711167 118
1559 1.448979 118
1560 1.279833 118
1561 1.471362 118
1562 1.405044 118
1563 0.482153 118
1564 1.100451 118
1565 2.377503 118
1566 2.055842 118
1567 2.816170 118
1568 0.662402 118
1569 0.494764 118
1570 0.052124 118
1571 1.452151 118
1572 1.361528 118
1573 1.353373 118
1574 1.160823 118
1575 0.154283 118
1576 6.313862 118
1577 0.981965 118
1578 0.883051 118
1579 1.089625 118
1580 1.700108 118
1581 3.211331 118
1582 2.887869 118
1583 3.141433 118
1584 8.888391 118
1585 11.555522 118
1586 0.578217 118
1587 1.173321 118
1588 0.095154 118
1589 0.974838 118
1590 1.383345 118
1591 1.038016 118
1592 1.067210 118
1593 1.734632 118
1594 0.574104 118
1595 0.002877 118
1596 0.248604 118
1597 0.412162 118
1598 2.494671 118
1599 5.137488 118
1600 1.713181 111
1601 1.829732 111
1602 4.282973 111
1603 3.804894 111
1604 4.027956 111
1605 1.431250 111
1606 4.130100 111
1607 3.939250 111
1608 1.413938 111
1609 3.232009 111
1610 3.501564 111
1611 1.606228 111
1612 4.281565 111
1613 1.699187 111
1614 4.432082 111
1615 2.002753 111
1616 3.780159 111
1617 4.723147 111
1618 3.762798 111
1619 4.597830 111
1620 0.933165 111
1621 10.726881 111
1622 1.659556 111
1623 1.062604 111
1624 1.891011 111
1625 2.888523 111
1626 1.886428 111
1627 2.658490 111
1628 1.692564 111
1629 2.839567 111
1630 26.115236 111
1631 85.618329 111
1632 2.208302 111
1633 1.188013 111
1634 33.547208 111
1635 1.436881 111
1636 0.000000 111
1637 0.000000 111
1638 0.000000 111
1639 3.500322 111
1640 1.175201 111
1641 1.246681 111
1642 1.760576 111
1643 4.503891 111
1644 2.351780 111
1645 5.377411 111
1646 0.903713 111
1647 2.505016 111
1648 0.449529 111
1649 1.058782 111
1650 1.867629 97
1651 2.383248 97
1652 1.193796 97
1653 0.376196 97
1654 68.055099 97
1655 11.465660 97
1656 1.605007 97
1657 1.526808 97
1658 1.088634 97
1659 1.173547 97
1660 1.467304 97
1661 2.457865 97
1662 1.745301 97
1663 1.600938 97
1664 0.238576 97
1665 1.519672 97
1666 1.614271 97
1667 0.681599 97
1668 1.304599 97
1669 1.529762 97
1670 0.647080 97
1671 1.431982 97
1672 0.046150 97
1673 0.027581 97
1674 0.014379 97
1675 0.012391 97
1676 0.014179 97
1677 0.017702 97
1678 0.019729 97
1679 0.284912 97
1680 0.011948 97
1681 0.343488 97
1682 1.996166 97
1683 4.392068 97
1684 4.274346 97
1685 0.514893 97
1686 0.712399 97
1687 3.819325 97
1688 1.837983 97
1689 0.957862 97
1690 102.922696 97
1691 2.078516 97
1692 99.549210 97
1693 0.561525 97
1694 1.566767 97
1695 3.476535 97
1696 1.504043 97
1697 3.430197 97
1698 1.272634 97
1699 3.376949 97
1700 1.031986 95
1701 2.679090 95
1702 2.515227 95
1703 0.668029 95
1704 0.765578 95
1705 2.297335 95
1706 5.301066 94
1707 5.585008 95
1708 4.579648 95
1709 4.333593 95
1710 10.210679 95
1711 30.103074 95
1712 28.585887 95
1713 27.086512 95
1714 0.929416 95
1715 1.318141 95
1716 0.696056 95
1717 1.939226 95
1718 8.727388 95
1719 1.025860 95
1720 0.796092 95
1721 0.850462 95
1722 1.210605 95
1723 3.810453 95
1724 1.040014 95
1725 0.725708 95
1726 43.102736 95
1727 9.233247 95
1728 13.737721 95
1729 0.611553 95
1730 0.776073 95
1731 0.573371 95
1732 3.485825 95
1733 30.857829 95
1734 1.282752 95
1735 1.346079 95
1736 1.276640 95
1737 1.946597 95
1738 1.254439 95
1739 0.153731 95
1740 1.428433 95
1741 0.978749 95
1742 131.180145 95
1743 1.712680 95
1744 1.812931 95
1745 1.391205 95
1746 1.065439 95
1747 31.956785 95
1748 0.377437 95
1749 7.320319 95
1750 3.311041 120
1751 2.136733 120
1752 0.747762 120
1753 1.230109 120
1754 2.802427 120
1755 3.238953 120
1756 20.114912 120
1757 1.094611 120
1758 0.911132 120
1759 18.732876 120
1760 1.834957 120
1761 1.475463 120
1762 1.817339 120
1763 1.774183 120
1764 1.918091 120
1765 2.791558 120
1766 2.761548 120
1767 3.016369 120
1768 2.237622 120
1769 0.000000 120
1770 0.000000 120
1771 0.883291 120
1772 1.244452 120
1773 4.366199 120
1774 1.431040 120
1775 4.272037 120
1776 0.531401 120
1777 1.028396 120
1778 1.069878 120
1779 1.560080 120
1780 1.019313 120
1781 4.830739 120
1782 4.890211 120
1783 15.142570 120
1784 9.588408 120
1785 1.000694 120
1786 1.269845 120
1787 0.000000 120
1788 1.231492 120
1789 1.323404 120
1790 2.168394 120
1791 0.086620 120
1792 1.527875 120
1793 3.289968 120
1794 3.442864 120
1795 0.783507 120
1796 0.781753 120
1797 1.664796 120
1798 0.751413 120
1799 0.958235 120
1800 0.536980 115
1801 2.774259 115
1802 0.554973 115
1803 0.727917 115
1804 1.653805 115
1805 0.677996 115
1806 0.667135 115
1807 0.000000 115
1808 1.665530 115
1809 2.182641 115
1810 0.554750 115
1811 0.047924 115
1812 0.538997 115
1813 2.060606 115
1814 3.081228 115
1815 3.049012 115
1816 13.044665 115
1817 1.153498 115
1818 1.052902 115
1819 1.367787 115
1820 1.224585 115
1821 137.768957 115
1822 172.076948 115
1823 1.846390 115
1824 2.146996 115
1825 0.823905 115
1826 0.966894 115
1827 8.222557 115
1828 8.586464 115
1829 8.363195 115
1830 1.111068 115
1831 22.938625 115
1832 86.994499 115
1833 1.267647 115
1834 14.847201 115
1835 1.186974 115
1836 12.525627 115
1837 1.081850 115
1838 0.515750 115
1839 2.051923 115
1840 0.949861 115
1841 7.041733 115
1842 14.151709 115
1843 6.481255 115
1844 1.995343 115
1845 1.235082 115
1846 1.236779 115
1847 0.011993 115
1848 0.016949 115
1849 0.786213 115
1850 1.082932 107
1851 9.280884 107
1852 0.000000 107
1853 0.724971 107
1854 1.640817 107
1855 1.743780 107
1856 0.509575 107
1857 0.512097 107
1858 1.523501 107
1859 1.519770 107
1860 1.140549 107
1861 0.949760 107
1862 141.578603 107
1863 0.530489 107
1864 1.295291 107
1865 1.469488 107
1866 0.632934 107
1867 1.250507 107
1868 0.559491 107
1869 0.593055 107
1870 0.793952 107
1871 1.016097 107
1872 0.033098 107
1873 0.017841 107
1874 0.016400 107
1875 0.716146 107
1876 0.805781 107
1877 1.754997 107
1878 15.871386 107
1879 3.481352 107
1880 4.951480 107
1881 3.197750 107
1882 42.143933 107
1883 3.208516 107
1884 18.331917 107
1885 3.504190 107
1886 3.677628 107
1887 74.703923 107
1888 7.502135 107
1889 17.591025 107
1890 4.429441 107
1891 1.631721 107
1892 1.689958 107
1893 1.425725 107
1894 0.641335 107
1895 1.276038 107
1896 1.254619 107
1897 0.789417 107
1898 0.880690 107
1899 0.000000 107
1900 0.776533 108
1901 5.571379 108
1902 0.552849 108
1903 0.002996 108
1904 0.397091 108
1905 0.000000 108
1906 0.000000 108
1907 0.000000 108
1908 0.000000 108
1909 0.000000 108
1910 0.000000 108
1911 0.000000 108
1912 3.172667 108
1913 6.766013 108
1914 6.823576 108
1915 6.803220 108
1916 6.624096 108
1917 6.728720 108
1918 6.764996 108
1919 6.530329 108
1920 6.743338 108
1921 6.943369 108
1922 6.776392 108
1923 6.718260 108
1924 6.350660 108
1925 6.310979 108
1926 6.433791 108
1927 6.728659 108
1928 6.596963 108
1929 6.694222 108
1930 6.919060 108
1931 6.307013 108
1932 6.487610 108
1933 6.369284 108
1934 6.603507 108
1935 6.283558 108
1936 1.332861 108
1937 3.569556 108
1938 2.969112 108
1939 1.757777 108
1940 3.518797 108
1941 3.398315 108
1942 0.187893 108
1943 0.988027 108
1944 2.188933 108
1945 1.352476 108
1946 2.096759 108
1947 2.462366 108
1948 6.111942 103
1949 0.000000 108
1950 2.142781 103
1951 0.588988 103
1952 0.873448 103
1953 1.829709 103
1954 1.313362 103
1955 3.677324 103
1956 1.274707 103
1957 11.450029 103
1958 1.074750 103
1959 2.277405 103
1960 4.286998 103
1961 1.362173 103
1962 0.000000 103
1963 0.000000 103
1964 1.203651 103
1965 24.786696 103
1966 1.187890 103
1967 0.559771 103
1968 1.487540 103
1969 1.377090 103
1970 0.611020 103
1971 0.000000 103
1972 0.576694 103
1973 1.168303 103
1974 1.112950 103
1975 1.105840 103
1976 1.583355 103
1977 1.820862 103
1978 1.967935 103
1979 0.543861 103
1980 20.885262 103
1981 1.615279 103
1982 3.636168 103
1983 3.578265 103
1984 3.655610 103
1985 10.772202 103
1986 10.515021 103
1987 11.095392 103
1988 1.518613 103
1989 3.726884 103
1990 1.174763 103
1991 3.346647 103
1992 2.038464 103
1993 2.968548 103
1994 1.684116 103
1995 3.354373 103
1996 3.626413 103
1997 90.948880 103
1998 116.233390 103
1999 116.124194 103
2000 69.837492 115
2001 89.299507 115
2002 87.922051 115
2003 82.739935 115
2004 5.345526 115
2005 4.549588 115
2006 6.479749 115
2007 1.180677 115
2008 1.684109 115
2009 1.693135 115
2010 56.176117 115
2011 1.026372 115
2012 2.513156 115
2013 15.108884 115
2014 0.000000 115
2015 1.818715 115
2016 0.897535 115
2017 0.989658 115
2018 1.408976 115
2019 0.856232 115
2020 3.123964 115
2021 1.151494 115
2022 1.782723 115
2023 1.157113 115
2024 10.706502 115
2025 5.240893 115
2026 1.443975 115
2027 1.127687 115
2028 1.183806 115
2029 1.990239 115
2030 1.482086 115
2031 1.471283 115
2032 1.636152 115
2033 2.004664 115
2034 13.363138 115
2035 1.701248 115
2036 1.107254 115
2037 222.971654 115
2038 1.736950 115
2039 1.652484 115
2040 1.013970 115
2041 1.148875 115
2042 1.340424 115
2043 8.191870 115
2044 10.196416 115
2045 2.166885 115
2046 4.820212 115
2047 4.998259 115
2048 4.584467 115
2049 3.430551 115
2050 2.146195 116
2051 6.971245 116
2052 5.610630 116
2053 1.325180 116
2054 3.097291 116
2055 2.955899 116
2056 2.084589 116
2057 59.022565 116
2058 6.756584 116
2059 7.177468 116
2060 6.773019 116
2061 7.514781 116
2062 3.206841 116
2063 1.277849 116
2064 0.265812 116
2065 3.544980 116
2066 2.074551 116
2067 0.369735 116
2068 2.415962 116
2069 0.891432 116
2070 28.206059 116
2071 22.735761 116
2072 14.049739 116
2073 0.745710 116
2074 3.424502 116
2075 32.876597 116
2076 1.154510 116
2077 2.927480 116
2078 0.426882 116
2079 1.331065 116
2080 12.123798 116
2081 0.993639 116
2082 2.318287 116
2083 0.221829 116
2084 0.558518 116
2085 0.553815 116
2086 0.547373 116
2087 0.531099 116
2088 0.546409 116
2089 0.755265 116
2090 1.102174 116
2091 0.892670 116
2092 0.206844 116
2093 0.430169 116
2094 0.381274 116
2095 0.460196 116
2096 0.060253 116
2097 0.357144 116
2098 0.618127 116
2099 0.880686 116
2100 0.592531 106
2101 0.733801 106
2102 0.014364 106
2103 32.312656 106
2104 39.559901 106
2105 0.989358 106
2106 0.510101 106
2107 0.265254 106
2108 0.811191 106
2109 1.327987 106
2110 2.728234 106
2111 0.751995 106
2112 1.067211 106
2113 13.805785 106
2114 59.610463 106
2115 106.796152 106
2116 99.140934 106
2117 22.839503 106
2118 50.040253 106
2119 51.972242 106
2120 39.873736 106
2121 42.815738 106
2122 88.142539 106
2123 39.651626 106
2124 249.858520 106
2125 2.014113 106
2126 18.649035 106
2127 13.133316 106
2128 1.170983 106
2129 1.267843 106
2130 1.280687 106
2131 1.135072 106
2132 1.896470 106
2133 1.159410 106
2134 1.764848 106
2135 1.929374 106
2136 14.564828 106
2137 8.242936 106
2138 1.128402 106
2139 0.835503 106
2140 0.881653 106
2141 4.201234 106
2142 1.711296 106
2143 1.734310 106
2144 8.688268 106
2145 13.783053 106
2146 47.716583 106
2147 12.318827 106
2148 1.805887 106
2149 0.833675 106
2150 12.237363 100
2151 5.567785 100
2152 0.649039 100
2153 1.431219 100
2154 1.362892 100
2155 1.621389 100
2156 6.600316 100
2157 12.341131 100
2158 6.208332 100
2159 7.798733 100
2160 0.002493 100
2161 0.000000 100
2162 0.000000 100
2163 0.000000 100
2164 0.000000 100
2165 0.000000 100
2166 0.000000 100
2167 0.000000 100
2168 0.000000 100
2169 0.000000 100
2170 0.000000 100
2171 0.000000 100
2172 0.000000 100
2173 0.000000 100
2174 0.000000 100
2175 0.000000 100
2176 0.000000 100
2177 0.000075 100
2178 0.000000 100
2179 0.000000 100
2180 0.000000 100
2181 0.000000 100
2182 0.000000 100
2183 0.000000 100
2184 0.000000 100
2185 0.000000 100
2186 0.000000 100
2187 0.000000 100
2188 0.000000 100
2189 0.000000 100
2190 0.000000 100
2191 0.000000 100
2192 0.000000 100
2193 0.000000 100
2194 0.000000 100
2195 0.000000 100
2196 0.000000 100
2197 0.000000 100
2198 0.000000 100
2199 0.000000 100
2200 0.000000 99
2201 0.000000 99
2202 0.000000 99
2203 0.000000 99
2204 0.000000 99
2205 0.000000 99
2206 0.000000 99
2207 0.000000 99
2208 0.000000 99
2209 0.000000 99
2210 0.000000 99
2211 0.000000 99
2212 0.000000 99
2213 0.000000 99
2214 0.000000 99
2215 0.000000 99
2216 0.000000 99
2217 0.000000 99
2218 0.000000 99
2219 0.000000 99
2220 0.000000 99
2221 0.000000 99
2222 0.000000 99
2223 0.000000 99
2224 0.000000 99
2225 0.000000 99
2226 0.000000 99
2227 0.000000 99
2228 0.000000 99
2229 0.000000 99
2230 0.000000 99
2231 0.000000 99
2232 0.000000 99
2233 0.000000 99
2234 0.000000 99
2235 0.000000 99
2236 0.000000 99
2237 0.000000 99
2238 0.000000 99
2239 0.000000 99
2240 0.000000 99
2241 0.000000 99
2242 0.000000 99
2243 0.000000 99
2244 0.000000 99
2245 0.000000 99
2246 0.000000 99
2247 0.000000 99
2248 0.000000 99
2249 0.000000 99
2250 0.000000 98
2251 0.000000 98
2252 0.000000 98
2253 0.000000 98
2254 0.000000 98
2255 0.000000 98
2256 0.000000 98
2257 0.000000 98
2258 0.000000 98
2259 0.000000 98
2260 0.000000 98
2261 0.000000 98
2262 0.000000 98
2263 0.000000 98
2264 0.000000 98
2265 0.000000 98
2266 0.000000 98
2267 0.000000 98
2268 0.000000 98
2269 0.000000 98
2270 0.000000 98
2271 0.000000 98
2272 0.000000 98
2273 0.000000 98
2274 0.000000 98
2275 0.000000 98
2276 0.000000 98
2277 0.000000 98
2278 0.000000 98
2279 0.000000 98
2280 0.000000 98
2281 0.000000 98
2282 0.000000 98
2283 0.000000 98
2284 0.000000 98
2285 0.000000 98
2286 0.000000 98
2287 0.000000 98
2288 0.000000 98
2289 0.000000 98
2290 0.000000 98
2291 0.000000 98
2292 0.000000 98
2293 0.000000 98
2294 0.000000 98
2295 0.000000 98
2296 0.000000 98
2297 0.000000 98
2298 0.000000 98
2299 0.000000 98
2300 0.000000 97
2301 0.000000 97
2302 0.000000 97
2303 0.000000 97
2304 0.000000 97
2305 0.000000 97
2306 0.000000 97
2307 0.000000 97
2308 0.000000 97
2309 0.000000 97
2310 0.000000 97
2311 0.000000 97
2312 0.000000 97
2313 0.000000 97
2314 0.000000 97
2315 0.000000 97
2316 0.000000 97
2317 0.000000 97
2318 0.000073 97
2319 0.000000 97
2320 0.000000 97
2321 0.000000 97
2322 0.000000 97
2323 0.000000 97
2324 0.000000 97
2325 0.000000 97
2326 0.000000 97
2327 0.000000 97
2328 0.000000 97
2329 0.000000 97
2330 0.000000 97
2331 0.000000 97
2332 0.000000 97
2333 0.000000 97
2334 0.000000 97
2335 0.000000 97
2336 0.000000 97
2337 0.000000 97
2338 0.000000 97
2339 0.000000 97
2340 0.000000 97
2341 0.000000 97
2342 0.000000 97
2343 0.000000 97
2344 0.000000 97
2345 0.000000 97
2346 0.000000 97
2347 0.000000 97
2348 0.000000 97
2349 0.000000 97
2350 0.000000 84
2351 2.171309 84
2352 1.629836 84
2353 21.454256 84
2354 3.808695 84
2355 3.418094 84
2356 25.431203 84
2357 104.414855 84
2358 86.848811 84
2359 173.775097 84
2360 47.626378 84
2361 128.037291 84
2362 196.826909 84
2363 106.504959 84
2364 83.589039 84
2365 80.164384 84
2366 184.185283 84
2367 135.071808 84
2368 218.686966 84
2369 41.901813 84
2370 219.552528 84
2371 127.699433 84
2372 35.565459 84
2373 170.101362 84
2374 77.188883 84
2375 229.147880 84
2376 88.558059 84
2377 145.267568 84
2378 76.446217 84
2379 178.305839 84
2380 51.295999 84
2381 155.218395 84
2382 54.281846 84
2383 2.161834 84
2384 4.495554 84
2385 4.925462 84
2386 2.279640 84
2387 6.132543 84
2388 6.186339 84
2389 32.322746 84
2390 4.137161 84
2391 4.232106 84
2392 1.242463 84
2393 3.206664 84
2394 3.100683 84
2395 1.863278 84
2396 3.834391 84
2397 4.616564 84
2398 1.695068 84
2399 3.967912 84
2400 1.993660 115
2401 5.536310 115
2402 4.794036 115
2403 5.126338 115
2404 5.877619 115
2405 4.938955 115
2406 4.978489 115
2407 4.912286 115
2408 5.623614 115
2409 5.326288 115
2410 1.077698 115
2411 0.011621 115
2412 1.501814 115
2413 2.377828 115
2414 1.263494 115
2415 2.496420 115
2416 1.974227 115
2417 3.475725 115
2418 4.331217 115
2419 4.538913 115
2420 2.269671 115
2421 0.000000 115
2422 0.000000 115
2423 0.000000 115
2424 0.000000 115
2425 0.000000 115
2426 0.000000 115
2427 0.000000 115
2428 0.000000 115
2429 0.000000 115
2430 0.000000 115
2431 0.000000 115
2432 1.100085 115
2433 0.889397 115
2434 2.504115 115
2435 4.756757 115
2436 3.615037 115
2437 1.317805 115
2438 1.893493 115
2439 2.636626 115
2440 3.012671 115
2441 0.023655 115
2442 0.024304 115
2443 0.027860 115
2444 2.011645 115
2445 5.532147 115
2446 12.809266 115
2447 248.307943 115
2448 3.757111 115
2449 3.385668 115
2450 0.304397 112
2451 0.450360 112
2452 0.477745 112
2453 1.122256 112
2454 3.918801 112
2455 64.153033 112
2456 136.362461 112
2457 0.099088 112
2458 1.218253 112
2459 3.280308 112
2460 0.909682 112
2461 8.784772 112
2462 16.431090 112
2463 4.196267 112
2464 2.176792 112
2465 3.776992 112
2466 1.933600 112
2467 3.037825 112
2468 4.602987 112
2469 1.413148 112
2470 0.920413 112
2471 0.400251 112
2472 1.091778 112
2473 0.010946 112
2474 1.382031 112
2475 0.985927 112
2476 1.772240 112
2477 2.267181 112
2478 20.905494 112
2479 3.406668 112
2480 0.321475 112
2481 3.731087 112
2482 1.747871 112
2483 2.014869 112
2484 1.320423 112
2485 3.130489 112
2486 1.836666 112
2487 16.740567 112
2488 1.483245 112
2489 7.217557 112
2490 0.967178 112
2491 3.519221 112
2492 1.710508 112
2493 1.153843 112
2494 1.851349 112
2495 1.912902 112
2496 1.199006 112
2497 77.088546 112
2498 1.290188 112
2499 2.388791 112
2500 1.119767 107
2501 1.914351 107
2502 0.006533 107
2503 0.211227 107
2504 1.914260 107
2505 4.728401 107
2506 1.816638 107
2507 7.742266 107
2508 1.382209 107
2509 1.873511 107
2510 1.986433 107
2511 2.109445 107
2512 1.444233 107
2513 15.839986 107
2514 1.294557 107
2515 1.908745 107
2516 4.383032 107
2517 1.291041 107
2518 2.117479 107
2519 0.000000 107
2520 1.594519 107
2521 1.739710 107
2522 2.360915 107
2523 1.707832 107
2524 1.325908 107
2525 1.401796 107
2526 1.497544 107
2527 1.346548 107
2528 5.748763 107
2529 5.288800 107
2530 4.421098 107
2531 1.234570 107
2532 41.126220 107
2533 48.212555 107
2534 1.242622 107
2535 2.371459 107
2536 1.901000 107
2537 1.801626 107
2538 1.571295 107
2539 2.289015 107
2540 2.286392 107
2541 1.906073 107
2542 2.109260 107
2543 0.603188 107
2544 0.935550 107
2545 2.372759 107
2546 2.448269 107
2547 2.122190 107
2548 26.042707 107
2549 1.898553 107
2550 1.453225 101
2551 1.345469 101
2552 0.230631 101
2553 2.574232 101
2554 0.000000 101
2555 3.842845 101
2556 1.305420 101
2557 1.758931 101
2558 1.289208 101
2559 0.971592 101
2560 0.903576 101
2561 1.431607 101
2562 0.987091 101
2563 0.000000 101
2564 0.000000 101
2565 0.000000 101
2566 0.000000 101
2567 0.000000 101
2568 0.000000 101
2569 0.000000 101
2570 0.000000 101
2571 0.000000 101
2572 0.000000 101
2573 0.000000 101
2574 0.000000 101
2575 0.000000 101
2576 0.000000 101
2577 0.000000 101
2578 0.000000 101
2579 0.000000 101
2580 0.000000 101
2581 0.000000 101
2582 0.000000 101
2583 0.000000 101
2584 0.000000 101
2585 0.000000 101
2586 0.000000 101
2587 0.000000 101
2588 0.000000 101
2589 0.000000 101
2590 0.000000 101
2591 0.000000 101
2592 0.000000 101
2593 0.000000 101
2594 0.000000 101
2595 0.000000 101
2596 0.000000 101
2597 0.000000 101
2598 0.000000 101
2599 0.000000 101
2600 0.000000 102
2601 0.000000 102
2602 0.000000 102
2603 0.000000 102
2604 0.000000 102
2605 0.000000 102
2606 0.000000 102
2607 0.000000 102
2608 0.000000 102
2609 0.000000 102
2610 0.000000 102
2611 0.000000 102
2612 0.000000 102
2613 0.000000 102
2614 0.000000 102
2615 0.000000 102
2616 0.000000 102
2617 0.000000 102
2618 0.000000 102
2619 0.000000 102
2620 0.000000 102
2621 0.000000 102
2622 0.000000 102
2623 0.000000 102
2624 0.000000 102
2625 0.000000 102
2626 0.000000 102
2627 0.000000 102
2628 0.000000 102
2629 0.000000 102
2630 0.000000 102
2631 0.000000 102
2632 0.000000 102
2633 0.000000 102
2634 0.000000 102
2635 0.000000 102
2636 0.000000 102
2637 0.000000 102
2638 0.000000 102
2639 0.000000 102
2640 0.000000 102
2641 0.000000 102
2642 0.000000 102
2643 0.000000 102
2644 0.000000 102
2645 0.000000 102
2646 0.000000 102
2647 0.000000 102
2648 0.000000 102
2649 0.000000 102
2650 0.000000 102
2651 0.000000 102
2652 0.000000 102
2653 0.000000 102
2654 0.000000 102
2655 0.000000 102
2656 0.000000 102
2657 0.000000 102
2658 0.000000 102
2659 0.000000 102
2660 0.000000 102
2661 0.000000 102
2662 0.000000 102
2663 4.403517 102
2664 6.735003 102
2665 2.516152 102
2666 8.336123 102
2667 0.000000 102
2668 0.000000 102
2669 0.000000 102
2670 0.000000 102
2671 0.000000 102
2672 0.000000 102
2673 0.000000 102
2674 0.000000 102
2675 0.000000 102
2676 0.000000 102
2677 0.000000 102
2678 0.000000 102
2679 0.000000 102
2680 0.000000 102
2681 0.000000 102
2682 0.000000 102
2683 0.000000 102
2684 0.000000 102
2685 0.000000 102
2686 0.000000 102
2687 0.000000 102
2688 0.000357 102
2689 0.000000 102
2690 0.000212 102
2691 0.000484 102
2692 0.000417 102
2693 0.000271 102
2694 0.000000 102
2695 0.000294 102
2696 0.001202 102
2697 0.001024 102
2698 0.001036 102
2699 0.001076 102
2700 0.000000 101
2701 0.000000 101
2702 0.000000 101
2703 0.000000 101
2704 0.000000 101
2705 0.000000 101
2706 0.000000 101
2707 0.000000 101
2708 0.000000 101
2709 0.000000 101
2710 0.000000 101
2711 4.026877 101
2712 3.239987 101
2713 3.525588 101
2714 44.812336 101
2715 3.464402 101
2716 225.076285 101
2717 4.268578 101
2718 88.553300 101
2719 1.965979 101
2720 2.159074 101
2721 24.698225 101
2722 3.992963 101
2723 3.120002 101
2724 4.235447 101
2725 4.633041 101
2726 4.396282 101
2727 4.555383 101
2728 5.010331 101
2729 14.319895 101
2730 177.921309 101
2731 4.231733 101
2732 4.401923 101
2733 239.955930 101
2734 4.061829 101
2735 7.757063 101
2736 3.443136 101
2737 7.715356 101
2738 4.603630 101
2739 5.059874 101
2740 3.999334 101
2741 4.419976 101
2742 5.289177 101
2743 50.575962 101
2744 4.901977 101
2745 4.845216 101
2746 15.021512 101
2747 2.535918 101
2748 26.983155 101
2749 2.680177 101
2750 7.021991 95
2751 4.035012 95
2752 7.666443 95
2753 3.599945 95
2754 1.907053 95
2755 5.339721 95
2756 2.153398 95
2757 2.462527 95
2758 2.513355 95
2759 1.901216 95
2760 0.992429 95
2761 0.948058 95
2762 0.955686 95
2763 1.141756 95
2764 0.955606 95
2765 0.980306 95
2766 1.005193 95
2767 0.934242 95
2768 1.095207 95
2769 0.999138 95
2770 1.275486 95
2771 1.276890 95
2772 1.045545 95
2773 1.089767 95
2774 1.040189 95
2775 1.028686 95
2776 1.421016 95
2777 0.896062 95
2778 1.375156 95
2779 1.175177 95
2780 1.306717 95
2781 1.096771 95
2782 1.269855 95
2783 1.223019 95
2784 1.156932 95
2785 1.939749 95
2786 1.521456 95
2787 1.011817 95
2788 3.127469 95
2789 1.440498 95
2790 1.790755 95
2791 1.931836 95
2792 2.413666 95
2793 2.803764 95
2794 1.834747 95
2795 2.006067 95
2796 1.875490 95
2797 1.929055 95
2798 1.694570 95
2799 2.181421 95
2800 1.974433 99
2801 2.544652 99
2802 2.051411 99
2803 2.679359 99
2804 2.486214 99
2805 2.206638 99
2806 2.315469 99
2807 2.717286 99
2808 1.870091 99
2809 2.338602 99
2810 2.275855 99
2811 1.900131 99
2812 2.030552 99
2813 2.250251 99
2814 2.270819 99
2815 1.846520 99
2816 4.656419 99
2817 3.903615 99
2818 4.468135 99
2819 0.000000 99
2820 0.000000 99
2821 0.000000 99
2822 0.000000 99
2823 0.000000 99
2824 0.000000 99
2825 0.000000 99
2826 0.000000 99
2827 0.000000 99
2828 0.000000 99
2829 0.000000 99
2830 0.000000 99
2831 0.000000 99
2832 0.000000 99
2833 0.000000 99
2834 0.000000 99
2835 0.000000 99
2836 0.000000 99
2837 0.000000 99
2838 0.000000 99
2839 4.222618 99
2840 8.195930 99
2841 8.746441 99
2842 2.973931 99
2843 5.902749 99
2844 8.119208 99
2845 7.651367 99
2846 2.151575 99
2847 4.702504 99
2848 4.822536 99
2849 5.017713 99
2850 1.765437 105
2851 4.284368 105
2852 3.911275 105
2853 3.935383 105
2854 3.546435 105
2855 6.386477 105
2856 8.269741 105
2857 3.888825 105
2858 5.786077 105
2859 5.584043 105
2860 5.545726 105
2861 0.965424 105
2862 3.287269 105
2863 1.495653 105
2864 3.309628 105
2865 3.804187 105
2866 6.133697 105
2867 20.117077 105
2868 7.613882 105
2869 2.735525 105
2870 5.524682 105
2871 5.694514 105
2872 6.735390 105
2873 0.457913 105
2874 0.448385 105
2875 0.573609 105
2876 0.633502 105
2877 0.662175 105
2878 0.545291 105
2879 0.548633 105
2880 0.514751 105
2881 0.657188 105
2882 0.587259 105
2883 0.579519 105
2884 0.435301 105
2885 0.338804 105
2886 0.304264 105
2887 0.340823 105
2888 0.302447 105
2889 0.352840 105
2890 0.286441 105
2891 0.400244 105
2892 0.416022 105
2893 0.978052 105
2894 3.356949 105
2895 3.270941 105
2896 7.458848 105
2897 88.488474 105
2898 3.234499 105
2899 3.538539 105
2900 1.364586 84
2901 2.899095 84
2902 3.474834 84
2903 3.201158 84
2904 1.927173 84
2905 5.006821 84
2906 4.726121 84
2907 4.651326 84
2908 2.053855 84
2909 4.253826 84
2910 4.585090 84
2911 2.011339 84
2912 4.759725 84
2913 4.515898 84
2914 4.291430 84
2915 4.746090 84
2916 2.923702 84
2917 7.339155 84
2918 8.019855 84
2919 7.838110 84
2920 1.404573 84
2921 4.895629 84
2922 4.994666 84
2923 1.542317 84
2924 3.574582 84
2925 3.435862 84
2926 3.599727 84
2927 2.503796 84
2928 7.265207 84
2929 7.189596 84
2930 8.225252 84
2931 1.094231 84
2932 3.682809 84
2933 3.837572 84
2934 3.399725 84
2935 1.063504 84
2936 3.019546 84
2937 2.054895 84
2938 6.828989 84
2939 8.639892 84
2940 9.094359 84
2941 10.847543 84
2942 9.471574 84
2943 8.914422 84
2944 2.820404 84
2945 5.439336 84
2946 5.027913 84
2947 5.531477 84
2948 3.400655 84
2949 4.319477 84
2950 1.606135 96
2951 3.347103 96
2952 3.969602 96
2953 1.497814 96
2954 3.696452 96
2955 1.738394 96
2956 3.854485 96
2957 3.063409 96
2958 1.298092 96
2959 3.152305 96
2960 3.133320 96
2961 2.917462 96
2962 2.061483 96
2963 6.090422 96
2964 5.350309 96
2965 2.296773 96
2966 7.656388 96
2967 6.734478 96
2968 6.707506 96
2969 25.681986 96
2970 30.639969 96
2971 1.883866 96
2972 0.543618 96
2973 4.548270 96
2974 3.547675 96
2975 2.781281 96
2976 6.458498 96
2977 9.646408 96
2978 1.645492 96
2979 2.853497 96
2980 2.734972 96
2981 1.020464 96
2982 2.460959 96
2983 1.624967 96
2984 4.817816 96
2985 1.190918 96
2986 3.054909 96
2987 3.607140 96
2988 2.115648 96
2989 4.192215 96
2990 1.450635 96
2991 2.310475 96
2992 4.701264 96
2993 3.631850 96
2994 10.787446 96
2995 2.217738 96
2996 5.924117 96
2997 2.429972 96
2998 6.829337 96
2999 0.000000 96
3000 0.000000 101
3001 0.000000 101
3002 0.000000 101
3003 0.000000 101
3004 0.000000 101
3005 0.000000 101
3006 0.000000 101
3007 0.000000 101
3008 43.212603 101
3009 288.338095 101
3010 108.385014 101
3011 489.169060 101
3012 159.424076 101
3013 452.467513 101
3014 204.736325 101
3015 284.528149 101
3016 412.279889 101
3017 562.311160 101
3018 109.464387 101
3019 125.930265 101
3020 65.345517 101
3021 272.127484 101
3022 1.287109 101
3023 2.390230 101
3024 2.585733 101
3025 2.290704 101
3026 7.009049 101
3027 0.000000 101
3028 0.000000 101
3029 0.000000 101
3030 1.428223 101
3031 2.917462 101
3032 1.931534 101
3033 4.967730 101
3034 2.890135 101
3035 6.937299 101
3036 60.857144 101
3037 73.867377 101
3038 76.869238 101
3039 2.337884 101
3040 5.475136 101
3041 2.461727 101
3042 6.130852 101
3043 2.241922 101
3044 10.157393 101
3045 3.228104 101
3046 8.206715 101
3047 7.738461 101
3048 2.888814 101
3049 7.232484 101
3050 2.085563 92
3051 6.460787 92
3052 1.348890 92
3053 2.781867 92
3054 2.488840 92
3055 2.317510 92
3056 5.419443 92
3057 0.533791 92
3058 1.586788 92
3059 1.361704 92
3060 1.801734 92
3061 3.978999 92
3062 0.757745 92
3063 1.317069 92
3064 0.756000 92
3065 0.753874 92
3066 0.726975 92
3067 2.747955 92
3068 8.665870 92
3069 3.596627 92
3070 3.032710 92
3071 4.447447 92
3072 4.633590 92
3073 4.442169 92
3074 4.460538 92
3075 4.668321 92
3076 4.651794 92
3077 4.509550 92
3078 4.585670 92
3079 4.341661 92
3080 4.280674 92
3081 4.479668 92
3082 4.518073 92
3083 4.607972 92
3084 4.582414 92
3085 4.586812 92
3086 4.240208 92
3087 7.437069 92
3088 6.684463 92
3089 11.751977 92
3090 99.368059 91
3091 18.329102 91
3092 6.997933 91
3093 7.285695 91
3094 10.763169 91
3095 12.817441 91
3096 8.779053 91
3097 0.653751 91
3098 0.918872 91
3099 0.967309 91
3100 0.335212 97
3101 0.842487 97
3102 0.847377 97
3103 0.918390 97
3104 0.868632 97
3105 0.887381 97
3106 0.854473 97
3107 0.909776 97
3108 0.707690 97
3109 2.023529 97
3110 1.819190 97
3111 22.875137 97
3112 1.585995 97
3113 429.333191 97
3114 19.112011 97
3115 2.058916 97
3116 3.582562 97
3117 5.502437 97
3118 4.541734 97
3119 4.856761 97
3120 37.389573 97
3121 1.439745 97
3122 4.296642 97
3123 3.610516 97
3124 1.243868 97
3125 1.153419 97
3126 3.706320 97
3127 4.076499 97
3128 3.377572 97
3129 3.390922 97
3130 3.422840 97
3131 3.575276 97
3132 1.231761 97
3133 4.488211 97
3134 7.327276 97
3135 7.049078 97
3136 7.844376 97
3137 7.391895 97
3138 7.917032 97
3139 4.310414 97
3140 7.174714 97
3141 7.098549 97
3142 10.855132 97
3143 9.941877 97
3144 10.508435 97
3145 12.987623 97
3146 6.580705 97
3147 2.782818 97
3148 3.746116 97
3149 3.635948 97
3150 3.119770 103
3151 6.074093 103
3152 2.979209 103
3153 5.518794 103
3154 25.575910 103
3155 6.888107 103
3156 4.472077 103
3157 30.552089 103
3158 9.330537 103
3159 9.085501 103
3160 4.899949 103
3161 3.283921 103
3162 5.242737 103
3163 315.495436 103
3164 10.788244 103
3165 16.944829 103
3166 2.904889 103
3167 2.547626 103
3168 3.661900 103
3169 4.922769 103
3170 4.939496 103
3171 9.788454 103
3172 8.593807 103
3173 10.400700 103
3174 6.703957 103
3175 5.471156 103
3176 5.770244 103
3177 12.114154 103
3178 5.043981 103
3179 5.676390 103
3180 7.331545 103
3181 7.707054 103
3182 7.018798 103
3183 7.379413 103
3184 6.949588 103
3185 5.309989 103
3186 0.000000 103
3187 0.000000 103
3188 0.000000 103
3189 0.000000 103
3190 0.000000 103
3191 0.000000 103
3192 2.847347 103
3193 99.359771 103
3194 8.374104 103
3195 6.679478 103
3196 2.598458 103
3197 4.855666 103
3198 4.722876 103
3199 3.636941 103
3200 3.561060 108
3201 5.095083 108
3202 15.780658 108
3203 14.884027 108
3204 13.246633 108
3205 12.176812 108
3206 3.433853 108
3207 12.073854 107
3208 3.708233 108
3209 8.839914 108
3210 1.848077 108
3211 130.738314 108
3212 2.597747 108
3213 3.298653 108
3214 17.235319 108
3215 3.116672 108
3216 6.516668 108
3217 9.625468 108
3218 11.941218 108
3219 12.978144 108
3220 16.317638 108
3221 11.887332 108
3222 4.300227 108
3223 9.364077 108
3224 9.792807 108
3225 9.738514 108
3226 1.273275 108
3227 1.971371 108
3228 1.825527 108
3229 3.806823 108
3230 1.672931 108
3231 1.853421 108
3232 3.005687 108
3233 5.302701 108
3234 51.715239 108
3235 2.305869 108
3236 2.158408 108
3237 0.881548 108
3238 2.077355 108
3239 2.034254 108
3240 1.915731 108
3241 4.964753 108
3242 7.791520 108
3243 4.923351 107
3244 1.933512 108
3245 1.397646 108
3246 0.101637 108
3247 0.133224 108
3248 0.159144 108
3249 6.771058 108
3250 1.584129 107
3251 2.904811 107
3252 3.453677 107
3253 3.573838 107
3254 2.177459 107
3255 3.680780 107
3256 1.204040 107
3257 1.427534 107
3258 1.828042 107
3259 1.667415 107
3260 1.715639 107
3261 8.359917 107
3262 1.837808 107
3263 0.769132 107
3264 2.066662 107
3265 5.050056 107
3266 1.938506 107
3267 3.354132 107
3268 4.137653 107
3269 3.876295 107
3270 3.691397 107
3271 4.352117 107
3272 0.701548 107
3273 9.362226 107
3274 5.527090 107
3275 27.101767 107
3276 2.219687 107
3277 3.069212 107
3278 3.765190 107
3279 9.417808 107
3280 2.502966 107
3281 2.033781 107
3282 34.580565 107
3283 4.722860 107
3284 4.820864 107
3285 1.871182 107
3286 4.664490 107
3287 5.089306 107
3288 6.239952 107
3289 6.642819 107
3290 1.368818 107
3291 4.580609 107
3292 2.712555 107
3293 4.172147 107
3294 2.542138 107
3295 44.623555 107
3296 4.141194 107
3297 1.624060 107
3298 14.839324 107
3299 1.976213 107
3300 2.056274 117
3301 0.810303 117
3302 92.918158 117
3303 178.723976 117
3304 187.171422 117
3305 183.018361 117
3306 0.234089 117
3307 0.191033 117
3308 0.266112 117
3309 0.354295 117
3310 0.386376 117
3311 3.675527 117
3312 5.903165 117
3313 5.719651 117
3314 4.252969 117
3315 6.566245 117
3316 7.986537 117
3317 62.989492 117
3318 34.998114 117
3319 62.760819 117
3320 67.071983 117
3321 69.217871 117
3322 3.718672 117
3323 4.192383 117
3324 6.758849 117
3325 11.723182 117
3326 5.280893 117
3327 1.539000 117
3328 2.131394 117
3329 36.138821 117
3330 2.977595 117
3331 2.141432 117
3332 3.104516 117
3333 3.468595 117
3334 8.452974 117
3335 0.209116 117
3336 6.601293 117
3337 3.632008 117
3338 7.062904 117
3339 2.602970 117
3340 17.090509 117
3341 1.077335 117
3342 0.925782 117
3343 4.383786 117
3344 4.468352 117
3345 2.958936 117
3346 8.035672 117
3347 7.788812 117
3348 3.957696 117
3349 1.563110 117
3350 4.527334 83
3351 1.085588 83
3352 1.306757 83
3353 2.018825 83
3354 2.120634 83
3355 5.645474 83
3356 12.246409 83
3357 25.239412 83
3358 25.161893 83
3359 3.908988 83
3360 1.624642 83
3361 6.545334 83
3362 1.362764 83
3363 5.391748 83
3364 10.707057 83
3365 12.414795 83
3366 11.457372 83
3367 6.034296 83
3368 4.160177 83
3369 179.508910 83
3370 1.965440 83
3371 2.176105 83
3372 6.272807 83
3373 4.859287 83
3374 1.274541 83
3375 3.555829 83
3376 7.052436 83
3377 4.045067 83
3378 2.223885 83
3379 5.950325 83
3380 4.796700 83
3381 1.587424 83
3382 3.639196 83
3383 3.731055 83
3384 2.394835 83
3385 4.840334 83
3386 6.476482 83
3387 1.373725 83
3388 1.775138 83
3389 3.278364 83
3390 3.488809 83
3391 58.695009 83
3392 179.945673 83
3393 200.315388 83
3394 9.326407 83
3395 13.210700 83
3396 16.129995 83
3397 18.160751 83
3398 0.000000 83
3399 2.460750 83
3400 2.960453 93
3401 2.088762 93
3402 1.442432 93
3403 9.181941 93
3404 1.866045 93
3405 6.001978 93
3406 4.583538 93
3407 1.492385 93
3408 1.161389 93
3409 2.255377 93
3410 5.918688 93
3411 4.436305 93
3412 3.296830 93
3413 2.305854 93
3414 4.719447 93
3415 6.344958 93
3416 3.806632 93
3417 2.296423 93
3418 6.627011 93
3419 5.243737 93
3420 2.046282 93
3421 5.556282 93
3422 5.008284 93
3423 25.017724 93
3424 62.147455 93
3425 53.375847 93
3426 2.871510 93
3427 3.235420 93
3428 3.807814 93
3429 4.266772 93
3430 2.419828 93
3431 5.230497 93
3432 5.864998 93
3433 2.424536 93
3434 5.996430 93
3435 5.299191 93
3436 2.436115 93
3437 6.166823 93
3438 5.355826 93
3439 1.646901 93
3440 4.256371 93
3441 2.288827 93
3442 5.734605 93
3443 5.425587 93
3444 33.774325 93
3445 21.142822 93
3446 5.135927 93
3447 40.789224 93
3448 34.922686 93
3449 16.598181 93
3450 30.388375 113
3451 2.741997 113
3452 6.698971 113
3453 12.649175 113
3454 11.663403 113
3455 3.252660 113
3456 6.980731 113
3457 7.101693 113
3458 1.975760 113
3459 2.154688 113
3460 5.933643 113
3461 1.215586 113
3462 1.554769 113
3463 1.517892 113
3464 0.069419 113
3465 0.241447 113
3466 1.868779 113
3467 2.207443 113
3468 2.196908 113
3469 4.394132 113
3470 12.324373 113
3471 2.910986 113
3472 0.000000 113
3473 0.000000 113
3474 3.130740 113
3475 2.534888 113
3476 5.236057 113
3477 6.069237 113
3478 1.039422 113
3479 1.380262 113
3480 7.401414 113
3481 11.186420 113
3482 15.208256 113
3483 2.631204 113
3484 5.276937 113
3485 6.443448 113
3486 14.866914 113
3487 1.497507 113
3488 2.501411 113
3489 2.434024 113
3490 4.471969 113
3491 15.981597 113
3492 2.250249 113
3493 6.624009 113
3494 5.131237 113
3495 2.623352 113
3496 6.538549 113
3497 4.688891 113
3498 2.653725 113
3499 6.186016 113
3500 2.052903 95
3501 1.919809 95
3502 6.386909 95
3503 5.643051 95
3504 2.079212 95
3505 5.173697 95
3506 6.495302 95
3507 2.225284 95
3508 5.121734 95
3509 6.047834 95
3510 2.295036 95
3511 5.847206 95
3512 4.686938 95
3513 0.000000 95
3514 0.000000 95
3515 0.000000 95
3516 4.080796 95
3517 2.697898 95
3518 6.973404 95
3519 5.538822 95
3520 492.737544 95
3521 2.430747 95
3522 5.293889 95
3523 6.446123 95
3524 2.618515 95
3525 6.914949 95
3526 5.442405 95
3527 0.749076 95
3528 1.208499 95
3529 1.570817 95
3530 1.509786 95
3531 2.704839 95
3532 5.398537 95
3533 6.772968 95
3534 17.868375 95
3535 2.269459 95
3536 5.320622 95
3537 7.111200 95
3538 4.857041 95
3539 1.301006 95
3540 1.612986 95
3541 8.347564 95
3542 2.196178 95
3543 2.260010 95
3544 3.053746 95
3545 1.702844 95
3546 4.997670 95
3547 2.259785 95
3548 3.324405 95
3549 1.913452 95
3550 1.664360 104
3551 2.870282 104
3552 2.316989 104
3553 2.689263 104
3554 29.591696 104
3555 3.391764 104
3556 5.530993 104
3557 27.099350 104
3558 1.746648 104
3559 2.250505 104
3560 11.996044 104
3561 155.377692 104
3562 1.534817 104
3563 4.232762 104
3564 9.794383 104
3565 1.549989 104
3566 0.195304 104
3567 4.012777 104
3568 1.821367 104
3569 4.825136 104
3570 2.159273 104
3571 4.789429 104
3572 1.929973 104
3573 0.633053 104
3574 1.160273 104
3575 3.261819 104
3576 4.160820 104
3577 1.974619 104
3578 11.595192 104
3579 149.514272 104
3580 1.971201 104
3581 14.555409 102
3582 0.625508 104
3583 1.105413 104
3584 3.223408 104
3585 20.631497 104
3586 36.201106 104
3587 3.171624 104
3588 4.689310 104
3589 1.479247 104
3590 2.113781 104
3591 0.984532 104
3592 12.128882 104
3593 32.048039 104
3594 2.312091 104
3595 7.899055 104
3596 1.857463 104
3597 4.848105 104
3598 1.298201 104
3599 4.126589 104
3600 3.672451 93
3601 13.811302 93
3602 1.904719 93
3603 3.281217 93
3604 0.627102 93
3605 1.165452 93
3606 0.857397 93
3607 1.601636 93
3608 8.138650 93
3609 1.940469 93
3610 5.439872 93
3611 0.000000 93
3612 1.466800 93
3613 1.471182 93
3614 2.321654 93
3615 7.563031 93
3616 5.779327 93
3617 10.747876 93
3618 1.220017 93
3619 1.289342 93
3620 8.018216 93
3621 1.331782 93
3622 10.091479 93
3623 1.204810 93
3624 9.281746 93
3625 3.442983 93
3626 2.044697 93
3627 2.121821 93
3628 1.293240 93
3629 1.277525 93
3630 11.603285 93
3631 5.420708 93
3632 1.486303 93
3633 1.490053 93
3634 4.091710 93
3635 5.899847 93
3636 0.859645 93
3637 1.958019 93
3638 81.596298 93
3639 3.282909 93
3640 14.764316 93
3641 4.004708 93
3642 4.689733 93
3643 2.926475 93
3644 0.258581 93
3645 3.005489 93
3646 1.385884 93
3647 47.778798 93
3648 0.013729 93
3649 3.314070 93
3650 3.631571 112
3651 3.939201 112
3652 1.171356 112
3653 2.475273 112
3654 0.845822 112
3655 0.512767 112
3656 2.288330 112
3657 0.000000 112
3658 0.359583 112
3659 13.196727 112
3660 39.396791 112
3661 3.912689 112
3662 15.400569 112
3663 4.554007 112
3664 1.501083 112
3665 2.291378 112
3666 11.970838 112
3667 7.269345 112
3668 10.494259 112
3669 2.181446 112
3670 24.404700 112
3671 5.236757 112
3672 0.840665 112
3673 3.228445 112
3674 2.363712 112
3675 2.637859 112
3676 31.240199 112
3677 89.971638 112
3678 0.027500 112
3679 1.437253 112
3680 1.745408 112
3681 2.182973 112
3682 2.728034 112
3683 2.069194 112
3684 0.000000 112
3685 1.284229 112
3686 0.878252 112
3687 18.577760 112
3688 2.130721 112
3689 0.194117 112
3690 2.604092 112
3691 215.971275 112
3692 0.665738 112
3693 2.579848 112
3694 1.562404 112
3695 19.680550 112
3696 1.751960 112
3697 6.095023 112
3698 2.200356 112
3699 0.668529 112
3700 0.658662 101
3701 2.003424 101
3702 5.529760 101
3703 2.312696 101
3704 1.978310 101
3705 1.856805 101
3706 0.912163 101
3707 6.912901 101
3708 0.432364 101
3709 2.617828 101
3710 3.547240 101
3711 0.164441 101
3712 8.964674 101
3713 1.534092 101
3714 3.424092 101
3715 3.004385 101
3716 1.922028 101
3717 1.581039 101
3718 1.681038 101
3719 1.816415 101
3720 0.012773 101
3721 2.199339 101
3722 9.178433 101
3723 0.560754 101
3724 2.402457 101
3725 1.743890 101
3726 2.630486 101
3727 1.998970 101
3728 1.714177 101
3729 0.000000 100
3730 1.950658 100
3731 6.578841 100
3732 10.879957 100
3733 2.562648 100
3734 2.431642 100
3735 16.219264 100
3736 2.234398 100
3737 0.560757 100
3738 99.260929 100
3739 1.670352 100
3740 2.898885 100
3741 2.627875 98
3742 1.975733 100
3743 2.598135 100
3744 19.629695 100
3745 7.544245 100
3746 1.233126 100
3747 3.023152 100
3748 1.673964 100
3749 0.000000 100
3750 6.393343 110
3751 1.951802 110
3752 6.313811 110
3753 0.479048 110
3754 1.689698 110
3755 1.444036 110
3756 14.094432 110
3757 2.295290 110
3758 2.611714 110
3759 1.508208 110
3760 1.814701 110
3761 2.065317 110
3762 0.001929 110
3763 1.608924 110
3764 2.119000 110
3765 2.612514 110
3766 1.041298 110
3767 0.000000 110
3768 16.636200 110
3769 1.921083 110
3770 3.033200 110
3771 1.216912 110
3772 2.096892 110
3773 4.235545 110
3774 5.955635 110
3775 1.343457 110
3776 0.035836 110
3777 2.526472 110
3778 351.155392 110
3779 2.040421 110
3780 2.239714 110
3781 18.828273 110
3782 65.394843 110
3783 28.054777 110
3784 2.048200 110
3785 2.457158 110
3786 0.000000 110
3787 2.567531 110
3788 1.372628 110
3789 16.649558 110
3790 2.941411 110
3791 2.875046 110
3792 2.522685 110
3793 2.744484 110
3794 2.534118 110
3795 4.439344 110
3796 1.032678 110
3797 2.939409 110
3798 3.094925 110
3799 3.035055 110
3800 1.276716 107
3801 2.320233 107
3802 0.085961 107
3803 3.661002 107
3804 1.913380 107
3805 3.161591 107
3806 2.814339 107
3807 2.222955 107
3808 3.033398 107
3809 7.836866 107
3810 1.522838 107
3811 1.880614 107
3812 1.531456 107
3813 0.598162 107
3814 5.517522 107
3815 3.926637 107
3816 1.908630 107
3817 1.669592 107
3818 2.178582 107
3819 2.564748 107
3820 6.101536 107
3821 0.323039 107
3822 3.595005 107
3823 2.414534 107
3824 15.426210 107
3825 17.960069 107
3826 0.543413 107
3827 3.499482 107
3828 1.426133 107
3829 1.111148 107
3830 20.322299 107
3831 2.195481 107
3832 16.498986 107
3833 1.499458 107
3834 3.207544 107
3835 1.721423 107
3836 3.227260 107
3837 36.182193 107
3838 54.158987 107
3839 3.906906 107
3840 0.000000 107
3841 2.597590 107
3842 40.775596 107
3843 4.268470 107
3844 1.511448 107
3845 1.633456 107
3846 1.711132 107
3847 14.574284 107
3848 1.425154 107
3849 0.681296 107
3850 2.082445 105
3851 4.786309 105
3852 1.475216 105
3853 1.813931 105
3854 1.094167 105
3855 1.975678 105
3856 1.432852 105
3857 2.273616 105
3858 0.000000 105
3859 4.732109 105
3860 3.190862 105
3861 4.014163 105
3862 1.345963 105
3863 1.722351 105
3864 2.713860 105
3865 35.310759 105
3866 1.880545 105
3867 4.800258 105
3868 2.647781 105
3869 2.204242 105
3870 2.829962 105
3871 1.788554 105
3872 0.946026 105
3873 1.968083 105
3874 1.903478 105
3875 1.950145 105
3876 1.182901 105
3877 3.778880 105
3878 3.107570 105
3879 2.039258 105
3880 2.092660 105
3881 2.317256 105
3882 5.699847 105
3883 1.813112 105
3884 3.510799 105
3885 0.840445 105
3886 0.541622 105
3887 3.492954 105
3888 44.195476 105
3889 19.779454 105
3890 5.235986 105
3891 5.570971 105
3892 2.255973 105
3893 2.388264 105
3894 0.000000 105
3895 5.826167 105
3896 9.401644 105
3897 4.173097 105
3898 1.599031 105
3899 2.740254 105
3900 47.974516 112
3901 1.597725 112
3902 2.983992 112
3903 2.153192 112
3904 1.468163 112
3905 1.591849 112
3906 0.000000 112
3907 1.124880 112
3908 3.053887 112
3909 0.281678 112
3910 2.558809 112
3911 1.593317 112
3912 0.351233 112
3913 2.456188 112
3914 2.440045 112
3915 2.353881 112
3916 2.053833 112
3917 2.061729 112
3918 1.007459 112
3919 1.164887 112
3920 0.000000 112
3921 0.000000 112
3922 0.919494 112
3923 1.659281 112
3924 3.763756 112
3925 1.543843 112
3926 26.758262 112
3927 14.646696 112
3928 2.111281 112
3929 49.793812 112
3930 1.698338 112
3931 3.326836 112
3932 0.956052 112
3933 1.594053 112
3934 3.409824 112
3935 2.308918 112
3936 2.711805 112
3937 2.814055 112
3938 1.101964 112
3939 14.303090 112
3940 0.046238 112
3941 3.287883 112
3942 2.421912 112
3943 0.949200 112
3944 1.940973 112
3945 39.399055 112
3946 1.842963 112
3947 2.359536 112
3948 2.057545 112
3949 15.290165 112
3950 0.956737 119
3951 1.929735 119
3952 5.960557 119
3953 0.399572 119
3954 1.368402 119
3955 39.489571 119
3956 50.659639 119
3957 1.849313 119
3958 1.637645 119
3959 4.878729 119
3960 0.000000 119
3961 0.008141 119
3962 1.482696 119
3963 1.896747 119
3964 5.613984 119
3965 16.449218 119
3966 3.255583 119
3967 12.003952 118
3968 0.381355 119
3969 0.357249 119
3970 16.293949 119
3971 2.258868 119
3972 2.076826 119
3973 0.000000 119
3974 3.164483 119
3975 0.244416 119
3976 2.057910 119
3977 0.822442 119
3978 2.636052 119
3979 1.405728 119
3980 0.000000 119
3981 3.430855 119
3982 3.449552 119
3983 3.632685 119
3984 1.754659 119
3985 1.072336 119
3986 0.111125 119
3987 1.413098 119
3988 4.545291 119
3989 0.323114 119
3990 3.317926 119
3991 0.507509 119
3992 11.625265 119
3993 0.576907 119
3994 0.509497 119
3995 0.709106 119
3996 0.751580 119
3997 0.656321 119
3998 1.681976 119
3999 1.038276 119
4000 0.187611 113
4001 0.430275 113
4002 2.840501 113
4003 1.458362 113
4004 2.907979 113
4005 1.810157 113
4006 7.854147 113
4007 4.620181 113
4008 0.501721 113
4009 2.049270 113
4010 0.559208 113
4011 1.508609 113
4012 2.660647 113
4013 4.730255 113
4014 3.845888 113
4015 0.356098 113
4016 0.484197 113
4017 1.065650 113
4018 1.207927 113
4019 0.569603 113
4020 3.414520 113
4021 1.649817 113
4022 3.261516 113
4023 4.240362 113
4024 1.264498 113
4025 0.855643 113
4026 1.961646 113
4027 29.234844 113
4028 1.524760 113
4029 1.673145 113
4030 1.730934 113
4031 312.187049 113
4032 116.950216 113
4033 43.282762 113
4034 5.371159 113
4035 22.402088 113
4036 2.328195 113
4037 1.354842 113
4038 8.589011 113
4039 0.713226 113
4040 0.000000 113
4041 3.534337 113
4042 0.813186 113
4043 2.190539 113
4044 0.419049 113
4045 9.406171 113
4046 23.059324 113
4047 1.010663 113
4048 1.535114 113
4049 1.871894 113
4050 2.818106 121
4051 1.382385 121
4052 0.690125 121
4053 2.226717 121
4054 0.897117 121
4055 1.584705 121
4056 1.614214 121
4057 0.682243 121
4058 0.026145 121
4059 0.606447 121
4060 147.123179 121
4061 1.982357 121
4062 1.827264 121
4063 1.630637 121
4064 1.337508 121
4065 2.857295 121
4066 26.532001 121
4067 0.667286 121
4068 7.913583 121
4069 2.794361 121
4070 1.025261 121
4071 2.503605 121
4072 0.688436 121
4073 1.226101 121
4074 1.469197 121
4075 3.253999 121
4076 7.400996 121
4077 2.627163 121
4078 0.408090 121
4079 0.640848 121
4080 2.375252 121
4081 2.702576 121
4082 2.514251 121
4083 3.313513 121
4084 7.783204 121
4085 0.649247 121
4086 3.834086 121
4087 0.401071 121
4088 3.349872 121
4089 3.383669 121
4090 3.506814 121
4091 4.357174 121
4092 12.929122 121
4093 0.083734 121
4094 7.960903 121
4095 3.340530 121
4096 3.768700 121
4097 2.386305 121
4098 1.956834 121
4099 3.233468 121
4100 3.054173 114
4101 0.684255 114
4102 1.218730 114
4103 2.042505 114
4104 2.607136 114
4105 3.586122 114
4106 25.341658 114
4107 0.000000 114
4108 3.863559 114
4109 4.062082 114
4110 0.588886 114
4111 6.636479 114
4112 89.247518 114
4113 1.807049 114
4114 2.020426 114
4115 3.189586 114
4116 6.515382 114
4117 10.797581 113
4118 4.844582 114
4119 23.763258 114
4120 4.666871 114
4121 0.000000 114
4122 7.660068 114
4123 2.136787 114
4124 2.284256 114
4125 5.260744 114
4126 7.969798 114
4127 2.780701 114
4128 1.694721 114
4129 5.786041 114
4130 3.129689 114
4131 4.119748 114
4132 0.839088 114
4133 0.401281 114
4134 0.000000 114
4135 0.000000 114
4136 3.500866 114
4137 1.614962 114
4138 3.962079 114
4139 4.388072 114
4140 0.365203 114
4141 1.451527 114
4142 3.524160 114
4143 2.953612 114
4144 0.466024 114
4145 2.607317 114
4146 3.194659 114
4147 2.733348 114
4148 3.045035 114
4149 7.267412 114
4150 0.873255 112
4151 5.148955 112
4152 1.434637 112
4153 1.136529 112
4154 4.343144 112
4155 4.334472 112
4156 2.915771 112
4157 2.028942 112
4158 3.461043 112
4159 9.947356 112
4160 1.751083 112
4161 28.413634 112
4162 14.249881 112
4163 12.190530 112
4164 3.495869 112
4165 0.000000 112
4166 9.467792 112
4167 4.332594 112
4168 2.496176 112
4169 0.865374 112
4170 1.581977 112
4171 1.818070 112
4172 6.517100 112
4173 15.075167 112
4174 2.733393 112
4175 3.596035 112
4176 8.931652 112
4177 1.015798 112
4178 1.698929 112
4179 3.048614 112
4180 2.680722 112
4181 3.712042 112
4182 3.972976 112
4183 13.145552 112
4184 3.197065 112
4185 5.157962 112
4186 2.282974 112
4187 3.435417 112
4188 8.398109 112
4189 0.775052 112
4190 6.019782 112
4191 15.746128 112
4192 1.972327 112
4193 2.104735 112
4194 0.977941 112
4195 2.804641 112
4196 0.563791 112
4197 6.619083 112
4198 2.747652 112
4199 2.911352 112
4200 1.281846 117
4201 2.760178 117
4202 1.888473 117
4203 4.665679 117
4204 7.594189 117
4205 5.553963 117
4206 4.890050 117
4207 4.708362 117
4208 6.082719 117
4209 8.946265 117
4210 1.404176 117
4211 5.223035 117
4212 4.632691 117
4213 1.455235 117
4214 4.486319 117
4215 4.021084 117
4216 2.696166 117
4217 1.153619 117
4218 3.274652 117
4219 10.634080 117
4220 1.348805 117
4221 2.173109 117
4222 99.253697 117
4223 0.000000 117
4224 2.499783 117
4225 1.867327 117
4226 1.482422 117
4227 4.382825 117
4228 4.378603 117
4229 2.358626 117
4230 3.512049 117
4231 5.423775 117
4232 1.849247 117
4233 1.658745 117
4234 2.117662 117
4235 2.785871 117
4236 0.730856 117
4237 0.733096 117
4238 2.014843 117
4239 1.778883 117
4240 3.530020 117
4241 3.431361 117
4242 1.427513 117
4243 4.197374 117
4244 3.983022 117
4245 4.194293 117
4246 1.602172 117
4247 0.649336 117
4248 1.114623 117
4249 0.890791 117
4250 0.169546 101
4251 0.178599 101
4252 1.301386 101
4253 1.499908 101
4254 1.370996 101
4255 1.246100 101
4256 2.210824 101
4257 3.465460 101
4258 1.568055 101
4259 1.729671 101
4260 2.509322 101
4261 3.234198 101
4262 1.666072 101
4263 1.585376 101
4264 2.907610 101
4265 1.828167 101
4266 3.800159 101
4267 1.782938 101
4268 3.269928 101
4269 4.224691 101
4270 5.754513 101
4271 7.484162 101
4272 8.505916 101
4273 9.302071 101
4274 0.000000 101
4275 0.000000 101
4276 0.000000 101
4277 0.000000 101
4278 0.466177 101
4279 1.287000 101
4280 3.341259 101
4281 2.924293 101
4282 0.397271 101
4283 2.720087 101
4284 1.273661 101
4285 16.662064 101
4286 1.267884 101
4287 3.587345 101
4288 0.442819 101
4289 11.841897 101
4290 5.288990 101
4291 13.469162 101
4292 12.326080 101
4293 13.127902 101
4294 12.989972 101
4295 13.427651 101
4296 13.183643 101
4297 12.984541 101
4298 0.000000 101
4299 11.410458 101
4300 2.807174 105
4301 7.302643 105
4302 7.541370 105
4303 6.925726 105
4304 7.555743 105
4305 6.920047 105
4306 0.932847 105
4307 3.054972 105
4308 8.667548 105
4309 9.669503 105
4310 3.439830 105
4311 3.105023 105
4312 5.352972 105
4313 5.914832 105
4314 5.644415 105
4315 6.656121 105
4316 6.854305 105
4317 4.590496 105
4318 32.584027 105
4319 1.554205 105
4320 1.803125 105
4321 2.597746 105
4322 2.420332 105
4323 2.855371 105
4324 2.782649 105
4325 0.943990 105
4326 12.515991 105
4327 2.835668 105
4328 7.518008 105
4329 0.771587 105
4330 12.638108 105
4331 1.208653 105
4332 1.534270 105
4333 1.026223 105
4334 3.660427 105
4335 1.293998 105
4336 0.506588 105
4337 1.043097 105
4338 1.396419 105
4339 3.475723 105
4340 2.107228 105
4341 1.159677 105
4342 1.580961 105
4343 1.136529 105
4344 0.000000 105
4345 0.000000 105
4346 0.000000 105
4347 0.000000 105
4348 0.000000 105
4349 0.000000 105
4350 0.000000 104
4351 1.529608 104
4352 0.533479 104
4353 1.873341 104
4354 1.869885 104
4355 1.587802 104
4356 2.644376 104
4357 1.982028 104
4358 1.116930 104
4359 0.743831 104
4360 0.000000 104
4361 0.000000 104
4362 0.000000 104
4363 0.000000 104
4364 0.000000 104
4365 0.000000 104
4366 0.000000 104
4367 0.000000 104
4368 0.000000 104
4369 0.000000 104
4370 0.000000 104
4371 0.000000 104
4372 0.000000 104
4373 0.000000 104
4374 0.000000 104
4375 0.000000 104
4376 0.000000 104
4377 0.000000 104
4378 0.000000 104
4379 3.738768 104
4380 6.935626 104
4381 17.145655 104
4382 8.715900 104
4383 15.429476 104
4384 5.671166 104
4385 5.467371 104
4386 8.303828 104
4387 6.339664 104
4388 297.154270 104
4389 2.354528 104
4390 3.821451 104
4391 10.999840 102
4392 72.237766 104
4393 10.197805 104
4394 2.805319 104
4395 5.775542 104
4396 4.840023 104
4397 7.065120 104
4398 6.240151 104
4399 5.749399 104
4400 2.201125 87
4401 4.363367 87
4402 5.210042 87
4403 6.280554 87
4404 5.145843 87
4405 5.824255 87
4406 3.329524 87
4407 3.592162 87
4408 3.325037 87
4409 4.184529 87
4410 3.413729 87
4411 2.742586 87
4412 3.616048 87
4413 1.893340 87
4414 20.751427 87
4415 3.947100 87
4416 92.895569 87
4417 0.678418 87
4418 16.331698 87
4419 36.484224 87
4420 2.640882 87
4421 1.097740 87
4422 27.744465 87
4423 22.300288 87
4424 2.801861 87
4425 1.374694 87
4426 15.822154 87
4427 36.709330 87
4428 2.177138 87
4429 9.257309 87
4430 2.620742 87
4431 2.961548 87
4432 65.625191 87
4433 8.262865 87
4434 2.267184 87
4435 45.556224 87
4436 2.476105 87
4437 1.695770 87
4438 39.406377 87
4439 50.094146 87
4440 4.140041 87
4441 1.625632 87
4442 39.524620 87
4443 4.480308 87
4444 51.514368 87
4445 0.947291 87
4446 13.135639 87
4447 2.284811 87
4448 50.347643 87
4449 1.365631 87
4450 6.643191 101
4451 44.360293 101
4452 2.806239 101
4453 0.017960 101
4454 0.948922 101
4455 2.035099 101
4456 1.798081 101
4457 5.337956 101
4458 2.206341 101
4459 4.997567 101
4460 5.510337 101
4461 11.080130 101
4462 2.648843 101
4463 5.394708 101
4464 1.540318 101
4465 3.540663 101
4466 3.421661 101
4467 2.659893 101
4468 2.903052 101
4469 6.793303 101
4470 1.324645 101
4471 2.611572 101
4472 5.012041 101
4473 19.557817 101
4474 43.018668 101
4475 2.827688 101
4476 5.934478 101
4477 13.280246 101
4478 1.809711 101
4479 1.878343 101
4480 7.177105 101
4481 1.429570 101
4482 1.434783 101
4483 0.002880 101
4484 2.096529 101
4485 2.176826 101
4486 2.645144 101
4487 3.766651 101
4488 2.403554 101
4489 1.732627 101
4490 2.816818 101
4491 4.085010 101
4492 17.657848 101
4493 3.871581 101
4494 2.769162 101
4495 0.531942 101
4496 5.807070 101
4497 3.073871 101
4498 3.725188 101
4499 18.922259 101
