0 0.431753 118
1 1.743844 118
2 2.094928 118
3 1.029028 118
4 1.007769 118
5 0.000000 118
6 0.559672 118
7 13.675921 118
8 0.619710 118
9 0.569370 118
10 0.551439 118
11 0.504153 118
12 16.406322 118
13 1.795233 118
14 0.448890 118
15 0.640074 118
16 1.177428 118
17 1.156009 118
18 0.689008 118
19 1.304672 118
20 1.427334 118
21 0.449544 118
22 1.111695 118
23 0.632442 118
24 0.874426 118
25 0.973167 118
26 0.834847 118
27 5.507098 118
28 0.822077 118
29 0.765764 118
30 1.521395 118
31 0.826057 118
32 0.415081 118
33 1.224644 118
34 1.281739 118
35 0.763629 118
36 1.280655 118
37 0.486843 118
38 1.037525 118
39 1.020413 118
40 1.202641 118
41 1.082416 118
42 0.887932 118
43 0.892059 118
44 1.509560 118
45 0.755991 118
46 1.339702 118
47 2.007060 118
48 3.415057 118
49 0.828800 118
50 0.465834 116
51 0.582306 116
52 0.682900 116
53 0.709176 116
54 0.300993 116
55 0.307787 116
56 0.553334 116
57 0.533815 116
58 0.423939 116
59 0.000000 116
60 0.031910 116
61 2.982493 116
62 0.575972 116
63 0.664902 116
64 0.585653 116
65 0.793845 116
66 0.446216 116
67 0.601775 116
68 1.889898 116
69 1.504720 116
70 3.393847 116
71 3.326607 116
72 3.819683 116
73 0.744771 116
74 1.931775 116
75 1.997402 116
76 2.314911 116
77 3.053722 116
78 2.393783 116
79 2.630869 116
80 2.547340 116
81 2.047373 116
82 1.962394 116
83 0.888157 116
84 0.978314 116
85 1.100427 116
86 1.564269 116
87 3.359850 116
88 1.904572 116
89 5.507746 116
90 0.000000 116
91 0.807818 116
92 2.505638 116
93 1.851321 116
94 5.893584 116
95 0.000000 116
96 0.244972 116
97 2.511676 116
98 4.829478 116
99 5.416841 116
100 2.147761 94
101 4.058823 94
102 4.076071 94
103 4.398358 94
104 1.510544 94
105 3.435273 94
106 3.587876 94
107 1.976421 94
108 4.745139 94
109 0.768742 94
110 4.107011 94
111 34.126587 94
112 38.070030 94
113 1.499063 94
114 3.222350 94
115 3.509274 94
116 1.219874 94
117 1.509531 94
118 3.821525 94
119 4.291548 94
120 1.688301 94
121 1.443799 94
122 23.116384 94
123 1.418977 94
124 0.797160 94
125 2.504664 94
126 6.163788 94
127 3.374856 94
128 1.697945 94
129 22.961248 94
130 1.142489 94
131 1.430858 94
132 1.555779 94
133 0.779418 94
134 2.544014 94
135 2.728733 94
136 8.390391 94
137 1.248853 94
138 1.933551 94
139 2.009829 94
140 19.816756 94
141 1.114906 94
142 2.436980 94
143 0.761736 94
144 0.635669 94
145 1.102993 94
146 3.124241 94
147 1.545727 94
148 0.800507 94
149 1.827590 94
150 0.891406 103
151 1.797993 103
152 1.306721 103
153 0.340280 103
154 0.773552 103
155 1.473395 103
156 1.991045 103
157 0.593729 103
158 0.938728 103
159 1.240182 103
160 26.949662 103
161 0.654201 103
162 0.696740 103
163 0.855248 103
164 3.810966 103
165 3.451673 103
166 3.557405 103
167 1.645275 103
168 3.745983 103
169 0.000000 103
170 0.000000 103
171 30.946392 103
172 1.281136 103
173 2.647720 103
174 3.295270 103
175 3.878777 103
176 4.643434 103
177 6.322618 103
178 5.271556 103
179 0.065404 103
180 1.453773 103
181 6.098711 103
182 6.327979 103
183 7.070603 103
184 7.109196 103
185 7.309990 103
186 7.840690 103
187 0.131110 103
188 1.714639 103
189 8.051769 103
190 7.367687 103
191 0.125224 103
192 1.915954 103
193 7.725423 103
194 8.170632 103
195 0.125161 103
196 1.770199 103
197 7.323489 103
198 7.772343 103
199 7.592345 103
200 0.116511 97
201 2.559727 97
202 3.042905 97
203 3.067354 97
204 3.478957 97
205 3.510847 97
206 3.754202 97
207 4.001575 97
208 0.151464 97
209 1.732695 97
210 5.172226 97
211 5.927053 97
212 5.638974 97
213 6.287014 97
214 6.193516 97
215 6.476422 97
216 6.494594 97
217 6.261618 97
218 6.935151 97
219 6.664595 97
220 6.911369 97
221 6.901380 97
222 6.587254 97
223 7.198642 97
224 7.214299 97
225 7.482307 97
226 7.317100 97
227 0.162928 97
228 2.301278 97
229 7.524702 97
230 7.337437 97
231 0.153541 97
232 2.269953 97
233 6.909196 97
234 7.230101 97
235 7.083688 97
236 7.918447 97
237 7.230987 97
238 7.657247 97
239 6.978624 97
240 7.361677 97
241 7.349605 97
242 7.272116 97
243 7.292767 97
244 7.391348 97
245 7.728308 97
246 7.533405 97
247 0.139595 97
248 2.250994 97
249 7.744416 97
250 0.106821 102
251 2.172240 102
252 3.371799 102
253 0.128752 102
254 1.529288 102
255 4.479811 102
256 3.892987 102
257 3.807075 102
258 4.363173 102
259 4.320019 102
260 4.179881 102
261 4.573517 102
262 4.656686 102
263 5.088599 102
264 6.612815 102
265 6.333153 102
266 6.643795 102
267 6.541351 102
268 6.860821 102
269 7.331628 102
270 6.988914 102
271 0.156368 102
272 0.153466 102
273 0.139315 102
274 0.137584 102
275 0.124207 102
276 1.950462 102
277 7.732537 102
278 7.477397 102
279 0.148105 102
280 2.184146 102
281 7.591911 102
282 7.195748 102
283 7.670725 102
284 7.576355 102
285 7.461598 102
286 7.486510 102
287 7.362098 102
288 7.837704 102
289 7.920352 102
290 6.969871 102
291 0.152874 102
292 2.190435 102
293 7.764070 102
294 7.828901 102
295 7.814700 102
296 7.452638 102
297 7.620461 102
298 7.314287 102
299 7.115061 102
300 0.105640 103
301 2.145724 103
302 2.675850 103
303 2.857356 103
304 3.713123 103
305 3.180534 103
306 3.553293 103
307 3.920475 103
308 3.924597 103
309 3.975881 103
310 4.321832 103
311 4.782922 103
312 5.306884 103
313 6.060403 103
314 5.821171 103
315 5.924073 103
316 6.679900 103
317 6.843783 103
318 7.277820 103
319 6.975250 103
320 7.119290 103
321 7.528944 103
322 7.512257 103
323 7.351466 103
324 7.296102 103
325 7.264178 103
326 7.132518 103
327 7.384069 103
328 7.078358 103
329 7.372652 103
330 7.186003 103
331 7.240275 103
332 7.404941 103
333 7.109036 103
334 7.497078 103
335 6.955601 103
336 7.156075 103
337 7.341883 103
338 0.175309 103
339 2.618990 103
340 7.321725 103
341 7.511061 103
342 7.612823 103
343 7.289342 103
344 7.747122 103
345 7.762901 103
346 7.554967 103
347 7.313146 103
348 7.412260 103
349 7.174378 103
350 0.050471 108
351 1.090365 108
352 2.461650 108
353 2.568268 108
354 2.864999 108
355 0.110240 108
356 0.102292 108
357 0.083173 108
358 0.077487 108
359 1.496644 108
360 4.135425 108
361 4.141627 108
362 0.081791 108
363 1.708551 108
364 0.085607 108
365 1.446614 108
366 0.089692 108
367 0.086406 108
368 1.829104 108
369 7.104784 108
370 0.104225 108
371 0.101162 108
372 0.103335 108
373 1.987385 108
374 0.127002 108
375 1.802894 108
376 7.226456 108
377 6.697567 108
378 0.135197 108
379 0.125755 108
380 1.903829 108
381 7.260825 108
382 7.496257 108
383 0.135650 108
384 0.140999 108
385 1.986896 108
386 7.217954 108
387 7.288036 108
388 0.141616 108
389 0.146203 108
390 0.171113 108
391 0.174266 108
392 2.239991 108
393 7.339341 108
394 0.201759 108
395 0.231205 108
396 2.831203 108
397 0.256283 108
398 0.292393 108
399 0.315542 108
400 0.141046 102
401 2.919845 102
402 3.280304 102
403 3.559151 102
404 0.136825 102
405 0.124550 102
406 0.107994 102
407 0.094581 102
408 1.291988 102
409 0.093263 102
410 0.000000 102
411 0.000000 102
412 0.000000 102
413 0.000000 102
414 0.000000 102
415 0.000000 102
416 0.000000 102
417 0.000000 102
418 0.000000 102
419 0.000000 102
420 0.000000 102
421 0.000000 102
422 0.000000 102
423 0.000000 102
424 0.000000 102
425 0.000000 102
426 0.000000 102
427 0.000000 102
428 0.000000 102
429 0.000000 102
430 0.000000 102
431 0.000000 102
432 0.000000 102
433 0.000000 102
434 0.000000 102
435 0.000000 102
436 0.000000 102
437 0.000000 102
438 0.000000 102
439 0.000000 102
440 0.000000 102
441 0.000000 102
442 0.000000 102
443 0.000000 102
444 0.000000 102
445 0.000000 102
446 0.000000 102
447 0.000000 102
448 0.000000 102
449 0.000000 102
450 0.000000 107
451 0.000000 107
452 0.000000 107
453 0.000000 107
454 0.000000 107
455 0.000000 107
456 0.000000 107
457 0.000000 107
458 0.000000 107
459 0.010773 107
460 13.544953 107
461 1.911909 107
462 4.089452 107
463 4.732801 107
464 5.032306 107
465 7.892306 107
466 1.488573 107
467 2.379122 107
468 5.082531 107
469 12.038489 107
470 1.757991 107
471 1.502286 107
472 1.343592 107
473 2.135878 107
474 3.249107 107
475 1.449487 107
476 1.414707 107
477 1.462072 107
478 1.640521 107
479 1.552626 107
480 4.168156 107
481 1.801233 107
482 0.000872 107
483 3.475699 107
484 7.538697 107
485 5.504181 107
486 3.280272 107
487 6.159022 107
488 6.612667 107
489 2.299607 107
490 3.744130 107
491 7.733598 107
492 8.489107 107
493 1.814497 107
494 3.621141 107
495 3.865145 107
496 1.383670 107
497 6.929332 107
498 4.630896 107
499 1.289676 107
500 0.427920 115
501 3.925110 115
502 11.960134 115
503 5.298599 115
504 1.006363 115
505 1.514498 115
506 1.512187 115
507 1.436591 115
508 0.380856 115
509 2.760902 115
510 18.849905 115
511 0.660006 115
512 0.792677 115
513 0.000000 115
514 0.553151 115
515 2.580356 115
516 1.405860 115
517 1.767968 115
518 2.759188 115
519 2.803955 115
520 1.970342 115
521 2.443138 115
522 3.776981 115
523 11.574245 115
524 1.625463 115
525 2.431957 115
526 0.000000 115
527 14.615578 115
528 1.153000 115
529 1.855955 115
530 0.946800 115
531 1.848327 115
532 1.402658 115
533 2.368969 115
534 5.139885 115
535 2.644389 115
536 3.855753 115
537 2.041961 115
538 1.826610 115
539 4.840884 115
540 4.601502 115
541 3.169727 115
542 1.982238 115
543 0.345098 115
544 0.620504 115
545 1.240320 115
546 0.000000 115
547 0.989045 115
548 0.876510 115
549 11.203041 115
550 11.743543 103
551 80.288856 103
552 15.898018 103
553 2.091720 103
554 1.284404 103
555 1.232686 103
556 1.441650 103
557 18.944696 103
558 1.412344 103
559 90.980060 103
560 1.267133 103
561 25.125405 103
562 6.202435 103
563 3.833497 103
564 1.560473 103
565 46.575813 103
566 1.656887 103
567 180.978748 103
568 2.905149 103
569 0.386597 103
570 0.891072 103
571 0.590125 103
572 1.228979 103
573 1.311937 103
574 1.226089 103
575 1.181564 103
576 1.187214 103
577 1.697775 103
578 0.967185 103
579 1.730879 103
580 1.520208 103
581 1.446688 103
582 1.478707 103
583 1.383130 103
584 1.435356 103
585 1.417744 103
586 0.537716 103
587 0.653918 103
588 0.583017 103
589 1.717624 103
590 1.020250 103
591 0.488845 103
592 0.000000 103
593 0.434382 103
594 0.877739 103
595 1.066264 103
596 1.056816 103
597 0.958862 103
598 0.442442 103
599 0.836222 103
600 0.542146 111
601 1.043816 111
602 0.969617 111
603 0.385104 111
604 0.851485 111
605 1.048270 111
606 0.949776 111
607 0.988741 111
608 3.182603 111
609 0.471223 111
610 0.881648 111
611 0.395284 111
612 0.844914 111
613 0.964863 111
614 1.027675 111
615 1.051642 111
616 2.680892 111
617 3.318051 111
618 0.264898 111
619 1.332532 111
620 0.902653 111
621 0.363907 111
622 16.360401 111
623 19.150804 111
624 0.000000 111
625 0.830322 111
626 0.123352 111
627 0.158876 111
628 0.153725 111
629 0.157375 111
630 0.527421 111
631 0.396887 111
632 2.943793 111
633 2.925323 111
634 0.656690 111
635 0.774133 111
636 0.564062 111
637 0.620213 111
638 0.484043 111
639 0.711727 111
640 0.485189 111
641 0.754125 111
642 0.486119 111
643 0.477426 111
644 0.331267 111
645 0.635324 111
646 0.521047 111
647 0.648857 111
648 0.587086 111
649 1.964536 111
650 0.208091 107
651 0.636463 107
652 1.611676 107
653 0.555166 107
654 0.312800 107
655 6.441871 107
656 1.107135 107
657 0.533244 107
658 0.506008 107
659 0.131098 107
660 1.101138 107
661 0.387446 107
662 0.958182 107
663 0.577793 107
664 0.615134 107
665 0.507820 107
666 0.413616 107
667 0.777246 107
668 1.715115 107
669 0.635340 107
670 1.312522 107
671 0.667024 107
672 0.485504 107
673 0.654141 107
674 0.461547 107
675 0.476157 107
676 0.000000 107
677 0.655100 107
678 2.577205 107
679 0.000000 107
680 0.362111 107
681 5.487873 107
682 1.795569 107
683 0.013634 107
684 0.635926 107
685 1.025015 107
686 0.370260 107
687 0.364115 107
688 0.581532 107
689 1.391442 107
690 0.775791 107
691 0.350991 107
692 0.290856 107
693 0.557495 107
694 0.711653 107
695 0.447381 107
696 0.599104 107
697 229.123217 107
698 0.312738 107
699 0.717818 107
700 0.614927 98
701 2.100909 98
702 0.399702 98
703 1.094170 98
704 0.595625 98
705 0.338292 98
706 0.377419 98
707 0.414039 98
708 0.360722 98
709 0.659217 98
710 0.628682 98
711 0.416061 98
712 0.712130 98
713 0.628698 98
714 12.660904 98
715 4.966429 98
716 12.747228 98
717 8.695596 98
718 0.794034 98
719 0.821221 98
720 0.365416 98
721 0.353403 98
722 0.654841 98
723 0.570077 98
724 0.533309 98
725 0.272056 98
726 0.243258 98
727 0.166460 98
728 0.246442 98
729 0.419673 98
730 0.880289 98
731 0.537104 98
732 0.204255 98
733 0.473720 98
734 0.166062 98
735 0.362692 98
736 3.366358 98
737 0.614522 98
738 39.954848 98
739 75.040763 98
740 78.283431 98
741 0.957479 98
742 1.970738 98
743 2.151567 98
744 1.697494 98
745 3.131421 98
746 1.004988 98
747 2.374024 98
748 2.829426 98
749 1.633716 98
750 8.266180 97
751 1.407687 97
752 1.109219 97
753 2.843570 97
754 1.289402 97
755 13.440252 97
756 9.081187 97
757 75.954699 97
758 1.049788 97
759 10.675502 97
760 1.094063 97
761 18.876822 97
762 0.554221 97
763 3.816105 97
764 5.083885 97
765 1.416265 97
766 0.782205 97
767 4.244071 97
768 1.592407 97
769 0.797819 97
770 5.084889 97
771 0.532098 97
772 0.325040 97
773 0.276948 97
774 0.889373 97
775 1.926213 97
776 0.000000 97
777 1.622043 97
778 1.046516 97
779 0.928233 97
780 1.685953 97
781 2.765664 97
782 5.607250 97
783 1.208861 97
784 1.997960 97
785 1.364214 97
786 3.119335 97
787 1.295126 97
788 2.831362 97
789 0.565433 97
790 0.738489 97
791 46.397604 97
792 1.760239 97
793 1.256679 97
794 1.000695 97
795 1.032185 97
796 0.972372 97
797 0.773196 97
798 0.811189 97
799 1.021427 97
800 42.237412 110
801 3.447825 110
802 1.389467 110
803 18.748776 110
804 1.432224 110
805 1.127186 110
806 18.935192 110
807 1.357918 110
808 1.478393 110
809 4.769909 110
810 6.826861 109
811 1.481658 110
812 1.269157 110
813 3.699652 110
814 2.315737 110
815 0.817817 110
816 8.452568 110
817 5.983523 110
818 4.495532 110
819 4.383362 110
820 4.871492 110
821 5.457829 110
822 1.435840 110
823 1.397134 110
824 0.039159 110
825 4.206579 110
826 1.194257 110
827 3.736618 110
828 1.700343 110
829 6.476761 110
830 17.995715 110
831 11.364510 110
832 65.814405 110
833 1.531628 110
834 1.656458 110
835 1.063352 110
836 1.123664 110
837 1.003038 110
838 1.574281 110
839 7.653183 110
840 15.996227 110
841 0.244004 110
842 2.609814 110
843 2.148138 110
844 1.497525 110
845 2.203215 110
846 170.983756 110
847 1.951906 110
848 2.269111 110
849 1.216818 110
850 0.399571 107
851 0.932139 107
852 2.092748 107
853 2.072748 107
854 1.877460 107
855 4.610222 107
856 4.085435 107
857 1.875028 107
858 5.230543 107
859 3.689499 107
860 3.098448 107
861 2.937691 107
862 1.432113 107
863 1.290243 107
864 1.483883 107
865 1.521550 107
866 0.000000 107
867 0.070459 107
868 0.000000 107
869 0.000000 107
870 0.048914 107
871 0.000000 107
872 0.035703 107
873 0.000000 107
874 0.000000 107
875 0.000000 107
876 0.000000 107
877 0.000000 107
878 0.000000 107
879 0.000000 107
880 0.000000 107
881 0.000000 107
882 0.000000 107
883 0.000000 107
884 0.000000 107
885 0.000000 107
886 0.000000 107
887 0.000000 107
888 0.000000 107
889 0.000000 107
890 0.000000 107
891 0.000000 107
892 0.085133 107
893 0.000000 107
894 0.118114 107
895 1.483716 107
896 5.211053 107
897 5.057566 107
898 2.430016 107
899 5.148989 107
900 1.692863 101
901 0.522821 101
902 9.977483 101
903 21.281607 101
904 20.426810 100
905 6.181939 101
906 2.920157 101
907 3.094311 101
908 7.069358 101
909 3.013790 101
910 3.111417 101
911 7.346975 101
912 3.041868 101
913 3.095387 101
914 1.302641 101
915 3.017723 101
916 2.273527 101
917 0.000000 101
918 0.000000 101
919 0.000000 101
920 0.000000 101
921 0.000000 101
922 0.000000 101
923 0.000000 101
924 0.000000 101
925 0.000000 101
926 0.000000 101
927 0.000000 101
928 0.000000 101
929 0.000000 101
930 0.000000 101
931 3.424120 101
932 4.062021 101
933 3.122051 101
934 5.103735 101
935 5.902018 101
936 13.698651 101
937 5.181129 101
938 4.306532 101
939 1.116318 101
940 3.609444 101
941 3.831091 101
942 3.486249 101
943 3.792061 101
944 2.033463 101
945 1.329265 101
946 1.836858 101
947 2.533879 101
948 2.037686 101
949 4.793639 101
950 1.930118 104
951 40.206458 104
952 1.782806 104
953 2.136107 104
954 1.682419 104
955 2.345068 104
956 1.356110 104
957 3.400040 104
958 4.395460 104
959 4.655369 104
960 1.458540 104
961 4.463903 104
962 3.347325 104
963 4.806317 104
964 1.466512 104
965 2.796666 104
966 3.553578 104
967 20.374948 104
968 30.314202 104
969 29.655860 104
970 30.179967 104
971 30.413796 104
972 2.251300 104
973 1.811901 104
974 2.159328 104
975 4.319271 104
976 1.316730 104
977 1.048806 104
978 2.325301 104
979 1.171439 104
980 1.098476 104
981 16.415872 104
982 2.366361 104
983 1.386046 104
984 1.863856 104
985 8.179303 104
986 1.523719 104
987 4.247910 104
988 1.595015 104
989 0.131414 104
990 1.984778 104
991 1.276844 104
992 1.566830 104
993 1.939018 104
994 0.812802 104
995 0.753035 104
996 1.399389 104
997 2.444780 104
998 2.942292 104
999 0.569813 104
1000 1.417366 83
1001 1.447124 83
1002 0.834144 83
1003 2.093028 83
1004 0.929443 83
1005 1.034563 83
1006 3.708955 83
1007 1.427200 83
1008 0.812681 83
1009 1.161642 83
1010 1.368886 83
1011 1.065184 83
1012 4.799910 83
1013 12.428600 83
1014 1.812731 83
1015 1.599083 83
1016 4.126656 83
1017 7.726852 83
1018 6.299217 83
1019 5.974691 83
1020 6.508990 83
1021 6.573790 83
1022 6.380493 83
1023 5.908236 83
1024 6.277580 83
1025 6.390264 83
1026 6.142491 83
1027 5.659260 83
1028 6.083477 83
1029 5.925124 83
1030 6.151013 83
1031 5.778522 83
1032 1.638358 83
1033 3.384926 83
1034 3.317321 83
1035 1.727404 83
1036 4.260619 83
1037 1.365489 83
1038 3.206295 83
1039 2.633065 83
1040 1.649939 83
1041 4.877323 83
1042 2.212137 83
1043 0.004534 83
1044 0.000000 83
1045 0.000000 83
1046 1.126773 83
1047 2.371202 83
1048 2.513177 83
1049 5.749357 83
1050 10.987405 104
1051 12.287505 104
1052 13.325613 104
1053 2.232791 104
1054 4.894067 104
1055 2.126365 104
1056 5.450158 104
1057 5.386637 104
1058 2.471524 104
1059 5.704595 104
1060 6.632923 104
1061 22.118457 104
1062 87.224473 104
1063 126.477353 104
1064 173.487621 104
1065 69.939535 104
1066 246.841078 104
1067 39.662903 104
1068 145.684881 104
1069 76.209323 104
1070 71.778283 104
1071 177.688252 104
1072 93.454525 104
1073 128.621502 104
1074 43.486899 104
1075 64.287436 104
1076 128.807093 104
1077 92.237773 104
1078 170.524871 104
1079 242.878690 104
1080 68.962693 104
1081 72.035335 104
1082 166.952505 104
1083 137.466660 104
1084 132.146876 104
1085 40.042071 104
1086 82.274069 104
1087 0.671680 104
1088 1.642433 104
1089 1.203947 104
1090 0.814252 104
1091 1.606852 104
1092 1.115165 104
1093 0.985610 104
1094 1.795384 104
1095 1.108065 104
1096 3.139403 104
1097 4.402832 104
1098 4.089477 104
1099 6.676198 104
1100 2.514968 117
1101 1.777406 117
1102 249.960755 117
1103 0.836875 117
1104 0.937811 117
1105 1.004030 117
1106 0.934548 117
1107 1.032917 117
1108 2.113975 117
1109 5.042738 117
1110 6.303314 117
1111 5.599563 117
1112 0.059060 117
1113 21.504372 117
1114 1.043755 117
1115 1.042205 117
1116 1.138947 117
1117 2.386943 117
1118 2.204864 117
1119 1.604824 117
1120 3.117994 117
1121 2.880912 117
1122 0.426143 117
1123 1.038311 117
1124 1.139297 117
1125 0.394492 117
1126 2.534879 117
1127 5.334511 117
1128 5.468609 117
1129 2.146891 117
1130 1.947607 117
1131 2.665997 117
1132 0.000000 117
1133 0.000000 117
1134 3.276652 117
1135 10.213649 117
1136 63.611537 117
1137 2.264296 117
1138 6.407975 117
1139 0.195009 117
1140 1.047792 117
1141 0.794528 117
1142 0.000000 117
1143 0.564122 117
1144 0.796981 117
1145 5.313584 117
1146 10.467384 117
1147 64.000577 117
1148 7.234012 117
1149 2.937316 117
1150 1.095424 107
1151 4.898137 107
1152 4.697313 106
1153 2.150956 107
1154 2.563331 107
1155 2.665531 107
1156 0.000000 107
1157 0.000000 107
1158 1.449571 107
1159 2.981642 107
1160 26.635003 107
1161 64.264378 107
1162 7.153360 107
1163 25.186157 107
1164 7.764481 107
1165 4.755670 107
1166 5.946207 107
1167 1.784592 107
1168 1.680329 107
1169 7.002270 107
1170 0.397779 107
1171 1.225386 107
1172 0.588158 107
1173 0.880917 107
1174 0.562300 107
1175 0.870412 107
1176 0.466258 107
1177 1.300307 107
1178 0.611864 107
1179 0.888245 107
1180 0.576014 107
1181 0.955282 107
1182 2.186477 107
1183 1.543817 107
1184 5.650038 107
1185 15.287446 107
1186 0.984273 107
1187 2.146827 107
1188 0.000000 107
1189 0.000000 107
1190 6.023145 107
1191 7.820813 107
1192 42.053064 107
1193 2.000054 107
1194 4.125551 107
1195 3.303901 107
1196 6.996282 107
1197 4.371449 107
1198 2.719555 107
1199 4.053546 107
1200 22.653432 109
1201 44.062080 109
1202 1.123661 109
1203 5.894395 109
1204 0.000000 109
1205 3.107444 109
1206 11.992159 109
1207 5.403074 109
1208 1.869344 109
1209 3.095646 109
1210 0.230536 109
1211 35.227812 109
1212 18.087703 109
1213 6.641400 109
1214 4.719457 109
1215 0.322148 109
1216 1.205845 109
1217 1.319238 109
1218 3.460397 109
1219 1.230855 109
1220 1.013392 109
1221 0.781264 109
1222 1.483376 109
1223 7.042908 109
1224 8.203571 109
1225 0.992489 109
1226 1.328336 109
1227 9.450842 109
1228 2.147582 109
1229 2.129330 109
1230 36.768613 109
1231 1.562123 109
1232 4.246619 109
1233 1.984473 109
1234 4.609831 109
1235 34.243216 109
1236 0.533697 109
1237 0.991958 109
1238 2.606181 109
1239 1.240567 109
1240 2.458089 109
1241 5.114722 109
1242 1.031316 109
1243 0.000000 109
1244 1.881800 109
1245 4.840788 109
1246 32.159500 109
1247 1.226017 109
1248 0.511648 109
1249 0.623124 109
1250 23.967242 111
1251 1.401039 111
1252 3.412620 111
1253 3.578420 111
1254 17.778302 111
1255 4.551959 111
1256 1.114039 111
1257 6.889829 111
1258 2.690959 111
1259 0.553732 110
1260 3.019258 110
1261 1.262515 110
1262 5.331088 110
1263 4.711025 110
1264 0.861340 110
1265 0.784591 110
1266 2.342696 110
1267 1.646827 110
1268 14.474819 110
1269 1.732725 110
1270 2.518113 110
1271 5.514488 110
1272 5.880783 110
1273 5.955448 110
1274 5.911939 110
1275 6.116659 110
1276 5.896934 110
1277 4.623157 110
1278 2.429664 110
1279 0.626370 110
1280 0.653413 110
1281 0.804313 110
1282 0.000000 110
1283 0.599569 110
1284 0.648330 110
1285 6.602678 110
1286 3.406653 110
1287 12.128252 110
1288 2.093859 110
1289 4.433243 110
1290 0.162285 110
1291 18.293675 110
1292 17.873424 110
1293 1.581217 110
1294 1.976638 110
1295 0.000000 110
1296 1.852457 110
1297 1.750013 110
1298 423.340974 110
1299 0.000000 110
1300 0.553777 109
1301 1.160970 109
1302 1.141450 109
1303 0.496110 109
1304 1.163378 109
1305 0.459099 109
1306 2.805676 109
1307 0.406290 109
1308 0.795400 109
1309 0.832341 109
1310 1.101720 109
1311 2.673656 109
1312 2.565063 109
1313 2.175701 109
1314 6.988977 109
1315 0.569600 109
1316 1.465196 109
1317 1.011457 109
1318 0.552598 109
1319 1.296936 109
1320 0.950348 109
1321 2.544494 109
1322 0.133695 109
1323 0.835292 109
1324 1.415056 109
1325 0.851013 109
1326 1.027340 109
1327 0.198460 109
1328 1.758317 109
1329 0.175199 109
1330 27.286258 109
1331 1.547062 109
1332 1.982301 109
1333 0.963451 109
1334 2.065922 109
1335 2.587541 109
1336 3.054856 109
1337 2.904082 109
1338 3.016095 109
1339 3.320490 109
1340 3.170493 109
1341 3.554690 109
1342 3.815880 109
1343 3.578936 109
1344 3.611598 109
1345 3.760902 109
1346 3.845896 109
1347 3.659991 109
1348 3.572582 108
1349 4.146110 108
1350 1.990086 99
1351 3.234632 99
1352 2.991330 99
1353 2.657043 99
1354 2.639732 99
1355 2.382932 99
1356 2.732161 99
1357 2.898596 99
1358 3.046730 99
1359 3.176430 99
1360 2.995899 99
1361 2.846219 99
1362 2.862245 99
1363 3.076500 99
1364 4.296027 99
1365 2.756595 99
1366 3.162944 99
1367 2.951452 99
1368 3.125527 99
1369 3.186150 99
1370 3.146938 99
1371 3.105086 99
1372 3.499512 99
1373 3.336807 99
1374 3.433940 99
1375 3.579498 99
1376 3.276878 99
1377 3.668857 99
1378 3.458964 99
1379 3.371142 99
1380 3.528122 99
1381 3.692349 99
1382 3.356667 99
1383 3.662127 99
1384 4.006351 99
1385 3.500123 99
1386 18.759613 99
1387 81.335282 99
1388 51.074771 99
1389 46.132597 99
1390 44.942640 99
1391 82.523656 99
1392 97.943428 99
1393 239.940391 99
1394 98.798858 99
1395 113.694147 99
1396 29.416762 99
1397 67.094042 99
1398 47.071858 99
1399 96.824903 99
1400 15.931423 96
1401 72.598630 96
1402 39.754081 96
1403 45.243199 96
1404 51.118480 96
1405 84.520628 96
1406 43.310394 96
1407 185.517341 96
1408 41.486042 96
1409 61.826235 96
1410 73.391143 96
1411 80.702929 96
1412 42.795326 96
1413 103.448700 96
1414 104.538165 96
1415 44.917744 96
1416 106.310301 96
1417 15.589820 96
1418 77.299081 96
1419 78.448231 96
1420 114.892275 96
1421 43.081195 96
1422 46.132249 96
1423 28.260302 96
1424 219.224201 96
1425 96.100975 96
1426 45.687242 96
1427 97.579916 96
1428 59.937884 96
1429 108.586077 96
1430 59.328459 96
1431 48.474867 96
1432 118.074219 96
1433 1.216711 96
1434 3.829442 96
1435 0.000000 96
1436 0.015060 96
1437 0.000000 96
1438 0.000000 96
1439 0.000000 96
1440 0.193974 96
1441 3.786526 96
1442 3.038071 96
1443 0.323109 96
1444 1.366337 96
1445 2.534680 96
1446 22.257065 96
1447 1.457488 96
1448 1.397118 96
1449 1.810990 96
1450 1.659445 90
1451 2.752836 90
1452 2.935191 90
1453 3.444562 90
1454 0.003385 90
1455 1.294731 90
1456 0.000000 90
1457 2.139037 90
1458 2.263789 90
1459 2.069692 90
1460 1.857697 90
1461 3.194542 90
1462 1.522525 90
1463 4.027352 90
1464 2.549682 90
1465 0.910879 90
1466 2.043254 90
1467 2.038071 90
1468 2.149212 90
1469 2.080713 90
1470 1.405862 90
1471 1.880438 90
1472 4.473596 90
1473 7.743867 90
1474 2.592525 90
1475 4.292063 90
1476 1.779608 90
1477 3.866461 90
1478 1.091733 90
1479 2.176192 90
1480 1.335677 90
1481 1.094880 90
1482 4.149369 90
1483 1.499335 90
1484 1.329275 90
1485 0.812421 90
1486 4.983875 90
1487 2.369647 90
1488 0.834970 90
1489 2.587606 90
1490 1.403202 90
1491 2.294719 90
1492 3.334174 90
1493 1.445865 90
1494 2.258893 90
1495 27.317759 90
1496 1.730246 90
1497 1.025966 90
1498 1.138604 90
1499 0.932820 90
1500 0.849895 105
1501 1.160631 105
1502 3.981249 105
1503 1.585825 105
1504 1.426291 105
1505 1.206390 105
1506 1.332659 105
1507 1.393057 105
1508 1.388912 105
1509 1.239028 105
1510 1.614844 105
1511 0.815907 105
1512 0.589676 105
1513 1.095917 105
1514 1.726154 105
1515 1.324229 105
1516 1.833347 105
1517 0.531105 105
1518 0.570823 105
1519 8.916898 105
1520 53.749358 105
1521 0.339326 105
1522 1.074224 105
1523 0.605979 105
1524 2.877628 105
1525 1.110321 105
1526 3.119382 105
1527 2.704173 105
1528 0.000000 105
1529 0.000000 105
1530 0.000000 105
1531 0.000000 105
1532 1.262462 105
1533 1.973895 105
1534 2.304509 105
1535 2.163773 105
1536 124.210107 105
1537 1.001077 105
1538 1.017411 105
1539 0.859928 105
1540 0.971102 105
1541 0.996284 105
1542 0.978376 105
1543 0.988742 105
1544 0.997684 105
1545 1.192297 105
1546 1.573451 105
1547 0.000000 105
1548 1.203974 105
1549 2.567924 105
1550 1.235390 118
1551 0.947375 118
1552 0.672030 118
1553 2.317998 118
1554 6.315569 118
1555 0.611357 118
1556 3.106438 118
1557 0.760161 118
1558 1.782338 118
1559 1.603784 118
1560 1.302564 118
1561 1.495651 118
1562 1.274624 118
1563 0.528672 118
1564 1.024603 118
1565 2.394645 118
1566 1.940868 118
1567 2.516787 118
1568 0.555632 118
1569 0.512055 118
1570 0.049121 118
1571 1.786748 118
1572 1.238745 118
1573 1.381972 118
1574 1.176627 118
1575 0.188758 118
1576 6.410435 118
1577 0.935506 118
1578 0.776420 118
1579 0.512439 118
1580 1.662023 118
1581 3.136573 118
1582 2.801127 118
1583 3.029642 118
1584 9.285732 118
1585 12.238213 118
1586 0.000000 118
1587 0.000000 118
1588 0.000000 118
1589 0.000000 118
1590 0.000000 118
1591 0.000000 118
1592 0.000000 118
1593 0.000000 118
1594 0.000000 118
1595 0.000000 118
1596 0.000000 118
1597 0.000000 118
1598 2.887574 118
1599 5.458864 118
1600 2.104646 111
1601 1.993741 111
1602 4.089265 111
1603 4.155422 111
1604 4.020245 111
1605 1.526900 111
1606 4.148700 111
1607 3.882592 111
1608 1.252560 111
1609 3.096168 111
1610 3.851012 111
1611 1.557083 111
1612 4.143470 111
1613 1.618918 111
1614 3.870133 111
1615 2.219918 111
1616 3.667011 111
1617 4.192646 111
1618 4.620720 111
1619 5.177864 111
1620 0.941999 111
1621 11.156124 111
1622 1.673568 111
1623 1.177026 111
1624 1.729143 111
1625 2.503444 111
1626 1.574560 111
1627 2.732168 111
1628 1.725082 111
1629 2.753726 111
1630 28.823263 111
1631 92.060192 111
1632 2.225392 111
1633 1.287546 111
1634 35.219670 111
1635 1.487881 111
1636 0.000000 111
1637 0.000000 111
1638 0.000000 111
1639 4.177519 111
1640 1.173145 111
1641 1.261224 111
1642 1.960025 111
1643 4.587037 111
1644 2.665027 111
1645 5.936517 111
1646 1.152072 111
1647 2.413436 111
1648 0.513687 111
1649 1.205588 111
1650 1.801758 97
1651 2.466157 97
1652 2.333299 97
1653 0.366922 97
1654 54.488494 97
1655 11.713093 97
1656 1.797991 97
1657 1.771834 97
1658 1.228563 97
1659 1.158639 97
1660 1.575904 97
1661 2.599272 97
1662 2.123838 97
1663 1.844689 97
1664 0.256092 97
1665 1.548350 97
1666 1.621264 97
1667 0.691995 97
1668 1.229385 97
1669 1.624420 97
1670 0.632284 97
1671 1.512013 97
1672 0.051911 97
1673 0.026699 97
1674 0.019533 97
1675 0.021584 97
1676 0.013593 97
1677 0.018596 97
1678 0.021517 97
1679 0.324331 97
1680 0.036595 97
1681 0.343392 97
1682 2.017978 97
1683 4.447984 97
1684 4.381162 97
1685 0.513990 97
1686 0.725158 97
1687 3.842762 97
1688 1.863257 97
1689 0.962482 97
1690 105.511429 97
1691 2.068102 97
1692 96.768368 97
1693 0.623577 97
1694 1.655913 97
1695 3.743002 97
1696 1.656764 97
1697 3.776163 97
1698 1.322199 97
1699 3.469316 97
1700 1.167361 95
1701 2.756282 95
1702 2.456644 95
1703 0.662091 95
1704 0.661184 95
1705 2.184001 95
1706 4.845845 94
1707 5.461657 95
1708 4.093046 95
1709 3.788484 95
1710 10.266585 95
1711 31.731376 95
1712 27.957684 95
1713 28.028548 95
1714 0.991404 95
1715 1.434084 95
1716 0.663500 95
1717 1.890036 95
1718 9.154675 95
1719 1.041986 95
1720 0.846604 95
1721 0.805649 95
1722 0.851756 95
1723 3.741962 95
1724 1.165421 95
1725 0.761505 95
1726 42.832758 95
1727 8.406916 95
1728 18.609739 95
1729 0.604732 95
1730 0.846191 95
1731 0.928388 95
1732 3.277818 95
1733 28.101479 95
1734 1.355649 95
1735 1.286016 95
1736 1.293999 95
1737 2.037156 95
1738 1.302789 95
1739 0.161621 95
1740 1.451978 95
1741 1.029457 95
1742 133.490959 95
1743 2.449312 95
1744 2.000275 95
1745 1.399663 95
1746 1.111843 95
1747 27.941141 95
1748 0.368105 95
1749 7.317124 95
1750 3.270742 120
1751 2.270578 120
1752 0.819620 120
1753 1.239248 120
1754 3.452765 120
1755 3.215686 120
1756 20.471359 120
1757 1.122023 120
1758 0.963523 120
1759 24.667968 120
1760 1.496902 120
1761 1.796317 120
1762 2.722996 120
1763 2.065707 120
1764 1.484330 120
1765 2.732942 120
1766 2.537240 120
1767 2.054196 120
1768 2.817184 120
1769 0.000000 120
1770 0.000000 120
1771 1.026647 120
1772 1.123081 120
1773 4.921923 120
1774 1.451114 120
1775 4.076548 120
1776 0.632257 120
1777 1.059638 120
1778 1.041609 120
1779 1.669032 120
1780 1.077987 120
1781 6.116033 120
1782 8.065156 120
1783 18.810094 120
1784 10.692052 120
1785 0.776976 120
1786 1.217456 120
1787 0.000000 120
1788 1.200646 120
1789 1.362968 120
1790 2.039598 120
1791 0.081479 120
1792 1.578331 120
1793 3.355680 120
1794 3.573321 120
1795 0.999115 120
1796 0.913780 120
1797 2.163881 120
1798 0.874876 120
1799 0.960098 120
1800 0.575560 115
1801 2.727174 115
1802 0.557882 115
1803 0.746452 115
1804 1.760650 115
1805 0.699342 115
1806 0.718584 115
1807 0.000000 115
1808 1.574843 115
1809 2.150542 115
1810 0.570500 115
1811 0.042076 115
1812 0.552126 115
1813 2.255474 115
1814 3.119784 115
1815 2.850278 115
1816 13.052407 115
1817 1.130661 115
1818 1.091274 115
1819 1.449101 115
1820 1.239629 115
1821 141.442834 115
1822 177.712586 115
1823 1.939912 115
1824 2.221508 115
1825 0.918632 115
1826 0.978304 115
1827 5.787979 115
1828 6.047239 115
1829 5.806307 115
1830 1.115683 115
1831 22.874407 115
1832 92.488395 115
1833 1.357564 115
1834 14.547035 115
1835 1.183587 115
1836 13.119270 115
1837 1.100885 115
1838 0.635539 115
1839 2.060712 115
1840 1.060242 115
1841 7.230301 115
1842 14.451495 115
1843 6.537840 115
1844 1.982732 115
1845 1.258854 115
1846 1.227133 115
1847 0.000000 115
1848 0.000000 115
1849 0.826014 115
1850 1.061655 107
1851 10.519035 107
1852 0.011088 107
1853 0.761715 107
1854 1.606569 107
1855 1.785854 107
1856 0.468427 107
1857 0.521683 107
1858 1.676389 107
1859 1.679501 107
1860 1.150921 107
1861 1.057638 107
1862 145.827559 107
1863 0.594587 107
1864 1.201106 107
1865 1.497003 107
1866 0.624906 107
1867 1.300916 107
1868 0.468744 107
1869 0.426592 107
1870 0.795216 107
1871 1.218813 107
1872 0.036204 107
1873 0.029086 107
1874 0.016754 107
1875 0.753170 107
1876 0.818564 107
1877 1.744025 107
1878 15.723259 107
1879 3.462905 107
1880 5.048726 107
1881 3.320516 107
1882 42.409817 107
1883 3.255993 107
1884 18.196976 107
1885 3.629794 107
1886 3.764904 107
1887 70.072513 107
1888 8.033180 107
1889 18.730843 107
1890 4.724198 107
1891 1.700832 107
1892 1.656630 107
1893 1.421006 107
1894 0.628023 107
1895 1.259373 107
1896 1.205437 107
1897 0.784565 107
1898 0.860166 107
1899 0.000000 107
1900 0.744137 108
1901 6.083597 108
1902 0.578113 108
1903 0.364052 108
1904 0.414929 108
1905 0.000000 108
1906 0.000000 108
1907 0.000000 108
1908 0.000000 108
1909 0.000000 108
1910 0.000000 108
1911 0.000000 108
1912 2.975012 108
1913 6.356967 108
1914 6.431893 108
1915 6.105001 108
1916 6.371167 108
1917 6.079629 108
1918 6.010056 108
1919 5.845673 108
1920 5.756846 108
1921 6.061835 108
1922 6.245538 108
1923 5.820859 108
1924 6.043605 108
1925 6.097667 108
1926 6.117927 108
1927 5.764956 108
1928 6.107045 108
1929 6.111609 108
1930 5.983680 108
1931 6.040437 108
1932 5.506724 106
1933 6.233051 108
1934 6.017572 108
1935 6.021571 108
1936 1.275574 108
1937 3.362610 108
1938 2.676223 108
1939 1.548631 108
1940 3.642548 108
1941 3.343331 108
1942 0.127219 108
1943 0.926163 108
1944 2.062646 108
1945 1.273700 108
1946 2.125611 108
1947 2.723049 108
1948 6.303327 105
1949 1.182664 108
1950 2.262186 103
1951 0.554806 103
1952 1.233082 103
1953 1.883056 103
1954 1.643674 103
1955 4.226016 103
1956 1.385732 103
1957 13.628699 103
1958 1.196800 103
1959 2.596358 103
1960 4.435225 103
1961 1.476426 103
1962 0.000000 103
1963 0.000000 103
1964 1.228212 103
1965 25.718604 103
1966 1.285943 103
1967 0.479802 103
1968 1.615360 103
1969 1.377790 103
1970 0.628599 103
1971 0.000000 103
1972 0.613164 103
1973 1.450234 103
1974 1.089495 103
1975 1.298276 103
1976 1.770827 103
1977 1.920943 103
1978 1.975215 103
1979 0.518246 103
1980 21.391753 103
1981 1.592485 103
1982 3.665651 103
1983 3.535771 103
1984 3.744109 103
1985 10.845076 103
1986 10.862566 103
1987 11.027577 103
1988 1.513427 103
1989 3.736752 103
1990 1.227807 103
1991 3.384203 103
1992 2.083231 103
1993 3.104195 103
1994 1.798937 103
1995 3.412663 103
1996 3.751829 103
1997 94.824521 103
1998 114.788217 103
1999 117.149535 103
2000 72.239429 115
2001 78.696478 115
2002 82.998281 115
2003 81.082945 115
2004 5.948064 115
2005 3.882633 115
2006 6.049832 115
2007 1.128435 115
2008 1.701484 115
2009 1.793566 115
2010 56.946683 115
2011 1.022317 115
2012 2.498700 115
2013 15.320125 115
2014 0.000000 115
2015 1.903136 115
2016 0.871415 115
2017 0.892705 115
2018 1.283160 115
2019 0.775556 115
2020 3.264610 115
2021 1.372136 115
2022 1.807739 115
2023 1.185088 115
2024 11.214180 115
2025 5.236203 115
2026 1.280537 115
2027 1.181869 115
2028 1.195366 115
2029 0.340255 115
2030 1.470113 115
2031 1.196227 115
2032 0.902527 115
2033 2.015121 115
2034 13.214324 115
2035 1.807924 115
2036 1.195821 115
2037 231.208187 115
2038 1.737863 115
2039 1.709693 115
2040 1.104191 115
2041 1.308940 115
2042 1.201123 115
2043 7.565620 115
2044 10.112087 115
2045 2.300973 115
2046 4.965377 115
2047 5.219358 115
2048 4.958919 115
2049 3.022331 115
2050 2.627199 116
2051 6.547163 116
2052 6.573047 116
2053 1.350420 116
2054 3.089923 116
2055 2.812846 116
2056 1.944215 116
2057 63.326172 116
2058 7.268828 116
2059 6.850328 116
2060 7.175650 116
2061 8.548022 116
2062 3.346665 116
2063 1.674835 116
2064 0.275900 116
2065 3.808505 116
2066 2.504731 116
2067 0.338181 116
2068 3.400309 116
2069 1.006192 116
2070 25.954356 116
2071 26.021785 116
2072 11.407726 116
2073 0.756950 116
2074 3.530195 116
2075 34.353031 116
2076 1.181583 116
2077 3.291326 116
2078 0.462486 116
2079 1.312698 116
2080 12.784556 116
2081 1.078545 116
2082 2.470514 116
2083 0.228966 116
2084 0.578093 116
2085 0.559911 116
2086 0.595274 116
2087 0.532923 116
2088 0.517536 116
2089 0.748146 116
2090 1.388707 116
2091 0.742361 116
2092 0.269687 116
2093 0.437548 116
2094 0.420884 116
2095 0.473525 116
2096 0.033925 116
2097 0.256599 116
2098 0.345320 116
2099 0.580625 116
2100 0.590476 106
2101 0.797053 106
2102 0.006794 106
2103 30.505048 106
2104 37.840945 106
2105 0.950076 106
2106 0.497825 106
2107 0.260871 106
2108 0.808495 106
2109 1.358463 106
2110 2.803133 106
2111 0.804930 106
2112 1.074169 106
2113 12.776644 106
2114 57.437178 106
2115 106.762496 106
2116 96.362711 106
2117 22.054761 106
2118 50.265289 106
2119 49.876570 106
2120 40.215856 106
2121 41.710794 106
2122 84.422906 106
2123 38.897566 106
2124 242.970781 106
2125 1.947768 106
2126 21.914592 106
2127 13.924529 106
2128 1.202996 106
2129 1.312521 106
2130 1.206620 106
2131 1.235758 106
2132 2.036530 106
2133 1.243571 106
2134 1.858281 106
2135 2.057680 106
2136 15.310166 106
2137 8.643858 106
2138 1.064382 106
2139 0.770138 106
2140 0.921522 106
2141 4.331726 106
2142 1.736679 106
2143 1.868000 106
2144 7.468694 106
2145 12.248465 106
2146 34.050445 106
2147 10.500299 106
2148 1.536636 106
2149 0.649532 106
2150 11.636876 100
2151 5.950719 100
2152 0.657802 100
2153 1.436445 100
2154 1.405206 100
2155 1.616546 100
2156 6.627185 100
2157 12.039543 100
2158 5.999839 100
2159 7.484771 100
2160 0.002213 100
2161 0.001080 100
2162 0.001019 100
2163 0.001301 100
2164 0.001374 100
2165 0.001592 100
2166 0.002778 100
2167 0.002447 100
2168 0.000425 100
2169 0.001846 100
2170 0.000672 100
2171 0.000423 100
2172 0.001905 100
2173 0.002587 100
2174 0.001458 100
2175 0.000930 100
2176 0.000939 100
2177 0.000448 100
2178 0.000214 100
2179 0.000691 100
2180 0.000765 100
2181 0.000809 100
2182 0.000291 100
2183 0.000259 100
2184 0.000359 100
2185 0.000728 100
2186 0.000000 100
2187 0.000935 100
2188 0.000952 100
2189 0.000856 100
2190 0.000259 100
2191 0.000000 100
2192 0.000771 100
2193 0.000000 100
2194 0.000000 100
2195 0.000000 100
2196 0.000000 100
2197 0.000260 100
2198 0.000000 100
2199 0.000000 100
2200 0.002464 100
2201 0.001498 100
2202 0.002245 100
2203 0.001136 100
2204 0.001464 100
2205 0.003082 100
2206 0.001816 100
2207 0.001675 100
2208 0.000414 100
2209 0.000846 100
2210 0.001177 100
2211 0.003842 100
2212 0.002068 100
2213 0.003399 100
2214 0.002391 100
2215 0.001335 100
2216 0.001709 100
2217 0.000418 100
2218 0.000683 100
2219 0.000000 100
2220 0.000218 100
2221 0.000804 100
2222 0.000524 100
2223 0.000241 100
2224 0.000000 100
2225 0.001752 100
2226 0.001145 100
2227 0.000681 100
2228 0.002112 100
2229 0.000259 100
2230 0.001391 100
2231 0.000000 100
2232 0.000000 100
2233 0.000000 100
2234 0.000000 100
2235 0.000000 100
2236 0.000000 100
2237 0.000070 100
2238 0.000241 100
2239 0.000000 100
2240 0.000000 100
2241 0.000000 100
2242 0.000000 100
2243 0.000000 100
2244 0.000000 100
2245 0.000258 100
2246 0.000000 100
2247 0.000000 100
2248 0.000000 100
2249 0.000000 100
2250 0.002802 99
2251 0.002428 99
2252 0.001882 99
2253 0.000446 99
2254 0.000840 99
2255 0.001668 99
2256 0.000947 99
2257 0.001259 99
2258 0.000266 99
2259 0.000435 99
2260 0.000620 99
2261 0.002578 99
2262 0.002237 99
2263 0.003205 99
2264 0.002077 99
2265 0.001791 99
2266 0.001363 99
2267 0.000428 99
2268 0.000265 99
2269 0.000000 99
2270 0.001124 99
2271 0.000518 99
2272 0.000298 99
2273 0.000286 99
2274 0.000623 99
2275 0.000523 99
2276 0.001374 99
2277 0.000000 99
2278 0.000969 99
2279 0.000524 99
2280 0.001379 99
2281 0.000261 99
2282 0.000000 99
2283 0.000000 99
2284 0.000000 99
2285 0.000000 99
2286 0.000264 99
2287 0.000000 99
2288 0.000268 99
2289 0.000000 99
2290 0.000000 99
2291 0.000000 99
2292 0.000000 99
2293 0.000000 99
2294 0.000000 99
2295 0.000263 99
2296 0.000000 99
2297 0.000000 99
2298 0.000000 99
2299 0.000000 99
2300 0.002427 97
2301 0.001558 97
2302 0.001808 97
2303 0.000434 97
2304 0.001758 97
2305 0.002591 97
2306 0.001570 97
2307 0.001710 97
2308 0.000429 97
2309 0.000435 97
2310 0.001660 97
2311 0.004334 97
2312 0.002806 97
2313 0.001991 97
2314 0.001410 97
2315 0.001226 97
2316 0.000970 97
2317 0.000691 97
2318 0.000705 97
2319 0.000220 97
2320 0.001639 97
2321 0.000539 97
2322 0.000251 97
2323 0.000292 97
2324 0.000266 97
2325 0.002138 97
2326 0.002268 97
2327 0.000976 97
2328 0.001230 97
2329 0.001860 97
2330 0.001058 97
2331 0.000270 97
2332 0.000000 97
2333 0.000000 97
2334 0.000000 97
2335 0.000000 97
2336 0.000065 97
2337 0.000000 97
2338 0.000429 97
2339 0.000000 97
2340 0.000000 97
2341 0.000000 97
2342 0.000000 97
2343 0.000000 97
2344 0.000000 97
2345 0.000000 97
2346 0.000000 97
2347 0.000000 97
2348 0.000000 97
2349 0.000000 97
2350 0.002448 84
2351 1.985355 84
2352 1.533797 84
2353 22.401280 84
2354 3.589386 84
2355 3.304683 84
2356 26.398771 84
2357 111.018685 84
2358 84.346707 84
2359 168.404010 84
2360 52.443948 84
2361 122.674598 84
2362 201.623933 84
2363 109.789557 84
2364 83.975842 84
2365 81.317239 84
2366 184.228593 84
2367 153.248896 84
2368 238.915145 84
2369 35.840165 84
2370 212.316538 84
2371 128.173257 84
2372 39.749827 84
2373 161.137072 84
2374 76.681912 84
2375 221.467357 84
2376 93.688753 84
2377 137.928561 84
2378 77.632009 84
2379 171.111802 84
2380 54.168651 84
2381 158.255277 84
2382 50.815738 84
2383 2.025450 84
2384 4.746401 84
2385 4.973373 84
2386 2.262027 84
2387 4.882566 84
2388 5.216468 84
2389 33.532985 84
2390 4.209670 84
2391 4.569605 84
2392 1.127134 84
2393 3.204617 84
2394 2.947372 84
2395 1.827905 84
2396 3.413642 84
2397 4.721404 84
2398 1.795614 84
2399 4.203973 84
2400 2.126621 115
2401 5.038253 115
2402 4.619394 115
2403 5.122692 115
2404 5.278574 115
2405 5.368412 115
2406 4.499294 115
2407 4.718777 115
2408 5.233747 115
2409 5.110949 115
2410 1.032721 115
2411 0.010363 115
2412 1.423192 115
2413 2.337984 115
2414 1.259138 115
2415 2.470289 115
2416 1.840118 115
2417 3.568609 115
2418 4.551894 115
2419 5.388742 115
2420 2.439648 115
2421 0.000000 115
2422 0.000000 115
2423 0.000000 115
2424 0.000000 115
2425 0.000000 115
2426 0.000000 115
2427 0.000000 115
2428 0.000000 115
2429 0.000000 115
2430 0.000000 115
2431 0.000000 115
2432 1.202256 115
2433 0.985108 115
2434 3.056856 115
2435 15.525394 115
2436 3.449943 115
2437 2.147002 115
2438 2.202573 115
2439 3.403557 115
2440 3.728553 115
2441 0.013514 115
2442 0.022233 115
2443 0.026991 115
2444 1.944083 115
2445 5.247615 115
2446 16.217029 115
2447 245.425740 115
2448 4.093947 115
2449 3.751980 115
2450 0.370393 112
2451 0.500977 112
2452 0.524888 112
2453 1.284418 112
2454 4.154635 112
2455 69.715856 112
2456 157.702135 112
2457 0.110147 112
2458 1.191625 112
2459 3.132994 112
2460 0.923565 112
2461 9.434730 112
2462 16.457481 112
2463 4.649017 112
2464 2.330206 112
2465 4.206891 112
2466 1.817566 112
2467 3.283639 112
2468 4.877840 112
2469 1.486830 112
2470 0.872403 112
2471 0.405612 112
2472 1.132320 112
2473 0.012635 112
2474 1.276802 112
2475 0.851790 112
2476 1.583542 112
2477 2.588015 112
2478 14.723747 112
2479 3.424957 112
2480 0.308830 112
2481 3.984935 112
2482 1.446097 112
2483 1.889273 112
2484 1.318760 112
2485 3.041067 112
2486 1.839819 112
2487 18.203677 112
2488 1.617581 112
2489 7.708310 112
2490 0.972079 112
2491 3.507567 112
2492 1.825975 112
2493 1.260004 112
2494 1.851520 112
2495 2.144797 112
2496 1.292622 112
2497 80.566734 112
2498 1.286783 112
2499 2.020869 112
2500 1.302567 107
2501 1.976661 107
2502 0.006614 107
2503 0.245464 107
2504 2.007951 107
2505 4.984901 107
2506 2.014205 107
2507 5.240549 107
2508 1.173060 107
2509 0.000000 107
2510 2.090823 107
2511 2.219749 107
2512 1.455987 107
2513 16.736877 107
2514 1.330462 107
2515 1.833009 107
2516 4.564932 107
2517 1.257418 107
2518 2.360763 107
2519 0.000000 107
2520 1.964632 107
2521 1.859053 107
2522 2.733788 107
2523 1.826586 107
2524 1.378689 107
2525 1.503560 107
2526 1.564528 107
2527 1.476652 107
2528 8.220270 107
2529 4.910050 107
2530 4.160294 107
2531 1.001778 107
2532 40.437761 107
2533 48.158206 107
2534 1.481976 107
2535 2.319346 107
2536 1.016009 107
2537 1.828475 107
2538 1.516735 107
2539 0.019383 107
2540 1.958877 107
2541 1.833235 107
2542 2.160609 107
2543 0.620234 107
2544 0.975526 107
2545 2.557579 107
2546 2.665643 107
2547 1.868878 107
2548 26.892466 107
2549 1.788191 107
2550 1.447578 101
2551 1.380818 101
2552 0.236095 101
2553 2.706806 101
2554 0.000000 101
2555 4.203322 101
2556 1.630420 101
2557 1.865223 101
2558 1.307378 101
2559 1.164398 101
2560 1.180308 101
2561 1.491643 101
2562 1.094259 101
2563 0.000000 101
2564 0.000000 101
2565 0.000000 101
2566 0.000000 101
2567 0.000000 101
2568 0.000000 101
2569 0.000000 101
2570 0.000000 101
2571 0.000000 101
2572 0.000000 101
2573 0.000000 101
2574 0.000000 101
2575 0.000000 101
2576 0.000000 101
2577 0.000000 101
2578 0.000000 101
2579 0.000000 101
2580 0.000000 101
2581 0.000000 101
2582 0.000000 101
2583 0.000000 101
2584 0.000000 101
2585 0.000000 101
2586 0.000000 101
2587 0.000000 101
2588 0.000000 101
2589 0.000000 101
2590 0.000000 101
2591 0.000000 101
2592 0.000000 101
2593 0.000000 101
2594 0.000000 101
2595 0.000000 101
2596 0.000000 101
2597 0.000000 101
2598 0.000000 101
2599 0.000000 101
2600 0.000000 103
2601 0.000000 103
2602 0.000000 103
2603 0.000000 103
2604 0.000000 103
2605 0.000000 103
2606 0.000000 103
2607 0.000000 103
2608 0.000000 103
2609 0.000000 103
2610 0.000000 103
2611 0.000000 103
2612 0.000000 103
2613 0.000000 103
2614 0.000000 103
2615 0.000000 103
2616 0.000000 103
2617 0.000000 103
2618 0.000000 103
2619 0.000000 103
2620 0.000000 103
2621 0.000000 103
2622 0.000000 103
2623 0.000000 103
2624 0.000000 103
2625 0.000000 103
2626 0.000000 103
2627 0.000000 103
2628 0.000000 103
2629 0.000000 103
2630 0.000000 103
2631 0.000000 103
2632 0.000000 103
2633 0.000000 103
2634 0.000000 103
2635 0.000000 103
2636 0.000000 103
2637 0.000000 103
2638 0.000000 103
2639 0.000000 103
2640 0.000000 102
2641 0.000000 102
2642 0.000000 102
2643 0.000000 102
2644 0.000000 102
2645 0.000000 102
2646 0.000000 102
2647 0.000000 102
2648 0.000000 102
2649 0.000000 102
2650 0.000000 103
2651 0.000000 103
2652 0.000000 103
2653 0.000000 103
2654 0.000000 103
2655 0.000000 103
2656 0.000000 103
2657 0.000000 103
2658 0.000000 103
2659 0.000000 103
2660 0.000000 103
2661 0.000000 103
2662 0.000000 103
2663 4.702244 103
2664 6.980915 103
2665 2.661399 103
2666 9.013658 103
2667 0.000000 103
2668 0.000000 103
2669 0.000000 103
2670 0.000000 103
2671 0.000000 103
2672 0.000000 103
2673 0.000000 103
2674 0.000000 103
2675 0.000000 103
2676 0.000000 103
2677 0.000000 103
2678 0.000000 103
2679 0.000000 103
2680 0.000000 103
2681 0.000000 103
2682 0.000000 103
2683 0.000000 103
2684 0.000000 103
2685 0.000000 103
2686 0.000000 103
2687 0.000000 103
2688 0.000186 103
2689 0.000215 103
2690 0.000462 103
2691 0.000000 103
2692 0.000000 103
2693 0.000000 103
2694 0.000231 103
2695 0.000353 103
2696 0.000337 103
2697 0.000464 103
2698 0.000743 103
2699 0.001092 103
2700 0.000000 102
2701 0.000000 102
2702 0.000000 102
2703 0.000000 102
2704 0.000000 102
2705 0.000000 102
2706 0.000000 102
2707 0.000000 102
2708 0.000000 102
2709 0.000000 102
2710 0.000000 102
2711 3.283250 101
2712 2.537738 101
2713 2.850452 101
2714 37.096102 101
2715 2.762174 101
2716 230.097725 101
2717 3.288679 101
2718 62.279641 101
2719 1.626500 101
2720 1.782576 101
2721 24.840120 101
2722 3.451009 101
2723 2.632476 101
2724 3.634262 101
2725 3.613905 101
2726 3.995871 101
2727 3.504565 101
2728 4.229193 101
2729 13.869211 101
2730 154.296235 101
2731 3.645534 101
2732 3.654036 101
2733 223.782889 101
2734 4.023857 101
2735 6.568461 101
2736 2.404589 101
2737 6.495365 101
2738 4.037798 101
2739 4.094921 101
2740 3.474116 101
2741 3.352387 101
2742 4.233727 101
2743 45.685689 101
2744 4.601619 101
2745 4.183107 101
2746 12.958979 101
2747 2.401160 101
2748 24.073622 101
2749 2.356388 101
2750 6.856091 95
2751 3.304880 95
2752 7.135283 95
2753 4.094048 95
2754 1.817326 95
2755 5.268083 95
2756 2.198781 95
2757 2.424043 95
2758 2.680803 95
2759 1.712117 95
2760 0.995264 95
2761 0.964029 95
2762 0.869336 95
2763 1.236755 95
2764 1.017565 95
2765 1.083302 95
2766 0.987377 95
2767 1.046612 95
2768 0.980833 95
2769 1.097200 95
2770 1.296337 95
2771 1.415488 95
2772 1.358608 95
2773 1.225268 95
2774 1.085304 95
2775 1.036089 95
2776 1.454901 95
2777 1.097394 95
2778 1.359269 95
2779 1.078428 95
2780 1.252856 95
2781 1.049199 95
2782 1.228346 95
2783 1.086016 95
2784 1.156659 95
2785 2.035533 95
2786 1.669353 95
2787 1.052303 95
2788 3.542646 95
2789 1.481885 95
2790 1.927327 95
2791 1.831921 95
2792 2.710340 95
2793 2.634624 95
2794 1.993915 95
2795 2.240995 95
2796 2.019280 95
2797 1.952020 95
2798 1.920105 95
2799 2.232226 95
2800 2.017088 100
2801 2.466543 100
2802 2.062484 100
2803 2.469898 100
2804 2.352402 100
2805 2.095085 100
2806 2.354555 100
2807 2.899273 100
2808 1.888078 100
2809 2.305236 100
2810 2.125982 100
2811 2.184144 100
2812 1.901234 100
2813 1.963553 100
2814 2.412988 100
2815 1.899807 100
2816 4.856110 100
2817 3.613089 100
2818 5.183229 100
2819 0.000000 100
2820 0.000000 100
2821 0.000000 100
2822 0.000000 99
2823 0.000000 99
2824 0.000000 99
2825 0.000000 99
2826 0.000000 99
2827 0.000000 99
2828 0.000000 99
2829 0.000000 99
2830 0.000000 99
2831 0.000000 99
2832 0.000000 99
2833 0.000000 99
2834 0.000000 99
2835 0.000000 99
2836 0.000000 99
2837 0.000000 99
2838 0.000000 99
2839 3.518182 99
2840 7.900998 99
2841 8.438110 99
2842 2.931205 99
2843 5.858199 99
2844 8.193473 99
2845 7.362913 99
2846 2.528589 99
2847 4.419423 99
2848 4.495833 99
2849 4.836205 99
2850 1.934972 105
2851 4.256856 105
2852 4.107130 105
2853 3.999198 105
2854 4.270989 105
2855 8.683245 105
2856 8.868858 105
2857 3.689478 105
2858 5.590393 105
2859 6.167125 105
2860 5.846824 105
2861 1.022051 105
2862 3.419846 105
2863 1.478835 105
2864 3.660813 105
2865 3.786469 105
2866 7.279720 105
2867 20.525111 105
2868 7.387957 105
2869 2.246889 105
2870 4.707576 105
2871 4.967153 105
2872 5.170465 105
2873 1.216072 105
2874 1.345276 105
2875 1.344485 105
2876 1.108728 105
2877 1.217320 105
2878 1.093024 105
2879 1.054357 105
2880 1.068963 105
2881 1.199147 105
2882 1.232170 105
2883 1.174263 105
2884 0.947409 105
2885 1.069850 105
2886 0.979549 105
2887 0.941018 105
2888 1.095998 105
2889 1.454533 105
2890 0.943922 105
2891 1.390530 105
2892 1.439532 105
2893 1.023776 105
2894 3.525858 105
2895 3.324857 105
2896 8.849703 105
2897 96.249447 105
2898 3.367933 105
2899 3.851963 105
2900 1.147595 84
2901 2.386139 84
2902 2.728056 84
2903 2.596638 84
2904 1.990815 84
2905 4.824826 84
2906 4.820603 84
2907 4.690566 84
2908 2.052825 84
2909 4.213440 84
2910 4.290402 84
2911 2.283973 84
2912 4.755299 84
2913 4.665439 84
2914 4.442121 84
2915 4.849902 84
2916 2.877480 84
2917 7.091253 84
2918 8.168698 84
2919 7.517001 84
2920 1.469941 84
2921 5.097960 84
2922 5.146961 84
2923 1.726135 84
2924 3.780635 84
2925 3.794866 84
2926 3.586325 84
2927 2.998188 84
2928 8.345281 84
2929 7.997352 84
2930 8.150341 84
2931 1.139481 84
2932 4.013150 84
2933 4.578412 84
2934 3.842616 84
2935 1.069174 84
2936 2.680177 84
2937 2.811118 84
2938 9.002956 84
2939 9.702377 84
2940 9.985912 84
2941 10.316296 84
2942 9.459895 84
2943 9.851963 84
2944 3.030941 84
2945 5.047853 84
2946 5.004267 84
2947 5.442726 84
2948 4.138717 84
2949 5.280103 84
2950 2.002428 96
2951 3.890021 96
2952 4.264134 96
2953 1.436845 96
2954 3.351973 96
2955 1.755113 96
2956 3.828258 96
2957 3.178702 96
2958 1.409701 96
2959 3.841259 96
2960 3.537586 96
2961 3.656152 96
2962 2.296212 96
2963 6.297385 96
2964 6.054695 96
2965 2.387549 96
2966 7.399398 96
2967 6.754269 96
2968 6.649893 96
2969 26.986993 96
2970 30.181867 96
2971 1.842028 96
2972 0.634940 96
2973 4.368744 96
2974 3.840126 96
2975 2.418537 96
2976 8.401815 96
2977 5.640862 96
2978 2.564497 96
2979 5.651811 96
2980 5.578970 96
2981 1.056708 96
2982 2.590537 96
2983 1.655010 96
2984 5.152353 96
2985 1.639058 96
2986 4.090085 96
2987 4.471904 96
2988 2.107332 96
2989 5.578390 96
2990 1.389305 96
2991 2.571038 96
2992 5.235023 96
2993 3.821622 96
2994 11.491914 96
2995 2.308459 96
2996 6.365948 96
2997 2.410571 96
2998 6.766010 96
2999 0.000000 96
3000 0.000000 101
3001 0.000000 101
3002 0.000000 101
3003 0.000000 101
3004 0.000000 101
3005 0.000000 101
3006 0.000000 101
3007 0.000000 101
3008 39.487390 101
3009 253.889439 101
3010 110.905455 101
3011 483.137618 101
3012 151.936718 101
3013 456.776013 101
3014 231.331768 101
3015 272.544416 101
3016 387.426571 101
3017 511.346901 101
3018 114.109728 101
3019 134.794483 101
3020 62.228321 101
3021 261.302613 101
3022 1.303505 101
3023 2.489062 101
3024 2.703904 101
3025 2.234466 101
3026 7.054615 101
3027 0.000000 101
3028 0.000000 101
3029 0.000000 101
3030 1.317377 101
3031 3.368425 101
3032 1.986578 101
3033 5.135246 101
3034 2.978355 101
3035 7.713001 101
3036 72.532808 101
3037 81.366650 101
3038 84.683941 101
3039 3.853985 101
3040 9.741841 101
3041 2.703989 101
3042 6.927239 101
3043 2.626065 101
3044 9.754473 101
3045 2.941975 101
3046 8.292768 101
3047 7.984531 101
3048 3.126532 101
3049 7.886499 101
3050 2.409163 92
3051 6.514315 92
3052 1.626634 92
3053 4.514004 92
3054 2.943810 92
3055 2.190175 92
3056 5.622509 92
3057 1.180060 92
3058 2.829211 92
3059 2.354840 92
3060 1.790757 92
3061 4.162678 92
3062 0.724613 92
3063 1.177174 92
3064 0.691655 92
3065 0.557907 92
3066 0.595193 92
3067 3.046698 92
3068 9.852860 92
3069 2.758118 92
3070 2.920365 92
3071 4.395828 92
3072 4.493087 92
3073 4.656697 92
3074 4.726604 92
3075 4.482054 92
3076 4.657361 92
3077 4.562454 92
3078 4.442076 92
3079 4.531319 92
3080 4.574207 92
3081 4.507714 92
3082 4.572648 92
3083 4.794929 92
3084 4.602956 92
3085 4.712107 92
3086 0.916217 92
3087 1.489037 92
3088 3.015935 92
3089 2.559502 92
3090 22.349188 92
3091 5.137503 92
3092 1.631622 92
3093 1.484390 92
3094 2.258981 92
3095 2.656514 92
3096 1.856749 92
3097 0.694967 92
3098 0.913862 92
3099 0.884241 92
3100 0.297540 97
3101 0.714345 97
3102 0.742311 97
3103 0.788816 97
3104 0.728169 97
3105 0.732651 97
3106 0.748254 97
3107 0.730420 97
3108 0.645280 97
3109 1.673779 97
3110 1.784750 97
3111 25.223825 97
3112 1.649305 97
3113 464.253662 97
3114 17.890098 97
3115 2.246468 97
3116 3.693837 97
3117 6.213736 97
3118 4.413197 97
3119 5.067053 97
3120 43.059370 97
3121 1.487159 97
3122 4.182146 97
3123 4.102657 97
3124 1.207923 97
3125 1.414812 97
3126 3.547513 97
3127 3.998088 97
3128 3.121160 97
3129 3.264468 97
3130 3.185308 97
3131 3.320083 97
3132 1.129426 97
3133 4.821274 97
3134 7.865063 97
3135 7.409337 97
3136 7.311353 97
3137 7.647575 97
3138 7.298456 97
3139 4.238950 97
3140 7.658622 97
3141 6.701178 97
3142 10.668013 97
3143 9.792310 97
3144 11.098676 97
3145 13.077088 97
3146 6.493158 97
3147 2.754398 97
3148 3.706236 97
3149 3.638850 97
3150 2.779735 103
3151 6.187110 103
3152 3.015304 103
3153 6.034564 103
3154 27.769958 103
3155 8.050997 103
3156 4.490714 103
3157 30.993456 103
3158 8.825660 103
3159 9.048958 103
3160 4.859471 103
3161 3.306178 103
3162 5.451967 103
3163 306.855765 103
3164 11.421963 103
3165 18.390638 103
3166 3.875166 103
3167 2.824476 103
3168 4.933744 103
3169 4.944466 103
3170 5.205856 103
3171 10.165160 103
3172 8.511234 103
3173 10.734788 103
3174 6.626289 103
3175 5.502335 103
3176 6.273748 103
3177 13.089666 103
3178 5.629952 103
3179 6.047423 103
3180 7.722148 103
3181 8.138823 103
3182 7.650851 103
3183 7.220648 103
3184 7.883157 103
3185 5.466001 103
3186 0.000000 103
3187 0.000000 103
3188 0.000000 103
3189 0.000000 103
3190 0.000000 103
3191 0.000000 103
3192 2.820650 103
3193 99.988882 103
3194 7.415540 103
3195 6.646233 103
3196 2.611860 103
3197 4.915421 103
3198 5.182484 103
3199 3.822470 103
3200 3.697947 108
3201 6.454791 108
3202 16.216564 108
3203 15.068389 108
3204 14.258230 108
3205 13.152791 107
3206 3.095121 108
3207 11.433540 107
3208 3.818159 108
3209 9.635349 108
3210 1.040448 108
3211 83.307925 108
3212 1.336116 108
3213 3.042510 108
3214 17.657475 108
3215 3.479900 108
3216 6.655831 108
3217 9.783046 108
3218 12.384677 108
3219 12.594385 107
3220 14.872690 108
3221 12.964804 108
3222 4.632805 108
3223 10.589268 108
3224 10.340998 108
3225 10.250836 108
3226 1.494605 108
3227 2.328033 108
3228 2.298034 108
3229 3.991505 108
3230 2.326715 108
3231 1.931820 108
3232 3.377724 108
3233 5.461400 108
3234 55.776438 108
3235 2.657228 108
3236 2.487945 108
3237 1.166001 108
3238 3.037531 108
3239 2.605814 108
3240 2.014348 108
3241 5.037546 108
3242 7.477218 108
3243 4.012314 108
3244 2.145810 108
3245 1.548210 108
3246 0.127395 108
3247 0.199321 108
3248 0.383788 108
3249 5.571628 108
3250 1.607274 107
3251 3.667401 107
3252 3.411959 107
3253 3.451572 107
3254 2.133223 107
3255 3.858657 107
3256 1.795702 107
3257 2.597772 107
3258 2.663807 107
3259 2.243537 107
3260 2.501104 107
3261 12.688829 107
3262 2.613837 107
3263 0.772094 107
3264 1.822025 107
3265 5.265400 107
3266 2.082857 107
3267 3.453730 107
3268 4.657475 107
3269 3.792726 107
3270 4.378581 107
3271 4.535382 107
3272 0.788107 107
3273 9.698835 107
3274 5.493575 107
3275 24.863922 107
3276 1.965943 107
3277 2.976866 107
3278 3.641286 107
3279 9.232376 107
3280 2.607766 107
3281 2.171580 107
3282 38.785859 107
3283 4.767127 107
3284 4.940502 107
3285 2.003104 107
3286 4.879843 107
3287 5.170784 107
3288 7.045490 107
3289 6.776934 107
3290 1.389819 107
3291 4.480820 107
3292 2.698937 107
3293 4.293489 107
3294 2.629063 107
3295 43.195725 107
3296 4.004361 107
3297 1.444353 107
3298 15.258120 107
3299 1.719439 107
3300 2.045899 117
3301 0.869439 117
3302 95.360318 117
3303 171.283431 117
3304 186.210258 117
3305 177.155947 117
3306 0.211781 117
3307 0.215085 117
3308 0.266100 117
3309 0.339792 117
3310 0.342597 117
3311 3.786890 117
3312 6.365839 117
3313 5.839370 117
3314 4.276016 117
3315 6.882265 117
3316 8.986225 117
3317 66.652491 117
3318 38.723577 117
3319 66.781819 117
3320 68.473109 117
3321 72.583515 117
3322 3.645572 117
3323 4.290707 117
3324 6.099944 117
3325 11.744737 117
3326 5.577207 117
3327 1.538027 117
3328 2.144426 117
3329 38.646127 117
3330 2.825697 117
3331 0.270528 117
3332 2.789841 117
3333 3.648807 117
3334 7.978505 117
3335 0.154436 117
3336 6.179880 117
3337 3.882024 117
3338 7.356955 117
3339 2.633661 117
3340 16.776759 117
3341 1.150718 117
3342 1.138961 117
3343 3.705103 117
3344 3.987305 117
3345 3.057920 117
3346 8.668240 117
3347 8.835364 117
3348 3.954156 117
3349 1.542431 117
3350 5.001664 83
3351 1.045612 83
3352 1.624602 83
3353 2.087115 83
3354 1.812378 83
3355 6.002819 83
3356 7.045583 83
3357 20.227662 83
3358 18.026290 83
3359 3.981682 83
3360 1.326210 83
3361 6.452466 83
3362 1.380621 83
3363 5.761354 83
3364 12.526675 83
3365 12.922516 83
3366 11.605882 83
3367 7.107074 83
3368 4.932167 83
3369 219.128620 83
3370 2.146104 83
3371 2.156494 83
3372 6.725935 83
3373 5.459986 83
3374 1.692260 83
3375 3.955282 83
3376 7.386269 83
3377 4.581122 83
3378 2.460744 83
3379 7.100355 83
3380 5.007887 83
3381 1.663272 83
3382 3.527194 83
3383 3.904920 83
3384 2.712953 83
3385 5.029378 83
3386 6.857971 83
3387 1.225769 83
3388 1.620982 83
3389 3.473975 83
3390 3.581050 83
3391 64.163735 83
3392 163.765467 83
3393 245.059362 83
3394 10.105429 83
3395 15.017386 83
3396 20.090033 83
3397 19.576225 83
3398 0.000000 83
3399 2.609285 83
3400 3.080911 93
3401 2.108476 93
3402 1.838612 93
3403 8.017466 93
3404 2.068030 93
3405 5.797029 93
3406 5.110740 93
3407 1.451964 93
3408 1.247181 93
3409 2.312156 93
3410 6.166687 93
3411 4.683767 93
3412 3.538103 93
3413 2.315176 93
3414 5.028042 93
3415 5.881322 93
3416 4.673115 93
3417 2.380881 93
3418 5.889854 93
3419 5.089791 93
3420 2.047217 93
3421 5.711971 93
3422 4.739663 93
3423 26.779876 93
3424 54.166848 93
3425 56.463224 93
3426 0.009766 93
3427 0.005335 93
3428 4.617023 93
3429 4.314669 93
3430 2.580427 93
3431 5.756174 93
3432 6.935486 93
3433 2.694806 93
3434 7.576823 93
3435 5.214284 93
3436 2.747133 93
3437 6.777049 93
3438 5.843578 93
3439 1.808245 93
3440 4.604056 93
3441 2.392872 93
3442 5.811688 93
3443 5.852885 93
3444 36.516782 93
3445 21.646171 93
3446 4.901224 93
3447 37.246103 93
3448 33.542223 93
3449 17.396436 93
3450 31.750262 113
3451 2.890029 113
3452 0.000199 113
3453 0.000000 113
3454 0.008018 113
3455 3.336059 113
3456 7.081152 113
3457 7.225038 113
3458 2.379476 113
3459 3.058627 113
3460 7.045923 113
3461 1.613395 113
3462 2.134209 113
3463 1.875453 113
3464 1.458454 113
3465 2.675098 113
3466 1.926961 113
3467 2.209605 113
3468 2.171323 113
3469 6.156654 113
3470 12.153543 113
3471 2.604855 113
3472 0.000000 113
3473 0.000000 113
3474 3.377739 113
3475 2.610605 113
3476 5.392991 113
3477 6.881180 113
3478 0.764900 113
3479 1.014214 113
3480 8.237640 113
3481 10.923374 113
3482 15.404651 113
3483 2.700049 113
3484 5.209704 113
3485 6.560745 113
3486 11.968835 113
3487 1.772137 113
3488 2.581376 113
3489 2.566494 113
3490 4.934207 113
3491 16.122568 113
3492 2.539112 113
3493 6.616253 113
3494 5.057729 113
3495 2.743122 113
3496 7.005357 113
3497 5.217754 113
3498 2.795713 113
3499 6.737912 113
3500 2.217858 96
3501 1.921594 96
3502 6.073053 96
3503 5.086282 96
3504 2.140969 96
3505 5.167244 96
3506 6.071853 96
3507 2.107242 96
3508 5.381437 96
3509 5.834297 96
3510 2.331695 96
3511 6.931818 96
3512 5.333604 96
3513 0.000000 96
3514 0.000000 96
3515 0.000000 96
3516 4.093988 96
3517 2.805660 96
3518 7.499930 96
3519 5.575696 96
3520 442.837216 96
3521 2.799984 96
3522 5.340640 96
3523 6.932958 96
3524 2.918298 96
3525 6.787527 96
3526 5.983376 96
3527 0.794317 96
3528 1.302571 96
3529 1.606180 96
3530 1.495438 96
3531 2.937897 96
3532 5.934527 96
3533 7.104447 96
3534 13.955610 96
3535 2.743272 96
3536 5.621159 96
3537 7.215267 96
3538 3.726977 96
3539 1.182167 96
3540 1.660927 96
3541 8.446044 96
3542 2.164556 96
3543 2.044856 96
3544 3.111352 96
3545 1.647837 96
3546 5.252853 96
3547 2.608928 96
3548 2.841109 96
3549 2.157513 96
3550 1.854256 104
3551 3.009552 104
3552 2.593155 104
3553 3.112259 104
3554 32.061396 104
3555 4.095329 104
3556 5.397869 104
3557 28.209235 104
3558 1.911968 104
3559 2.383125 104
3560 13.792641 104
3561 163.098583 104
3562 1.639651 104
3563 3.702082 104
3564 11.524640 104
3565 1.635380 104
3566 0.212488 104
3567 3.270792 104
3568 1.788123 104
3569 5.025262 104
3570 2.278287 104
3571 4.979871 104
3572 1.998618 104
3573 0.630529 104
3574 2.083946 104
3575 6.181953 104
3576 4.468917 104
3577 1.967612 104
3578 12.168565 104
3579 161.724777 104
3580 1.924371 104
3581 14.973494 104
3582 0.627145 104
3583 1.031784 104
3584 3.496721 104
3585 19.459608 104
3586 39.071522 104
3587 3.293442 104
3588 4.916451 104
3589 0.989047 104
3590 1.612271 104
3591 1.031879 104
3592 12.889612 104
3593 32.585286 104
3594 2.338593 104
3595 7.751722 104
3596 1.974838 104
3597 5.031095 104
3598 1.399266 104
3599 4.038136 103
3600 5.018982 93
3601 21.137072 93
3602 2.116191 93
3603 2.978426 93
3604 0.307378 93
3605 1.216432 93
3606 0.852133 93
3607 1.874490 93
3608 8.997398 93
3609 1.679996 93
3610 2.986950 93
3611 0.000000 93
3612 0.976857 93
3613 1.743059 93
3614 2.774495 93
3615 7.833866 93
3616 5.910389 93
3617 11.830220 93
3618 1.315750 93
3619 3.583357 93
3620 20.342584 93
3621 2.730399 93
3622 21.112198 93
3623 3.006837 93
3624 20.146071 93
3625 3.526999 93
3626 2.157017 93
3627 2.611778 93
3628 1.305815 93
3629 1.368428 93
3630 12.352499 93
3631 5.394003 93
3632 1.432788 93
3633 1.390666 93
3634 4.223483 93
3635 5.738104 93
3636 0.755917 93
3637 2.070867 93
3638 93.538508 93
3639 2.999086 93
3640 16.505554 93
3641 3.910716 93
3642 5.259995 93
3643 3.117993 93
3644 0.242211 93
3645 3.144519 93
3646 1.377417 93
3647 50.876165 93
3648 0.129280 93
3649 3.313297 93
3650 3.762532 112
3651 3.830094 112
3652 1.223037 112
3653 2.538437 112
3654 0.782114 112
3655 0.510362 112
3656 2.462893 112
3657 0.000000 112
3658 0.351137 112
3659 13.358899 112
3660 44.229538 112
3661 4.043361 112
3662 15.955976 112
3663 4.340202 112
3664 0.000000 112
3665 2.401954 112
3666 11.459609 112
3667 6.915751 112
3668 11.655538 112
3669 2.110264 112
3670 24.918465 112
3671 5.223789 112
3672 0.817674 112
3673 3.200272 112
3674 2.197130 112
3675 3.099513 112
3676 31.744572 112
3677 94.054405 112
3678 0.000835 112
3679 1.440109 112
3680 1.794877 112
3681 2.205517 112
3682 2.555074 112
3683 2.089607 112
3684 0.000000 112
3685 1.601527 112
3686 0.900694 112
3687 14.762913 112
3688 2.231314 112
3689 0.203360 112
3690 2.670892 112
3691 233.860226 112
3692 0.756172 112
3693 3.192288 112
3694 2.344850 112
3695 20.925619 112
3696 0.979385 112
3697 6.278175 112
3698 2.130545 112
3699 0.687055 112
3700 0.952598 101
3701 1.906684 101
3702 6.439063 101
3703 2.413914 101
3704 1.840250 101
3705 0.608531 101
3706 0.596223 101
3707 7.696697 101
3708 0.264565 101
3709 3.366191 101
3710 3.756641 101
3711 0.092823 101
3712 8.973414 101
3713 1.704337 101
3714 4.318842 101
3715 4.318929 101
3716 2.074688 101
3717 1.889445 101
3718 1.939062 101
3719 2.235689 101
3720 0.027689 101
3721 2.330712 101
3722 6.982658 101
3723 0.642406 101
3724 2.430270 101
3725 1.999117 101
3726 2.608811 101
3727 1.973642 101
3728 1.606345 101
3729 0.000000 101
3730 2.267107 101
3731 6.584720 101
3732 13.258799 101
3733 2.584276 101
3734 2.534501 101
3735 15.838912 101
3736 2.457170 101
3737 1.203843 101
3738 90.751401 101
3739 1.820573 101
3740 3.004218 101
3741 2.634761 99
3742 2.419548 101
3743 2.187956 101
3744 18.284954 101
3745 7.600152 101
3746 1.310382 101
3747 2.912537 101
3748 1.828976 101
3749 0.000000 101
3750 7.069344 110
3751 2.191553 110
3752 5.969265 110
3753 0.623240 110
3754 1.869871 110
3755 1.511018 110
3756 14.804728 110
3757 2.336106 110
3758 2.541553 110
3759 1.362213 110
3760 1.711011 110
3761 2.026024 110
3762 0.013663 110
3763 1.793620 110
3764 2.495125 110
3765 2.723219 110
3766 1.031727 110
3767 0.000000 110
3768 17.124612 110
3769 2.119766 110
3770 3.323547 110
3771 1.420618 110
3772 2.173884 110
3773 5.867282 110
3774 6.255495 110
3775 1.538231 110
3776 0.017968 110
3777 2.690818 110
3778 365.272569 110
3779 1.950959 110
3780 2.252352 110
3781 16.242674 110
3782 47.940893 110
3783 26.296568 110
3784 2.041681 110
3785 2.493722 110
3786 0.000000 110
3787 2.489201 110
3788 1.385909 110
3789 16.466335 110
3790 3.184524 110
3791 3.174709 110
3792 2.806644 110
3793 2.883455 110
3794 2.580255 110
3795 4.390476 110
3796 1.145786 110
3797 3.576500 110
3798 3.578306 110
3799 2.916562 110
3800 1.452709 107
3801 2.219210 107
3802 0.064371 107
3803 3.917064 107
3804 3.545980 107
3805 3.348020 107
3806 3.344040 107
3807 2.192523 107
3808 3.239190 107
3809 9.133424 107
3810 1.546566 107
3811 1.215616 107
3812 1.871855 107
3813 0.583265 107
3814 5.557689 107
3815 4.133117 107
3816 2.077528 107
3817 1.847808 107
3818 2.206963 107
3819 2.631088 107
3820 6.478768 107
3821 0.287169 107
3822 7.490883 107
3823 2.405032 107
3824 14.163629 107
3825 19.390865 107
3826 0.524592 107
3827 3.457268 107
3828 1.306383 107
3829 1.065102 107
3830 19.323630 107
3831 2.150471 107
3832 18.737825 107
3833 1.485880 107
3834 3.020770 107
3835 2.200770 107
3836 3.877122 107
3837 36.688930 107
3838 55.552827 107
3839 3.532000 107
3840 0.000000 107
3841 2.530604 107
3842 40.132287 107
3843 3.966009 107
3844 1.524977 107
3845 2.392062 107
3846 2.498850 107
3847 13.868820 107
3848 1.573201 107
3849 0.963202 107
3850 2.070861 105
3851 4.488028 105
3852 1.370071 105
3853 1.606363 105
3854 1.778314 105
3855 1.898485 105
3856 1.442177 105
3857 2.419598 105
3858 0.000000 105
3859 4.327483 105
3860 3.183932 105
3861 3.659944 105
3862 1.257744 105
3863 1.854148 105
3864 2.587505 105
3865 33.419455 105
3866 2.143173 105
3867 4.712083 105
3868 2.683203 105
3869 2.064008 105
3870 3.194199 105
3871 1.729542 105
3872 1.153158 105
3873 1.549876 105
3874 2.027190 105
3875 2.015087 105
3876 1.276463 105
3877 4.501898 105
3878 3.874882 105
3879 2.486122 105
3880 2.125495 105
3881 2.164628 105
3882 7.540036 105
3883 2.067075 105
3884 3.401070 105
3885 0.843665 105
3886 0.614004 105
3887 3.546103 105
3888 46.641311 105
3889 15.452121 105
3890 5.723841 105
3891 7.406275 105
3892 2.441144 105
3893 1.321791 105
3894 0.000000 105
3895 4.755172 105
3896 7.995658 105
3897 2.708503 105
3898 1.634454 105
3899 3.108837 105
3900 91.455937 112
3901 1.518476 112
3902 3.789530 112
3903 2.714525 112
3904 1.521709 112
3905 1.584285 112
3906 0.000000 112
3907 1.150639 112
3908 3.552014 112
3909 0.282403 112
3910 2.761148 112
3911 1.501234 112
3912 1.493622 112
3913 2.463286 112
3914 2.500296 112
3915 2.393112 112
3916 2.298059 112
3917 2.146717 112
3918 1.013056 112
3919 1.287835 112
3920 0.000000 112
3921 0.000000 112
3922 0.932878 112
3923 2.172549 112
3924 7.343574 112
3925 1.931528 112
3926 24.366409 112
3927 13.329612 112
3928 2.100710 112
3929 52.698015 112
3930 2.064588 112
3931 3.688855 112
3932 0.926013 112
3933 1.599692 112
3934 3.233857 112
3935 2.335811 112
3936 2.636696 112
3937 2.862075 112
3938 1.209193 112
3939 14.384257 112
3940 0.074796 112
3941 3.574863 112
3942 2.456793 112
3943 0.983787 112
3944 2.149061 112
3945 34.327000 112
3946 1.956323 112
3947 2.404554 112
3948 2.186306 112
3949 15.304755 112
3950 0.987785 119
3951 1.967197 119
3952 5.589585 119
3953 0.411974 119
3954 1.677375 119
3955 34.945361 119
3956 56.254098 119
3957 2.030239 119
3958 1.775996 119
3959 7.964534 119
3960 0.000000 119
3961 1.683398 119
3962 1.576466 119
3963 4.762825 119
3964 5.744252 119
3965 16.107858 119
3966 3.006200 119
3967 12.988354 119
3968 1.018467 119
3969 0.357817 119
3970 15.031096 119
3971 2.672185 119
3972 2.193875 119
3973 0.000000 119
3974 3.908989 119
3975 0.150988 119
3976 1.996127 119
3977 0.897718 119
3978 2.777788 119
3979 1.686245 119
3980 0.000000 119
3981 3.851627 119
3982 3.150729 119
3983 3.305230 119
3984 2.355044 119
3985 1.106982 119
3986 0.169229 119
3987 1.467808 119
3988 3.603829 119
3989 0.418607 119
3990 3.311253 119
3991 0.516446 119
3992 11.211047 119
3993 0.589602 119
3994 0.509011 119
3995 0.732062 119
3996 0.724555 119
3997 0.682311 119
3998 1.714784 119
3999 1.047360 119
4000 0.242046 113
4001 0.451999 113
4002 2.942453 113
4003 1.567004 113
4004 2.258109 113
4005 1.920618 113
4006 7.436263 113
4007 4.731107 113
4008 0.576963 113
4009 2.119503 113
4010 0.627402 113
4011 1.492348 113
4012 2.752879 113
4013 7.019775 113
4014 3.479946 113
4015 0.362623 113
4016 0.462159 113
4017 1.111030 113
4018 1.233531 113
4019 0.586221 113
4020 3.219595 113
4021 1.724719 113
4022 3.504126 113
4023 4.379237 113
4024 1.443691 113
4025 2.566573 113
4026 2.145334 113
4027 31.513723 113
4028 1.656323 113
4029 1.664469 113
4030 1.810553 113
4031 337.522135 113
4032 122.058896 113
4033 42.707052 113
4034 5.188888 113
4035 26.407009 113
4036 2.518232 113
4037 1.422086 113
4038 9.129971 113
4039 0.850169 113
4040 0.000000 113
4041 3.395506 113
4042 0.982990 113
4043 2.115057 113
4044 0.534259 113
4045 9.383064 113
4046 24.060470 113
4047 2.243724 113
4048 1.578874 113
4049 1.822846 113
4050 2.609373 121
4051 1.444295 121
4052 0.733347 121
4053 2.195886 121
4054 0.807411 121
4055 1.800838 121
4056 1.845948 121
4057 1.343307 121
4058 0.018080 121
4059 0.622342 121
4060 141.163448 121
4061 1.918781 121
4062 1.801988 121
4063 1.774143 121
4064 0.914397 121
4065 3.062583 121
4066 31.353747 121
4067 0.472740 121
4068 8.649025 121
4069 3.023532 121
4070 1.234550 121
4071 2.828073 121
4072 0.791418 121
4073 1.256166 121
4074 0.188423 121
4075 3.312853 121
4076 7.039507 121
4077 2.522181 121
4078 0.294028 121
4079 0.631940 121
4080 2.349625 121
4081 2.742827 121
4082 2.243918 121
4083 3.184945 121
4084 7.645563 121
4085 0.683657 121
4086 4.155554 121
4087 0.466574 121
4088 2.377545 121
4089 3.406809 121
4090 3.395817 121
4091 4.163320 121
4092 12.678870 121
4093 0.072640 121
4094 8.298063 121
4095 3.577827 121
4096 3.765233 121
4097 2.579187 121
4098 2.065499 121
4099 3.465061 121
4100 3.260976 114
4101 0.916322 114
4102 1.907315 114
4103 1.974211 114
4104 2.076847 114
4105 3.626799 114
4106 26.735620 114
4107 0.000000 114
4108 3.522934 114
4109 1.288213 114
4110 0.739166 114
4111 16.543953 114
4112 91.124618 114
4113 1.937740 114
4114 2.132075 114
4115 3.294232 114
4116 6.737377 114
4117 10.197682 114
4118 4.208283 114
4119 22.858964 114
4120 4.843499 114
4121 0.000000 114
4122 8.416578 114
4123 2.199640 114
4124 0.863323 114
4125 3.050038 114
4126 8.175973 114
4127 2.784770 114
4128 1.926114 114
4129 5.608310 114
4130 3.303640 114
4131 4.243046 114
4132 0.725290 114
4133 1.248122 114
4134 0.000000 114
4135 0.000000 114
4136 3.781359 114
4137 2.805181 114
4138 4.062296 114
4139 3.880050 114
4140 0.040598 114
4141 1.319469 114
4142 2.456337 114
4143 3.141662 114
4144 0.659075 114
4145 2.695138 114
4146 3.341071 114
4147 2.346958 114
4148 3.274486 114
4149 6.882192 114
4150 1.002941 112
4151 5.345348 112
4152 1.575519 112
4153 1.226085 112
4154 5.868927 112
4155 3.967178 112
4156 0.000205 112
4157 1.917004 112
4158 3.805254 112
4159 10.552628 112
4160 2.028285 112
4161 32.202987 112
4162 15.310512 112
4163 13.336340 112
4164 2.210121 112
4165 0.000000 112
4166 9.108513 112
4167 4.656720 112
4168 2.843360 112
4169 0.823571 112
4170 1.892085 112
4171 1.754532 112
4172 7.655051 112
4173 15.486793 112
4174 2.652114 112
4175 3.594778 112
4176 10.542432 112
4177 0.872276 112
4178 1.324788 112
4179 3.189679 112
4180 2.961185 112
4181 4.637981 112
4182 4.180909 112
4183 54.661333 112
4184 13.894750 112
4185 5.359950 112
4186 2.456054 112
4187 3.509741 112
4188 8.748416 112
4189 0.819841 112
4190 7.128825 112
4191 17.044716 112
4192 2.128214 112
4193 2.114811 112
4194 1.152220 112
4195 3.456729 112
4196 0.585843 112
4197 7.404823 112
4198 2.841749 112
4199 2.906036 112
4200 1.382754 117
4201 3.235943 117
4202 2.268475 117
4203 4.113573 117
4204 10.754356 117
4205 9.184099 117
4206 8.225960 117
4207 7.498001 117
4208 10.398133 117
4209 9.477511 117
4210 1.481605 117
4211 4.908913 117
4212 3.838112 117
4213 1.859712 117
4214 5.247424 117
4215 13.268006 117
4216 6.436387 117
4217 1.207862 117
4218 3.374571 117
4219 12.374241 117
4220 2.188707 117
4221 2.125647 117
4222 77.024413 117
4223 0.000000 117
4224 2.253974 117
4225 1.943330 117
4226 1.498421 117
4227 5.052967 117
4228 4.645611 117
4229 2.424977 117
4230 3.548331 117
4231 5.082509 117
4232 1.968754 117
4233 1.732453 117
4234 1.985524 117
4235 2.927065 117
4236 0.763723 117
4237 0.791503 117
4238 2.141648 117
4239 1.698597 117
4240 3.601497 117
4241 3.409093 117
4242 1.585844 117
4243 3.962932 117
4244 3.507391 117
4245 3.864004 117
4246 1.760953 117
4247 0.673056 117
4248 1.001500 117
4249 1.337263 117
4250 0.118147 101
4251 0.027397 101
4252 1.682473 101
4253 1.791585 101
4254 1.403753 101
4255 1.406785 101
4256 2.144883 101
4257 2.804134 101
4258 1.380682 101
4259 1.874324 101
4260 2.753563 101
4261 2.893814 101
4262 2.164820 101
4263 1.170465 101
4264 2.596215 101
4265 1.883064 101
4266 3.761063 101
4267 1.530171 101
4268 3.410349 101
4269 4.789594 101
4270 6.772782 101
4271 7.539305 101
4272 8.341162 101
4273 9.116024 101
4274 0.000000 101
4275 0.000000 101
4276 0.000000 101
4277 0.000000 101
4278 0.514664 101
4279 1.560410 101
4280 3.964481 101
4281 3.346641 101
4282 0.384838 101
4283 2.655640 101
4284 1.275557 101
4285 16.558295 101
4286 1.254111 101
4287 3.595537 101
4288 0.444006 101
4289 11.671348 101
4290 5.795926 101
4291 13.017941 101
4292 12.364827 101
4293 13.267159 101
4294 13.384533 101
4295 13.469691 101
4296 13.122194 101
4297 13.389988 101
4298 0.000000 101
4299 11.415888 101
4300 2.879539 105
4301 7.662733 105
4302 7.848245 105
4303 7.540857 105
4304 8.063734 105
4305 7.574363 105
4306 0.895770 105
4307 3.099041 105
4308 9.504605 105
4309 9.830603 105
4310 3.170167 105
4311 3.922892 105
4312 7.233559 105
4313 7.135337 105
4314 7.192738 105
4315 7.335430 105
4316 7.087676 105
4317 3.901667 105
4318 29.806030 105
4319 1.646065 105
4320 2.013489 105
4321 2.672649 105
4322 2.608479 105
4323 2.746121 105
4324 2.624124 105
4325 1.030707 105
4326 13.988939 105
4327 2.976326 105
4328 7.601701 105
4329 0.756826 105
4330 12.228014 105
4331 1.245543 105
4332 1.584679 105
4333 1.189576 105
4334 3.709277 105
4335 1.312529 105
4336 0.584732 105
4337 0.984097 105
4338 1.507309 105
4339 3.596916 105
4340 2.214918 105
4341 1.381804 105
4342 2.152573 105
4343 1.160965 105
4344 0.000900 105
4345 0.003446 105
4346 0.002194 105
4347 0.001581 105
4348 0.000665 105
4349 0.003111 105
4350 0.001924 104
4351 1.664065 104
4352 0.538109 104
4353 1.837562 104
4354 1.706040 104
4355 1.571424 104
4356 2.545245 104
4357 2.237878 104
4358 0.966536 104
4359 0.979971 104
4360 0.000000 104
4361 0.000000 104
4362 0.000000 104
4363 0.000000 104
4364 0.000000 104
4365 0.000000 104
4366 0.000000 104
4367 0.000000 104
4368 0.000000 104
4369 0.000000 104
4370 0.000000 104
4371 0.000000 104
4372 0.000000 104
4373 0.000000 104
4374 0.000000 104
4375 0.000000 104
4376 0.000000 104
4377 0.000000 104
4378 0.000000 104
4379 4.047204 104
4380 7.079262 104
4381 17.515239 104
4382 8.645165 104
4383 15.632650 104
4384 5.646920 104
4385 5.634910 104
4386 8.424383 104
4387 6.444945 104
4388 338.528632 104
4389 2.402807 104
4390 4.365060 104
4391 10.890054 103
4392 68.745258 104
4393 10.566612 104
4394 2.904946 104
4395 5.553040 104
4396 4.982694 104
4397 7.278998 104
4398 6.190179 104
4399 5.843189 104
4400 2.268203 88
4401 4.727746 88
4402 5.778469 88
4403 7.209079 88
4404 5.252303 88
4405 5.729083 88
4406 3.401732 88
4407 3.594072 88
4408 3.337298 88
4409 4.305029 88
4410 3.476821 88
4411 2.832343 88
4412 3.483346 88
4413 2.101749 87
4414 21.011924 87
4415 4.389446 87
4416 98.814033 87
4417 0.805630 87
4418 14.706282 87
4419 44.537389 87
4420 3.344062 87
4421 1.042724 87
4422 32.681702 87
4423 23.477097 87
4424 3.094650 87
4425 1.222467 87
4426 18.145261 87
4427 47.845620 87
4428 2.695967 87
4429 10.075553 87
4430 3.790701 87
4431 3.465534 87
4432 70.021623 87
4433 9.880231 87
4434 2.109284 87
4435 54.629883 87
4436 2.608243 87
4437 1.537476 87
4438 37.803169 87
4439 47.383976 87
4440 3.757819 87
4441 1.569772 87
4442 37.693614 87
4443 4.137043 87
4444 53.714051 87
4445 1.135439 87
4446 14.138439 87
4447 2.539587 87
4448 51.146121 87
4449 1.346531 87
4450 7.555160 101
4451 41.297343 101
4452 2.898837 101
4453 2.124664 101
4454 0.692912 101
4455 1.482594 101
4456 1.690408 101
4457 5.159583 101
4458 2.339024 101
4459 5.382563 101
4460 4.091160 101
4461 11.025138 101
4462 2.390877 101
4463 5.018915 101
4464 1.362986 101
4465 3.334291 101
4466 2.886586 101
4467 2.332566 101
4468 2.850150 101
4469 6.554421 101
4470 1.158793 101
4471 2.637043 101
4472 4.953005 101
4473 18.475059 101
4474 42.302775 101
4475 3.129850 101
4476 6.672812 101
4477 14.302584 101
4478 1.777816 101
4479 1.727262 101
4480 7.509470 101
4481 1.356752 101
4482 1.396517 101
4483 0.002550 101
4484 2.054703 101
4485 2.121075 101
4486 2.731566 101
4487 3.709409 101
4488 2.864411 101
4489 1.642738 101
4490 3.206609 101
4491 3.833197 101
4492 18.182162 101
4493 3.726270 101
4494 2.492553 101
4495 0.552531 101
4496 5.869784 101
4497 3.294339 101
4498 3.959398 101
4499 18.416095 101
