0 0.830986
1 0.830986
2 0.830986
3 0.830986
4 0.830986
5 0.830986
6 0.830986
7 0.823944
8 0.830986
9 0.830986
10 0.830986
11 0.830986
12 0.830986
13 0.830986
14 0.830986
15 0.830986
16 0.830986
17 0.830986
18 0.830986
19 0.823944
20 0.823944
21 0.830986
22 0.823944
23 0.830986
24 0.823944
25 0.830986
26 0.830986
27 0.830986
28 0.830986
29 0.830986
30 0.823944
31 0.830986
32 0.830986
33 0.830986
34 0.823944
35 0.823944
36 0.823944
37 0.830986
38 0.809859
39 0.816901
40 0.816901
41 0.830986
42 0.830986
43 0.830986
44 0.830986
45 0.830986
46 0.823944
47 0.830986
48 0.823944
49 0.830986
50 0.823944
51 0.823944
52 0.809859
53 0.823944
54 0.816901
55 0.823944
56 0.816901
57 0.823944
58 0.823944
59 0.823944
60 0.823944
61 0.823944
62 0.823944
63 0.823944
64 0.823944
65 0.823944
66 0.823944
67 0.823944
68 0.823944
69 0.823944
70 0.816901
71 0.816901
72 0.816901
73 0.823944
74 0.823944
75 0.816901
76 0.823944
77 0.816901
78 0.816901
79 0.816901
80 0.816901
81 0.816901
82 0.823944
83 0.823944
84 0.816901
85 0.823944
86 0.816901
87 0.816901
88 0.816901
89 0.823944
90 0.823944
91 0.823944
92 0.823944
93 0.823944
94 0.823944
95 0.823944
96 0.823944
97 0.823944
98 0.816901
99 0.816901
100 0.676056
101 0.676056
102 0.676056
103 0.676056
104 0.676056
105 0.669014
106 0.676056
107 0.676056
108 0.669014
109 0.676056
110 0.676056
111 0.676056
112 0.676056
113 0.676056
114 0.669014
115 0.676056
116 0.676056
117 0.676056
118 0.669014
119 0.661972
120 0.676056
121 0.676056
122 0.676056
123 0.676056
124 0.676056
125 0.676056
126 0.676056
127 0.676056
128 0.676056
129 0.676056
130 0.676056
131 0.676056
132 0.676056
133 0.676056
134 0.669014
135 0.676056
136 0.676056
137 0.676056
138 0.676056
139 0.676056
140 0.669014
141 0.676056
142 0.669014
143 0.676056
144 0.676056
145 0.676056
146 0.676056
147 0.676056
148 0.676056
149 0.676056
150 0.739437
151 0.739437
152 0.739437
153 0.739437
154 0.739437
155 0.739437
156 0.739437
157 0.739437
158 0.739437
159 0.739437
160 0.739437
161 0.739437
162 0.739437
163 0.739437
164 0.739437
165 0.732394
166 0.732394
167 0.739437
168 0.732394
169 0.739437
170 0.739437
171 0.739437
172 0.739437
173 0.732394
174 0.725352
175 0.725352
176 0.725352
177 0.725352
178 0.725352
179 0.725352
180 0.732394
181 0.725352
182 0.725352
183 0.725352
184 0.725352
185 0.732394
186 0.732394
187 0.725352
188 0.732394
189 0.725352
190 0.725352
191 0.739437
192 0.725352
193 0.732394
194 0.725352
195 0.725352
196 0.725352
197 0.725352
198 0.732394
199 0.725352
200 0.704225
201 0.704225
202 0.704225
203 0.704225
204 0.704225
205 0.704225
206 0.704225
207 0.704225
208 0.704225
209 0.704225
210 0.697183
211 0.697183
212 0.697183
213 0.704225
214 0.704225
215 0.697183
216 0.704225
217 0.697183
218 0.697183
219 0.697183
220 0.697183
221 0.697183
222 0.697183
223 0.697183
224 0.697183
225 0.697183
226 0.704225
227 0.697183
228 0.697183
229 0.704225
230 0.704225
231 0.697183
232 0.697183
233 0.697183
234 0.697183
235 0.697183
236 0.697183
237 0.697183
238 0.697183
239 0.697183
240 0.697183
241 0.697183
242 0.697183
243 0.697183
244 0.697183
245 0.704225
246 0.697183
247 0.697183
248 0.697183
249 0.697183
250 0.739437
251 0.739437
252 0.739437
253 0.739437
254 0.739437
255 0.739437
256 0.739437
257 0.739437
258 0.739437
259 0.739437
260 0.732394
261 0.732394
262 0.732394
263 0.739437
264 0.732394
265 0.732394
266 0.739437
267 0.732394
268 0.732394
269 0.732394
270 0.732394
271 0.732394
272 0.732394
273 0.732394
274 0.732394
275 0.732394
276 0.732394
277 0.732394
278 0.732394
279 0.732394
280 0.732394
281 0.739437
282 0.732394
283 0.732394
284 0.732394
285 0.739437
286 0.732394
287 0.739437
288 0.732394
289 0.732394
290 0.739437
291 0.739437
292 0.732394
293 0.732394
294 0.732394
295 0.732394
296 0.732394
297 0.739437
298 0.732394
299 0.732394
300 0.746479
301 0.746479
302 0.746479
303 0.746479
304 0.746479
305 0.746479
306 0.746479
307 0.746479
308 0.746479
309 0.746479
310 0.739437
311 0.739437
312 0.739437
313 0.739437
314 0.739437
315 0.739437
316 0.739437
317 0.739437
318 0.746479
319 0.746479
320 0.739437
321 0.739437
322 0.739437
323 0.739437
324 0.746479
325 0.746479
326 0.739437
327 0.739437
328 0.739437
329 0.746479
330 0.746479
331 0.739437
332 0.739437
333 0.739437
334 0.739437
335 0.739437
336 0.739437
337 0.739437
338 0.739437
339 0.739437
340 0.739437
341 0.739437
342 0.739437
343 0.739437
344 0.739437
345 0.739437
346 0.739437
347 0.739437
348 0.739437
349 0.739437
350 0.781690
351 0.781690
352 0.781690
353 0.781690
354 0.781690
355 0.781690
356 0.781690
357 0.781690
358 0.781690
359 0.781690
360 0.781690
361 0.774648
362 0.774648
363 0.774648
364 0.774648
365 0.774648
366 0.781690
367 0.781690
368 0.774648
369 0.774648
370 0.774648
371 0.774648
372 0.781690
373 0.774648
374 0.774648
375 0.781690
376 0.781690
377 0.774648
378 0.774648
379 0.774648
380 0.774648
381 0.781690
382 0.781690
383 0.781690
384 0.774648
385 0.774648
386 0.774648
387 0.774648
388 0.774648
389 0.774648
390 0.774648
391 0.774648
392 0.774648
393 0.774648
394 0.774648
395 0.781690
396 0.774648
397 0.774648
398 0.774648
399 0.774648
400 0.732394
401 0.732394
402 0.732394
403 0.732394
404 0.732394
405 0.732394
406 0.732394
407 0.732394
408 0.732394
409 0.732394
410 0.732394
411 0.718310
412 0.725352
413 0.725352
414 0.711268
415 0.725352
416 0.711268
417 0.725352
418 0.718310
419 0.725352
420 0.711268
421 0.704225
422 0.711268
423 0.704225
424 0.704225
425 0.711268
426 0.718310
427 0.711268
428 0.711268
429 0.711268
430 0.711268
431 0.718310
432 0.711268
433 0.711268
434 0.704225
435 0.711268
436 0.718310
437 0.704225
438 0.711268
439 0.718310
440 0.718310
441 0.711268
442 0.711268
443 0.704225
444 0.732394
445 0.725352
446 0.711268
447 0.711268
448 0.711268
449 0.711268
450 0.767606
451 0.767606
452 0.760563
453 0.753521
454 0.746479
455 0.753521
456 0.753521
457 0.753521
458 0.753521
459 0.767606
460 0.767606
461 0.767606
462 0.753521
463 0.767606
464 0.760563
465 0.767606
466 0.760563
467 0.760563
468 0.767606
469 0.760563
470 0.760563
471 0.760563
472 0.760563
473 0.760563
474 0.760563
475 0.767606
476 0.760563
477 0.760563
478 0.760563
479 0.760563
480 0.767606
481 0.760563
482 0.767606
483 0.767606
484 0.760563
485 0.760563
486 0.767606
487 0.760563
488 0.760563
489 0.767606
490 0.767606
491 0.760563
492 0.760563
493 0.767606
494 0.760563
495 0.760563
496 0.767606
497 0.753521
498 0.767606
499 0.767606
500 0.816901
501 0.816901
502 0.809859
503 0.816901
504 0.816901
505 0.802817
506 0.802817
507 0.802817
508 0.816901
509 0.809859
510 0.816901
511 0.816901
512 0.816901
513 0.816901
514 0.816901
515 0.816901
516 0.816901
517 0.816901
518 0.816901
519 0.816901
520 0.816901
521 0.816901
522 0.816901
523 0.816901
524 0.816901
525 0.816901
526 0.816901
527 0.816901
528 0.816901
529 0.816901
530 0.816901
531 0.809859
532 0.816901
533 0.809859
534 0.802817
535 0.816901
536 0.816901
537 0.816901
538 0.816901
539 0.809859
540 0.802817
541 0.809859
542 0.816901
543 0.816901
544 0.802817
545 0.816901
546 0.816901
547 0.816901
548 0.816901
549 0.809859
550 0.739437
551 0.739437
552 0.739437
553 0.739437
554 0.739437
555 0.739437
556 0.739437
557 0.739437
558 0.739437
559 0.739437
560 0.739437
561 0.739437
562 0.739437
563 0.739437
564 0.739437
565 0.739437
566 0.739437
567 0.739437
568 0.739437
569 0.739437
570 0.732394
571 0.739437
572 0.739437
573 0.732394
574 0.732394
575 0.732394
576 0.732394
577 0.739437
578 0.739437
579 0.739437
580 0.739437
581 0.739437
582 0.739437
583 0.739437
584 0.739437
585 0.739437
586 0.739437
587 0.739437
588 0.739437
589 0.739437
590 0.732394
591 0.739437
592 0.739437
593 0.739437
594 0.739437
595 0.739437
596 0.739437
597 0.739437
598 0.739437
599 0.739437
600 0.809859
601 0.809859
602 0.809859
603 0.809859
604 0.809859
605 0.802817
606 0.802817
607 0.802817
608 0.809859
609 0.809859
610 0.809859
611 0.809859
612 0.795775
613 0.795775
614 0.795775
615 0.795775
616 0.809859
617 0.809859
618 0.809859
619 0.669014
620 0.809859
621 0.809859
622 0.809859
623 0.788732
624 0.802817
625 0.795775
626 0.802817
627 0.802817
628 0.795775
629 0.802817
630 0.802817
631 0.795775
632 0.795775
633 0.795775
634 0.802817
635 0.795775
636 0.802817
637 0.802817
638 0.802817
639 0.802817
640 0.802817
641 0.802817
642 0.802817
643 0.802817
644 0.802817
645 0.802817
646 0.802817
647 0.802817
648 0.802817
649 0.802817
650 0.767606
651 0.767606
652 0.767606
653 0.767606
654 0.767606
655 0.767606
656 0.760563
657 0.767606
658 0.767606
659 0.767606
660 0.753521
661 0.767606
662 0.760563
663 0.767606
664 0.767606
665 0.767606
666 0.767606
667 0.767606
668 0.753521
669 0.767606
670 0.760563
671 0.767606
672 0.767606
673 0.760563
674 0.767606
675 0.767606
676 0.767606
677 0.767606
678 0.767606
679 0.767606
680 0.767606
681 0.767606
682 0.767606
683 0.767606
684 0.767606
685 0.767606
686 0.767606
687 0.767606
688 0.767606
689 0.767606
690 0.767606
691 0.767606
692 0.767606
693 0.767606
694 0.767606
695 0.767606
696 0.767606
697 0.767606
698 0.767606
699 0.767606
700 0.697183
701 0.697183
702 0.697183
703 0.697183
704 0.697183
705 0.697183
706 0.697183
707 0.697183
708 0.697183
709 0.697183
710 0.697183
711 0.697183
712 0.697183
713 0.697183
714 0.697183
715 0.697183
716 0.697183
717 0.697183
718 0.697183
719 0.697183
720 0.697183
721 0.697183
722 0.697183
723 0.697183
724 0.697183
725 0.697183
726 0.697183
727 0.690141
728 0.690141
729 0.683099
730 0.683099
731 0.683099
732 0.683099
733 0.690141
734 0.683099
735 0.683099
736 0.697183
737 0.697183
738 0.697183
739 0.697183
740 0.690141
741 0.697183
742 0.690141
743 0.697183
744 0.697183
745 0.697183
746 0.697183
747 0.690141
748 0.690141
749 0.697183
750 0.704225
751 0.704225
752 0.704225
753 0.697183
754 0.704225
755 0.704225
756 0.704225
757 0.704225
758 0.704225
759 0.697183
760 0.697183
761 0.697183
762 0.704225
763 0.704225
764 0.697183
765 0.704225
766 0.697183
767 0.697183
768 0.704225
769 0.697183
770 0.704225
771 0.704225
772 0.704225
773 0.704225
774 0.704225
775 0.704225
776 0.704225
777 0.704225
778 0.704225
779 0.704225
780 0.704225
781 0.704225
782 0.704225
783 0.704225
784 0.704225
785 0.704225
786 0.697183
787 0.704225
788 0.697183
789 0.704225
790 0.704225
791 0.704225
792 0.704225
793 0.704225
794 0.704225
795 0.704225
796 0.704225
797 0.704225
798 0.704225
799 0.704225
800 0.802817
801 0.802817
802 0.802817
803 0.802817
804 0.795775
805 0.802817
806 0.795775
807 0.802817
808 0.802817
809 0.802817
810 0.795775
811 0.802817
812 0.802817
813 0.788732
814 0.802817
815 0.802817
816 0.802817
817 0.802817
818 0.802817
819 0.802817
820 0.802817
821 0.802817
822 0.802817
823 0.802817
824 0.802817
825 0.802817
826 0.802817
827 0.802817
828 0.802817
829 0.802817
830 0.802817
831 0.802817
832 0.802817
833 0.802817
834 0.802817
835 0.802817
836 0.802817
837 0.802817
838 0.802817
839 0.802817
840 0.802817
841 0.802817
842 0.802817
843 0.802817
844 0.802817
845 0.802817
846 0.802817
847 0.802817
848 0.802817
849 0.802817
850 0.774648
851 0.774648
852 0.767606
853 0.774648
854 0.774648
855 0.767606
856 0.767606
857 0.774648
858 0.767606
859 0.767606
860 0.774648
861 0.774648
862 0.774648
863 0.774648
864 0.774648
865 0.774648
866 0.774648
867 0.767606
868 0.767606
869 0.767606
870 0.767606
871 0.767606
872 0.767606
873 0.767606
874 0.767606
875 0.767606
876 0.767606
877 0.760563
878 0.767606
879 0.760563
880 0.760563
881 0.774648
882 0.767606
883 0.760563
884 0.760563
885 0.760563
886 0.767606
887 0.767606
888 0.760563
889 0.760563
890 0.767606
891 0.760563
892 0.774648
893 0.760563
894 0.753521
895 0.774648
896 0.767606
897 0.774648
898 0.774648
899 0.767606
900 0.746479
901 0.746479
902 0.746479
903 0.746479
904 0.739437
905 0.746479
906 0.739437
907 0.739437
908 0.746479
909 0.739437
910 0.739437
911 0.746479
912 0.739437
913 0.746479
914 0.746479
915 0.739437
916 0.746479
917 0.746479
918 0.746479
919 0.732394
920 0.732394
921 0.746479
922 0.732394
923 0.732394
924 0.739437
925 0.732394
926 0.732394
927 0.732394
928 0.732394
929 0.732394
930 0.739437
931 0.746479
932 0.746479
933 0.739437
934 0.739437
935 0.739437
936 0.739437
937 0.739437
938 0.739437
939 0.746479
940 0.739437
941 0.739437
942 0.739437
943 0.739437
944 0.746479
945 0.746479
946 0.746479
947 0.739437
948 0.746479
949 0.739437
950 0.739437
951 0.739437
952 0.739437
953 0.732394
954 0.739437
955 0.732394
956 0.739437
957 0.732394
958 0.732394
959 0.732394
960 0.739437
961 0.732394
962 0.732394
963 0.739437
964 0.739437
965 0.739437
966 0.732394
967 0.739437
968 0.725352
969 0.732394
970 0.725352
971 0.725352
972 0.739437
973 0.739437
974 0.739437
975 0.739437
976 0.739437
977 0.739437
978 0.739437
979 0.739437
980 0.739437
981 0.739437
982 0.739437
983 0.739437
984 0.739437
985 0.739437
986 0.739437
987 0.739437
988 0.739437
989 0.739437
990 0.739437
991 0.739437
992 0.739437
993 0.739437
994 0.739437
995 0.739437
996 0.739437
997 0.739437
998 0.739437
999 0.739437
1000 0.605634
1001 0.605634
1002 0.605634
1003 0.605634
1004 0.605634
1005 0.605634
1006 0.605634
1007 0.605634
1008 0.605634
1009 0.605634
1010 0.605634
1011 0.605634
1012 0.605634
1013 0.605634
1014 0.605634
1015 0.605634
1016 0.605634
1017 0.605634
1018 0.598592
1019 0.598592
1020 0.598592
1021 0.598592
1022 0.598592
1023 0.605634
1024 0.598592
1025 0.598592
1026 0.598592
1027 0.598592
1028 0.605634
1029 0.598592
1030 0.598592
1031 0.598592
1032 0.605634
1033 0.598592
1034 0.598592
1035 0.605634
1036 0.598592
1037 0.605634
1038 0.598592
1039 0.598592
1040 0.605634
1041 0.605634
1042 0.605634
1043 0.605634
1044 0.605634
1045 0.598592
1046 0.605634
1047 0.598592
1048 0.605634
1049 0.605634
1050 0.746479
1051 0.746479
1052 0.739437
1053 0.746479
1054 0.739437
1055 0.746479
1056 0.739437
1057 0.739437
1058 0.746479
1059 0.746479
1060 0.739437
1061 0.746479
1062 0.739437
1063 0.739437
1064 0.739437
1065 0.739437
1066 0.739437
1067 0.739437
1068 0.739437
1069 0.739437
1070 0.739437
1071 0.739437
1072 0.739437
1073 0.746479
1074 0.746479
1075 0.739437
1076 0.739437
1077 0.739437
1078 0.739437
1079 0.746479
1080 0.739437
1081 0.739437
1082 0.739437
1083 0.739437
1084 0.739437
1085 0.739437
1086 0.739437
1087 0.746479
1088 0.739437
1089 0.739437
1090 0.746479
1091 0.746479
1092 0.746479
1093 0.739437
1094 0.746479
1095 0.746479
1096 0.746479
1097 0.739437
1098 0.739437
1099 0.739437
1100 0.838028
1101 0.838028
1102 0.830986
1103 0.838028
1104 0.838028
1105 0.838028
1106 0.838028
1107 0.838028
1108 0.838028
1109 0.830986
1110 0.838028
1111 0.830986
1112 0.838028
1113 0.823944
1114 0.838028
1115 0.838028
1116 0.838028
1117 0.838028
1118 0.838028
1119 0.838028
1120 0.838028
1121 0.830986
1122 0.838028
1123 0.830986
1124 0.838028
1125 0.838028
1126 0.838028
1127 0.830986
1128 0.838028
1129 0.838028
1130 0.838028
1131 0.838028
1132 0.838028
1133 0.830986
1134 0.838028
1135 0.838028
1136 0.830986
1137 0.838028
1138 0.830986
1139 0.838028
1140 0.838028
1141 0.838028
1142 0.838028
1143 0.838028
1144 0.823944
1145 0.838028
1146 0.838028
1147 0.830986
1148 0.838028
1149 0.838028
1150 0.774648
1151 0.774648
1152 0.774648
1153 0.774648
1154 0.767606
1155 0.774648
1156 0.774648
1157 0.767606
1158 0.774648
1159 0.767606
1160 0.774648
1161 0.774648
1162 0.774648
1163 0.767606
1164 0.760563
1165 0.774648
1166 0.774648
1167 0.774648
1168 0.774648
1169 0.774648
1170 0.774648
1171 0.767606
1172 0.774648
1173 0.767606
1174 0.774648
1175 0.767606
1176 0.774648
1177 0.767606
1178 0.774648
1179 0.767606
1180 0.774648
1181 0.767606
1182 0.774648
1183 0.774648
1184 0.774648
1185 0.767606
1186 0.774648
1187 0.774648
1188 0.774648
1189 0.767606
1190 0.774648
1191 0.774648
1192 0.774648
1193 0.774648
1194 0.767606
1195 0.774648
1196 0.767606
1197 0.774648
1198 0.774648
1199 0.767606
1200 0.788732
1201 0.788732
1202 0.788732
1203 0.788732
1204 0.788732
1205 0.788732
1206 0.788732
1207 0.788732
1208 0.788732
1209 0.788732
1210 0.788732
1211 0.788732
1212 0.788732
1213 0.788732
1214 0.788732
1215 0.788732
1216 0.788732
1217 0.788732
1218 0.788732
1219 0.788732
1220 0.781690
1221 0.781690
1222 0.781690
1223 0.781690
1224 0.781690
1225 0.781690
1226 0.781690
1227 0.781690
1228 0.781690
1229 0.781690
1230 0.781690
1231 0.781690
1232 0.781690
1233 0.781690
1234 0.781690
1235 0.781690
1236 0.781690
1237 0.781690
1238 0.781690
1239 0.781690
1240 0.781690
1241 0.781690
1242 0.781690
1243 0.781690
1244 0.781690
1245 0.781690
1246 0.781690
1247 0.781690
1248 0.781690
1249 0.781690
1250 0.795775
1251 0.795775
1252 0.788732
1253 0.788732
1254 0.795775
1255 0.795775
1256 0.788732
1257 0.795775
1258 0.795775
1259 0.795775
1260 0.795775
1261 0.795775
1262 0.795775
1263 0.795775
1264 0.795775
1265 0.795775
1266 0.788732
1267 0.795775
1268 0.795775
1269 0.795775
1270 0.788732
1271 0.788732
1272 0.788732
1273 0.788732
1274 0.788732
1275 0.788732
1276 0.788732
1277 0.795775
1278 0.795775
1279 0.795775
1280 0.795775
1281 0.795775
1282 0.795775
1283 0.795775
1284 0.795775
1285 0.795775
1286 0.788732
1287 0.788732
1288 0.795775
1289 0.795775
1290 0.795775
1291 0.795775
1292 0.795775
1293 0.795775
1294 0.795775
1295 0.795775
1296 0.795775
1297 0.795775
1298 0.795775
1299 0.795775
1300 0.767606
1301 0.767606
1302 0.767606
1303 0.767606
1304 0.760563
1305 0.767606
1306 0.767606
1307 0.767606
1308 0.760563
1309 0.760563
1310 0.767606
1311 0.760563
1312 0.767606
1313 0.760563
1314 0.767606
1315 0.767606
1316 0.760563
1317 0.767606
1318 0.767606
1319 0.760563
1320 0.767606
1321 0.760563
1322 0.767606
1323 0.760563
1324 0.767606
1325 0.767606
1326 0.767606
1327 0.767606
1328 0.767606
1329 0.767606
1330 0.767606
1331 0.767606
1332 0.767606
1333 0.767606
1334 0.767606
1335 0.760563
1336 0.760563
1337 0.760563
1338 0.760563
1339 0.767606
1340 0.760563
1341 0.760563
1342 0.760563
1343 0.760563
1344 0.760563
1345 0.760563
1346 0.760563
1347 0.760563
1348 0.760563
1349 0.760563
1350 0.704225
1351 0.704225
1352 0.704225
1353 0.704225
1354 0.704225
1355 0.704225
1356 0.704225
1357 0.704225
1358 0.704225
1359 0.704225
1360 0.704225
1361 0.704225
1362 0.704225
1363 0.704225
1364 0.704225
1365 0.704225
1366 0.704225
1367 0.704225
1368 0.704225
1369 0.704225
1370 0.704225
1371 0.704225
1372 0.704225
1373 0.704225
1374 0.704225
1375 0.704225
1376 0.704225
1377 0.704225
1378 0.704225
1379 0.704225
1380 0.704225
1381 0.704225
1382 0.704225
1383 0.704225
1384 0.704225
1385 0.704225
1386 0.704225
1387 0.704225
1388 0.704225
1389 0.704225
1390 0.704225
1391 0.704225
1392 0.704225
1393 0.704225
1394 0.704225
1395 0.704225
1396 0.704225
1397 0.704225
1398 0.704225
1399 0.704225
1400 0.690141
1401 0.690141
1402 0.690141
1403 0.683099
1404 0.683099
1405 0.683099
1406 0.683099
1407 0.683099
1408 0.683099
1409 0.683099
1410 0.690141
1411 0.683099
1412 0.690141
1413 0.683099
1414 0.683099
1415 0.683099
1416 0.683099
1417 0.690141
1418 0.683099
1419 0.683099
1420 0.683099
1421 0.683099
1422 0.683099
1423 0.683099
1424 0.683099
1425 0.683099
1426 0.683099
1427 0.683099
1428 0.683099
1429 0.683099
1430 0.683099
1431 0.683099
1432 0.690141
1433 0.690141
1434 0.690141
1435 0.690141
1436 0.690141
1437 0.683099
1438 0.683099
1439 0.683099
1440 0.690141
1441 0.683099
1442 0.690141
1443 0.690141
1444 0.683099
1445 0.683099
1446 0.690141
1447 0.683099
1448 0.683099
1449 0.690141
1450 0.647887
1451 0.647887
1452 0.647887
1453 0.647887
1454 0.647887
1455 0.647887
1456 0.647887
1457 0.647887
1458 0.633803
1459 0.647887
1460 0.647887
1461 0.640845
1462 0.647887
1463 0.640845
1464 0.647887
1465 0.640845
1466 0.647887
1467 0.640845
1468 0.647887
1469 0.647887
1470 0.647887
1471 0.647887
1472 0.640845
1473 0.640845
1474 0.647887
1475 0.647887
1476 0.647887
1477 0.647887
1478 0.647887
1479 0.647887
1480 0.647887
1481 0.647887
1482 0.647887
1483 0.647887
1484 0.647887
1485 0.647887
1486 0.647887
1487 0.647887
1488 0.647887
1489 0.647887
1490 0.647887
1491 0.647887
1492 0.647887
1493 0.647887
1494 0.647887
1495 0.647887
1496 0.647887
1497 0.647887
1498 0.647887
1499 0.647887
1500 0.760563
1501 0.760563
1502 0.760563
1503 0.760563
1504 0.760563
1505 0.760563
1506 0.760563
1507 0.760563
1508 0.760563
1509 0.760563
1510 0.760563
1511 0.760563
1512 0.760563
1513 0.760563
1514 0.760563
1515 0.760563
1516 0.753521
1517 0.760563
1518 0.753521
1519 0.760563
1520 0.753521
1521 0.760563
1522 0.760563
1523 0.753521
1524 0.753521
1525 0.753521
1526 0.753521
1527 0.753521
1528 0.760563
1529 0.760563
1530 0.760563
1531 0.760563
1532 0.760563
1533 0.753521
1534 0.753521
1535 0.753521
1536 0.760563
1537 0.760563
1538 0.753521
1539 0.753521
1540 0.760563
1541 0.753521
1542 0.753521
1543 0.753521
1544 0.760563
1545 0.760563
1546 0.760563
1547 0.760563
1548 0.760563
1549 0.753521
1550 0.852113
1551 0.852113
1552 0.852113
1553 0.852113
1554 0.852113
1555 0.852113
1556 0.852113
1557 0.852113
1558 0.852113
1559 0.852113
1560 0.852113
1561 0.852113
1562 0.852113
1563 0.852113
1564 0.852113
1565 0.838028
1566 0.838028
1567 0.838028
1568 0.852113
1569 0.845070
1570 0.838028
1571 0.852113
1572 0.845070
1573 0.852113
1574 0.852113
1575 0.852113
1576 0.852113
1577 0.852113
1578 0.852113
1579 0.852113
1580 0.852113
1581 0.852113
1582 0.845070
1583 0.845070
1584 0.852113
1585 0.845070
1586 0.852113
1587 0.838028
1588 0.845070
1589 0.845070
1590 0.838028
1591 0.845070
1592 0.838028
1593 0.845070
1594 0.838028
1595 0.845070
1596 0.838028
1597 0.845070
1598 0.852113
1599 0.845070
1600 0.795775
1601 0.795775
1602 0.795775
1603 0.795775
1604 0.795775
1605 0.795775
1606 0.795775
1607 0.795775
1608 0.795775
1609 0.795775
1610 0.795775
1611 0.795775
1612 0.795775
1613 0.795775
1614 0.795775
1615 0.795775
1616 0.795775
1617 0.795775
1618 0.795775
1619 0.795775
1620 0.795775
1621 0.788732
1622 0.788732
1623 0.795775
1624 0.795775
1625 0.795775
1626 0.795775
1627 0.795775
1628 0.795775
1629 0.795775
1630 0.795775
1631 0.795775
1632 0.795775
1633 0.795775
1634 0.795775
1635 0.795775
1636 0.795775
1637 0.795775
1638 0.795775
1639 0.795775
1640 0.795775
1641 0.795775
1642 0.795775
1643 0.795775
1644 0.795775
1645 0.795775
1646 0.795775
1647 0.795775
1648 0.795775
1649 0.795775
1650 0.711268
1651 0.711268
1652 0.711268
1653 0.711268
1654 0.711268
1655 0.711268
1656 0.711268
1657 0.711268
1658 0.711268
1659 0.711268
1660 0.711268
1661 0.711268
1662 0.711268
1663 0.711268
1664 0.711268
1665 0.704225
1666 0.704225
1667 0.711268
1668 0.697183
1669 0.704225
1670 0.711268
1671 0.697183
1672 0.711268
1673 0.697183
1674 0.704225
1675 0.697183
1676 0.697183
1677 0.697183
1678 0.697183
1679 0.697183
1680 0.704225
1681 0.711268
1682 0.711268
1683 0.711268
1684 0.704225
1685 0.711268
1686 0.704225
1687 0.711268
1688 0.711268
1689 0.711268
1690 0.711268
1691 0.711268
1692 0.711268
1693 0.711268
1694 0.711268
1695 0.704225
1696 0.711268
1697 0.704225
1698 0.711268
1699 0.704225
1700 0.676056
1701 0.676056
1702 0.676056
1703 0.676056
1704 0.669014
1705 0.676056
1706 0.676056
1707 0.669014
1708 0.669014
1709 0.669014
1710 0.676056
1711 0.669014
1712 0.676056
1713 0.669014
1714 0.676056
1715 0.676056
1716 0.676056
1717 0.669014
1718 0.669014
1719 0.676056
1720 0.676056
1721 0.676056
1722 0.676056
1723 0.676056
1724 0.676056
1725 0.676056
1726 0.676056
1727 0.676056
1728 0.669014
1729 0.676056
1730 0.676056
1731 0.676056
1732 0.676056
1733 0.676056
1734 0.676056
1735 0.676056
1736 0.676056
1737 0.676056
1738 0.676056
1739 0.676056
1740 0.676056
1741 0.676056
1742 0.676056
1743 0.676056
1744 0.676056
1745 0.676056
1746 0.676056
1747 0.676056
1748 0.676056
1749 0.676056
1750 0.852113
1751 0.852113
1752 0.852113
1753 0.852113
1754 0.852113
1755 0.852113
1756 0.852113
1757 0.852113
1758 0.852113
1759 0.852113
1760 0.852113
1761 0.852113
1762 0.852113
1763 0.852113
1764 0.852113
1765 0.852113
1766 0.852113
1767 0.852113
1768 0.852113
1769 0.852113
1770 0.845070
1771 0.852113
1772 0.852113
1773 0.852113
1774 0.852113
1775 0.852113
1776 0.852113
1777 0.852113
1778 0.852113
1779 0.852113
1780 0.852113
1781 0.852113
1782 0.852113
1783 0.852113
1784 0.852113
1785 0.852113
1786 0.852113
1787 0.852113
1788 0.852113
1789 0.852113
1790 0.852113
1791 0.845070
1792 0.845070
1793 0.838028
1794 0.838028
1795 0.845070
1796 0.845070
1797 0.845070
1798 0.845070
1799 0.845070
1800 0.816901
1801 0.816901
1802 0.816901
1803 0.816901
1804 0.816901
1805 0.816901
1806 0.816901
1807 0.816901
1808 0.816901
1809 0.816901
1810 0.816901
1811 0.816901
1812 0.816901
1813 0.816901
1814 0.802817
1815 0.802817
1816 0.816901
1817 0.816901
1818 0.816901
1819 0.816901
1820 0.816901
1821 0.809859
1822 0.809859
1823 0.809859
1824 0.809859
1825 0.816901
1826 0.816901
1827 0.816901
1828 0.816901
1829 0.809859
1830 0.816901
1831 0.816901
1832 0.809859
1833 0.816901
1834 0.816901
1835 0.816901
1836 0.816901
1837 0.816901
1838 0.816901
1839 0.816901
1840 0.816901
1841 0.816901
1842 0.816901
1843 0.816901
1844 0.816901
1845 0.816901
1846 0.816901
1847 0.816901
1848 0.816901
1849 0.816901
1850 0.760563
1851 0.760563
1852 0.760563
1853 0.760563
1854 0.753521
1855 0.753521
1856 0.760563
1857 0.760563
1858 0.760563
1859 0.760563
1860 0.760563
1861 0.760563
1862 0.760563
1863 0.760563
1864 0.753521
1865 0.753521
1866 0.760563
1867 0.746479
1868 0.760563
1869 0.753521
1870 0.760563
1871 0.760563
1872 0.760563
1873 0.760563
1874 0.760563
1875 0.760563
1876 0.760563
1877 0.760563
1878 0.746479
1879 0.753521
1880 0.760563
1881 0.753521
1882 0.746479
1883 0.753521
1884 0.760563
1885 0.753521
1886 0.746479
1887 0.760563
1888 0.760563
1889 0.746479
1890 0.760563
1891 0.760563
1892 0.760563
1893 0.760563
1894 0.760563
1895 0.753521
1896 0.753521
1897 0.760563
1898 0.760563
1899 0.760563
1900 0.774648
1901 0.774648
1902 0.774648
1903 0.774648
1904 0.774648
1905 0.774648
1906 0.767606
1907 0.774648
1908 0.767606
1909 0.767606
1910 0.767606
1911 0.767606
1912 0.774648
1913 0.767606
1914 0.767606
1915 0.760563
1916 0.760563
1917 0.760563
1918 0.760563
1919 0.760563
1920 0.760563
1921 0.760563
1922 0.767606
1923 0.760563
1924 0.767606
1925 0.760563
1926 0.767606
1927 0.760563
1928 0.760563
1929 0.767606
1930 0.767606
1931 0.767606
1932 0.760563
1933 0.760563
1934 0.774648
1935 0.760563
1936 0.774648
1937 0.767606
1938 0.767606
1939 0.774648
1940 0.774648
1941 0.767606
1942 0.774648
1943 0.774648
1944 0.767606
1945 0.774648
1946 0.767606
1947 0.774648
1948 0.767606
1949 0.774648
1950 0.739437
1951 0.739437
1952 0.739437
1953 0.739437
1954 0.739437
1955 0.732394
1956 0.739437
1957 0.739437
1958 0.739437
1959 0.739437
1960 0.739437
1961 0.739437
1962 0.739437
1963 0.739437
1964 0.739437
1965 0.739437
1966 0.739437
1967 0.739437
1968 0.739437
1969 0.739437
1970 0.739437
1971 0.739437
1972 0.739437
1973 0.739437
1974 0.739437
1975 0.739437
1976 0.739437
1977 0.739437
1978 0.739437
1979 0.739437
1980 0.739437
1981 0.739437
1982 0.732394
1983 0.732394
1984 0.739437
1985 0.739437
1986 0.732394
1987 0.732394
1988 0.739437
1989 0.739437
1990 0.739437
1991 0.739437
1992 0.732394
1993 0.732394
1994 0.739437
1995 0.739437
1996 0.732394
1997 0.739437
1998 0.732394
1999 0.732394
2000 0.823944
2001 0.823944
2002 0.823944
2003 0.823944
2004 0.823944
2005 0.823944
2006 0.823944
2007 0.823944
2008 0.816901
2009 0.823944
2010 0.823944
2011 0.823944
2012 0.816901
2013 0.823944
2014 0.823944
2015 0.823944
2016 0.823944
2017 0.823944
2018 0.823944
2019 0.823944
2020 0.816901
2021 0.823944
2022 0.823944
2023 0.823944
2024 0.823944
2025 0.823944
2026 0.823944
2027 0.823944
2028 0.823944
2029 0.823944
2030 0.823944
2031 0.823944
2032 0.823944
2033 0.823944
2034 0.823944
2035 0.823944
2036 0.823944
2037 0.823944
2038 0.823944
2039 0.823944
2040 0.823944
2041 0.823944
2042 0.816901
2043 0.823944
2044 0.816901
2045 0.823944
2046 0.816901
2047 0.823944
2048 0.816901
2049 0.823944
2050 0.845070
2051 0.845070
2052 0.845070
2053 0.845070
2054 0.838028
2055 0.830986
2056 0.845070
2057 0.838028
2058 0.838028
2059 0.838028
2060 0.845070
2061 0.838028
2062 0.845070
2063 0.845070
2064 0.838028
2065 0.845070
2066 0.845070
2067 0.845070
2068 0.845070
2069 0.845070
2070 0.845070
2071 0.845070
2072 0.845070
2073 0.845070
2074 0.845070
2075 0.845070
2076 0.845070
2077 0.838028
2078 0.845070
2079 0.838028
2080 0.838028
2081 0.845070
2082 0.845070
2083 0.845070
2084 0.845070
2085 0.845070
2086 0.845070
2087 0.845070
2088 0.845070
2089 0.845070
2090 0.845070
2091 0.845070
2092 0.845070
2093 0.845070
2094 0.845070
2095 0.845070
2096 0.845070
2097 0.838028
2098 0.838028
2099 0.838028
2100 0.767606
2101 0.767606
2102 0.767606
2103 0.767606
2104 0.753521
2105 0.753521
2106 0.767606
2107 0.767606
2108 0.767606
2109 0.767606
2110 0.767606
2111 0.767606
2112 0.767606
2113 0.767606
2114 0.753521
2115 0.767606
2116 0.760563
2117 0.753521
2118 0.753521
2119 0.753521
2120 0.753521
2121 0.753521
2122 0.753521
2123 0.753521
2124 0.753521
2125 0.753521
2126 0.767606
2127 0.767606
2128 0.767606
2129 0.760563
2130 0.760563
2131 0.767606
2132 0.767606
2133 0.767606
2134 0.767606
2135 0.760563
2136 0.767606
2137 0.760563
2138 0.767606
2139 0.767606
2140 0.767606
2141 0.767606
2142 0.767606
2143 0.767606
2144 0.767606
2145 0.767606
2146 0.767606
2147 0.767606
2148 0.767606
2149 0.767606
2150 0.732394
2151 0.732394
2152 0.732394
2153 0.725352
2154 0.725352
2155 0.732394
2156 0.732394
2157 0.725352
2158 0.732394
2159 0.732394
2160 0.732394
2161 0.732394
2162 0.725352
2163 0.725352
2164 0.732394
2165 0.725352
2166 0.725352
2167 0.732394
2168 0.725352
2169 0.725352
2170 0.725352
2171 0.732394
2172 0.725352
2173 0.725352
2174 0.732394
2175 0.725352
2176 0.725352
2177 0.725352
2178 0.725352
2179 0.732394
2180 0.725352
2181 0.725352
2182 0.725352
2183 0.725352
2184 0.725352
2185 0.725352
2186 0.725352
2187 0.725352
2188 0.725352
2189 0.725352
2190 0.725352
2191 0.725352
2192 0.732394
2193 0.725352
2194 0.725352
2195 0.732394
2196 0.732394
2197 0.732394
2198 0.725352
2199 0.725352
2200 0.711268
2201 0.711268
2202 0.711268
2203 0.711268
2204 0.711268
2205 0.711268
2206 0.711268
2207 0.711268
2208 0.711268
2209 0.711268
2210 0.711268
2211 0.711268
2212 0.711268
2213 0.704225
2214 0.704225
2215 0.704225
2216 0.704225
2217 0.704225
2218 0.704225
2219 0.704225
2220 0.704225
2221 0.704225
2222 0.704225
2223 0.704225
2224 0.704225
2225 0.704225
2226 0.711268
2227 0.704225
2228 0.704225
2229 0.704225
2230 0.704225
2231 0.704225
2232 0.704225
2233 0.704225
2234 0.704225
2235 0.711268
2236 0.704225
2237 0.704225
2238 0.704225
2239 0.704225
2240 0.704225
2241 0.704225
2242 0.704225
2243 0.704225
2244 0.704225
2245 0.704225
2246 0.704225
2247 0.704225
2248 0.704225
2249 0.711268
2250 0.711268
2251 0.711268
2252 0.711268
2253 0.711268
2254 0.711268
2255 0.711268
2256 0.711268
2257 0.711268
2258 0.711268
2259 0.711268
2260 0.711268
2261 0.711268
2262 0.704225
2263 0.704225
2264 0.704225
2265 0.704225
2266 0.704225
2267 0.704225
2268 0.704225
2269 0.704225
2270 0.704225
2271 0.704225
2272 0.704225
2273 0.704225
2274 0.711268
2275 0.704225
2276 0.704225
2277 0.704225
2278 0.704225
2279 0.711268
2280 0.704225
2281 0.704225
2282 0.704225
2283 0.704225
2284 0.704225
2285 0.704225
2286 0.704225
2287 0.711268
2288 0.704225
2289 0.704225
2290 0.704225
2291 0.711268
2292 0.704225
2293 0.704225
2294 0.704225
2295 0.704225
2296 0.704225
2297 0.711268
2298 0.704225
2299 0.704225
2300 0.697183
2301 0.697183
2302 0.697183
2303 0.697183
2304 0.697183
2305 0.697183
2306 0.697183
2307 0.697183
2308 0.697183
2309 0.697183
2310 0.697183
2311 0.697183
2312 0.697183
2313 0.697183
2314 0.697183
2315 0.697183
2316 0.697183
2317 0.697183
2318 0.697183
2319 0.697183
2320 0.697183
2321 0.697183
2322 0.697183
2323 0.697183
2324 0.697183
2325 0.697183
2326 0.697183
2327 0.697183
2328 0.697183
2329 0.697183
2330 0.697183
2331 0.697183
2332 0.697183
2333 0.697183
2334 0.697183
2335 0.697183
2336 0.697183
2337 0.697183
2338 0.697183
2339 0.697183
2340 0.697183
2341 0.697183
2342 0.697183
2343 0.697183
2344 0.697183
2345 0.697183
2346 0.697183
2347 0.697183
2348 0.697183
2349 0.697183
2350 0.612676
2351 0.612676
2352 0.605634
2353 0.612676
2354 0.605634
2355 0.612676
2356 0.612676
2357 0.605634
2358 0.605634
2359 0.605634
2360 0.605634
2361 0.605634
2362 0.605634
2363 0.605634
2364 0.605634
2365 0.605634
2366 0.605634
2367 0.605634
2368 0.605634
2369 0.605634
2370 0.612676
2371 0.605634
2372 0.605634
2373 0.605634
2374 0.605634
2375 0.605634
2376 0.605634
2377 0.605634
2378 0.605634
2379 0.612676
2380 0.605634
2381 0.605634
2382 0.605634
2383 0.612676
2384 0.605634
2385 0.605634
2386 0.612676
2387 0.612676
2388 0.612676
2389 0.612676
2390 0.605634
2391 0.605634
2392 0.612676
2393 0.605634
2394 0.605634
2395 0.612676
2396 0.598592
2397 0.598592
2398 0.612676
2399 0.605634
2400 0.823944
2401 0.823944
2402 0.823944
2403 0.823944
2404 0.823944
2405 0.823944
2406 0.823944
2407 0.823944
2408 0.823944
2409 0.823944
2410 0.823944
2411 0.816901
2412 0.816901
2413 0.816901
2414 0.823944
2415 0.823944
2416 0.816901
2417 0.816901
2418 0.816901
2419 0.816901
2420 0.823944
2421 0.823944
2422 0.816901
2423 0.809859
2424 0.809859
2425 0.809859
2426 0.809859
2427 0.823944
2428 0.809859
2429 0.809859
2430 0.816901
2431 0.823944
2432 0.816901
2433 0.816901
2434 0.823944
2435 0.823944
2436 0.823944
2437 0.823944
2438 0.823944
2439 0.823944
2440 0.816901
2441 0.823944
2442 0.823944
2443 0.823944
2444 0.823944
2445 0.809859
2446 0.809859
2447 0.823944
2448 0.809859
2449 0.816901
2450 0.802817
2451 0.802817
2452 0.802817
2453 0.802817
2454 0.795775
2455 0.802817
2456 0.795775
2457 0.795775
2458 0.802817
2459 0.802817
2460 0.802817
2461 0.802817
2462 0.795775
2463 0.802817
2464 0.802817
2465 0.795775
2466 0.802817
2467 0.802817
2468 0.795775
2469 0.802817
2470 0.802817
2471 0.795775
2472 0.802817
2473 0.802817
2474 0.802817
2475 0.802817
2476 0.802817
2477 0.802817
2478 0.802817
2479 0.802817
2480 0.795775
2481 0.802817
2482 0.802817
2483 0.795775
2484 0.802817
2485 0.781690
2486 0.802817
2487 0.802817
2488 0.802817
2489 0.795775
2490 0.802817
2491 0.795775
2492 0.802817
2493 0.802817
2494 0.802817
2495 0.802817
2496 0.802817
2497 0.802817
2498 0.802817
2499 0.802817
2500 0.767606
2501 0.767606
2502 0.767606
2503 0.767606
2504 0.767606
2505 0.767606
2506 0.767606
2507 0.767606
2508 0.767606
2509 0.767606
2510 0.767606
2511 0.767606
2512 0.767606
2513 0.767606
2514 0.767606
2515 0.767606
2516 0.767606
2517 0.767606
2518 0.767606
2519 0.767606
2520 0.767606
2521 0.767606
2522 0.767606
2523 0.767606
2524 0.767606
2525 0.767606
2526 0.767606
2527 0.767606
2528 0.767606
2529 0.767606
2530 0.767606
2531 0.767606
2532 0.767606
2533 0.767606
2534 0.767606
2535 0.767606
2536 0.767606
2537 0.767606
2538 0.767606
2539 0.767606
2540 0.767606
2541 0.767606
2542 0.767606
2543 0.767606
2544 0.767606
2545 0.767606
2546 0.767606
2547 0.767606
2548 0.767606
2549 0.767606
2550 0.725352
2551 0.725352
2552 0.725352
2553 0.725352
2554 0.725352
2555 0.725352
2556 0.725352
2557 0.725352
2558 0.725352
2559 0.725352
2560 0.725352
2561 0.725352
2562 0.725352
2563 0.725352
2564 0.718310
2565 0.718310
2566 0.725352
2567 0.718310
2568 0.718310
2569 0.725352
2570 0.718310
2571 0.718310
2572 0.718310
2573 0.725352
2574 0.718310
2575 0.718310
2576 0.718310
2577 0.718310
2578 0.725352
2579 0.718310
2580 0.718310
2581 0.718310
2582 0.718310
2583 0.725352
2584 0.718310
2585 0.718310
2586 0.718310
2587 0.725352
2588 0.718310
2589 0.725352
2590 0.718310
2591 0.718310
2592 0.725352
2593 0.718310
2594 0.718310
2595 0.718310
2596 0.725352
2597 0.718310
2598 0.718310
2599 0.718310
2600 0.753521
2601 0.753521
2602 0.753521
2603 0.753521
2604 0.753521
2605 0.753521
2606 0.753521
2607 0.753521
2608 0.753521
2609 0.753521
2610 0.753521
2611 0.753521
2612 0.753521
2613 0.753521
2614 0.753521
2615 0.753521
2616 0.753521
2617 0.753521
2618 0.753521
2619 0.753521
2620 0.753521
2621 0.753521
2622 0.753521
2623 0.753521
2624 0.753521
2625 0.753521
2626 0.753521
2627 0.753521
2628 0.753521
2629 0.753521
2630 0.753521
2631 0.753521
2632 0.753521
2633 0.753521
2634 0.753521
2635 0.753521
2636 0.753521
2637 0.753521
2638 0.753521
2639 0.753521
2640 0.753521
2641 0.753521
2642 0.753521
2643 0.753521
2644 0.753521
2645 0.753521
2646 0.753521
2647 0.753521
2648 0.753521
2649 0.753521
2650 0.760563
2651 0.760563
2652 0.760563
2653 0.760563
2654 0.760563
2655 0.760563
2656 0.753521
2657 0.753521
2658 0.753521
2659 0.753521
2660 0.753521
2661 0.753521
2662 0.753521
2663 0.753521
2664 0.746479
2665 0.753521
2666 0.753521
2667 0.753521
2668 0.753521
2669 0.746479
2670 0.746479
2671 0.746479
2672 0.746479
2673 0.746479
2674 0.746479
2675 0.746479
2676 0.746479
2677 0.746479
2678 0.739437
2679 0.746479
2680 0.739437
2681 0.746479
2682 0.739437
2683 0.746479
2684 0.739437
2685 0.739437
2686 0.746479
2687 0.732394
2688 0.746479
2689 0.732394
2690 0.732394
2691 0.739437
2692 0.739437
2693 0.732394
2694 0.732394
2695 0.739437
2696 0.732394
2697 0.739437
2698 0.732394
2699 0.739437
2700 0.739437
2701 0.739437
2702 0.739437
2703 0.732394
2704 0.732394
2705 0.732394
2706 0.732394
2707 0.732394
2708 0.732394
2709 0.732394
2710 0.732394
2711 0.739437
2712 0.732394
2713 0.732394
2714 0.725352
2715 0.725352
2716 0.725352
2717 0.732394
2718 0.732394
2719 0.725352
2720 0.732394
2721 0.732394
2722 0.732394
2723 0.725352
2724 0.732394
2725 0.732394
2726 0.732394
2727 0.725352
2728 0.725352
2729 0.725352
2730 0.725352
2731 0.725352
2732 0.725352
2733 0.725352
2734 0.732394
2735 0.732394
2736 0.732394
2737 0.732394
2738 0.732394
2739 0.725352
2740 0.725352
2741 0.732394
2742 0.725352
2743 0.725352
2744 0.725352
2745 0.725352
2746 0.725352
2747 0.725352
2748 0.732394
2749 0.732394
2750 0.669014
2751 0.669014
2752 0.669014
2753 0.669014
2754 0.669014
2755 0.661972
2756 0.669014
2757 0.669014
2758 0.669014
2759 0.669014
2760 0.661972
2761 0.661972
2762 0.661972
2763 0.669014
2764 0.669014
2765 0.661972
2766 0.669014
2767 0.661972
2768 0.661972
2769 0.661972
2770 0.661972
2771 0.661972
2772 0.661972
2773 0.669014
2774 0.661972
2775 0.669014
2776 0.661972
2777 0.661972
2778 0.661972
2779 0.661972
2780 0.661972
2781 0.661972
2782 0.669014
2783 0.661972
2784 0.661972
2785 0.669014
2786 0.669014
2787 0.661972
2788 0.669014
2789 0.669014
2790 0.661972
2791 0.654930
2792 0.661972
2793 0.654930
2794 0.661972
2795 0.654930
2796 0.654930
2797 0.654930
2798 0.654930
2799 0.654930
2800 0.732394
2801 0.732394
2802 0.732394
2803 0.732394
2804 0.732394
2805 0.732394
2806 0.732394
2807 0.732394
2808 0.732394
2809 0.732394
2810 0.732394
2811 0.732394
2812 0.732394
2813 0.732394
2814 0.732394
2815 0.732394
2816 0.725352
2817 0.732394
2818 0.725352
2819 0.732394
2820 0.718310
2821 0.725352
2822 0.718310
2823 0.718310
2824 0.725352
2825 0.718310
2826 0.732394
2827 0.718310
2828 0.718310
2829 0.718310
2830 0.718310
2831 0.718310
2832 0.725352
2833 0.718310
2834 0.718310
2835 0.725352
2836 0.718310
2837 0.725352
2838 0.725352
2839 0.732394
2840 0.725352
2841 0.718310
2842 0.732394
2843 0.718310
2844 0.718310
2845 0.725352
2846 0.732394
2847 0.725352
2848 0.725352
2849 0.725352
2850 0.760563
2851 0.760563
2852 0.760563
2853 0.760563
2854 0.760563
2855 0.753521
2856 0.753521
2857 0.760563
2858 0.753521
2859 0.753521
2860 0.753521
2861 0.760563
2862 0.760563
2863 0.760563
2864 0.760563
2865 0.760563
2866 0.760563
2867 0.760563
2868 0.760563
2869 0.760563
2870 0.753521
2871 0.760563
2872 0.753521
2873 0.753521
2874 0.753521
2875 0.753521
2876 0.753521
2877 0.753521
2878 0.753521
2879 0.753521
2880 0.760563
2881 0.753521
2882 0.753521
2883 0.753521
2884 0.753521
2885 0.753521
2886 0.760563
2887 0.760563
2888 0.753521
2889 0.753521
2890 0.753521
2891 0.760563
2892 0.753521
2893 0.760563
2894 0.753521
2895 0.746479
2896 0.760563
2897 0.753521
2898 0.753521
2899 0.746479
2900 0.605634
2901 0.605634
2902 0.605634
2903 0.605634
2904 0.605634
2905 0.591549
2906 0.591549
2907 0.591549
2908 0.605634
2909 0.598592
2910 0.598592
2911 0.605634
2912 0.598592
2913 0.598592
2914 0.598592
2915 0.598592
2916 0.605634
2917 0.598592
2918 0.598592
2919 0.598592
2920 0.605634
2921 0.598592
2922 0.605634
2923 0.605634
2924 0.598592
2925 0.605634
2926 0.598592
2927 0.605634
2928 0.598592
2929 0.598592
2930 0.598592
2931 0.605634
2932 0.598592
2933 0.598592
2934 0.598592
2935 0.605634
2936 0.598592
2937 0.598592
2938 0.605634
2939 0.598592
2940 0.598592
2941 0.598592
2942 0.605634
2943 0.598592
2944 0.605634
2945 0.598592
2946 0.605634
2947 0.598592
2948 0.605634
2949 0.598592
2950 0.676056
2951 0.676056
2952 0.676056
2953 0.676056
2954 0.676056
2955 0.676056
2956 0.676056
2957 0.676056
2958 0.676056
2959 0.676056
2960 0.676056
2961 0.676056
2962 0.676056
2963 0.676056
2964 0.676056
2965 0.676056
2966 0.676056
2967 0.676056
2968 0.676056
2969 0.676056
2970 0.676056
2971 0.676056
2972 0.676056
2973 0.676056
2974 0.676056
2975 0.676056
2976 0.676056
2977 0.676056
2978 0.676056
2979 0.676056
2980 0.676056
2981 0.676056
2982 0.676056
2983 0.676056
2984 0.676056
2985 0.676056
2986 0.676056
2987 0.676056
2988 0.676056
2989 0.669014
2990 0.676056
2991 0.676056
2992 0.676056
2993 0.676056
2994 0.676056
2995 0.676056
2996 0.676056
2997 0.676056
2998 0.676056
2999 0.676056
3000 0.725352
3001 0.725352
3002 0.725352
3003 0.725352
3004 0.725352
3005 0.725352
3006 0.725352
3007 0.725352
3008 0.725352
3009 0.725352
3010 0.725352
3011 0.725352
3012 0.725352
3013 0.725352
3014 0.725352
3015 0.725352
3016 0.725352
3017 0.725352
3018 0.725352
3019 0.725352
3020 0.725352
3021 0.725352
3022 0.725352
3023 0.718310
3024 0.718310
3025 0.725352
3026 0.711268
3027 0.725352
3028 0.725352
3029 0.718310
3030 0.725352
3031 0.718310
3032 0.725352
3033 0.718310
3034 0.725352
3035 0.718310
3036 0.725352
3037 0.718310
3038 0.718310
3039 0.725352
3040 0.718310
3041 0.725352
3042 0.718310
3043 0.725352
3044 0.718310
3045 0.725352
3046 0.718310
3047 0.718310
3048 0.725352
3049 0.725352
3050 0.661972
3051 0.661972
3052 0.661972
3053 0.661972
3054 0.661972
3055 0.661972
3056 0.661972
3057 0.661972
3058 0.661972
3059 0.661972
3060 0.661972
3061 0.661972
3062 0.661972
3063 0.661972
3064 0.661972
3065 0.661972
3066 0.661972
3067 0.661972
3068 0.661972
3069 0.661972
3070 0.661972
3071 0.661972
3072 0.661972
3073 0.661972
3074 0.661972
3075 0.661972
3076 0.661972
3077 0.661972
3078 0.661972
3079 0.661972
3080 0.661972
3081 0.661972
3082 0.661972
3083 0.661972
3084 0.661972
3085 0.661972
3086 0.661972
3087 0.661972
3088 0.661972
3089 0.661972
3090 0.661972
3091 0.661972
3092 0.661972
3093 0.661972
3094 0.661972
3095 0.661972
3096 0.661972
3097 0.661972
3098 0.661972
3099 0.661972
3100 0.697183
3101 0.697183
3102 0.697183
3103 0.697183
3104 0.697183
3105 0.697183
3106 0.697183
3107 0.697183
3108 0.697183
3109 0.697183
3110 0.697183
3111 0.697183
3112 0.697183
3113 0.697183
3114 0.697183
3115 0.697183
3116 0.697183
3117 0.697183
3118 0.697183
3119 0.697183
3120 0.697183
3121 0.697183
3122 0.697183
3123 0.697183
3124 0.697183
3125 0.697183
3126 0.697183
3127 0.697183
3128 0.697183
3129 0.697183
3130 0.697183
3131 0.697183
3132 0.697183
3133 0.697183
3134 0.697183
3135 0.697183
3136 0.697183
3137 0.697183
3138 0.697183
3139 0.697183
3140 0.697183
3141 0.697183
3142 0.697183
3143 0.697183
3144 0.697183
3145 0.697183
3146 0.697183
3147 0.697183
3148 0.697183
3149 0.697183
3150 0.746479
3151 0.746479
3152 0.746479
3153 0.746479
3154 0.746479
3155 0.746479
3156 0.746479
3157 0.746479
3158 0.746479
3159 0.746479
3160 0.746479
3161 0.746479
3162 0.746479
3163 0.746479
3164 0.746479
3165 0.746479
3166 0.746479
3167 0.746479
3168 0.746479
3169 0.746479
3170 0.746479
3171 0.746479
3172 0.746479
3173 0.746479
3174 0.746479
3175 0.746479
3176 0.746479
3177 0.746479
3178 0.746479
3179 0.746479
3180 0.739437
3181 0.739437
3182 0.739437
3183 0.746479
3184 0.739437
3185 0.746479
3186 0.746479
3187 0.746479
3188 0.746479
3189 0.746479
3190 0.746479
3191 0.746479
3192 0.746479
3193 0.746479
3194 0.746479
3195 0.746479
3196 0.746479
3197 0.746479
3198 0.746479
3199 0.746479
3200 0.767606
3201 0.767606
3202 0.760563
3203 0.760563
3204 0.760563
3205 0.760563
3206 0.767606
3207 0.760563
3208 0.767606
3209 0.760563
3210 0.767606
3211 0.760563
3212 0.767606
3213 0.767606
3214 0.760563
3215 0.767606
3216 0.767606
3217 0.767606
3218 0.760563
3219 0.760563
3220 0.760563
3221 0.760563
3222 0.767606
3223 0.753521
3224 0.753521
3225 0.753521
3226 0.767606
3227 0.753521
3228 0.753521
3229 0.753521
3230 0.760563
3231 0.767606
3232 0.767606
3233 0.767606
3234 0.760563
3235 0.767606
3236 0.767606
3237 0.767606
3238 0.760563
3239 0.767606
3240 0.767606
3241 0.760563
3242 0.760563
3243 0.760563
3244 0.767606
3245 0.767606
3246 0.767606
3247 0.760563
3248 0.760563
3249 0.767606
3250 0.760563
3251 0.760563
3252 0.760563
3253 0.760563
3254 0.760563
3255 0.760563
3256 0.760563
3257 0.760563
3258 0.753521
3259 0.753521
3260 0.753521
3261 0.753521
3262 0.753521
3263 0.760563
3264 0.760563
3265 0.760563
3266 0.760563
3267 0.753521
3268 0.753521
3269 0.753521
3270 0.760563
3271 0.753521
3272 0.760563
3273 0.760563
3274 0.746479
3275 0.760563
3276 0.753521
3277 0.753521
3278 0.760563
3279 0.753521
3280 0.760563
3281 0.760563
3282 0.753521
3283 0.753521
3284 0.753521
3285 0.760563
3286 0.753521
3287 0.753521
3288 0.753521
3289 0.760563
3290 0.760563
3291 0.753521
3292 0.753521
3293 0.753521
3294 0.753521
3295 0.760563
3296 0.760563
3297 0.760563
3298 0.760563
3299 0.753521
3300 0.838028
3301 0.838028
3302 0.838028
3303 0.830986
3304 0.838028
3305 0.830986
3306 0.838028
3307 0.838028
3308 0.830986
3309 0.830986
3310 0.830986
3311 0.838028
3312 0.830986
3313 0.838028
3314 0.838028
3315 0.830986
3316 0.838028
3317 0.830986
3318 0.838028
3319 0.830986
3320 0.823944
3321 0.823944
3322 0.838028
3323 0.838028
3324 0.838028
3325 0.830986
3326 0.838028
3327 0.838028
3328 0.838028
3329 0.838028
3330 0.830986
3331 0.838028
3332 0.838028
3333 0.838028
3334 0.830986
3335 0.838028
3336 0.838028
3337 0.823944
3338 0.838028
3339 0.830986
3340 0.830986
3341 0.838028
3342 0.823944
3343 0.838028
3344 0.838028
3345 0.838028
3346 0.823944
3347 0.823944
3348 0.838028
3349 0.838028
3350 0.598592
3351 0.598592
3352 0.598592
3353 0.598592
3354 0.598592
3355 0.591549
3356 0.598592
3357 0.591549
3358 0.591549
3359 0.598592
3360 0.598592
3361 0.598592
3362 0.598592
3363 0.598592
3364 0.591549
3365 0.591549
3366 0.591549
3367 0.598592
3368 0.591549
3369 0.591549
3370 0.598592
3371 0.598592
3372 0.591549
3373 0.584507
3374 0.598592
3375 0.598592
3376 0.598592
3377 0.598592
3378 0.598592
3379 0.591549
3380 0.591549
3381 0.598592
3382 0.598592
3383 0.591549
3384 0.598592
3385 0.591549
3386 0.591549
3387 0.598592
3388 0.591549
3389 0.598592
3390 0.598592
3391 0.598592
3392 0.591549
3393 0.591549
3394 0.598592
3395 0.598592
3396 0.591549
3397 0.591549
3398 0.598592
3399 0.598592
3400 0.676056
3401 0.676056
3402 0.676056
3403 0.669014
3404 0.676056
3405 0.669014
3406 0.669014
3407 0.676056
3408 0.669014
3409 0.676056
3410 0.676056
3411 0.669014
3412 0.676056
3413 0.676056
3414 0.676056
3415 0.676056
3416 0.676056
3417 0.676056
3418 0.669014
3419 0.676056
3420 0.676056
3421 0.669014
3422 0.669014
3423 0.676056
3424 0.669014
3425 0.661972
3426 0.676056
3427 0.676056
3428 0.676056
3429 0.676056
3430 0.676056
3431 0.676056
3432 0.669014
3433 0.676056
3434 0.669014
3435 0.669014
3436 0.676056
3437 0.669014
3438 0.676056
3439 0.676056
3440 0.676056
3441 0.676056
3442 0.669014
3443 0.669014
3444 0.676056
3445 0.676056
3446 0.676056
3447 0.669014
3448 0.676056
3449 0.669014
3450 0.809859
3451 0.809859
3452 0.809859
3453 0.802817
3454 0.802817
3455 0.809859
3456 0.802817
3457 0.802817
3458 0.809859
3459 0.809859
3460 0.809859
3461 0.809859
3462 0.809859
3463 0.802817
3464 0.809859
3465 0.802817
3466 0.809859
3467 0.802817
3468 0.802817
3469 0.809859
3470 0.809859
3471 0.809859
3472 0.809859
3473 0.802817
3474 0.809859
3475 0.809859
3476 0.802817
3477 0.809859
3478 0.809859
3479 0.795775
3480 0.809859
3481 0.809859
3482 0.809859
3483 0.809859
3484 0.802817
3485 0.802817
3486 0.809859
3487 0.809859
3488 0.802817
3489 0.802817
3490 0.809859
3491 0.802817
3492 0.809859
3493 0.809859
3494 0.802817
3495 0.809859
3496 0.802817
3497 0.802817
3498 0.809859
3499 0.802817
3500 0.683099
3501 0.683099
3502 0.676056
3503 0.676056
3504 0.683099
3505 0.676056
3506 0.683099
3507 0.683099
3508 0.676056
3509 0.683099
3510 0.683099
3511 0.676056
3512 0.676056
3513 0.683099
3514 0.676056
3515 0.676056
3516 0.683099
3517 0.683099
3518 0.676056
3519 0.676056
3520 0.683099
3521 0.683099
3522 0.676056
3523 0.683099
3524 0.683099
3525 0.676056
3526 0.676056
3527 0.683099
3528 0.683099
3529 0.676056
3530 0.676056
3531 0.683099
3532 0.676056
3533 0.676056
3534 0.683099
3535 0.683099
3536 0.676056
3537 0.676056
3538 0.683099
3539 0.683099
3540 0.683099
3541 0.683099
3542 0.683099
3543 0.683099
3544 0.683099
3545 0.683099
3546 0.661972
3547 0.683099
3548 0.683099
3549 0.683099
3550 0.746479
3551 0.746479
3552 0.746479
3553 0.746479
3554 0.739437
3555 0.746479
3556 0.746479
3557 0.746479
3558 0.746479
3559 0.746479
3560 0.746479
3561 0.739437
3562 0.746479
3563 0.739437
3564 0.746479
3565 0.746479
3566 0.746479
3567 0.739437
3568 0.746479
3569 0.746479
3570 0.746479
3571 0.746479
3572 0.746479
3573 0.746479
3574 0.746479
3575 0.739437
3576 0.746479
3577 0.746479
3578 0.746479
3579 0.746479
3580 0.746479
3581 0.746479
3582 0.746479
3583 0.746479
3584 0.746479
3585 0.746479
3586 0.739437
3587 0.746479
3588 0.739437
3589 0.746479
3590 0.739437
3591 0.746479
3592 0.746479
3593 0.746479
3594 0.746479
3595 0.746479
3596 0.746479
3597 0.746479
3598 0.746479
3599 0.732394
3600 0.669014
3601 0.669014
3602 0.669014
3603 0.669014
3604 0.669014
3605 0.669014
3606 0.669014
3607 0.669014
3608 0.669014
3609 0.669014
3610 0.669014
3611 0.669014
3612 0.669014
3613 0.669014
3614 0.669014
3615 0.669014
3616 0.669014
3617 0.669014
3618 0.669014
3619 0.669014
3620 0.669014
3621 0.669014
3622 0.669014
3623 0.669014
3624 0.669014
3625 0.669014
3626 0.669014
3627 0.669014
3628 0.669014
3629 0.669014
3630 0.669014
3631 0.669014
3632 0.669014
3633 0.669014
3634 0.669014
3635 0.669014
3636 0.669014
3637 0.669014
3638 0.669014
3639 0.669014
3640 0.669014
3641 0.669014
3642 0.669014
3643 0.669014
3644 0.669014
3645 0.669014
3646 0.669014
3647 0.669014
3648 0.669014
3649 0.669014
3650 0.809859
3651 0.809859
3652 0.809859
3653 0.809859
3654 0.809859
3655 0.809859
3656 0.809859
3657 0.809859
3658 0.809859
3659 0.809859
3660 0.809859
3661 0.809859
3662 0.809859
3663 0.809859
3664 0.809859
3665 0.809859
3666 0.809859
3667 0.809859
3668 0.809859
3669 0.809859
3670 0.809859
3671 0.809859
3672 0.809859
3673 0.809859
3674 0.809859
3675 0.809859
3676 0.809859
3677 0.809859
3678 0.809859
3679 0.809859
3680 0.802817
3681 0.802817
3682 0.809859
3683 0.809859
3684 0.809859
3685 0.809859
3686 0.809859
3687 0.809859
3688 0.809859
3689 0.809859
3690 0.809859
3691 0.809859
3692 0.809859
3693 0.809859
3694 0.809859
3695 0.809859
3696 0.809859
3697 0.809859
3698 0.809859
3699 0.809859
3700 0.718310
3701 0.718310
3702 0.718310
3703 0.718310
3704 0.718310
3705 0.718310
3706 0.718310
3707 0.718310
3708 0.718310
3709 0.718310
3710 0.718310
3711 0.718310
3712 0.718310
3713 0.718310
3714 0.718310
3715 0.718310
3716 0.718310
3717 0.718310
3718 0.718310
3719 0.718310
3720 0.718310
3721 0.718310
3722 0.718310
3723 0.718310
3724 0.718310
3725 0.718310
3726 0.718310
3727 0.718310
3728 0.718310
3729 0.718310
3730 0.718310
3731 0.718310
3732 0.718310
3733 0.718310
3734 0.718310
3735 0.718310
3736 0.718310
3737 0.718310
3738 0.718310
3739 0.718310
3740 0.718310
3741 0.718310
3742 0.718310
3743 0.718310
3744 0.718310
3745 0.718310
3746 0.718310
3747 0.718310
3748 0.718310
3749 0.718310
3750 0.802817
3751 0.802817
3752 0.802817
3753 0.802817
3754 0.802817
3755 0.802817
3756 0.802817
3757 0.802817
3758 0.802817
3759 0.802817
3760 0.802817
3761 0.802817
3762 0.802817
3763 0.802817
3764 0.802817
3765 0.802817
3766 0.802817
3767 0.802817
3768 0.802817
3769 0.802817
3770 0.802817
3771 0.802817
3772 0.802817
3773 0.802817
3774 0.802817
3775 0.802817
3776 0.802817
3777 0.802817
3778 0.802817
3779 0.802817
3780 0.802817
3781 0.802817
3782 0.802817
3783 0.802817
3784 0.802817
3785 0.802817
3786 0.802817
3787 0.802817
3788 0.802817
3789 0.802817
3790 0.802817
3791 0.802817
3792 0.802817
3793 0.802817
3794 0.802817
3795 0.802817
3796 0.802817
3797 0.802817
3798 0.802817
3799 0.802817
3800 0.753521
3801 0.753521
3802 0.753521
3803 0.753521
3804 0.753521
3805 0.753521
3806 0.753521
3807 0.753521
3808 0.753521
3809 0.753521
3810 0.753521
3811 0.753521
3812 0.753521
3813 0.753521
3814 0.753521
3815 0.753521
3816 0.753521
3817 0.753521
3818 0.753521
3819 0.753521
3820 0.753521
3821 0.753521
3822 0.753521
3823 0.753521
3824 0.753521
3825 0.753521
3826 0.753521
3827 0.753521
3828 0.753521
3829 0.753521
3830 0.753521
3831 0.753521
3832 0.753521
3833 0.753521
3834 0.753521
3835 0.753521
3836 0.753521
3837 0.753521
3838 0.753521
3839 0.753521
3840 0.753521
3841 0.753521
3842 0.753521
3843 0.753521
3844 0.753521
3845 0.753521
3846 0.753521
3847 0.753521
3848 0.753521
3849 0.753521
3850 0.746479
3851 0.746479
3852 0.746479
3853 0.746479
3854 0.746479
3855 0.746479
3856 0.746479
3857 0.746479
3858 0.746479
3859 0.746479
3860 0.746479
3861 0.746479
3862 0.746479
3863 0.746479
3864 0.746479
3865 0.746479
3866 0.746479
3867 0.746479
3868 0.746479
3869 0.746479
3870 0.746479
3871 0.746479
3872 0.746479
3873 0.746479
3874 0.746479
3875 0.746479
3876 0.746479
3877 0.746479
3878 0.746479
3879 0.746479
3880 0.746479
3881 0.746479
3882 0.746479
3883 0.746479
3884 0.746479
3885 0.746479
3886 0.746479
3887 0.746479
3888 0.746479
3889 0.746479
3890 0.746479
3891 0.746479
3892 0.746479
3893 0.746479
3894 0.746479
3895 0.746479
3896 0.739437
3897 0.746479
3898 0.746479
3899 0.746479
3900 0.795775
3901 0.795775
3902 0.795775
3903 0.795775
3904 0.795775
3905 0.795775
3906 0.795775
3907 0.795775
3908 0.795775
3909 0.795775
3910 0.795775
3911 0.795775
3912 0.795775
3913 0.795775
3914 0.795775
3915 0.795775
3916 0.795775
3917 0.795775
3918 0.795775
3919 0.795775
3920 0.795775
3921 0.795775
3922 0.795775
3923 0.795775
3924 0.795775
3925 0.795775
3926 0.795775
3927 0.795775
3928 0.795775
3929 0.795775
3930 0.795775
3931 0.795775
3932 0.795775
3933 0.795775
3934 0.795775
3935 0.795775
3936 0.795775
3937 0.795775
3938 0.795775
3939 0.795775
3940 0.795775
3941 0.795775
3942 0.795775
3943 0.795775
3944 0.795775
3945 0.795775
3946 0.795775
3947 0.795775
3948 0.795775
3949 0.795775
3950 0.852113
3951 0.852113
3952 0.852113
3953 0.852113
3954 0.852113
3955 0.852113
3956 0.852113
3957 0.852113
3958 0.852113
3959 0.852113
3960 0.852113
3961 0.852113
3962 0.852113
3963 0.852113
3964 0.852113
3965 0.852113
3966 0.852113
3967 0.852113
3968 0.852113
3969 0.852113
3970 0.852113
3971 0.852113
3972 0.852113
3973 0.852113
3974 0.852113
3975 0.852113
3976 0.852113
3977 0.852113
3978 0.852113
3979 0.852113
3980 0.852113
3981 0.852113
3982 0.852113
3983 0.852113
3984 0.852113
3985 0.852113
3986 0.852113
3987 0.852113
3988 0.845070
3989 0.852113
3990 0.852113
3991 0.852113
3992 0.852113
3993 0.852113
3994 0.852113
3995 0.852113
3996 0.852113
3997 0.852113
3998 0.852113
3999 0.852113
4000 0.809859
4001 0.809859
4002 0.809859
4003 0.809859
4004 0.809859
4005 0.809859
4006 0.809859
4007 0.809859
4008 0.809859
4009 0.809859
4010 0.809859
4011 0.809859
4012 0.809859
4013 0.809859
4014 0.809859
4015 0.809859
4016 0.809859
4017 0.809859
4018 0.809859
4019 0.809859
4020 0.809859
4021 0.809859
4022 0.809859
4023 0.809859
4024 0.809859
4025 0.809859
4026 0.809859
4027 0.809859
4028 0.809859
4029 0.809859
4030 0.809859
4031 0.809859
4032 0.809859
4033 0.809859
4034 0.809859
4035 0.809859
4036 0.809859
4037 0.809859
4038 0.809859
4039 0.809859
4040 0.809859
4041 0.809859
4042 0.809859
4043 0.809859
4044 0.809859
4045 0.809859
4046 0.809859
4047 0.809859
4048 0.809859
4049 0.809859
4050 0.852113
4051 0.852113
4052 0.852113
4053 0.852113
4054 0.852113
4055 0.852113
4056 0.852113
4057 0.852113
4058 0.852113
4059 0.852113
4060 0.852113
4061 0.852113
4062 0.852113
4063 0.852113
4064 0.852113
4065 0.852113
4066 0.852113
4067 0.852113
4068 0.852113
4069 0.852113
4070 0.852113
4071 0.845070
4072 0.852113
4073 0.852113
4074 0.852113
4075 0.852113
4076 0.852113
4077 0.852113
4078 0.852113
4079 0.852113
4080 0.852113
4081 0.852113
4082 0.852113
4083 0.852113
4084 0.852113
4085 0.852113
4086 0.852113
4087 0.852113
4088 0.852113
4089 0.852113
4090 0.852113
4091 0.852113
4092 0.852113
4093 0.852113
4094 0.852113
4095 0.852113
4096 0.852113
4097 0.852113
4098 0.852113
4099 0.852113
4100 0.816901
4101 0.816901
4102 0.809859
4103 0.816901
4104 0.816901
4105 0.816901
4106 0.816901
4107 0.816901
4108 0.816901
4109 0.816901
4110 0.816901
4111 0.816901
4112 0.816901
4113 0.816901
4114 0.816901
4115 0.816901
4116 0.816901
4117 0.816901
4118 0.816901
4119 0.816901
4120 0.816901
4121 0.816901
4122 0.816901
4123 0.816901
4124 0.816901
4125 0.809859
4126 0.816901
4127 0.816901
4128 0.816901
4129 0.816901
4130 0.816901
4131 0.816901
4132 0.816901
4133 0.816901
4134 0.816901
4135 0.816901
4136 0.816901
4137 0.816901
4138 0.816901
4139 0.816901
4140 0.816901
4141 0.795775
4142 0.802817
4143 0.816901
4144 0.816901
4145 0.816901
4146 0.816901
4147 0.816901
4148 0.816901
4149 0.809859
4150 0.802817
4151 0.802817
4152 0.802817
4153 0.802817
4154 0.802817
4155 0.802817
4156 0.802817
4157 0.802817
4158 0.802817
4159 0.802817
4160 0.802817
4161 0.802817
4162 0.788732
4163 0.802817
4164 0.802817
4165 0.802817
4166 0.802817
4167 0.802817
4168 0.802817
4169 0.802817
4170 0.802817
4171 0.802817
4172 0.802817
4173 0.802817
4174 0.802817
4175 0.802817
4176 0.802817
4177 0.802817
4178 0.802817
4179 0.802817
4180 0.802817
4181 0.802817
4182 0.802817
4183 0.802817
4184 0.795775
4185 0.802817
4186 0.802817
4187 0.802817
4188 0.802817
4189 0.802817
4190 0.802817
4191 0.795775
4192 0.802817
4193 0.802817
4194 0.802817
4195 0.795775
4196 0.802817
4197 0.802817
4198 0.802817
4199 0.802817
4200 0.845070
4201 0.845070
4202 0.845070
4203 0.845070
4204 0.845070
4205 0.845070
4206 0.838028
4207 0.845070
4208 0.838028
4209 0.845070
4210 0.845070
4211 0.845070
4212 0.845070
4213 0.845070
4214 0.838028
4215 0.845070
4216 0.838028
4217 0.845070
4218 0.838028
4219 0.845070
4220 0.845070
4221 0.845070
4222 0.845070
4223 0.845070
4224 0.845070
4225 0.845070
4226 0.845070
4227 0.845070
4228 0.845070
4229 0.845070
4230 0.845070
4231 0.845070
4232 0.845070
4233 0.845070
4234 0.845070
4235 0.845070
4236 0.845070
4237 0.845070
4238 0.838028
4239 0.845070
4240 0.838028
4241 0.838028
4242 0.845070
4243 0.838028
4244 0.838028
4245 0.838028
4246 0.845070
4247 0.845070
4248 0.845070
4249 0.845070
4250 0.732394
4251 0.732394
4252 0.732394
4253 0.732394
4254 0.732394
4255 0.732394
4256 0.732394
4257 0.725352
4258 0.732394
4259 0.725352
4260 0.725352
4261 0.732394
4262 0.732394
4263 0.732394
4264 0.732394
4265 0.732394
4266 0.725352
4267 0.732394
4268 0.725352
4269 0.725352
4270 0.725352
4271 0.725352
4272 0.732394
4273 0.725352
4274 0.732394
4275 0.725352
4276 0.732394
4277 0.718310
4278 0.732394
4279 0.732394
4280 0.732394
4281 0.732394
4282 0.732394
4283 0.725352
4284 0.732394
4285 0.725352
4286 0.725352
4287 0.732394
4288 0.732394
4289 0.732394
4290 0.732394
4291 0.725352
4292 0.725352
4293 0.732394
4294 0.725352
4295 0.725352
4296 0.732394
4297 0.725352
4298 0.732394
4299 0.732394
4300 0.746479
4301 0.746479
4302 0.746479
4303 0.746479
4304 0.746479
4305 0.746479
4306 0.746479
4307 0.746479
4308 0.746479
4309 0.739437
4310 0.746479
4311 0.746479
4312 0.739437
4313 0.739437
4314 0.739437
4315 0.739437
4316 0.739437
4317 0.746479
4318 0.746479
4319 0.746479
4320 0.746479
4321 0.739437
4322 0.739437
4323 0.739437
4324 0.739437
4325 0.746479
4326 0.746479
4327 0.739437
4328 0.739437
4329 0.746479
4330 0.746479
4331 0.746479
4332 0.746479
4333 0.746479
4334 0.746479
4335 0.746479
4336 0.746479
4337 0.746479
4338 0.746479
4339 0.739437
4340 0.746479
4341 0.746479
4342 0.746479
4343 0.746479
4344 0.746479
4345 0.739437
4346 0.739437
4347 0.739437
4348 0.739437
4349 0.746479
4350 0.746479
4351 0.746479
4352 0.746479
4353 0.746479
4354 0.746479
4355 0.746479
4356 0.746479
4357 0.746479
4358 0.746479
4359 0.746479
4360 0.746479
4361 0.739437
4362 0.739437
4363 0.739437
4364 0.739437
4365 0.746479
4366 0.739437
4367 0.739437
4368 0.739437
4369 0.739437
4370 0.746479
4371 0.746479
4372 0.746479
4373 0.739437
4374 0.739437
4375 0.739437
4376 0.746479
4377 0.739437
4378 0.739437
4379 0.746479
4380 0.732394
4381 0.732394
4382 0.739437
4383 0.732394
4384 0.732394
4385 0.732394
4386 0.732394
4387 0.732394
4388 0.746479
4389 0.746479
4390 0.746479
4391 0.739437
4392 0.746479
4393 0.739437
4394 0.746479
4395 0.739437
4396 0.746479
4397 0.739437
4398 0.739437
4399 0.739437
4400 0.626761
4401 0.626761
4402 0.626761
4403 0.626761
4404 0.626761
4405 0.626761
4406 0.626761
4407 0.619718
4408 0.619718
4409 0.619718
4410 0.619718
4411 0.619718
4412 0.626761
4413 0.626761
4414 0.619718
4415 0.626761
4416 0.619718
4417 0.626761
4418 0.619718
4419 0.619718
4420 0.619718
4421 0.626761
4422 0.619718
4423 0.612676
4424 0.619718
4425 0.626761
4426 0.612676
4427 0.612676
4428 0.612676
4429 0.626761
4430 0.626761
4431 0.619718
4432 0.619718
4433 0.626761
4434 0.619718
4435 0.626761
4436 0.619718
4437 0.626761
4438 0.619718
4439 0.619718
4440 0.619718
4441 0.626761
4442 0.619718
4443 0.619718
4444 0.619718
4445 0.626761
4446 0.619718
4447 0.619718
4448 0.626761
4449 0.626761
4450 0.718310
4451 0.718310
4452 0.718310
4453 0.718310
4454 0.718310
4455 0.711268
4456 0.718310
4457 0.711268
4458 0.718310
4459 0.711268
4460 0.718310
4461 0.711268
4462 0.718310
4463 0.711268
4464 0.718310
4465 0.718310
4466 0.718310
4467 0.718310
4468 0.718310
4469 0.711268
4470 0.718310
4471 0.718310
4472 0.711268
4473 0.718310
4474 0.711268
4475 0.718310
4476 0.718310
4477 0.711268
4478 0.718310
4479 0.718310
4480 0.718310
4481 0.718310
4482 0.711268
4483 0.718310
4484 0.718310
4485 0.718310
4486 0.718310
4487 0.718310
4488 0.718310
4489 0.718310
4490 0.718310
4491 0.718310
4492 0.718310
4493 0.718310
4494 0.718310
4495 0.718310
4496 0.718310
4497 0.718310
4498 0.718310
4499 0.718310
