0 0.461103 117
1 1.826661 117
2 2.308881 117
3 1.011503 117
4 0.978822 117
5 0.000000 117
6 0.538453 117
7 13.666009 117
8 0.602712 117
9 0.559403 117
10 0.562157 117
11 0.615287 117
12 16.235652 117
13 1.780547 117
14 0.448998 117
15 0.645848 117
16 1.485705 117
17 1.463763 117
18 0.646141 117
19 1.326553 117
20 1.389431 117
21 0.466185 117
22 1.108974 117
23 0.637736 117
24 0.854961 117
25 0.983518 117
26 0.962572 117
27 5.629655 117
28 0.795435 117
29 0.625273 117
30 1.197946 117
31 0.593354 117
32 0.436323 117
33 1.067552 117
34 1.148716 117
35 0.662114 117
36 1.080772 117
37 0.485624 117
38 1.047310 117
39 1.008595 117
40 1.243766 117
41 1.069540 117
42 0.885292 117
43 0.884521 117
44 1.577778 117
45 0.805767 117
46 1.381807 117
47 2.279959 117
48 4.025880 117
49 0.895832 117
50 0.462381 115
51 0.580254 115
52 0.623510 115
53 0.695147 115
54 0.303194 115
55 0.370949 115
56 0.577497 115
57 0.523334 115
58 0.401172 115
59 0.000000 115
60 0.147441 115
61 3.183252 115
62 0.568289 115
63 0.627653 115
64 0.586791 115
65 0.758918 115
66 0.438265 115
67 0.741544 115
68 1.993512 115
69 1.591601 115
70 3.509890 115
71 3.367619 115
72 3.643470 115
73 1.102550 115
74 1.968458 115
75 2.153938 115
76 2.631062 115
77 2.625518 115
78 2.571773 115
79 2.569179 115
80 2.247914 115
81 2.154923 115
82 1.862632 115
83 0.759113 115
84 0.962607 115
85 1.032005 115
86 1.687612 115
87 2.618902 115
88 1.632002 115
89 5.509125 115
90 0.000000 115
91 0.786556 115
92 2.572457 115
93 1.974490 115
94 6.662691 115
95 0.000000 115
96 0.249076 115
97 2.248494 115
98 4.929906 115
99 5.419555 115
100 2.348039 93
101 4.707384 93
102 4.143373 93
103 4.686272 93
104 1.420597 93
105 3.329988 93
106 3.418959 93
107 2.150784 93
108 4.798223 93
109 0.697888 93
110 4.101886 93
111 31.569342 93
112 34.313740 93
113 1.614132 93
114 3.497827 93
115 3.820119 93
116 1.135614 93
117 1.546852 93
118 3.628240 93
119 4.169569 93
120 1.725206 93
121 1.533874 93
122 21.322285 93
123 0.362746 93
124 0.888954 93
125 2.499653 93
126 5.778130 93
127 3.594565 93
128 1.406655 93
129 27.473815 93
130 1.199129 93
131 1.062974 93
132 1.336404 93
133 0.805224 93
134 2.550854 93
135 2.849730 93
136 9.125936 93
137 1.251224 93
138 1.953466 93
139 2.007300 93
140 20.268862 93
141 0.994599 93
142 2.660255 93
143 0.808284 93
144 0.640431 93
145 1.134508 93
146 3.754623 93
147 1.506880 93
148 0.732744 93
149 1.823507 93
150 0.866033 96
151 1.784725 96
152 1.284105 96
153 0.352267 96
154 0.864857 96
155 1.565343 96
156 2.512901 96
157 0.592522 96
158 0.904013 96
159 1.453117 96
160 27.100244 96
161 0.586117 96
162 0.674641 96
163 0.827186 96
164 3.820472 96
165 3.389251 96
166 3.623635 96
167 1.647409 96
168 3.541152 96
169 0.000000 96
170 0.000000 96
171 28.315080 96
172 1.326256 96
173 3.099545 96
174 3.840693 96
175 4.255816 96
176 4.392887 96
177 6.600841 96
178 5.431235 96
179 0.074675 96
180 1.220497 96
181 5.874219 96
182 6.591403 96
183 6.656070 96
184 6.618943 96
185 6.940164 96
186 7.237981 96
187 0.103039 96
188 1.804304 96
189 7.728425 96
190 7.155355 96
191 0.111826 96
192 1.921636 96
193 7.609333 96
194 7.664289 96
195 0.110969 96
196 1.753402 96
197 7.906963 96
198 7.300799 96
199 7.549267 96
200 0.151638 94
201 2.157412 94
202 2.532328 94
203 3.188134 94
204 3.393560 94
205 3.537747 94
206 3.929640 94
207 4.120362 94
208 0.139859 94
209 1.599648 94
210 5.107623 94
211 5.595655 94
212 5.192357 94
213 5.482778 94
214 6.013794 94
215 6.090447 94
216 6.441089 94
217 6.141170 94
218 6.473504 94
219 6.748263 94
220 6.643366 94
221 6.909676 94
222 6.840852 94
223 7.374859 94
224 6.883695 94
225 7.123542 94
226 6.860306 94
227 0.152096 94
228 2.069933 94
229 7.413637 94
230 7.090739 94
231 0.139747 94
232 2.028602 94
233 6.956056 94
234 7.344973 94
235 7.228911 94
236 7.365232 94
237 7.109446 94
238 7.572081 94
239 7.068984 94
240 7.440222 94
241 6.939041 94
242 7.188585 94
243 7.382553 94
244 7.310694 94
245 7.517576 94
246 7.797397 94
247 0.128350 94
248 2.035658 94
249 7.627186 94
250 0.135516 97
251 2.022357 97
252 3.183635 97
253 0.134649 97
254 1.364604 97
255 3.735453 97
256 3.704815 97
257 3.359964 97
258 3.762208 97
259 4.630775 97
260 4.252393 97
261 4.566229 97
262 4.976924 97
263 5.452409 97
264 7.779878 97
265 6.207941 97
266 6.549319 97
267 6.710548 97
268 7.086383 97
269 7.149558 97
270 6.609523 97
271 0.142947 97
272 0.137999 97
273 0.130828 97
274 0.123586 97
275 0.122108 97
276 1.929825 97
277 7.625415 97
278 7.409047 97
279 0.129848 97
280 1.880361 97
281 7.260071 97
282 7.361521 97
283 7.347791 97
284 7.810294 97
285 7.540138 97
286 7.506671 97
287 7.506340 97
288 7.562449 97
289 7.669196 97
290 7.278418 97
291 0.140316 97
292 2.079836 97
293 7.236993 97
294 7.272749 97
295 7.160649 97
296 7.322502 97
297 7.427298 97
298 7.525267 97
299 7.333981 97
300 0.127689 100
301 1.804489 100
302 2.502118 100
303 2.955176 100
304 3.908272 100
305 3.440000 100
306 3.938267 100
307 4.390183 100
308 4.877726 100
309 4.812892 100
310 5.000626 100
311 5.595538 100
312 5.604133 100
313 5.409550 100
314 6.152990 100
315 5.937394 100
316 6.242031 100
317 6.944455 100
318 6.900333 100
319 6.793353 100
320 6.725588 100
321 7.055719 100
322 6.818485 100
323 7.124475 100
324 7.460702 100
325 6.433703 100
326 6.776902 100
327 6.478238 100
328 6.788192 100
329 6.908855 100
330 7.362365 100
331 7.087563 100
332 7.191623 100
333 7.097274 100
334 7.361647 100
335 7.304030 100
336 7.062252 100
337 7.022889 100
338 0.150180 100
339 1.821642 100
340 7.433661 100
341 7.685005 100
342 7.141666 100
343 6.890133 100
344 7.329993 100
345 7.445397 100
346 7.092410 100
347 7.364176 100
348 7.005665 100
349 7.368011 100
350 0.055180 107
351 1.066884 107
352 2.081601 107
353 2.828856 107
354 3.170253 107
355 0.112413 107
356 0.084061 107
357 0.076771 107
358 0.076501 107
359 1.061529 107
360 4.620531 107
361 5.314086 107
362 0.086970 107
363 1.316991 107
364 0.086679 107
365 1.818539 107
366 0.096354 107
367 0.087356 107
368 1.684468 107
369 6.886123 107
370 0.108090 107
371 0.101981 107
372 0.104867 107
373 1.768980 107
374 0.109453 107
375 1.724088 107
376 7.213108 107
377 6.862000 107
378 0.114934 107
379 0.112075 107
380 1.874922 107
381 6.871261 107
382 7.417889 107
383 0.123696 107
384 0.122463 107
385 1.972984 107
386 7.582188 107
387 7.639213 107
388 0.142646 107
389 0.151656 107
390 0.165082 107
391 0.170132 107
392 2.508745 107
393 7.650741 107
394 0.180783 107
395 0.208909 107
396 2.438640 107
397 0.240899 107
398 0.239547 107
399 0.279798 107
450 0.000000 104
451 0.000000 104
452 0.000000 104
453 0.000000 104
454 0.000000 104
455 0.000000 104
456 0.000000 104
457 0.000000 104
458 0.000000 104
459 0.012769 104
460 12.083932 104
461 2.160176 104
462 5.500482 104
463 4.233115 104
464 4.594737 104
465 8.228440 104
466 1.540326 104
467 2.408681 104
468 5.349027 104
469 12.498828 104
470 1.793783 104
471 1.551945 104
472 1.398349 104
473 2.226569 104
474 3.295438 104
475 1.509176 104
476 1.445876 104
477 1.503892 104
478 1.692995 104
479 1.569277 104
480 4.439943 104
481 1.837843 104
482 0.002152 104
483 2.756697 104
484 7.738877 104
485 5.816160 104
486 3.131376 104
487 6.424578 104
488 6.832545 104
489 2.071881 104
490 3.859566 104
491 7.573767 104
492 8.080744 104
493 1.776878 104
494 3.776937 104
495 4.032344 104
496 1.467802 104
497 7.330859 104
498 4.652635 104
499 1.264357 104
500 1.027060 114
501 3.960555 114
502 12.877537 114
503 5.207948 114
504 1.062095 114
505 1.695615 114
506 1.605108 114
507 1.541449 114
508 0.329086 114
509 2.046754 114
510 17.378993 114
511 0.683002 114
512 1.454735 114
513 0.000000 114
514 0.873424 114
515 2.509994 114
516 1.086800 114
517 1.683630 114
518 2.383866 114
519 2.777469 114
520 2.071626 114
521 2.252680 114
522 3.091849 114
523 11.568901 114
524 1.623841 114
525 2.493955 114
526 0.000000 114
527 13.440588 114
528 1.251773 114
529 1.998354 114
530 0.890545 114
531 1.728001 114
532 1.571146 114
533 2.359597 114
534 5.248215 114
535 2.562290 114
536 4.011808 114
537 1.993566 114
538 1.373731 114
539 2.990566 114
540 3.236246 114
541 2.245470 114
542 1.895106 114
543 0.323378 114
544 0.528453 114
545 1.757330 114
546 0.000000 114
547 1.271019 114
548 0.787688 114
549 10.572858 114
550 10.408947 99
551 72.232416 99
552 13.407129 99
553 1.681146 99
554 1.031321 99
555 1.015546 99
556 1.229956 99
557 16.877000 99
558 1.075769 99
559 77.765491 99
560 1.032211 99
561 15.647616 99
562 4.642349 99
563 3.243303 99
564 1.346634 99
565 36.919732 99
566 1.417009 99
567 167.248539 99
568 2.567604 99
569 0.383445 99
570 0.891411 99
571 0.504195 99
572 1.196761 99
573 1.328036 99
574 1.161964 99
575 1.223004 99
576 1.144523 99
577 1.670652 99
578 0.957830 99
579 1.674670 99
580 1.450167 99
581 1.411276 99
582 1.354842 99
583 1.430457 99
584 1.454900 99
585 1.322932 99
586 0.610325 99
587 0.552063 99
588 0.629008 99
589 1.678185 99
590 0.870735 99
591 0.470337 99
592 0.000000 99
593 0.303893 99
594 0.833899 99
595 1.005043 99
596 0.966098 99
597 0.941675 99
598 0.301942 99
599 0.795278 99
600 0.392578 110
601 1.030015 110
602 0.931424 110
603 0.271612 110
604 0.779716 110
605 0.971069 110
606 0.894721 110
607 1.011546 110
608 3.015464 110
609 0.473189 110
610 0.907996 110
611 0.291251 110
612 0.850504 110
613 0.883768 110
614 0.989825 110
615 1.001023 110
616 2.584604 110
617 3.428653 110
618 0.305215 110
619 1.421862 110
620 0.816762 110
621 0.317442 110
622 2.487734 110
623 2.864745 110
624 0.000000 110
625 0.783478 110
626 0.147938 110
627 0.158400 110
628 0.169482 110
629 0.176231 110
630 0.439856 110
631 0.274503 110
632 2.450835 110
633 2.587498 110
634 0.702213 110
635 0.833372 110
636 0.621018 110
637 0.578140 110
638 0.567466 110
639 0.674166 110
640 0.404084 110
641 0.682373 110
642 0.497784 110
643 0.505743 110
644 0.350870 110
645 0.727456 110
646 0.572070 110
647 0.673908 110
648 0.588011 110
649 2.146612 110
650 0.190147 105
651 0.704953 105
652 1.505235 105
653 0.556366 105
654 0.321471 105
655 6.724639 105
656 1.138128 105
657 0.505146 105
658 0.501820 105
659 0.141527 105
660 1.077150 105
661 0.394314 105
662 0.988487 105
663 0.555455 105
664 0.600739 105
665 0.511495 105
666 0.401939 105
667 0.777034 105
668 1.679801 105
669 0.530197 105
670 1.253334 105
671 0.773177 105
672 0.478973 105
673 0.635116 105
674 0.429464 105
675 0.457003 105
676 0.000000 105
677 0.618689 105
678 2.917819 105
679 0.000000 105
680 0.381553 105
681 5.043830 105
682 1.857490 105
683 0.021645 105
684 0.577869 105
685 0.711015 105
686 0.343198 105
687 0.338575 105
688 0.546276 105
689 1.279611 105
690 0.772629 105
691 0.352765 105
692 0.306889 105
693 0.600949 105
694 0.630074 105
695 0.449784 105
696 0.550951 105
697 241.405773 105
698 0.288771 105
699 0.719134 105
700 0.610594 93
701 1.632278 93
702 0.402987 93
703 1.143807 93
704 0.630197 93
705 0.303828 93
706 0.363583 93
707 0.420636 93
708 0.369438 93
709 0.581462 93
710 0.643749 93
711 0.436091 93
712 0.718525 93
713 0.621148 93
714 13.409417 93
715 5.220854 93
716 11.187759 93
717 6.893845 93
718 0.777349 93
719 0.936865 93
720 0.396077 93
721 0.410646 93
722 0.652944 93
723 0.583314 93
724 0.496076 93
725 0.281650 93
726 0.000000 93
727 0.000000 93
728 0.000000 93
729 0.000000 93
730 0.000000 93
731 0.000000 93
732 0.000000 93
733 0.000000 93
734 0.000000 93
735 0.000000 93
736 3.047905 93
737 0.631419 93
738 42.945079 93
739 80.036361 93
740 82.622897 93
741 0.942085 93
742 1.831490 93
743 1.916089 93
744 1.625023 93
745 3.231856 93
746 1.108533 93
747 2.587724 93
748 3.058108 93
749 1.723008 93
750 8.241673 96
751 1.770600 96
752 1.200817 96
753 2.876219 96
754 1.238709 96
755 18.371375 96
756 8.970766 96
757 67.834892 96
758 0.992870 96
759 8.091516 96
760 1.084891 96
761 15.447298 96
762 0.540209 96
763 4.048108 96
764 4.532394 96
765 1.361174 96
766 0.786633 96
767 3.603304 96
768 1.445152 96
769 0.766069 96
770 4.809065 96
771 0.542469 96
772 0.424509 96
773 0.304269 96
774 0.856290 96
775 2.020895 96
776 0.000000 96
777 1.197103 96
778 0.786173 96
779 0.891814 96
780 1.486277 96
781 2.498179 96
782 4.848390 96
783 1.349932 96
784 1.438638 96
785 1.343292 96
786 3.289041 96
787 1.343821 96
788 2.834290 96
789 0.601541 96
790 0.789385 96
791 49.277729 96
792 1.999490 96
793 1.224451 96
794 1.037193 96
795 1.071411 96
796 1.064469 96
797 0.792612 96
798 0.763142 96
799 1.016114 96
800 48.851136 105
801 3.784974 105
802 1.427893 105
803 20.730592 105
804 2.939590 105
805 1.013243 105
806 18.125257 105
807 1.457964 105
808 1.401197 105
809 5.141598 105
810 7.221064 104
811 1.597659 105
812 1.142610 105
813 3.941698 105
814 2.459507 105
815 0.805344 105
816 8.894569 105
817 4.972402 105
818 3.650806 105
819 2.857803 105
820 2.510018 105
821 2.658902 105
822 1.701596 105
823 1.454914 105
824 0.061436 105
825 6.267829 105
826 1.226484 105
827 3.762562 105
828 1.889000 105
829 6.805326 105
830 19.494379 105
831 11.241484 105
832 71.820012 105
833 1.627522 105
834 1.695944 105
835 1.160960 105
836 1.205045 105
837 1.078569 105
838 1.655775 105
839 7.953875 105
840 18.276301 105
841 0.248751 105
842 3.130808 105
843 2.270283 105
844 1.616725 105
845 2.434972 105
846 173.242098 105
847 1.968934 105
848 2.545681 105
849 1.380895 105
850 28.092927 104
851 0.893652 104
852 2.246614 104
853 1.996392 104
854 1.990451 104
855 4.369652 104
856 3.400818 104
857 2.007952 104
858 5.725621 104
859 4.442112 104
860 2.899460 104
861 2.483686 104
862 1.282427 104
863 1.282388 104
864 1.482698 104
865 1.626154 104
866 0.000000 104
867 0.095742 104
868 0.000000 104
869 0.000000 104
870 0.051547 104
871 0.000000 104
872 0.045989 104
873 0.000000 104
874 0.000000 104
875 0.000000 104
876 0.000000 104
877 0.000000 104
878 0.000000 104
879 0.000000 104
880 0.000000 104
881 0.000000 104
882 0.000000 104
883 0.000000 104
884 0.000000 104
885 0.000000 104
886 0.000000 104
887 0.000000 104
888 0.000000 104
889 0.000000 104
890 0.000000 104
891 0.000000 104
892 0.188288 104
893 0.002235 104
894 0.212889 104
895 1.485858 104
896 5.327361 104
897 4.921587 104
898 2.563823 104
899 5.558269 104
900 1.311341 99
901 0.355677 99
902 9.567395 99
903 19.274916 98
904 18.935587 99
905 6.517488 99
906 2.838360 99
907 2.892037 99
908 7.397796 99
909 3.515122 99
910 3.344769 99
911 7.726044 99
912 3.246747 99
913 3.176680 99
914 1.088646 99
915 2.909385 99
916 2.312416 99
917 0.000000 99
918 0.000000 99
919 0.000000 99
920 0.000000 99
921 0.000000 99
922 0.000000 99
923 0.000000 99
924 0.000000 99
925 0.000000 99
926 0.000000 99
927 0.000000 99
928 0.000000 99
929 0.000000 99
930 0.000000 99
931 3.484718 99
932 1.038951 99
933 0.762304 99
934 1.697349 99
935 2.976790 99
936 4.112452 99
937 1.029796 99
938 1.641748 99
939 1.210394 99
940 3.839552 99
941 3.765037 99
942 3.816504 99
943 4.199836 99
944 1.943986 99
945 1.491015 99
946 2.312355 99
947 2.940424 99
948 2.184241 99
949 5.139253 99
950 2.283680 101
951 41.678138 101
952 1.647382 101
953 2.334403 101
954 1.731095 101
955 2.606882 101
956 1.352963 101
957 3.414742 101
958 4.705758 101
959 4.351163 101
960 1.461892 101
961 4.515037 101
962 3.295758 101
963 4.530825 101
964 1.512510 101
965 2.248101 101
966 2.791802 101
967 21.600769 101
968 34.042851 101
969 34.537589 101
970 33.007954 101
971 35.961954 101
972 2.166480 101
973 2.073461 101
974 2.486307 101
975 4.656260 101
976 1.350023 101
977 1.204213 101
978 2.341121 101
979 1.108711 101
980 1.342979 101
981 10.187543 101
982 1.928586 101
983 1.777480 101
984 2.181023 101
985 7.182837 101
986 1.652156 101
987 4.346052 101
988 1.691415 101
989 0.132890 101
990 2.130180 101
991 1.344300 101
992 1.727154 101
993 2.191463 101
994 0.818117 101
995 0.932228 101
996 1.593361 101
997 2.554183 101
998 3.439255 101
999 0.712056 101
1000 1.423509 80
1001 1.757521 80
1002 0.862306 80
1003 2.614893 80
1004 1.017745 80
1005 1.193004 80
1006 4.974939 80
1007 1.599086 80
1008 0.850113 80
1009 1.268971 80
1010 1.526359 80
1011 1.113336 80
1012 4.642071 80
1013 14.061931 80
1014 1.845626 80
1015 1.345602 80
1016 4.183091 80
1017 9.204429 80
1018 6.203253 80
1019 5.806171 80
1020 6.713711 80
1021 6.341382 80
1022 6.413893 80
1023 5.944655 80
1024 6.272300 80
1025 6.516483 80
1026 5.867221 80
1027 5.618297 80
1028 6.883744 80
1029 6.211929 80
1030 6.434953 80
1031 6.137287 80
1032 1.508591 80
1033 3.756425 80
1034 3.358385 80
1035 1.713183 80
1036 4.197202 80
1037 1.596853 80
1038 3.805579 80
1039 2.984618 80
1040 1.769122 80
1041 4.295863 80
1042 2.639042 80
1043 1.114521 80
1044 4.910807 80
1045 5.475306 80
1046 1.268042 80
1047 2.445797 80
1048 2.720980 80
1049 8.032623 80
1050 11.188543 102
1051 11.055609 102
1052 13.213868 102
1053 2.001320 102
1054 4.481904 102
1055 1.960731 102
1056 4.769368 102
1057 4.979460 102
1058 2.184731 102
1059 6.101620 102
1060 7.301696 102
1061 22.899884 102
1062 85.471653 102
1063 110.259188 102
1064 160.538416 102
1065 62.090629 102
1066 212.005039 102
1067 40.231880 102
1068 122.472086 102
1069 70.333847 102
1070 70.188621 102
1071 155.345584 102
1072 95.575543 102
1073 132.329527 102
1074 40.358158 102
1075 61.774087 102
1076 115.555358 102
1077 84.928812 102
1078 157.195579 102
1079 225.034144 102
1080 71.562288 102
1081 72.687669 102
1082 171.076537 102
1083 130.987725 102
1084 132.331398 102
1085 39.383562 102
1086 80.224415 102
1087 0.042829 102
1088 0.051554 102
1089 0.031961 102
1090 0.015786 102
1091 0.026793 102
1092 0.022814 102
1093 0.019028 102
1094 2.309370 102
1095 1.502892 102
1096 2.948101 102
1097 4.485367 102
1098 4.864501 102
1099 10.106826 102
1100 2.329548 115
1101 1.658078 115
1102 253.004071 115
1103 0.994935 115
1104 1.047224 115
1105 1.056190 115
1106 1.011693 115
1107 1.079211 115
1108 1.726181 115
1109 5.207650 115
1110 6.460399 115
1111 5.187315 115
1112 0.058952 115
1113 22.046914 115
1114 1.139805 115
1115 1.163110 115
1116 1.157942 115
1117 2.452557 115
1118 2.433715 115
1119 1.802328 115
1120 3.223517 115
1121 2.931606 115
1122 0.420140 115
1123 1.216952 115
1124 1.084002 115
1125 0.431919 115
1126 2.762139 115
1127 5.642399 115
1128 5.616375 115
1129 2.250219 115
1130 2.210949 115
1131 2.878991 115
1132 0.000000 115
1133 0.000000 115
1134 3.202924 115
1135 10.503976 115
1136 66.596742 115
1137 2.321094 115
1138 6.579285 115
1139 0.303905 115
1140 1.018687 115
1141 0.823129 115
1142 0.000000 115
1143 0.596342 115
1144 0.816408 115
1145 5.638253 115
1146 9.987516 115
1147 64.296310 115
1148 7.639508 115
1149 2.993381 115
1150 2.235332 105
1151 4.887432 105
1152 5.501764 105
1153 1.882106 105
1154 2.621579 105
1155 2.808610 105
1156 0.000000 105
1157 0.000000 105
1158 1.602782 105
1159 3.342713 105
1160 31.989223 105
1161 70.472668 105
1162 8.687899 105
1163 25.287139 105
1164 7.990730 105
1165 4.720560 105
1166 6.147264 105
1167 1.824607 105
1168 1.809058 105
1169 6.977488 105
1170 0.430552 105
1171 1.229003 105
1172 0.595173 105
1173 0.725935 105
1174 0.575656 105
1175 0.821450 105
1176 0.444078 105
1177 1.212984 105
1178 0.641041 105
1179 0.782004 105
1180 0.621428 105
1181 0.807854 105
1182 2.215476 105
1183 1.503800 105
1184 6.998764 105
1185 17.239840 105
1186 1.285025 105
1187 2.143562 105
1188 0.000000 105
1189 0.000000 105
1190 6.661229 105
1191 8.231038 105
1192 46.875382 105
1193 2.249139 105
1194 4.173113 105
1195 3.131024 105
1196 7.827589 105
1197 4.474664 105
1198 2.512256 105
1199 4.076537 105
1200 18.908184 106
1201 43.381358 106
1202 1.332755 106
1203 6.155569 106
1204 0.000000 106
1205 3.312351 106
1206 11.292754 106
1207 5.288713 106
1208 1.831861 106
1209 2.794870 106
1210 0.228439 106
1211 35.148542 106
1212 28.192400 106
1213 4.439162 106
1214 4.422160 106
1215 0.000000 106
1216 1.612996 106
1217 1.485394 106
1218 3.998585 106
1219 1.882487 106
1220 1.169027 106
1221 3.092100 106
1222 1.672432 106
1223 7.678902 106
1224 9.471121 106
1225 1.246255 106
1226 1.620670 106
1227 16.598328 106
1228 2.420322 106
1229 2.469974 106
1230 36.993282 106
1231 1.577645 106
1232 3.895773 106
1233 2.069076 106
1234 4.432180 106
1235 36.949723 106
1236 0.553384 106
1237 1.012880 106
1238 3.183800 106
1239 1.503005 106
1240 2.794566 106
1241 6.345577 106
1242 1.530724 106
1243 0.851321 106
1244 2.646647 106
1245 8.213318 106
1246 53.355482 106
1247 1.147263 106
1248 0.301192 106
1249 0.667866 106
1250 24.774844 99
1251 1.532279 99
1252 3.561109 99
1253 3.636778 99
1254 17.728393 99
1255 4.293120 99
1256 1.288633 99
1257 7.505446 99
1258 2.403469 99
1259 0.509456 99
1260 2.665770 99
1261 1.243430 99
1262 4.913889 99
1263 5.644228 99
1264 0.850392 99
1265 0.782696 99
1266 2.329401 99
1267 1.617591 99
1268 14.697766 99
1269 2.005776 99
1270 2.994846 99
1271 4.773323 99
1272 4.717185 99
1273 5.485777 99
1274 5.107337 99
1275 5.720170 99
1276 4.827855 99
1277 5.078264 99
1278 2.170874 99
1279 0.668253 99
1280 0.728434 99
1281 0.996921 99
1282 0.000000 99
1283 0.651946 99
1284 0.718291 99
1285 8.265532 99
1286 4.965178 99
1287 17.862478 99
1288 2.135936 99
1289 4.631475 99
1290 0.171516 99
1291 18.880823 99
1292 18.490011 99
1293 1.906863 99
1294 2.331436 99
1295 16.867243 99
1296 2.221797 99
1297 1.879968 99
1298 468.469995 99
1299 0.000000 99
1300 0.553218 107
1301 1.196074 107
1302 1.121780 107
1303 0.688319 107
1304 1.541787 107
1305 0.551254 107
1306 2.719091 107
1307 0.870762 107
1308 1.550808 107
1309 2.101324 107
1310 1.038056 107
1311 2.353017 107
1312 2.635443 107
1313 1.974754 107
1314 8.234582 107
1315 1.091187 107
1316 2.416749 107
1317 1.381601 107
1318 1.027452 107
1319 2.510191 107
1320 1.141674 107
1321 2.500679 107
1322 0.050290 107
1323 0.999372 107
1324 1.037455 107
1325 0.928888 107
1326 1.291797 107
1327 0.258316 107
1328 1.900317 107
1329 0.167820 107
1330 27.774517 107
1331 2.015386 107
1332 1.991450 107
1333 0.984312 107
1334 2.493806 107
1335 3.133205 107
1336 3.119272 107
1337 3.681101 107
1338 3.904103 107
1339 3.712851 107
1340 4.056731 107
1341 3.874920 107
1342 4.136951 107
1343 4.120495 107
1344 4.169283 107
1345 4.405132 107
1346 4.571496 107
1347 4.254698 107
1348 4.375240 107
1349 4.479209 107
1350 2.032895 98
1351 3.441406 98
1352 2.829074 98
1353 3.235602 98
1354 2.739668 98
1355 2.959267 98
1356 2.859304 98
1357 2.777648 98
1358 2.988590 98
1359 3.004620 98
1360 2.998082 98
1361 3.061189 98
1362 2.830593 98
1363 2.803190 98
1364 4.354718 98
1365 3.058474 98
1366 3.222318 98
1367 2.956241 98
1368 3.085700 98
1369 2.923684 98
1370 3.284380 98
1371 3.336205 98
1372 3.440368 98
1373 3.184490 98
1374 3.366859 98
1375 3.187602 98
1376 3.550796 98
1377 3.269503 98
1378 3.311245 98
1379 3.895579 98
1380 3.480531 98
1381 3.522159 98
1382 3.683726 98
1383 3.507404 98
1384 3.642660 98
1385 3.705598 98
1386 21.029195 98
1387 85.514350 98
1388 51.570773 98
1389 46.275704 98
1390 48.754017 98
1391 93.952975 98
1392 110.296191 98
1393 238.382190 98
1394 102.966025 98
1395 121.918890 98
1396 28.817794 98
1397 71.792896 98
1398 49.042503 98
1399 107.953070 98
1400 16.644778 92
1401 73.906896 92
1402 38.809971 92
1403 48.053006 92
1404 57.901362 92
1405 90.338858 92
1406 45.037867 92
1407 190.729134 92
1408 41.849401 92
1409 62.531806 92
1410 81.989371 92
1411 83.815666 92
1412 45.846950 92
1413 108.833669 92
1414 111.739097 92
1415 45.690538 92
1416 96.426218 92
1417 14.435347 92
1418 75.784046 92
1419 83.288551 92
1420 104.470821 92
1421 40.018952 92
1422 47.431804 92
1423 30.002903 92
1424 201.529278 92
1425 89.484269 92
1426 48.184668 92
1427 96.285345 92
1428 51.638525 92
1429 101.814394 92
1430 66.881302 92
1431 46.692940 92
1432 118.812804 92
1433 0.883697 92
1434 2.445460 92
1435 0.000000 92
1436 0.000000 92
1437 0.000000 92
1438 0.000000 92
1439 0.000000 92
1440 0.198702 92
1441 4.174297 92
1442 3.396599 92
1443 0.213018 92
1444 1.262552 92
1445 2.381421 92
1446 19.689417 92
1447 1.337985 92
1448 1.372873 92
1449 2.342796 92
1450 1.598795 89
1451 2.776232 89
1452 3.385987 89
1453 3.251461 89
1454 0.003912 89
1455 0.141203 89
1456 0.000000 89
1457 2.086620 89
1458 2.394619 89
1459 2.232484 89
1460 0.704000 89
1461 1.026899 89
1462 1.829896 89
1463 4.023042 89
1464 1.789204 89
1465 0.611249 89
1466 2.205152 89
1467 2.396001 89
1468 2.646721 89
1469 2.638624 89
1470 1.514249 89
1471 2.091550 89
1472 4.851519 89
1473 7.931125 89
1474 2.571843 89
1475 4.805256 89
1476 2.019674 89
1477 4.075594 89
1478 1.321738 89
1479 2.544958 89
1480 1.428956 89
1481 1.221859 89
1482 3.917877 89
1483 1.449510 89
1484 1.898583 89
1485 0.779188 89
1486 5.678285 89
1487 2.721499 89
1488 0.844056 89
1489 2.939693 89
1490 1.527859 89
1491 2.262540 89
1492 3.970741 89
1493 1.708992 89
1494 2.526871 89
1495 31.254920 89
1496 1.921616 89
1497 1.208604 89
1498 1.424440 89
1499 1.094261 89
1500 0.786821 99
1501 1.209547 99
1502 5.970054 99
1503 1.533860 99
1504 1.462552 99
1505 1.227244 99
1506 1.646045 99
1507 1.522689 99
1508 1.481690 99
1509 1.270307 99
1510 1.439254 99
1511 0.767373 99
1512 0.996680 99
1513 0.922037 99
1514 1.000872 99
1515 0.535984 99
1516 2.081583 99
1517 0.563546 99
1518 0.494694 99
1519 10.572802 99
1520 56.610866 99
1521 0.355156 99
1522 0.994242 99
1523 0.631955 99
1524 2.809179 99
1525 1.249093 99
1526 3.368912 99
1527 3.030942 99
1528 0.000000 99
1529 0.000000 99
1530 0.000000 99
1531 0.000000 99
1532 0.934342 99
1533 2.304855 99
1534 2.950233 99
1535 2.504934 99
1536 126.055578 99
1537 1.070613 99
1538 1.081967 99
1539 0.870603 99
1540 1.030798 99
1541 1.041407 99
1542 1.032065 99
1543 1.015832 99
1544 1.032096 99
1545 1.254814 99
1546 1.688281 99
1547 0.000000 99
1548 0.991202 99
1549 2.723344 99
1550 1.296217 117
1551 0.914092 117
1552 0.714783 117
1553 1.647752 117
1554 6.021078 117
1555 0.613665 117
1556 3.433023 117
1557 0.612150 117
1558 2.005666 117
1559 1.658812 117
1560 1.296488 117
1561 1.537208 117
1562 1.346946 117
1563 0.534329 117
1564 1.319446 117
1565 2.832758 117
1566 2.569518 117
1567 2.880669 117
1568 0.749400 117
1569 0.631325 117
1570 0.068059 117
1571 1.735927 117
1572 1.337005 117
1573 1.600328 117
1574 1.248451 117
1575 0.211317 117
1576 9.626243 117
1577 1.005748 117
1578 0.913009 117
1579 1.230744 117
1580 1.679905 117
1581 3.157260 117
1582 2.988980 117
1583 3.097607 117
1584 8.521154 117
1585 11.032173 117
1586 0.000000 117
1587 0.000000 117
1588 0.000000 117
1589 0.000000 117
1590 0.000000 117
1591 0.000000 117
1592 0.000000 117
1593 0.000000 117
1594 0.000000 117
1595 0.000000 117
1596 0.000000 117
1597 0.000000 117
1598 2.735824 117
1599 5.948050 117
1600 2.046880 110
1601 1.071338 110
1602 2.615437 110
1603 2.761957 110
1604 2.993823 110
1605 1.304252 110
1606 4.060845 110
1607 3.662529 110
1608 1.414226 110
1609 4.472906 110
1610 3.758515 110
1611 1.612390 110
1612 4.368149 110
1613 1.510149 110
1614 3.955453 110
1615 2.048737 110
1616 4.110788 110
1617 4.526967 110
1618 4.016908 110
1619 4.585808 110
1620 0.700257 110
1621 8.404599 110
1622 1.239181 110
1623 1.042335 110
1624 1.595841 110
1625 2.825035 110
1626 1.709911 110
1627 2.867554 110
1628 1.763360 110
1629 3.056121 110
1630 26.575643 110
1631 88.595569 110
1632 2.084896 110
1633 1.043890 110
1634 30.784515 110
1635 1.608944 110
1636 0.000000 110
1637 0.000000 110
1638 0.000000 110
1639 4.004823 110
1640 1.343392 110
1641 1.322055 110
1642 2.012227 110
1643 4.917532 110
1644 2.397191 110
1645 5.918250 110
1646 0.981500 110
1647 2.892262 110
1648 0.448934 110
1649 1.141232 110
1650 1.853537 92
1651 2.741382 92
1652 2.642037 92
1653 1.297835 92
1654 66.336476 92
1655 16.491374 92
1656 1.839654 92
1657 2.237838 92
1658 1.283631 92
1659 1.137658 92
1660 1.736487 92
1661 2.890948 92
1662 2.451602 92
1663 2.340945 92
1664 0.209775 92
1665 1.551921 92
1666 1.646728 92
1667 0.660525 92
1668 1.295459 92
1669 1.572117 92
1670 0.608165 92
1671 1.433350 92
1672 0.037786 92
1673 0.029207 92
1674 0.013875 92
1675 0.015357 92
1676 0.009851 92
1677 0.010865 92
1678 0.012405 92
1679 0.233542 92
1680 0.012098 92
1681 0.361783 92
1682 2.201710 92
1683 4.473558 92
1684 4.446697 92
1685 0.533665 92
1686 0.700974 92
1687 3.522146 92
1688 1.635858 92
1689 0.887618 92
1690 106.268134 92
1691 1.974971 92
1692 100.156421 92
1693 0.552712 92
1694 1.826035 92
1695 4.087938 92
1696 1.807892 92
1697 4.014416 92
1698 1.366116 92
1699 3.661235 92
1700 1.219535 92
1701 2.867060 92
1702 2.593790 92
1703 0.324991 92
1704 0.324528 92
1705 2.269886 92
1706 5.075339 91
1707 5.279315 92
1708 4.406018 92
1709 3.853147 92
1710 11.088744 92
1711 33.046503 92
1712 33.684091 92
1713 34.091236 92
1714 1.045741 92
1715 0.002106 92
1716 0.729787 92
1717 2.020733 92
1718 9.953472 92
1719 1.224660 92
1720 0.879259 92
1721 0.911994 92
1722 1.158887 92
1723 4.222195 92
1724 1.229324 92
1725 0.859750 92
1726 46.184377 92
1727 9.403139 92
1728 17.102919 92
1729 0.609163 92
1730 0.911335 92
1731 1.523889 92
1732 4.012102 92
1733 31.583413 92
1734 1.489471 92
1735 1.381077 92
1736 1.371439 92
1737 2.120843 92
1738 1.599912 92
1739 0.169551 92
1740 1.743576 92
1741 1.061939 92
1742 164.080927 92
1743 3.548707 92
1744 2.155413 92
1745 1.611406 92
1746 1.217659 92
1747 31.842383 92
1748 0.508178 92
1749 7.664396 92
1750 3.374031 119
1751 2.126109 119
1752 0.776214 119
1753 1.582658 119
1754 3.371885 119
1755 3.482848 119
1756 20.735915 119
1757 1.119915 119
1758 0.926830 119
1759 19.982043 119
1760 1.541756 119
1761 1.850254 119
1762 2.027389 119
1763 2.436470 119
1764 2.330542 119
1765 3.442302 119
1766 2.574851 119
1767 3.059778 119
1768 2.928005 119
1769 0.000000 119
1770 0.000000 119
1771 0.620291 119
1772 1.315626 119
1773 4.047523 119
1774 1.568237 119
1775 3.843665 119
1776 0.038057 119
1777 0.069704 119
1778 0.067543 119
1779 1.903456 119
1780 1.283616 119
1781 6.196092 119
1782 7.889363 119
1783 19.483079 119
1784 12.385455 119
1785 1.185618 119
1786 1.264106 119
1787 0.000000 119
1788 1.303636 119
1789 1.464553 119
1790 2.470239 119
1791 0.081046 119
1792 1.548772 119
1793 3.437828 119
1794 3.686868 119
1795 0.846518 119
1796 0.851446 119
1797 2.025856 119
1798 0.594675 119
1799 0.936319 119
1800 0.531313 112
1801 2.811863 112
1802 0.565097 112
1803 0.738148 112
1804 1.752435 112
1805 0.725449 112
1806 0.777587 112
1807 0.000000 112
1808 1.702033 112
1809 2.137638 112
1810 0.596249 112
1811 0.042827 112
1812 0.571372 112
1813 2.456767 112
1814 3.491309 112
1815 3.303342 112
1816 13.296284 112
1817 1.238051 112
1818 1.150554 112
1819 1.526075 112
1820 1.235166 112
1821 143.208628 112
1822 196.162733 112
1823 2.101194 112
1824 2.278403 112
1825 0.980706 112
1826 1.042216 112
1827 4.762497 112
1828 4.946437 112
1829 4.653049 112
1830 1.184992 112
1831 25.445904 112
1832 97.624102 112
1833 1.427392 112
1834 15.415353 112
1835 1.315445 112
1836 15.000118 112
1837 1.194475 112
1838 0.783164 112
1839 2.156102 112
1840 1.098047 112
1841 7.513957 112
1842 16.085826 112
1843 7.030018 112
1844 2.090458 112
1845 1.349726 112
1846 1.386800 112
1847 0.000000 112
1848 0.000000 112
1849 0.919363 112
1850 1.103655 104
1851 10.325779 104
1852 0.044197 104
1853 0.756242 104
1854 1.672075 104
1855 1.740371 104
1856 0.554478 104
1857 0.634899 104
1858 1.844212 104
1859 1.800687 104
1860 1.344470 104
1861 1.063999 104
1862 178.708714 104
1863 0.382350 104
1864 1.332972 104
1865 1.550809 104
1866 0.646981 104
1867 1.289943 104
1868 0.533725 104
1869 0.550351 104
1870 0.657471 104
1871 1.068661 104
1872 0.173663 104
1873 0.202080 104
1874 0.084408 104
1875 0.604944 104
1876 0.775532 104
1877 1.732082 104
1878 16.152242 104
1879 3.378206 104
1880 4.897359 104
1881 3.338590 104
1882 43.623385 104
1883 3.234605 104
1884 19.962370 104
1885 3.752251 104
1886 3.943756 104
1887 76.474031 104
1888 8.228612 104
1889 19.022959 104
1890 5.017905 104
1891 1.817364 104
1892 1.672386 104
1893 1.466678 104
1894 0.650885 104
1895 1.297350 104
1896 1.242783 104
1897 0.776082 104
1898 0.910471 104
1899 1.987115 104
1900 0.784212 107
1901 6.297230 107
1902 0.510308 107
1903 0.354712 107
1904 0.405234 107
1905 0.000000 107
1906 0.000000 107
1907 0.000000 107
1908 0.000000 107
1909 0.000000 107
1910 0.000000 107
1911 0.000000 107
1912 2.725519 107
1913 6.137060 107
1914 6.317579 106
1915 6.307295 107
1916 6.117942 107
1917 6.047841 107
1918 5.843154 107
1919 6.134202 107
1920 6.156892 107
1921 6.070599 107
1922 5.829462 107
1923 6.085856 107
1924 5.388736 107
1925 5.733531 107
1926 5.986905 107
1927 6.025571 107
1928 5.858782 107
1929 6.208112 107
1930 6.204483 107
1931 5.628546 107
1932 5.935036 107
1933 5.644995 107
1934 6.074228 107
1935 5.746871 107
1936 1.286835 107
1937 3.399207 107
1938 2.561141 107
1939 1.488532 107
1940 3.342385 107
1941 3.412927 107
1942 0.161265 107
1943 0.941545 107
1944 2.065098 107
1945 1.294005 107
1946 2.099691 107
1947 2.908195 107
1948 5.659752 103
1949 2.759808 107
1950 1.996026 101
1951 0.556792 101
1952 1.139551 101
1953 1.903075 101
1954 1.488110 101
1955 3.978415 101
1956 1.252103 101
1957 12.869504 101
1958 1.154576 101
1959 2.464462 101
1960 4.623609 101
1961 0.000000 101
1962 0.000000 101
1963 0.000000 101
1964 1.061509 101
1965 26.632030 101
1966 1.379770 101
1967 0.539616 101
1968 1.905623 101
1969 1.536533 101
1970 0.696571 101
1971 0.000000 101
1972 0.732528 101
1973 1.331028 101
1974 1.037666 101
1975 1.166369 101
1976 1.833162 101
1977 2.115205 101
1978 2.108134 101
1979 0.409678 101
1980 21.803142 101
1981 1.563709 101
1982 3.578092 101
1983 3.480664 101
1984 3.820224 101
1985 8.199271 101
1986 10.558262 101
1987 10.464029 101
1988 1.530767 101
1989 3.836507 101
1990 1.220856 101
1991 3.487310 101
1992 2.165034 101
1993 3.043699 100
1994 1.677182 100
1995 3.539474 100
1996 3.745822 100
1997 100.569087 100
1998 117.941747 100
1999 117.850186 100
2000 77.557019 112
2001 81.225886 112
2002 80.765256 112
2003 87.653533 112
2004 4.526008 112
2005 4.709370 112
2006 5.328318 112
2007 1.024984 112
2008 1.650083 112
2009 1.771279 112
2010 56.506035 112
2011 1.072982 112
2012 2.526732 112
2013 15.072881 112
2014 0.000000 112
2015 1.890800 112
2016 1.075424 112
2017 1.186012 112
2018 1.355757 112
2019 0.940411 112
2020 3.345722 112
2021 1.327061 112
2022 1.893551 112
2023 1.231797 112
2024 9.680834 112
2025 5.287458 112
2026 1.618720 112
2027 1.281260 112
2028 1.281879 112
2029 1.768957 112
2030 1.580454 112
2031 1.512717 112
2032 1.800756 112
2033 2.334679 112
2034 15.755238 112
2035 2.189489 112
2036 1.307904 112
2037 247.027720 112
2038 2.057325 112
2039 1.888884 112
2040 1.041124 112
2041 1.340413 112
2042 1.099037 112
2043 8.241722 112
2044 10.557473 112
2045 2.212011 112
2046 5.132468 112
2047 5.200586 112
2048 4.882272 112
2049 3.131904 112
2050 2.213630 114
2051 5.868220 114
2052 5.735650 114
2053 1.202694 114
2054 2.763964 114
2055 2.841582 114
2056 2.314260 114
2057 58.360189 114
2058 6.855346 114
2059 7.639893 114
2060 8.056611 114
2061 7.225100 114
2062 3.126923 114
2063 0.998619 114
2064 0.269174 114
2065 3.436806 114
2066 1.725286 114
2067 0.278414 114
2068 1.545270 114
2069 0.669308 114
2070 27.932976 114
2071 26.122648 114
2072 12.371935 114
2073 1.100689 114
2074 3.766883 114
2075 23.405079 114
2076 1.177651 114
2077 2.387044 114
2078 0.389990 114
2079 1.222996 114
2080 11.866840 114
2081 0.941033 114
2082 1.575479 114
2083 0.218895 114
2084 0.446274 114
2085 0.458227 114
2086 0.501766 114
2087 0.481606 114
2088 0.482611 114
2089 0.618684 114
2090 1.339579 114
2091 0.716631 114
2092 0.257614 114
2093 0.416650 114
2094 0.421557 114
2095 0.447070 114
2096 0.029830 114
2097 0.226313 114
2098 0.434684 114
2099 0.636041 114
2100 0.566514 103
2101 0.812480 103
2102 0.003256 103
2103 23.856437 103
2104 27.505616 103
2105 1.059114 103
2106 0.555541 103
2107 0.272771 103
2108 0.892907 103
2109 1.373125 103
2110 2.790762 103
2111 0.836633 103
2112 1.132866 103
2113 14.182806 103
2114 62.346066 103
2115 112.372680 103
2116 100.602061 103
2117 23.294548 103
2118 50.978688 103
2119 51.167238 103
2120 41.234641 103
2121 42.560773 103
2122 90.071645 103
2123 40.302953 103
2124 269.724200 103
2125 2.135907 103
2126 19.435448 103
2127 18.466412 103
2128 1.518015 103
2129 1.636782 103
2130 1.629533 103
2131 1.295592 103
2132 2.108477 103
2133 1.288866 103
2134 2.029830 103
2135 2.167294 103
2136 0.000000 103
2137 0.000000 103
2138 1.411072 103
2139 0.835528 103
2140 1.038115 103
2141 4.666986 103
2142 1.829049 103
2143 2.010588 103
2144 9.712892 103
2145 22.119182 103
2146 82.326550 103
2147 18.619676 103
2148 2.386287 103
2149 1.133364 103
2350 0.000000 82
2351 2.232558 82
2352 1.650894 82
2353 22.985687 82
2354 3.852756 82
2355 2.973087 82
2356 26.530363 82
2357 109.023921 82
2358 77.805280 82
2359 203.336683 82
2360 47.986038 82
2361 145.947626 82
2362 220.301434 82
2363 114.220330 82
2364 86.590419 82
2365 85.837423 82
2366 211.670293 82
2367 148.070301 82
2368 243.339244 82
2369 37.946192 82
2370 235.610989 82
2371 134.407658 82
2372 41.915983 82
2373 174.064816 82
2374 80.827372 82
2375 232.529492 82
2376 89.583353 82
2377 138.766246 82
2378 75.257057 82
2379 191.002186 82
2380 51.190407 82
2381 154.319098 82
2382 52.817994 82
2383 2.153035 82
2384 4.998863 82
2385 5.519935 82
2386 2.414994 82
2387 5.133281 82
2388 5.243550 82
2389 34.818228 82
2390 4.209042 82
2391 4.540221 82
2392 1.282656 82
2393 3.836068 82
2394 3.508790 82
2395 1.897018 82
2396 4.049794 82
2397 4.840295 82
2398 1.853395 82
2399 4.613750 82
2400 2.221732 113
2401 5.345646 113
2402 4.689901 113
2403 5.277992 113
2404 5.152007 113
2405 5.137276 113
2406 4.857777 113
2407 4.635672 113
2408 5.688388 113
2409 5.166027 113
2410 1.137519 113
2411 0.011006 113
2412 1.655751 113
2413 2.933170 113
2414 2.042881 113
2415 2.243143 113
2416 1.848682 113
2417 3.291630 113
2418 4.234278 113
2419 4.575765 113
2420 2.419131 113
2421 0.000000 113
2422 0.000000 113
2423 0.000000 113
2424 0.000000 113
2425 0.000000 113
2426 0.000000 113
2427 0.000000 113
2428 0.000000 113
2429 0.000000 113
2430 0.000000 113
2431 0.000000 113
2432 1.565300 113
2433 1.219050 113
2434 2.006972 113
2435 13.444535 113
2436 2.026706 113
2437 1.616276 113
2438 1.897940 113
2439 2.440588 113
2440 2.967049 113
2441 0.027089 113
2442 0.028270 113
2443 0.032189 113
2444 2.025231 113
2445 5.161118 113
2446 12.682145 113
2447 254.872007 113
2448 4.193322 113
2449 3.723850 113
2450 0.363028 111
2451 0.482368 111
2452 0.504928 111
2453 1.213680 111
2454 3.803708 111
2455 61.413012 111
2456 138.159260 111
2457 0.097877 111
2458 1.157248 111
2459 3.436232 111
2460 0.867449 111
2461 9.474087 111
2462 16.260063 111
2463 4.727723 111
2464 2.561801 111
2465 4.646496 111
2466 1.405733 111
2467 3.507521 111
2468 4.576622 111
2469 1.608877 111
2470 1.192199 111
2471 0.425392 111
2472 1.306909 111
2473 0.013840 111
2474 1.671777 111
2475 0.986262 111
2476 1.900651 111
2477 2.113697 111
2478 18.887614 111
2479 3.521935 111
2480 0.317344 111
2481 4.198359 111
2482 1.820539 111
2483 2.436501 111
2484 1.500628 111
2485 3.340440 111
2486 1.908615 111
2487 17.365088 111
2488 1.769536 111
2489 8.699784 111
2490 0.962906 111
2491 3.517850 111
2492 1.968218 111
2493 0.602573 111
2494 1.910869 111
2495 1.984515 111
2496 1.288825 111
2497 85.716967 111
2498 1.269186 111
2499 2.367833 111
2500 1.307836 105
2501 1.778418 105
2502 0.007256 105
2503 0.220935 105
2504 2.331953 105
2505 4.667264 105
2506 1.886548 105
2507 9.067685 105
2508 1.283481 105
2509 0.000000 105
2510 2.502412 105
2511 2.442873 105
2512 1.723345 105
2513 19.044623 105
2514 1.500230 105
2515 2.166888 105
2516 4.613566 105
2517 1.464581 105
2518 2.514399 105
2519 0.000000 105
2520 2.115377 105
2521 1.600880 105
2522 2.812310 105
2523 1.977774 105
2524 1.522198 105
2525 1.791354 105
2526 1.601160 105
2527 1.767473 105
2528 7.263928 105
2529 5.465710 105
2530 4.887941 105
2531 1.310158 105
2532 44.165013 105
2533 55.134668 105
2534 1.647676 105
2535 2.518083 105
2536 2.399951 105
2537 1.974281 105
2538 1.233289 105
2539 2.013168 105
2540 1.168644 105
2541 2.138194 105
2542 1.974704 105
2543 0.317319 105
2544 1.016785 105
2545 2.601460 105
2546 2.772127 105
2547 1.861674 105
2548 29.237919 105
2549 1.991985 105
2550 1.560191 98
2551 1.298158 98
2552 0.251552 98
2553 2.715414 98
2554 0.000000 98
2555 4.064271 98
2556 1.683978 98
2557 1.920866 98
2558 1.373632 98
2559 1.217641 98
2560 1.221645 98
2561 1.519935 98
2562 1.122610 98
2563 98.243555 98
2564 105.524946 98
2565 98.501597 98
2566 98.689059 98
2567 104.874742 98
2568 104.291080 98
2569 98.371459 98
2570 95.367640 98
2571 98.364637 98
2572 100.302598 98
2573 96.068223 98
2574 97.842151 98
2575 98.728219 98
2576 102.048277 98
2577 97.426448 98
2578 98.517789 98
2579 96.742163 98
2580 101.981581 98
2581 101.042839 98
2582 94.973390 98
2583 102.464319 98
2584 99.573986 98
2585 95.916695 98
2586 95.370011 98
2587 93.998281 98
2588 92.872190 98
2589 97.317457 98
2590 98.365010 98
2591 99.045342 98
2592 98.870723 98
2593 98.256996 98
2594 98.975080 98
2595 98.897070 98
2596 95.968335 98
2597 92.979956 98
2598 92.454230 98
2599 86.700796 98
2600 64.516577 98
2601 79.859652 98
2602 76.232875 98
2603 78.235444 98
2604 79.343873 98
2605 75.845951 98
2606 77.268068 98
2607 77.043430 98
2608 67.475283 98
2609 80.462544 98
2610 88.630457 98
2611 97.232249 98
2612 92.440688 98
2613 92.597739 98
2614 101.556937 98
2615 99.194952 98
2616 103.698272 98
2617 112.702341 98
2618 98.353721 98
2619 112.397433 98
2620 103.810027 98
2621 102.165424 98
2622 107.730119 98
2623 108.661106 98
2624 107.311828 98
2625 101.786924 98
2626 114.007295 98
2627 113.371092 98
2628 106.001314 98
2629 103.578925 98
2630 106.022760 98
2631 103.565174 98
2632 103.544649 98
2633 105.146461 98
2634 110.563334 98
2635 104.178748 98
2636 101.700489 98
2637 104.228966 98
2638 103.330659 98
2639 93.832329 98
2640 111.081300 98
2641 103.668891 98
2642 100.258571 98
2643 105.192103 98
2644 103.329583 98
2645 104.287820 98
2646 108.045142 98
2647 104.967517 98
2648 98.175058 98
2649 99.488036 98
2650 58.331253 98
2651 73.665079 98
2652 76.275752 98
2653 81.550237 98
2654 70.981480 98
2655 76.370477 98
2656 79.737499 98
2657 76.490735 98
2658 71.297313 98
2659 75.153231 98
2660 78.877425 98
2661 81.088560 98
2662 83.793598 98
2663 4.118787 98
2664 6.458032 98
2665 2.285879 98
2666 8.048692 98
2667 0.000000 98
2668 0.000000 98
2669 0.000000 98
2670 0.000000 98
2671 0.000000 98
2672 0.000000 98
2673 0.000000 98
2674 0.000000 98
2675 0.000000 98
2676 0.000000 98
2677 0.000000 98
2678 0.000000 98
2679 0.000000 98
2680 0.000000 98
2681 0.000000 98
2682 0.000000 98
2683 0.000000 98
2684 0.000000 98
2685 0.000000 98
2686 0.000000 98
2687 0.000000 98
2688 0.000000 98
2689 0.000000 98
2690 0.000000 98
2691 0.000000 98
2692 0.000000 98
2693 0.000000 98
2694 0.000000 98
2695 0.000000 98
2696 0.000000 98
2697 0.000000 98
2698 0.000000 98
2699 0.000000 98
2700 0.000000 97
2701 0.000000 97
2702 0.000000 97
2703 0.000000 97
2704 0.000000 97
2705 0.000000 97
2706 0.000000 97
2707 0.000000 97
2708 0.000000 97
2709 0.000000 97
2710 0.000000 97
2711 3.543577 97
2712 2.539632 97
2713 2.783413 97
2714 34.543737 97
2715 2.534655 97
2716 234.289363 97
2717 3.567510 97
2718 65.064864 97
2719 1.692065 97
2720 1.888329 97
2721 24.825714 97
2722 4.078242 97
2723 2.495956 97
2724 3.500054 97
2725 3.796431 97
2726 4.124781 97
2727 4.202092 97
2728 5.050167 97
2729 14.874468 97
2730 172.699710 97
2731 4.423613 97
2732 4.232852 97
2733 242.528185 97
2734 3.960412 97
2735 8.066045 97
2736 2.406365 97
2737 6.872984 97
2738 5.812215 97
2739 4.280470 97
2740 4.044472 97
2741 4.132634 97
2742 5.086793 97
2743 45.430807 97
2744 4.711591 97
2745 4.274896 97
2746 13.797843 97
2747 2.677720 97
2748 25.312659 97
2749 2.640151 97
2750 7.804198 93
2751 4.061234 93
2752 7.893928 93
2753 3.788857 93
2754 2.052196 93
2755 5.798327 93
2756 2.427517 93
2757 2.895040 93
2758 2.769167 93
2759 1.767023 93
2760 1.165791 93
2761 0.925293 93
2762 1.186319 93
2763 1.132150 93
2764 1.253745 93
2765 1.079967 93
2766 1.141016 93
2767 0.985457 93
2768 1.239995 93
2769 1.083232 93
2770 1.194559 93
2771 1.290700 93
2772 1.313225 93
2773 1.247490 93
2774 1.120424 93
2775 1.030823 93
2776 1.249211 93
2777 0.984603 93
2778 1.687155 93
2779 1.202792 93
2780 1.188252 93
2781 0.988134 93
2782 1.121221 93
2783 1.090242 93
2784 1.174277 93
2785 1.982544 93
2786 1.264620 93
2787 1.022048 93
2788 3.913608 93
2789 1.583795 93
2790 1.847331 93
2791 1.913055 93
2792 2.702019 93
2793 2.477041 93
2794 2.243945 93
2795 1.923692 93
2796 1.881632 93
2797 2.275917 93
2798 1.803760 93
2799 2.386339 93
2800 1.891167 97
2801 2.292963 97
2802 1.913788 97
2803 2.369320 97
2804 2.392902 97
2805 2.320790 97
2806 2.329742 97
2807 2.688152 97
2808 1.761488 97
2809 2.471019 97
2810 2.030886 97
2811 2.011898 97
2812 1.890716 97
2813 1.962842 97
2814 2.139318 97
2815 1.610269 97
2816 4.450298 97
2817 3.647030 97
2818 4.146850 97
2819 0.000000 97
2820 0.000000 97
2821 0.000000 97
2822 0.000000 97
2823 0.000000 97
2824 0.000000 97
2825 0.000000 97
2826 0.000000 97
2827 0.000000 97
2828 0.000000 97
2829 0.000000 97
2830 0.000000 97
2831 0.000000 97
2832 0.000000 97
2833 0.000000 97
2834 0.000000 97
2835 0.000000 97
2836 0.000000 97
2837 0.000000 97
2838 0.000000 97
2839 3.752227 97
2840 7.894241 97
2841 7.982616 97
2842 3.346248 97
2843 5.585533 97
2844 7.941346 97
2845 7.952478 97
2846 2.630199 97
2847 4.510112 97
2848 4.324530 97
2849 4.785602 97
2850 1.896808 101
2851 4.250921 101
2852 4.090183 101
2853 3.854489 101
2854 3.487668 101
2855 7.241862 101
2856 9.074447 101
2857 3.597908 101
2858 5.898929 101
2859 5.656196 101
2860 5.519673 101
2861 0.986290 101
2862 3.489241 101
2863 1.443707 101
2864 3.368930 101
2865 3.564493 101
2866 7.318296 101
2867 21.491095 101
2868 8.960736 101
2869 2.869607 101
2870 5.596385 101
2871 6.169217 101
2872 6.703475 101
2873 0.149661 101
2874 0.095795 101
2875 0.089908 101
2876 0.076668 101
2877 0.091260 101
2878 0.067952 101
2879 0.077279 101
2880 0.057379 101
2881 0.075648 101
2882 0.073442 101
2883 0.078779 101
2884 0.101989 101
2885 0.107020 101
2886 0.140987 101
2887 0.194167 101
2888 0.277625 101
2889 0.390559 101
2890 0.332040 101
2891 0.519255 101
2892 0.680625 101
2893 1.053231 101
2894 3.703919 101
2895 3.398519 101
2896 11.128182 101
2897 113.733966 101
2898 3.816743 101
2899 4.463740 101
2900 1.395937 83
2901 2.733826 83
2902 3.080899 83
2903 3.031741 83
2904 1.998679 83
2905 5.122029 83
2906 4.898082 83
2907 4.323216 83
2908 2.203780 83
2909 4.804890 83
2910 4.753357 83
2911 2.262749 83
2912 4.335260 83
2913 4.203511 83
2914 4.496925 83
2915 4.742339 83
2916 2.973530 83
2917 6.760754 83
2918 7.023617 83
2919 6.870589 83
2920 1.416793 83
2921 4.737959 83
2922 4.497487 83
2923 1.721352 83
2924 3.992692 83
2925 4.014649 83
2926 3.654265 83
2927 1.940180 83
2928 5.658461 83
2929 5.390866 83
2930 5.702859 83
2931 1.047928 83
2932 4.499238 83
2933 3.861145 83
2934 3.915669 83
2935 1.122287 83
2936 3.120102 83
2937 2.767166 83
2938 7.804576 83
2939 10.220622 83
2940 9.700059 83
2941 10.187280 83
2942 9.357526 83
2943 10.980458 83
2944 2.366701 83
2945 5.221614 83
2946 4.978290 83
2947 5.222433 83
2948 3.928926 83
2949 4.860923 83
2950 1.721127 95
2951 3.661261 95
2952 4.116471 95
2953 1.433621 95
2954 3.564298 95
2955 1.478669 95
2956 3.716771 95
2957 3.248994 95
2958 0.815149 95
2959 2.096091 95
2960 2.514758 95
2961 2.776947 95
2962 2.202409 95
2963 6.222046 95
2964 5.952089 95
2965 2.509670 95
2966 7.535766 95
2967 7.109876 95
2968 6.498039 95
2969 24.648445 95
2970 31.577463 95
2971 1.865166 95
2972 0.489430 95
2973 4.253481 95
2974 3.749556 95
2975 2.807178 95
2976 6.705716 95
2977 7.148499 95
2978 2.513102 95
2979 5.661614 95
2980 5.186966 95
2981 0.939515 95
2982 2.265420 95
2983 1.812942 95
2984 4.926178 95
2985 1.711110 95
2986 4.048875 95
2987 4.685363 95
2988 2.228220 95
2989 5.473434 95
2990 1.306186 95
2991 2.647394 95
2992 5.464377 95
2993 3.759874 95
2994 11.282365 95
2995 1.983106 95
2996 5.337622 95
2997 2.356202 95
2998 6.683711 95
2999 0.000000 95
3000 0.000000 98
3001 0.000000 98
3002 0.000000 98
3003 0.000000 98
3004 0.000000 98
3005 0.000000 98
3006 0.000000 98
3007 0.000000 98
3008 42.083679 98
3009 250.762065 98
3010 98.709058 98
3011 469.422656 98
3012 151.041120 98
3013 436.286622 98
3014 222.288764 98
3015 251.821207 98
3016 344.793058 98
3017 440.264116 98
3018 107.683598 98
3019 133.484474 98
3020 70.090725 98
3021 277.068325 98
3022 1.227519 98
3023 2.493394 98
3024 2.608876 98
3025 2.330983 98
3026 7.147680 98
3027 0.000000 98
3028 0.000000 98
3029 0.000000 98
3030 1.535925 98
3031 3.455865 98
3032 1.989256 98
3033 5.188585 98
3034 2.747149 98
3035 7.748570 98
3036 75.168265 98
3037 87.003817 98
3038 84.933938 98
3039 4.068818 98
3040 10.427779 98
3041 2.652114 98
3042 6.708656 98
3043 2.478030 98
3044 10.244904 98
3045 2.990051 98
3046 8.412359 98
3047 7.906076 98
3048 3.213412 98
3049 8.118268 98
3050 2.278677 91
3051 6.330522 91
3052 1.564412 91
3053 3.513652 91
3054 3.326562 91
3055 2.175523 91
3056 6.433817 91
3057 0.152375 91
3058 0.346306 91
3059 0.293066 91
3060 1.651109 91
3061 4.478720 91
3062 0.000000 91
3063 0.000000 91
3064 0.000000 91
3065 0.000000 91
3066 0.000000 91
3067 3.657091 91
3068 9.151093 91
3069 3.777610 91
3070 2.945570 91
3071 4.379866 91
3072 4.474529 91
3073 4.553390 91
3074 4.682757 91
3075 4.659082 91
3076 4.607409 91
3077 4.454032 91
3078 4.451243 91
3079 4.320199 91
3080 4.360236 91
3081 4.468063 91
3082 4.620516 91
3083 4.573838 91
3084 4.455176 91
3085 4.734456 91
3086 4.794536 91
3087 7.769698 91
3088 6.474500 91
3089 12.950250 91
3090 98.190387 91
3091 18.227920 91
3092 7.966603 91
3093 6.059548 91
3094 9.953368 91
3095 12.945355 91
3096 8.936949 91
3097 0.687824 91
3098 0.993594 91
3099 0.990178 91
3100 0.449103 97
3101 0.960830 97
3102 0.950668 97
3103 0.906574 97
3104 0.952455 97
3105 0.870236 97
3106 0.983605 97
3107 0.910811 97
3108 0.765586 97
3109 1.657618 97
3110 1.885041 97
3111 23.297150 97
3112 1.499414 97
3113 417.834596 97
3114 18.153864 97
3115 2.107814 97
3116 3.493420 97
3117 6.143844 97
3118 4.405740 97
3119 4.720553 97
3120 39.211161 97
3121 1.391636 97
3122 4.521556 97
3123 3.654910 97
3124 1.278930 97
3125 0.692818 97
3126 1.950483 97
3127 2.247743 97
3128 1.739813 97
3129 1.815544 97
3130 1.859620 97
3131 1.844038 97
3132 0.759956 97
3133 4.649737 97
3134 7.419520 97
3135 6.998000 97
3136 7.097208 97
3137 6.585511 97
3138 7.201155 97
3139 4.105842 97
3140 7.397874 97
3141 6.980997 97
3142 10.529469 97
3143 10.101208 97
3144 10.993201 97
3145 13.601240 97
3146 6.889123 97
3147 2.667522 97
3148 3.679621 97
3149 3.532948 97
3150 2.972337 102
3151 6.149761 102
3152 3.021181 102
3153 4.642638 102
3154 23.149956 102
3155 6.462959 102
3156 4.071164 102
3157 29.832462 102
3158 7.934286 102
3159 8.170050 102
3160 4.350406 102
3161 3.007581 102
3162 4.756460 102
3163 307.297761 102
3164 10.593760 102
3165 16.926955 102
3166 4.446038 102
3167 2.884716 102
3168 4.349001 102
3169 4.407022 102
3170 5.155234 102
3171 9.819524 102
3172 9.039956 102
3173 10.635531 102
3174 6.442874 102
3175 5.394770 102
3176 6.326669 102
3177 13.328830 102
3178 5.048855 102
3179 5.761763 102
3180 7.686470 102
3181 8.036031 102
3182 7.031101 102
3183 7.695550 102
3184 7.679166 102
3185 5.530243 102
3186 0.000000 102
3187 0.000000 102
3188 0.000000 102
3189 0.000000 102
3190 0.000000 102
3191 0.000000 102
3192 2.886378 102
3193 92.319240 102
3194 8.281160 102
3195 6.803466 101
3196 2.842707 102
3197 4.998186 102
3198 5.260935 102
3199 3.898036 102
3200 3.442388 107
3201 6.407729 107
3202 13.489485 107
3203 15.717620 107
3204 12.850093 107
3205 15.330638 107
3206 3.796858 107
3207 12.901083 106
3208 3.891167 107
3209 10.303280 107
3210 2.357622 107
3211 153.234595 107
3212 3.380658 107
3213 2.737743 106
3214 19.575989 107
3215 3.400626 107
3216 6.449896 107
3217 9.619572 107
3218 11.366111 107
3219 12.409249 107
3220 15.996411 107
3221 13.033396 107
3222 4.609668 107
3223 9.809100 107
3224 9.864970 107
3225 9.365039 107
3226 1.357081 107
3227 2.792623 107
3228 2.514458 107
3229 3.847929 107
3230 2.583413 107
3231 1.826609 107
3232 3.156880 107
3233 5.536744 107
3234 47.648692 107
3235 2.379237 107
3236 2.381569 107
3237 1.513548 107
3238 4.010977 107
3239 3.069644 107
3240 2.014142 107
3241 5.876822 107
3242 8.897271 107
3243 5.530308 107
3244 1.856303 107
3245 0.806227 107
3246 0.051329 107
3247 0.070115 107
3248 0.080773 107
3249 12.126769 107
3250 1.621379 106
3251 3.437546 106
3252 3.536036 106
3253 3.748284 106
3254 2.289404 106
3255 3.948345 106
3256 1.593663 106
3257 2.753476 106
3258 2.925193 106
3259 2.682748 106
3260 2.744937 106
3261 15.918673 106
3262 2.752991 106
3263 0.731693 106
3264 2.284425 106
3265 4.242369 106
3266 1.989715 106
3267 3.930639 106
3268 4.312868 106
3269 3.897228 106
3270 3.837608 106
3271 4.082030 106
3272 0.776054 106
3273 10.467642 106
3274 5.970608 106
3275 28.623202 106
3276 2.348441 106
3277 3.347640 106
3278 3.495323 106
3279 9.441936 106
3280 2.426176 106
3281 1.957399 106
3282 32.057820 106
3283 4.533144 106
3284 4.933215 106
3285 2.148946 106
3286 5.223338 106
3287 5.775458 106
3288 6.960793 106
3289 6.606625 106
3290 1.251196 106
3291 4.317491 106
3292 2.664925 106
3293 3.982823 106
3294 2.494513 106
3295 43.281258 106
3296 4.292939 106
3297 1.547029 106
3298 14.726639 106
3299 2.054921 106
3300 2.293477 113
3301 0.961594 113
3302 95.870010 113
3303 180.593081 113
3304 195.129433 113
3305 201.218658 113
3306 0.266143 113
3307 0.193332 113
3308 0.252703 113
3309 0.306588 113
3310 0.354690 113
3311 3.490530 113
3312 4.457187 113
3313 5.294858 113
3314 4.561082 113
3315 7.423279 113
3316 9.011895 113
3317 74.477155 113
3318 39.038721 113
3319 72.413084 113
3320 75.924213 113
3321 83.280686 113
3322 4.077635 113
3323 4.526628 113
3324 7.421253 113
3325 13.079351 113
3326 5.436762 113
3327 1.685365 113
3328 2.663044 113
3329 37.441582 113
3330 3.640770 113
3331 45.859917 113
3332 3.534680 113
3333 3.712855 113
3334 8.251818 113
3335 0.268439 113
3336 6.847737 113
3337 4.048791 113
3338 7.150322 113
3339 2.670832 113
3340 17.935454 113
3341 2.374315 113
3342 1.890732 113
3343 4.868121 113
3344 4.655357 113
3345 2.794090 113
3346 8.010878 111
3347 7.570833 113
3348 3.354827 113
3349 1.439363 113
3350 4.756883 81
3351 1.111129 81
3352 1.724429 81
3353 1.957874 81
3354 2.170033 81
3355 6.137352 81
3356 8.194728 81
3357 22.255144 81
3358 29.152425 81
3359 3.563631 81
3360 1.594633 81
3361 6.003386 81
3362 1.345996 81
3363 5.207504 81
3364 11.616834 81
3365 10.968732 81
3366 11.386713 81
3367 6.826918 81
3368 5.101332 81
3369 209.321393 81
3370 2.087132 81
3371 2.446466 81
3372 6.525885 81
3373 5.097825 81
3374 1.605122 81
3375 3.878637 81
3376 6.437590 81
3377 3.785230 81
3378 2.366442 81
3379 5.877573 81
3380 5.118422 81
3381 1.458352 81
3382 3.543520 81
3383 3.683020 81
3384 2.284317 81
3385 5.258087 81
3386 6.381933 81
3387 1.287958 81
3388 1.553476 81
3389 3.479566 81
3390 3.979868 81
3391 64.432144 81
3392 160.934524 81
3393 204.022278 81
3394 10.621887 81
3395 14.495238 81
3396 18.628970 81
3397 19.155296 81
3398 0.000000 81
3399 2.604841 81
3400 2.906146 91
3401 1.920560 91
3402 1.493391 91
3403 8.042631 91
3404 1.972204 91
3405 6.129015 91
3406 5.127328 91
3407 1.526752 91
3408 1.283526 91
3409 2.546876 91
3410 6.030356 91
3411 4.625295 91
3412 2.937530 91
3413 2.477610 91
3414 4.846059 91
3415 5.955944 91
3416 4.212801 91
3417 2.621977 91
3418 6.470809 91
3419 4.876499 91
3420 2.509120 91
3421 6.655936 91
3422 5.498331 91
3423 28.732330 91
3424 57.110103 91
3425 59.981075 91
3426 4.641312 91
3427 4.774431 91
3428 4.008350 91
3429 4.318481 91
3430 2.576310 91
3431 5.314502 91
3432 7.000807 91
3433 2.523817 91
3434 7.169872 91
3435 5.519485 91
3436 2.656494 91
3437 6.637143 91
3438 5.602410 91
3439 1.672841 91
3440 4.698099 91
3441 2.341052 91
3442 5.951879 91
3443 6.244960 91
3444 37.584375 91
3445 21.983791 91
3446 5.790417 91
3447 47.218168 91
3448 39.896568 91
3449 18.382902 91
3450 34.886108 112
3451 2.961780 112
3452 6.635126 112
3453 12.862159 112
3454 11.441229 112
3455 3.146982 112
3456 7.789015 112
3457 7.440521 112
3458 2.022371 112
3459 2.296362 112
3460 5.704837 112
3461 1.558835 112
3462 1.934053 112
3463 1.777817 112
3464 1.131438 112
3465 2.849550 112
3466 1.795807 112
3467 2.097134 112
3468 1.866173 112
3469 5.711505 112
3470 12.389151 112
3471 4.026812 112
3472 0.000000 112
3473 0.000000 112
3474 2.973066 112
3475 2.582843 112
3476 5.096446 112
3477 6.673879 112
3478 0.267023 112
3479 0.417157 112
3480 8.311774 112
3481 12.845445 112
3482 18.134430 112
3483 2.735643 112
3484 5.154495 112
3485 6.936882 112
3486 15.432495 112
3487 2.207801 112
3488 2.384624 112
3489 2.786416 112
3490 5.149928 112
3491 15.710937 112
3492 2.603391 112
3493 6.218411 112
3494 5.007169 112
3495 2.534962 112
3496 6.322709 112
3497 5.249611 112
3498 2.731918 112
3499 6.845857 112
3500 2.330246 92
3501 1.965381 92
3502 6.148608 92
3503 5.700511 92
3504 2.406747 92
3505 5.305440 92
3506 6.922387 92
3507 2.363724 92
3508 5.053184 92
3509 6.474590 92
3510 2.607419 92
3511 6.117833 92
3512 5.285591 92
3513 18.711198 92
3514 21.307368 92
3515 21.620874 92
3516 3.774908 92
3517 2.578690 92
3518 6.660248 92
3519 5.631669 92
3520 349.103520 92
3521 2.802604 92
3522 5.495106 92
3523 6.880726 92
3524 2.757915 92
3525 7.025489 92
3526 5.602964 92
3527 0.810621 92
3528 1.225532 92
3529 1.545969 92
3530 1.762387 92
3531 2.972176 92
3532 5.589730 92
3533 6.597334 92
3534 20.221681 92
3535 2.700307 92
3536 5.616589 92
3537 7.035420 92
3538 6.393231 92
3539 0.995551 92
3540 1.632156 92
3541 8.548492 92
3542 2.077398 92
3543 2.217402 92
3544 3.143152 92
3545 1.482532 92
3546 4.734022 92
3547 4.399857 92
3548 3.389241 92
3549 2.040474 92
3550 1.645558 102
3551 3.571052 102
3552 2.570152 102
3553 2.880477 102
3554 30.045459 102
3555 3.921261 102
3556 6.048298 102
3557 27.635826 102
3558 1.828159 102
3559 2.366406 102
3560 14.682977 102
3561 165.889714 102
3562 1.442239 102
3563 4.318459 102
3564 10.555416 102
3565 1.256091 102
3566 0.492653 102
3567 4.924828 102
3568 1.642759 102
3569 4.948578 102
3570 2.209268 102
3571 4.656072 102
3572 1.897716 102
3573 0.499742 102
3574 2.097613 102
3575 6.264573 102
3576 5.467815 102
3577 2.197169 102
3578 13.594278 102
3579 146.290796 102
3580 1.905451 102
3581 14.368562 102
3582 0.672460 102
3583 1.197654 102
3584 4.022834 102
3585 22.362365 102
3586 43.869269 102
3587 3.507689 102
3588 4.784472 102
3589 1.468311 102
3590 1.936213 102
3591 1.235878 102
3592 12.728110 102
3593 34.774414 102
3594 2.565308 102
3595 8.297447 102
3596 1.898922 102
3597 5.254287 102
3598 1.434903 102
3599 4.348762 102
3600 4.000606 93
3601 15.034950 93
3602 2.394628 93
3603 3.367474 93
3604 0.804167 93
3605 1.070607 93
3606 0.828653 93
3607 1.713848 93
3608 8.889394 93
3609 1.784899 93
3610 5.941273 93
3611 0.000000 93
3612 1.100440 93
3613 1.781499 93
3614 2.533652 93
3615 7.997779 93
3616 6.469822 93
3617 11.984611 93
3618 1.257429 93
3619 2.883871 93
3620 22.226527 93
3621 2.825865 93
3622 20.370952 93
3623 2.971662 93
3624 19.293947 93
3625 3.665512 93
3626 2.321171 93
3627 2.842656 93
3628 1.460552 93
3629 1.378392 93
3630 16.261418 93
3631 5.264264 93
3632 1.625327 93
3633 1.523387 93
3634 3.814520 93
3635 5.687089 93
3636 0.882534 93
3637 2.055086 93
3638 99.098908 93
3639 4.156101 93
3640 14.769195 93
3641 4.054063 93
3642 5.539242 93
3643 2.935608 93
3644 0.302412 93
3645 2.970974 93
3646 1.455535 93
3647 55.174763 93
3648 0.012590 93
3649 3.447235 93
3650 3.838080 109
3651 3.378606 109
3652 0.842365 109
3653 2.439213 109
3654 0.811038 109
3655 0.476578 109
3656 1.994956 109
3657 0.000000 109
3658 0.144939 109
3659 16.064948 109
3660 45.097896 109
3661 3.975233 109
3662 15.239153 109
3663 4.362614 109
3664 2.433980 109
3665 2.145905 109
3666 12.721505 109
3667 7.573245 109
3668 11.352446 109
3669 2.100106 109
3670 22.677227 109
3671 5.429012 109
3672 0.815033 109
3673 2.732682 109
3674 1.158803 109
3675 2.777983 109
3676 23.599729 109
3677 95.487651 109
3678 0.027977 109
3679 1.494678 109
3680 1.797601 109
3681 2.272437 109
3682 2.854438 109
3683 2.258356 109
3684 0.000000 109
3685 1.600169 109
3686 0.735014 109
3687 13.343595 109
3688 2.259176 109
3689 0.121140 109
3690 3.000768 109
3691 248.944521 109
3692 0.771855 109
3693 3.265754 109
3694 2.251059 109
3695 20.230803 109
3696 2.109736 109
3697 6.266313 109
3698 2.267276 109
3699 0.689239 109
3700 0.954132 98
3701 2.139189 98
3702 6.515866 98
3703 2.369379 98
3704 2.044357 98
3705 1.772537 98
3706 0.959787 98
3707 5.933580 98
3708 0.468013 98
3709 2.744216 98
3710 3.800499 98
3711 0.162142 98
3712 9.184042 98
3713 1.778996 98
3714 4.184229 98
3715 2.959869 98
3716 2.137847 98
3717 1.452453 98
3718 2.169690 98
3719 2.281004 98
3720 0.014376 98
3721 2.317820 98
3722 12.159905 98
3723 0.655675 98
3724 2.293038 98
3725 2.050525 98
3726 2.691210 98
3727 2.155728 98
3728 1.831893 98
3729 2.401218 98
3730 2.295292 98
3731 6.360433 98
3732 13.299186 98
3733 2.807594 98
3734 2.674540 98
3735 18.408182 98
3736 2.321078 98
3737 1.032557 98
3738 82.746783 98
3739 1.829368 98
3740 2.821340 98
3741 2.837808 97
3742 2.290169 98
3743 2.676224 98
3744 22.344836 98
3745 8.339485 98
3746 1.431321 98
3747 1.959490 98
3748 1.897101 98
3749 0.000000 98
3750 7.676093 107
3751 2.348718 107
3752 6.666380 107
3753 0.682223 107
3754 1.922489 107
3755 1.262220 107
3756 12.668462 107
3757 2.301670 107
3758 2.664993 107
3759 1.326459 107
3760 1.672017 107
3761 1.882214 107
3762 0.215303 107
3763 1.851033 107
3764 2.357301 107
3765 2.382771 107
3766 1.087855 107
3767 0.000000 107
3768 16.876495 107
3769 2.270363 107
3770 3.969480 107
3771 1.486350 107
3772 2.251613 107
3773 6.330075 107
3774 6.646650 107
3775 1.575118 107
3776 0.041309 107
3777 2.565602 107
3778 372.660173 107
3779 1.575968 107
3780 2.419740 107
3781 12.862604 107
3782 63.117105 107
3783 68.810105 107
3784 1.886978 107
3785 2.575459 107
3786 0.000000 107
3787 2.448175 107
3788 1.214646 107
3789 15.877622 107
3790 3.605210 107
3791 3.562618 107
3792 3.048558 107
3793 2.855890 107
3794 2.606764 107
3795 4.516585 107
3796 1.155564 107
3797 3.509356 107
3798 3.708044 107
3799 3.347549 107
3800 1.455050 105
3801 2.417131 105
3802 0.096105 105
3803 3.599465 105
3804 3.378464 105
3805 3.706874 105
3806 3.261531 105
3807 2.605710 105
3808 3.704055 105
3809 12.269663 105
3810 1.327220 105
3811 2.076275 105
3812 1.876526 105
3813 0.565390 105
3814 5.688418 105
3815 3.641037 105
3816 1.972094 105
3817 1.275204 105
3818 2.450467 105
3819 2.438010 105
3820 5.838605 105
3821 0.011102 105
3822 7.723474 105
3823 2.472285 105
3824 15.835403 105
3825 20.423499 105
3826 0.513897 105
3827 3.659762 105
3828 1.455649 105
3829 1.539255 105
3830 21.001379 105
3831 2.374057 105
3832 19.373818 105
3833 1.558080 105
3834 3.136589 105
3835 1.835645 105
3836 3.254742 105
3837 35.977825 105
3838 57.803960 105
3839 4.021543 105
3840 0.000000 105
3841 2.744808 105
3842 37.373161 105
3843 4.240050 105
3844 1.544384 105
3845 2.465241 105
3846 2.692126 105
3847 15.632751 105
3848 2.254965 105
3849 0.000000 105
3850 2.030753 103
3851 4.260485 103
3852 1.516321 103
3853 1.668045 103
3854 1.514886 103
3855 2.103071 103
3856 1.454821 103
3857 2.036441 103
3858 0.003838 103
3859 4.334768 103
3860 3.263399 103
3861 3.861189 103
3862 1.394847 103
3863 1.756364 103
3864 2.817949 103
3865 33.625043 103
3866 1.897887 103
3867 4.501438 103
3868 2.465857 103
3869 2.245744 103
3870 3.601033 103
3871 1.945922 103
3872 1.275402 103
3873 2.408755 103
3874 1.998356 103
3875 2.593122 103
3876 1.229731 103
3877 4.031044 103
3878 3.918179 103
3879 2.628851 103
3880 2.090716 103
3881 2.346078 103
3882 7.678063 103
3883 2.874170 103
3884 3.443819 103
3885 0.845638 103
3886 0.604142 103
3887 3.686398 103
3888 48.158093 103
3889 20.889741 103
3890 6.498111 103
3891 8.631613 103
3892 2.544077 103
3893 2.794051 103
3894 1.149448 103
3895 6.175700 103
3896 10.178453 103
3897 4.087342 103
3898 1.681089 103
3899 2.866629 103
3900 159.159546 109
3901 1.707253 109
3902 3.054715 109
3903 2.421259 109
3904 1.424900 109
3905 1.597140 109
3906 0.000000 109
3907 1.131171 109
3908 3.082907 109
3909 0.279845 109
3910 2.321339 109
3911 1.671189 109
3912 1.671564 109
3913 2.359880 109
3914 2.323120 109
3915 2.241685 109
3916 1.939506 109
3917 2.114428 109
3918 1.011494 109
3919 1.145293 109
3920 1.803557 109
3921 0.870859 109
3922 1.063403 109
3923 1.740052 109
3924 7.071728 109
3925 1.401256 109
3926 29.559705 109
3927 12.902708 109
3928 2.089468 109
3929 53.105399 109
3930 1.815223 109
3931 3.031674 109
3932 1.277899 109
3933 1.532923 109
3934 3.159003 109
3935 2.207229 109
3936 2.512581 109
3937 2.390907 109
3938 1.158872 109
3939 13.339390 109
3940 0.055090 109
3941 3.266821 109
3942 1.985020 109
3943 0.923584 109
3944 2.187023 109
3945 35.170380 109
3946 1.777638 109
3947 2.370821 109
3948 2.047539 109
3949 14.027489 109
3950 0.772007 116
3951 2.063996 116
3952 5.693561 116
3953 0.465456 116
3954 1.613987 116
3955 47.541938 116
3956 49.509513 116
3957 2.045908 116
3958 1.599208 116
3959 5.861693 116
3960 0.000000 116
3961 1.680176 116
3962 1.657122 116
3963 5.512232 115
3964 5.911206 116
3965 17.183856 116
3966 2.992907 116
3967 13.606637 116
3968 0.853931 116
3969 0.384805 116
3970 16.634649 116
3971 2.848512 116
3972 2.553319 116
3973 0.000000 116
3974 4.272765 116
3975 2.202285 116
3976 2.087167 116
3977 0.897845 116
3978 1.468614 116
3979 1.659051 116
3980 0.000000 116
3981 4.117295 116
3982 3.650236 116
3983 3.993841 116
3984 2.502347 116
3985 0.995365 116
3986 0.046260 116
3987 1.488977 116
3988 6.138151 116
3989 0.748326 116
3990 3.139991 116
3991 0.522170 116
3992 11.339700 116
3993 0.592585 116
3994 0.521586 116
3995 0.719010 116
3996 0.747234 116
3997 0.671234 116
3998 0.657500 116
3999 1.033121 116
4000 0.255121 111
4001 0.446670 111
4002 3.107124 111
4003 1.572286 111
4004 2.399635 111
4005 2.032144 111
4006 0.833891 111
4007 4.705216 111
4008 0.455236 111
4009 2.152815 111
4010 0.712850 111
4011 1.575285 111
4012 2.789018 111
4013 6.910601 111
4014 4.223945 111
4015 0.370393 111
4016 0.460361 111
4017 1.077478 111
4018 1.302653 111
4019 0.372102 111
4020 2.983679 111
4021 1.605686 111
4022 3.383840 111
4023 4.626694 111
4024 1.511562 111
4025 2.999178 111
4026 2.211324 111
4027 38.149699 111
4028 1.779520 111
4029 1.656102 111
4030 1.645936 111
4031 372.704083 111
4032 123.060202 111
4033 39.626696 111
4034 5.977297 111
4035 31.812673 111
4036 2.474927 111
4037 1.444327 111
4038 9.434523 111
4039 0.905928 111
4040 0.000084 111
4041 3.497618 111
4042 0.532801 111
4043 2.101217 111
4044 1.313799 111
4045 9.258147 111
4046 24.115303 111
4047 2.128557 111
4048 1.617981 111
4049 1.992691 111
4050 2.639897 119
4051 1.361563 119
4052 0.755507 119
4053 2.174953 119
4054 0.755287 119
4055 1.649675 119
4056 1.636953 119
4057 1.024623 119
4058 0.010706 119
4059 0.541048 119
4060 73.229060 119
4061 1.982701 119
4062 1.742773 119
4063 1.895303 119
4064 1.486178 119
4065 3.204072 119
4066 32.491205 119
4067 0.765267 119
4068 8.575184 119
4069 1.558342 119
4070 1.363641 119
4071 2.965421 119
4072 0.962842 119
4073 1.264723 119
4074 0.846248 119
4075 3.654476 119
4076 7.849978 119
4077 2.872300 119
4078 0.478034 119
4079 0.654556 119
4080 2.461677 119
4081 2.830175 119
4082 2.580930 119
4083 3.264184 119
4084 8.526115 119
4085 0.681561 119
4086 4.324430 119
4087 0.800422 119
4088 4.287396 119
4089 3.386958 119
4090 3.378896 119
4091 6.072198 119
4092 12.754230 119
4093 0.102506 119
4094 8.741439 119
4095 3.787112 119
4096 3.539873 119
4097 2.404198 119
4098 1.975051 119
4099 3.612381 119
4100 3.436017 113
4101 0.281768 113
4102 0.347744 113
4103 2.225312 113
4104 2.459011 113
4105 3.449338 113
4106 26.234929 113
4107 0.000000 113
4108 3.874914 113
4109 5.733062 113
4110 0.525202 113
4111 15.610073 113
4112 116.762440 113
4113 1.934331 113
4114 2.358352 113
4115 3.122033 113
4116 6.524517 113
4117 11.155661 113
4118 3.784339 113
4119 23.011577 113
4120 4.365261 113
4121 0.000000 113
4122 7.964912 113
4123 2.132805 113
4124 2.650900 113
4125 6.378885 113
4126 8.713945 113
4127 3.087353 113
4128 2.315974 113
4129 5.984839 113
4130 3.431571 113
4131 4.446671 113
4132 1.001373 113
4133 1.433050 113
4134 0.000000 113
4135 0.000000 113
4136 2.796620 113
4137 2.956874 113
4138 3.978940 113
4139 4.667265 113
4140 3.347525 113
4141 8.247065 113
4142 7.334851 113
4143 3.752922 113
4144 1.099559 113
4145 2.782245 113
4146 3.009455 113
4147 2.349803 113
4148 2.999884 113
4149 7.057006 113
4150 0.968975 111
4151 5.413364 111
4152 1.433466 111
4153 0.232140 111
4154 4.868754 111
4155 4.886784 111
4156 4.140292 111
4157 2.110906 111
4158 3.622037 111
4159 9.659093 111
4160 1.808808 111
4161 34.301950 111
4162 16.392924 111
4163 13.321224 111
4164 2.844445 111
4165 0.000000 111
4166 11.222777 111
4167 5.341874 111
4168 2.852267 111
4169 0.907297 111
4170 2.164066 111
4171 1.331661 111
4172 10.226786 111
4173 19.145067 111
4174 2.576468 111
4175 3.618141 111
4176 11.144764 111
4177 0.750980 111
4178 1.213068 111
4179 3.023187 111
4180 2.756420 111
4181 3.760632 111
4182 4.027238 111
4183 39.794924 111
4184 10.926362 111
4185 5.097746 111
4186 2.616748 111
4187 3.148187 111
4188 9.008956 111
4189 0.791629 111
4190 6.990722 111
4191 16.543548 111
4192 1.962868 111
4193 2.058631 111
4194 1.138583 111
4195 3.641216 111
4196 0.581152 111
4197 6.831378 111
4198 2.302536 111
4199 2.784106 111
4200 1.353231 115
4201 3.124323 115
4202 2.519974 115
4203 4.320816 115
4204 8.726012 115
4205 8.496804 115
4206 8.008688 115
4207 7.236355 115
4208 9.986940 115
4209 9.396987 115
4210 1.505334 115
4211 5.059697 115
4212 4.428462 115
4213 1.496653 115
4214 4.915145 115
4215 8.750831 115
4216 5.670474 115
4217 1.175301 115
4218 3.219063 115
4219 11.493622 115
4220 1.158992 115
4221 2.327171 115
4222 102.168118 115
4223 0.000000 115
4224 2.396876 115
4225 1.825015 115
4226 1.248772 115
4227 4.278530 115
4228 4.482644 115
4229 2.197211 115
4230 3.305319 115
4231 5.180672 115
4232 2.008115 115
4233 1.629729 115
4234 1.835713 115
4235 3.307494 115
4236 0.746248 115
4237 0.627903 115
4238 2.230907 115
4239 1.756065 115
4240 3.417147 115
4241 3.365579 115
4242 1.652044 115
4243 4.282742 115
4244 3.797707 115
4245 4.534637 115
4246 1.501308 115
4247 0.599428 115
4248 1.054720 115
4249 0.868305 115
4250 0.120974 100
4251 0.051732 100
4252 1.649364 100
4253 2.055187 100
4254 1.096501 100
4255 0.795250 100
4256 1.703632 100
4257 3.211795 100
4258 0.940200 100
4259 1.277116 100
4260 1.530712 100
4261 1.420580 100
4262 1.813210 100
4263 1.407875 100
4264 2.670730 100
4265 1.742310 100
4266 3.855830 100
4267 1.734832 100
4268 4.428473 100
4269 6.246545 100
4270 8.011442 100
4271 8.391187 100
4272 9.779505 100
4273 9.703083 100
4274 0.000000 100
4275 0.000000 100
4276 0.000000 100
4277 0.000000 100
4278 0.429350 100
4279 1.206649 100
4280 4.369901 100
4281 3.860529 100
4282 0.354651 100
4283 2.671898 100
4284 1.237836 100
4285 15.589530 100
4286 1.142648 100
4287 3.076263 100
4288 0.502717 100
4289 12.738763 100
4290 5.902275 100
4291 13.893891 100
4292 12.660103 100
4293 13.555646 100
4294 13.819198 100
4295 13.917002 100
4296 13.694269 100
4297 13.619498 100
4298 0.000000 100
4299 12.483302 100
4300 2.914148 104
4301 7.681054 104
4302 8.091758 104
4303 7.076867 104
4304 8.534548 104
4305 7.613556 104
4306 0.914263 104
4307 2.871203 104
4308 8.159183 104
4309 9.525465 104
4310 3.036773 104
4311 2.778998 104
4312 7.643203 104
4313 7.691399 104
4314 7.460827 104
4315 6.917209 104
4316 6.878588 104
4317 4.672893 104
4318 34.109285 104
4319 1.488957 104
4320 2.050885 104
4321 2.831438 104
4322 2.697101 104
4323 2.582437 104
4324 2.404266 104
4325 0.997211 104
4326 13.995600 104
4327 2.938247 104
4328 7.411532 104
4329 0.790835 104
4330 12.626610 104
4331 1.256947 104
4332 1.642596 104
4333 1.082108 104
4334 3.423288 104
4335 1.128785 104
4336 0.612135 104
4337 0.953505 104
4338 1.447639 104
4339 3.363205 104
4340 2.206880 104
4341 1.386613 104
4342 1.710599 104
4343 1.144934 104
4344 0.000000 104
4345 0.000000 104
4346 0.000000 104
4347 0.000000 104
4348 0.000000 104
4349 0.000000 104
4350 0.000000 101
4351 1.782256 101
4352 0.485350 101
4353 1.871479 101
4354 2.028022 101
4355 1.488441 101
4356 3.026572 101
4357 2.443484 101
4358 1.045886 101
4359 0.828378 101
4360 97.075866 101
4361 106.183063 101
4362 108.035553 101
4363 112.207747 101
4364 112.168070 101
4365 110.028725 101
4366 111.153177 101
4367 108.257350 101
4368 108.989032 101
4369 104.408083 101
4370 103.011348 101
4371 103.052519 101
4372 107.815766 101
4373 102.258284 101
4374 110.576610 101
4375 102.207445 101
4376 100.205045 101
4377 111.091519 101
4378 106.222091 101
4379 4.208343 101
4380 7.031102 101
4381 17.769429 101
4382 9.017996 101
4383 15.971431 101
4384 5.862061 101
4385 5.658400 101
4386 8.655736 101
4387 6.599620 101
4388 415.098933 101
4389 2.439896 101
4390 4.687841 101
4391 11.074190 99
4392 68.402414 101
4393 9.817749 101
4394 3.078411 101
4395 6.397136 101
4396 5.161128 101
4397 7.633736 101
4398 6.259521 101
4399 6.219876 101
4400 2.175935 86
4401 4.533493 86
4402 5.271829 86
4403 6.943647 86
4404 5.230484 86
4405 6.087718 86
4406 3.595326 86
4407 3.443469 86
4408 3.214977 86
4409 4.248696 86
4410 3.344355 86
4411 2.619456 86
4412 3.886027 86
4413 2.061070 86
4414 22.377937 86
4415 4.447410 86
4416 99.776062 86
4417 1.570697 86
4418 22.733351 86
4419 70.510901 86
4420 4.448825 86
4421 1.518886 86
4422 38.835120 86
4423 40.304314 86
4424 5.159080 86
4425 1.796127 86
4426 26.847703 86
4427 73.826763 86
4428 3.952930 86
4429 14.237065 86
4430 4.147454 86
4431 3.933581 86
4432 98.207641 86
4433 15.827340 86
4434 4.670629 86
4435 96.594759 86
4436 5.301781 86
4437 1.798421 86
4438 42.131210 86
4439 55.056806 86
4440 4.911314 86
4441 1.921963 86
4442 44.126114 86
4443 5.305305 86
4444 64.445597 86
4445 1.941870 86
4446 23.688721 86
4447 4.572011 86
4448 84.790164 86
4449 2.482653 86
4450 12.730592 100
4451 70.146819 100
4452 4.212348 100
4453 1.852575 100
4454 0.912603 100
4455 1.999200 100
4456 1.626936 100
4457 5.004543 100
4458 2.288317 100
4459 5.014502 100
4460 4.758914 100
4461 11.540105 100
4462 2.569795 100
4463 4.756685 100
4464 1.273750 100
4465 3.402879 100
4466 3.302405 100
4467 2.083232 100
4468 2.461161 100
4469 5.721260 100
4470 1.534206 100
4471 2.463728 100
4472 4.906723 100
4473 22.326079 100
4474 44.908777 100
4475 2.577235 100
4476 5.764277 100
4477 13.817951 100
4478 1.668264 100
4479 1.689685 100
4480 7.711660 100
4481 1.350430 100
4482 1.406518 100
4483 0.002340 100
4484 1.986166 100
4485 2.349716 100
4486 2.605896 100
4487 3.959858 100
4488 2.946554 100
4489 2.011971 100
4490 3.366213 100
4491 3.938581 100
4492 19.526331 100
4493 4.090422 100
4494 3.256837 100
4495 0.524250 100
4496 5.874728 100
4497 3.447297 100
4498 3.979208 100
4499 14.865625 100
