0 0.830986
1 0.830986
2 0.830986
3 0.830986
4 0.830986
5 0.830986
6 0.830986
7 0.816901
8 0.830986
9 0.830986
10 0.830986
11 0.830986
12 0.830986
13 0.830986
14 0.830986
15 0.830986
16 0.830986
17 0.830986
18 0.830986
19 0.823944
20 0.823944
21 0.830986
22 0.823944
23 0.830986
24 0.823944
25 0.830986
26 0.830986
27 0.830986
28 0.830986
29 0.830986
30 0.823944
31 0.830986
32 0.830986
33 0.830986
34 0.823944
35 0.816901
36 0.816901
37 0.830986
38 0.823944
39 0.823944
40 0.823944
41 0.830986
42 0.830986
43 0.830986
44 0.809859
45 0.830986
46 0.795775
47 0.830986
48 0.823944
49 0.830986
50 0.816901
51 0.816901
52 0.809859
53 0.816901
54 0.809859
55 0.816901
56 0.816901
57 0.816901
58 0.816901
59 0.816901
60 0.816901
61 0.816901
62 0.816901
63 0.816901
64 0.816901
65 0.816901
66 0.816901
67 0.816901
68 0.816901
69 0.816901
70 0.809859
71 0.809859
72 0.809859
73 0.816901
74 0.816901
75 0.816901
76 0.809859
77 0.809859
78 0.809859
79 0.809859
80 0.809859
81 0.809859
82 0.816901
83 0.816901
84 0.809859
85 0.816901
86 0.809859
87 0.809859
88 0.809859
89 0.816901
90 0.816901
91 0.816901
92 0.816901
93 0.816901
94 0.816901
95 0.816901
96 0.816901
97 0.816901
98 0.809859
99 0.809859
100 0.661972
101 0.661972
102 0.661972
103 0.661972
104 0.661972
105 0.654930
106 0.647887
107 0.661972
108 0.654930
109 0.661972
110 0.661972
111 0.661972
112 0.661972
113 0.661972
114 0.654930
115 0.654930
116 0.661972
117 0.661972
118 0.654930
119 0.654930
120 0.661972
121 0.661972
122 0.661972
123 0.661972
124 0.661972
125 0.661972
126 0.661972
127 0.661972
128 0.661972
129 0.661972
130 0.661972
131 0.661972
132 0.661972
133 0.661972
134 0.654930
135 0.647887
136 0.661972
137 0.661972
138 0.654930
139 0.654930
140 0.654930
141 0.661972
142 0.661972
143 0.661972
144 0.661972
145 0.661972
146 0.661972
147 0.661972
148 0.661972
149 0.661972
150 0.725352
151 0.725352
152 0.725352
153 0.725352
154 0.725352
155 0.725352
156 0.725352
157 0.725352
158 0.725352
159 0.725352
160 0.725352
161 0.725352
162 0.725352
163 0.725352
164 0.725352
165 0.718310
166 0.718310
167 0.725352
168 0.718310
169 0.725352
170 0.718310
171 0.725352
172 0.725352
173 0.718310
174 0.718310
175 0.718310
176 0.718310
177 0.725352
178 0.718310
179 0.718310
180 0.718310
181 0.718310
182 0.725352
183 0.718310
184 0.718310
185 0.718310
186 0.725352
187 0.718310
188 0.725352
189 0.725352
190 0.718310
191 0.718310
192 0.718310
193 0.718310
194 0.718310
195 0.725352
196 0.718310
197 0.718310
198 0.718310
199 0.718310
200 0.683099
201 0.683099
202 0.683099
203 0.676056
204 0.676056
205 0.676056
206 0.676056
207 0.676056
208 0.676056
209 0.676056
210 0.676056
211 0.676056
212 0.676056
213 0.676056
214 0.676056
215 0.676056
216 0.676056
217 0.683099
218 0.676056
219 0.683099
220 0.676056
221 0.676056
222 0.676056
223 0.676056
224 0.683099
225 0.683099
226 0.683099
227 0.683099
228 0.676056
229 0.683099
230 0.676056
231 0.676056
232 0.676056
233 0.683099
234 0.683099
235 0.676056
236 0.683099
237 0.676056
238 0.683099
239 0.683099
240 0.683099
241 0.676056
242 0.676056
243 0.683099
244 0.683099
245 0.676056
246 0.676056
247 0.683099
248 0.683099
249 0.683099
250 0.718310
251 0.718310
252 0.718310
253 0.711268
254 0.711268
255 0.711268
256 0.711268
257 0.711268
258 0.711268
259 0.718310
260 0.718310
261 0.718310
262 0.711268
263 0.711268
264 0.711268
265 0.711268
266 0.711268
267 0.718310
268 0.718310
269 0.718310
270 0.718310
271 0.711268
272 0.711268
273 0.711268
274 0.711268
275 0.711268
276 0.711268
277 0.718310
278 0.711268
279 0.711268
280 0.711268
281 0.711268
282 0.711268
283 0.711268
284 0.711268
285 0.711268
286 0.711268
287 0.711268
288 0.711268
289 0.711268
290 0.711268
291 0.711268
292 0.711268
293 0.718310
294 0.711268
295 0.711268
296 0.711268
297 0.711268
298 0.711268
299 0.718310
300 0.725352
301 0.725352
302 0.725352
303 0.711268
304 0.725352
305 0.718310
306 0.711268
307 0.725352
308 0.711268
309 0.711268
310 0.711268
311 0.711268
312 0.718310
313 0.718310
314 0.711268
315 0.718310
316 0.711268
317 0.718310
318 0.718310
319 0.725352
320 0.711268
321 0.711268
322 0.711268
323 0.725352
324 0.718310
325 0.718310
326 0.711268
327 0.711268
328 0.718310
329 0.718310
330 0.711268
331 0.711268
332 0.718310
333 0.711268
334 0.711268
335 0.711268
336 0.725352
337 0.718310
338 0.711268
339 0.718310
340 0.718310
341 0.711268
342 0.711268
343 0.718310
344 0.711268
345 0.718310
346 0.711268
347 0.725352
348 0.711268
349 0.718310
350 0.760563
351 0.760563
352 0.760563
353 0.753521
354 0.746479
355 0.760563
356 0.760563
357 0.746479
358 0.760563
359 0.746479
360 0.753521
361 0.746479
362 0.753521
363 0.760563
364 0.746479
365 0.746479
366 0.753521
367 0.760563
368 0.753521
369 0.746479
370 0.746479
371 0.760563
372 0.746479
373 0.753521
374 0.753521
375 0.753521
376 0.753521
377 0.746479
378 0.746479
379 0.753521
380 0.746479
381 0.746479
382 0.753521
383 0.746479
384 0.746479
385 0.746479
386 0.753521
387 0.753521
388 0.746479
389 0.746479
390 0.753521
391 0.753521
392 0.746479
393 0.746479
394 0.746479
395 0.746479
396 0.753521
397 0.753521
398 0.746479
399 0.753521
400 0.718310
401 0.718310
402 0.718310
403 0.711268
404 0.718310
405 0.704225
406 0.711268
407 0.704225
408 0.704225
409 0.718310
410 0.697183
411 0.704225
412 0.704225
413 0.704225
414 0.697183
415 0.704225
416 0.704225
417 0.711268
418 0.704225
419 0.697183
420 0.711268
421 0.697183
422 0.704225
423 0.697183
424 0.704225
425 0.697183
426 0.697183
427 0.704225
428 0.704225
429 0.704225
430 0.704225
431 0.690141
432 0.690141
433 0.690141
434 0.697183
435 0.697183
436 0.690141
437 0.690141
438 0.690141
439 0.697183
440 0.690141
441 0.690141
442 0.697183
443 0.690141
444 0.690141
445 0.690141
446 0.690141
447 0.697183
448 0.690141
449 0.704225
450 0.746479
451 0.746479
452 0.739437
453 0.746479
454 0.746479
455 0.739437
456 0.746479
457 0.739437
458 0.746479
459 0.753521
460 0.753521
461 0.753521
462 0.746479
463 0.753521
464 0.746479
465 0.753521
466 0.746479
467 0.746479
468 0.753521
469 0.746479
470 0.746479
471 0.746479
472 0.746479
473 0.746479
474 0.746479
475 0.746479
476 0.746479
477 0.746479
478 0.746479
479 0.746479
480 0.746479
481 0.746479
482 0.746479
483 0.753521
484 0.746479
485 0.746479
486 0.753521
487 0.746479
488 0.746479
489 0.753521
490 0.753521
491 0.753521
492 0.746479
493 0.753521
494 0.746479
495 0.746479
496 0.753521
497 0.739437
498 0.753521
499 0.753521
500 0.809859
501 0.809859
502 0.795775
503 0.809859
504 0.809859
505 0.802817
506 0.795775
507 0.795775
508 0.809859
509 0.788732
510 0.809859
511 0.809859
512 0.809859
513 0.809859
514 0.809859
515 0.809859
516 0.809859
517 0.809859
518 0.809859
519 0.809859
520 0.809859
521 0.809859
522 0.809859
523 0.809859
524 0.809859
525 0.809859
526 0.809859
527 0.809859
528 0.809859
529 0.809859
530 0.809859
531 0.802817
532 0.809859
533 0.809859
534 0.802817
535 0.809859
536 0.809859
537 0.809859
538 0.809859
539 0.802817
540 0.802817
541 0.802817
542 0.809859
543 0.809859
544 0.795775
545 0.809859
546 0.809859
547 0.809859
548 0.809859
549 0.788732
550 0.725352
551 0.725352
552 0.725352
553 0.725352
554 0.725352
555 0.725352
556 0.725352
557 0.725352
558 0.725352
559 0.725352
560 0.725352
561 0.725352
562 0.725352
563 0.725352
564 0.725352
565 0.725352
566 0.725352
567 0.725352
568 0.725352
569 0.725352
570 0.711268
571 0.725352
572 0.725352
573 0.725352
574 0.725352
575 0.725352
576 0.725352
577 0.725352
578 0.725352
579 0.725352
580 0.725352
581 0.725352
582 0.725352
583 0.725352
584 0.725352
585 0.725352
586 0.725352
587 0.725352
588 0.725352
589 0.725352
590 0.718310
591 0.725352
592 0.725352
593 0.725352
594 0.725352
595 0.725352
596 0.725352
597 0.725352
598 0.725352
599 0.725352
600 0.781690
601 0.781690
602 0.781690
603 0.781690
604 0.774648
605 0.774648
606 0.774648
607 0.774648
608 0.781690
609 0.781690
610 0.781690
611 0.781690
612 0.767606
613 0.774648
614 0.767606
615 0.774648
616 0.781690
617 0.774648
618 0.781690
619 0.732394
620 0.781690
621 0.781690
622 0.781690
623 0.774648
624 0.781690
625 0.774648
626 0.781690
627 0.774648
628 0.774648
629 0.774648
630 0.781690
631 0.767606
632 0.767606
633 0.767606
634 0.781690
635 0.774648
636 0.781690
637 0.781690
638 0.781690
639 0.781690
640 0.781690
641 0.781690
642 0.781690
643 0.781690
644 0.781690
645 0.781690
646 0.781690
647 0.781690
648 0.781690
649 0.781690
650 0.753521
651 0.753521
652 0.739437
653 0.753521
654 0.753521
655 0.753521
656 0.746479
657 0.753521
658 0.753521
659 0.753521
660 0.739437
661 0.753521
662 0.746479
663 0.753521
664 0.753521
665 0.753521
666 0.753521
667 0.753521
668 0.746479
669 0.753521
670 0.746479
671 0.753521
672 0.753521
673 0.753521
674 0.753521
675 0.753521
676 0.753521
677 0.753521
678 0.753521
679 0.753521
680 0.753521
681 0.753521
682 0.753521
683 0.753521
684 0.753521
685 0.753521
686 0.753521
687 0.753521
688 0.753521
689 0.753521
690 0.753521
691 0.753521
692 0.753521
693 0.753521
694 0.753521
695 0.753521
696 0.753521
697 0.753521
698 0.753521
699 0.753521
700 0.690141
701 0.690141
702 0.690141
703 0.690141
704 0.690141
705 0.690141
706 0.690141
707 0.690141
708 0.690141
709 0.690141
710 0.690141
711 0.690141
712 0.690141
713 0.690141
714 0.690141
715 0.690141
716 0.690141
717 0.690141
718 0.690141
719 0.690141
720 0.690141
721 0.690141
722 0.690141
723 0.690141
724 0.690141
725 0.690141
726 0.690141
727 0.683099
728 0.683099
729 0.683099
730 0.683099
731 0.683099
732 0.683099
733 0.683099
734 0.683099
735 0.683099
736 0.690141
737 0.690141
738 0.690141
739 0.683099
740 0.683099
741 0.690141
742 0.683099
743 0.690141
744 0.690141
745 0.690141
746 0.690141
747 0.683099
748 0.683099
749 0.690141
750 0.690141
751 0.690141
752 0.690141
753 0.683099
754 0.690141
755 0.690141
756 0.690141
757 0.690141
758 0.683099
759 0.683099
760 0.683099
761 0.683099
762 0.690141
763 0.683099
764 0.676056
765 0.690141
766 0.690141
767 0.683099
768 0.690141
769 0.683099
770 0.683099
771 0.690141
772 0.683099
773 0.690141
774 0.690141
775 0.690141
776 0.690141
777 0.690141
778 0.690141
779 0.690141
780 0.690141
781 0.690141
782 0.690141
783 0.690141
784 0.690141
785 0.690141
786 0.676056
787 0.690141
788 0.690141
789 0.690141
790 0.690141
791 0.690141
792 0.669014
793 0.690141
794 0.690141
795 0.690141
796 0.690141
797 0.690141
798 0.690141
799 0.690141
800 0.774648
801 0.774648
802 0.774648
803 0.774648
804 0.760563
805 0.774648
806 0.760563
807 0.774648
808 0.774648
809 0.774648
810 0.774648
811 0.774648
812 0.774648
813 0.767606
814 0.774648
815 0.774648
816 0.774648
817 0.774648
818 0.774648
819 0.774648
820 0.774648
821 0.774648
822 0.774648
823 0.774648
824 0.774648
825 0.774648
826 0.774648
827 0.774648
828 0.774648
829 0.774648
830 0.774648
831 0.774648
832 0.774648
833 0.774648
834 0.774648
835 0.774648
836 0.774648
837 0.774648
838 0.774648
839 0.774648
840 0.774648
841 0.774648
842 0.774648
843 0.774648
844 0.774648
845 0.774648
846 0.774648
847 0.774648
848 0.774648
849 0.774648
850 0.753521
851 0.753521
852 0.732394
853 0.753521
854 0.753521
855 0.753521
856 0.746479
857 0.753521
858 0.746479
859 0.746479
860 0.753521
861 0.753521
862 0.753521
863 0.753521
864 0.753521
865 0.753521
866 0.753521
867 0.746479
868 0.746479
869 0.746479
870 0.739437
871 0.739437
872 0.739437
873 0.739437
874 0.739437
875 0.746479
876 0.739437
877 0.739437
878 0.739437
879 0.739437
880 0.739437
881 0.739437
882 0.739437
883 0.739437
884 0.739437
885 0.739437
886 0.739437
887 0.739437
888 0.739437
889 0.739437
890 0.739437
891 0.739437
892 0.753521
893 0.739437
894 0.739437
895 0.753521
896 0.746479
897 0.739437
898 0.753521
899 0.739437
900 0.711268
901 0.711268
902 0.711268
903 0.704225
904 0.704225
905 0.711268
906 0.697183
907 0.704225
908 0.711268
909 0.697183
910 0.697183
911 0.711268
912 0.711268
913 0.704225
914 0.711268
915 0.704225
916 0.711268
917 0.711268
918 0.704225
919 0.704225
920 0.704225
921 0.704225
922 0.704225
923 0.704225
924 0.704225
925 0.704225
926 0.704225
927 0.704225
928 0.704225
929 0.704225
930 0.704225
931 0.711268
932 0.711268
933 0.704225
934 0.704225
935 0.704225
936 0.704225
937 0.704225
938 0.704225
939 0.711268
940 0.704225
941 0.704225
942 0.704225
943 0.704225
944 0.711268
945 0.711268
946 0.704225
947 0.704225
948 0.711268
949 0.704225
950 0.732394
951 0.732394
952 0.732394
953 0.725352
954 0.732394
955 0.718310
956 0.732394
957 0.718310
958 0.711268
959 0.718310
960 0.732394
961 0.725352
962 0.718310
963 0.718310
964 0.732394
965 0.732394
966 0.725352
967 0.732394
968 0.725352
969 0.718310
970 0.725352
971 0.718310
972 0.732394
973 0.732394
974 0.732394
975 0.725352
976 0.732394
977 0.732394
978 0.732394
979 0.732394
980 0.732394
981 0.732394
982 0.732394
983 0.732394
984 0.732394
985 0.732394
986 0.732394
987 0.732394
988 0.732394
989 0.732394
990 0.732394
991 0.732394
992 0.732394
993 0.732394
994 0.732394
995 0.732394
996 0.732394
997 0.732394
998 0.732394
999 0.732394
1000 0.584507
1001 0.584507
1002 0.584507
1003 0.584507
1004 0.584507
1005 0.584507
1006 0.584507
1007 0.584507
1008 0.584507
1009 0.584507
1010 0.584507
1011 0.584507
1012 0.584507
1013 0.584507
1014 0.584507
1015 0.584507
1016 0.584507
1017 0.577465
1018 0.577465
1019 0.577465
1020 0.577465
1021 0.577465
1022 0.577465
1023 0.577465
1024 0.577465
1025 0.577465
1026 0.577465
1027 0.577465
1028 0.577465
1029 0.577465
1030 0.577465
1031 0.577465
1032 0.584507
1033 0.577465
1034 0.577465
1035 0.584507
1036 0.577465
1037 0.584507
1038 0.577465
1039 0.570423
1040 0.584507
1041 0.570423
1042 0.584507
1043 0.584507
1044 0.577465
1045 0.577465
1046 0.584507
1047 0.577465
1048 0.577465
1049 0.584507
1050 0.732394
1051 0.732394
1052 0.718310
1053 0.732394
1054 0.732394
1055 0.732394
1056 0.725352
1057 0.725352
1058 0.732394
1059 0.732394
1060 0.732394
1061 0.732394
1062 0.725352
1063 0.725352
1064 0.725352
1065 0.725352
1066 0.725352
1067 0.732394
1068 0.732394
1069 0.725352
1070 0.725352
1071 0.725352
1072 0.725352
1073 0.725352
1074 0.732394
1075 0.718310
1076 0.718310
1077 0.718310
1078 0.718310
1079 0.718310
1080 0.718310
1081 0.718310
1082 0.718310
1083 0.725352
1084 0.725352
1085 0.718310
1086 0.718310
1087 0.732394
1088 0.732394
1089 0.725352
1090 0.732394
1091 0.732394
1092 0.732394
1093 0.732394
1094 0.732394
1095 0.732394
1096 0.732394
1097 0.732394
1098 0.725352
1099 0.725352
1100 0.823944
1101 0.823944
1102 0.809859
1103 0.823944
1104 0.823944
1105 0.823944
1106 0.823944
1107 0.823944
1108 0.823944
1109 0.816901
1110 0.809859
1111 0.809859
1112 0.823944
1113 0.816901
1114 0.823944
1115 0.823944
1116 0.823944
1117 0.823944
1118 0.823944
1119 0.823944
1120 0.823944
1121 0.816901
1122 0.823944
1123 0.809859
1124 0.809859
1125 0.823944
1126 0.823944
1127 0.802817
1128 0.809859
1129 0.823944
1130 0.823944
1131 0.823944
1132 0.823944
1133 0.816901
1134 0.823944
1135 0.823944
1136 0.816901
1137 0.823944
1138 0.795775
1139 0.823944
1140 0.823944
1141 0.816901
1142 0.823944
1143 0.823944
1144 0.816901
1145 0.823944
1146 0.823944
1147 0.823944
1148 0.823944
1149 0.823944
1150 0.753521
1151 0.753521
1152 0.753521
1153 0.753521
1154 0.746479
1155 0.746479
1156 0.753521
1157 0.746479
1158 0.753521
1159 0.746479
1160 0.753521
1161 0.746479
1162 0.753521
1163 0.746479
1164 0.746479
1165 0.753521
1166 0.753521
1167 0.753521
1168 0.753521
1169 0.753521
1170 0.753521
1171 0.746479
1172 0.753521
1173 0.746479
1174 0.753521
1175 0.746479
1176 0.753521
1177 0.746479
1178 0.753521
1179 0.746479
1180 0.753521
1181 0.746479
1182 0.753521
1183 0.753521
1184 0.753521
1185 0.746479
1186 0.753521
1187 0.753521
1188 0.753521
1189 0.746479
1190 0.753521
1191 0.753521
1192 0.753521
1193 0.753521
1194 0.746479
1195 0.753521
1196 0.746479
1197 0.753521
1198 0.753521
1199 0.746479
1200 0.767606
1201 0.767606
1202 0.767606
1203 0.760563
1204 0.767606
1205 0.767606
1206 0.767606
1207 0.767606
1208 0.767606
1209 0.767606
1210 0.767606
1211 0.767606
1212 0.767606
1213 0.767606
1214 0.767606
1215 0.767606
1216 0.767606
1217 0.767606
1218 0.767606
1219 0.767606
1220 0.767606
1221 0.767606
1222 0.767606
1223 0.767606
1224 0.767606
1225 0.767606
1226 0.767606
1227 0.767606
1228 0.767606
1229 0.767606
1230 0.767606
1231 0.767606
1232 0.767606
1233 0.767606
1234 0.767606
1235 0.767606
1236 0.767606
1237 0.767606
1238 0.767606
1239 0.767606
1240 0.767606
1241 0.767606
1242 0.767606
1243 0.767606
1244 0.767606
1245 0.767606
1246 0.767606
1247 0.767606
1248 0.767606
1249 0.767606
1250 0.774648
1251 0.774648
1252 0.767606
1253 0.767606
1254 0.774648
1255 0.774648
1256 0.753521
1257 0.774648
1258 0.774648
1259 0.774648
1260 0.774648
1261 0.774648
1262 0.774648
1263 0.774648
1264 0.774648
1265 0.774648
1266 0.767606
1267 0.774648
1268 0.774648
1269 0.774648
1270 0.760563
1271 0.760563
1272 0.760563
1273 0.760563
1274 0.760563
1275 0.767606
1276 0.760563
1277 0.774648
1278 0.774648
1279 0.774648
1280 0.774648
1281 0.774648
1282 0.774648
1283 0.774648
1284 0.774648
1285 0.774648
1286 0.767606
1287 0.767606
1288 0.774648
1289 0.774648
1290 0.774648
1291 0.774648
1292 0.774648
1293 0.774648
1294 0.774648
1295 0.774648
1296 0.774648
1297 0.774648
1298 0.774648
1299 0.774648
1300 0.760563
1301 0.760563
1302 0.760563
1303 0.760563
1304 0.753521
1305 0.760563
1306 0.760563
1307 0.760563
1308 0.746479
1309 0.746479
1310 0.760563
1311 0.753521
1312 0.753521
1313 0.753521
1314 0.760563
1315 0.760563
1316 0.753521
1317 0.760563
1318 0.760563
1319 0.746479
1320 0.760563
1321 0.746479
1322 0.760563
1323 0.753521
1324 0.760563
1325 0.760563
1326 0.760563
1327 0.760563
1328 0.760563
1329 0.760563
1330 0.760563
1331 0.760563
1332 0.760563
1333 0.760563
1334 0.760563
1335 0.760563
1336 0.760563
1337 0.760563
1338 0.760563
1339 0.760563
1340 0.760563
1341 0.760563
1342 0.760563
1343 0.760563
1344 0.760563
1345 0.760563
1346 0.760563
1347 0.760563
1348 0.760563
1349 0.760563
1350 0.697183
1351 0.697183
1352 0.697183
1353 0.697183
1354 0.697183
1355 0.697183
1356 0.697183
1357 0.697183
1358 0.697183
1359 0.697183
1360 0.697183
1361 0.697183
1362 0.697183
1363 0.697183
1364 0.697183
1365 0.697183
1366 0.697183
1367 0.697183
1368 0.697183
1369 0.697183
1370 0.697183
1371 0.697183
1372 0.697183
1373 0.697183
1374 0.697183
1375 0.697183
1376 0.697183
1377 0.697183
1378 0.697183
1379 0.697183
1380 0.697183
1381 0.697183
1382 0.697183
1383 0.697183
1384 0.697183
1385 0.697183
1386 0.697183
1387 0.697183
1388 0.697183
1389 0.697183
1390 0.697183
1391 0.697183
1392 0.697183
1393 0.697183
1394 0.697183
1395 0.697183
1396 0.697183
1397 0.697183
1398 0.697183
1399 0.697183
1400 0.676056
1401 0.676056
1402 0.676056
1403 0.669014
1404 0.669014
1405 0.669014
1406 0.669014
1407 0.669014
1408 0.669014
1409 0.669014
1410 0.669014
1411 0.669014
1412 0.669014
1413 0.669014
1414 0.669014
1415 0.669014
1416 0.669014
1417 0.676056
1418 0.669014
1419 0.661972
1420 0.661972
1421 0.661972
1422 0.661972
1423 0.661972
1424 0.669014
1425 0.669014
1426 0.661972
1427 0.661972
1428 0.661972
1429 0.661972
1430 0.661972
1431 0.661972
1432 0.669014
1433 0.676056
1434 0.669014
1435 0.676056
1436 0.669014
1437 0.669014
1438 0.669014
1439 0.669014
1440 0.676056
1441 0.669014
1442 0.676056
1443 0.676056
1444 0.669014
1445 0.669014
1446 0.669014
1447 0.669014
1448 0.669014
1449 0.676056
1450 0.633803
1451 0.633803
1452 0.633803
1453 0.633803
1454 0.633803
1455 0.633803
1456 0.633803
1457 0.633803
1458 0.626761
1459 0.633803
1460 0.633803
1461 0.633803
1462 0.633803
1463 0.633803
1464 0.633803
1465 0.626761
1466 0.626761
1467 0.626761
1468 0.633803
1469 0.633803
1470 0.633803
1471 0.633803
1472 0.626761
1473 0.626761
1474 0.633803
1475 0.633803
1476 0.633803
1477 0.626761
1478 0.633803
1479 0.633803
1480 0.633803
1481 0.633803
1482 0.633803
1483 0.633803
1484 0.633803
1485 0.633803
1486 0.633803
1487 0.633803
1488 0.633803
1489 0.633803
1490 0.633803
1491 0.633803
1492 0.633803
1493 0.633803
1494 0.633803
1495 0.633803
1496 0.633803
1497 0.633803
1498 0.633803
1499 0.633803
1500 0.739437
1501 0.739437
1502 0.739437
1503 0.739437
1504 0.739437
1505 0.739437
1506 0.739437
1507 0.739437
1508 0.739437
1509 0.739437
1510 0.739437
1511 0.739437
1512 0.739437
1513 0.739437
1514 0.739437
1515 0.739437
1516 0.732394
1517 0.739437
1518 0.732394
1519 0.739437
1520 0.732394
1521 0.739437
1522 0.732394
1523 0.732394
1524 0.732394
1525 0.732394
1526 0.739437
1527 0.732394
1528 0.739437
1529 0.739437
1530 0.739437
1531 0.739437
1532 0.739437
1533 0.718310
1534 0.718310
1535 0.725352
1536 0.739437
1537 0.732394
1538 0.732394
1539 0.732394
1540 0.739437
1541 0.732394
1542 0.732394
1543 0.732394
1544 0.732394
1545 0.739437
1546 0.739437
1547 0.739437
1548 0.739437
1549 0.725352
1550 0.830986
1551 0.830986
1552 0.830986
1553 0.830986
1554 0.830986
1555 0.830986
1556 0.830986
1557 0.830986
1558 0.830986
1559 0.830986
1560 0.830986
1561 0.830986
1562 0.830986
1563 0.830986
1564 0.830986
1565 0.823944
1566 0.830986
1567 0.823944
1568 0.830986
1569 0.823944
1570 0.823944
1571 0.830986
1572 0.823944
1573 0.830986
1574 0.830986
1575 0.830986
1576 0.830986
1577 0.830986
1578 0.830986
1579 0.830986
1580 0.830986
1581 0.823944
1582 0.830986
1583 0.823944
1584 0.830986
1585 0.823944
1586 0.830986
1587 0.830986
1588 0.823944
1589 0.823944
1590 0.823944
1591 0.809859
1592 0.816901
1593 0.809859
1594 0.816901
1595 0.816901
1596 0.809859
1597 0.809859
1598 0.830986
1599 0.816901
1600 0.781690
1601 0.781690
1602 0.774648
1603 0.774648
1604 0.781690
1605 0.781690
1606 0.781690
1607 0.781690
1608 0.781690
1609 0.781690
1610 0.781690
1611 0.781690
1612 0.767606
1613 0.781690
1614 0.781690
1615 0.781690
1616 0.781690
1617 0.781690
1618 0.781690
1619 0.781690
1620 0.781690
1621 0.774648
1622 0.774648
1623 0.781690
1624 0.781690
1625 0.781690
1626 0.781690
1627 0.781690
1628 0.781690
1629 0.781690
1630 0.781690
1631 0.781690
1632 0.781690
1633 0.781690
1634 0.781690
1635 0.781690
1636 0.781690
1637 0.781690
1638 0.781690
1639 0.781690
1640 0.781690
1641 0.781690
1642 0.781690
1643 0.781690
1644 0.781690
1645 0.781690
1646 0.781690
1647 0.781690
1648 0.781690
1649 0.781690
1650 0.683099
1651 0.683099
1652 0.683099
1653 0.683099
1654 0.683099
1655 0.683099
1656 0.683099
1657 0.683099
1658 0.683099
1659 0.683099
1660 0.683099
1661 0.683099
1662 0.683099
1663 0.683099
1664 0.683099
1665 0.676056
1666 0.676056
1667 0.683099
1668 0.683099
1669 0.676056
1670 0.683099
1671 0.676056
1672 0.683099
1673 0.676056
1674 0.676056
1675 0.676056
1676 0.676056
1677 0.676056
1678 0.676056
1679 0.676056
1680 0.676056
1681 0.683099
1682 0.683099
1683 0.676056
1684 0.676056
1685 0.683099
1686 0.676056
1687 0.683099
1688 0.683099
1689 0.683099
1690 0.683099
1691 0.683099
1692 0.683099
1693 0.683099
1694 0.683099
1695 0.676056
1696 0.683099
1697 0.676056
1698 0.683099
1699 0.676056
1700 0.669014
1701 0.669014
1702 0.669014
1703 0.669014
1704 0.669014
1705 0.669014
1706 0.661972
1707 0.661972
1708 0.669014
1709 0.661972
1710 0.669014
1711 0.654930
1712 0.654930
1713 0.654930
1714 0.669014
1715 0.669014
1716 0.669014
1717 0.654930
1718 0.661972
1719 0.669014
1720 0.669014
1721 0.669014
1722 0.669014
1723 0.669014
1724 0.669014
1725 0.669014
1726 0.669014
1727 0.669014
1728 0.661972
1729 0.669014
1730 0.669014
1731 0.669014
1732 0.669014
1733 0.669014
1734 0.669014
1735 0.669014
1736 0.669014
1737 0.669014
1738 0.669014
1739 0.669014
1740 0.669014
1741 0.669014
1742 0.669014
1743 0.669014
1744 0.669014
1745 0.669014
1746 0.669014
1747 0.669014
1748 0.669014
1749 0.669014
1750 0.845070
1751 0.845070
1752 0.845070
1753 0.845070
1754 0.845070
1755 0.845070
1756 0.845070
1757 0.845070
1758 0.845070
1759 0.845070
1760 0.845070
1761 0.845070
1762 0.845070
1763 0.845070
1764 0.845070
1765 0.845070
1766 0.845070
1767 0.845070
1768 0.845070
1769 0.845070
1770 0.845070
1771 0.845070
1772 0.845070
1773 0.845070
1774 0.845070
1775 0.845070
1776 0.845070
1777 0.845070
1778 0.845070
1779 0.845070
1780 0.845070
1781 0.845070
1782 0.845070
1783 0.845070
1784 0.845070
1785 0.845070
1786 0.845070
1787 0.838028
1788 0.845070
1789 0.845070
1790 0.845070
1791 0.845070
1792 0.845070
1793 0.838028
1794 0.845070
1795 0.845070
1796 0.845070
1797 0.845070
1798 0.845070
1799 0.845070
1800 0.809859
1801 0.809859
1802 0.809859
1803 0.809859
1804 0.802817
1805 0.809859
1806 0.809859
1807 0.809859
1808 0.809859
1809 0.809859
1810 0.809859
1811 0.809859
1812 0.809859
1813 0.809859
1814 0.802817
1815 0.802817
1816 0.809859
1817 0.809859
1818 0.809859
1819 0.809859
1820 0.809859
1821 0.788732
1822 0.795775
1823 0.788732
1824 0.788732
1825 0.809859
1826 0.809859
1827 0.809859
1828 0.802817
1829 0.802817
1830 0.809859
1831 0.809859
1832 0.802817
1833 0.809859
1834 0.809859
1835 0.809859
1836 0.802817
1837 0.809859
1838 0.809859
1839 0.809859
1840 0.809859
1841 0.809859
1842 0.809859
1843 0.809859
1844 0.809859
1845 0.809859
1846 0.809859
1847 0.809859
1848 0.809859
1849 0.809859
1850 0.753521
1851 0.753521
1852 0.753521
1853 0.753521
1854 0.725352
1855 0.725352
1856 0.753521
1857 0.753521
1858 0.753521
1859 0.753521
1860 0.753521
1861 0.753521
1862 0.753521
1863 0.753521
1864 0.746479
1865 0.746479
1866 0.753521
1867 0.746479
1868 0.753521
1869 0.739437
1870 0.753521
1871 0.753521
1872 0.753521
1873 0.753521
1874 0.753521
1875 0.753521
1876 0.753521
1877 0.753521
1878 0.732394
1879 0.732394
1880 0.753521
1881 0.746479
1882 0.739437
1883 0.739437
1884 0.753521
1885 0.739437
1886 0.739437
1887 0.753521
1888 0.753521
1889 0.746479
1890 0.753521
1891 0.753521
1892 0.753521
1893 0.753521
1894 0.753521
1895 0.753521
1896 0.746479
1897 0.753521
1898 0.753521
1899 0.753521
1900 0.760563
1901 0.760563
1902 0.760563
1903 0.760563
1904 0.760563
1905 0.760563
1906 0.760563
1907 0.753521
1908 0.753521
1909 0.753521
1910 0.753521
1911 0.753521
1912 0.760563
1913 0.746479
1914 0.746479
1915 0.746479
1916 0.753521
1917 0.753521
1918 0.753521
1919 0.746479
1920 0.746479
1921 0.753521
1922 0.753521
1923 0.746479
1924 0.753521
1925 0.746479
1926 0.753521
1927 0.753521
1928 0.746479
1929 0.753521
1930 0.746479
1931 0.746479
1932 0.746479
1933 0.746479
1934 0.746479
1935 0.753521
1936 0.760563
1937 0.753521
1938 0.753521
1939 0.760563
1940 0.753521
1941 0.753521
1942 0.760563
1943 0.760563
1944 0.753521
1945 0.753521
1946 0.753521
1947 0.760563
1948 0.753521
1949 0.746479
1950 0.725352
1951 0.725352
1952 0.725352
1953 0.725352
1954 0.725352
1955 0.725352
1956 0.725352
1957 0.725352
1958 0.725352
1959 0.718310
1960 0.725352
1961 0.725352
1962 0.725352
1963 0.725352
1964 0.725352
1965 0.725352
1966 0.725352
1967 0.725352
1968 0.725352
1969 0.725352
1970 0.725352
1971 0.725352
1972 0.725352
1973 0.725352
1974 0.725352
1975 0.725352
1976 0.725352
1977 0.725352
1978 0.725352
1979 0.725352
1980 0.725352
1981 0.725352
1982 0.718310
1983 0.718310
1984 0.718310
1985 0.725352
1986 0.718310
1987 0.718310
1988 0.725352
1989 0.718310
1990 0.725352
1991 0.718310
1992 0.718310
1993 0.711268
1994 0.725352
1995 0.718310
1996 0.718310
1997 0.725352
1998 0.718310
1999 0.718310
2000 0.809859
2001 0.809859
2002 0.809859
2003 0.809859
2004 0.809859
2005 0.809859
2006 0.809859
2007 0.809859
2008 0.795775
2009 0.809859
2010 0.809859
2011 0.809859
2012 0.802817
2013 0.795775
2014 0.809859
2015 0.809859
2016 0.809859
2017 0.809859
2018 0.809859
2019 0.809859
2020 0.802817
2021 0.809859
2022 0.809859
2023 0.809859
2024 0.809859
2025 0.809859
2026 0.809859
2027 0.809859
2028 0.809859
2029 0.809859
2030 0.809859
2031 0.809859
2032 0.809859
2033 0.809859
2034 0.809859
2035 0.809859
2036 0.809859
2037 0.809859
2038 0.809859
2039 0.809859
2040 0.809859
2041 0.795775
2042 0.802817
2043 0.809859
2044 0.802817
2045 0.809859
2046 0.802817
2047 0.802817
2048 0.802817
2049 0.809859
2050 0.816901
2051 0.809859
2052 0.809859
2053 0.816901
2054 0.802817
2055 0.802817
2056 0.816901
2057 0.809859
2058 0.809859
2059 0.809859
2060 0.809859
2061 0.809859
2062 0.816901
2063 0.816901
2064 0.809859
2065 0.809859
2066 0.816901
2067 0.816901
2068 0.816901
2069 0.816901
2070 0.816901
2071 0.816901
2072 0.816901
2073 0.816901
2074 0.816901
2075 0.816901
2076 0.816901
2077 0.802817
2078 0.816901
2079 0.809859
2080 0.809859
2081 0.816901
2082 0.816901
2083 0.816901
2084 0.816901
2085 0.816901
2086 0.816901
2087 0.816901
2088 0.816901
2089 0.816901
2090 0.816901
2091 0.816901
2092 0.816901
2093 0.809859
2094 0.816901
2095 0.816901
2096 0.816901
2097 0.809859
2098 0.809859
2099 0.809859
2100 0.746479
2101 0.739437
2102 0.739437
2103 0.746479
2104 0.732394
2105 0.739437
2106 0.746479
2107 0.746479
2108 0.746479
2109 0.746479
2110 0.746479
2111 0.746479
2112 0.746479
2113 0.746479
2114 0.739437
2115 0.732394
2116 0.732394
2117 0.732394
2118 0.732394
2119 0.739437
2120 0.732394
2121 0.732394
2122 0.739437
2123 0.739437
2124 0.732394
2125 0.732394
2126 0.746479
2127 0.746479
2128 0.746479
2129 0.739437
2130 0.739437
2131 0.746479
2132 0.746479
2133 0.746479
2134 0.746479
2135 0.739437
2136 0.746479
2137 0.739437
2138 0.746479
2139 0.746479
2140 0.746479
2141 0.746479
2142 0.746479
2143 0.746479
2144 0.746479
2145 0.746479
2146 0.725352
2147 0.746479
2148 0.739437
2149 0.746479
2150 0.704225
2151 0.704225
2152 0.704225
2153 0.697183
2154 0.697183
2155 0.704225
2156 0.704225
2157 0.697183
2158 0.704225
2159 0.704225
2160 0.704225
2161 0.704225
2162 0.697183
2163 0.697183
2164 0.704225
2165 0.697183
2166 0.697183
2167 0.697183
2168 0.697183
2169 0.697183
2170 0.697183
2171 0.697183
2172 0.697183
2173 0.697183
2174 0.697183
2175 0.697183
2176 0.697183
2177 0.697183
2178 0.697183
2179 0.697183
2180 0.697183
2181 0.697183
2182 0.697183
2183 0.697183
2184 0.697183
2185 0.697183
2186 0.697183
2187 0.697183
2188 0.697183
2189 0.697183
2190 0.697183
2191 0.697183
2192 0.697183
2193 0.697183
2194 0.704225
2195 0.697183
2196 0.697183
2197 0.697183
2198 0.697183
2199 0.704225
2200 0.704225
2201 0.704225
2202 0.704225
2203 0.697183
2204 0.690141
2205 0.690141
2206 0.690141
2207 0.697183
2208 0.690141
2209 0.697183
2210 0.690141
2211 0.697183
2212 0.697183
2213 0.690141
2214 0.690141
2215 0.697183
2216 0.697183
2217 0.690141
2218 0.690141
2219 0.690141
2220 0.697183
2221 0.690141
2222 0.704225
2223 0.690141
2224 0.697183
2225 0.690141
2226 0.690141
2227 0.690141
2228 0.690141
2229 0.690141
2230 0.690141
2231 0.697183
2232 0.697183
2233 0.697183
2234 0.690141
2235 0.690141
2236 0.690141
2237 0.690141
2238 0.697183
2239 0.690141
2240 0.683099
2241 0.683099
2242 0.683099
2243 0.683099
2244 0.683099
2245 0.683099
2246 0.683099
2247 0.676056
2248 0.676056
2249 0.676056
2250 0.697183
2251 0.697183
2252 0.690141
2253 0.683099
2254 0.683099
2255 0.683099
2256 0.690141
2257 0.690141
2258 0.697183
2259 0.683099
2260 0.683099
2261 0.690141
2262 0.690141
2263 0.683099
2264 0.690141
2265 0.683099
2266 0.690141
2267 0.683099
2268 0.683099
2269 0.690141
2270 0.683099
2271 0.683099
2272 0.683099
2273 0.683099
2274 0.683099
2275 0.683099
2276 0.683099
2277 0.683099
2278 0.683099
2279 0.683099
2280 0.683099
2281 0.683099
2282 0.683099
2283 0.690141
2284 0.690141
2285 0.683099
2286 0.683099
2287 0.683099
2288 0.683099
2289 0.690141
2290 0.683099
2291 0.690141
2292 0.683099
2293 0.683099
2294 0.690141
2295 0.683099
2296 0.683099
2297 0.690141
2298 0.676056
2299 0.676056
2300 0.683099
2301 0.683099
2302 0.676056
2303 0.669014
2304 0.669014
2305 0.669014
2306 0.669014
2307 0.669014
2308 0.676056
2309 0.676056
2310 0.676056
2311 0.676056
2312 0.669014
2313 0.669014
2314 0.676056
2315 0.669014
2316 0.669014
2317 0.676056
2318 0.676056
2319 0.676056
2320 0.676056
2321 0.669014
2322 0.669014
2323 0.676056
2324 0.676056
2325 0.676056
2326 0.669014
2327 0.669014
2328 0.669014
2329 0.676056
2330 0.669014
2331 0.669014
2332 0.669014
2333 0.669014
2334 0.676056
2335 0.683099
2336 0.669014
2337 0.669014
2338 0.676056
2339 0.676056
2340 0.669014
2341 0.669014
2342 0.676056
2343 0.669014
2344 0.669014
2345 0.676056
2346 0.676056
2347 0.661972
2348 0.661972
2349 0.661972
2350 0.591549
2351 0.591549
2352 0.577465
2353 0.577465
2354 0.577465
2355 0.577465
2356 0.591549
2357 0.584507
2358 0.584507
2359 0.584507
2360 0.584507
2361 0.584507
2362 0.584507
2363 0.584507
2364 0.584507
2365 0.584507
2366 0.584507
2367 0.584507
2368 0.584507
2369 0.591549
2370 0.584507
2371 0.584507
2372 0.584507
2373 0.584507
2374 0.584507
2375 0.584507
2376 0.584507
2377 0.584507
2378 0.584507
2379 0.584507
2380 0.584507
2381 0.584507
2382 0.584507
2383 0.591549
2384 0.584507
2385 0.584507
2386 0.591549
2387 0.584507
2388 0.591549
2389 0.591549
2390 0.584507
2391 0.584507
2392 0.591549
2393 0.584507
2394 0.584507
2395 0.591549
2396 0.584507
2397 0.584507
2398 0.591549
2399 0.584507
2400 0.809859
2401 0.809859
2402 0.809859
2403 0.809859
2404 0.809859
2405 0.809859
2406 0.809859
2407 0.809859
2408 0.809859
2409 0.809859
2410 0.809859
2411 0.802817
2412 0.809859
2413 0.802817
2414 0.809859
2415 0.809859
2416 0.809859
2417 0.802817
2418 0.809859
2419 0.802817
2420 0.809859
2421 0.809859
2422 0.802817
2423 0.809859
2424 0.802817
2425 0.802817
2426 0.802817
2427 0.802817
2428 0.802817
2429 0.809859
2430 0.802817
2431 0.809859
2432 0.802817
2433 0.802817
2434 0.809859
2435 0.809859
2436 0.809859
2437 0.809859
2438 0.802817
2439 0.809859
2440 0.802817
2441 0.795775
2442 0.795775
2443 0.788732
2444 0.809859
2445 0.788732
2446 0.795775
2447 0.809859
2448 0.788732
2449 0.802817
2450 0.788732
2451 0.788732
2452 0.788732
2453 0.788732
2454 0.767606
2455 0.788732
2456 0.781690
2457 0.781690
2458 0.788732
2459 0.788732
2460 0.788732
2461 0.788732
2462 0.781690
2463 0.788732
2464 0.788732
2465 0.774648
2466 0.788732
2467 0.788732
2468 0.767606
2469 0.788732
2470 0.788732
2471 0.781690
2472 0.788732
2473 0.781690
2474 0.788732
2475 0.788732
2476 0.788732
2477 0.788732
2478 0.788732
2479 0.788732
2480 0.781690
2481 0.788732
2482 0.788732
2483 0.788732
2484 0.788732
2485 0.781690
2486 0.788732
2487 0.788732
2488 0.788732
2489 0.781690
2490 0.788732
2491 0.774648
2492 0.788732
2493 0.788732
2494 0.788732
2495 0.788732
2496 0.788732
2497 0.788732
2498 0.788732
2499 0.788732
2500 0.753521
2501 0.753521
2502 0.753521
2503 0.753521
2504 0.753521
2505 0.753521
2506 0.753521
2507 0.753521
2508 0.753521
2509 0.753521
2510 0.753521
2511 0.753521
2512 0.753521
2513 0.753521
2514 0.753521
2515 0.753521
2516 0.746479
2517 0.753521
2518 0.753521
2519 0.753521
2520 0.753521
2521 0.753521
2522 0.753521
2523 0.753521
2524 0.753521
2525 0.753521
2526 0.753521
2527 0.753521
2528 0.753521
2529 0.753521
2530 0.753521
2531 0.753521
2532 0.753521
2533 0.753521
2534 0.753521
2535 0.753521
2536 0.753521
2537 0.753521
2538 0.753521
2539 0.753521
2540 0.753521
2541 0.753521
2542 0.753521
2543 0.753521
2544 0.753521
2545 0.753521
2546 0.753521
2547 0.753521
2548 0.753521
2549 0.753521
2550 0.711268
2551 0.711268
2552 0.711268
2553 0.711268
2554 0.711268
2555 0.711268
2556 0.711268
2557 0.711268
2558 0.711268
2559 0.711268
2560 0.711268
2561 0.711268
2562 0.711268
2563 0.711268
2564 0.711268
2565 0.711268
2566 0.711268
2567 0.711268
2568 0.711268
2569 0.711268
2570 0.711268
2571 0.711268
2572 0.711268
2573 0.711268
2574 0.711268
2575 0.711268
2576 0.711268
2577 0.711268
2578 0.711268
2579 0.711268
2580 0.711268
2581 0.711268
2582 0.711268
2583 0.711268
2584 0.711268
2585 0.711268
2586 0.711268
2587 0.711268
2588 0.711268
2589 0.711268
2590 0.711268
2591 0.711268
2592 0.711268
2593 0.711268
2594 0.711268
2595 0.711268
2596 0.711268
2597 0.711268
2598 0.711268
2599 0.711268
2600 0.718310
2601 0.704225
2602 0.704225
2603 0.711268
2604 0.704225
2605 0.704225
2606 0.704225
2607 0.704225
2608 0.704225
2609 0.718310
2610 0.711268
2611 0.711268
2612 0.711268
2613 0.704225
2614 0.704225
2615 0.704225
2616 0.704225
2617 0.704225
2618 0.711268
2619 0.704225
2620 0.704225
2621 0.718310
2622 0.711268
2623 0.704225
2624 0.711268
2625 0.704225
2626 0.704225
2627 0.704225
2628 0.711268
2629 0.711268
2630 0.704225
2631 0.711268
2632 0.704225
2633 0.704225
2634 0.704225
2635 0.711268
2636 0.704225
2637 0.704225
2638 0.704225
2639 0.704225
2640 0.704225
2641 0.704225
2642 0.711268
2643 0.704225
2644 0.704225
2645 0.704225
2646 0.711268
2647 0.704225
2648 0.704225
2649 0.711268
2650 0.718310
2651 0.704225
2652 0.704225
2653 0.704225
2654 0.718310
2655 0.704225
2656 0.704225
2657 0.704225
2658 0.704225
2659 0.704225
2660 0.711268
2661 0.704225
2662 0.704225
2663 0.718310
2664 0.697183
2665 0.718310
2666 0.718310
2667 0.718310
2668 0.711268
2669 0.711268
2670 0.711268
2671 0.711268
2672 0.711268
2673 0.711268
2674 0.711268
2675 0.711268
2676 0.711268
2677 0.711268
2678 0.704225
2679 0.704225
2680 0.711268
2681 0.704225
2682 0.711268
2683 0.704225
2684 0.704225
2685 0.704225
2686 0.704225
2687 0.704225
2688 0.704225
2689 0.704225
2690 0.704225
2691 0.704225
2692 0.711268
2693 0.704225
2694 0.704225
2695 0.704225
2696 0.704225
2697 0.704225
2698 0.704225
2699 0.704225
2700 0.711268
2701 0.711268
2702 0.711268
2703 0.711268
2704 0.711268
2705 0.711268
2706 0.711268
2707 0.711268
2708 0.711268
2709 0.711268
2710 0.711268
2711 0.711268
2712 0.711268
2713 0.711268
2714 0.711268
2715 0.711268
2716 0.711268
2717 0.711268
2718 0.711268
2719 0.711268
2720 0.711268
2721 0.711268
2722 0.711268
2723 0.711268
2724 0.711268
2725 0.711268
2726 0.711268
2727 0.711268
2728 0.711268
2729 0.711268
2730 0.711268
2731 0.711268
2732 0.711268
2733 0.711268
2734 0.711268
2735 0.711268
2736 0.711268
2737 0.711268
2738 0.711268
2739 0.711268
2740 0.711268
2741 0.704225
2742 0.704225
2743 0.704225
2744 0.704225
2745 0.704225
2746 0.704225
2747 0.704225
2748 0.711268
2749 0.704225
2750 0.669014
2751 0.669014
2752 0.669014
2753 0.669014
2754 0.669014
2755 0.669014
2756 0.669014
2757 0.669014
2758 0.669014
2759 0.669014
2760 0.669014
2761 0.661972
2762 0.661972
2763 0.661972
2764 0.661972
2765 0.661972
2766 0.661972
2767 0.661972
2768 0.661972
2769 0.661972
2770 0.661972
2771 0.661972
2772 0.661972
2773 0.661972
2774 0.661972
2775 0.661972
2776 0.661972
2777 0.669014
2778 0.661972
2779 0.661972
2780 0.661972
2781 0.661972
2782 0.661972
2783 0.661972
2784 0.661972
2785 0.669014
2786 0.669014
2787 0.661972
2788 0.669014
2789 0.669014
2790 0.661972
2791 0.661972
2792 0.661972
2793 0.661972
2794 0.661972
2795 0.661972
2796 0.661972
2797 0.661972
2798 0.661972
2799 0.661972
2800 0.697183
2801 0.697183
2802 0.697183
2803 0.697183
2804 0.697183
2805 0.697183
2806 0.697183
2807 0.697183
2808 0.697183
2809 0.697183
2810 0.697183
2811 0.697183
2812 0.697183
2813 0.697183
2814 0.697183
2815 0.697183
2816 0.690141
2817 0.676056
2818 0.683099
2819 0.697183
2820 0.690141
2821 0.690141
2822 0.697183
2823 0.690141
2824 0.690141
2825 0.690141
2826 0.690141
2827 0.690141
2828 0.690141
2829 0.690141
2830 0.690141
2831 0.690141
2832 0.690141
2833 0.690141
2834 0.690141
2835 0.690141
2836 0.690141
2837 0.690141
2838 0.690141
2839 0.697183
2840 0.661972
2841 0.669014
2842 0.697183
2843 0.690141
2844 0.683099
2845 0.683099
2846 0.697183
2847 0.690141
2848 0.690141
2849 0.690141
2850 0.739437
2851 0.739437
2852 0.732394
2853 0.732394
2854 0.739437
2855 0.739437
2856 0.732394
2857 0.739437
2858 0.732394
2859 0.732394
2860 0.739437
2861 0.739437
2862 0.725352
2863 0.739437
2864 0.732394
2865 0.732394
2866 0.739437
2867 0.739437
2868 0.739437
2869 0.739437
2870 0.732394
2871 0.732394
2872 0.732394
2873 0.739437
2874 0.732394
2875 0.732394
2876 0.732394
2877 0.739437
2878 0.732394
2879 0.732394
2880 0.732394
2881 0.732394
2882 0.732394
2883 0.732394
2884 0.732394
2885 0.732394
2886 0.732394
2887 0.732394
2888 0.732394
2889 0.732394
2890 0.732394
2891 0.732394
2892 0.732394
2893 0.739437
2894 0.725352
2895 0.725352
2896 0.739437
2897 0.739437
2898 0.732394
2899 0.732394
2900 0.591549
2901 0.591549
2902 0.591549
2903 0.591549
2904 0.591549
2905 0.577465
2906 0.563380
2907 0.570423
2908 0.591549
2909 0.577465
2910 0.577465
2911 0.591549
2912 0.577465
2913 0.584507
2914 0.584507
2915 0.577465
2916 0.591549
2917 0.577465
2918 0.577465
2919 0.584507
2920 0.591549
2921 0.591549
2922 0.584507
2923 0.591549
2924 0.584507
2925 0.584507
2926 0.584507
2927 0.591549
2928 0.584507
2929 0.584507
2930 0.584507
2931 0.591549
2932 0.584507
2933 0.584507
2934 0.584507
2935 0.591549
2936 0.584507
2937 0.584507
2938 0.591549
2939 0.584507
2940 0.584507
2941 0.584507
2942 0.584507
2943 0.591549
2944 0.591549
2945 0.584507
2946 0.584507
2947 0.584507
2948 0.591549
2949 0.584507
2950 0.676056
2951 0.676056
2952 0.676056
2953 0.676056
2954 0.669014
2955 0.676056
2956 0.661972
2957 0.676056
2958 0.676056
2959 0.669014
2960 0.669014
2961 0.669014
2962 0.676056
2963 0.669014
2964 0.669014
2965 0.676056
2966 0.669014
2967 0.669014
2968 0.669014
2969 0.676056
2970 0.669014
2971 0.676056
2972 0.676056
2973 0.676056
2974 0.669014
2975 0.676056
2976 0.669014
2977 0.669014
2978 0.676056
2979 0.676056
2980 0.669014
2981 0.676056
2982 0.661972
2983 0.676056
2984 0.669014
2985 0.676056
2986 0.669014
2987 0.669014
2988 0.676056
2989 0.669014
2990 0.676056
2991 0.676056
2992 0.669014
2993 0.676056
2994 0.669014
2995 0.676056
2996 0.669014
2997 0.676056
2998 0.661972
2999 0.676056
3000 0.711268
3001 0.711268
3002 0.711268
3003 0.704225
3004 0.697183
3005 0.704225
3006 0.697183
3007 0.697183
3008 0.711268
3009 0.704225
3010 0.704225
3011 0.704225
3012 0.704225
3013 0.704225
3014 0.704225
3015 0.711268
3016 0.704225
3017 0.704225
3018 0.704225
3019 0.704225
3020 0.704225
3021 0.704225
3022 0.711268
3023 0.704225
3024 0.711268
3025 0.711268
3026 0.690141
3027 0.711268
3028 0.704225
3029 0.697183
3030 0.711268
3031 0.704225
3032 0.711268
3033 0.704225
3034 0.711268
3035 0.704225
3036 0.711268
3037 0.704225
3038 0.704225
3039 0.711268
3040 0.704225
3041 0.711268
3042 0.690141
3043 0.711268
3044 0.690141
3045 0.711268
3046 0.704225
3047 0.704225
3048 0.711268
3049 0.704225
3050 0.647887
3051 0.647887
3052 0.647887
3053 0.647887
3054 0.647887
3055 0.647887
3056 0.647887
3057 0.647887
3058 0.647887
3059 0.647887
3060 0.647887
3061 0.640845
3062 0.647887
3063 0.647887
3064 0.647887
3065 0.647887
3066 0.647887
3067 0.647887
3068 0.647887
3069 0.647887
3070 0.647887
3071 0.647887
3072 0.647887
3073 0.647887
3074 0.647887
3075 0.647887
3076 0.647887
3077 0.647887
3078 0.647887
3079 0.647887
3080 0.647887
3081 0.647887
3082 0.647887
3083 0.647887
3084 0.647887
3085 0.647887
3086 0.647887
3087 0.647887
3088 0.647887
3089 0.647887
3090 0.647887
3091 0.647887
3092 0.647887
3093 0.647887
3094 0.647887
3095 0.647887
3096 0.647887
3097 0.647887
3098 0.647887
3099 0.647887
3100 0.683099
3101 0.683099
3102 0.676056
3103 0.683099
3104 0.683099
3105 0.683099
3106 0.676056
3107 0.683099
3108 0.683099
3109 0.683099
3110 0.683099
3111 0.683099
3112 0.683099
3113 0.683099
3114 0.683099
3115 0.683099
3116 0.683099
3117 0.676056
3118 0.683099
3119 0.683099
3120 0.676056
3121 0.683099
3122 0.676056
3123 0.683099
3124 0.676056
3125 0.683099
3126 0.683099
3127 0.683099
3128 0.683099
3129 0.683099
3130 0.683099
3131 0.683099
3132 0.683099
3133 0.683099
3134 0.683099
3135 0.683099
3136 0.683099
3137 0.683099
3138 0.683099
3139 0.683099
3140 0.683099
3141 0.683099
3142 0.683099
3143 0.683099
3144 0.683099
3145 0.683099
3146 0.683099
3147 0.683099
3148 0.683099
3149 0.683099
3150 0.725352
3151 0.725352
3152 0.725352
3153 0.725352
3154 0.725352
3155 0.725352
3156 0.725352
3157 0.725352
3158 0.725352
3159 0.725352
3160 0.725352
3161 0.725352
3162 0.725352
3163 0.725352
3164 0.718310
3165 0.725352
3166 0.725352
3167 0.725352
3168 0.725352
3169 0.725352
3170 0.725352
3171 0.725352
3172 0.725352
3173 0.725352
3174 0.725352
3175 0.725352
3176 0.725352
3177 0.725352
3178 0.725352
3179 0.725352
3180 0.725352
3181 0.725352
3182 0.725352
3183 0.725352
3184 0.725352
3185 0.725352
3186 0.725352
3187 0.718310
3188 0.718310
3189 0.718310
3190 0.718310
3191 0.718310
3192 0.725352
3193 0.725352
3194 0.725352
3195 0.725352
3196 0.725352
3197 0.725352
3198 0.725352
3199 0.725352
3200 0.760563
3201 0.760563
3202 0.753521
3203 0.753521
3204 0.753521
3205 0.753521
3206 0.760563
3207 0.746479
3208 0.760563
3209 0.746479
3210 0.760563
3211 0.753521
3212 0.760563
3213 0.760563
3214 0.753521
3215 0.760563
3216 0.760563
3217 0.753521
3218 0.760563
3219 0.753521
3220 0.753521
3221 0.753521
3222 0.760563
3223 0.739437
3224 0.739437
3225 0.746479
3226 0.760563
3227 0.753521
3228 0.753521
3229 0.753521
3230 0.753521
3231 0.760563
3232 0.760563
3233 0.753521
3234 0.753521
3235 0.760563
3236 0.760563
3237 0.760563
3238 0.753521
3239 0.753521
3240 0.760563
3241 0.753521
3242 0.753521
3243 0.753521
3244 0.760563
3245 0.760563
3246 0.753521
3247 0.760563
3248 0.753521
3249 0.760563
3250 0.753521
3251 0.753521
3252 0.753521
3253 0.753521
3254 0.753521
3255 0.753521
3256 0.753521
3257 0.746479
3258 0.746479
3259 0.739437
3260 0.739437
3261 0.739437
3262 0.739437
3263 0.753521
3264 0.753521
3265 0.753521
3266 0.753521
3267 0.746479
3268 0.746479
3269 0.753521
3270 0.739437
3271 0.739437
3272 0.753521
3273 0.753521
3274 0.739437
3275 0.753521
3276 0.739437
3277 0.739437
3278 0.753521
3279 0.753521
3280 0.753521
3281 0.753521
3282 0.739437
3283 0.746479
3284 0.739437
3285 0.753521
3286 0.746479
3287 0.753521
3288 0.746479
3289 0.753521
3290 0.753521
3291 0.753521
3292 0.746479
3293 0.746479
3294 0.746479
3295 0.753521
3296 0.753521
3297 0.753521
3298 0.753521
3299 0.746479
3300 0.823944
3301 0.823944
3302 0.823944
3303 0.816901
3304 0.816901
3305 0.816901
3306 0.823944
3307 0.816901
3308 0.802817
3309 0.809859
3310 0.802817
3311 0.823944
3312 0.816901
3313 0.816901
3314 0.823944
3315 0.816901
3316 0.823944
3317 0.809859
3318 0.823944
3319 0.823944
3320 0.816901
3321 0.816901
3322 0.823944
3323 0.809859
3324 0.823944
3325 0.816901
3326 0.823944
3327 0.823944
3328 0.823944
3329 0.823944
3330 0.816901
3331 0.823944
3332 0.823944
3333 0.823944
3334 0.809859
3335 0.823944
3336 0.823944
3337 0.802817
3338 0.823944
3339 0.816901
3340 0.802817
3341 0.823944
3342 0.809859
3343 0.823944
3344 0.823944
3345 0.823944
3346 0.809859
3347 0.816901
3348 0.823944
3349 0.823944
3350 0.584507
3351 0.584507
3352 0.584507
3353 0.584507
3354 0.584507
3355 0.577465
3356 0.584507
3357 0.577465
3358 0.584507
3359 0.584507
3360 0.584507
3361 0.577465
3362 0.584507
3363 0.584507
3364 0.577465
3365 0.577465
3366 0.577465
3367 0.584507
3368 0.577465
3369 0.577465
3370 0.584507
3371 0.584507
3372 0.577465
3373 0.577465
3374 0.584507
3375 0.577465
3376 0.584507
3377 0.584507
3378 0.584507
3379 0.584507
3380 0.584507
3381 0.584507
3382 0.577465
3383 0.577465
3384 0.584507
3385 0.577465
3386 0.577465
3387 0.584507
3388 0.577465
3389 0.584507
3390 0.584507
3391 0.584507
3392 0.570423
3393 0.577465
3394 0.584507
3395 0.584507
3396 0.570423
3397 0.570423
3398 0.549296
3399 0.584507
3400 0.654930
3401 0.654930
3402 0.654930
3403 0.654930
3404 0.654930
3405 0.647887
3406 0.647887
3407 0.654930
3408 0.633803
3409 0.654930
3410 0.647887
3411 0.647887
3412 0.654930
3413 0.654930
3414 0.654930
3415 0.654930
3416 0.654930
3417 0.654930
3418 0.647887
3419 0.647887
3420 0.654930
3421 0.640845
3422 0.640845
3423 0.654930
3424 0.647887
3425 0.647887
3426 0.654930
3427 0.647887
3428 0.654930
3429 0.654930
3430 0.654930
3431 0.647887
3432 0.647887
3433 0.654930
3434 0.647887
3435 0.647887
3436 0.654930
3437 0.647887
3438 0.640845
3439 0.654930
3440 0.647887
3441 0.654930
3442 0.647887
3443 0.647887
3444 0.654930
3445 0.647887
3446 0.654930
3447 0.640845
3448 0.654930
3449 0.640845
3450 0.795775
3451 0.795775
3452 0.795775
3453 0.788732
3454 0.788732
3455 0.795775
3456 0.781690
3457 0.781690
3458 0.795775
3459 0.795775
3460 0.788732
3461 0.795775
3462 0.795775
3463 0.795775
3464 0.795775
3465 0.788732
3466 0.795775
3467 0.788732
3468 0.788732
3469 0.795775
3470 0.788732
3471 0.795775
3472 0.795775
3473 0.788732
3474 0.795775
3475 0.795775
3476 0.788732
3477 0.781690
3478 0.795775
3479 0.788732
3480 0.795775
3481 0.795775
3482 0.788732
3483 0.795775
3484 0.788732
3485 0.795775
3486 0.795775
3487 0.795775
3488 0.795775
3489 0.788732
3490 0.795775
3491 0.788732
3492 0.795775
3493 0.788732
3494 0.788732
3495 0.795775
3496 0.788732
3497 0.788732
3498 0.795775
3499 0.788732
3500 0.676056
3501 0.676056
3502 0.669014
3503 0.669014
3504 0.676056
3505 0.669014
3506 0.669014
3507 0.676056
3508 0.676056
3509 0.669014
3510 0.676056
3511 0.661972
3512 0.661972
3513 0.676056
3514 0.661972
3515 0.669014
3516 0.676056
3517 0.676056
3518 0.676056
3519 0.676056
3520 0.676056
3521 0.676056
3522 0.669014
3523 0.669014
3524 0.676056
3525 0.669014
3526 0.669014
3527 0.676056
3528 0.676056
3529 0.669014
3530 0.669014
3531 0.676056
3532 0.669014
3533 0.669014
3534 0.676056
3535 0.676056
3536 0.661972
3537 0.661972
3538 0.676056
3539 0.676056
3540 0.676056
3541 0.676056
3542 0.676056
3543 0.676056
3544 0.676056
3545 0.676056
3546 0.654930
3547 0.676056
3548 0.676056
3549 0.676056
3550 0.732394
3551 0.732394
3552 0.732394
3553 0.732394
3554 0.725352
3555 0.732394
3556 0.732394
3557 0.732394
3558 0.732394
3559 0.732394
3560 0.732394
3561 0.711268
3562 0.732394
3563 0.732394
3564 0.732394
3565 0.732394
3566 0.732394
3567 0.725352
3568 0.732394
3569 0.732394
3570 0.732394
3571 0.725352
3572 0.732394
3573 0.732394
3574 0.732394
3575 0.725352
3576 0.732394
3577 0.732394
3578 0.732394
3579 0.732394
3580 0.732394
3581 0.732394
3582 0.732394
3583 0.732394
3584 0.732394
3585 0.732394
3586 0.711268
3587 0.732394
3588 0.711268
3589 0.732394
3590 0.725352
3591 0.732394
3592 0.732394
3593 0.725352
3594 0.732394
3595 0.732394
3596 0.732394
3597 0.732394
3598 0.732394
3599 0.718310
3600 0.654930
3601 0.654930
3602 0.654930
3603 0.654930
3604 0.654930
3605 0.654930
3606 0.654930
3607 0.654930
3608 0.654930
3609 0.654930
3610 0.654930
3611 0.654930
3612 0.654930
3613 0.654930
3614 0.654930
3615 0.654930
3616 0.654930
3617 0.654930
3618 0.654930
3619 0.654930
3620 0.654930
3621 0.654930
3622 0.654930
3623 0.654930
3624 0.654930
3625 0.654930
3626 0.654930
3627 0.654930
3628 0.654930
3629 0.654930
3630 0.654930
3631 0.654930
3632 0.654930
3633 0.654930
3634 0.654930
3635 0.654930
3636 0.654930
3637 0.654930
3638 0.654930
3639 0.654930
3640 0.654930
3641 0.654930
3642 0.654930
3643 0.654930
3644 0.654930
3645 0.654930
3646 0.654930
3647 0.654930
3648 0.654930
3649 0.654930
3650 0.788732
3651 0.788732
3652 0.788732
3653 0.788732
3654 0.788732
3655 0.788732
3656 0.788732
3657 0.788732
3658 0.788732
3659 0.788732
3660 0.788732
3661 0.788732
3662 0.788732
3663 0.788732
3664 0.788732
3665 0.788732
3666 0.788732
3667 0.788732
3668 0.788732
3669 0.788732
3670 0.788732
3671 0.788732
3672 0.788732
3673 0.788732
3674 0.788732
3675 0.788732
3676 0.788732
3677 0.788732
3678 0.788732
3679 0.788732
3680 0.788732
3681 0.788732
3682 0.788732
3683 0.788732
3684 0.788732
3685 0.788732
3686 0.788732
3687 0.788732
3688 0.788732
3689 0.788732
3690 0.788732
3691 0.788732
3692 0.788732
3693 0.788732
3694 0.788732
3695 0.788732
3696 0.788732
3697 0.788732
3698 0.788732
3699 0.788732
3700 0.711268
3701 0.711268
3702 0.711268
3703 0.711268
3704 0.711268
3705 0.711268
3706 0.711268
3707 0.711268
3708 0.711268
3709 0.711268
3710 0.711268
3711 0.711268
3712 0.711268
3713 0.711268
3714 0.711268
3715 0.711268
3716 0.711268
3717 0.711268
3718 0.711268
3719 0.711268
3720 0.711268
3721 0.711268
3722 0.711268
3723 0.711268
3724 0.711268
3725 0.711268
3726 0.711268
3727 0.711268
3728 0.711268
3729 0.711268
3730 0.711268
3731 0.711268
3732 0.711268
3733 0.711268
3734 0.711268
3735 0.711268
3736 0.711268
3737 0.711268
3738 0.711268
3739 0.711268
3740 0.711268
3741 0.711268
3742 0.711268
3743 0.711268
3744 0.711268
3745 0.711268
3746 0.711268
3747 0.711268
3748 0.711268
3749 0.711268
3750 0.774648
3751 0.774648
3752 0.774648
3753 0.774648
3754 0.774648
3755 0.774648
3756 0.774648
3757 0.774648
3758 0.774648
3759 0.774648
3760 0.774648
3761 0.774648
3762 0.774648
3763 0.774648
3764 0.774648
3765 0.774648
3766 0.774648
3767 0.774648
3768 0.774648
3769 0.774648
3770 0.774648
3771 0.774648
3772 0.774648
3773 0.774648
3774 0.774648
3775 0.774648
3776 0.774648
3777 0.774648
3778 0.774648
3779 0.774648
3780 0.774648
3781 0.774648
3782 0.774648
3783 0.774648
3784 0.774648
3785 0.774648
3786 0.774648
3787 0.774648
3788 0.774648
3789 0.774648
3790 0.774648
3791 0.774648
3792 0.774648
3793 0.774648
3794 0.774648
3795 0.774648
3796 0.774648
3797 0.774648
3798 0.774648
3799 0.774648
3800 0.753521
3801 0.753521
3802 0.753521
3803 0.753521
3804 0.753521
3805 0.753521
3806 0.753521
3807 0.753521
3808 0.753521
3809 0.753521
3810 0.753521
3811 0.753521
3812 0.753521
3813 0.753521
3814 0.753521
3815 0.753521
3816 0.753521
3817 0.753521
3818 0.753521
3819 0.753521
3820 0.753521
3821 0.753521
3822 0.753521
3823 0.753521
3824 0.753521
3825 0.753521
3826 0.753521
3827 0.753521
3828 0.753521
3829 0.753521
3830 0.753521
3831 0.753521
3832 0.753521
3833 0.753521
3834 0.753521
3835 0.753521
3836 0.753521
3837 0.753521
3838 0.753521
3839 0.753521
3840 0.753521
3841 0.753521
3842 0.753521
3843 0.753521
3844 0.753521
3845 0.753521
3846 0.753521
3847 0.753521
3848 0.753521
3849 0.753521
3850 0.739437
3851 0.739437
3852 0.739437
3853 0.739437
3854 0.739437
3855 0.739437
3856 0.739437
3857 0.739437
3858 0.739437
3859 0.739437
3860 0.739437
3861 0.739437
3862 0.739437
3863 0.739437
3864 0.739437
3865 0.739437
3866 0.739437
3867 0.739437
3868 0.739437
3869 0.739437
3870 0.739437
3871 0.739437
3872 0.739437
3873 0.739437
3874 0.739437
3875 0.739437
3876 0.739437
3877 0.739437
3878 0.739437
3879 0.739437
3880 0.739437
3881 0.739437
3882 0.739437
3883 0.739437
3884 0.739437
3885 0.739437
3886 0.739437
3887 0.739437
3888 0.739437
3889 0.739437
3890 0.739437
3891 0.739437
3892 0.739437
3893 0.739437
3894 0.739437
3895 0.739437
3896 0.732394
3897 0.739437
3898 0.739437
3899 0.739437
3900 0.788732
3901 0.788732
3902 0.788732
3903 0.788732
3904 0.788732
3905 0.788732
3906 0.788732
3907 0.788732
3908 0.788732
3909 0.788732
3910 0.788732
3911 0.788732
3912 0.788732
3913 0.788732
3914 0.788732
3915 0.788732
3916 0.788732
3917 0.788732
3918 0.788732
3919 0.788732
3920 0.788732
3921 0.788732
3922 0.788732
3923 0.788732
3924 0.788732
3925 0.788732
3926 0.788732
3927 0.788732
3928 0.788732
3929 0.788732
3930 0.788732
3931 0.788732
3932 0.788732
3933 0.788732
3934 0.788732
3935 0.788732
3936 0.788732
3937 0.788732
3938 0.788732
3939 0.788732
3940 0.788732
3941 0.788732
3942 0.788732
3943 0.788732
3944 0.788732
3945 0.788732
3946 0.788732
3947 0.788732
3948 0.788732
3949 0.788732
3950 0.838028
3951 0.838028
3952 0.838028
3953 0.838028
3954 0.838028
3955 0.838028
3956 0.838028
3957 0.838028
3958 0.838028
3959 0.838028
3960 0.838028
3961 0.838028
3962 0.838028
3963 0.838028
3964 0.838028
3965 0.838028
3966 0.838028
3967 0.838028
3968 0.838028
3969 0.838028
3970 0.838028
3971 0.838028
3972 0.838028
3973 0.838028
3974 0.838028
3975 0.838028
3976 0.838028
3977 0.838028
3978 0.838028
3979 0.838028
3980 0.838028
3981 0.838028
3982 0.838028
3983 0.838028
3984 0.838028
3985 0.838028
3986 0.838028
3987 0.838028
3988 0.838028
3989 0.838028
3990 0.838028
3991 0.838028
3992 0.838028
3993 0.838028
3994 0.838028
3995 0.838028
3996 0.838028
3997 0.838028
3998 0.838028
3999 0.838028
4000 0.795775
4001 0.795775
4002 0.795775
4003 0.795775
4004 0.795775
4005 0.795775
4006 0.795775
4007 0.795775
4008 0.795775
4009 0.795775
4010 0.795775
4011 0.795775
4012 0.795775
4013 0.795775
4014 0.795775
4015 0.795775
4016 0.795775
4017 0.795775
4018 0.795775
4019 0.795775
4020 0.795775
4021 0.795775
4022 0.795775
4023 0.795775
4024 0.795775
4025 0.795775
4026 0.795775
4027 0.795775
4028 0.795775
4029 0.795775
4030 0.795775
4031 0.795775
4032 0.795775
4033 0.795775
4034 0.795775
4035 0.795775
4036 0.795775
4037 0.795775
4038 0.795775
4039 0.795775
4040 0.795775
4041 0.795775
4042 0.795775
4043 0.795775
4044 0.795775
4045 0.795775
4046 0.795775
4047 0.795775
4048 0.795775
4049 0.795775
4050 0.852113
4051 0.852113
4052 0.852113
4053 0.852113
4054 0.852113
4055 0.852113
4056 0.852113
4057 0.852113
4058 0.852113
4059 0.852113
4060 0.852113
4061 0.852113
4062 0.852113
4063 0.852113
4064 0.852113
4065 0.852113
4066 0.852113
4067 0.852113
4068 0.852113
4069 0.852113
4070 0.852113
4071 0.845070
4072 0.852113
4073 0.852113
4074 0.852113
4075 0.852113
4076 0.845070
4077 0.852113
4078 0.852113
4079 0.852113
4080 0.852113
4081 0.852113
4082 0.852113
4083 0.852113
4084 0.852113
4085 0.852113
4086 0.852113
4087 0.852113
4088 0.852113
4089 0.852113
4090 0.852113
4091 0.852113
4092 0.852113
4093 0.852113
4094 0.852113
4095 0.852113
4096 0.852113
4097 0.852113
4098 0.852113
4099 0.852113
4100 0.802817
4101 0.802817
4102 0.795775
4103 0.802817
4104 0.802817
4105 0.795775
4106 0.802817
4107 0.802817
4108 0.802817
4109 0.802817
4110 0.802817
4111 0.802817
4112 0.802817
4113 0.802817
4114 0.802817
4115 0.802817
4116 0.795775
4117 0.802817
4118 0.802817
4119 0.802817
4120 0.802817
4121 0.802817
4122 0.802817
4123 0.802817
4124 0.802817
4125 0.795775
4126 0.802817
4127 0.802817
4128 0.795775
4129 0.802817
4130 0.802817
4131 0.802817
4132 0.802817
4133 0.802817
4134 0.802817
4135 0.802817
4136 0.802817
4137 0.802817
4138 0.802817
4139 0.802817
4140 0.802817
4141 0.795775
4142 0.795775
4143 0.802817
4144 0.802817
4145 0.802817
4146 0.802817
4147 0.802817
4148 0.802817
4149 0.795775
4150 0.788732
4151 0.788732
4152 0.788732
4153 0.788732
4154 0.788732
4155 0.788732
4156 0.788732
4157 0.788732
4158 0.788732
4159 0.781690
4160 0.788732
4161 0.788732
4162 0.788732
4163 0.788732
4164 0.788732
4165 0.788732
4166 0.788732
4167 0.788732
4168 0.788732
4169 0.788732
4170 0.788732
4171 0.788732
4172 0.788732
4173 0.788732
4174 0.788732
4175 0.788732
4176 0.788732
4177 0.788732
4178 0.781690
4179 0.788732
4180 0.788732
4181 0.788732
4182 0.781690
4183 0.788732
4184 0.781690
4185 0.788732
4186 0.788732
4187 0.788732
4188 0.781690
4189 0.788732
4190 0.788732
4191 0.781690
4192 0.788732
4193 0.788732
4194 0.788732
4195 0.781690
4196 0.788732
4197 0.788732
4198 0.788732
4199 0.788732
4200 0.823944
4201 0.823944
4202 0.823944
4203 0.823944
4204 0.823944
4205 0.823944
4206 0.809859
4207 0.823944
4208 0.816901
4209 0.823944
4210 0.823944
4211 0.816901
4212 0.823944
4213 0.823944
4214 0.816901
4215 0.823944
4216 0.823944
4217 0.823944
4218 0.816901
4219 0.823944
4220 0.823944
4221 0.823944
4222 0.823944
4223 0.823944
4224 0.823944
4225 0.823944
4226 0.823944
4227 0.823944
4228 0.823944
4229 0.823944
4230 0.823944
4231 0.823944
4232 0.823944
4233 0.823944
4234 0.823944
4235 0.823944
4236 0.823944
4237 0.823944
4238 0.809859
4239 0.823944
4240 0.809859
4241 0.816901
4242 0.823944
4243 0.816901
4244 0.816901
4245 0.816901
4246 0.823944
4247 0.823944
4248 0.823944
4249 0.816901
4250 0.711268
4251 0.711268
4252 0.697183
4253 0.690141
4254 0.704225
4255 0.704225
4256 0.704225
4257 0.704225
4258 0.704225
4259 0.697183
4260 0.704225
4261 0.697183
4262 0.711268
4263 0.711268
4264 0.704225
4265 0.711268
4266 0.697183
4267 0.711268
4268 0.704225
4269 0.704225
4270 0.697183
4271 0.697183
4272 0.704225
4273 0.697183
4274 0.704225
4275 0.697183
4276 0.697183
4277 0.704225
4278 0.704225
4279 0.711268
4280 0.704225
4281 0.711268
4282 0.711268
4283 0.704225
4284 0.704225
4285 0.704225
4286 0.704225
4287 0.711268
4288 0.711268
4289 0.711268
4290 0.711268
4291 0.704225
4292 0.704225
4293 0.704225
4294 0.704225
4295 0.704225
4296 0.704225
4297 0.704225
4298 0.711268
4299 0.711268
4300 0.739437
4301 0.739437
4302 0.739437
4303 0.739437
4304 0.739437
4305 0.739437
4306 0.739437
4307 0.739437
4308 0.725352
4309 0.718310
4310 0.739437
4311 0.739437
4312 0.732394
4313 0.739437
4314 0.732394
4315 0.739437
4316 0.732394
4317 0.739437
4318 0.739437
4319 0.739437
4320 0.739437
4321 0.732394
4322 0.739437
4323 0.732394
4324 0.739437
4325 0.739437
4326 0.739437
4327 0.739437
4328 0.725352
4329 0.739437
4330 0.732394
4331 0.739437
4332 0.739437
4333 0.739437
4334 0.739437
4335 0.739437
4336 0.739437
4337 0.739437
4338 0.739437
4339 0.739437
4340 0.739437
4341 0.739437
4342 0.739437
4343 0.739437
4344 0.739437
4345 0.739437
4346 0.732394
4347 0.732394
4348 0.732394
4349 0.732394
4350 0.732394
4351 0.732394
4352 0.732394
4353 0.732394
4354 0.732394
4355 0.732394
4356 0.732394
4357 0.732394
4358 0.732394
4359 0.732394
4360 0.732394
4361 0.732394
4362 0.725352
4363 0.725352
4364 0.725352
4365 0.725352
4366 0.725352
4367 0.725352
4368 0.725352
4369 0.725352
4370 0.725352
4371 0.725352
4372 0.725352
4373 0.725352
4374 0.725352
4375 0.725352
4376 0.725352
4377 0.725352
4378 0.725352
4379 0.732394
4380 0.732394
4381 0.725352
4382 0.725352
4383 0.725352
4384 0.725352
4385 0.725352
4386 0.732394
4387 0.725352
4388 0.732394
4389 0.732394
4390 0.732394
4391 0.725352
4392 0.725352
4393 0.725352
4394 0.732394
4395 0.725352
4396 0.725352
4397 0.725352
4398 0.725352
4399 0.725352
4400 0.612676
4401 0.612676
4402 0.612676
4403 0.612676
4404 0.612676
4405 0.612676
4406 0.612676
4407 0.605634
4408 0.605634
4409 0.605634
4410 0.605634
4411 0.605634
4412 0.612676
4413 0.612676
4414 0.605634
4415 0.612676
4416 0.605634
4417 0.612676
4418 0.598592
4419 0.598592
4420 0.598592
4421 0.612676
4422 0.605634
4423 0.605634
4424 0.605634
4425 0.612676
4426 0.605634
4427 0.605634
4428 0.605634
4429 0.612676
4430 0.605634
4431 0.605634
4432 0.605634
4433 0.612676
4434 0.605634
4435 0.612676
4436 0.605634
4437 0.612676
4438 0.605634
4439 0.605634
4440 0.605634
4441 0.612676
4442 0.612676
4443 0.605634
4444 0.612676
4445 0.612676
4446 0.605634
4447 0.605634
4448 0.605634
4449 0.612676
4450 0.711268
4451 0.711268
4452 0.711268
4453 0.711268
4454 0.711268
4455 0.704225
4456 0.711268
4457 0.697183
4458 0.711268
4459 0.704225
4460 0.711268
4461 0.711268
4462 0.711268
4463 0.697183
4464 0.711268
4465 0.704225
4466 0.711268
4467 0.711268
4468 0.711268
4469 0.704225
4470 0.711268
4471 0.711268
4472 0.704225
4473 0.711268
4474 0.704225
4475 0.711268
4476 0.711268
4477 0.704225
4478 0.711268
4479 0.711268
4480 0.711268
4481 0.711268
4482 0.711268
4483 0.711268
4484 0.711268
4485 0.711268
4486 0.711268
4487 0.711268
4488 0.711268
4489 0.711268
4490 0.711268
4491 0.711268
4492 0.711268
4493 0.711268
4494 0.711268
4495 0.711268
4496 0.711268
4497 0.711268
4498 0.711268
4499 0.711268
