0 2.008305 118
1 0.878051 118
2 0.884573 117
3 0.701678 118
4 0.879769 117
5 18.616144 118
6 1.664695 118
7 1.759441 118
8 1.774449 118
9 0.937873 118
10 1.726424 118
11 1.398831 118
12 5.343881 118
13 2.313331 118
14 15.886407 118
15 1.352949 118
16 1.500966 118
17 1.521602 118
18 1.244178 118
19 0.460610 118
20 0.468144 118
21 1.402271 118
22 0.780110 118
23 2.150178 118
24 1.026220 118
25 1.654263 118
26 1.910542 118
27 1.949085 118
28 1.645822 118
29 1.601780 118
30 0.578164 116
31 1.270669 118
32 1.354212 118
33 1.436127 118
34 1.191342 117
35 1.102128 117
36 1.046496 117
37 1.585949 118
38 0.503239 117
39 0.465547 117
40 0.520547 117
41 1.631907 118
42 1.641695 118
43 1.419068 118
44 0.471364 118
45 1.590797 118
46 0.482342 117
47 0.840627 118
48 0.202026 117
49 1.268153 118
50 1.469619 118
51 1.861568 118
52 1.226769 117
53 1.831983 118
54 2.390653 118
55 2.752949 118
56 1.070342 117
57 1.781186 118
58 2.455373 118
59 1.482398 118
60 11.915347 118
61 2.118847 118
62 1.611305 118
63 1.491110 118
64 1.408076 118
65 1.411856 118
66 1.542644 118
67 1.739661 118
68 2.078746 118
69 1.152678 118
70 0.310308 117
71 0.286154 117
72 0.293407 118
73 1.698415 118
74 1.018280 118
75 0.782068 118
76 0.641686 118
77 0.573797 118
78 0.712653 118
79 0.547746 118
80 0.492263 118
81 0.556975 118
82 1.000864 118
83 1.149559 118
84 0.467171 117
85 0.997831 118
86 0.390376 117
87 0.519658 117
88 0.418077 117
89 19.470017 118
90 1.149686 118
91 19.925169 118
92 1.416483 118
93 0.979347 118
94 0.969466 118
95 0.819754 118
96 2.189110 118
97 0.831949 118
98 0.241256 117
99 0.234991 117
100 0.760927 96
101 0.213095 95
102 0.264768 95
103 0.296510 96
104 1.691156 96
105 0.363705 95
106 0.358916 95
107 1.347917 96
108 0.361594 96
109 1.530844 96
110 1.143656 96
111 2.183292 96
112 4.423313 96
113 1.192937 96
114 0.333406 96
115 0.299594 96
116 1.319333 96
117 1.499052 96
118 0.366358 95
119 0.395105 95
120 1.944521 96
121 1.513229 96
122 3.228427 96
123 1.244542 96
124 1.267604 96
125 1.205500 96
126 1.020021 96
127 1.301833 96
128 1.403729 96
129 1.861771 96
130 1.322458 96
131 1.839729 96
132 1.669781 96
133 2.809781 96
134 0.913095 95
135 0.946819 94
136 1.921469 96
137 1.587906 96
138 0.468281 96
139 0.463811 95
140 1.076863 95
141 2.049146 96
142 0.431232 95
143 1.529677 96
144 4.587740 96
145 1.739823 96
146 2.057615 96
147 1.563792 96
148 1.941031 96
149 2.157292 96
150 1.328486 107
151 0.422972 107
152 1.687196 107
153 1.943206 107
154 1.794411 107
155 1.220308 107
156 2.929589 107
157 1.571262 107
158 1.862000 107
159 1.603776 107
160 15.304701 107
161 1.287766 107
162 2.430776 107
163 2.281570 107
164 1.328701 107
165 0.337151 106
166 0.378142 106
167 0.965299 107
168 0.414792 106
169 19.999925 107
170 19.812776 107
171 2.212673 107
172 16.629514 107
173 13.366710 107
174 11.983047 106
175 10.320142 106
176 9.480140 107
177 9.007585 106
178 8.466264 106
179 13.498430 107
180 7.385283 106
181 6.077142 106
182 5.070302 106
183 4.323519 106
184 3.438208 106
185 3.045321 106
186 2.642811 106
187 10.833262 107
188 1.618491 106
189 0.602623 106
190 0.768813 107
191 9.923085 106
192 0.976689 106
193 0.407708 106
194 0.253311 106
195 9.939009 106
196 0.624255 106
197 0.228236 106
198 0.244943 106
199 0.408283 106
200 16.525961 102
201 13.175833 102
202 12.202676 102
203 11.584238 101
204 11.204644 101
205 11.215980 101
206 10.798891 101
207 10.215446 101
208 13.755020 101
209 9.557653 101
210 8.632851 101
211 8.525396 101
212 8.294822 101
213 6.682129 101
214 6.050337 101
215 5.333554 101
216 4.377366 101
217 2.918578 102
218 2.585109 101
219 1.874564 101
220 1.676772 101
221 1.326980 101
222 0.688465 101
223 0.269287 101
224 0.276772 101
225 0.342693 101
226 0.318604 101
227 9.256010 101
228 0.848644 101
229 0.341812 101
230 0.298647 102
231 9.532545 101
232 0.826822 101
233 0.463040 101
234 0.461564 101
235 0.241218 101
236 0.472713 101
237 0.301475 101
238 0.300673 101
239 0.270304 102
240 0.282059 102
241 0.261228 101
242 0.301327 101
243 0.265287 101
244 0.374505 101
245 0.268020 101
246 0.241832 101
247 9.377743 101
248 0.592891 101
249 0.305614 101
250 16.422280 107
251 14.441604 106
252 13.651170 106
253 15.189764 106
254 12.614660 106
255 12.168255 106
256 11.122505 107
257 10.095094 106
258 9.732292 106
259 9.075037 107
260 8.607472 106
261 7.835292 106
262 7.497991 106
263 6.589528 106
264 6.202642 106
265 5.426443 106
266 4.306340 106
267 3.115425 106
268 2.018085 106
269 1.561415 106
270 1.252142 106
271 9.666443 106
272 10.119972 106
273 9.976802 106
274 9.987755 106
275 9.830151 106
276 0.791848 105
277 0.453619 105
278 0.425200 105
279 8.445151 106
280 0.598821 106
281 0.239181 105
282 0.473714 105
283 0.448467 105
284 0.297114 105
285 0.265152 105
286 0.229667 105
287 0.262113 106
288 0.249276 105
289 0.611467 105
290 0.269651 106
291 8.515467 105
292 0.768219 105
293 0.624238 105
294 0.418743 105
295 0.241781 105
296 0.279295 105
297 0.255519 106
298 0.223200 105
299 0.250219 105
300 16.461778 108
301 14.268430 107
302 13.641850 107
303 12.923981 107
304 12.449037 107
305 12.275505 107
306 11.508766 107
307 10.273636 107
308 10.221701 107
309 8.991037 108
310 8.706121 107
311 8.453083 108
312 8.308398 108
313 7.978832 107
314 7.275607 107
315 6.720841 107
316 5.016259 108
317 4.436370 108
318 3.777444 108
319 2.556748 107
320 2.212234 107
321 1.780692 107
322 0.871075 107
323 0.499598 107
324 0.312477 107
325 0.334075 107
326 0.523213 108
327 0.513589 107
328 0.530813 107
329 0.505981 107
330 0.698159 107
331 0.686495 107
332 0.757722 108
333 0.635729 107
334 0.465374 107
335 0.299262 107
336 0.306299 107
337 0.479102 108
338 8.916682 107
339 0.548131 107
340 0.294463 108
341 0.288925 107
342 0.281981 107
343 0.264168 107
344 0.501757 107
345 0.290822 107
346 0.319243 107
347 0.302333 108
348 0.256374 107
349 0.275551 107
350 17.605209 115
351 15.348316 114
352 13.888079 114
353 13.105675 114
354 12.539833 114
355 15.206807 114
356 15.142348 115
357 15.265789 114
358 15.455246 114
359 10.598044 114
360 9.723298 114
361 9.223640 114
362 14.125070 114
363 8.373096 114
364 13.739658 114
365 6.827491 114
366 12.708211 114
367 12.558588 114
368 4.271439 114
369 2.959052 115
370 10.565357 115
371 11.023835 115
372 10.456088 114
373 0.751500 114
374 9.705851 114
375 0.576263 114
376 0.286817 115
377 0.423870 115
378 9.526307 114
379 9.957719 114
380 0.726417 115
381 0.220895 114
382 0.444974 114
383 9.269079 114
384 9.512833 114
385 0.755643 115
386 0.520526 114
387 0.431904 115
388 8.940000 114
389 9.132904 114
390 8.912430 114
391 8.668140 114
392 0.481452 115
393 0.226035 114
394 8.048632 114
395 8.267061 114
396 0.640079 114
397 7.659079 114
398 7.825588 114
399 7.376713 115
400 16.453833 108
401 14.300713 108
402 13.701075 107
403 13.498542 107
404 14.778546 108
405 15.115925 107
406 15.204224 107
407 15.297315 108
408 11.788421 107
409 14.990458 107
410 16.322917 108
411 19.999860 107
412 19.999897 107
413 8.443217 106
414 7.744131 107
415 19.999745 106
416 7.680934 106
417 19.999726 106
418 8.958140 107
419 8.134151 106
420 19.999708 106
421 11.807832 107
422 10.243406 106
423 19.999790 105
424 19.811094 106
425 14.943613 106
426 19.999810 105
427 19.999790 105
428 19.331838 105
429 19.999857 105
430 19.999771 105
431 19.184076 105
432 18.552170 106
433 17.180142 106
434 19.999724 105
435 19.999819 105
436 19.999800 105
437 13.581800 105
438 19.811132 106
439 19.625944 107
440 19.626019 107
441 17.155575 106
442 19.626065 107
443 19.625991 107
444 19.999867 105
445 18.249104 106
446 19.999867 105
447 19.255226 106
448 19.811160 106
449 19.258848 105
450 19.999973 110
451 2.153514 109
452 19.999688 109
453 19.999899 109
454 19.999963 108
455 19.816468 109
456 19.999759 108
457 19.999926 108
458 19.999713 108
459 19.205418 110
460 0.913018 110
461 1.062418 110
462 0.268519 108
463 0.522736 110
464 0.243422 109
465 1.225600 110
466 0.619413 109
467 0.597578 109
468 0.504330 109
469 0.325147 109
470 0.541927 109
471 0.547358 109
472 0.571174 109
473 0.595661 109
474 0.547872 109
475 0.633027 110
476 0.622128 109
477 0.568495 109
478 0.582431 109
479 0.595349 109
480 0.558045 110
481 0.619636 110
482 19.663682 110
483 0.903600 110
484 0.222473 110
485 0.218891 110
486 1.133618 110
487 0.277633 109
488 0.268722 108
489 0.816100 110
490 0.707627 110
491 0.233036 110
492 0.203227 110
493 0.881573 110
494 0.337882 110
495 0.260321 109
496 1.658527 110
497 0.248936 110
498 0.780800 110
499 19.820527 110
500 20.000000 117
501 1.598957 117
502 0.401348 115
503 2.089162 117
504 1.688632 117
505 0.742461 115
506 0.619357 115
507 0.687452 115
508 1.223897 117
509 0.363897 117
510 2.943205 117
511 1.515342 117
512 1.134709 117
513 3.709017 117
514 1.651359 117
515 1.130333 117
516 1.761795 117
517 1.442744 117
518 0.899085 117
519 1.050735 117
520 1.051880 117
521 1.137906 117
522 0.861487 117
523 1.077974 117
524 1.325752 117
525 1.107547 117
526 1.706872 117
527 1.786154 117
528 1.281137 117
529 1.166462 117
530 4.052658 117
531 2.355769 117
532 1.479171 117
533 0.515855 117
534 0.638060 117
535 0.805137 117
536 0.644855 117
537 0.651664 116
538 2.674821 117
539 1.104819 116
540 1.677379 116
541 0.763233 116
542 1.321316 117
543 2.816769 117
544 1.074974 114
545 0.946282 117
546 19.838453 117
547 1.184068 117
548 2.291376 117
549 1.439784 116
550 3.026733 105
551 3.300743 105
552 1.103648 105
553 0.686933 105
554 0.969095 105
555 0.671676 105
556 0.685467 105
557 0.916952 105
558 1.096705 105
559 1.980324 105
560 0.799143 105
561 1.160476 105
562 0.943467 105
563 0.810162 105
564 0.887390 105
565 1.465924 105
566 0.997486 105
567 7.117467 105
568 2.397324 105
569 2.927124 105
570 1.179327 104
571 2.752086 105
572 1.310385 104
573 1.062476 103
574 0.995529 104
575 0.988621 103
576 0.722583 103
577 1.009078 103
578 1.876762 105
579 1.194152 105
580 1.383686 105
581 1.512781 105
582 1.182143 105
583 1.397400 105
584 1.327714 105
585 1.077657 105
586 2.980762 105
587 2.083343 105
588 2.245162 105
589 1.231057 105
590 0.966288 104
591 1.931981 105
592 2.464343 105
593 2.755171 105
594 1.864467 105
595 1.856324 105
596 1.671133 105
597 1.694095 105
598 2.804410 105
599 1.855638 105
600 2.740035 115
601 2.077852 115
602 1.870409 115
603 3.782287 115
604 1.983643 115
605 1.993913 115
606 2.241930 115
607 1.957409 115
608 2.711287 115
609 2.503800 115
610 1.383496 115
611 2.890713 115
612 1.841400 115
613 2.159965 115
614 2.122948 115
615 1.895757 115
616 4.888565 115
617 4.060226 115
618 4.044426 115
619 1.099093 107
620 3.045122 115
621 2.659948 115
622 13.545443 115
623 15.137130 115
624 3.018591 115
625 2.647574 115
626 1.873861 115
627 1.469649 114
628 1.568956 114
629 1.182026 114
630 1.918930 115
631 1.536235 115
632 0.471148 115
633 0.518330 115
634 1.990496 115
635 1.930435 115
636 2.226252 115
637 2.445400 115
638 3.363983 115
639 2.691304 115
640 2.400522 115
641 3.320270 115
642 3.425513 115
643 3.055557 115
644 3.229504 115
645 2.945783 115
646 1.546557 115
647 1.613139 115
648 1.903417 115
649 2.321130 115
650 17.661387 111
651 2.224550 111
652 1.388382 110
653 2.289225 111
654 2.236108 111
655 8.545964 111
656 1.547567 104
657 2.886378 111
658 3.146396 111
659 9.766090 111
660 1.212500 110
661 2.631045 111
662 0.959264 110
663 1.637342 111
664 1.503568 111
665 3.294892 111
666 3.210108 111
667 2.968423 111
668 1.380752 109
669 5.216910 111
670 0.539200 105
671 2.320901 111
672 1.934667 111
673 1.807445 110
674 3.221955 111
675 2.791856 111
676 4.047910 111
677 2.410928 111
678 2.788495 111
679 3.069414 111
680 2.718586 111
681 4.951018 111
682 3.534342 111
683 19.479694 111
684 1.333703 111
685 2.747721 111
686 1.913486 111
687 3.146018 111
688 2.838180 111
689 2.380477 111
690 1.692640 111
691 3.427225 111
692 3.736667 111
693 3.195288 111
694 2.692045 111
695 1.993414 111
696 1.765432 111
697 14.426721 111
698 3.374288 111
699 2.118523 111
700 4.429637 102
701 3.899873 102
702 3.166294 102
703 2.562676 102
704 2.551412 102
705 5.325833 102
706 2.524402 102
707 1.934471 102
708 1.838725 102
709 3.169804 102
710 4.151931 102
711 3.760382 102
712 3.786078 102
713 2.274882 102
714 8.584431 102
715 1.822255 102
716 7.969108 102
717 3.527284 102
718 3.271627 102
719 1.482902 102
720 3.606343 102
721 3.721539 102
722 1.989480 102
723 1.766049 102
724 1.728735 102
725 3.691755 102
726 8.121265 102
727 8.567843 102
728 8.597441 102
729 7.387480 102
730 12.339235 102
731 13.440392 102
732 12.155000 102
733 13.780863 102
734 10.462451 102
735 13.697667 102
736 0.684549 102
737 1.638716 102
738 1.584931 102
739 0.717765 102
740 0.676863 102
741 0.806382 102
742 0.285627 102
743 0.271373 102
744 7.467931 102
745 1.315716 102
746 0.731196 102
747 0.224039 102
748 0.225275 102
749 0.551598 102
750 1.668020 101
751 1.358228 101
752 1.063535 101
753 0.407525 101
754 0.962149 101
755 1.860624 101
756 1.891604 101
757 5.152050 101
758 0.793168 101
759 0.949307 101
760 0.665762 101
761 0.904505 101
762 2.513020 101
763 0.546842 101
764 0.444089 101
765 1.418931 101
766 1.512535 101
767 0.485396 101
768 1.487356 101
769 1.386079 101
770 0.421267 101
771 2.551465 101
772 3.932158 101
773 3.378208 101
774 1.201802 101
775 0.963832 101
776 1.553396 101
777 1.093604 101
778 3.530109 101
779 1.277366 101
780 0.874545 101
781 1.027287 101
782 0.771911 101
783 1.376970 101
784 0.962614 101
785 1.195871 101
786 0.335850 100
787 1.175554 101
788 0.399495 101
789 1.165921 101
790 1.061960 101
791 1.986396 101
792 0.588139 101
793 1.273436 101
794 0.880683 101
795 0.850634 101
796 0.920465 101
797 1.231525 101
798 1.125257 101
799 0.824931 101
800 3.009728 114
801 0.968342 114
802 0.903746 114
803 18.230632 114
804 11.640939 114
805 1.247509 114
806 1.277605 114
807 1.077667 114
808 1.128570 114
809 1.125386 114
810 0.533807 114
811 0.875737 114
812 1.497351 114
813 0.334509 114
814 0.988368 114
815 1.182632 114
816 2.176930 114
817 12.085912 114
818 15.351105 114
819 16.742193 114
820 17.133053 114
821 16.374263 114
822 1.085184 114
823 0.930526 114
824 15.751430 114
825 1.440018 114
826 1.092781 114
827 0.965833 114
828 0.796307 114
829 0.878579 114
830 1.844754 114
831 2.088132 114
832 1.510746 114
833 0.809553 114
834 0.720526 114
835 0.896737 114
836 0.790360 114
837 0.783877 114
838 0.828368 114
839 0.570482 114
840 1.588939 114
841 3.567895 114
842 0.862693 114
843 0.514693 114
844 0.696553 114
845 0.815974 114
846 1.813439 114
847 2.213070 114
848 0.484105 114
849 0.708246 114
850 7.794063 111
851 1.306441 111
852 0.367309 110
853 0.990856 111
854 0.951613 111
855 0.421910 111
856 0.462793 111
857 0.901018 111
858 0.369333 111
859 0.335910 111
860 0.950586 111
861 0.778297 111
862 1.336712 111
863 1.871108 111
864 1.040892 111
865 1.201856 111
866 3.544279 111
867 17.908838 111
868 5.753135 111
869 6.643550 111
870 18.243126 111
871 9.353919 111
872 18.841252 111
873 11.353369 111
874 10.596500 110
875 8.962045 110
876 7.699873 110
877 6.871645 110
878 6.254327 110
879 5.727664 110
880 5.053118 110
881 4.509955 110
882 4.212964 110
883 3.579864 110
884 3.694445 110
885 3.520718 110
886 3.411900 110
887 2.971064 110
888 2.764891 110
889 2.569791 110
890 2.178027 110
891 1.842627 110
892 15.429441 111
893 18.036207 111
894 16.495604 111
895 1.460306 111
896 0.267108 111
897 0.227324 111
898 0.560631 111
899 0.234847 111
900 0.755925 106
901 1.717774 106
902 2.454670 106
903 1.364651 106
904 1.450443 106
905 1.375340 106
906 0.361302 106
907 0.378009 106
908 1.051387 106
909 0.381566 106
910 0.345736 106
911 1.386481 106
912 0.370714 105
913 0.380848 105
914 1.055113 106
915 0.369123 106
916 1.259962 106
917 19.999953 106
918 19.999698 106
919 19.999896 106
920 19.999679 106
921 19.999896 106
922 19.999745 106
923 19.999972 106
924 19.999698 106
925 19.999915 106
926 19.999764 106
927 19.999896 106
928 19.999698 106
929 19.999887 106
930 19.999708 106
931 0.758547 106
932 0.967594 106
933 0.305434 106
934 0.254915 106
935 0.242509 106
936 0.911009 106
937 0.287547 106
938 0.268821 106
939 1.329208 106
940 0.281896 106
941 0.258642 106
942 0.238406 106
943 0.205821 106
944 1.080736 106
945 0.868774 106
946 0.362764 106
947 0.264189 106
948 0.572840 106
949 0.206349 106
950 0.726267 105
951 0.375356 104
952 0.970257 105
953 0.711295 105
954 1.210971 105
955 0.612324 105
956 0.998533 105
957 0.367857 105
958 0.357867 105
959 0.483495 105
960 0.901171 105
961 0.502743 105
962 0.371019 105
963 0.305933 105
964 0.950886 105
965 1.436924 105
966 0.393192 104
967 6.931895 105
968 4.234000 105
969 4.323486 105
970 4.008095 105
971 3.292419 105
972 1.787124 105
973 0.781276 105
974 1.015248 105
975 0.333286 105
976 0.818200 105
977 1.124295 105
978 1.079305 105
979 0.950390 105
980 1.213667 105
981 13.530438 105
982 5.655800 105
983 1.469076 105
984 0.930019 105
985 2.809267 105
986 0.923410 105
987 1.010276 105
988 0.717600 105
989 19.494590 105
990 1.205210 105
991 0.933590 105
992 0.643229 105
993 0.920533 105
994 0.963876 105
995 0.900067 105
996 0.621895 105
997 0.961333 105
998 0.485971 105
999 0.533219 105
1000 1.038565 85
1001 0.727824 85
1002 2.225141 85
1003 1.207800 85
1004 0.846541 85
1005 0.936506 85
1006 0.841565 85
1007 1.443835 85
1008 1.851047 85
1009 1.026765 85
1010 0.847176 85
1011 1.240518 85
1012 0.804118 85
1013 1.347588 85
1014 1.030718 85
1015 1.334329 85
1016 1.099882 85
1017 0.389494 85
1018 0.409129 85
1019 0.391718 85
1020 0.367565 85
1021 0.324835 85
1022 0.282541 85
1023 0.313635 85
1024 0.361129 85
1025 0.308224 85
1026 0.339565 85
1027 0.316494 85
1028 0.360129 85
1029 0.367329 85
1030 0.328400 85
1031 0.310388 85
1032 0.796988 85
1033 0.335388 85
1034 0.235153 85
1035 0.684753 85
1036 0.288824 85
1037 0.728624 85
1038 0.316012 85
1039 0.496753 85
1040 0.970447 85
1041 0.297417 84
1042 0.844188 85
1043 4.166894 85
1044 0.557600 85
1045 0.441447 85
1046 1.037812 85
1047 0.414541 85
1048 0.412788 85
1049 8.730824 85
1050 8.400248 105
1051 7.617381 105
1052 6.887924 105
1053 1.075648 105
1054 0.370419 105
1055 0.840390 105
1056 0.466505 105
1057 0.314514 105
1058 1.039695 105
1059 0.388829 105
1060 0.354162 105
1061 1.633505 105
1062 1.151095 105
1063 0.749762 105
1064 1.027095 105
1065 0.433762 105
1066 1.583724 105
1067 0.434743 105
1068 0.728743 105
1069 0.484790 105
1070 0.451210 105
1071 0.832981 105
1072 0.590638 105
1073 0.595581 105
1074 1.622105 105
1075 0.673143 105
1076 0.778410 105
1077 0.478476 105
1078 0.662286 105
1079 1.304667 105
1080 0.423467 105
1081 0.355705 105
1082 0.618324 105
1083 0.627562 105
1084 0.453305 105
1085 0.425905 105
1086 0.360219 105
1087 3.486029 105
1088 3.241423 104
1089 3.261038 104
1090 3.874086 105
1091 3.786781 105
1092 3.403279 104
1093 3.253581 105
1094 1.258467 105
1095 0.886886 105
1096 1.034762 105
1097 0.446790 105
1098 0.386429 105
1099 0.311248 105
1100 1.220050 121
1101 1.271380 121
1102 7.286300 120
1103 1.512091 121
1104 1.217264 121
1105 1.054331 121
1106 1.983496 121
1107 1.298190 121
1108 1.309570 121
1109 0.429292 120
1110 0.360467 120
1111 0.337333 120
1112 6.256066 121
1113 1.828017 120
1114 1.297298 121
1115 1.222570 121
1116 1.341868 121
1117 0.858314 121
1118 1.091496 121
1119 1.319281 121
1120 0.750661 121
1121 0.716808 120
1122 0.840099 121
1123 0.273900 120
1124 0.420483 120
1125 10.694950 121
1126 1.048521 121
1127 0.242642 120
1128 0.256884 121
1129 1.046488 121
1130 1.018917 121
1131 1.939992 121
1132 1.268554 121
1133 0.383717 120
1134 1.109934 121
1135 0.945860 121
1136 1.075867 120
1137 1.436074 121
1138 0.261311 119
1139 2.287702 121
1140 1.197000 121
1141 1.293033 120
1142 0.926256 121
1143 1.743719 121
1144 0.653000 120
1145 0.919116 121
1146 0.771562 121
1147 0.857867 120
1148 0.664322 121
1149 0.742207 121
1150 0.889618 110
1151 0.337682 110
1152 0.289009 109
1153 1.708255 110
1154 0.617624 109
1155 0.616679 109
1156 1.360818 110
1157 0.322459 109
1158 1.172836 110
1159 0.321138 109
1160 2.541027 110
1161 1.054376 109
1162 1.149327 110
1163 0.571550 109
1164 0.308615 109
1165 1.409745 110
1166 1.348764 110
1167 1.181927 110
1168 0.813600 110
1169 0.341200 110
1170 1.928582 110
1171 0.447182 110
1172 1.495982 110
1173 0.671303 109
1174 1.294682 110
1175 0.575284 109
1176 1.508064 110
1177 0.621482 110
1178 1.823282 110
1179 0.635661 109
1180 1.506845 110
1181 0.634564 110
1182 1.983027 110
1183 1.072064 110
1184 1.264100 110
1185 0.309927 110
1186 1.127245 110
1187 1.080873 110
1188 16.557691 110
1189 15.654046 109
1190 1.597964 110
1191 1.201891 110
1192 1.570500 110
1193 0.931382 110
1194 0.273174 109
1195 0.843255 110
1196 0.337327 110
1197 0.840445 110
1198 1.077664 110
1199 0.295119 109
1200 2.456779 113
1201 1.016212 113
1202 1.125327 113
1203 0.353894 113
1204 1.158496 113
1205 0.363549 113
1206 2.281788 113
1207 0.791027 113
1208 0.821106 113
1209 0.770177 113
1210 11.411230 113
1211 2.990115 113
1212 9.487566 113
1213 1.205655 113
1214 2.684469 113
1215 1.772991 113
1216 1.206575 113
1217 1.206717 113
1218 0.942027 113
1219 1.792735 113
1220 1.474035 113
1221 16.405761 113
1222 1.471133 113
1223 1.053770 113
1224 1.172142 113
1225 0.754858 113
1226 0.953416 113
1227 3.975363 113
1228 0.919487 113
1229 0.998381 113
1230 2.054027 113
1231 1.118469 113
1232 0.950761 113
1233 0.789699 113
1234 1.178124 113
1235 2.324602 113
1236 0.920274 113
1237 0.959071 113
1238 0.837274 113
1239 0.902814 113
1240 0.290451 113
1241 1.699673 113
1242 0.989637 113
1243 17.055230 113
1244 0.667265 113
1245 0.856381 113
1246 0.812522 113
1247 1.246363 113
1248 1.365451 113
1249 1.518372 113
1250 2.787566 113
1251 1.601566 113
1252 0.443402 112
1253 0.405717 113
1254 1.891858 113
1255 1.299752 113
1256 0.539723 112
1257 4.739699 113
1258 0.835239 113
1259 1.474619 113
1260 1.349460 113
1261 1.431327 113
1262 1.916212 113
1263 1.178177 113
1264 1.978920 113
1265 1.390407 113
1266 0.454982 112
1267 1.431434 113
1268 2.095062 113
1269 1.339053 113
1270 0.352739 111
1271 0.335982 112
1272 0.323369 111
1273 0.366622 111
1274 0.350982 111
1275 0.378786 112
1276 0.276000 111
1277 3.097903 113
1278 20.000000 113
1279 1.686018 113
1280 1.653938 113
1281 1.528195 113
1282 4.986150 113
1283 1.544504 113
1284 1.674106 113
1285 1.153381 113
1286 0.239455 112
1287 0.268634 112
1288 0.518885 113
1289 0.201743 113
1290 5.355150 113
1291 1.340071 113
1292 1.359283 113
1293 0.827027 113
1294 0.858752 113
1295 4.662858 113
1296 0.801912 113
1297 0.711327 113
1298 1.954018 113
1299 0.799088 113
1300 1.346027 110
1301 0.518229 109
1302 0.447509 110
1303 2.754182 110
1304 0.752855 110
1305 2.611973 110
1306 2.817409 110
1307 1.915136 110
1308 0.827491 108
1309 0.699367 109
1310 1.395891 110
1311 0.329679 109
1312 0.302864 110
1313 0.356303 109
1314 2.355955 110
1315 1.408927 110
1316 0.510782 110
1317 1.204764 110
1318 1.579736 110
1319 0.478782 110
1320 1.137582 110
1321 0.300413 109
1322 6.020773 110
1323 7.915018 109
1324 0.865045 110
1325 0.892982 110
1326 1.388427 110
1327 17.847864 110
1328 1.142418 110
1329 5.622145 110
1330 1.706109 110
1331 1.259209 110
1332 1.160464 110
1333 0.974027 110
1334 2.837400 110
1335 3.186545 110
1336 2.600771 109
1337 2.528036 110
1338 2.671582 110
1339 2.068321 109
1340 1.986358 109
1341 2.135018 109
1342 1.441486 109
1343 1.965183 109
1344 2.327376 109
1345 2.483624 109
1346 1.596505 109
1347 1.904624 109
1348 1.460661 109
1349 1.643670 109
1350 1.790490 100
1351 1.398870 100
1352 1.686050 100
1353 1.811910 100
1354 1.447470 100
1355 1.773758 99
1356 1.596560 100
1357 2.143050 100
1358 1.638890 100
1359 1.628970 100
1360 2.066707 99
1361 2.226970 100
1362 1.595500 100
1363 1.452080 100
1364 1.715670 100
1365 1.348580 100
1366 1.464070 100
1367 1.517737 99
1368 1.205242 99
1369 1.589899 99
1370 1.289939 99
1371 0.864707 99
1372 1.127798 99
1373 1.315480 100
1374 1.571520 100
1375 1.165570 100
1376 1.005050 100
1377 0.818180 100
1378 1.117930 100
1379 0.773596 99
1380 1.177667 99
1381 0.905710 100
1382 1.230620 100
1383 0.886707 99
1384 1.060980 99
1385 0.539475 99
1386 1.130283 99
1387 1.279890 100
1388 0.356800 100
1389 0.432404 99
1390 0.366899 99
1391 0.482290 100
1392 0.526280 100
1393 0.972434 99
1394 0.714980 100
1395 0.693717 99
1396 0.370687 99
1397 0.561830 100
1398 0.404530 100
1399 0.469010 99
1400 1.466969 98
1401 0.766092 98
1402 2.025408 98
1403 0.547633 98
1404 0.650320 97
1405 0.678845 97
1406 0.649330 97
1407 1.334247 97
1408 0.457144 97
1409 0.589588 97
1410 0.770660 97
1411 0.620474 97
1412 0.496753 97
1413 0.747082 97
1414 0.823639 97
1415 0.612258 97
1416 0.755845 97
1417 1.705755 98
1418 1.165351 97
1419 0.698887 97
1420 0.866773 97
1421 0.479825 97
1422 0.449206 97
1423 0.369052 97
1424 1.231816 98
1425 0.617206 97
1426 0.406887 97
1427 0.735897 97
1428 0.571000 97
1429 0.797979 97
1430 0.488649 97
1431 0.412541 98
1432 0.724320 97
1433 1.277112 98
1434 0.625928 97
1435 20.000000 98
1436 18.666423 97
1437 19.793691 97
1438 19.999917 96
1439 19.591673 98
1440 4.111020 98
1441 0.379000 97
1442 1.005041 98
1443 9.507153 98
1444 0.790340 97
1445 0.547495 97
1446 0.347541 98
1447 0.570948 97
1448 0.713536 97
1449 7.803653 98
1450 1.046065 92
1451 0.495652 92
1452 0.362337 92
1453 0.402692 91
1454 19.550826 92
1455 7.241087 92
1456 1.198913 92
1457 1.469891 92
1458 0.780178 90
1459 1.336685 92
1460 1.317728 92
1461 0.353176 91
1462 1.035467 92
1463 0.370011 91
1464 3.429783 92
1465 2.148484 91
1466 0.457593 91
1467 0.399308 91
1468 1.324511 92
1469 1.401174 92
1470 1.429543 92
1471 1.113848 92
1472 0.506549 91
1473 0.370022 91
1474 0.704500 92
1475 0.398207 92
1476 1.136913 92
1477 0.327967 92
1478 1.294043 92
1479 1.342467 92
1480 2.261272 92
1481 3.823859 92
1482 1.452250 92
1483 1.894207 92
1484 1.201130 92
1485 1.872880 92
1486 1.193207 92
1487 1.172554 92
1488 1.235641 92
1489 1.225424 92
1490 1.654304 92
1491 1.276891 92
1492 1.195924 92
1493 1.097185 92
1494 1.193152 92
1495 2.959261 92
1496 1.089087 92
1497 1.475326 92
1498 1.510196 92
1499 1.259370 92
1500 3.101165 109
1501 1.258917 109
1502 2.153523 109
1503 1.376569 109
1504 1.194881 109
1505 1.126156 109
1506 1.436972 109
1507 1.182422 109
1508 1.355440 109
1509 1.082651 109
1510 1.138147 109
1511 2.682752 109
1512 1.873385 109
1513 2.196459 109
1514 2.191807 109
1515 1.580376 109
1516 0.435269 108
1517 2.231110 109
1518 2.879759 108
1519 8.162380 108
1520 19.816523 109
1521 1.848367 109
1522 0.749806 108
1523 0.849817 109
1524 0.373074 108
1525 0.503037 108
1526 0.980269 108
1527 0.302315 108
1528 0.615147 109
1529 0.853073 109
1530 0.548257 109
1531 0.528367 109
1532 1.285312 109
1533 0.340722 108
1534 0.377278 108
1535 0.325454 108
1536 4.796064 109
1537 0.591954 108
1538 0.564472 108
1539 0.592685 108
1540 1.433193 109
1541 1.135250 108
1542 1.155167 108
1543 1.091315 108
1544 1.168491 108
1545 0.955982 109
1546 1.140294 109
1547 1.152486 109
1548 1.713624 109
1549 0.248561 107
1550 1.242744 121
1551 1.686595 121
1552 1.590736 121
1553 1.804446 121
1554 1.431851 121
1555 1.560190 121
1556 3.713752 121
1557 1.120017 121
1558 1.749107 121
1559 1.198182 121
1560 1.113397 121
1561 1.401140 121
1562 0.901256 121
1563 1.965570 121
1564 1.093281 121
1565 0.511700 120
1566 0.418567 120
1567 0.416225 120
1568 7.365347 121
1569 5.156107 121
1570 6.326117 120
1571 1.021587 121
1572 0.641783 120
1573 1.229950 121
1574 0.700537 121
1575 12.893802 121
1576 1.516843 121
1577 1.022190 121
1578 1.509529 121
1579 1.113570 121
1580 1.234132 121
1581 0.469876 121
1582 0.441292 120
1583 0.391050 120
1584 20.000000 121
1585 20.000000 120
1586 2.955653 121
1587 2.549765 119
1588 5.982756 119
1589 2.732739 119
1590 2.901908 119
1591 2.701664 119
1592 2.381546 119
1593 2.867630 119
1594 2.651824 119
1595 16.194383 120
1596 4.917342 120
1597 3.129697 119
1598 1.008083 121
1599 0.246950 120
1600 0.864140 114
1601 1.188728 114
1602 0.301875 112
1603 0.279223 112
1604 0.309866 112
1605 1.124877 114
1606 0.350982 113
1607 0.310894 113
1608 1.496325 114
1609 0.350193 114
1610 0.483469 113
1611 1.224737 114
1612 0.302140 114
1613 1.171991 114
1614 0.364850 113
1615 1.155360 114
1616 0.498841 113
1617 0.459832 113
1618 0.521867 113
1619 0.522779 113
1620 1.340772 114
1621 0.412673 113
1622 0.390319 113
1623 1.394368 114
1624 1.767439 114
1625 0.627605 114
1626 1.641228 114
1627 0.579667 114
1628 2.094974 114
1629 0.728628 113
1630 2.018711 114
1631 0.892000 113
1632 1.505912 114
1633 0.567588 114
1634 0.772265 113
1635 5.716939 114
1636 7.811754 114
1637 5.827634 112
1638 5.623375 112
1639 1.145132 114
1640 1.408956 114
1641 1.848596 114
1642 0.880518 114
1643 0.246239 113
1644 0.826816 114
1645 0.263354 113
1646 1.078553 114
1647 0.299246 114
1648 1.402149 114
1649 1.142298 114
1650 0.760515 103
1651 1.348757 103
1652 1.413058 103
1653 1.810350 103
1654 19.334214 103
1655 3.228825 103
1656 1.137864 103
1657 1.844971 103
1658 1.721184 103
1659 1.261495 103
1660 1.028029 103
1661 0.905456 103
1662 1.748942 103
1663 1.341718 103
1664 2.512961 103
1665 0.523078 103
1666 0.509176 102
1667 2.189320 103
1668 0.440960 101
1669 0.366167 102
1670 1.719893 103
1671 0.419020 101
1672 16.271155 103
1673 16.984049 102
1674 18.117784 102
1675 17.985431 102
1676 18.435882 102
1677 18.313709 103
1678 17.847544 103
1679 14.205853 102
1680 17.980147 102
1681 1.955971 103
1682 0.808466 103
1683 0.194252 103
1684 0.170657 102
1685 1.215456 103
1686 0.635892 102
1687 1.958864 103
1688 1.083311 103
1689 0.972495 103
1690 4.526709 103
1691 1.377476 103
1692 3.681485 103
1693 1.485864 103
1694 0.656466 103
1695 0.165461 102
1696 0.635029 103
1697 0.181520 102
1698 0.860592 103
1699 0.160392 102
1700 1.031510 98
1701 0.418031 98
1702 0.337173 98
1703 1.185418 98
1704 0.781794 97
1705 1.262898 98
1706 0.417443 97
1707 0.387546 97
1708 0.397041 98
1709 0.344835 97
1710 1.654330 97
1711 0.451906 96
1712 0.487667 96
1713 0.503165 97
1714 1.232722 97
1715 1.147010 97
1716 1.368794 97
1717 0.364237 97
1718 0.425365 96
1719 1.754990 97
1720 1.715299 97
1721 1.699711 97
1722 1.623876 97
1723 1.142402 97
1724 1.487567 97
1725 1.719165 97
1726 9.706124 97
1727 2.363526 97
1728 1.207406 96
1729 1.624773 97
1730 1.583186 97
1731 1.508608 97
1732 1.235196 97
1733 2.104103 97
1734 0.945320 97
1735 1.533753 97
1736 0.968887 97
1737 1.278165 97
1738 1.450660 97
1739 1.719619 97
1740 2.212763 97
1741 1.059464 97
1742 5.784722 97
1743 1.715443 97
1744 0.947278 97
1745 0.934237 97
1746 0.965124 97
1747 3.245897 97
1748 7.974773 97
1749 1.942371 97
1750 1.682795 122
1751 1.227926 122
1752 1.153197 122
1753 1.119869 122
1754 0.539270 122
1755 0.490279 122
1756 1.779533 122
1757 0.972123 122
1758 1.407484 122
1759 2.813689 122
1760 1.434779 122
1761 1.058615 122
1762 1.378623 122
1763 0.926041 122
1764 0.989779 122
1765 0.833180 122
1766 0.781770 122
1767 0.899164 122
1768 0.877713 122
1769 1.398672 122
1770 0.738050 121
1771 1.645557 122
1772 1.980549 122
1773 0.854246 122
1774 7.207230 122
1775 1.166557 122
1776 4.642549 122
1777 0.640705 122
1778 0.807082 122
1779 1.065451 122
1780 1.096598 122
1781 1.201951 122
1782 1.211902 122
1783 0.637434 122
1784 1.145590 122
1785 1.014902 122
1786 9.297443 122
1787 14.823533 122
1788 1.008352 122
1789 1.100984 122
1790 0.822943 122
1791 16.012984 122
1792 1.186598 122
1793 0.298345 119
1794 0.298277 119
1795 1.618393 122
1796 1.510459 122
1797 0.503281 121
1798 1.796762 122
1799 1.067418 122
1800 1.177111 117
1801 0.702265 117
1802 2.485983 117
1803 2.092667 117
1804 1.069345 116
1805 2.447051 117
1806 1.977863 117
1807 2.072103 117
1808 1.467940 117
1809 2.786436 117
1810 1.821068 117
1811 16.635786 117
1812 1.891034 117
1813 2.693120 117
1814 0.463409 115
1815 0.429504 115
1816 1.577137 117
1817 0.816179 117
1818 1.121906 117
1819 1.513838 117
1820 1.110274 117
1821 3.871457 116
1822 2.272419 117
1823 0.317190 116
1824 0.356819 116
1825 1.305316 117
1826 1.457923 117
1827 9.326880 117
1828 9.481591 115
1829 9.490122 115
1830 1.323479 117
1831 1.789333 117
1832 0.969690 116
1833 1.363017 117
1834 1.851923 117
1835 1.088197 117
1836 0.326302 116
1837 1.148291 117
1838 1.657726 117
1839 0.893906 117
1840 1.038667 117
1841 1.356325 117
1842 1.142761 117
1843 1.120376 117
1844 0.883393 117
1845 1.235598 117
1846 0.857906 117
1847 1.207829 117
1848 1.175333 117
1849 1.116769 117
1850 1.384882 110
1851 1.837518 110
1852 1.208536 110
1853 1.761136 110
1854 0.547009 109
1855 0.513193 109
1856 1.855809 110
1857 1.696091 110
1858 1.262791 110
1859 0.878345 110
1860 1.425927 110
1861 1.373555 110
1862 12.841736 110
1863 4.018573 110
1864 2.443018 109
1865 0.555550 109
1866 1.495827 110
1867 0.543394 109
1868 2.355464 110
1869 1.056927 110
1870 1.256818 110
1871 1.646291 110
1872 18.457173 110
1873 19.306464 110
1874 19.481255 110
1875 1.901773 110
1876 1.414800 110
1877 1.146182 110
1878 0.305697 109
1879 0.280266 109
1880 1.156491 110
1881 0.576600 110
1882 0.735541 109
1883 0.267679 109
1884 1.528700 110
1885 0.326206 107
1886 0.300491 108
1887 3.452745 110
1888 2.507227 110
1889 0.943252 107
1890 1.961382 110
1891 0.784464 110
1892 0.985573 110
1893 0.745327 110
1894 1.115509 110
1895 0.548982 110
1896 0.419391 110
1897 1.520736 110
1898 1.008464 110
1899 0.731145 110
1900 10.468090 111
1901 0.953874 111
1902 1.412018 111
1903 5.330351 111
1904 2.046748 111
1905 1.140748 111
1906 0.661573 110
1907 0.704255 110
1908 0.604288 111
1909 0.649809 110
1910 0.928464 110
1911 0.850282 110
1912 1.065613 111
1913 0.306191 110
1914 0.304945 110
1915 0.279138 109
1916 0.336523 109
1917 0.440387 111
1918 0.394573 110
1919 0.360156 109
1920 0.285700 110
1921 0.447991 109
1922 0.367037 109
1923 0.380468 109
1924 0.293309 110
1925 0.270145 110
1926 0.274220 109
1927 0.301541 109
1928 0.345827 110
1929 0.274275 109
1930 0.343555 110
1931 0.369718 110
1932 0.308596 109
1933 0.428917 109
1934 0.304385 109
1935 0.395609 110
1936 1.069045 111
1937 0.392064 110
1938 0.506073 110
1939 1.126072 111
1940 0.303136 110
1941 0.309236 110
1942 13.954811 111
1943 1.460090 111
1944 0.431694 111
1945 0.593800 110
1946 0.302191 110
1947 0.811604 111
1948 0.314209 110
1949 16.219445 110
1950 1.173028 106
1951 14.813660 106
1952 1.004689 106
1953 1.164981 106
1954 1.211509 106
1955 0.426771 105
1956 1.435151 106
1957 2.573840 106
1958 1.780717 106
1959 0.441629 105
1960 0.729160 106
1961 0.906821 106
1962 19.999642 106
1963 19.999623 106
1964 1.248792 106
1965 2.775585 106
1966 1.002500 106
1967 2.778443 106
1968 1.349151 106
1969 1.027009 106
1970 1.551349 106
1971 8.828066 106
1972 1.426387 106
1973 1.545811 106
1974 1.588623 106
1975 1.218349 106
1976 0.953519 106
1977 0.881764 106
1978 0.960849 106
1979 2.724038 106
1980 1.851170 106
1981 1.135792 106
1982 0.324981 105
1983 0.295400 105
1984 0.271181 105
1985 1.929415 106
1986 1.416019 105
1987 1.248906 106
1988 1.062066 106
1989 0.348410 105
1990 1.245953 106
1991 0.280104 106
1992 0.483943 105
1993 0.350269 104
1994 1.236849 106
1995 0.279774 106
1996 0.274708 106
1997 2.923849 106
1998 2.444698 106
1999 2.372245 106
2000 3.930873 118
2001 3.606060 117
2002 3.760517 118
2003 3.781932 118
2004 1.309610 118
2005 1.543229 118
2006 0.958763 118
2007 1.312627 118
2008 0.467754 118
2009 1.165881 118
2010 1.737297 118
2011 1.554958 118
2012 0.361197 117
2013 0.419233 116
2014 1.289500 118
2015 1.077203 118
2016 2.219534 118
2017 2.478263 118
2018 1.303695 118
2019 7.056153 118
2020 13.138864 118
2021 1.235949 118
2022 1.108797 118
2023 1.388593 118
2024 1.671737 118
2025 1.583110 118
2026 1.415475 118
2027 1.193449 118
2028 1.141458 118
2029 7.397661 118
2030 1.245169 118
2031 1.675542 118
2032 0.937322 118
2033 1.308822 118
2034 2.287517 118
2035 1.536373 118
2036 1.447915 118
2037 3.906619 118
2038 1.171068 118
2039 0.791534 118
2040 1.026500 118
2041 0.404000 117
2042 0.394923 117
2043 2.472644 118
2044 1.368086 116
2045 0.901805 118
2046 0.214026 117
2047 0.188632 117
2048 0.181368 117
2049 0.835593 118
2050 1.024375 120
2051 0.366950 120
2052 0.319408 120
2053 1.465650 120
2054 0.335109 119
2055 0.407932 118
2056 1.383967 120
2057 1.444445 119
2058 0.644445 119
2059 0.583613 119
2060 0.824933 120
2061 0.944458 120
2062 1.664433 120
2063 1.928683 120
2064 1.467975 120
2065 0.430908 119
2066 1.767917 120
2067 4.907367 120
2068 1.347425 120
2069 1.649975 120
2070 2.369067 120
2071 2.154400 120
2072 1.372617 120
2073 1.815742 120
2074 1.478933 120
2075 2.680083 120
2076 1.394733 120
2077 0.468908 119
2078 1.899817 120
2079 0.565050 119
2080 1.030605 119
2081 1.403258 120
2082 1.711867 120
2083 1.579058 120
2084 2.458950 120
2085 1.665867 120
2086 1.433550 120
2087 1.501850 120
2088 1.731100 120
2089 1.832525 120
2090 1.275208 120
2091 1.210008 120
2092 3.170342 120
2093 1.262151 119
2094 1.587917 120
2095 1.579792 120
2096 18.674458 120
2097 16.796496 119
2098 16.098283 120
2099 14.101588 119
2100 8.008963 109
2101 10.139780 109
2102 19.558546 108
2103 12.190239 109
2104 5.602870 108
2105 0.586776 107
2106 2.113358 109
2107 2.316037 109
2108 1.759330 109
2109 2.147716 109
2110 1.809193 109
2111 1.425202 109
2112 1.325000 109
2113 2.997817 109
2114 1.068879 107
2115 0.792698 106
2116 0.703387 106
2117 0.565694 108
2118 0.450651 106
2119 0.617840 106
2120 0.532935 107
2121 0.601215 107
2122 0.720355 107
2123 0.467869 107
2124 1.235840 106
2125 0.396336 107
2126 6.229807 109
2127 1.841413 109
2128 1.014615 109
2129 0.755174 109
2130 0.648444 108
2131 0.926706 109
2132 0.740119 109
2133 1.082541 109
2134 1.895358 109
2135 0.783046 108
2136 1.501101 109
2137 0.294944 108
2138 3.836330 109
2139 1.593697 109
2140 1.182661 109
2141 0.914128 109
2142 2.924092 109
2143 1.219578 109
2144 3.959706 109
2145 1.854651 109
2146 0.911833 108
2147 1.534486 109
2148 0.545670 109
2149 1.092890 109
2150 2.718264 106
2151 1.743170 106
2152 1.436764 106
2153 0.485810 105
2154 0.516075 106
2155 2.597434 106
2156 1.832142 106
2157 0.952067 105
2158 2.483491 106
2159 1.933509 106
2160 19.771774 106
2161 7.806547 106
2162 6.434857 105
2163 5.685057 105
2164 5.975324 105
2165 6.001895 105
2166 5.473848 105
2167 6.144057 105
2168 5.174381 105
2169 6.347495 105
2170 6.245267 105
2171 5.780491 106
2172 5.123094 106
2173 4.298276 105
2174 4.286476 105
2175 4.817105 105
2176 4.257581 105
2177 4.361689 106
2178 4.223314 105
2179 4.067029 105
2180 3.261762 105
2181 2.825533 105
2182 3.643538 106
2183 3.863798 104
2184 3.721356 104
2185 3.555856 104
2186 3.899471 104
2187 3.494514 105
2188 3.520867 105
2189 3.777231 104
2190 3.425923 104
2191 2.274067 104
2192 2.589817 104
2193 2.428524 105
2194 1.909587 104
2195 2.511010 104
2196 2.226192 104
2197 1.939096 104
2198 2.115400 105
2199 1.781058 104
2200 3.974515 103
2201 4.106029 103
2202 4.310272 103
2203 5.826243 103
2204 5.476612 103
2205 4.602136 103
2206 4.347126 103
2207 5.766515 103
2208 4.479631 103
2209 5.220806 103
2210 5.404786 103
2211 5.389214 103
2212 5.692709 103
2213 5.378146 103
2214 5.106029 103
2215 4.588825 103
2216 6.490204 103
2217 5.652680 103
2218 4.476194 103
2219 4.983612 103
2220 4.719728 103
2221 4.931718 103
2222 4.933709 103
2223 4.356495 103
2224 3.790534 103
2225 3.954738 103
2226 4.406466 103
2227 3.679117 103
2228 2.560126 103
2229 3.615476 103
2230 3.398971 103
2231 3.499379 103
2232 3.172311 103
2233 3.046058 103
2234 3.194757 103
2235 3.377777 103
2236 2.934340 103
2237 2.641825 103
2238 2.590039 103
2239 2.773485 103
2240 2.890466 103
2241 2.069039 103
2242 2.713204 103
2243 2.570204 103
2244 2.628194 103
2245 1.993146 103
2246 2.381621 103
2247 2.126155 103
2248 1.919214 103
2249 1.661544 103
2250 3.619126 103
2251 4.075699 103
2252 4.979913 103
2253 4.305505 103
2254 5.859184 103
2255 5.452466 103
2256 5.016612 103
2257 6.161408 103
2258 5.244583 103
2259 5.114087 103
2260 5.081388 103
2261 4.188087 103
2262 5.016845 103
2263 5.094311 103
2264 5.330155 103
2265 4.974806 103
2266 5.594437 103
2267 4.717631 103
2268 4.968621 103
2269 4.592146 103
2270 4.617117 103
2271 4.502942 103
2272 3.786466 103
2273 4.428000 103
2274 4.518563 103
2275 4.125563 103
2276 4.300757 103
2277 4.354777 103
2278 3.796961 103
2279 3.398000 103
2280 3.528631 103
2281 4.440816 103
2282 3.718437 103
2283 2.738553 103
2284 2.996398 103
2285 2.801922 103
2286 2.306039 103
2287 3.549748 103
2288 3.423456 103
2289 2.944058 103
2290 2.647990 103
2291 2.472864 103
2292 1.988913 103
2293 2.611058 103
2294 1.733767 103
2295 1.665010 103
2296 1.913913 103
2297 1.686388 103
2298 1.669864 103
2299 1.353893 103
2300 3.857574 101
2301 4.028832 101
2302 4.692515 101
2303 4.154970 101
2304 3.670396 101
2305 4.521426 101
2306 4.775426 101
2307 5.529337 101
2308 5.415485 101
2309 5.804980 101
2310 5.144129 101
2311 5.356505 101
2312 6.191673 101
2313 5.292970 101
2314 5.242604 101
2315 5.335307 101
2316 4.982832 101
2317 5.149446 101
2318 3.989564 101
2319 4.050020 101
2320 4.996079 101
2321 4.203485 101
2322 4.049030 101
2323 4.787178 101
2324 3.130772 101
2325 4.207723 101
2326 4.772347 101
2327 4.012267 101
2328 3.793594 101
2329 4.046129 101
2330 3.900485 101
2331 3.299673 101
2332 3.823525 101
2333 3.506139 101
2334 3.785505 101
2335 3.193564 101
2336 2.662554 101
2337 2.502040 101
2338 2.567257 101
2339 2.626752 101
2340 1.974356 101
2341 2.145257 101
2342 1.807772 101
2343 1.944386 101
2344 1.790149 101
2345 1.526238 101
2346 1.537921 101
2347 1.709871 101
2348 1.969495 101
2349 1.428198 101
2350 3.756138 87
2351 1.244080 87
2352 0.643488 86
2353 0.397326 86
2354 0.306081 86
2355 0.298872 86
2356 1.200529 87
2357 1.288837 86
2358 0.750174 86
2359 1.431837 86
2360 0.456547 86
2361 0.876862 87
2362 1.795163 86
2363 0.767965 86
2364 0.618977 86
2365 0.572244 86
2366 1.289488 86
2367 0.780989 87
2368 1.734105 86
2369 0.469116 86
2370 2.333233 86
2371 0.682093 86
2372 0.530908 87
2373 0.807839 87
2374 0.432126 87
2375 1.310581 86
2376 0.444384 86
2377 0.605942 86
2378 0.309988 86
2379 0.646826 86
2380 0.332023 86
2381 0.550690 87
2382 0.275540 87
2383 1.160368 87
2384 0.219326 86
2385 0.230674 86
2386 1.012575 87
2387 0.240770 87
2388 0.294221 86
2389 1.752724 87
2390 0.277023 86
2391 0.245709 86
2392 1.229437 87
2393 0.316977 86
2394 0.343791 86
2395 1.177471 87
2396 0.294977 86
2397 0.286233 86
2398 1.104563 87
2399 0.221163 86
2400 0.935169 118
2401 0.291534 118
2402 0.310390 118
2403 0.272398 118
2404 0.309761 117
2405 0.273076 118
2406 0.314178 118
2407 0.298907 118
2408 0.308889 117
2409 0.307127 118
2410 1.414924 118
2411 1.424530 117
2412 0.602237 118
2413 0.463393 117
2414 1.169161 118
2415 1.215508 118
2416 0.719784 116
2417 0.403681 116
2418 0.518402 117
2419 0.328171 117
2420 1.249534 118
2421 19.832924 118
2422 19.660822 118
2423 19.829077 117
2424 19.828829 117
2425 19.829000 117
2426 19.828897 117
2427 19.829051 117
2428 19.660695 118
2429 19.660966 118
2430 19.660746 118
2431 1.206237 118
2432 0.830282 117
2433 0.876957 117
2434 0.718678 118
2435 0.778237 118
2436 0.699831 118
2437 1.674703 118
2438 0.553752 117
2439 0.777449 118
2440 0.408265 117
2441 18.905906 117
2442 18.339237 118
2443 17.940513 117
2444 0.745356 118
2445 0.186949 117
2446 0.248410 117
2447 3.983508 118
2448 0.230427 117
2449 0.274881 118
2450 4.692965 115
2451 2.326878 115
2452 2.374035 115
2453 1.542896 115
2454 0.352105 114
2455 3.163061 115
2456 1.999746 114
2457 1.098553 114
2458 0.725626 115
2459 0.387322 115
2460 0.802139 115
2461 2.575870 115
2462 1.174478 115
2463 0.897435 115
2464 1.208817 115
2465 0.297851 114
2466 1.878948 115
2467 1.681513 115
2468 0.833623 114
2469 1.253522 115
2470 1.371435 115
2471 0.892825 114
2472 1.244391 115
2473 1.079088 114
2474 1.526183 115
2475 1.509913 115
2476 0.941739 115
2477 16.318765 115
2478 4.617043 115
2479 0.645817 115
2480 4.977632 114
2481 0.996357 115
2482 4.981661 115
2483 2.734588 114
2484 1.077704 115
2485 0.333982 114
2486 0.979574 115
2487 1.160530 115
2488 1.004583 115
2489 0.451614 114
2490 1.058504 115
2491 0.319912 114
2492 0.891183 115
2493 0.919235 115
2494 0.490400 115
2495 0.846757 115
2496 0.473470 115
2497 2.810600 115
2498 0.940478 115
2499 0.748157 115
2500 1.111174 109
2501 0.876523 109
2502 18.915853 109
2503 1.644422 109
2504 1.024413 109
2505 1.664917 109
2506 1.019165 109
2507 1.924367 109
2508 1.910578 109
2509 20.000000 109
2510 1.210468 109
2511 0.963991 109
2512 0.884716 109
2513 2.109505 109
2514 0.790523 109
2515 0.983743 109
2516 0.207156 109
2517 0.895110 109
2518 1.174945 109
2519 1.012385 109
2520 0.924009 109
2521 1.020927 109
2522 0.791587 109
2523 0.726661 109
2524 0.820578 109
2525 0.806284 109
2526 0.730385 109
2527 0.785606 109
2528 13.401688 109
2529 0.576798 109
2530 0.759523 109
2531 0.788596 109
2532 2.177495 109
2533 4.824468 109
2534 1.342450 109
2535 0.587009 109
2536 0.757000 109
2537 0.537477 109
2538 1.092468 109
2539 0.963991 109
2540 1.262174 109
2541 0.693486 109
2542 0.471670 109
2543 0.948385 109
2544 0.795908 109
2545 0.464092 109
2546 0.412890 109
2547 0.784459 109
2548 0.755303 109
2549 0.825459 109
2550 1.533606 104
2551 0.991240 104
2552 15.045731 104
2553 1.038712 104
2554 20.000000 104
2555 1.404250 104
2556 1.004125 104
2557 1.003077 104
2558 2.111827 104
2559 1.020788 104
2560 1.791721 104
2561 1.367000 104
2562 1.535048 104
2563 7.861971 104
2564 6.998721 104
2565 4.507673 104
2566 5.568404 104
2567 4.481433 104
2568 3.262365 104
2569 2.588212 104
2570 3.464019 104
2571 1.932433 104
2572 2.028385 104
2573 1.800202 104
2574 1.872183 104
2575 1.406481 104
2576 1.703875 104
2577 2.147837 104
2578 1.340683 104
2579 1.727385 104
2580 2.594683 104
2581 2.213721 104
2582 1.583308 104
2583 1.791356 104
2584 2.055856 104
2585 2.551712 104
2586 1.844837 104
2587 2.394375 104
2588 2.256846 104
2589 1.578288 104
2590 1.389962 104
2591 1.285865 104
2592 1.203577 104
2593 0.798481 104
2594 1.418452 104
2595 1.600221 104
2596 1.621452 104
2597 1.059740 104
2598 1.088971 104
2599 2.012654 104
2600 5.143720 107
2601 6.726393 107
2602 5.730374 107
2603 4.997299 107
2604 5.888785 107
2605 3.881664 107
2606 4.425121 107
2607 5.691196 107
2608 4.293019 107
2609 3.106804 107
2610 4.149757 107
2611 3.781907 107
2612 2.437262 107
2613 2.446682 107
2614 2.289981 107
2615 1.830196 107
2616 1.948654 107
2617 2.200336 107
2618 2.156383 107
2619 3.423505 107
2620 3.496953 107
2621 2.638327 107
2622 2.246916 107
2623 2.067869 107
2624 1.738794 107
2625 2.690336 107
2626 1.667841 107
2627 1.374944 107
2628 3.200748 107
2629 2.662299 107
2630 2.078841 107
2631 1.717187 107
2632 1.436682 107
2633 1.679168 107
2634 1.607963 107
2635 0.848374 107
2636 2.184523 107
2637 0.932916 107
2638 1.072533 107
2639 1.451121 107
2640 0.847168 107
2641 2.112832 107
2642 1.985150 107
2643 2.483710 107
2644 1.209196 107
2645 1.290692 107
2646 1.312813 107
2647 1.968953 107
2648 2.028402 107
2649 1.103224 107
2650 5.246973 110
2651 6.948700 110
2652 6.268591 110
2653 5.968482 110
2654 4.361982 110
2655 5.276082 110
2656 5.147791 110
2657 4.822891 110
2658 3.747155 110
2659 3.121436 110
2660 5.385118 110
2661 4.748864 110
2662 3.813291 110
2663 1.211373 110
2664 0.263273 110
2665 1.351245 110
2666 1.078236 110
2667 18.840855 110
2668 18.576248 109
2669 17.856789 109
2670 17.349505 109
2671 17.103706 109
2672 16.289872 109
2673 13.138964 110
2674 10.636376 109
2675 5.027972 109
2676 3.341064 109
2677 2.466798 109
2678 2.106156 109
2679 2.055046 109
2680 2.314385 109
2681 1.967100 110
2682 1.480220 109
2683 1.571716 109
2684 2.193064 109
2685 1.593028 109
2686 1.733560 109
2687 2.042642 109
2688 2.413764 110
2689 2.402596 109
2690 1.673615 109
2691 1.813312 109
2692 1.414963 109
2693 1.881440 109
2694 1.593642 109
2695 1.202400 110
2696 1.432028 109
2697 0.962670 109
2698 0.801624 109
2699 1.429138 109
2700 10.089953 107
2701 13.199785 107
2702 15.368566 106
2703 16.127430 107
2704 18.855245 106
2705 19.209330 106
2706 19.482991 106
2707 19.284849 106
2708 18.675075 107
2709 17.246981 107
2710 12.473528 106
2711 0.967698 106
2712 0.536776 107
2713 0.576802 106
2714 1.373264 106
2715 0.701729 107
2716 3.893822 107
2717 0.928642 106
2718 1.670495 107
2719 0.630953 107
2720 0.494383 107
2721 1.873349 106
2722 0.622179 106
2723 0.550613 106
2724 0.557236 106
2725 0.610421 107
2726 0.492915 106
2727 0.559717 106
2728 0.531358 106
2729 0.779879 107
2730 1.933255 106
2731 0.527000 106
2732 0.485226 106
2733 2.370299 107
2734 0.389708 106
2735 0.663710 107
2736 0.399991 106
2737 0.374047 106
2738 0.522187 107
2739 0.423519 106
2740 0.390915 106
2741 0.349651 106
2742 0.343327 107
2743 0.862393 107
2744 0.387533 107
2745 0.440579 107
2746 0.828505 107
2747 0.340774 106
2748 1.342056 107
2749 0.452271 107
2750 2.427979 95
2751 0.673116 95
2752 0.936106 94
2753 0.701468 94
2754 1.675389 95
2755 0.517383 94
2756 1.417463 95
2757 1.433432 95
2758 1.483021 95
2759 1.768179 95
2760 1.589351 94
2761 1.661926 94
2762 1.333170 94
2763 1.588383 94
2764 1.375266 94
2765 1.314979 94
2766 1.610191 94
2767 1.510202 94
2768 1.795415 94
2769 1.260649 94
2770 1.324628 94
2771 1.584432 95
2772 1.574221 95
2773 1.450457 94
2774 1.936521 94
2775 1.078842 95
2776 1.034883 94
2777 1.552628 94
2778 0.959936 94
2779 1.074191 94
2780 1.267032 94
2781 1.163915 94
2782 1.169404 94
2783 1.481309 94
2784 1.233347 95
2785 1.055832 95
2786 0.936368 95
2787 0.724734 94
2788 0.616043 94
2789 1.125553 94
2790 0.423239 92
2791 0.404598 92
2792 0.423620 92
2793 0.388163 92
2794 0.392968 93
2795 0.396272 92
2796 0.418826 92
2797 0.419915 94
2798 0.457376 93
2799 0.445796 93
2800 1.110532 109
2801 0.619606 109
2802 0.638257 109
2803 0.659440 109
2804 0.640835 109
2805 0.706083 109
2806 0.650147 109
2807 0.662440 109
2808 0.688697 109
2809 0.668752 109
2810 0.672771 109
2811 0.607330 109
2812 0.666541 109
2813 0.619220 109
2814 0.667734 109
2815 1.141413 109
2816 0.332907 108
2817 0.329611 108
2818 0.329491 108
2819 14.317431 109
2820 15.691796 108
2821 18.387514 109
2822 19.385611 108
2823 19.529824 108
2824 19.730639 108
2825 19.462306 108
2826 19.419000 108
2827 17.992148 108
2828 14.946697 109
2829 8.708806 108
2830 7.480676 108
2831 2.599491 108
2832 2.265468 109
2833 2.127315 108
2834 2.813435 108
2835 2.355963 108
2836 2.165954 108
2837 1.399778 108
2838 1.232704 108
2839 0.835101 109
2840 0.245333 108
2841 0.213500 108
2842 1.333321 109
2843 0.212898 108
2844 0.263869 107
2845 0.262617 107
2846 0.841936 109
2847 0.332055 109
2848 0.224750 108
2849 0.239630 108
2850 1.263807 109
2851 0.319716 109
2852 0.333899 109
2853 0.296872 109
2854 0.994138 109
2855 0.336935 108
2856 0.342861 108
2857 1.957128 109
2858 0.944796 108
2859 1.192157 108
2860 1.127259 108
2861 2.124422 109
2862 0.333426 108
2863 1.728303 109
2864 0.347278 108
2865 0.327815 108
2866 0.703991 108
2867 2.719202 109
2868 1.005306 108
2869 1.297826 109
2870 0.310620 108
2871 0.295271 107
2872 0.305626 107
2873 4.386651 109
2874 4.091546 108
2875 4.527556 108
2876 4.119870 108
2877 3.921954 108
2878 4.182000 108
2879 4.242880 108
2880 4.044229 109
2881 3.654787 108
2882 3.696861 108
2883 4.422528 108
2884 3.532481 108
2885 3.739750 108
2886 3.600981 108
2887 3.554815 108
2888 4.012806 108
2889 3.143991 108
2890 2.733361 108
2891 2.051426 108
2892 1.792722 108
2893 2.529376 109
2894 0.268095 105
2895 0.248415 106
2896 1.536477 109
2897 2.345037 107
2898 0.247557 106
2899 0.261208 106
2900 1.002395 86
2901 0.436651 86
2902 0.342802 86
2903 0.327153 85
2904 1.643163 86
2905 0.331167 84
2906 0.279107 84
2907 0.258072 83
2908 1.591081 86
2909 0.366393 84
2910 0.386494 85
2911 1.399093 86
2912 0.614353 85
2913 0.558518 85
2914 0.572071 85
2915 0.576647 85
2916 1.271640 86
2917 0.411518 85
2918 0.327412 85
2919 0.395153 85
2920 1.289686 86
2921 0.363128 86
2922 0.472541 85
2923 1.254942 86
2924 0.317576 85
2925 0.317988 85
2926 0.323188 85
2927 1.436453 86
2928 0.404837 86
2929 0.420306 85
2930 0.405271 85
2931 1.676640 86
2932 0.345744 86
2933 0.352512 86
2934 0.318988 85
2935 1.954930 86
2936 0.628800 85
2937 0.968024 85
2938 1.031588 85
2939 0.329536 84
2940 0.277506 85
2941 0.408581 86
2942 0.334212 85
2943 0.325786 84
2944 1.270012 86
2945 0.435365 85
2946 0.452729 85
2947 0.481612 85
2948 1.285059 85
2949 0.612786 84
2950 1.620192 99
2951 0.603323 99
2952 0.546827 98
2953 1.101889 99
2954 0.354414 99
2955 1.100374 99
2956 0.375776 98
2957 1.072596 99
2958 3.068889 99
2959 1.441414 99
2960 0.863745 98
2961 0.926133 98
2962 1.307929 99
2963 0.369182 99
2964 0.247622 98
2965 1.043838 99
2966 0.335194 98
2967 0.397576 99
2968 0.291786 98
2969 2.425838 99
2970 2.199602 98
2971 1.115566 99
2972 1.098737 99
2973 0.796990 99
2974 0.364173 98
2975 1.145838 99
2976 0.265969 98
2977 0.344551 98
2978 0.919899 99
2979 0.264929 98
2980 0.269653 98
2981 1.316768 99
2982 0.391908 98
2983 1.546818 99
2984 0.502969 98
2985 1.520737 99
2986 0.601806 98
2987 0.391959 98
2988 0.992293 99
2989 0.296082 98
2990 1.023960 99
2991 1.017232 99
2992 0.330323 99
2993 0.996111 99
2994 0.294796 98
2995 1.037576 99
2996 0.332949 99
2997 1.015586 99
2998 0.282184 98
2999 19.798889 99
3000 20.000000 105
3001 19.810381 105
3002 20.000000 104
3003 19.807702 104
3004 19.807702 104
3005 20.000000 103
3006 19.807702 104
3007 19.805835 103
3008 2.109429 105
3009 0.963951 102
3010 0.270660 103
3011 0.714627 102
3012 0.469853 102
3013 0.870098 102
3014 0.425952 104
3015 0.461824 102
3016 0.489427 103
3017 0.622816 103
3018 0.300796 103
3019 0.291039 102
3020 0.244873 102
3021 0.492786 103
3022 0.956390 105
3023 0.297769 104
3024 0.302827 104
3025 1.217429 105
3026 0.191067 104
3027 0.932790 105
3028 0.448692 104
3029 0.419769 104
3030 1.186705 105
3031 0.284019 104
3032 1.307371 105
3033 0.321712 104
3034 1.248914 105
3035 0.227019 104
3036 2.328505 105
3037 1.829779 104
3038 1.944114 105
3039 0.682971 105
3040 0.171819 105
3041 0.970505 105
3042 0.185533 105
3043 1.240029 105
3044 0.159788 104
3045 1.011686 105
3046 0.175423 104
3047 0.143038 104
3048 1.133962 105
3049 0.150152 105
3050 1.515516 95
3051 0.258895 95
3052 1.365568 95
3053 0.245989 95
3054 0.275737 95
3055 0.787874 95
3056 0.226589 95
3057 1.220411 95
3058 0.326337 95
3059 0.271832 95
3060 0.834937 95
3061 0.281874 95
3062 1.010442 95
3063 0.949168 95
3064 0.625568 95
3065 0.599663 95
3066 0.721979 95
3067 0.738916 95
3068 0.262705 95
3069 1.540389 95
3070 1.114168 95
3071 0.762884 95
3072 0.668863 95
3073 0.800947 95
3074 0.653326 95
3075 0.715042 95
3076 0.856989 95
3077 0.562568 95
3078 0.760074 95
3079 0.876832 95
3080 0.641221 95
3081 0.680221 95
3082 0.619263 95
3083 0.806032 95
3084 0.470379 95
3085 0.795663 95
3086 0.778042 95
3087 0.242253 95
3088 0.416232 95
3089 0.246905 95
3090 0.247105 95
3091 0.204042 95
3092 0.248326 95
3093 0.189053 95
3094 0.208400 95
3095 0.203853 95
3096 0.223811 95
3097 1.573106 94
3098 0.398168 95
3099 0.394958 95
3100 2.893141 99
3101 0.638596 99
3102 0.436253 99
3103 0.458768 99
3104 0.432687 99
3105 0.521520 98
3106 0.508970 99
3107 0.536919 99
3108 0.435414 99
3109 0.894596 99
3110 1.260717 99
3111 0.310040 99
3112 0.757374 99
3113 5.397525 99
3114 0.292687 99
3115 0.737051 99
3116 0.432343 99
3117 0.282747 99
3118 0.294152 99
3119 0.927808 99
3120 0.250602 98
3121 1.044869 99
3122 0.272273 99
3123 0.294081 99
3124 0.944394 99
3125 1.057505 99
3126 0.299122 98
3127 0.273633 98
3128 0.222222 99
3129 0.220418 98
3130 0.223378 98
3131 0.264990 98
3132 0.805444 99
3133 1.016879 99
3134 0.783727 99
3135 0.684939 99
3136 0.679121 99
3137 0.685899 99
3138 0.605333 99
3139 0.878677 99
3140 0.259182 99
3141 0.218202 99
3142 0.407343 99
3143 0.223081 99
3144 0.263727 99
3145 0.392949 99
3146 0.270010 99
3147 0.784313 99
3148 0.451162 99
3149 0.709465 99
3150 1.027241 108
3151 1.170398 108
3152 0.497519 108
3153 2.605157 108
3154 0.547306 108
3155 0.339843 108
3156 0.334981 108
3157 0.782907 108
3158 0.368157 108
3159 0.367843 108
3160 0.433130 108
3161 0.382731 108
3162 0.314407 108
3163 7.081639 108
3164 0.346333 108
3165 0.960620 108
3166 0.836935 108
3167 0.846537 108
3168 0.812241 108
3169 0.327315 108
3170 0.610991 108
3171 0.295417 108
3172 0.374398 108
3173 0.423824 108
3174 0.286352 108
3175 0.320213 108
3176 0.341355 107
3177 0.307093 107
3178 1.160196 107
3179 0.938953 107
3180 0.649897 107
3181 0.531673 107
3182 0.574393 107
3183 0.887411 107
3184 0.567589 107
3185 1.047822 107
3186 19.999944 107
3187 19.999692 107
3188 19.999953 107
3189 19.999701 107
3190 19.999907 107
3191 19.999785 107
3192 0.384037 107
3193 0.536860 107
3194 0.420701 107
3195 0.137112 107
3196 0.445084 107
3197 0.241196 107
3198 0.162533 107
3199 0.151766 107
3200 0.924118 110
3201 1.107673 110
3202 0.416092 109
3203 0.465532 109
3204 0.351173 110
3205 0.258138 109
3206 1.037227 110
3207 0.296266 109
3208 1.259536 110
3209 0.362455 110
3210 1.065455 110
3211 4.396881 109
3212 0.918373 110
3213 1.044036 110
3214 0.383282 110
3215 0.890600 110
3216 0.585573 110
3217 0.250275 109
3218 0.224569 109
3219 0.255945 109
3220 0.316817 109
3221 0.255853 109
3222 0.988436 110
3223 0.296000 109
3224 0.307972 109
3225 0.323661 109
3226 0.909955 110
3227 0.309165 109
3228 0.296606 109
3229 0.275945 109
3230 0.374844 109
3231 0.875318 110
3232 0.888327 110
3233 0.249218 110
3234 2.507145 110
3235 0.813709 110
3236 0.636600 110
3237 0.956855 110
3238 0.335248 109
3239 0.378890 109
3240 0.935318 110
3241 0.221606 109
3242 0.300000 109
3243 0.240532 109
3244 1.569900 110
3245 14.495145 110
3246 14.943028 109
3247 13.513183 109
3248 8.886514 109
3249 6.059800 110
3250 1.143560 109
3251 0.403028 109
3252 0.295463 108
3253 0.316056 108
3254 1.025083 109
3255 0.965899 109
3256 1.386459 109
3257 1.020982 109
3258 0.874167 108
3259 0.750519 108
3260 0.964688 109
3261 5.183565 108
3262 0.843398 108
3263 1.937303 109
3264 4.195899 109
3265 1.319523 109
3266 1.197505 109
3267 0.533509 108
3268 0.365569 109
3269 0.340583 108
3270 0.447843 108
3271 0.486148 108
3272 2.439450 109
3273 1.283477 109
3274 0.252093 107
3275 1.976706 109
3276 0.352128 109
3277 0.376667 108
3278 0.862578 109
3279 0.262676 108
3280 0.888771 109
3281 0.980890 109
3282 0.734991 108
3283 0.386679 109
3284 0.458306 108
3285 1.027413 109
3286 0.378546 108
3287 0.316361 108
3288 0.240037 108
3289 0.933844 109
3290 1.593037 109
3291 0.344907 108
3292 0.330657 108
3293 0.275750 108
3294 0.318231 108
3295 2.676239 109
3296 0.828174 109
3297 1.125560 109
3298 0.924422 109
3299 0.375685 108
3300 1.015924 119
3301 1.315353 119
3302 3.537210 119
3303 2.685847 118
3304 2.688186 118
3305 2.675220 118
3306 6.725588 119
3307 8.301593 118
3308 8.159136 118
3309 5.598305 118
3310 4.537314 118
3311 1.086235 119
3312 0.469437 119
3313 0.412109 119
3314 1.393765 119
3315 0.281504 117
3316 1.201025 119
3317 1.964161 118
3318 2.665992 119
3319 1.598244 119
3320 1.875361 119
3321 1.705627 118
3322 1.015958 119
3323 0.565458 118
3324 1.069050 119
3325 0.282585 118
3326 1.038084 119
3327 1.277235 119
3328 0.987496 119
3329 3.235706 119
3330 0.298286 119
3331 1.503723 119
3332 0.915059 119
3333 1.348697 119
3334 0.213966 119
3335 2.649176 119
3336 0.935328 119
3337 0.253246 118
3338 0.772378 119
3339 0.429602 118
3340 0.703110 118
3341 5.894756 119
3342 3.693588 119
3343 0.624193 119
3344 0.777134 119
3345 0.947681 119
3346 0.390933 119
3347 0.348613 119
3348 0.503403 119
3349 3.058101 119
3350 2.767174 86
3351 1.979105 86
3352 1.150267 86
3353 1.237442 86
3354 1.230535 86
3355 0.366376 85
3356 1.393430 86
3357 0.438871 85
3358 0.363188 85
3359 1.078221 86
3360 1.543302 86
3361 0.270106 85
3362 1.315256 86
3363 1.191640 86
3364 0.352859 85
3365 0.296424 85
3366 0.366459 85
3367 1.211919 86
3368 0.490212 85
3369 2.372847 85
3370 1.280628 86
3371 1.194744 86
3372 0.293106 85
3373 0.346953 85
3374 1.398174 86
3375 0.365776 85
3376 1.383140 86
3377 1.248802 86
3378 1.247151 86
3379 0.663271 85
3380 0.553741 85
3381 1.114337 86
3382 0.417741 85
3383 0.432741 85
3384 1.411070 86
3385 0.357812 85
3386 0.306224 85
3387 1.392244 86
3388 0.592506 85
3389 1.259000 86
3390 1.165965 86
3391 2.128384 86
3392 1.438435 85
3393 1.650224 85
3394 1.549860 86
3395 2.835953 86
3396 1.664459 85
3397 1.472671 85
3398 10.838581 86
3399 1.058535 86
3400 1.037103 97
3401 1.328299 97
3402 2.052103 97
3403 0.315347 95
3404 1.574562 96
3405 0.384337 95
3406 0.356663 95
3407 1.398250 96
3408 0.853179 95
3409 1.184750 96
3410 0.415347 95
3411 0.520758 95
3412 0.872625 96
3413 1.158479 96
3414 0.334979 95
3415 0.341074 95
3416 1.369885 96
3417 1.105833 96
3418 0.475326 95
3419 0.312632 95
3420 1.483250 96
3421 0.354305 95
3422 0.433404 94
3423 2.704115 96
3424 1.308316 95
3425 1.292495 95
3426 4.736896 96
3427 5.055442 95
3428 1.213333 96
3429 1.082938 96
3430 0.856885 96
3431 0.308531 96
3432 0.299125 96
3433 1.350083 96
3434 0.340585 94
3435 0.413043 94
3436 1.141562 96
3437 0.301863 95
3438 0.318695 95
3439 1.096750 96
3440 0.279379 95
3441 1.233313 96
3442 0.319916 95
3443 0.294611 95
3444 2.784615 96
3445 0.316695 95
3446 1.307031 96
3447 2.221032 95
3448 2.848833 96
3449 0.287948 96
3450 3.168629 116
3451 1.760957 116
3452 1.974983 116
3453 1.301026 115
3454 1.289078 115
3455 1.051276 116
3456 0.305078 116
3457 0.364496 115
3458 1.911216 116
3459 1.194595 116
3460 0.377017 115
3461 1.711888 116
3462 1.176991 116
3463 0.711478 115
3464 1.665241 116
3465 0.716591 115
3466 1.107500 116
3467 0.799836 116
3468 0.648391 115
3469 1.411422 116
3470 0.400183 115
3471 1.178009 116
3472 6.547483 116
3473 18.254226 115
3474 0.965017 116
3475 1.061147 116
3476 0.286017 115
3477 0.293635 115
3478 2.220629 116
3479 1.265496 115
3480 0.949147 116
3481 1.291974 116
3482 0.578235 115
3483 0.901767 116
3484 0.226617 115
3485 0.253296 115
3486 1.808336 116
3487 0.954086 116
3488 0.485957 115
3489 0.428939 115
3490 1.683241 116
3491 0.379965 115
3492 1.333879 116
3493 0.288461 115
3494 0.346478 115
3495 0.759776 116
3496 0.228443 115
3497 0.229207 116
3498 0.723172 116
3499 0.183129 116
3500 1.046938 97
3501 1.348918 97
3502 0.364479 96
3503 0.331083 96
3504 1.610474 97
3505 0.384907 97
3506 0.374583 96
3507 1.690918 97
3508 0.507969 96
3509 0.356698 96
3510 1.342660 97
3511 0.363615 96
3512 0.411010 97
3513 4.529124 97
3514 3.481216 97
3515 3.378354 96
3516 1.124598 97
3517 1.260701 97
3518 0.349885 96
3519 0.314292 96
3520 6.835474 97
3521 1.184526 97
3522 0.310701 97
3523 0.427802 96
3524 1.145763 97
3525 0.304438 96
3526 0.301542 96
3527 1.466639 97
3528 1.498196 97
3529 0.625740 96
3530 0.808167 96
3531 1.296186 97
3532 0.476073 96
3533 0.299115 96
3534 3.435010 97
3535 1.485392 97
3536 0.311875 96
3537 0.341667 96
3538 1.082677 96
3539 1.259856 97
3540 1.039784 97
3541 0.996433 97
3542 1.014557 97
3543 0.961979 97
3544 0.895959 97
3545 1.224567 97
3546 0.253876 97
3547 0.671320 97
3548 0.814619 97
3549 0.779103 97
3550 1.118421 107
3551 1.370308 107
3552 1.610028 107
3553 0.958720 107
3554 0.353953 106
3555 1.274383 107
3556 1.282140 107
3557 2.103804 107
3558 1.364720 107
3559 1.204551 107
3560 1.679607 107
3561 2.751962 105
3562 1.076178 107
3563 0.403509 106
3564 1.334056 107
3565 1.908168 107
3566 1.895047 107
3567 0.725645 107
3568 1.130794 107
3569 1.306897 107
3570 1.207682 107
3571 0.499962 106
3572 1.542813 107
3573 1.953944 107
3574 1.594439 107
3575 0.506467 107
3576 0.996056 107
3577 1.212542 107
3578 2.305140 107
3579 11.687673 107
3580 1.129757 107
3581 0.932299 107
3582 1.287486 107
3583 1.069729 107
3584 0.858654 107
3585 1.178075 107
3586 1.570868 106
3587 0.818383 107
3588 0.185660 106
3589 1.017907 107
3590 0.391519 106
3591 1.245383 107
3592 1.269963 107
3593 0.792632 106
3594 0.935009 107
3595 0.689850 107
3596 0.941729 107
3597 2.002364 107
3598 0.712850 107
3599 0.191019 106
3600 3.555211 95
3601 1.112947 95
3602 0.944116 95
3603 1.497337 95
3604 13.954474 95
3605 1.228453 95
3606 1.427189 95
3607 1.550505 95
3608 0.357737 95
3609 1.522842 95
3610 0.927126 95
3611 1.109811 95
3612 1.207884 95
3613 1.406358 95
3614 1.012000 95
3615 0.309979 95
3616 1.051105 95
3617 0.328411 95
3618 1.263632 95
3619 1.257147 95
3620 0.395021 94
3621 0.979442 95
3622 0.354053 95
3623 1.246379 95
3624 0.305358 95
3625 0.842453 95
3626 1.043737 95
3627 0.970274 95
3628 1.330032 95
3629 1.488863 95
3630 1.617832 95
3631 0.925295 95
3632 1.159568 95
3633 1.478105 95
3634 0.982863 95
3635 0.315789 95
3636 2.249189 95
3637 1.468211 95
3638 1.894221 95
3639 0.602137 95
3640 0.577747 95
3641 0.512105 95
3642 0.694653 95
3643 0.536747 95
3644 1.547495 95
3645 0.571726 95
3646 0.919400 95
3647 0.751453 95
3648 18.585021 95
3649 0.333147 95
3650 1.163409 115
3651 2.595096 115
3652 1.767670 115
3653 1.725661 115
3654 1.715348 115
3655 1.774243 115
3656 1.875174 115
3657 20.000000 115
3658 2.462035 115
3659 3.676174 115
3660 1.692174 115
3661 1.592965 115
3662 2.115200 115
3663 1.057304 115
3664 19.832374 115
3665 1.032470 115
3666 2.714765 115
3667 1.289583 115
3668 1.855304 115
3669 0.919157 115
3670 2.494000 115
3671 0.815948 115
3672 1.085852 115
3673 1.037243 115
3674 1.217191 115
3675 1.245417 115
3676 1.979130 115
3677 1.958487 115
3678 0.917957 115
3679 1.331809 115
3680 1.194043 115
3681 0.766939 114
3682 0.870878 115
3683 0.714035 115
3684 0.758365 115
3685 1.257174 115
3686 1.113922 115
3687 1.028391 115
3688 0.733739 115
3689 1.895461 115
3690 0.648678 115
3691 2.554261 115
3692 0.902470 115
3693 0.693765 115
3694 1.028409 115
3695 0.780939 115
3696 0.892113 115
3697 0.790939 115
3698 1.471496 115
3699 1.013165 115
3700 4.252765 102
3701 1.410382 102
3702 1.488784 102
3703 1.447343 102
3704 1.920461 102
3705 1.173363 102
3706 1.830765 102
3707 2.232049 102
3708 1.561245 102
3709 1.193588 102
3710 1.527235 102
3711 2.562873 102
3712 1.333608 102
3713 1.366971 102
3714 1.194618 102
3715 2.388186 102
3716 1.596118 102
3717 1.541833 102
3718 1.522255 102
3719 1.342559 102
3720 18.306627 102
3721 1.229971 102
3722 1.673441 102
3723 1.308647 102
3724 1.748412 102
3725 1.255500 102
3726 1.131569 102
3727 1.166441 102
3728 1.306784 102
3729 1.021990 102
3730 1.723725 102
3731 1.233461 102
3732 2.925088 102
3733 0.981157 102
3734 0.942461 102
3735 1.277765 102
3736 1.031402 102
3737 1.571706 102
3738 2.216373 102
3739 1.007471 102
3740 1.055843 102
3741 1.010206 102
3742 1.001775 102
3743 0.846627 102
3744 1.818647 102
3745 0.880167 102
3746 1.063902 102
3747 0.827167 102
3748 0.778431 102
3749 1.504922 102
3750 1.534957 116
3751 1.582276 116
3752 2.036353 116
3753 2.200164 116
3754 1.318802 116
3755 1.583655 116
3756 1.734362 116
3757 0.919922 116
3758 1.428853 116
3759 1.109552 116
3760 1.124957 116
3761 1.018517 116
3762 3.426759 116
3763 1.932397 116
3764 0.999474 116
3765 1.108431 116
3766 3.444138 116
3767 19.100655 116
3768 2.984957 116
3769 1.354586 116
3770 1.461336 116
3771 1.718647 116
3772 1.302414 116
3773 1.026009 116
3774 1.158103 116
3775 0.918483 116
3776 9.998379 116
3777 0.884664 116
3778 4.470379 116
3779 4.481741 116
3780 0.756862 116
3781 2.232431 116
3782 15.336629 116
3783 1.823147 116
3784 1.100716 116
3785 0.673983 116
3786 20.000000 116
3787 0.802698 116
3788 0.987922 116
3789 0.808730 115
3790 0.704183 115
3791 0.621313 115
3792 0.741043 115
3793 0.758930 115
3794 0.763696 115
3795 0.820096 115
3796 1.078061 115
3797 1.026087 115
3798 0.526635 115
3799 0.550052 115
3800 0.975879 107
3801 1.461729 107
3802 14.195505 107
3803 1.097093 107
3804 1.088486 107
3805 1.248935 107
3806 1.470458 107
3807 1.277897 107
3808 1.229439 107
3809 2.480589 107
3810 6.840617 107
3811 1.560991 107
3812 1.394178 107
3813 1.429579 107
3814 1.055336 107
3815 1.131383 107
3816 1.148850 107
3817 1.261084 107
3818 1.195290 107
3819 1.173355 107
3820 1.031561 107
3821 15.368645 107
3822 1.206850 107
3823 1.082850 107
3824 1.528551 107
3825 1.958729 107
3826 2.170140 107
3827 0.953084 107
3828 1.473196 107
3829 1.542047 107
3830 1.172178 107
3831 1.355542 107
3832 1.571374 107
3833 1.072897 107
3834 1.014056 107
3835 1.671234 107
3836 1.064533 107
3837 2.475374 107
3838 2.564738 107
3839 0.886299 107
3840 1.227449 107
3841 0.728047 107
3842 1.011486 107
3843 0.818178 107
3844 1.102617 107
3845 0.752467 107
3846 0.780879 107
3847 0.746159 107
3848 0.748000 107
3849 0.912925 107
3850 1.270741 108
3851 3.457130 108
3852 1.676769 108
3853 1.839583 108
3854 1.380907 108
3855 1.640370 108
3856 1.427824 108
3857 1.711991 108
3858 5.449491 108
3859 1.563185 108
3860 1.921250 108
3861 1.637028 108
3862 1.572944 108
3863 1.984954 108
3864 1.407685 108
3865 2.842056 108
3866 1.486435 108
3867 0.886065 108
3868 1.174806 108
3869 1.649981 108
3870 1.717981 108
3871 1.349750 108
3872 1.627343 108
3873 3.100889 108
3874 1.000250 108
3875 0.991694 108
3876 1.330148 108
3877 1.585167 108
3878 1.294713 108
3879 1.955509 108
3880 1.169491 108
3881 1.388731 108
3882 1.345343 108
3883 1.330389 108
3884 1.055333 108
3885 1.335046 108
3886 2.145259 108
3887 1.217472 108
3888 1.875037 108
3889 19.999991 108
3890 1.331981 108
3891 0.887185 108
3892 1.199315 108
3893 0.748759 108
3894 1.197167 108
3895 1.283991 108
3896 0.345505 107
3897 0.835204 108
3898 0.987352 108
3899 0.632972 108
3900 3.543487 113
3901 1.236735 113
3902 1.000522 113
3903 0.984885 113
3904 1.024947 113
3905 1.229080 113
3906 7.247584 113
3907 1.412876 113
3908 1.196504 113
3909 1.809150 113
3910 1.036956 113
3911 1.720690 113
3912 1.229796 113
3913 1.815628 113
3914 1.005903 113
3915 1.041416 113
3916 1.353628 113
3917 0.957354 113
3918 1.223690 113
3919 1.802540 113
3920 1.196195 113
3921 1.560646 113
3922 1.261929 113
3923 1.271124 113
3924 1.093451 113
3925 4.646973 113
3926 1.784265 113
3927 1.485796 113
3928 1.421460 113
3929 2.305726 113
3930 1.488416 113
3931 0.969832 113
3932 1.221779 113
3933 0.909743 113
3934 1.338938 113
3935 1.051044 113
3936 0.959628 113
3937 0.772858 113
3938 0.975513 113
3939 1.303088 113
3940 5.503274 113
3941 1.110823 113
3942 0.864345 113
3943 0.895894 113
3944 1.606168 113
3945 2.310513 113
3946 0.758106 113
3947 0.561982 113
3948 0.657823 113
3949 1.252885 113
3950 1.397264 121
3951 1.082298 121
3952 1.019306 121
3953 3.194521 121
3954 1.549537 121
3955 4.844182 121
3956 2.413405 121
3957 1.188661 121
3958 1.610215 121
3959 2.290488 121
3960 1.950479 121
3961 1.081669 121
3962 1.150653 121
3963 1.435521 121
3964 1.009074 121
3965 1.980256 121
3966 0.949248 121
3967 1.625190 121
3968 1.441322 121
3969 1.576074 121
3970 1.367339 121
3971 1.202793 121
3972 1.120339 121
3973 1.212579 121
3974 1.532835 121
3975 20.000000 121
3976 1.194000 121
3977 1.489785 121
3978 1.377405 121
3979 1.290876 121
3980 19.999917 121
3981 1.647331 121
3982 0.943347 121
3983 0.776917 121
3984 1.181512 121
3985 2.425818 121
3986 10.884529 121
3987 1.419273 121
3988 8.192198 121
3989 3.346306 121
3990 1.308926 121
3991 1.841405 121
3992 1.902033 121
3993 2.130116 121
3994 1.040025 121
3995 1.287620 121
3996 1.714727 121
3997 0.897455 121
3998 1.051893 121
3999 1.389793 121
4000 4.566517 118
4001 1.446941 118
4002 1.952890 118
4003 0.904771 118
4004 16.192559 118
4005 0.872958 118
4006 1.453085 118
4007 1.765805 118
4008 2.235924 118
4009 0.754924 118
4010 1.653610 118
4011 1.152864 118
4012 1.166034 118
4013 1.682864 118
4014 1.061169 118
4015 3.672602 118
4016 1.936737 118
4017 3.065432 118
4018 1.128669 118
4019 1.290153 118
4020 1.185297 118
4021 1.016076 118
4022 0.721263 118
4023 0.720356 118
4024 1.390695 118
4025 0.899356 118
4026 0.991695 118
4027 3.890678 118
4028 0.985364 118
4029 0.828788 118
4030 1.300085 118
4031 4.952000 118
4032 7.987831 118
4033 1.117568 118
4034 1.142915 118
4035 5.562661 118
4036 0.638763 118
4037 0.737356 118
4038 0.502703 118
4039 0.681161 118
4040 19.915271 118
4041 0.440356 118
4042 0.626008 118
4043 0.419492 118
4044 1.075025 118
4045 1.164390 118
4046 0.681169 118
4047 0.379169 118
4048 0.614025 118
4049 0.385508 118
4050 1.072000 122
4051 0.663066 122
4052 3.134082 122
4053 2.187566 122
4054 1.116787 122
4055 1.488426 122
4056 1.317549 122
4057 2.147262 122
4058 17.666443 122
4059 1.556410 122
4060 4.172795 122
4061 0.966443 122
4062 0.928705 122
4063 0.961631 122
4064 2.385303 122
4065 1.014082 122
4066 1.800139 122
4067 4.099639 122
4068 1.167541 122
4069 2.093148 122
4070 0.947164 122
4071 0.492702 121
4072 1.021393 122
4073 0.985254 122
4074 7.568008 122
4075 0.664574 122
4076 0.210525 122
4077 0.927443 122
4078 1.775164 122
4079 0.973787 122
4080 1.203180 122
4081 1.302779 122
4082 1.081057 122
4083 0.935434 122
4084 1.280623 122
4085 1.272254 122
4086 2.203516 122
4087 0.891984 122
4088 0.988000 122
4089 0.676098 122
4090 0.774754 122
4091 1.432049 122
4092 1.059820 122
4093 14.995385 122
4094 0.858451 122
4095 0.743115 122
4096 0.685525 122
4097 0.834279 122
4098 0.904820 122
4099 0.625828 122
4100 0.958703 118
4101 3.083347 118
4102 2.521009 117
4103 0.716525 118
4104 0.828297 118
4105 0.348788 118
4106 2.717737 118
4107 20.000000 118
4108 1.144042 118
4109 1.000246 118
4110 1.725754 118
4111 1.082458 118
4112 2.126119 118
4113 1.339822 118
4114 0.999525 118
4115 0.817686 118
4116 0.448376 117
4117 1.570703 118
4118 1.106703 118
4119 1.342466 118
4120 1.065881 118
4121 19.999814 118
4122 1.176593 118
4123 1.130890 118
4124 0.963347 118
4125 0.231701 117
4126 0.873475 118
4127 0.859746 118
4128 1.012102 118
4129 0.573331 118
4130 0.745788 118
4131 0.249299 117
4132 0.938763 118
4133 0.936415 118
4134 0.823831 118
4135 0.839305 118
4136 0.828610 118
4137 1.068661 118
4138 0.864898 118
4139 0.858424 118
4140 0.812297 118
4141 0.278068 117
4142 0.229675 117
4143 0.730153 118
4144 0.778847 118
4145 0.988331 118
4146 0.674644 118
4147 3.898093 118
4148 0.836364 118
4149 0.207695 118
4150 2.527957 115
4151 1.926757 115
4152 1.274365 115
4153 1.583009 115
4154 0.953939 115
4155 1.210870 115
4156 5.661009 115
4157 1.222148 115
4158 1.099852 115
4159 0.267947 114
4160 1.487678 115
4161 3.357809 115
4162 0.565843 115
4163 1.269974 115
4164 1.197165 115
4165 6.311557 115
4166 1.640087 115
4167 1.776922 115
4168 1.102000 115
4169 1.164009 115
4170 1.090313 115
4171 0.934904 115
4172 0.578061 115
4173 0.252417 115
4174 1.269200 115
4175 1.120687 115
4176 1.018557 115
4177 8.042843 115
4178 6.866526 114
4179 2.405730 115
4180 1.364322 115
4181 1.606113 115
4182 0.629904 114
4183 2.360783 115
4184 0.281728 114
4185 1.100270 115
4186 1.022400 115
4187 1.119183 115
4188 0.268307 114
4189 1.219948 115
4190 1.348226 115
4191 0.296878 115
4192 1.260930 115
4193 1.173087 115
4194 1.161930 115
4195 0.470658 114
4196 1.834052 115
4197 0.976322 115
4198 0.825722 115
4199 0.934565 115
4200 1.219901 121
4201 1.425182 121
4202 1.097190 121
4203 0.992851 121
4204 1.683537 121
4205 1.120430 121
4206 0.992158 120
4207 1.248033 121
4208 0.805242 120
4209 2.568893 121
4210 1.456463 121
4211 0.334653 121
4212 1.085554 121
4213 1.149760 121
4214 0.314458 120
4215 1.224810 121
4216 0.576192 120
4217 1.798083 121
4218 0.799758 120
4219 1.546893 121
4220 1.447116 121
4221 1.053512 121
4222 1.851512 121
4223 1.085711 121
4224 0.719099 121
4225 1.236215 121
4226 1.078686 121
4227 1.388050 121
4228 1.157645 121
4229 1.014174 121
4230 1.044587 121
4231 1.011074 121
4232 1.248570 121
4233 1.218463 121
4234 1.441752 121
4235 1.585835 121
4236 1.503942 121
4237 1.481264 121
4238 0.599658 120
4239 1.021942 121
4240 0.281433 120
4241 0.295217 120
4242 1.534289 121
4243 0.291769 121
4244 0.316633 120
4245 0.281267 120
4246 0.885231 121
4247 1.395992 121
4248 1.328975 121
4249 17.133554 121
4250 16.766538 106
4251 18.448066 106
4252 16.971181 105
4253 15.231362 105
4254 16.442330 106
4255 17.504142 106
4256 14.543953 106
4257 12.249170 106
4258 16.941114 105
4259 16.163387 106
4260 15.309590 105
4261 14.837010 105
4262 16.231783 106
4263 16.326019 105
4264 14.614876 105
4265 13.778038 106
4266 11.696075 106
4267 15.777505 105
4268 13.144248 105
4269 10.663543 105
4270 7.103371 105
4271 3.736238 105
4272 2.223594 106
4273 0.809114 105
4274 16.482198 106
4275 19.999733 105
4276 17.397208 106
4277 19.999714 105
4278 9.985925 106
4279 0.909868 106
4280 0.261990 105
4281 0.712085 106
4282 1.858066 106
4283 0.759877 106
4284 0.688562 105
4285 0.957629 105
4286 0.708581 105
4287 5.200226 106
4288 1.724377 106
4289 1.287708 106
4290 0.684170 106
4291 0.154600 105
4292 0.158562 105
4293 0.167514 105
4294 0.199181 105
4295 0.213179 106
4296 0.197029 105
4297 0.198151 106
4298 1.952453 106
4299 0.382132 106
4300 1.121524 105
4301 0.309829 105
4302 0.328552 105
4303 0.315346 104
4304 0.342365 104
4305 0.261295 105
4306 1.043371 105
4307 1.199305 105
4308 0.340343 105
4309 0.289543 105
4310 0.808886 105
4311 1.083067 105
4312 0.467381 105
4313 0.473838 105
4314 0.435657 105
4315 0.405914 105
4316 0.398295 105
4317 1.714895 105
4318 3.696829 105
4319 0.711267 105
4320 2.188829 105
4321 1.899029 105
4322 1.718514 105
4323 2.266221 104
4324 2.499163 104
4325 1.044105 105
4326 2.617771 105
4327 0.647562 105
4328 0.734638 105
4329 1.363124 105
4330 1.229743 105
4331 0.725695 105
4332 1.095152 105
4333 0.885162 105
4334 1.262324 105
4335 1.343286 105
4336 1.204333 105
4337 1.849667 105
4338 0.953286 105
4339 0.277324 105
4340 0.699629 105
4341 0.752733 105
4342 1.208838 105
4343 0.750914 105
4344 6.732248 105
4345 5.602838 105
4346 5.586714 105
4347 6.224819 105
4348 5.074000 105
4349 5.920857 105
4350 4.082299 107
4351 1.205178 107
4352 1.455140 107
4353 1.083131 107
4354 13.121710 107
4355 14.386065 107
4356 1.227327 107
4357 1.105617 107
4358 15.998991 107
4359 16.738224 107
4360 9.684626 107
4361 6.689783 106
4362 4.525623 106
4363 2.946057 106
4364 2.200486 107
4365 1.913085 106
4366 1.792689 106
4367 1.628509 106
4368 2.423028 106
4369 2.353729 107
4370 1.535726 106
4371 5.891198 106
4372 2.037651 106
4373 2.483151 106
4374 3.416670 106
4375 2.418692 107
4376 2.224462 106
4377 2.054387 106
4378 1.176613 106
4379 1.050935 107
4380 0.187813 107
4381 0.237613 106
4382 0.203314 105
4383 0.217619 105
4384 0.225514 105
4385 0.225724 105
4386 0.189698 106
4387 0.204705 105
4388 8.381654 107
4389 0.925168 107
4390 0.768364 107
4391 0.165453 106
4392 0.459179 106
4393 0.178179 106
4394 0.701346 107
4395 0.175792 106
4396 0.198236 106
4397 0.200472 106
4398 0.192340 106
4399 0.196292 106
4400 1.288833 90
4401 0.448744 90
4402 0.422278 90
4403 0.345078 90
4404 0.364528 89
4405 0.343511 90
4406 1.138778 90
4407 0.647348 89
4408 0.681371 89
4409 0.616378 90
4410 0.673899 89
4411 0.768427 89
4412 1.224400 90
4413 1.174889 90
4414 0.797596 89
4415 0.362404 89
4416 0.612404 89
4417 2.445133 90
4418 0.948955 89
4419 0.886112 89
4420 0.462544 90
4421 1.452600 90
4422 1.178112 89
4423 0.662528 89
4424 0.853202 89
4425 1.847456 90
4426 1.118261 88
4427 0.767750 88
4428 0.456977 88
4429 2.750044 90
4430 0.519854 89
4431 0.397663 89
4432 0.756764 89
4433 1.770900 90
4434 0.301133 90
4435 0.613444 90
4436 0.399899 89
4437 1.455700 90
4438 1.031416 89
4439 0.531764 89
4440 0.297730 89
4441 1.191978 90
4442 0.899202 89
4443 0.292753 89
4444 0.524663 89
4445 1.808478 90
4446 0.889551 89
4447 0.381787 89
4448 0.495697 89
4449 1.594244 90
4450 2.330702 104
4451 0.657663 104
4452 0.484692 104
4453 1.509740 104
4454 1.271577 104
4455 0.392863 102
4456 1.340606 104
4457 0.279647 102
4458 10.299385 104
4459 2.385466 103
4460 1.208500 104
4461 0.231327 104
4462 0.957221 104
4463 0.255505 103
4464 0.984125 104
4465 0.265272 103
4466 1.117510 104
4467 0.834163 104
4468 0.919981 104
4469 0.265718 103
4470 1.354644 104
4471 0.985596 104
4472 0.314379 103
4473 1.707904 104
4474 2.109087 103
4475 1.100154 104
4476 1.306510 104
4477 0.256147 102
4478 0.925106 104
4479 0.865875 104
4480 1.786817 104
4481 1.160788 104
4482 0.611942 104
4483 19.706615 104
4484 1.020519 104
4485 1.090673 104
4486 0.803663 104
4487 0.996404 104
4488 1.710808 104
4489 1.098471 104
4490 0.966894 104
4491 0.798625 104
4492 1.151885 104
4493 0.771587 104
4494 1.347519 104
4495 0.866067 104
4496 1.285692 104
4497 0.934750 104
4498 0.947731 104
4499 1.230971 104
