0 0.412200 119
1 1.863504 119
2 2.172154 119
3 1.056442 119
4 1.037767 119
5 0.000000 119
6 0.573133 119
7 14.203101 119
8 0.630795 119
9 0.595388 119
10 0.596706 119
11 0.635322 119
12 17.262232 119
13 2.101584 119
14 0.088434 119
15 0.656657 119
16 0.781536 119
17 0.844084 119
18 0.417590 119
19 0.828877 119
20 0.921287 119
21 0.457615 119
22 1.137869 119
23 0.753178 119
24 0.874292 119
25 0.926516 119
26 0.680546 119
27 5.963939 119
28 0.856605 119
29 0.451217 119
30 0.855721 119
31 0.438443 119
32 0.436663 119
33 0.929878 119
34 1.148895 119
35 0.759359 119
36 1.259995 119
37 0.510195 119
38 0.987884 119
39 0.990626 119
40 1.198916 119
41 1.187739 119
42 0.983969 119
43 0.861574 119
44 1.586510 119
45 0.699872 119
46 1.374789 119
47 2.402550 119
48 4.498422 119
49 0.789729 119
50 0.442368 119
51 0.553163 119
52 0.580201 119
53 0.697808 119
54 0.298614 119
55 0.306056 119
56 0.556880 119
57 0.528398 119
58 0.414709 119
59 0.000000 119
60 0.099228 119
61 3.104297 119
62 0.524354 119
63 0.639911 119
64 0.562663 119
65 0.881746 119
66 0.519888 119
67 0.685188 119
68 2.199567 119
69 1.986052 119
70 4.139777 119
71 3.841021 119
72 4.234038 119
73 1.051727 119
74 2.324913 119
75 2.049938 119
76 2.331586 119
77 2.723638 119
78 2.557043 119
79 2.480382 119
80 2.667210 119
81 1.964693 119
82 1.920935 119
83 0.951987 119
84 1.015329 119
85 1.100972 119
86 1.653206 119
87 3.903180 119
88 2.090088 119
89 0.159427 119
90 0.000000 119
91 0.507350 119
92 2.212337 119
93 2.154484 119
94 6.719228 119
95 0.000000 119
96 0.255338 119
97 2.648342 119
98 5.110849 119
99 5.552692 119
100 2.269526 96
101 4.420037 96
102 4.091255 96
103 4.347219 96
104 1.534761 96
105 3.081170 96
106 3.543774 96
107 2.128541 96
108 4.600802 95
109 0.407520 96
110 4.751223 96
111 13.505818 96
112 5.768857 96
113 1.724606 96
114 3.588719 96
115 3.837950 96
116 1.382182 96
117 1.526237 96
118 3.602128 96
119 4.275969 96
120 1.572246 96
121 1.730753 96
122 15.049913 96
123 1.746343 96
124 0.901787 96
125 2.901866 96
126 7.016998 96
127 3.624804 96
128 1.791097 96
129 26.428689 96
130 1.149236 96
131 1.637207 96
132 1.370840 96
133 0.359310 96
134 0.606526 96
135 0.732843 96
136 8.342150 96
137 1.006199 96
138 1.979019 96
139 2.026913 96
140 20.805803 96
141 1.466048 96
142 3.087064 96
143 0.914764 96
144 0.698255 96
145 1.005847 96
146 3.321923 96
147 1.684873 96
148 0.870925 96
149 1.914156 96
150 0.950304 108
151 1.824999 108
152 1.480098 108
153 0.381643 108
154 0.737024 108
155 1.873097 108
156 2.546485 108
157 0.633926 108
158 0.981733 108
159 1.390835 108
160 30.911273 108
161 0.680407 108
162 0.708826 108
163 0.953011 108
164 3.900873 108
165 3.440078 108
166 3.407909 108
167 1.623184 108
168 3.700920 108
169 0.000000 108
170 0.000000 108
171 31.450304 108
172 1.372467 108
173 2.116618 108
174 5.009164 108
175 4.974949 108
176 5.830568 108
177 7.407162 108
178 6.572032 108
179 0.076736 108
180 1.475509 108
181 7.874059 108
182 7.474925 108
183 8.686106 108
184 7.177407 108
185 8.580175 108
186 8.431118 108
187 0.106573 108
188 1.621946 108
189 9.040910 108
190 7.509059 108
191 0.128886 108
192 1.930708 108
193 8.975528 108
194 9.279663 108
195 0.117165 108
196 1.650967 108
197 8.559469 108
198 7.824438 108
199 8.931840 108
200 0.125475 104
201 1.963296 104
202 2.429921 104
203 2.646491 104
204 2.573255 104
205 3.106835 104
206 2.855936 104
207 3.260491 104
208 0.095590 104
209 1.334354 104
210 4.214918 104
211 5.612547 104
212 5.064415 104
213 5.622625 104
214 5.645571 104
215 6.148902 104
216 5.970999 104
217 6.096555 104
218 6.830483 104
219 6.857149 104
220 7.237023 104
221 6.893049 104
222 6.663636 104
223 6.992202 104
224 7.360003 104
225 7.361486 104
226 7.127058 104
227 0.120775 104
228 2.156058 104
229 7.393399 104
230 7.365796 104
231 0.116602 104
232 2.117593 104
233 7.164238 104
234 6.880669 104
235 6.961999 104
236 7.672738 104
237 7.460970 104
238 7.595678 104
239 7.247115 104
240 7.434696 104
241 7.299419 104
242 6.886960 104
243 7.374273 104
244 7.529281 104
245 7.533210 104
246 7.934505 104
247 0.135311 104
248 2.090908 104
249 7.709098 104
250 0.378328 109
251 3.046494 109
252 4.077193 109
253 0.111981 109
254 1.304436 109
255 4.721190 109
256 4.943086 109
257 5.251068 109
258 5.367322 109
259 6.182187 109
260 6.460409 109
261 6.717619 109
262 6.652197 109
263 6.495819 109
264 8.219335 109
265 7.183820 109
266 7.800916 109
267 7.724980 109
268 8.022796 109
269 7.940713 109
270 7.640944 109
271 0.141553 109
272 0.125172 109
273 0.134364 109
274 0.125175 109
275 0.127228 109
276 1.947008 109
277 8.720395 109
278 8.607474 109
279 0.131458 109
280 2.925952 109
281 8.709641 109
282 8.492466 109
283 8.922205 109
284 8.932486 109
285 8.559839 109
286 9.063251 109
287 8.895130 109
288 8.909327 109
289 8.057908 109
290 8.419744 109
291 0.151873 109
292 1.872518 109
293 7.943771 109
294 8.631141 109
295 8.782473 109
296 8.850962 109
297 8.703584 109
298 8.462956 109
299 9.139367 109
300 0.395813 110
301 3.407819 110
302 3.705558 110
303 3.271552 110
304 4.161402 110
305 4.531494 110
306 4.522558 110
307 3.685636 110
308 3.970705 110
309 4.200377 110
310 5.043450 110
311 5.974318 110
312 6.476761 110
313 6.795154 110
314 6.663301 110
315 7.098232 110
316 7.410000 110
317 7.635942 110
318 8.021643 110
319 7.904594 110
320 8.163910 110
321 8.152418 110
322 8.496956 110
323 8.627536 110
324 8.084215 110
325 8.288346 110
326 8.155627 110
327 8.046170 110
328 8.753063 110
329 8.327751 110
330 8.435113 110
331 8.191059 110
332 8.492507 110
333 8.081596 109
334 7.937142 109
335 8.441069 109
336 8.570912 109
337 8.414954 109
338 0.143772 109
339 3.091258 109
340 8.595289 109
341 8.226127 109
342 8.507594 109
343 8.523705 109
344 8.307308 109
345 8.809656 109
346 8.477672 109
347 8.685490 109
348 8.573349 109
349 8.454920 109
350 0.067065 115
351 2.069042 115
352 2.899085 115
353 3.701206 115
354 3.322906 115
355 0.105175 115
356 0.078034 115
357 0.081996 115
358 0.067481 115
359 1.100892 115
360 4.041368 115
361 4.786319 115
362 0.078600 115
363 2.349846 115
364 0.091262 115
365 1.434777 115
366 0.089061 115
367 0.083101 115
368 1.516277 115
369 7.605738 115
370 0.110866 115
371 0.104076 115
372 0.110468 115
373 1.893031 115
374 0.116182 115
375 2.040751 115
376 8.039940 115
377 8.736167 115
378 0.126016 115
379 0.128619 115
380 2.040264 115
381 8.258376 115
382 8.883013 115
383 0.145552 115
384 0.145672 115
385 2.133120 115
386 8.799239 115
387 8.987237 115
388 0.176366 115
389 0.179077 115
390 0.204838 115
391 0.208120 115
392 2.307153 115
393 8.886512 115
394 0.225495 115
395 0.254505 115
396 2.528366 115
397 0.268961 115
398 0.269541 115
399 0.314445 115
400 0.523360 109
401 3.835419 109
402 4.652844 109
403 4.337728 109
404 0.117120 109
405 0.109432 109
406 0.084094 109
407 0.080063 109
408 1.283027 109
409 0.085924 109
410 0.000000 109
411 0.000000 109
412 0.000000 109
413 0.000000 109
414 0.000000 109
415 0.000000 109
416 0.000000 109
417 0.000000 109
418 0.000000 109
419 0.000000 109
420 0.000000 109
421 0.000000 109
422 0.000000 109
423 0.000000 109
424 0.000000 109
425 0.000000 109
426 0.000000 109
427 0.000000 109
428 0.000000 109
429 0.000000 109
430 0.000000 109
431 0.000000 109
432 0.000000 109
433 0.000000 109
434 0.000000 109
435 0.000000 109
436 0.000000 109
437 0.000000 109
438 0.000000 109
439 0.000000 109
440 0.000000 109
441 0.000000 109
442 0.000000 109
443 0.000000 109
444 0.000000 109
445 0.000000 109
446 0.000000 109
447 0.000000 109
448 0.000000 109
449 0.000000 109
450 0.000000 111
451 0.000000 111
452 0.000000 111
453 0.000000 111
454 0.000000 111
455 0.000000 111
456 0.000000 111
457 0.000000 111
458 0.000000 111
459 0.014666 111
460 14.125182 111
461 1.588680 111
462 5.008221 111
463 4.693401 111
464 5.089501 111
465 6.327529 111
466 1.343000 111
467 2.251441 111
468 4.931698 111
469 8.559021 111
470 1.467990 111
471 1.319013 111
472 1.170471 111
473 1.917729 111
474 2.936130 111
475 1.276284 111
476 1.245648 111
477 1.298511 111
478 1.423436 111
479 1.345952 111
480 3.845534 111
481 1.661166 111
482 0.001672 111
483 3.488133 111
484 7.134681 111
485 5.068078 111
486 3.265737 111
487 6.209999 111
488 6.892420 111
489 3.014924 111
490 4.142123 111
491 8.502052 111
492 8.426296 111
493 2.036999 111
494 3.932051 111
495 4.170577 111
496 1.431941 111
497 7.441866 111
498 5.856804 111
499 0.000000 111
500 0.000000 118
501 3.896146 118
502 13.099558 118
503 5.650959 118
504 1.349468 118
505 1.694600 118
506 1.765793 118
507 1.737084 118
508 0.757777 118
509 3.950910 118
510 19.369322 118
511 1.113816 118
512 1.949591 118
513 0.720463 118
514 0.632219 118
515 3.057476 118
516 1.553848 118
517 2.339092 118
518 3.143994 118
519 3.265449 118
520 2.962650 118
521 2.741704 118
522 4.199428 118
523 15.444857 118
524 1.900377 118
525 2.482546 118
526 5.808421 118
527 17.243831 118
528 1.460544 118
529 3.159758 118
530 0.923384 118
531 1.860591 118
532 1.594812 118
533 2.356704 118
534 5.410944 118
535 2.776840 118
536 3.967623 118
537 2.097647 118
538 2.333142 118
539 5.626627 118
540 6.122847 118
541 3.980080 118
542 2.171256 118
543 0.366627 118
544 0.684027 118
545 1.823500 118
546 0.808450 118
547 1.599824 118
548 0.767990 118
549 10.138409 118
550 10.073811 106
551 70.298354 106
552 14.314386 106
553 1.861860 106
554 1.074379 106
555 1.098839 106
556 1.206315 106
557 16.917203 106
558 1.041537 106
559 79.390966 106
560 1.074500 106
561 21.473055 106
562 5.685872 106
563 3.333527 106
564 1.318298 106
565 40.828349 106
566 1.550116 106
567 161.921527 106
568 2.399384 106
569 0.386702 106
570 0.767440 106
571 0.539097 106
572 1.118898 106
573 1.180535 106
574 1.120745 106
575 1.102783 106
576 1.117079 106
577 1.585464 106
578 1.002680 106
579 1.697987 106
580 1.484614 106
581 1.453879 106
582 1.394439 106
583 1.358750 106
584 1.495213 106
585 1.412943 106
586 0.582567 106
587 0.650193 106
588 0.626237 106
589 1.595822 106
590 0.966237 106
591 0.525838 106
592 0.000000 106
593 0.395481 106
594 0.792680 106
595 0.992289 106
596 1.000260 106
597 0.920585 106
598 0.404285 106
599 0.788481 106
600 0.448926 117
601 0.962198 117
602 0.862852 117
603 0.358841 117
604 0.779195 117
605 0.957191 117
606 0.871617 117
607 0.949361 117
608 3.024882 117
609 0.483953 117
610 0.910503 117
611 0.362061 117
612 0.782420 117
613 0.884293 117
614 0.960551 117
615 0.946260 117
616 2.350818 117
617 3.215725 117
618 0.269317 117
619 1.273865 117
620 0.899030 117
621 0.337595 117
622 22.944084 117
623 25.694738 117
624 0.000000 117
625 0.709839 117
626 0.148532 117
627 0.158280 117
628 0.159827 117
629 0.154928 117
630 0.449944 117
631 0.335604 117
632 2.758969 117
633 2.848353 117
634 0.676283 117
635 0.773457 117
636 0.560118 117
637 0.562011 117
638 0.462333 117
639 0.728041 117
640 0.539891 117
641 0.735251 117
642 0.441226 117
643 0.518651 117
644 0.278214 117
645 0.619020 117
646 0.538063 117
647 0.649865 117
648 0.536266 117
649 2.046502 117
650 0.214724 113
651 0.600214 113
652 1.507961 113
653 0.561673 113
654 0.268071 113
655 5.995967 113
656 1.029557 113
657 0.520106 113
658 0.542519 113
659 0.148867 113
660 1.007650 113
661 0.383914 113
662 0.903602 113
663 0.591432 113
664 0.617444 113
665 0.448295 113
666 0.420356 113
667 0.725107 113
668 1.531006 113
669 0.630177 113
670 1.201697 113
671 0.704356 113
672 0.454207 113
673 0.605170 113
674 0.451121 113
675 0.000000 113
676 0.000000 113
677 0.597093 113
678 2.701950 113
679 0.000000 113
680 0.326754 113
681 4.553616 113
682 1.382200 113
683 0.027099 113
684 0.527291 113
685 0.962281 113
686 0.328450 113
687 0.329009 113
688 0.552444 113
689 1.287676 113
690 0.773128 113
691 0.312667 113
692 0.270148 113
693 0.603276 113
694 0.578052 113
695 0.425271 113
696 0.556307 113
697 143.357048 113
698 0.295199 113
699 0.704895 113
700 0.603579 104
701 2.217681 104
702 0.382989 104
703 1.006605 104
704 0.584336 104
705 0.326796 104
706 0.341519 104
707 0.375518 104
708 0.325374 104
709 0.571033 104
710 0.648219 104
711 0.399625 104
712 0.735178 104
713 0.561076 104
714 13.137869 104
715 4.731785 104
716 11.377216 104
717 6.612429 104
718 0.708186 104
719 0.967647 104
720 0.361393 104
721 0.364861 104
722 0.645379 104
723 0.535693 104
724 0.557012 104
725 0.253572 104
726 0.365538 104
727 0.325846 104
728 0.391768 104
729 0.781864 104
730 1.570049 104
731 1.252691 104
732 0.725002 104
733 1.840900 104
734 0.630098 104
735 2.138209 104
736 3.286409 104
737 0.615034 104
738 44.432051 104
739 77.430342 104
740 78.764952 104
741 0.966040 104
742 2.086312 104
743 2.197382 104
744 0.000000 104
745 2.725940 104
746 1.043370 104
747 2.377521 104
748 2.863667 104
749 1.571696 104
750 8.672352 103
751 1.605584 103
752 1.075484 103
753 2.914281 103
754 1.234837 103
755 15.588613 103
756 10.300982 103
757 68.860632 103
758 1.164273 103
759 11.096452 103
760 1.125664 103
761 20.875503 103
762 0.556853 103
763 3.909699 103
764 4.827752 103
765 1.310828 103
766 0.786191 103
767 3.883957 103
768 1.464792 103
769 0.799751 103
770 4.882441 103
771 0.513681 103
772 0.305140 103
773 0.213281 103
774 0.819522 103
775 1.898990 103
776 0.000000 103
777 1.396008 103
778 0.759138 103
779 0.827788 103
780 1.874811 103
781 2.470728 103
782 5.742839 103
783 0.782322 103
784 2.099030 103
785 1.409513 103
786 3.133625 103
787 1.310791 103
788 2.823893 103
789 0.618533 103
790 0.816100 103
791 51.381562 103
792 2.065307 103
793 1.337195 103
794 1.020646 103
795 1.055539 103
796 1.042001 103
797 0.774259 103
798 0.760138 103
799 1.050890 103
800 46.528056 116
801 3.581118 116
802 1.350444 116
803 16.047657 116
804 0.824134 116
805 1.120844 116
806 16.831232 116
807 1.519214 116
808 1.508246 116
809 4.658653 116
810 7.328384 115
811 1.505921 116
812 1.261015 116
813 4.114200 116
814 2.309706 116
815 0.836461 116
816 8.868725 116
817 6.077685 116
818 4.824533 116
819 4.249012 116
820 4.288690 116
821 4.629665 116
822 1.420936 116
823 1.377995 116
824 0.051501 116
825 4.400636 116
826 1.276825 116
827 5.403696 116
828 1.762488 116
829 6.193612 116
830 17.919924 116
831 8.213852 116
832 54.696295 116
833 1.360394 116
834 1.503652 116
835 1.147859 116
836 1.152965 116
837 0.981552 116
838 1.529794 116
839 7.488960 116
840 16.607483 116
841 0.244845 116
842 2.795791 116
843 2.124035 116
844 1.475194 116
845 2.149235 116
846 172.218684 116
847 1.852039 116
848 2.254340 116
849 1.369974 116
850 33.014091 114
851 0.936275 114
852 2.357275 114
853 1.916293 114
854 1.808526 114
855 4.153511 114
856 4.274189 114
857 1.783383 114
858 4.079098 114
859 4.667863 114
860 2.824580 114
861 2.352045 114
862 0.905525 114
863 1.463096 114
864 1.176251 114
865 1.499037 114
866 0.044182 114
867 0.026430 114
868 0.023002 114
869 0.015096 114
870 0.007600 114
871 0.003775 114
872 0.000988 114
873 0.000000 114
874 0.000000 114
875 0.000000 114
876 0.000000 114
877 0.000000 114
878 0.000000 114
879 0.000000 114
880 0.000000 114
881 0.000000 114
882 0.000000 114
883 0.000000 114
884 0.000000 114
885 0.000000 114
886 0.000000 114
887 0.000000 114
888 0.000000 114
889 0.000000 114
890 0.000000 114
891 0.005700 114
892 0.169033 114
893 0.000169 114
894 0.127913 114
895 1.743894 114
896 5.716555 114
897 5.405534 114
898 2.570472 114
899 5.427093 114
900 1.799679 109
901 0.466765 109
902 10.710398 109
903 22.454991 109
904 21.383970 109
905 6.493259 109
906 3.053728 109
907 3.073113 109
908 7.502821 109
909 3.194460 109
910 3.209896 109
911 7.417435 109
912 3.118366 109
913 3.197290 109
914 1.330717 109
915 3.252212 109
916 2.446969 109
917 0.000000 109
918 0.000000 109
919 0.000000 109
920 0.000000 109
921 0.000000 109
922 0.000000 109
923 0.000000 109
924 0.000000 109
925 0.000000 109
926 0.000000 109
927 0.000000 109
928 0.000000 109
929 0.000000 109
930 0.000000 109
931 3.371444 109
932 4.351152 109
933 2.985830 109
934 4.926595 109
935 6.154046 109
936 13.406017 109
937 5.057305 109
938 4.484883 109
939 1.204976 109
940 4.042706 109
941 3.937246 109
942 3.986037 109
943 4.458589 109
944 2.129233 109
945 1.326348 109
946 1.792010 109
947 2.565835 109
948 2.337770 109
949 5.383691 108
950 2.189830 109
951 38.197338 109
952 1.754101 108
953 2.040955 108
954 1.670961 108
955 2.741487 108
956 1.348655 108
957 3.239754 108
958 4.627202 108
959 4.008388 108
960 1.497444 108
961 4.300701 108
962 3.300725 108
963 4.526681 108
964 1.354563 108
965 2.474652 108
966 3.918180 108
967 22.054628 108
968 31.376363 108
969 30.410886 108
970 31.467336 108
971 31.427777 108
972 1.828972 108
973 1.899712 108
974 2.384689 108
975 4.043506 108
976 1.207969 108
977 1.054777 108
978 2.201560 108
979 1.146873 108
980 1.175883 108
981 14.770672 108
982 1.590870 108
983 1.878663 108
984 2.180723 108
985 8.329297 108
986 1.332474 108
987 4.124626 108
988 1.667725 108
989 0.000000 108
990 2.053314 108
991 1.356587 108
992 1.749348 108
993 2.123873 108
994 0.905200 108
995 0.863178 108
996 1.511493 108
997 2.741207 108
998 3.313550 108
999 0.628108 108
1000 1.321708 88
1001 1.588907 88
1002 0.776540 88
1003 2.275676 88
1004 1.080126 88
1005 1.094868 88
1006 4.643842 88
1007 0.513003 88
1008 0.936611 88
1009 1.253404 88
1010 1.396834 88
1011 1.114980 88
1012 5.703988 88
1013 14.646213 88
1014 1.704316 88
1015 1.345699 88
1016 4.325471 88
1017 6.869537 88
1018 6.118846 88
1019 6.019374 88
1020 6.455986 88
1021 6.265743 88
1022 6.374717 88
1023 5.739682 88
1024 6.623893 88
1025 7.082170 88
1026 6.347415 88
1027 6.150065 88
1028 6.905183 88
1029 6.237873 88
1030 6.738569 88
1031 5.877896 88
1032 1.634759 88
1033 3.417050 88
1034 3.555476 88
1035 1.748891 88
1036 4.320979 88
1037 1.779386 88
1038 3.898596 88
1039 2.958329 88
1040 2.009852 88
1041 4.256471 88
1042 2.479371 88
1043 0.313891 88
1044 3.884562 88
1045 4.368768 88
1046 1.267939 88
1047 2.343690 88
1048 2.622957 88
1049 5.813745 88
1050 10.084845 107
1051 11.879629 107
1052 11.075877 107
1053 2.073002 107
1054 4.411923 107
1055 2.293058 107
1056 5.177701 107
1057 5.360689 107
1058 2.487412 107
1059 6.485727 107
1060 6.327464 107
1061 26.385099 107
1062 92.830158 107
1063 120.857114 107
1064 161.595163 107
1065 56.844486 107
1066 227.464517 107
1067 46.821995 107
1068 131.489363 107
1069 75.125301 107
1070 75.183264 107
1071 155.032177 107
1072 87.634761 107
1073 139.453330 107
1074 41.523768 107
1075 63.479860 107
1076 117.001362 107
1077 91.721159 107
1078 162.959935 107
1079 213.254072 107
1080 71.612794 107
1081 71.445883 107
1082 168.671566 107
1083 134.774484 107
1084 124.329905 107
1085 42.589609 107
1086 87.279949 107
1087 0.601026 107
1088 1.185438 107
1089 1.011500 107
1090 0.625974 107
1091 1.327166 107
1092 0.827635 107
1093 0.665574 107
1094 2.168614 107
1095 1.089681 107
1096 2.739950 107
1097 4.255547 107
1098 4.212686 107
1099 6.869731 107
1100 2.273900 122
1101 1.756887 122
1102 256.973023 122
1103 0.875486 122
1104 0.848205 122
1105 0.878086 122
1106 0.929795 122
1107 0.866758 122
1108 1.940485 122
1109 5.064144 122
1110 6.737477 122
1111 4.941847 122
1112 0.064192 122
1113 22.374041 122
1114 1.072312 122
1115 1.017160 122
1116 0.984241 122
1117 2.531970 122
1118 2.205861 122
1119 1.676829 122
1120 2.917366 122
1121 3.049312 122
1122 0.362394 122
1123 1.140674 122
1124 1.208750 122
1125 0.453007 122
1126 2.581333 122
1127 5.340211 122
1128 5.099269 122
1129 2.092010 122
1130 1.919725 122
1131 3.038063 122
1132 1.322176 122
1133 2.276492 122
1134 2.997844 122
1135 9.154902 122
1136 60.812715 122
1137 1.817995 122
1138 5.904259 122
1139 0.304986 122
1140 0.905353 122
1141 0.761355 122
1142 0.000000 122
1143 0.464766 122
1144 0.602999 122
1145 4.942302 122
1146 9.201775 122
1147 60.916080 122
1148 6.273668 122
1149 2.767357 122
1150 2.109234 111
1151 5.280881 111
1152 4.871088 109
1153 2.061506 111
1154 2.624652 111
1155 2.656122 111
1156 1.876403 111
1157 4.387021 111
1158 1.286458 111
1159 2.956971 111
1160 13.104867 111
1161 45.653298 111
1162 5.470139 111
1163 21.746405 111
1164 6.521705 111
1165 3.093901 111
1166 1.899755 111
1167 0.529644 111
1168 1.538309 111
1169 6.100361 111
1170 0.457261 111
1171 1.239597 111
1172 0.626429 111
1173 0.998155 111
1174 0.634912 111
1175 0.955994 111
1176 0.527546 111
1177 1.277024 111
1178 0.644838 111
1179 0.986752 111
1180 0.627821 111
1181 0.953205 111
1182 1.731266 111
1183 1.185541 111
1184 6.076559 111
1185 16.244427 111
1186 0.766836 111
1187 1.737746 111
1188 0.042718 111
1189 0.074115 111
1190 7.436012 111
1191 9.064105 111
1192 42.637658 111
1193 1.892906 111
1194 3.663170 111
1195 3.342649 111
1196 7.357130 111
1197 4.509399 111
1198 3.008725 111
1199 4.166545 111
1200 15.329938 113
1201 46.107052 113
1202 1.333183 113
1203 6.143277 113
1204 0.000000 113
1205 3.154067 113
1206 10.471895 113
1207 5.536011 113
1208 0.616074 113
1209 3.056025 113
1210 0.341961 113
1211 34.197162 113
1212 19.052995 113
1213 7.734073 113
1214 5.328813 113
1215 0.391167 113
1216 1.188180 113
1217 1.369683 113
1218 4.331474 113
1219 1.679252 113
1220 1.182925 113
1221 1.779550 113
1222 1.579417 113
1223 2.097207 113
1224 8.643314 113
1225 1.935411 113
1226 1.618364 113
1227 26.226013 113
1228 2.524496 113
1229 2.568685 113
1230 37.291988 113
1231 1.782610 113
1232 4.164694 113
1233 2.137942 113
1234 4.892877 113
1235 34.308062 113
1236 0.544960 113
1237 1.050426 113
1238 3.049442 113
1239 1.235890 113
1240 2.377979 113
1241 5.469876 113
1242 1.505807 113
1243 0.000000 113
1244 2.512350 113
1245 8.267446 113
1246 58.463052 113
1247 1.236588 113
1248 0.503192 113
1249 0.659108 113
1250 24.951725 115
1251 2.277370 115
1252 3.490230 115
1253 4.815617 115
1254 16.532936 115
1255 4.066080 115
1256 1.152076 115
1257 7.401499 115
1258 2.257224 115
1259 0.536254 115
1260 3.174432 115
1261 1.358271 115
1262 4.692211 115
1263 5.693685 115
1264 0.932983 115
1265 0.768607 115
1266 2.413846 115
1267 1.653673 115
1268 15.757373 115
1269 2.264060 115
1270 3.211241 115
1271 5.392147 115
1272 5.705233 115
1273 5.366493 115
1274 5.520943 114
1275 5.533754 114
1276 5.529830 114
1277 4.545265 114
1278 1.472350 114
1279 0.466298 114
1280 0.546275 114
1281 0.748551 114
1282 0.000000 114
1283 0.569622 114
1284 0.624325 114
1285 7.121786 114
1286 4.409982 114
1287 15.679143 114
1288 2.078200 114
1289 4.281772 114
1290 0.166945 114
1291 17.757708 114
1292 17.654642 114
1293 1.777846 114
1294 1.952649 114
1295 13.933134 114
1296 2.053075 114
1297 1.721803 114
1298 446.818348 114
1299 0.000000 114
1300 0.442690 111
1301 0.966061 111
1302 0.931597 111
1303 0.184734 111
1304 0.834309 111
1305 0.366334 111
1306 3.250289 111
1307 0.660024 111
1308 1.615134 111
1309 1.767175 111
1310 1.154855 111
1311 2.380404 111
1312 2.568379 111
1313 2.148468 111
1314 8.285815 111
1315 1.010436 111
1316 2.175974 111
1317 1.392067 111
1318 0.946269 111
1319 2.192205 111
1320 1.024895 111
1321 2.693479 111
1322 0.354546 111
1323 1.154663 111
1324 1.240736 111
1325 1.359077 111
1326 1.400756 111
1327 0.444680 111
1328 2.118143 111
1329 0.141960 111
1330 29.360017 111
1331 1.198591 111
1332 2.182505 111
1333 0.983462 111
1334 1.139494 111
1335 1.379342 111
1336 1.498537 111
1337 1.814804 111
1338 1.932379 111
1339 2.057363 111
1340 1.903616 111
1341 2.024795 111
1342 2.277509 111
1343 2.159748 111
1344 2.350259 111
1345 2.341724 111
1346 2.009157 111
1347 2.284487 111
1348 2.573252 111
1349 2.612755 111
1350 0.957653 100
1351 1.684787 100
1352 1.630646 100
1353 1.719492 100
1354 1.670889 100
1355 1.758407 100
1356 1.971822 100
1357 1.873470 100
1358 1.731966 100
1359 1.767946 100
1360 1.934531 100
1361 2.066756 100
1362 1.968642 100
1363 1.855130 100
1364 2.998481 100
1365 2.202901 100
1366 1.992420 100
1367 2.085990 100
1368 1.953729 100
1369 2.198292 100
1370 1.839326 100
1371 2.145308 100
1372 2.365253 100
1373 2.225373 100
1374 2.424480 100
1375 2.389847 100
1376 2.269813 100
1377 2.384995 100
1378 2.503982 100
1379 2.227741 100
1380 2.229610 100
1381 2.428981 100
1382 2.349841 100
1383 2.250912 100
1384 2.415133 100
1385 2.455611 100
1386 19.095285 100
1387 85.149435 100
1388 54.006432 100
1389 48.697419 100
1390 51.939828 100
1391 101.085754 100
1392 120.444548 100
1393 271.304656 100
1394 110.576019 100
1395 135.601571 100
1396 29.661339 100
1397 69.268222 100
1398 48.852595 100
1399 108.685564 100
1400 16.527429 100
1401 74.748679 100
1402 39.963871 100
1403 46.300244 100
1404 58.895619 100
1405 98.790645 100
1406 49.344541 100
1407 203.072584 100
1408 42.922756 100
1409 62.343178 100
1410 81.462735 100
1411 95.004498 100
1412 46.247027 100
1413 113.472727 100
1414 113.028137 100
1415 45.926522 100
1416 97.789583 100
1417 14.631232 100
1418 69.037137 100
1419 81.664844 100
1420 116.909750 100
1421 46.688078 100
1422 46.749656 100
1423 27.460699 100
1424 224.558796 100
1425 98.167326 100
1426 48.596660 100
1427 104.441126 100
1428 56.625569 100
1429 109.671917 100
1430 65.342420 100
1431 53.364748 100
1432 119.250403 100
1433 1.040461 100
1434 3.233582 100
1435 0.019629 100
1436 0.356557 100
1437 0.011990 100
1438 0.011217 100
1439 0.006889 100
1440 0.195285 100
1441 3.912168 100
1442 3.222706 100
1443 0.340472 100
1444 1.348674 100
1445 2.561701 100
1446 22.436607 100
1447 1.464375 100
1448 1.394742 100
1449 2.087247 100
1450 1.840309 93
1451 2.773604 93
1452 3.306791 93
1453 3.333572 93
1454 0.003514 93
1455 3.029977 93
1456 2.912435 93
1457 0.406957 93
1458 0.430128 93
1459 2.199483 93
1460 1.734745 93
1461 3.021545 93
1462 1.590775 93
1463 3.829299 93
1464 2.604921 93
1465 0.930567 93
1466 2.033707 93
1467 2.065749 93
1468 1.825999 93
1469 1.864056 93
1470 1.325593 93
1471 1.988875 93
1472 4.443836 93
1473 7.208348 93
1474 2.410176 93
1475 4.381261 93
1476 1.762260 93
1477 3.949896 93
1478 1.202089 93
1479 1.553668 93
1480 0.943984 93
1481 0.770266 93
1482 4.864520 93
1483 0.867222 93
1484 1.531467 93
1485 0.800061 93
1486 5.389472 93
1487 2.567536 93
1488 0.702736 93
1489 2.871762 93
1490 0.909439 93
1491 2.342525 93
1492 4.090185 93
1493 1.591814 93
1494 2.692949 93
1495 28.884644 93
1496 1.807234 93
1497 1.033963 93
1498 1.190627 93
1499 0.950680 93
1500 0.527277 110
1501 1.241059 110
1502 4.683428 110
1503 1.586813 110
1504 1.449038 110
1505 1.390602 110
1506 1.500289 110
1507 1.363785 110
1508 1.417535 110
1509 1.219492 110
1510 1.617327 110
1511 0.435951 110
1512 0.648039 110
1513 1.154325 110
1514 1.791122 110
1515 1.362831 110
1516 1.822827 110
1517 0.607363 110
1518 0.575308 110
1519 11.262154 110
1520 45.024935 110
1521 0.385064 110
1522 1.104778 110
1523 0.670568 110
1524 2.783681 110
1525 1.311720 110
1526 3.065315 110
1527 2.770645 110
1528 0.000000 110
1529 0.000000 110
1530 0.000000 110
1531 0.000000 110
1532 1.337332 110
1533 2.136151 110
1534 2.525256 110
1535 2.208610 110
1536 122.566893 110
1537 0.981995 110
1538 0.970745 110
1539 0.839492 110
1540 0.976337 110
1541 1.016558 110
1542 1.007477 110
1543 1.010850 110
1544 1.002709 110
1545 1.161132 110
1546 1.628171 110
1547 0.000000 110
1548 1.165277 110
1549 2.496261 110
1550 1.812350 121
1551 0.973834 121
1552 0.716068 121
1553 2.383776 121
1554 5.381268 121
1555 0.655440 121
1556 3.325064 121
1557 0.797829 121
1558 1.794939 121
1559 1.634686 121
1560 1.276187 121
1561 1.664505 121
1562 1.321969 121
1563 0.577661 121
1564 1.452927 121
1565 2.999549 121
1566 2.748226 121
1567 3.242336 121
1568 0.765707 121
1569 0.604168 121
1570 0.056650 121
1571 1.881923 121
1572 0.880284 121
1573 1.891471 121
1574 1.385744 121
1575 0.284929 121
1576 10.602624 121
1577 0.886308 121
1578 1.115300 121
1579 1.316465 121
1580 1.712185 121
1581 3.025877 121
1582 2.905043 121
1583 3.030272 121
1584 7.837877 121
1585 8.819452 121
1586 2.352754 121
1587 3.370772 121
1588 0.344311 121
1589 2.365028 121
1590 2.779128 121
1591 2.210596 121
1592 2.037308 121
1593 2.765476 121
1594 1.765691 121
1595 0.122868 121
1596 3.016613 121
1597 2.616085 121
1598 2.437950 121
1599 4.701410 121
1600 2.218218 114
1601 1.940530 114
1602 3.814464 114
1603 3.801952 114
1604 4.230897 114
1605 1.355492 114
1606 3.797717 114
1607 3.576239 114
1608 1.294143 114
1609 3.832945 114
1610 3.715862 114
1611 1.814990 114
1612 4.097745 114
1613 1.802370 114
1614 4.749573 114
1615 2.206542 114
1616 4.281217 114
1617 4.800881 114
1618 4.702476 114
1619 5.054596 114
1620 0.942264 114
1621 11.077252 114
1622 1.710200 114
1623 1.376367 114
1624 1.307911 114
1625 2.151219 114
1626 1.392397 114
1627 2.179834 114
1628 1.441829 114
1629 2.309230 114
1630 27.888062 114
1631 91.454951 114
1632 2.327670 114
1633 1.151935 114
1634 33.536944 114
1635 0.929135 114
1636 0.000818 114
1637 0.000000 114
1638 0.000000 114
1639 6.265531 114
1640 1.083539 114
1641 1.035359 114
1642 2.614415 114
1643 5.753321 114
1644 3.369277 114
1645 7.360473 114
1646 1.496323 114
1647 3.237151 114
1648 0.565272 114
1649 1.467340 114
1650 1.858297 104
1651 2.699694 104
1652 2.354698 104
1653 1.186490 104
1654 48.429280 104
1655 15.840696 104
1656 1.945114 104
1657 1.715713 104
1658 1.440716 104
1659 1.272505 104
1660 1.656319 104
1661 2.883437 104
1662 2.036341 104
1663 2.400352 104
1664 0.260978 104
1665 1.562498 104
1666 1.656654 104
1667 0.758882 104
1668 1.302532 104
1669 1.584403 104
1670 0.691675 104
1671 1.450963 104
1672 0.040661 104
1673 0.026875 104
1674 0.028997 104
1675 0.026123 104
1676 0.020857 104
1677 0.012376 104
1678 0.020797 104
1679 0.218650 104
1680 0.027662 104
1681 0.344212 104
1682 1.793594 104
1683 4.476452 104
1684 4.433375 104
1685 0.499042 104
1686 0.695150 104
1687 3.823740 104
1688 2.037129 104
1689 0.907265 104
1690 109.432271 104
1691 2.227447 104
1692 100.646201 104
1693 0.592024 104
1694 1.623204 104
1695 3.831731 104
1696 1.669850 104
1697 3.711129 104
1698 1.360359 104
1699 3.488236 104
1700 1.301207 98
1701 2.734474 98
1702 2.556496 98
1703 0.718213 98
1704 0.792436 98
1705 2.206622 98
1706 4.648738 96
1707 6.094455 98
1708 3.958451 98
1709 3.854019 98
1710 11.261464 98
1711 34.450609 98
1712 31.527726 98
1713 31.475222 98
1714 1.037037 98
1715 1.415397 98
1716 0.775672 98
1717 2.118290 98
1718 10.019640 98
1719 1.118210 98
1720 0.871462 98
1721 0.881076 98
1722 1.162388 98
1723 4.260661 98
1724 1.215304 98
1725 0.841766 98
1726 48.423053 98
1727 10.810082 98
1728 18.169379 98
1729 0.656736 98
1730 0.808038 98
1731 1.597664 98
1732 3.512407 98
1733 26.698905 98
1734 1.327294 98
1735 1.240167 98
1736 1.242285 98
1737 2.010028 98
1738 1.600733 98
1739 0.160571 98
1740 1.461629 98
1741 0.003686 98
1742 148.477213 98
1743 3.680748 98
1744 2.368147 98
1745 1.655720 98
1746 1.130247 98
1747 30.524158 98
1748 0.355598 98
1749 7.494980 98
1750 3.203553 123
1751 2.548739 123
1752 0.864317 123
1753 1.654024 123
1754 3.554435 123
1755 3.706148 123
1756 19.733106 123
1757 1.130054 123
1758 1.013855 123
1759 30.702279 123
1760 1.565417 123
1761 2.120851 123
1762 2.122106 123
1763 2.607217 123
1764 2.531472 123
1765 1.879654 123
1766 2.798617 123
1767 2.208858 123
1768 2.617196 123
1769 0.000000 123
1770 0.000000 123
1771 0.589810 123
1772 1.237770 123
1773 4.868256 123
1774 0.237779 123
1775 3.608884 123
1776 0.733383 123
1777 1.089653 123
1778 1.031488 123
1779 1.707195 123
1780 1.110710 123
1781 5.289532 123
1782 5.182810 123
1783 20.938828 123
1784 12.809446 123
1785 0.475917 123
1786 0.989051 123
1787 0.000000 123
1788 1.183209 123
1789 1.388771 123
1790 2.249699 123
1791 0.056492 123
1792 1.756157 123
1793 3.412709 123
1794 3.690699 123
1795 0.847006 123
1796 0.839562 123
1797 1.902338 123
1798 0.607827 123
1799 0.846552 123
1800 0.409152 118
1801 2.525095 118
1802 0.543944 118
1803 0.740593 118
1804 1.686270 118
1805 0.731323 118
1806 0.701043 118
1807 0.000000 118
1808 1.602350 118
1809 1.911474 118
1810 0.596300 118
1811 0.049722 118
1812 0.463644 118
1813 2.326529 118
1814 3.059908 118
1815 3.070948 118
1816 12.651820 118
1817 1.167937 118
1818 1.047620 118
1819 1.074758 118
1820 1.274512 118
1821 148.342320 118
1822 190.186031 118
1823 1.872891 118
1824 2.264819 118
1825 0.950104 118
1826 1.103442 118
1827 5.558703 118
1828 5.879891 118
1829 6.297189 118
1830 1.171847 118
1831 22.290900 118
1832 87.744484 118
1833 1.447646 118
1834 15.868583 118
1835 1.276797 118
1836 14.017763 118
1837 1.135900 118
1838 0.793974 118
1839 2.119781 118
1840 1.042892 118
1841 5.371903 118
1842 14.942936 118
1843 7.327803 118
1844 2.118965 118
1845 1.393483 118
1846 1.151693 118
1847 0.739268 118
1848 0.769037 118
1849 0.711551 118
1850 1.019690 112
1851 10.159311 112
1852 0.597166 112
1853 0.680591 112
1854 1.560287 112
1855 1.692874 112
1856 0.447727 112
1857 0.634153 112
1858 1.452216 112
1859 1.539315 112
1860 1.067938 112
1861 0.943373 112
1862 107.530171 112
1863 0.366647 112
1864 1.364180 112
1865 1.550919 112
1866 0.620256 112
1867 1.269143 112
1868 0.351703 112
1869 0.362679 112
1870 0.791632 112
1871 1.256514 112
1872 0.017691 112
1873 0.009736 112
1874 0.015753 112
1875 0.771007 112
1876 0.896539 112
1877 1.831815 112
1878 15.891829 112
1879 3.446527 112
1880 5.426879 112
1881 3.226964 112
1882 41.475664 112
1883 3.059792 112
1884 15.836748 112
1885 3.338974 112
1886 3.337063 112
1887 82.123465 112
1888 7.982091 112
1889 17.812069 112
1890 4.575161 112
1891 1.690838 112
1892 1.753289 112
1893 1.371802 112
1894 0.632860 112
1895 1.235051 112
1896 1.202791 112
1897 0.687833 112
1898 0.841817 112
1899 2.108377 112
1900 0.103836 111
1901 7.151323 111
1902 0.550236 111
1903 0.295883 111
1904 0.420677 111
1905 0.147553 111
1906 0.114213 111
1907 0.079917 111
1908 0.063337 111
1909 0.044126 111
1910 0.036200 111
1911 0.023259 111
1912 3.323481 111
1913 7.084513 111
1914 7.253937 111
1915 7.161165 111
1916 7.095155 111
1917 7.064582 111
1918 7.012519 111
1919 6.997502 111
1920 6.914639 111
1921 7.118721 111
1922 7.013417 111
1923 7.171946 111
1924 6.957363 111
1925 6.688823 111
1926 6.836478 111
1927 6.698917 111
1928 6.980764 111
1929 6.782967 111
1930 7.005694 111
1931 6.759952 111
1932 6.537201 110
1933 6.632704 111
1934 6.809594 111
1935 6.984559 111
1936 1.703899 111
1937 3.706395 111
1938 3.002350 111
1939 1.586516 111
1940 3.564630 111
1941 3.434904 111
1942 0.282137 111
1943 0.973984 111
1944 2.190127 111
1945 1.419532 111
1946 2.167753 111
1947 2.608888 111
1948 6.451035 108
1949 2.237701 111
1950 2.276650 106
1951 0.533220 106
1952 1.180955 106
1953 1.918857 106
1954 1.424331 106
1955 3.879523 106
1956 1.391096 106
1957 12.056125 106
1958 0.985870 106
1959 2.405975 106
1960 4.101213 106
1961 1.411296 106
1962 0.000000 106
1963 0.000000 106
1964 1.233398 106
1965 25.898795 106
1966 1.402299 106
1967 0.516735 106
1968 1.786856 106
1969 1.404857 106
1970 0.611877 106
1971 0.000000 106
1972 0.688285 106
1973 1.183753 106
1974 1.162695 106
1975 1.298728 106
1976 1.818879 106
1977 1.998541 106
1978 1.857198 106
1979 0.575611 106
1980 21.106969 106
1981 1.701069 106
1982 3.760121 106
1983 3.512344 106
1984 3.785455 106
1985 11.552848 106
1986 10.813450 106
1987 11.290301 106
1988 1.318470 106
1989 3.284297 106
1990 1.224269 106
1991 3.449914 106
1992 2.110449 106
1993 3.108864 106
1994 1.788454 106
1995 3.493834 106
1996 3.689143 106
1997 95.873298 106
1998 124.824471 106
1999 122.666077 106
2000 69.268186 118
2001 88.874562 118
2002 78.377612 118
2003 85.072190 118
2004 5.077817 118
2005 5.899667 118
2006 6.430956 118
2007 1.015680 118
2008 1.601476 118
2009 1.681548 118
2010 62.914383 118
2011 1.171440 118
2012 2.443188 118
2013 14.285314 118
2014 0.000000 118
2015 2.179284 118
2016 1.056709 118
2017 1.056903 118
2018 1.196941 118
2019 1.063021 118
2020 3.292878 118
2021 1.304730 118
2022 1.868727 118
2023 1.201834 118
2024 11.471970 118
2025 5.225190 118
2026 1.600492 118
2027 1.223676 118
2028 1.365781 118
2029 1.933451 118
2030 1.670245 118
2031 1.439976 118
2032 1.512908 118
2033 1.746101 118
2034 14.121115 118
2035 1.892740 118
2036 1.101641 118
2037 248.649688 118
2038 1.950906 118
2039 1.688098 118
2040 1.160208 118
2041 1.236368 118
2042 1.196192 118
2043 8.562723 118
2044 10.653652 118
2045 1.946450 118
2046 4.561440 118
2047 4.581473 118
2048 4.272940 118
2049 3.078136 118
2050 2.560546 121
2051 6.400223 121
2052 6.146666 121
2053 1.101922 121
2054 2.741861 121
2055 2.615261 121
2056 1.836278 121
2057 54.947866 121
2058 5.333201 121
2059 5.668694 121
2060 5.576158 121
2061 6.281401 121
2062 3.026111 121
2063 1.654528 121
2064 0.268741 121
2065 3.454972 121
2066 1.670050 121
2067 0.287412 121
2068 2.640609 121
2069 0.760329 121
2070 25.847194 121
2071 27.126890 121
2072 8.844342 121
2073 0.891992 121
2074 3.580529 121
2075 30.845017 121
2076 1.568238 121
2077 3.156707 121
2078 0.426529 121
2079 1.303631 121
2080 12.507786 121
2081 1.195391 121
2082 2.844620 121
2083 0.219482 121
2084 0.511398 121
2085 0.531651 121
2086 0.519855 121
2087 0.565269 121
2088 0.531831 121
2089 0.590135 121
2090 1.423606 121
2091 0.964149 121
2092 0.275243 121
2093 0.429763 121
2094 0.425727 121
2095 0.456487 121
2096 0.028360 121
2097 0.175583 121
2098 0.265908 121
2099 0.521513 121
2100 0.591574 110
2101 0.865254 110
2102 0.015824 110
2103 22.881264 110
2104 25.450350 110
2105 1.004315 110
2106 0.574045 110
2107 0.265160 110
2108 0.854169 110
2109 1.257112 110
2110 2.723373 110
2111 0.695102 110
2112 1.115253 110
2113 13.984305 110
2114 59.140641 110
2115 107.735836 110
2116 97.235603 110
2117 23.112103 110
2118 49.755785 110
2119 49.422395 110
2120 39.535066 110
2121 41.078100 110
2122 86.207747 110
2123 38.635530 110
2124 252.364150 110
2125 2.037333 110
2126 26.494228 110
2127 14.445118 110
2128 1.447025 110
2129 1.464743 110
2130 1.504399 110
2131 1.312491 110
2132 2.149841 110
2133 1.290026 110
2134 2.107848 110
2135 2.160079 110
2136 16.524805 110
2137 9.151823 110
2138 1.257476 110
2139 0.916142 110
2140 1.101863 110
2141 4.994814 110
2142 1.796709 110
2143 2.028474 110
2144 6.418610 110
2145 16.047319 110
2146 61.048816 110
2147 12.897545 110
2148 1.901665 110
2149 0.951996 110
2150 14.003446 106
2151 5.218599 106
2152 0.654144 106
2153 1.323025 106
2154 1.308938 106
2155 0.904833 106
2156 6.357180 106
2157 12.078164 106
2158 6.062169 106
2159 7.738338 106
2160 0.001989 106
2161 0.225303 106
2162 0.240399 106
2163 0.243591 106
2164 0.235087 106
2165 0.215421 106
2166 0.235745 106
2167 0.275485 106
2168 0.425534 106
2169 0.285492 106
2170 0.343311 106
2171 0.412892 106
2172 0.270710 106
2173 0.318344 106
2174 0.378356 106
2175 0.430544 106
2176 0.258565 106
2177 0.496621 106
2178 0.465637 106
2179 0.400919 106
2180 0.495429 106
2181 0.480320 106
2182 0.420710 106
2183 0.479967 106
2184 0.508530 106
2185 0.571714 106
2186 0.554148 106
2187 0.664879 106
2188 0.602058 106
2189 0.519325 106
2190 0.590264 106
2191 0.789510 106
2192 0.734924 106
2193 0.741456 106
2194 0.739991 106
2195 0.793566 106
2196 0.928504 106
2197 0.849770 106
2198 0.956908 106
2199 0.974903 106
2200 0.892818 105
2201 0.869837 105
2202 0.966359 105
2203 0.733103 105
2204 0.831698 105
2205 1.283389 105
2206 0.925539 105
2207 0.589658 105
2208 0.599952 105
2209 0.696679 105
2210 0.598008 105
2211 0.702429 105
2212 0.860248 105
2213 0.671444 105
2214 0.950773 105
2215 0.722947 105
2216 0.638223 105
2217 0.655962 105
2218 0.511985 105
2219 0.623055 105
2220 0.717311 105
2221 0.617693 105
2222 0.613980 105
2223 0.681455 105
2224 0.668119 105
2225 1.031330 105
2226 0.637405 105
2227 0.765760 105
2228 0.935622 105
2229 0.764464 105
2230 0.779856 105
2231 0.643373 105
2232 0.786598 105
2233 0.643165 105
2234 0.752670 105
2235 0.924133 105
2236 0.868473 105
2237 1.386189 105
2238 0.956121 105
2239 1.083795 105
2240 0.757214 105
2241 0.953773 105
2242 1.066797 105
2243 0.902151 105
2244 1.025137 105
2245 1.008563 105
2246 1.566744 105
2247 1.259015 105
2248 1.101228 105
2249 1.137011 105
2250 0.600060 105
2251 0.743506 105
2252 0.762180 105
2253 0.639641 105
2254 0.759390 105
2255 0.707773 105
2256 0.584427 105
2257 0.608168 105
2258 0.668186 105
2259 0.570121 105
2260 0.685125 105
2261 0.786223 105
2262 0.541154 105
2263 0.548956 105
2264 0.561533 105
2265 0.569591 105
2266 0.537906 105
2267 0.704141 105
2268 0.552193 105
2269 0.657000 104
2270 0.750802 104
2271 0.708986 104
2272 0.749466 104
2273 0.683332 104
2274 0.598572 104
2275 0.722765 104
2276 0.624424 104
2277 0.653300 104
2278 0.604606 104
2279 0.740422 104
2280 0.617446 104
2281 0.907089 104
2282 0.970921 104
2283 0.919654 104
2284 0.822611 104
2285 0.723887 104
2286 0.732171 104
2287 0.795332 104
2288 0.790923 104
2289 0.745137 104
2290 0.968266 104
2291 0.959868 104
2292 1.063881 104
2293 0.886397 104
2294 1.230003 104
2295 0.977019 104
2296 1.022450 104
2297 1.168570 104
2298 1.214370 104
2299 1.238696 104
2300 0.733357 102
2301 0.896910 102
2302 0.921729 102
2303 0.816267 102
2304 0.812459 102
2305 0.735096 102
2306 0.668660 102
2307 0.595790 102
2308 0.562236 102
2309 0.585830 102
2310 0.746770 102
2311 0.619858 102
2312 0.631588 102
2313 0.732819 102
2314 0.583972 102
2315 0.497210 102
2316 0.469929 102
2317 0.456817 102
2318 0.516341 102
2319 0.545970 102
2320 0.544422 102
2321 0.579841 102
2322 0.529023 102
2323 0.558044 102
2324 0.657257 102
2325 0.719055 102
2326 0.695093 102
2327 0.817241 102
2328 0.781550 102
2329 0.702873 102
2330 0.884386 102
2331 0.795947 102
2332 0.601898 102
2333 0.829020 102
2334 0.767950 102
2335 0.923265 102
2336 0.679656 102
2337 0.940271 102
2338 0.811332 102
2339 0.793292 102
2340 0.917736 102
2341 0.960294 102
2342 0.771598 102
2343 0.891814 102
2344 0.932764 102
2345 1.099245 102
2346 1.157539 102
2347 1.266898 102
2348 1.152811 102
2349 1.633813 102
2350 0.794125 87
2351 1.917489 87
2352 1.542480 87
2353 18.830776 87
2354 3.641764 87
2355 3.274628 87
2356 25.229421 87
2357 97.242512 87
2358 78.489137 87
2359 149.723367 87
2360 41.729345 87
2361 109.138598 87
2362 149.267088 87
2363 84.506228 87
2364 70.178944 87
2365 69.059805 87
2366 172.694693 87
2367 129.971084 87
2368 206.544755 87
2369 36.061568 87
2370 197.157937 87
2371 122.417262 87
2372 33.736438 87
2373 144.997442 87
2374 77.588430 87
2375 202.349737 87
2376 83.413110 87
2377 129.081671 87
2378 69.693727 87
2379 159.628003 87
2380 43.325584 87
2381 140.422626 87
2382 47.696603 87
2383 2.327274 87
2384 5.422832 87
2385 4.938384 87
2386 2.411410 87
2387 5.515302 87
2388 5.573501 87
2389 29.342560 87
2390 4.280144 87
2391 4.308269 87
2392 1.397217 87
2393 3.626444 87
2394 3.195109 87
2395 2.005473 87
2396 3.349457 87
2397 4.151471 87
2398 1.711179 87
2399 4.313607 87
2400 2.161786 119
2401 5.206317 119
2402 4.554784 119
2403 5.469489 119
2404 5.221743 119
2405 5.180209 119
2406 4.978147 119
2407 4.846670 119
2408 5.643970 119
2409 5.730912 119
2410 1.127328 119
2411 0.011391 119
2412 1.522842 119
2413 2.639355 119
2414 1.230750 119
2415 2.546358 119
2416 1.950444 119
2417 3.454273 119
2418 4.140765 119
2419 4.697418 119
2420 2.202212 119
2421 0.425399 119
2422 2.024951 119
2423 0.769886 119
2424 0.933876 119
2425 2.116340 119
2426 3.576918 119
2427 1.799222 119
2428 1.659357 119
2429 2.353634 119
2430 1.431278 119
2431 0.000000 119
2432 1.001516 119
2433 0.833279 119
2434 2.298162 119
2435 17.037649 119
2436 3.300895 119
2437 1.714194 119
2438 1.479947 119
2439 2.687459 119
2440 3.084465 119
2441 0.027378 119
2442 0.028832 119
2443 0.030442 119
2444 2.296542 119
2445 5.754084 119
2446 13.561305 119
2447 279.475111 119
2448 3.885793 119
2449 3.463420 119
2450 0.329485 116
2451 0.507266 116
2452 0.537170 116
2453 1.057428 116
2454 3.557332 116
2455 64.784109 116
2456 135.457805 116
2457 0.104072 116
2458 1.173641 116
2459 3.455895 116
2460 0.977466 116
2461 10.003193 116
2462 16.419994 116
2463 4.593147 116
2464 2.695982 116
2465 4.512437 116
2466 1.852698 116
2467 3.410494 116
2468 5.083611 116
2469 1.520757 116
2470 1.048636 116
2471 0.350423 116
2472 1.202217 116
2473 0.012434 116
2474 1.690524 116
2475 1.144251 116
2476 1.934810 116
2477 2.257629 116
2478 17.001185 116
2479 3.814004 116
2480 0.321286 116
2481 3.845870 116
2482 1.727677 116
2483 2.088777 116
2484 1.421363 116
2485 3.316464 116
2486 1.915560 116
2487 18.875704 116
2488 1.731224 116
2489 8.934531 116
2490 1.018918 116
2491 3.444524 116
2492 1.782052 116
2493 1.475940 116
2494 1.798337 116
2495 2.020062 116
2496 1.189042 116
2497 68.875332 116
2498 1.365751 116
2499 2.283449 116
2500 1.248156 112
2501 2.012385 112
2502 0.006891 112
2503 0.248967 112
2504 2.132258 112
2505 4.914907 112
2506 1.951547 112
2507 8.876882 112
2508 1.482226 112
2509 1.870859 112
2510 2.365984 112
2511 2.350413 112
2512 1.761876 111
2513 17.698806 111
2514 1.063382 111
2515 1.983948 111
2516 4.472948 111
2517 1.028981 111
2518 2.408132 111
2519 0.000000 111
2520 2.014563 111
2521 1.783957 111
2522 2.658113 111
2523 1.761644 111
2524 1.318891 111
2525 1.448227 111
2526 1.588099 111
2527 1.695864 111
2528 7.598810 111
2529 6.420071 111
2530 4.819981 111
2531 1.321810 111
2532 47.927153 111
2533 64.256293 111
2534 1.381294 111
2535 2.394023 111
2536 2.490133 111
2537 1.862334 111
2538 1.490880 111
2539 2.092983 111
2540 2.647646 111
2541 1.755901 111
2542 2.188426 111
2543 0.585882 111
2544 0.965033 111
2545 2.530715 111
2546 2.657463 111
2547 1.776110 111
2548 29.400332 111
2549 2.127745 111
2550 1.626016 105
2551 1.265067 105
2552 0.164432 105
2553 2.379353 105
2554 0.000000 105
2555 4.115172 105
2556 1.477637 105
2557 1.934139 105
2558 1.256606 105
2559 1.270584 105
2560 1.207802 105
2561 1.574802 105
2562 0.963667 105
2563 0.066496 105
2564 0.076155 105
2565 0.076940 105
2566 0.020974 105
2567 0.041892 105
2568 0.065615 105
2569 0.123769 105
2570 0.019010 105
2571 0.055613 105
2572 0.066700 105
2573 0.094492 105
2574 0.136148 105
2575 0.095930 105
2576 0.377110 105
2577 0.116340 105
2578 0.089217 105
2579 0.100369 105
2580 0.078074 105
2581 0.056601 105
2582 0.107094 105
2583 0.147522 105
2584 0.141514 105
2585 0.047495 105
2586 0.137195 105
2587 0.364609 105
2588 0.240021 105
2589 0.341269 105
2590 0.228993 105
2591 0.369546 105
2592 0.180527 105
2593 0.246068 105
2594 0.069161 105
2595 0.228519 105
2596 0.202721 105
2597 0.401663 105
2598 0.377054 105
2599 0.386061 105
2600 0.287505 109
2601 0.366834 109
2602 0.516460 109
2603 0.260217 109
2604 0.292147 109
2605 0.181689 109
2606 0.169203 109
2607 0.214266 109
2608 0.142840 109
2609 0.173742 109
2610 0.062726 109
2611 0.216535 109
2612 0.279976 109
2613 0.184241 109
2614 0.244154 109
2615 0.187747 109
2616 0.232106 109
2617 0.168391 109
2618 0.160567 109
2619 0.082526 109
2620 0.155996 109
2621 0.120598 109
2622 0.167091 109
2623 0.157843 109
2624 0.205382 109
2625 0.078562 109
2626 0.174356 109
2627 0.168151 109
2628 0.145986 109
2629 0.534543 109
2630 0.706615 109
2631 0.115390 109
2632 0.187838 109
2633 0.223723 109
2634 0.159920 109
2635 0.225590 109
2636 0.105495 109
2637 0.199019 109
2638 0.296030 109
2639 0.499248 109
2640 0.258784 109
2641 0.193327 109
2642 0.225356 109
2643 0.221706 109
2644 0.344243 109
2645 0.475696 109
2646 0.233666 109
2647 0.405691 109
2648 0.541654 109
2649 0.376938 109
2650 0.271183 112
2651 0.274832 112
2652 0.277556 112
2653 0.202302 112
2654 0.225292 112
2655 0.333787 112
2656 0.268596 112
2657 0.161931 112
2658 0.246621 112
2659 0.133064 112
2660 0.085108 112
2661 0.069920 112
2662 0.149014 112
2663 4.801462 112
2664 7.026942 112
2665 2.780013 112
2666 9.279940 112
2667 0.000000 112
2668 0.000000 112
2669 0.000000 112
2670 0.000000 112
2671 0.000000 112
2672 0.000000 112
2673 0.000000 112
2674 0.000000 112
2675 0.000000 112
2676 0.000000 112
2677 0.000000 112
2678 0.000000 112
2679 0.000000 112
2680 0.000000 112
2681 0.000000 112
2682 0.000000 112
2683 0.000000 112
2684 0.000000 112
2685 0.000000 112
2686 0.000000 112
2687 0.000000 112
2688 0.000000 112
2689 0.000000 112
2690 0.000000 112
2691 0.000000 112
2692 0.001039 112
2693 0.000653 112
2694 0.000182 112
2695 0.000000 112
2696 0.000000 112
2697 0.000000 112
2698 0.000271 112
2699 0.000000 112
2700 0.000000 109
2701 0.000242 109
2702 0.000334 109
2703 0.000285 109
2704 0.000441 109
2705 0.000988 109
2706 0.000471 109
2707 0.001083 109
2708 0.003312 109
2709 0.004724 109
2710 0.004511 109
2711 3.468994 109
2712 2.772011 109
2713 3.143599 109
2714 36.843334 109
2715 2.759447 109
2716 247.295835 109
2717 3.867686 109
2718 63.952136 109
2719 1.781687 109
2720 1.727237 109
2721 27.774698 109
2722 3.599718 109
2723 2.817285 109
2724 4.020366 109
2725 4.159370 109
2726 3.923425 109
2727 4.068492 109
2728 4.426847 109
2729 15.265538 109
2730 147.969666 109
2731 4.060797 109
2732 4.068970 109
2733 240.601354 109
2734 4.400590 109
2735 8.195703 109
2736 2.904568 109
2737 7.315453 109
2738 5.084111 109
2739 5.310044 109
2740 4.507121 109
2741 4.612580 109
2742 4.850496 109
2743 49.029319 109
2744 5.269815 109
2745 4.967107 109
2746 15.466910 109
2747 2.853218 109
2748 28.647699 109
2749 2.853566 109
2750 7.436288 96
2751 3.405904 96
2752 7.097506 96
2753 4.069741 96
2754 2.578859 96
2755 5.917670 96
2756 2.468325 96
2757 3.198545 96
2758 3.130637 96
2759 1.921293 96
2760 0.943623 96
2761 0.943318 96
2762 0.934099 96
2763 1.166069 96
2764 1.118404 96
2765 1.019861 96
2766 1.052566 96
2767 0.986916 96
2768 1.190134 96
2769 0.998860 96
2770 1.168282 96
2771 1.151125 96
2772 1.435753 96
2773 0.951783 96
2774 1.104237 96
2775 1.036867 96
2776 1.676002 96
2777 0.956181 96
2778 1.438955 96
2779 1.192766 96
2780 1.173065 96
2781 1.049487 96
2782 1.247819 96
2783 1.107575 96
2784 0.988911 96
2785 1.779872 96
2786 1.256588 96
2787 1.004279 96
2788 3.431626 96
2789 1.353479 96
2790 1.852749 96
2791 1.789555 96
2792 2.581771 96
2793 2.598737 96
2794 1.874178 96
2795 1.873379 96
2796 1.842314 96
2797 1.680261 96
2798 1.773192 96
2799 2.074401 96
2800 1.794044 110
2801 2.531459 110
2802 2.008592 110
2803 2.576622 110
2804 2.438978 110
2805 2.159054 110
2806 2.230112 110
2807 2.625404 110
2808 1.855804 110
2809 2.365991 110
2810 2.184138 110
2811 1.979000 110
2812 1.846002 110
2813 2.075681 110
2814 2.127593 110
2815 1.820462 110
2816 4.352745 110
2817 3.550035 110
2818 4.500794 110
2819 0.000000 110
2820 0.000000 110
2821 0.000000 110
2822 0.000000 110
2823 0.000000 110
2824 0.000000 110
2825 0.000000 110
2826 0.000000 110
2827 0.000000 110
2828 0.000000 110
2829 0.000000 110
2830 0.000000 110
2831 0.000000 110
2832 0.000000 110
2833 0.000000 110
2834 0.000000 110
2835 0.000000 110
2836 0.000000 110
2837 0.000000 110
2838 0.000000 110
2839 3.367974 110
2840 7.113975 110
2841 7.799515 110
2842 3.494604 110
2843 5.263762 110
2844 7.044762 110
2845 6.494897 110
2846 2.373319 110
2847 4.343364 110
2848 4.400470 110
2849 4.557338 110
2850 1.960824 110
2851 4.168817 110
2852 4.108130 110
2853 4.515781 110
2854 4.014012 110
2855 7.795320 110
2856 9.129271 110
2857 3.105417 110
2858 5.711637 110
2859 5.741605 110
2860 5.858828 110
2861 1.072148 110
2862 3.741051 110
2863 1.562776 110
2864 3.583499 110
2865 3.766585 110
2866 7.061165 110
2867 24.061874 110
2868 8.912994 110
2869 2.759159 110
2870 5.551580 110
2871 5.969836 110
2872 6.110180 110
2873 2.763278 110
2874 3.209364 110
2875 3.261706 110
2876 3.366763 110
2877 4.011961 110
2878 3.601332 110
2879 3.631538 110
2880 3.523643 110
2881 4.042013 110
2882 4.047597 110
2883 4.110288 110
2884 3.360922 110
2885 3.716351 110
2886 3.752558 110
2887 3.280905 110
2888 3.732583 110
2889 4.727727 110
2890 3.194916 110
2891 4.709066 110
2892 4.418808 110
2893 0.868981 110
2894 3.228781 110
2895 3.124950 110
2896 9.062099 110
2897 97.326955 110
2898 3.920714 110
2899 4.390445 110
2900 1.484379 88
2901 2.825846 88
2902 3.251699 88
2903 2.946438 88
2904 2.251092 88
2905 5.191222 88
2906 5.386750 88
2907 4.722330 88
2908 2.304898 88
2909 4.771460 88
2910 5.269144 88
2911 2.284406 88
2912 5.034205 88
2913 5.139896 88
2914 4.891344 88
2915 5.082701 88
2916 3.295163 88
2917 6.796352 88
2918 7.350504 88
2919 7.192545 88
2920 1.540430 88
2921 5.291563 88
2922 5.697080 88
2923 1.786972 88
2924 4.285045 88
2925 3.961783 88
2926 4.013930 88
2927 3.263376 88
2928 7.668942 88
2929 8.066657 88
2930 8.359117 88
2931 1.191596 88
2932 4.390404 88
2933 3.849277 88
2934 4.065937 88
2935 1.231883 88
2936 3.339155 88
2937 3.097769 88
2938 8.566662 88
2939 9.706609 88
2940 9.647240 88
2941 9.997717 88
2942 9.944458 88
2943 10.445464 88
2944 3.240799 88
2945 5.681369 88
2946 5.419728 88
2947 5.923107 88
2948 4.445141 88
2949 5.360431 88
2950 2.033873 100
2951 4.397676 100
2952 4.649289 100
2953 1.722762 100
2954 3.949064 100
2955 1.911190 100
2956 3.929427 100
2957 3.533402 100
2958 1.623627 100
2959 4.250730 100
2960 4.314347 100
2961 3.891055 100
2962 2.569079 100
2963 5.683874 100
2964 5.489563 100
2965 2.469921 100
2966 7.100294 100
2967 6.672316 100
2968 6.733774 100
2969 30.658697 100
2970 31.267818 100
2971 1.715080 100
2972 0.594585 100
2973 4.567343 100
2974 3.530520 100
2975 2.748775 100
2976 8.669721 100
2977 9.064709 100
2978 2.601969 100
2979 5.742156 100
2980 5.756684 100
2981 1.052019 100
2982 2.420967 100
2983 1.796251 100
2984 5.165005 100
2985 1.996425 100
2986 3.745600 100
2987 4.509954 100
2988 2.577697 100
2989 4.291643 100
2990 1.462704 100
2991 2.768047 100
2992 5.560068 100
2993 4.483000 100
2994 11.291080 100
2995 0.000000 100
2996 0.000000 100
2997 2.644308 100
2998 7.390604 100
2999 0.000000 100
3000 0.050541 106
3001 0.000000 106
3002 0.000000 106
3003 0.000000 106
3004 0.000000 106
3005 0.000000 106
3006 0.000000 106
3007 0.000000 106
3008 49.370236 106
3009 287.590572 106
3010 123.167866 106
3011 548.281675 106
3012 183.854335 106
3013 480.651813 106
3014 254.600751 106
3015 306.918176 106
3016 396.526897 106
3017 556.365194 106
3018 111.791590 106
3019 141.676962 106
3020 69.761637 106
3021 283.481996 106
3022 1.315487 106
3023 2.518617 106
3024 2.713759 106
3025 2.360965 106
3026 7.246176 106
3027 0.000000 106
3028 0.000000 106
3029 0.000000 106
3030 1.442723 106
3031 3.322500 106
3032 2.218505 106
3033 5.358891 106
3034 3.361053 106
3035 8.017721 106
3036 73.010670 106
3037 82.869226 106
3038 86.158730 106
3039 4.387214 106
3040 10.300907 106
3041 2.855845 106
3042 6.602380 106
3043 2.211678 106
3044 9.731371 106
3045 3.371293 106
3046 8.379659 106
3047 7.990149 106
3048 3.386582 106
3049 7.911944 106
3050 2.712066 96
3051 6.731944 96
3052 2.734994 96
3053 4.639454 96
3054 3.465887 96
3055 2.687476 96
3056 6.501436 96
3057 1.320468 96
3058 2.857226 96
3059 2.246334 96
3060 1.766696 96
3061 4.351255 96
3062 0.000000 96
3063 0.000000 96
3064 0.000000 96
3065 0.000000 96
3066 0.000000 96
3067 2.670728 96
3068 7.422053 96
3069 3.219038 96
3070 3.007878 96
3071 4.435140 96
3072 4.768439 96
3073 4.527629 96
3074 4.604680 96
3075 4.749450 96
3076 4.573083 96
3077 4.649004 96
3078 4.639987 96
3079 4.699426 96
3080 4.556405 96
3081 4.811358 96
3082 4.749712 96
3083 4.785845 96
3084 4.795154 96
3085 4.963483 96
3086 5.156178 96
3087 8.289936 96
3088 6.763433 96
3089 12.412321 96
3090 103.569502 96
3091 19.240548 96
3092 8.402948 96
3093 8.143582 96
3094 11.870242 96
3095 13.101933 96
3096 10.847040 96
3097 0.794414 96
3098 0.976133 96
3099 1.016889 96
3100 0.399360 100
3101 0.751966 100
3102 0.824938 100
3103 0.829851 100
3104 0.880915 100
3105 0.832395 100
3106 0.825689 100
3107 0.839219 100
3108 0.713366 100
3109 2.050778 100
3110 1.738136 100
3111 22.507848 100
3112 1.474243 100
3113 449.443022 100
3114 18.059785 100
3115 2.580990 100
3116 3.744528 100
3117 6.362532 100
3118 4.419634 100
3119 5.663823 100
3120 42.219602 100
3121 1.699769 100
3122 4.439608 100
3123 4.146024 100
3124 1.469023 100
3125 1.060080 100
3126 3.751565 100
3127 4.521969 100
3128 3.343710 100
3129 3.465016 100
3130 3.782503 100
3131 3.733641 100
3132 1.546846 100
3133 5.449276 100
3134 8.089942 100
3135 8.083462 100
3136 7.693716 100
3137 8.234219 100
3138 7.557025 100
3139 5.093579 100
3140 7.705439 100
3141 6.921852 100
3142 10.594654 100
3143 9.971165 100
3144 10.657783 100
3145 12.803512 100
3146 6.569697 100
3147 2.883080 100
3148 3.674715 100
3149 3.690453 100
3150 2.908189 110
3151 6.168369 110
3152 3.068487 110
3153 5.737501 110
3154 25.317468 110
3155 6.884284 110
3156 4.196150 110
3157 30.893211 110
3158 9.290709 110
3159 9.172969 110
3160 4.729571 110
3161 3.168184 110
3162 5.462638 110
3163 331.468535 110
3164 11.236456 110
3165 15.647109 110
3166 2.728174 110
3167 2.473396 110
3168 3.711910 110
3169 5.039938 110
3170 4.923495 110
3171 10.249012 110
3172 8.936648 110
3173 10.725915 110
3174 7.117456 110
3175 5.360378 110
3176 6.283785 110
3177 12.688628 110
3178 4.800199 110
3179 5.792814 110
3180 7.462669 110
3181 8.178400 110
3182 7.216404 110
3183 7.202103 110
3184 7.403990 110
3185 5.343274 110
3186 0.000000 110
3187 0.000000 110
3188 0.000000 110
3189 0.000000 110
3190 0.000000 110
3191 0.000000 110
3192 2.729229 110
3193 92.269834 110
3194 7.869855 110
3195 6.398959 110
3196 2.329977 110
3197 4.674941 110
3198 4.768347 110
3199 3.503669 110
3200 3.526213 111
3201 5.256532 111
3202 14.216051 111
3203 16.050228 111
3204 13.981239 111
3205 14.045020 110
3206 3.501112 111
3207 11.471295 110
3208 4.151393 111
3209 10.932869 111
3210 1.648517 111
3211 122.762563 111
3212 2.393765 111
3213 2.790189 111
3214 18.914904 111
3215 3.103301 111
3216 6.991163 111
3217 9.863793 111
3218 11.240223 111
3219 11.962115 111
3220 16.683101 111
3221 12.721269 111
3222 5.135022 111
3223 10.520162 111
3224 9.925174 111
3225 10.348860 111
3226 1.455725 111
3227 2.480793 111
3228 2.525147 111
3229 4.097271 111
3230 2.311945 111
3231 1.874990 111
3232 3.744714 111
3233 5.803762 111
3234 51.733240 111
3235 2.926203 111
3236 2.369965 111
3237 1.805880 111
3238 4.316841 111
3239 3.476009 111
3240 2.543719 111
3241 6.111869 111
3242 9.247340 111
3243 5.894539 111
3244 2.231666 111
3245 1.285255 111
3246 0.143355 111
3247 0.224693 111
3248 0.507063 111
3249 6.170753 111
3250 1.599824 109
3251 3.138737 109
3252 3.500193 109
3253 3.457884 109
3254 2.322083 109
3255 4.061109 109
3256 1.580829 109
3257 2.299644 109
3258 2.377225 109
3259 2.178003 109
3260 2.549576 109
3261 15.167153 109
3262 2.349558 109
3263 0.741909 109
3264 0.636785 109
3265 5.087569 109
3266 2.143235 109
3267 4.468645 109
3268 4.848267 109
3269 4.204558 109
3270 4.515010 109
3271 4.327717 109
3272 0.719591 109
3273 11.150262 109
3274 6.151297 109
3275 30.588388 109
3276 1.998154 109
3277 3.111461 109
3278 4.036299 109
3279 10.098373 109
3280 2.626312 109
3281 2.176855 109
3282 38.424695 109
3283 4.946298 109
3284 4.787309 109
3285 2.436222 109
3286 5.680042 109
3287 6.185105 109
3288 7.805786 109
3289 8.514293 109
3290 1.442317 109
3291 4.807077 109
3292 2.760535 109
3293 4.388522 109
3294 2.637997 109
3295 36.967465 109
3296 4.569785 109
3297 1.726704 109
3298 14.497174 109
3299 2.162597 109
3300 2.438399 119
3301 0.873047 119
3302 99.059793 119
3303 195.749343 119
3304 215.441644 119
3305 218.699173 119
3306 0.227166 119
3307 0.193220 119
3308 0.272553 119
3309 0.360266 119
3310 0.406986 119
3311 4.776091 119
3312 6.902839 119
3313 6.975894 119
3314 3.967486 119
3315 5.925446 119
3316 8.949416 119
3317 71.531984 119
3318 38.682885 119
3319 68.744816 119
3320 70.125714 119
3321 72.892220 119
3322 3.845381 119
3323 4.198339 119
3324 6.885110 119
3325 12.353380 119
3326 5.627994 119
3327 1.790413 119
3328 2.529907 119
3329 44.415027 119
3330 3.605635 119
3331 48.094210 119
3332 2.598169 119
3333 4.015506 119
3334 8.366976 119
3335 0.329634 119
3336 7.698399 119
3337 4.046553 119
3338 7.883558 119
3339 2.537446 119
3340 17.789948 119
3341 4.154595 119
3342 2.664924 119
3343 4.820752 119
3344 4.728251 119
3345 3.037921 119
3346 7.736044 119
3347 8.039628 119
3348 3.997364 119
3349 1.507525 119
3350 4.415508 86
3351 1.169121 86
3352 1.784317 86
3353 2.123555 86
3354 2.235002 86
3355 6.416274 86
3356 9.870764 86
3357 22.687225 86
3358 19.311803 86
3359 4.778013 86
3360 1.650533 86
3361 7.183232 86
3362 1.493933 86
3363 6.219341 86
3364 13.060454 86
3365 14.184582 86
3366 12.767420 86
3367 8.168672 86
3368 5.445527 86
3369 221.441919 86
3370 2.396354 86
3371 2.388110 86
3372 6.506351 86
3373 5.388142 86
3374 1.751633 86
3375 3.849785 86
3376 7.138067 86
3377 4.372996 86
3378 2.783205 86
3379 6.400952 86
3380 5.764136 86
3381 1.636579 86
3382 3.546994 86
3383 3.686047 86
3384 2.795380 86
3385 5.806497 86
3386 6.640296 86
3387 1.390311 86
3388 1.383845 86
3389 3.788316 86
3390 3.905011 86
3391 71.392715 86
3392 179.366099 86
3393 225.354829 86
3394 10.816151 86
3395 14.756037 85
3396 19.532097 86
3397 19.116529 86
3398 0.239499 86
3399 2.749056 86
3400 3.530818 97
3401 2.123463 97
3402 1.794959 97
3403 8.419566 97
3404 1.768917 97
3405 5.415355 97
3406 5.012904 97
3407 1.435730 97
3408 1.261342 97
3409 2.252713 97
3410 6.400270 97
3411 5.004641 97
3412 3.628291 97
3413 2.489903 97
3414 4.838050 97
3415 6.295616 97
3416 4.597082 97
3417 2.458354 97
3418 5.680947 97
3419 4.682735 97
3420 2.342409 97
3421 5.698738 97
3422 5.232769 97
3423 33.178523 97
3424 75.236906 97
3425 75.881589 97
3426 3.829773 97
3427 4.235045 97
3428 4.728009 97
3429 4.315104 97
3430 2.694307 97
3431 5.045941 97
3432 6.585700 97
3433 2.595022 97
3434 6.318478 97
3435 5.562157 97
3436 2.608307 97
3437 6.358660 97
3438 5.477016 97
3439 1.751792 97
3440 4.615303 97
3441 2.655305 97
3442 5.932449 97
3443 6.153660 97
3444 36.660087 97
3445 22.907782 97
3446 5.525687 97
3447 43.384930 97
3448 35.399834 97
3449 18.143637 97
3450 29.983439 117
3451 3.451091 117
3452 7.151568 117
3453 14.411925 117
3454 12.027356 117
3455 3.482839 117
3456 7.680149 117
3457 7.111922 117
3458 1.970931 117
3459 2.346685 117
3460 5.978228 117
3461 1.472137 117
3462 1.684233 117
3463 1.781757 117
3464 2.114094 117
3465 2.498530 117
3466 1.868959 117
3467 2.263752 117
3468 2.215891 117
3469 5.290410 117
3470 12.180111 117
3471 3.751321 117
3472 0.263988 117
3473 17.464330 117
3474 2.008891 117
3475 2.829280 117
3476 5.894112 117
3477 6.843818 117
3478 1.214938 117
3479 1.419992 117
3480 8.859133 117
3481 13.538310 117
3482 17.246442 117
3483 2.881430 117
3484 5.712114 117
3485 6.785125 117
3486 16.866757 117
3487 2.123044 117
3488 2.622848 117
3489 2.620978 117
3490 6.302627 117
3491 17.121246 117
3492 2.965800 117
3493 7.157507 117
3494 5.765886 117
3495 3.009363 117
3496 7.377827 117
3497 5.795640 117
3498 2.971926 117
3499 7.647422 117
3500 2.361341 97
3501 2.069216 97
3502 6.265365 97
3503 5.716464 97
3504 2.369290 97
3505 5.348887 97
3506 6.533996 97
3507 2.252731 97
3508 4.989178 97
3509 6.108519 97
3510 2.379612 97
3511 7.080401 97
3512 5.229480 97
3513 18.453952 97
3514 20.586265 97
3515 21.109986 97
3516 4.239559 97
3517 2.591320 97
3518 6.686383 97
3519 5.496175 97
3520 328.462278 97
3521 2.556048 97
3522 5.600225 97
3523 6.954992 97
3524 2.709020 97
3525 6.695376 97
3526 5.681153 97
3527 0.829568 97
3528 1.140912 97
3529 1.667719 97
3530 1.538362 97
3531 2.657956 97
3532 5.515114 97
3533 7.445653 97
3534 21.600655 97
3535 2.473307 97
3536 5.790763 97
3537 6.846168 97
3538 7.329954 97
3539 0.693923 97
3540 1.724291 97
3541 8.230533 97
3542 2.427266 97
3543 2.127978 97
3544 2.887997 97
3545 1.656713 97
3546 5.276517 97
3547 3.890178 97
3548 3.046910 97
3549 2.182999 97
3550 2.119160 108
3551 3.926385 108
3552 2.162924 108
3553 2.750560 108
3554 30.313692 108
3555 4.038588 108
3556 5.143941 108
3557 33.036071 108
3558 1.882727 108
3559 2.489319 108
3560 14.503034 108
3561 174.404399 108
3562 1.800098 108
3563 4.616070 108
3564 13.191275 108
3565 1.824152 108
3566 0.516742 108
3567 4.309740 108
3568 1.819757 108
3569 5.621038 108
3570 2.283385 108
3571 5.081589 108
3572 1.920519 108
3573 0.478538 108
3574 2.208582 108
3575 6.587689 108
3576 5.344224 108
3577 2.284654 108
3578 14.234785 108
3579 194.122392 108
3580 2.114936 108
3581 15.569976 108
3582 0.697885 108
3583 1.225800 108
3584 3.956838 108
3585 21.944716 108
3586 37.461630 108
3587 3.655741 108
3588 5.216964 108
3589 1.755192 108
3590 2.264777 108
3591 1.645768 108
3592 7.566504 108
3593 16.328175 108
3594 2.310626 108
3595 8.143742 108
3596 2.030542 108
3597 5.198255 108
3598 1.274732 108
3599 4.218076 108
3600 3.596900 95
3601 18.423452 95
3602 2.624220 95
3603 3.352155 95
3604 0.302119 95
3605 1.286561 95
3606 0.835408 95
3607 2.015744 95
3608 10.722275 95
3609 1.586704 95
3610 6.865416 95
3611 0.000000 95
3612 1.974511 95
3613 1.723054 95
3614 2.222343 95
3615 8.275435 95
3616 6.569887 95
3617 11.720607 95
3618 1.419799 95
3619 3.725254 95
3620 21.956612 95
3621 2.493286 95
3622 21.359842 95
3623 2.585274 95
3624 21.271103 95
3625 3.477038 95
3626 2.738844 95
3627 2.587768 95
3628 1.407017 95
3629 1.472283 95
3630 17.496648 95
3631 5.705965 95
3632 1.474904 95
3633 1.608883 95
3634 3.878781 95
3635 5.811571 95
3636 0.980257 95
3637 2.239424 95
3638 102.602979 95
3639 3.923091 95
3640 16.245937 95
3641 4.339487 95
3642 5.832051 95
3643 3.130243 95
3644 0.332947 95
3645 3.314428 95
3646 1.439099 95
3647 58.027940 95
3648 0.184942 95
3649 3.111718 95
3650 3.945880 115
3651 4.105178 115
3652 0.727317 115
3653 2.881701 115
3654 0.891501 115
3655 0.449097 115
3656 2.653135 115
3657 0.030539 115
3658 1.507437 115
3659 16.205377 115
3660 55.261727 115
3661 4.228649 115
3662 17.300720 115
3663 5.318190 115
3664 4.236594 115
3665 2.527893 115
3666 13.028470 115
3667 8.619257 115
3668 10.618743 115
3669 2.210792 115
3670 25.966389 115
3671 4.925144 115
3672 0.915876 115
3673 4.202052 115
3674 2.505237 115
3675 3.378498 115
3676 38.249872 115
3677 101.475880 115
3678 0.030093 115
3679 1.491329 115
3680 1.844841 115
3681 2.305808 115
3682 2.983324 115
3683 2.458649 115
3684 0.000000 115
3685 1.847739 115
3686 0.855047 115
3687 15.143599 115
3688 2.268717 115
3689 0.204610 115
3690 0.000000 115
3691 269.463639 115
3692 0.728226 115
3693 3.350922 115
3694 2.510255 115
3695 20.533764 115
3696 2.179516 115
3697 5.737948 115
3698 2.186225 115
3699 0.685300 115
3700 0.794678 102
3701 1.993982 102
3702 7.404518 102
3703 2.524665 102
3704 2.565330 102
3705 1.802814 102
3706 0.898309 102
3707 5.605024 102
3708 0.432135 102
3709 3.349421 102
3710 3.418930 102
3711 0.148014 102
3712 7.448276 102
3713 1.637959 102
3714 3.917612 102
3715 4.845916 102
3716 1.993150 102
3717 1.865616 102
3718 2.060962 102
3719 2.534958 102
3720 0.012475 102
3721 2.466601 102
3722 13.527755 102
3723 0.696048 102
3724 2.534449 102
3725 2.015627 102
3726 2.717387 102
3727 2.072361 102
3728 1.858324 102
3729 2.503405 102
3730 2.252659 102
3731 7.141418 102
3732 13.987505 102
3733 2.604394 102
3734 2.799999 102
3735 22.608193 102
3736 2.222907 102
3737 1.083129 102
3738 112.808914 102
3739 1.918425 102
3740 3.105584 102
3741 2.885617 101
3742 2.636686 102
3743 2.147799 102
3744 20.222393 102
3745 7.992593 102
3746 1.458305 102
3747 2.735462 102
3748 1.773221 102
3749 0.000000 102
3750 7.226665 117
3751 2.208874 117
3752 6.997871 117
3753 0.691387 117
3754 2.239323 117
3755 1.693240 117
3756 12.961946 117
3757 2.343138 117
3758 2.504574 117
3759 1.525077 117
3760 1.847772 117
3761 1.872459 117
3762 0.695020 117
3763 1.573424 117
3764 2.178288 117
3765 2.454455 117
3766 1.603860 117
3767 0.000000 117
3768 16.668060 117
3769 2.239474 117
3770 3.970141 117
3771 1.651192 117
3772 2.180299 117
3773 4.840693 117
3774 6.216619 117
3775 1.487607 117
3776 0.014517 117
3777 2.841679 117
3778 366.812914 117
3779 2.295298 117
3780 2.645097 117
3781 19.946600 117
3782 104.281946 117
3783 75.326053 117
3784 2.117597 117
3785 2.468153 117
3786 0.000000 117
3787 2.700951 117
3788 1.379641 117
3789 16.650455 117
3790 3.442988 117
3791 3.442757 117
3792 2.940897 117
3793 2.257068 117
3794 2.748659 117
3795 5.117460 117
3796 1.141175 117
3797 3.543860 117
3798 3.487572 117
3799 3.111449 117
3800 1.212185 109
3801 2.585414 109
3802 0.066844 109
3803 3.782507 109
3804 3.476589 109
3805 2.902816 109
3806 3.367072 109
3807 2.352690 109
3808 3.723531 109
3809 14.197367 109
3810 0.014701 109
3811 2.130709 109
3812 2.078944 109
3813 0.713619 109
3814 6.408559 109
3815 4.945858 109
3816 2.079958 109
3817 2.298774 109
3818 2.446805 109
3819 3.055739 109
3820 5.587709 109
3821 2.320713 109
3822 8.649874 109
3823 2.350670 109
3824 17.769473 109
3825 18.714953 109
3826 0.670044 109
3827 3.649011 109
3828 1.491534 109
3829 1.528304 109
3830 21.863177 109
3831 2.959898 109
3832 21.585160 109
3833 1.508681 109
3834 3.001599 109
3835 2.227447 109
3836 4.062595 109
3837 41.974045 109
3838 61.376733 109
3839 4.332512 109
3840 0.000000 109
3841 2.571181 109
3842 39.586711 109
3843 4.214063 109
3844 1.808269 109
3845 2.791905 109
3846 2.784181 109
3847 17.302668 109
3848 2.494976 109
3849 1.016141 109
3850 2.508813 109
3851 4.577765 109
3852 1.667554 109
3853 1.875538 109
3854 1.723669 109
3855 2.103306 109
3856 1.773373 109
3857 2.261922 109
3858 0.008730 109
3859 4.695445 109
3860 2.127702 109
3861 4.759479 109
3862 1.462423 109
3863 2.174149 109
3864 2.908599 109
3865 40.392346 109
3866 2.225301 109
3867 5.072179 109
3868 3.247022 109
3869 2.600712 109
3870 4.053115 109
3871 1.903692 109
3872 1.104562 109
3873 1.765078 109
3874 2.003345 109
3875 2.567304 109
3876 1.373300 109
3877 4.368336 109
3878 4.366037 109
3879 2.091724 109
3880 2.413289 109
3881 2.509557 109
3882 8.327867 109
3883 3.400188 109
3884 3.619030 109
3885 0.953438 109
3886 0.791184 109
3887 3.512380 109
3888 48.936676 109
3889 20.615592 109
3890 7.216747 109
3891 7.676569 109
3892 3.126705 109
3893 2.960918 109
3894 1.281368 109
3895 6.412205 109
3896 9.260757 109
3897 3.838819 109
3898 1.361768 109
3899 3.176476 109
3900 166.500289 114
3901 1.711138 114
3902 3.658267 114
3903 2.617789 114
3904 1.546427 114
3905 1.765050 114
3906 0.000000 114
3907 1.071188 114
3908 4.055215 114
3909 0.270077 114
3910 2.726294 114
3911 1.732705 114
3912 1.805736 114
3913 2.655968 114
3914 2.571479 114
3915 2.370866 114
3916 2.106478 114
3917 2.394089 114
3918 1.022885 114
3919 1.322485 114
3920 2.020162 114
3921 1.086850 114
3922 0.906039 114
3923 1.909520 114
3924 7.220711 114
3925 1.994328 114
3926 24.546678 114
3927 14.891888 114
3928 2.112580 114
3929 58.858569 114
3930 2.102875 114
3931 3.450610 114
3932 1.379311 114
3933 1.677086 114
3934 3.387387 114
3935 2.239089 114
3936 2.456998 114
3937 2.970505 114
3938 1.171729 114
3939 13.864559 114
3940 0.242826 114
3941 4.141565 114
3942 2.902666 114
3943 0.994048 114
3944 2.055579 114
3945 40.758138 114
3946 1.827872 114
3947 2.475857 114
3948 2.377327 114
3949 13.753525 114
3950 1.007485 122
3951 2.055557 122
3952 6.086221 122
3953 0.453229 122
3954 1.735355 122
3955 45.640571 122
3956 55.902077 122
3957 1.872363 122
3958 1.951483 122
3959 6.577712 122
3960 0.000000 122
3961 1.617500 122
3962 1.604437 122
3963 5.927834 121
3964 6.024041 122
3965 19.555667 122
3966 3.266434 122
3967 12.973205 120
3968 0.916953 122
3969 0.389597 122
3970 16.570457 122
3971 3.198831 122
3972 2.669996 122
3973 0.000000 122
3974 4.276925 122
3975 0.000000 122
3976 2.165817 122
3977 1.007198 122
3978 3.329302 122
3979 2.029810 122
3980 0.000000 122
3981 5.131386 122
3982 3.419021 122
3983 3.484281 122
3984 2.505733 122
3985 1.123162 122
3986 0.396109 122
3987 1.605154 122
3988 5.467620 122
3989 0.911347 122
3990 3.331919 122
3991 0.432195 122
3992 11.115543 122
3993 0.610155 122
3994 0.543600 122
3995 0.744938 122
3996 0.909366 122
3997 0.698395 122
3998 1.744382 122
3999 0.994247 122
4000 0.210357 120
4001 0.471504 120
4002 3.192065 120
4003 1.442151 120
4004 2.462139 120
4005 1.913202 120
4006 2.042131 120
4007 5.242631 120
4008 0.592188 120
4009 1.571879 120
4010 0.651273 120
4011 1.581475 120
4012 2.716438 120
4013 6.164404 120
4014 4.449640 120
4015 0.375743 120
4016 0.497301 120
4017 1.185857 120
4018 1.210789 120
4019 0.673360 120
4020 3.387575 120
4021 1.476934 120
4022 3.320049 120
4023 4.263711 120
4024 1.574399 120
4025 3.552068 120
4026 2.025157 120
4027 31.424211 120
4028 1.634687 120
4029 1.753731 120
4030 1.474187 120
4031 365.339147 120
4032 123.906199 120
4033 43.560140 120
4034 5.373161 120
4035 11.303062 120
4036 2.516981 120
4037 1.471371 120
4038 8.869927 120
4039 0.802815 120
4040 0.000000 120
4041 3.463714 120
4042 0.953131 120
4043 2.184695 120
4044 1.085856 120
4045 9.341528 120
4046 23.914040 120
4047 1.943326 120
4048 1.493538 120
4049 1.868055 120
4050 3.239221 122
4051 1.431961 122
4052 0.438283 122
4053 2.278542 122
4054 0.933801 122
4055 1.731109 122
4056 1.873581 122
4057 1.267861 122
4058 0.012568 122
4059 0.662553 122
4060 144.803822 122
4061 2.117955 122
4062 1.896089 122
4063 1.768602 122
4064 1.429064 122
4065 2.873685 122
4066 26.341475 122
4067 0.679068 122
4068 9.277694 122
4069 1.781216 122
4070 1.371377 122
4071 2.937852 122
4072 0.824828 122
4073 1.298021 122
4074 1.273859 122
4075 3.717986 122
4076 7.708624 122
4077 2.818271 122
4078 0.485420 122
4079 0.699274 122
4080 2.641818 122
4081 2.924751 122
4082 1.833430 122
4083 3.279765 122
4084 7.939160 122
4085 0.671414 122
4086 4.411478 122
4087 0.878061 122
4088 3.533949 122
4089 3.401392 122
4090 3.509245 122
4091 3.938876 122
4092 12.847858 122
4093 0.104994 122
4094 8.691588 122
4095 3.856187 122
4096 3.905819 122
4097 2.665189 122
4098 2.035728 122
4099 3.165612 122
4100 3.266614 118
4101 1.927509 118
4102 3.526135 118
4103 2.068511 118
4104 2.123945 118
4105 3.592747 118
4106 25.049690 118
4107 0.007543 118
4108 4.332344 118
4109 6.064086 118
4110 0.696405 118
4111 18.688428 118
4112 104.875846 118
4113 2.223732 118
4114 2.143952 118
4115 3.396742 118
4116 6.651984 118
4117 10.834762 118
4118 3.179895 118
4119 24.716916 118
4120 4.942120 118
4121 0.000000 118
4122 8.558129 118
4123 2.281646 118
4124 2.922001 118
4125 6.651406 118
4126 9.219229 118
4127 3.101089 118
4128 2.267457 118
4129 6.047621 118
4130 3.551171 118
4131 4.415018 118
4132 1.178548 118
4133 1.428800 118
4134 0.004648 118
4135 0.000000 118
4136 4.635282 118
4137 2.900489 118
4138 3.810703 118
4139 4.903781 118
4140 3.591734 118
4141 8.709792 118
4142 7.564655 118
4143 4.254321 118
4144 1.080111 118
4145 2.583013 118
4146 3.328720 118
4147 2.544152 118
4148 2.780197 118
4149 7.489558 118
4150 1.125490 115
4151 5.541508 115
4152 1.590616 115
4153 1.368348 115
4154 5.716437 115
4155 4.726638 115
4156 3.402302 115
4157 1.842426 115
4158 3.482866 115
4159 9.719681 115
4160 1.847140 115
4161 33.047495 115
4162 16.568579 115
4163 14.390343 115
4164 3.557677 115
4165 0.226498 115
4166 11.585376 115
4167 5.893340 115
4168 2.809261 115
4169 1.016207 115
4170 2.410460 115
4171 1.379309 115
4172 10.616065 115
4173 20.664800 115
4174 2.605068 115
4175 3.831206 115
4176 12.579726 115
4177 0.061768 115
4178 0.065331 115
4179 3.592315 115
4180 3.045709 115
4181 4.857042 115
4182 4.251702 115
4183 46.118732 115
4184 13.239111 115
4185 6.512238 115
4186 2.883047 115
4187 3.079436 115
4188 9.371714 115
4189 0.887107 115
4190 8.632050 115
4191 18.357754 115
4192 2.453918 115
4193 2.682782 115
4194 1.307027 115
4195 3.742823 115
4196 0.561466 115
4197 7.981389 115
4198 2.956359 115
4199 3.289792 115
4200 1.509652 122
4201 3.412407 122
4202 2.626754 122
4203 5.448787 122
4204 9.566434 122
4205 9.313259 122
4206 8.340526 122
4207 7.477231 122
4208 10.658024 122
4209 10.728695 122
4210 1.655647 122
4211 4.699959 122
4212 4.401924 122
4213 1.532799 122
4214 5.301568 122
4215 12.885640 122
4216 6.506503 122
4217 1.368506 122
4218 3.264616 122
4219 8.049359 122
4220 1.066757 122
4221 2.265275 122
4222 112.574116 122
4223 0.000000 122
4224 1.952016 122
4225 2.041579 122
4226 1.585211 122
4227 5.833818 122
4228 4.339812 122
4229 2.863755 122
4230 3.586969 122
4231 5.711150 122
4232 2.412935 122
4233 1.830551 122
4234 2.074461 122
4235 2.424169 122
4236 0.797863 122
4237 0.771556 122
4238 2.284255 122
4239 1.727089 122
4240 3.331009 122
4241 3.058378 122
4242 0.362100 122
4243 3.161714 122
4244 3.224798 122
4245 3.216607 122
4246 1.407759 122
4247 0.764825 122
4248 1.046136 122
4249 2.245974 122
4250 1.003254 108
4251 1.290691 108
4252 2.476327 108
4253 3.260173 108
4254 3.160358 108
4255 2.631204 108
4256 3.612627 108
4257 4.269356 108
4258 3.083276 108
4259 3.037410 108
4260 3.950634 108
4261 4.780678 108
4262 2.873724 108
4263 2.924957 108
4264 4.205004 108
4265 3.258658 108
4266 4.646723 108
4267 3.357814 108
4268 6.016690 108
4269 6.905013 108
4270 8.777709 108
4271 9.185154 108
4272 9.501512 108
4273 11.353877 108
4274 0.000000 108
4275 0.000000 108
4276 0.000000 108
4277 0.000000 108
4278 0.103481 108
4279 1.886045 108
4280 4.958670 108
4281 3.593360 108
4282 0.386102 108
4283 2.548609 108
4284 1.158723 108
4285 15.368880 108
4286 1.171559 108
4287 3.304617 108
4288 0.476283 108
4289 11.315864 108
4290 5.882765 108
4291 13.399998 108
4292 12.542163 108
4293 13.456735 108
4294 13.159361 108
4295 13.689706 108
4296 13.782353 108
4297 13.515563 108
4298 0.000000 108
4299 6.620441 108
4300 3.200288 107
4301 7.891004 107
4302 8.929715 107
4303 7.650585 107
4304 7.723568 107
4305 7.419569 107
4306 1.024869 107
4307 2.740494 107
4308 8.895528 107
4309 8.279168 107
4310 3.401695 107
4311 3.357826 107
4312 9.654616 107
4313 9.888966 107
4314 10.222887 107
4315 10.257606 107
4316 10.346346 107
4317 2.094596 107
4318 18.166172 107
4319 1.628279 107
4320 0.893560 107
4321 1.408604 107
4322 1.496240 107
4323 1.562417 107
4324 1.582648 107
4325 1.101773 107
4326 9.915261 107
4327 2.391528 107
4328 6.110864 107
4329 0.621975 107
4330 9.181985 107
4331 1.005350 107
4332 1.697533 107
4333 1.230657 107
4334 3.080774 107
4335 1.247263 107
4336 0.653662 107
4337 1.230638 107
4338 1.607429 107
4339 3.534769 107
4340 2.134750 107
4341 1.421932 107
4342 2.262880 107
4343 1.104139 107
4344 0.464869 107
4345 0.335645 107
4346 0.469890 107
4347 0.382634 107
4348 0.400576 107
4349 0.591697 107
4350 0.601121 109
4351 1.176309 109
4352 0.550558 109
4353 1.611643 109
4354 1.451559 109
4355 0.939511 109
4356 2.798628 109
4357 2.131448 109
4358 0.638065 109
4359 0.438544 109
4360 0.030848 109
4361 0.120512 109
4362 0.237677 109
4363 0.265710 109
4364 0.238681 109
4365 0.331923 109
4366 0.336499 109
4367 0.448674 109
4368 0.390356 109
4369 0.122684 109
4370 0.359840 109
4371 0.068111 109
4372 0.219535 109
4373 0.275731 109
4374 0.145793 109
4375 0.210349 109
4376 0.257855 109
4377 0.283749 109
4378 0.445635 109
4379 4.277451 109
4380 7.029556 109
4381 16.772506 109
4382 8.734253 109
4383 15.728618 109
4384 5.896801 109
4385 5.676303 109
4386 8.518629 109
4387 6.509237 109
4388 452.618446 109
4389 2.619237 109
4390 5.301179 109
4391 11.241359 108
4392 75.801811 109
4393 11.171812 109
4394 2.905622 109
4395 5.958442 109
4396 5.182206 109
4397 7.593592 109
4398 6.215052 109
4399 6.003086 109
4400 2.258251 91
4401 4.652015 91
4402 5.278524 91
4403 7.031251 91
4404 5.200134 91
4405 6.244941 91
4406 3.438432 91
4407 3.448290 91
4408 3.477498 91
4409 4.378800 91
4410 3.468869 91
4411 2.896965 91
4412 3.698574 91
4413 2.534442 91
4414 23.287794 91
4415 4.764219 91
4416 102.791280 91
4417 1.886755 91
4418 24.700406 91
4419 76.770899 91
4420 4.776387 91
4421 2.030910 91
4422 41.886684 91
4423 42.163397 91
4424 5.229721 91
4425 2.188224 91
4426 26.269132 91
4427 76.355604 91
4428 4.489193 91
4429 16.256492 91
4430 4.883521 91
4431 4.183133 91
4432 91.739792 91
4433 15.627785 91
4434 4.061987 91
4435 91.599230 91
4436 4.930387 91
4437 2.264292 91
4438 46.865176 91
4439 61.890493 91
4440 5.840240 91
4441 2.301130 91
4442 46.973007 91
4443 5.544026 91
4444 69.137714 91
4445 2.175142 91
4446 24.568908 91
4447 4.614805 91
4448 89.841449 91
4449 2.540561 91
4450 15.421194 104
4451 84.756210 104
4452 5.294965 104
4453 1.917200 104
4454 0.975270 104
4455 1.997826 104
4456 1.867555 104
4457 5.052025 104
4458 2.663812 104
4459 5.669417 104
4460 4.925924 104
4461 10.664234 104
4462 2.891880 104
4463 5.457200 104
4464 1.271220 104
4465 3.281568 104
4466 3.358091 104
4467 2.305097 104
4468 2.732864 104
4469 6.537295 104
4470 1.651967 104
4471 2.372940 104
4472 4.706315 104
4473 22.258582 104
4474 47.050982 104
4475 2.818051 104
4476 7.751719 104
4477 14.624086 104
4478 1.801251 104
4479 1.833148 104
4480 7.931486 104
4481 1.467803 104
4482 1.483096 104
4483 0.002046 104
4484 2.203629 104
4485 2.748974 104
4486 3.020797 104
4487 3.950441 104
4488 3.347934 104
4489 2.238981 104
4490 3.524807 104
4491 4.199370 104
4492 20.196884 104
4493 4.121399 104
4494 3.721105 104
4495 0.588344 104
4496 5.608581 104
4497 3.550026 104
4498 4.021053 104
4499 21.468796 104
