0 2.574085 118
1 0.810686 118
2 0.765229 118
3 0.642568 118
4 0.666924 118
5 19.832644 118
6 2.126559 118
7 2.295733 116
8 2.123415 118
9 1.222949 118
10 2.259127 118
11 1.959729 118
12 7.300059 118
13 2.730525 118
14 6.101898 118
15 1.579992 118
16 2.100542 118
17 2.116508 118
18 1.899992 118
19 0.873043 117
20 0.876684 117
21 2.006161 118
22 0.652983 117
23 2.124915 118
24 0.932889 117
25 1.678034 118
26 1.933432 118
27 2.239271 118
28 1.998839 118
29 1.956975 118
30 0.956162 117
31 1.948271 118
32 1.570297 118
33 1.550025 118
34 1.060333 117
35 1.214957 117
36 0.965265 117
37 1.552958 118
38 0.445120 117
39 0.451602 118
40 0.421590 117
41 1.393653 118
42 1.613966 118
43 1.288678 118
44 0.634975 118
45 1.162941 118
46 0.510314 118
47 0.650195 118
48 0.272797 118
49 1.986763 118
50 1.453888 116
51 1.896793 116
52 1.190435 115
53 1.556983 116
54 2.629574 115
55 2.307379 116
56 1.512687 115
57 1.968543 116
58 3.001586 116
59 1.781060 116
60 13.529767 116
61 2.222259 116
62 2.127940 116
63 1.677793 116
64 1.838017 116
65 2.049466 116
66 1.728802 116
67 1.970233 116
68 3.351138 116
69 1.606569 116
70 0.418298 114
71 0.436903 113
72 0.378850 113
73 1.843578 116
74 1.080491 116
75 0.829061 115
76 0.614339 115
77 0.509539 115
78 0.595739 115
79 0.651539 115
80 0.603704 115
81 0.392522 115
82 1.176060 116
83 1.438629 116
84 0.535670 115
85 1.439233 116
86 0.529017 115
87 0.575043 115
88 0.519330 115
89 6.165276 116
90 1.298284 116
91 19.708871 116
92 1.255819 116
93 0.903810 116
94 1.007267 116
95 0.896948 116
96 2.236733 116
97 1.224388 116
98 0.431684 114
99 0.418886 114
100 0.734624 93
101 0.448828 93
102 0.298484 93
103 0.471871 93
104 1.229720 93
105 0.396387 93
106 0.499656 93
107 1.271946 93
108 0.616495 93
109 1.445699 93
110 1.119462 93
111 1.860774 93
112 5.257161 93
113 1.247806 93
114 0.392860 93
115 0.421495 93
116 1.696892 93
117 1.302151 93
118 0.491828 93
119 0.405763 93
120 1.989914 93
121 1.885624 93
122 10.106376 93
123 1.607624 93
124 1.408516 93
125 1.553129 93
126 1.259022 93
127 1.323860 93
128 1.382591 93
129 2.396796 93
130 1.660280 93
131 1.451516 93
132 1.570441 93
133 2.442516 93
134 0.604720 93
135 0.826903 93
136 1.481817 93
137 2.125462 93
138 0.512204 93
139 0.503978 93
140 1.273484 93
141 2.023161 93
142 0.854247 93
143 1.186129 93
144 1.438570 93
145 1.472430 93
146 2.447817 93
147 1.204097 93
148 1.786774 93
149 2.581183 93
150 1.220745 98
151 0.729459 98
152 2.069153 98
153 2.267765 98
154 1.924276 98
155 1.169745 98
156 4.581449 98
157 1.673724 98
158 2.216031 98
159 2.356816 98
160 15.704408 98
161 1.539816 98
162 2.924020 98
163 2.849347 98
164 1.547551 98
165 0.668206 97
166 0.457206 97
167 1.347010 98
168 0.559240 96
169 19.796020 98
170 19.591449 98
171 3.215847 98
172 16.619592 98
173 13.268237 97
174 11.144122 98
175 9.745563 96
176 9.104677 96
177 8.055385 96
178 7.029521 96
179 13.151832 95
180 6.288611 95
181 5.611116 95
182 4.365361 97
183 3.442537 95
184 2.448240 96
185 1.858632 95
186 1.507895 95
187 10.586021 95
188 1.744691 97
189 1.164568 95
190 0.514928 97
191 9.720253 95
192 0.636337 95
193 0.339726 95
194 0.486516 95
195 9.866779 95
196 0.611516 95
197 0.216863 95
198 0.198347 95
199 0.216316 95
200 16.003568 95
201 13.780117 94
202 12.465053 94
203 11.317903 93
204 10.678237 93
205 9.601548 93
206 8.949581 93
207 8.536903 93
208 12.887366 93
209 8.332194 93
210 7.806106 94
211 7.385628 94
212 6.747064 94
213 6.118215 93
214 5.268170 94
215 3.844763 93
216 3.919978 93
217 3.046312 93
218 2.546409 93
219 1.560925 93
220 1.306713 94
221 0.319713 94
222 0.338106 94
223 0.488925 93
224 0.420763 93
225 0.417638 94
226 0.284989 94
227 9.131043 94
228 0.633946 93
229 0.274543 94
230 0.302860 93
231 9.458505 93
232 0.731022 93
233 0.517613 93
234 0.473452 93
235 0.523086 93
236 0.282882 93
237 0.245747 95
238 0.449287 94
239 0.255309 94
240 0.246032 93
241 0.238817 93
242 0.266441 93
243 0.376731 93
244 0.279591 93
245 0.303351 94
246 0.282806 93
247 9.421720 93
248 0.639543 94
249 0.290290 93
250 16.274816 98
251 14.166439 98
252 13.145796 98
253 14.613786 98
254 12.384268 97
255 11.744429 98
256 11.266629 97
257 10.418402 97
258 9.442546 97
259 9.313184 98
260 8.090061 98
261 8.010969 97
262 7.282776 98
263 6.620939 98
264 5.674112 98
265 5.097378 98
266 4.503531 98
267 3.016469 98
268 2.699938 97
269 1.817000 97
270 0.951378 98
271 9.218500 98
272 9.704021 97
273 9.580663 98
274 9.530827 98
275 9.549714 98
276 0.630041 98
277 0.282806 98
278 0.263784 97
279 8.471711 97
280 0.621041 97
281 0.281773 97
282 0.246673 98
283 0.232784 97
284 0.301608 97
285 0.248515 97
286 0.262464 97
287 0.242367 98
288 0.251330 97
289 0.218500 98
290 0.377021 97
291 8.402649 97
292 0.618649 97
293 0.278622 98
294 0.285784 97
295 0.353165 97
296 0.458433 97
297 0.242816 98
298 0.251608 97
299 0.265143 98
300 16.271000 101
301 14.541079 101
302 13.307446 101
303 12.527190 100
304 11.617317 101
305 11.204713 101
306 10.927660 100
307 9.937170 100
308 9.030099 101
309 8.746000 100
310 8.485455 101
311 7.940020 101
312 7.460248 101
313 6.697880 100
314 5.773290 100
315 4.480050 101
316 4.014040 100
317 2.992059 101
318 2.986070 100
319 1.948810 100
320 1.274660 100
321 0.408337 101
322 0.569198 101
323 0.305780 100
324 0.380360 100
325 0.328069 101
326 0.291059 101
327 0.353850 100
328 0.507870 100
329 0.728670 100
330 0.529930 100
331 0.674780 100
332 0.698495 101
333 0.521830 100
334 0.472630 100
335 0.515720 100
336 0.544630 100
337 0.609990 100
338 9.158680 100
339 1.049950 100
340 0.645802 101
341 0.477390 100
342 0.519020 100
343 0.451350 100
344 0.474640 100
345 0.488430 100
346 0.456860 100
347 0.461040 100
348 0.309240 100
349 0.311550 100
350 17.471167 108
351 15.444120 108
352 14.639593 108
353 13.543439 107
354 12.690750 108
355 15.057925 107
356 14.863083 108
357 14.856083 108
358 14.733542 107
359 9.857009 107
360 8.336280 107
361 7.178898 108
362 13.166407 108
363 7.029748 107
364 12.661944 108
365 5.691299 107
366 11.978505 107
367 12.013435 108
368 3.612402 107
369 2.370374 107
370 10.557551 107
371 10.901065 107
372 10.488477 107
373 1.017917 108
374 9.854336 107
375 0.721308 107
376 0.194813 107
377 0.565822 107
378 9.485131 107
379 9.923879 107
380 1.065343 108
381 0.571269 108
382 0.804252 107
383 9.177692 107
384 9.441361 108
385 1.126407 108
386 0.589917 108
387 0.205185 108
388 8.610750 108
389 8.849271 107
390 8.787318 107
391 8.619593 108
392 0.912472 108
393 0.387252 107
394 7.742574 108
395 7.853556 108
396 0.471593 108
397 7.420778 108
398 7.530009 107
399 7.166495 107
400 16.472010 101
401 14.223059 101
402 13.744970 101
403 12.739560 100
404 14.685119 101
405 14.765149 101
406 14.942840 100
407 14.629040 101
408 10.456460 100
409 14.135495 101
410 19.999871 101
411 19.999800 100
412 19.999879 99
413 19.799760 100
414 19.999889 99
415 19.999768 99
416 19.999879 99
417 19.999778 99
418 19.799890 100
419 19.999727 99
420 19.999919 99
421 19.799830 100
422 19.999859 99
423 19.999737 99
424 19.799800 100
425 19.999747 99
426 19.999848 99
427 19.999717 99
428 19.999838 99
429 19.999796 98
430 19.999827 98
431 19.999786 98
432 19.797909 99
433 19.999806 98
434 19.999847 98
435 19.797828 99
436 19.797869 99
437 19.797828 99
438 19.999918 98
439 19.999755 98
440 19.599980 100
441 19.999796 98
442 19.999888 98
443 19.797798 99
444 19.797859 99
445 19.797838 99
446 19.797838 99
447 19.797747 99
448 19.797768 99
449 19.797889 99
450 19.999848 105
451 19.999837 104
452 19.999856 104
453 19.999845 103
454 19.999748 103
455 19.999777 103
456 19.807538 104
457 19.807500 104
458 19.807490 104
459 18.905667 105
460 1.224095 105
461 1.329505 105
462 0.576365 104
463 0.786390 105
464 0.464990 105
465 1.734438 105
466 0.972573 103
467 0.737845 103
468 0.534175 103
469 0.369745 102
470 0.597490 102
471 0.653333 102
472 0.594660 103
473 0.602902 102
474 0.582125 104
475 0.550000 103
476 0.534843 102
477 0.596212 104
478 0.628676 102
479 0.611627 102
480 0.630402 102
481 0.568942 103
482 19.585667 105
483 0.735657 105
484 0.195663 104
485 0.368495 105
486 0.946952 105
487 0.192865 104
488 0.212779 104
489 0.809657 105
490 0.942905 105
491 0.382231 104
492 0.177442 104
493 0.768895 105
494 0.219327 104
495 0.400462 104
496 1.712724 105
497 0.212577 104
498 0.760600 105
499 0.897057 105
500 1.003461 115
501 1.615165 115
502 0.373272 114
503 2.270443 115
504 1.570200 115
505 0.748737 114
506 0.831544 114
507 0.818316 114
508 1.543548 115
509 0.460175 114
510 3.512252 115
511 1.363322 115
512 1.501652 115
513 1.394661 115
514 1.672261 115
515 1.313330 115
516 2.535783 115
517 1.543078 115
518 1.679913 115
519 1.882757 115
520 1.592757 115
521 1.385478 115
522 1.343991 115
523 1.246226 115
524 1.725896 115
525 1.522730 115
526 1.850583 115
527 2.253965 115
528 1.378200 115
529 1.640774 115
530 1.713191 115
531 1.137386 114
532 1.500704 115
533 0.819913 115
534 0.766921 114
535 0.853687 115
536 0.857548 115
537 0.674504 115
538 2.296470 115
539 0.641009 114
540 1.244009 114
541 0.638339 115
542 1.400435 115
543 2.765009 115
544 1.311788 113
545 1.165930 115
546 10.316904 115
547 2.816583 115
548 1.560617 115
549 0.985175 114
550 3.330733 101
551 4.090465 101
552 1.059515 101
553 0.873812 101
554 0.692218 101
555 0.749960 101
556 0.968842 101
557 1.110901 101
558 0.925970 101
559 2.272267 101
560 0.938347 101
561 1.270743 101
562 0.879426 101
563 1.446406 101
564 1.047040 101
565 1.549990 101
566 0.828139 101
567 8.811802 101
568 1.862762 101
569 2.138297 101
570 0.702816 98
571 1.830198 101
572 0.940580 100
573 0.922030 100
574 0.960730 100
575 0.757550 100
576 0.788490 100
577 0.726900 100
578 1.836723 101
579 1.216139 101
580 1.286535 101
581 1.102347 101
582 1.051743 101
583 1.196198 101
584 1.343901 101
585 1.282594 101
586 2.093356 101
587 1.812564 101
588 1.852663 101
589 0.969069 101
590 0.513320 100
591 1.685436 101
592 2.036812 101
593 3.232069 101
594 2.371683 101
595 1.857673 101
596 1.784059 101
597 2.032960 101
598 3.003356 101
599 2.257990 101
600 2.607153 111
601 1.974973 111
602 2.071090 111
603 3.826288 111
604 1.964691 110
605 1.929800 110
606 1.809673 110
607 1.837782 110
608 2.878171 111
609 2.159640 111
610 1.465730 111
611 3.569649 111
612 1.907505 111
613 1.661791 110
614 1.830364 110
615 1.633127 110
616 3.374595 111
617 2.369373 110
618 3.842532 111
619 1.042781 105
620 3.686459 111
621 2.309811 111
622 9.125622 111
623 7.567700 110
624 3.105766 111
625 3.083400 110
626 2.196477 111
627 1.706118 110
628 1.637491 110
629 1.316200 110
630 2.132514 111
631 1.502892 111
632 0.627727 110
633 0.556609 110
634 2.022090 111
635 1.738600 110
636 1.965541 111
637 2.005757 111
638 1.899703 111
639 3.402207 111
640 3.204270 111
641 2.954312 109
642 2.855252 111
643 2.885622 111
644 2.099279 111
645 2.055414 111
646 2.036468 111
647 1.819514 111
648 1.515315 111
649 1.613198 111
650 18.231047 106
651 1.896981 106
652 0.562838 105
653 1.750387 106
654 1.977764 106
655 4.115047 106
656 1.162695 105
657 3.307849 106
658 1.922123 106
659 10.406462 106
660 1.267390 105
661 2.033858 106
662 0.834105 105
663 1.888170 106
664 1.712311 106
665 3.751877 106
666 3.491509 106
667 2.125387 106
668 0.692571 105
669 1.885877 106
670 0.490394 104
671 1.900038 106
672 2.089028 106
673 1.104495 105
674 3.107104 106
675 3.121613 106
676 3.946802 106
677 1.056840 106
678 2.161396 106
679 3.097189 106
680 1.627443 106
681 5.189840 106
682 2.575019 106
683 19.758094 106
684 1.417425 106
685 1.378425 106
686 1.391575 106
687 2.430358 106
688 2.724406 106
689 1.393943 106
690 1.539443 106
691 2.226519 106
692 2.753547 106
693 3.335500 106
694 2.319660 106
695 1.592208 106
696 1.187934 106
697 13.985538 106
698 4.336821 106
699 1.201642 106
700 4.296663 95
701 4.026074 95
702 3.947526 95
703 2.896705 95
704 1.906284 95
705 4.291316 95
706 3.080916 95
707 2.160189 95
708 1.975737 95
709 2.004263 95
710 4.417653 95
711 3.941811 95
712 3.381979 95
713 2.226042 95
714 5.642884 95
715 1.976842 95
716 8.014242 95
717 2.438347 95
718 3.737663 95
719 2.398137 95
720 3.259274 95
721 3.168400 95
722 2.210158 95
723 1.765379 95
724 1.765853 95
725 2.442116 95
726 20.000000 95
727 19.999851 94
728 19.789389 95
729 19.999840 94
730 19.999883 94
731 19.999798 94
732 19.999957 94
733 19.789305 95
734 19.999979 94
735 19.997777 94
736 1.244558 95
737 1.868505 95
738 2.116916 95
739 0.931213 94
740 0.986128 94
741 0.895253 95
742 0.248415 94
743 0.260926 94
744 0.996137 95
745 0.911779 95
746 1.216947 95
747 0.440787 94
748 0.442021 94
749 0.694368 95
750 2.251732 97
751 1.686948 97
752 1.263299 97
753 0.477813 96
754 1.282186 97
755 2.246072 97
756 2.485320 97
757 5.666165 97
758 1.005396 96
759 1.241309 97
760 1.085240 96
761 1.603375 96
762 3.012041 97
763 0.640406 96
764 0.611021 96
765 1.728897 97
766 1.560742 97
767 0.601833 96
768 1.982474 97
769 1.443779 95
770 0.534211 95
771 2.786464 97
772 3.797688 96
773 9.161227 97
774 1.780361 97
775 1.765392 97
776 2.072485 97
777 1.883928 97
778 4.647495 97
779 1.657361 97
780 1.404876 97
781 1.333495 97
782 1.796371 97
783 1.977969 97
784 1.175979 97
785 1.324371 97
786 0.491802 96
787 1.438247 97
788 0.802906 96
789 1.530412 97
790 1.389928 97
791 2.554361 97
792 0.514198 96
793 1.552897 97
794 1.355732 97
795 1.543340 97
796 1.228052 97
797 1.263649 97
798 1.224814 97
799 1.214454 97
800 3.266370 108
801 1.294657 108
802 1.172056 108
803 16.884935 108
804 1.247037 107
805 1.707889 108
806 1.322472 108
807 1.840667 108
808 1.827231 108
809 1.531352 108
810 0.601028 107
811 1.428491 108
812 2.069917 108
813 0.529832 107
814 1.599889 108
815 1.603074 108
816 2.755324 108
817 12.396194 108
818 13.849324 108
819 14.717426 108
820 15.091259 108
821 14.837602 108
822 1.088704 108
823 1.070361 108
824 6.892731 108
825 1.132676 108
826 1.343222 108
827 1.286426 108
828 1.048574 108
829 1.382361 108
830 2.282870 108
831 2.443407 108
832 2.484213 108
833 1.023500 108
834 0.885278 108
835 1.159843 108
836 1.102685 108
837 1.334028 108
838 0.858343 108
839 0.818991 108
840 1.804500 108
841 3.668935 108
842 0.864139 108
843 0.750556 108
844 1.025713 108
845 0.869407 108
846 2.297083 108
847 0.685222 108
848 0.657843 108
849 1.574417 108
850 8.697381 105
851 2.811733 105
852 1.214067 104
853 1.379295 105
854 1.638705 105
855 0.944346 104
856 1.162115 104
857 1.785943 105
858 0.879846 104
859 1.001471 104
860 1.282648 105
861 1.388543 105
862 1.551762 105
863 2.056590 105
864 1.431943 105
865 1.278229 105
866 2.792924 105
867 16.836135 104
868 3.939913 104
869 4.450827 104
870 17.485485 103
871 5.502433 104
872 17.646165 103
873 5.926184 103
874 5.884154 104
875 5.934854 103
876 5.315385 104
877 5.216883 103
878 4.892583 103
879 4.261845 103
880 3.852233 103
881 3.689563 103
882 3.312155 103
883 2.986447 103
884 2.911350 103
885 2.791563 103
886 2.366000 103
887 2.165515 103
888 1.900686 105
889 1.911757 103
890 1.664398 103
891 1.328417 103
892 15.981448 105
893 18.390173 104
894 16.200154 104
895 1.426771 105
896 0.222721 104
897 0.205519 104
898 0.764086 105
899 0.211538 104
900 1.156330 100
901 1.722010 100
902 2.970710 100
903 1.630545 99
904 1.521190 100
905 1.777670 100
906 0.549909 99
907 0.576737 99
908 1.793590 100
909 0.562485 99
910 0.507414 99
911 1.720770 100
912 0.675626 99
913 0.632879 99
914 6.403040 100
915 1.108969 98
916 1.458170 100
917 20.000000 100
918 19.999837 98
919 19.999980 98
920 19.999806 98
921 19.999990 98
922 19.999786 98
923 19.999908 98
924 19.797687 99
925 19.999939 98
926 19.999704 98
927 19.999939 98
928 19.999653 98
929 19.999929 98
930 19.997847 98
931 0.984590 100
932 3.007590 100
933 2.213434 99
934 1.482768 99
935 1.107657 99
936 2.759455 99
937 1.579190 100
938 1.236626 99
939 1.473630 100
940 0.171232 99
941 0.199030 99
942 0.186081 99
943 0.171717 99
944 1.314550 100
945 0.672120 100
946 0.571010 99
947 0.415111 99
948 0.745630 100
949 0.202424 99
950 0.819282 103
951 0.548709 103
952 1.368505 103
953 0.844235 102
954 1.610971 103
955 0.821657 102
956 1.223515 103
957 0.367676 102
958 0.320255 102
959 0.400931 102
960 1.379097 103
961 0.490206 102
962 0.515745 102
963 0.447359 103
964 1.360107 103
965 1.743835 103
966 0.471627 102
967 5.185262 103
968 3.691853 102
969 3.825343 102
970 3.808446 101
971 3.771802 101
972 2.101107 103
973 1.142835 103
974 1.323311 103
975 0.466863 102
976 1.268485 103
977 1.532019 103
978 0.978330 103
979 1.233913 103
980 1.412660 103
981 10.708573 103
982 1.014324 102
983 1.736087 103
984 1.187738 103
985 2.426951 103
986 9.825592 103
987 1.135748 103
988 1.203408 103
989 3.408961 103
990 1.380485 103
991 1.238262 103
992 1.209660 103
993 1.135107 103
994 1.312825 103
995 1.437214 103
996 0.865680 103
997 1.278155 103
998 1.059883 103
999 1.282184 103
1000 1.349889 81
1001 1.141383 81
1002 2.721914 81
1003 1.508370 81
1004 1.166247 81
1005 1.331247 81
1006 1.329494 81
1007 1.065321 81
1008 2.381852 81
1009 1.366691 81
1010 1.425160 81
1011 1.445259 81
1012 1.349654 81
1013 1.856802 81
1014 1.410679 81
1015 1.708951 81
1016 1.549951 81
1017 0.432432 81
1018 0.453037 80
1019 0.429500 80
1020 0.416738 80
1021 0.402512 80
1022 0.427463 80
1023 0.415625 80
1024 0.560337 80
1025 0.403225 80
1026 0.398512 80
1027 0.452975 80
1028 0.379000 81
1029 0.503000 80
1030 0.607112 80
1031 0.374063 80
1032 1.107346 81
1033 0.326462 80
1034 0.346625 80
1035 1.175778 81
1036 0.352900 80
1037 1.312123 81
1038 0.604235 81
1039 0.622173 81
1040 0.855210 81
1041 0.360469 81
1042 0.954296 81
1043 1.688432 81
1044 0.565013 80
1045 0.477713 80
1046 1.159284 81
1047 0.465600 80
1048 0.416650 80
1049 6.123593 81
1050 6.413422 102
1051 5.880324 102
1052 5.392412 102
1053 0.963216 102
1054 0.383000 102
1055 1.219353 102
1056 0.413941 102
1057 0.515618 102
1058 1.012382 102
1059 0.514824 102
1060 0.536186 102
1061 2.007667 102
1062 1.585147 102
1063 1.022804 102
1064 1.427451 102
1065 0.778480 102
1066 2.300157 102
1067 0.667676 102
1068 0.967941 102
1069 0.803108 102
1070 0.590098 102
1071 0.866010 102
1072 0.814098 102
1073 0.866539 102
1074 2.164814 102
1075 0.671304 102
1076 0.735804 102
1077 0.767598 102
1078 0.893549 102
1079 1.848078 102
1080 0.623627 102
1081 0.527333 102
1082 1.141598 102
1083 1.024990 102
1084 0.840706 102
1085 0.396510 102
1086 0.543000 102
1087 1.622392 102
1088 0.758941 102
1089 0.776168 101
1090 1.271529 102
1091 0.981297 101
1092 0.791545 101
1093 0.833119 101
1094 1.382137 102
1095 1.187049 102
1096 0.968892 102
1097 0.533490 102
1098 0.445284 102
1099 0.401784 102
1100 0.996009 116
1101 1.349431 116
1102 8.417530 115
1103 1.507078 116
1104 1.452095 116
1105 1.370940 116
1106 1.798198 116
1107 1.497078 116
1108 1.593534 116
1109 0.379826 115
1110 0.411078 115
1111 0.390217 115
1112 6.395957 116
1113 1.843739 115
1114 1.381155 116
1115 1.307026 116
1116 1.149991 116
1117 1.406948 116
1118 1.517345 116
1119 1.696681 116
1120 0.991345 116
1121 1.185748 115
1122 1.377129 116
1123 0.357828 116
1124 0.435191 115
1125 9.764500 116
1126 1.187819 116
1127 0.427819 116
1128 0.338207 116
1129 1.202259 116
1130 1.364793 116
1131 1.370784 116
1132 19.827638 116
1133 19.825774 115
1134 1.223336 116
1135 0.984991 116
1136 1.199302 116
1137 1.385345 116
1138 0.460395 114
1139 2.443767 116
1140 1.496181 116
1141 1.384913 115
1142 1.231250 116
1143 1.551595 116
1144 0.675878 115
1145 1.065940 116
1146 0.875362 116
1147 0.932435 115
1148 0.753405 116
1149 0.875250 116
1150 0.987330 106
1151 0.385019 106
1152 0.395905 105
1153 1.642377 106
1154 0.670305 105
1155 0.603162 105
1156 19.811330 106
1157 19.809390 105
1158 1.970255 106
1159 0.630238 105
1160 2.278953 106
1161 0.778314 105
1162 1.425585 106
1163 0.928829 105
1164 0.571667 105
1165 1.949519 106
1166 1.579179 106
1167 1.440226 106
1168 1.194075 106
1169 0.465255 106
1170 1.728547 106
1171 0.692657 105
1172 1.684509 106
1173 0.714200 105
1174 2.020613 106
1175 0.818924 105
1176 1.864160 106
1177 0.713548 104
1178 1.649642 106
1179 0.781895 105
1180 1.527660 106
1181 0.644067 105
1182 1.209264 106
1183 1.375840 106
1184 1.336123 106
1185 0.520229 105
1186 1.075302 106
1187 0.989953 106
1188 2.010972 106
1189 1.088142 106
1190 1.685991 106
1191 1.146877 106
1192 2.004075 106
1193 0.980528 106
1194 0.380448 105
1195 1.010189 106
1196 0.339981 105
1197 0.934934 106
1198 1.193406 106
1199 0.302152 105
1200 1.546057 106
1201 0.670821 106
1202 1.125142 106
1203 0.280594 106
1204 1.135066 106
1205 0.468151 106
1206 2.056208 106
1207 0.717934 106
1208 1.007991 106
1209 0.822821 106
1210 12.126509 106
1211 3.123302 106
1212 6.754783 106
1213 1.992358 106
1214 3.127736 106
1215 3.375189 106
1216 1.166774 106
1217 1.260358 106
1218 0.915142 106
1219 1.071613 106
1220 1.466736 106
1221 14.083830 106
1222 1.753764 106
1223 1.176349 106
1224 1.445651 106
1225 9.875274 106
1226 1.182415 106
1227 7.560830 106
1228 0.908387 106
1229 0.881830 106
1230 2.380538 106
1231 1.221745 106
1232 0.766660 106
1233 0.974462 106
1234 1.360868 106
1235 2.172387 106
1236 0.779387 106
1237 0.874406 106
1238 0.723896 106
1239 0.709830 106
1240 0.283594 106
1241 1.090047 106
1242 0.992962 106
1243 16.281792 106
1244 0.620340 106
1245 2.792528 106
1246 2.869906 106
1247 1.008208 106
1248 1.030783 106
1249 1.083585 106
1250 3.600981 106
1251 1.454094 106
1252 0.428867 105
1253 0.454495 105
1254 1.916358 106
1255 1.501236 106
1256 0.943486 105
1257 3.144094 106
1258 0.819906 106
1259 1.680132 106
1260 1.946123 106
1261 1.644764 106
1262 2.040858 106
1263 1.455858 106
1264 2.029396 106
1265 1.780972 106
1266 0.673171 105
1267 1.790349 106
1268 2.734170 106
1269 1.871528 106
1270 0.580577 104
1271 0.353010 105
1272 0.387019 104
1273 0.332571 105
1274 0.427577 104
1275 0.401349 106
1276 0.368510 104
1277 4.103368 106
1278 20.000000 106
1279 0.789906 106
1280 1.318679 106
1281 7.502764 106
1282 1.493717 106
1283 1.134358 106
1284 1.064123 106
1285 1.035170 106
1286 0.198162 105
1287 0.199905 105
1288 0.316245 106
1289 0.200104 106
1290 5.414075 106
1291 1.025566 106
1292 1.002585 106
1293 0.658123 106
1294 0.865151 106
1295 3.767481 106
1296 0.728425 106
1297 0.718774 106
1298 1.816519 106
1299 1.026566 106
1300 1.282185 108
1301 0.549287 108
1302 0.551194 108
1303 1.636796 108
1304 0.759533 107
1305 2.017185 108
1306 2.783713 108
1307 1.758917 108
1308 0.583776 107
1309 0.597636 107
1310 1.468796 108
1311 0.392132 106
1312 0.395604 106
1313 0.362000 107
1314 2.799667 108
1315 1.231565 108
1316 0.655472 108
1317 1.402861 108
1318 1.511398 108
1319 0.508860 107
1320 1.240565 108
1321 0.507019 107
1322 11.022694 108
1323 7.246514 107
1324 1.255324 108
1325 1.599722 108
1326 10.523583 108
1327 1.949444 108
1328 1.451824 108
1329 5.056222 108
1330 1.862019 108
1331 1.464861 108
1332 1.351630 108
1333 1.451074 108
1334 1.398111 108
1335 0.753602 108
1336 0.699579 107
1337 0.794374 107
1338 0.920093 107
1339 0.487327 107
1340 0.441168 107
1341 0.491766 107
1342 0.596383 107
1343 0.538611 108
1344 0.465336 107
1345 0.492271 107
1346 0.433084 107
1347 0.546963 107
1348 0.503130 108
1349 0.809411 107
1350 1.508556 99
1351 1.263354 99
1352 1.420152 99
1353 1.083475 99
1354 1.398980 99
1355 1.200202 99
1356 1.114313 99
1357 0.872313 99
1358 0.868242 99
1359 1.180697 99
1360 1.600758 99
1361 1.190939 99
1362 0.867444 99
1363 1.157081 99
1364 1.273808 99
1365 0.917889 99
1366 1.275418 98
1367 0.861418 98
1368 0.957837 98
1369 0.806918 98
1370 0.847980 98
1371 0.862663 98
1372 1.014653 98
1373 0.844173 98
1374 0.982173 98
1375 0.989622 98
1376 0.766316 98
1377 0.862276 98
1378 0.766898 98
1379 0.853717 99
1380 0.557010 98
1381 0.667061 98
1382 0.636082 98
1383 0.954388 98
1384 0.749510 98
1385 0.789286 98
1386 2.036121 99
1387 1.671184 98
1388 0.700202 99
1389 0.539500 98
1390 0.797316 98
1391 0.829182 99
1392 0.891687 99
1393 1.764827 98
1394 0.836343 99
1395 0.952582 98
1396 0.464232 99
1397 0.744929 98
1398 0.728643 98
1399 1.000357 98
1400 1.647011 94
1401 1.004376 93
1402 2.351606 94
1403 0.517914 93
1404 0.660849 93
1405 0.800656 93
1406 0.574839 93
1407 1.770183 93
1408 0.490667 93
1409 0.604247 93
1410 0.779301 93
1411 0.742720 93
1412 0.706043 93
1413 0.935086 93
1414 1.073441 93
1415 0.698581 93
1416 1.047419 93
1417 1.930713 94
1418 1.540366 93
1419 0.774226 93
1420 1.015624 93
1421 0.618516 93
1422 0.998022 93
1423 0.527946 93
1424 1.749882 93
1425 0.880989 93
1426 0.791129 93
1427 0.963226 93
1428 0.912447 94
1429 0.956935 93
1430 0.768473 93
1431 0.670602 93
1432 1.026634 93
1433 1.394181 94
1434 0.409613 93
1435 20.000000 94
1436 19.862660 94
1437 19.999915 94
1438 19.786894 94
1439 19.999968 93
1440 3.945840 94
1441 0.242849 93
1442 0.997787 94
1443 9.104255 94
1444 0.965484 93
1445 0.517548 93
1446 0.429269 93
1447 0.701043 93
1448 0.632441 93
1449 18.200585 94
1450 1.375056 89
1451 0.948292 89
1452 0.760236 89
1453 0.670045 89
1454 19.883483 89
1455 6.907483 89
1456 2.029708 89
1457 1.443865 89
1458 1.089933 89
1459 9.023461 89
1460 1.500865 89
1461 0.704326 89
1462 1.489281 89
1463 0.988517 89
1464 2.283225 89
1465 1.208303 89
1466 0.669202 89
1467 0.609809 89
1468 18.025528 89
1469 18.198191 89
1470 1.282573 89
1471 1.410056 89
1472 0.812614 88
1473 0.662500 88
1474 1.276157 89
1475 0.732573 89
1476 1.145528 89
1477 0.569899 89
1478 1.293674 89
1479 1.166360 89
1480 1.226393 89
1481 1.328090 89
1482 1.394169 89
1483 1.168067 89
1484 1.460596 89
1485 1.876742 89
1486 1.164843 89
1487 1.140562 89
1488 1.228045 89
1489 1.046618 89
1490 0.950337 89
1491 1.086708 89
1492 1.095236 89
1493 0.992315 89
1494 2.355517 89
1495 3.107303 89
1496 2.049640 89
1497 1.238551 89
1498 0.974281 89
1499 1.337213 89
1500 2.673745 102
1501 1.519176 102
1502 2.409706 102
1503 1.229863 102
1504 1.453794 102
1505 1.452735 102
1506 1.365539 102
1507 1.741971 102
1508 1.561804 102
1509 1.288912 102
1510 1.418824 102
1511 2.179824 102
1512 1.793020 102
1513 2.167882 102
1514 2.010598 102
1515 1.456588 102
1516 0.591167 102
1517 2.161108 102
1518 3.538049 102
1519 5.318078 102
1520 20.000000 102
1521 1.491147 102
1522 0.415255 102
1523 0.562545 101
1524 0.288891 101
1525 0.404347 101
1526 0.942495 101
1527 0.300911 101
1528 0.543931 102
1529 0.663637 102
1530 0.609275 102
1531 0.547578 102
1532 1.344637 102
1533 0.354812 101
1534 0.289683 101
1535 0.319891 101
1536 5.243373 102
1537 0.550436 101
1538 0.516475 101
1539 0.539653 101
1540 1.491412 102
1541 1.077118 102
1542 1.099525 101
1543 1.075832 101
1544 1.298713 101
1545 1.155412 102
1546 1.302931 102
1547 1.207529 102
1548 1.935451 102
1549 0.588822 101
1550 1.328314 118
1551 1.869110 118
1552 1.923347 118
1553 1.586729 118
1554 1.759381 118
1555 1.680763 118
1556 3.693593 118
1557 1.361297 118
1558 1.493517 118
1559 1.276102 118
1560 1.201237 118
1561 1.995237 118
1562 0.990458 118
1563 1.754254 118
1564 1.520076 118
1565 0.613265 117
1566 0.590607 117
1567 0.481831 118
1568 7.650797 118
1569 6.122564 117
1570 7.500085 117
1571 1.319949 118
1572 0.801274 117
1573 1.676805 118
1574 0.882822 118
1575 13.942669 118
1576 1.851517 118
1577 1.341525 118
1578 1.665517 118
1579 1.704831 118
1580 1.271051 118
1581 0.391214 117
1582 0.521769 117
1583 0.542692 117
1584 3.578263 118
1585 2.355424 118
1586 19.948254 118
1587 19.999915 117
1588 19.937402 117
1589 19.808752 117
1590 18.999214 117
1591 18.828872 117
1592 19.549443 115
1593 19.584448 116
1594 19.827783 115
1595 19.808304 115
1596 19.355443 115
1597 18.910626 115
1598 0.977958 118
1599 0.386034 117
1600 0.808373 110
1601 1.145500 110
1602 0.526445 110
1603 0.507991 110
1604 0.512418 110
1605 0.951536 110
1606 0.329818 110
1607 0.328564 110
1608 1.005245 110
1609 0.302636 110
1610 0.356509 110
1611 0.921755 110
1612 0.335082 110
1613 1.070464 110
1614 0.455418 110
1615 1.166591 110
1616 0.542118 110
1617 0.530491 110
1618 0.519018 110
1619 0.540645 110
1620 2.607400 110
1621 1.365073 110
1622 0.874655 110
1623 17.660109 110
1624 1.543745 110
1625 0.497257 109
1626 1.555864 110
1627 0.355564 110
1628 1.213036 110
1629 0.380136 110
1630 1.820636 110
1631 0.982464 110
1632 1.664055 110
1633 0.773500 110
1634 1.049027 110
1635 1.861727 110
1636 1.512827 110
1637 0.684800 110
1638 0.569800 110
1639 1.199782 110
1640 1.214927 110
1641 1.080709 110
1642 0.882645 110
1643 0.365282 110
1644 0.898673 110
1645 0.278655 110
1646 1.125336 110
1647 0.308927 110
1648 1.288600 110
1649 1.285227 110
1650 0.878906 96
1651 1.346469 96
1652 1.364667 96
1653 1.841917 96
1654 19.096667 96
1655 1.933458 96
1656 1.288115 96
1657 1.451844 96
1658 1.396000 96
1659 1.274677 96
1660 1.093927 96
1661 1.059229 96
1662 1.424292 96
1663 1.162167 96
1664 2.870760 96
1665 0.619146 96
1666 0.610750 96
1667 1.557896 96
1668 0.439074 95
1669 0.545063 95
1670 1.794250 96
1671 0.407660 94
1672 18.636281 96
1673 18.286458 96
1674 17.989758 95
1675 18.475938 96
1676 18.639853 95
1677 19.060042 96
1678 18.778284 95
1679 14.927263 95
1680 18.424147 95
1681 2.265073 96
1682 0.853365 96
1683 0.177547 95
1684 0.174979 96
1685 1.490875 96
1686 0.684632 95
1687 2.158969 96
1688 1.341905 95
1689 1.156926 95
1690 3.877021 95
1691 1.024737 95
1692 3.799021 95
1693 2.061305 95
1694 0.913800 95
1695 0.419447 94
1696 0.841484 95
1697 0.436532 94
1698 1.144253 95
1699 0.400787 94
1700 1.158547 95
1701 0.545063 95
1702 0.451463 95
1703 3.446316 95
1704 2.763191 94
1705 1.409684 95
1706 0.748043 94
1707 0.874979 94
1708 0.657840 94
1709 0.523340 94
1710 2.063895 95
1711 0.839547 95
1712 0.826777 94
1713 0.918702 94
1714 1.881558 95
1715 1.891968 95
1716 1.792663 95
1717 0.643426 94
1718 0.684606 94
1719 1.916253 95
1720 1.742453 95
1721 1.858811 95
1722 2.149989 95
1723 1.309326 95
1724 2.125116 95
1725 2.128505 95
1726 10.381905 95
1727 3.188242 95
1728 1.870085 94
1729 2.418189 95
1730 1.866726 95
1731 1.504589 95
1732 1.228737 95
1733 2.749516 95
1734 1.524274 95
1735 1.186337 95
1736 1.288568 95
1737 1.250989 95
1738 1.156800 95
1739 1.830558 95
1740 1.382832 95
1741 1.274800 95
1742 6.358021 95
1743 1.763800 95
1744 0.970547 95
1745 1.167347 95
1746 1.068158 95
1747 2.852695 95
1748 2.550326 95
1749 1.811589 95
1750 1.729437 119
1751 1.320647 119
1752 1.346118 119
1753 1.274655 119
1754 0.481311 119
1755 0.531193 119
1756 1.892261 119
1757 1.230042 119
1758 1.498992 119
1759 2.777084 119
1760 1.790849 119
1761 1.358773 119
1762 0.828252 119
1763 1.000580 119
1764 0.778437 119
1765 0.705756 119
1766 0.908109 119
1767 1.085244 119
1768 1.587387 119
1769 1.388311 119
1770 1.253849 119
1771 1.329160 119
1772 2.301395 119
1773 1.335849 119
1774 1.744227 119
1775 1.759244 119
1776 16.859739 119
1777 16.700866 119
1778 16.562387 119
1779 1.056395 119
1780 1.274697 119
1781 5.648361 119
1782 5.745555 119
1783 6.973227 119
1784 7.803815 119
1785 1.194328 119
1786 2.979000 119
1787 7.550347 118
1788 0.923588 119
1789 0.968303 119
1790 0.768269 119
1791 11.256479 119
1792 0.937647 119
1793 0.268235 119
1794 0.272513 119
1795 1.053067 119
1796 0.985487 119
1797 0.433546 119
1798 1.274815 119
1799 0.942261 119
1800 1.463374 115
1801 1.051226 115
1802 1.589261 115
1803 1.778991 115
1804 0.830482 114
1805 1.690296 115
1806 1.866374 115
1807 1.692922 115
1808 1.863235 115
1809 1.975530 115
1810 1.839478 115
1811 16.893243 115
1812 2.227330 115
1813 2.361470 115
1814 0.688165 115
1815 0.741026 114
1816 2.127061 115
1817 1.196470 115
1818 1.498304 115
1819 1.515191 115
1820 1.379965 115
1821 5.690325 114
1822 3.583930 114
1823 0.669930 114
1824 0.681737 114
1825 1.399435 115
1826 1.298652 115
1827 8.056583 115
1828 7.907553 114
1829 6.924566 113
1830 1.626983 115
1831 2.279583 115
1832 1.225088 114
1833 1.414443 115
1834 1.990261 115
1835 1.153078 115
1836 0.304895 114
1837 1.206417 115
1838 1.564009 115
1839 1.352096 115
1840 1.133157 115
1841 1.311817 115
1842 1.460339 115
1843 1.331696 115
1844 1.234339 115
1845 1.083904 115
1846 1.065922 115
1847 19.331487 115
1848 19.120070 115
1849 1.130443 115
1850 1.908000 107
1851 1.916561 107
1852 18.672981 107
1853 2.141944 107
1854 0.722781 105
1855 0.546990 105
1856 2.046131 107
1857 2.340327 107
1858 1.728168 107
1859 1.390991 107
1860 1.643271 107
1861 1.699505 107
1862 9.691832 107
1863 2.430000 107
1864 0.766238 105
1865 0.578509 106
1866 1.801196 107
1867 0.633876 105
1868 1.952505 107
1869 1.171151 106
1870 1.685963 107
1871 1.573869 107
1872 11.981963 107
1873 12.777084 107
1874 12.990636 107
1875 1.407140 107
1876 1.507308 107
1877 1.134252 107
1878 0.354047 106
1879 0.461623 106
1880 0.978981 107
1881 0.642626 107
1882 0.723085 106
1883 0.279934 106
1884 1.508813 107
1885 0.308547 106
1886 0.333340 106
1887 3.225542 107
1888 2.415318 107
1889 1.092670 106
1890 2.167514 107
1891 0.765776 107
1892 1.040252 107
1893 0.900000 107
1894 1.226963 107
1895 0.584915 106
1896 0.426075 106
1897 1.372009 107
1898 1.143841 107
1899 0.960991 107
1900 1.945519 108
1901 17.520324 108
1902 2.085722 108
1903 4.067454 108
1904 2.660083 108
1905 2.417083 108
1906 1.860682 107
1907 2.405196 107
1908 1.948112 107
1909 1.958505 107
1910 1.916981 107
1911 1.715617 107
1912 1.795907 108
1913 0.555132 106
1914 0.609029 105
1915 0.597519 106
1916 0.620352 105
1917 0.639311 106
1918 0.484857 105
1919 0.453708 106
1920 0.680714 105
1921 0.492557 106
1922 0.511271 107
1923 0.563179 106
1924 0.592467 105
1925 0.358132 106
1926 0.431914 105
1927 0.456093 107
1928 0.442538 106
1929 0.487755 106
1930 0.446638 105
1931 0.510557 106
1932 0.440566 106
1933 0.568368 106
1934 0.554067 105
1935 0.414790 105
1936 2.562935 108
1937 0.423198 106
1938 0.438066 106
1939 1.561074 108
1940 0.519925 107
1941 0.484168 107
1942 4.222898 108
1943 1.218917 108
1944 0.457065 107
1945 0.587551 107
1946 0.509477 107
1947 1.228750 108
1948 0.357542 107
1949 15.281065 108
1950 1.112225 102
1951 14.804647 102
1952 1.203990 102
1953 1.352451 102
1954 1.383412 102
1955 0.438881 101
1956 1.366314 102
1957 2.089029 102
1958 1.606020 102
1959 0.461802 101
1960 0.994216 102
1961 4.676225 102
1962 19.999716 102
1963 19.999667 102
1964 1.884931 102
1965 3.875578 102
1966 1.368765 102
1967 1.816216 102
1968 1.203225 102
1969 0.999765 102
1970 1.487088 102
1971 16.818853 102
1972 1.897098 102
1973 1.557618 102
1974 2.062441 102
1975 1.380549 102
1976 1.106343 102
1977 1.166245 102
1978 1.138608 102
1979 2.763324 102
1980 1.496804 102
1981 0.966843 102
1982 0.307363 102
1983 0.265347 101
1984 0.269594 101
1985 1.727461 102
1986 0.927990 101
1987 0.986218 101
1988 0.906559 102
1989 0.402228 101
1990 1.201529 102
1991 0.278446 101
1992 0.474549 102
1993 0.302347 101
1994 0.866069 102
1995 0.264525 101
1996 0.250663 101
1997 3.414216 102
1998 2.480218 101
1999 2.406228 101
2000 4.555513 115
2001 4.401374 115
2002 4.506348 115
2003 4.732947 114
2004 2.271513 115
2005 1.893391 115
2006 1.022289 114
2007 1.768687 115
2008 0.547655 113
2009 1.393835 115
2010 1.914640 114
2011 1.892739 115
2012 0.438123 114
2013 0.589114 114
2014 1.290826 115
2015 1.648417 115
2016 2.241548 115
2017 2.395217 115
2018 1.196313 115
2019 2.335165 115
2020 2.223469 113
2021 1.568070 115
2022 19.282800 115
2023 1.268035 115
2024 2.078261 115
2025 2.540913 115
2026 1.560513 115
2027 1.531852 115
2028 1.311565 115
2029 8.434870 115
2030 1.748113 115
2031 1.538096 115
2032 1.104748 115
2033 1.427374 115
2034 2.856339 115
2035 1.715243 115
2036 1.788183 115
2037 5.199696 115
2038 1.455661 115
2039 1.043252 115
2040 1.282061 115
2041 0.435614 114
2042 0.558526 114
2043 2.653730 115
2044 1.340114 114
2045 0.750374 115
2046 0.202816 114
2047 0.249763 114
2048 0.186825 114
2049 0.721791 115
2050 17.471565 115
2051 17.127722 115
2052 17.008870 115
2053 1.367383 115
2054 0.487209 115
2055 0.487664 113
2056 1.145174 115
2057 1.262763 114
2058 0.319922 115
2059 0.399000 114
2060 0.372219 114
2061 0.432298 114
2062 1.825409 115
2063 1.703122 115
2064 1.480956 114
2065 0.446693 114
2066 1.554165 115
2067 2.068652 115
2068 1.077043 115
2069 1.296974 115
2070 2.032243 115
2071 2.119948 115
2072 1.305800 115
2073 1.152835 115
2074 1.123887 115
2075 2.656583 115
2076 1.238087 115
2077 0.444684 114
2078 1.793783 115
2079 0.613026 115
2080 1.120009 114
2081 1.347704 115
2082 1.962730 115
2083 1.326774 115
2084 1.446148 115
2085 1.324035 115
2086 1.409870 115
2087 1.468896 115
2088 1.462896 115
2089 1.832861 115
2090 1.423339 115
2091 1.279991 115
2092 3.874357 115
2093 1.288579 114
2094 1.541643 115
2095 1.518722 115
2096 17.274522 115
2097 15.867079 114
2098 12.651491 114
2099 4.407325 114
2100 7.878104 106
2101 8.542829 105
2102 19.185790 105
2103 12.216557 106
2104 6.517279 104
2105 0.842381 105
2106 1.814142 106
2107 2.543264 106
2108 1.698698 106
2109 1.996547 106
2110 1.992538 106
2111 1.676943 106
2112 1.471075 106
2113 2.765528 106
2114 0.997592 103
2115 0.799375 104
2116 0.836350 103
2117 0.580485 103
2118 0.920288 104
2119 0.865583 103
2120 0.663864 103
2121 0.635437 103
2122 0.809029 103
2123 0.474981 104
2124 1.345010 104
2125 0.527712 104
2126 4.348274 106
2127 2.097462 106
2128 1.266151 106
2129 0.722133 105
2130 0.882352 105
2131 1.104142 106
2132 0.744708 106
2133 1.378651 106
2134 1.573764 106
2135 0.378802 106
2136 5.005434 106
2137 4.655571 105
2138 1.572057 106
2139 1.274585 106
2140 1.030179 106
2141 1.027000 106
2142 2.936481 106
2143 0.935689 106
2144 3.574821 106
2145 1.486330 106
2146 0.431638 105
2147 1.315047 106
2148 0.526349 106
2149 0.946811 106
2150 1.928010 99
2151 16.905919 99
2152 1.853535 99
2153 0.714163 98
2154 0.759061 98
2155 2.607404 99
2156 2.137384 99
2157 0.918010 98
2158 2.609818 99
2159 2.178061 99
2160 19.202707 99
2161 19.999768 99
2162 19.999735 98
2163 19.797737 99
2164 19.999612 98
2165 19.999592 98
2166 19.999694 98
2167 19.999643 98
2168 19.999622 98
2169 19.797636 99
2170 19.999694 98
2171 19.999694 98
2172 19.997735 98
2173 19.999622 98
2174 19.999735 98
2175 19.797626 99
2176 19.999663 98
2177 19.797586 99
2178 19.999663 98
2179 19.797636 99
2180 19.999663 98
2181 19.999612 98
2182 19.999602 98
2183 19.999622 98
2184 19.999673 98
2185 19.797646 99
2186 19.999673 98
2187 19.999622 98
2188 19.999653 98
2189 19.999622 98
2190 19.999633 98
2191 19.999612 98
2192 19.999653 98
2193 19.997296 98
2194 19.999643 98
2195 19.999673 98
2196 19.999673 98
2197 19.797636 99
2198 19.999673 98
2199 19.999602 98
2200 19.999899 99
2201 19.999808 99
2202 19.999788 99
2203 19.999737 99
2204 19.999768 99
2205 19.999707 99
2206 19.999798 99
2207 19.999755 98
2208 19.999704 98
2209 19.999643 98
2210 19.999776 98
2211 19.999694 98
2212 19.999735 98
2213 19.999724 98
2214 19.997806 98
2215 19.999714 98
2216 19.999694 98
2217 19.999724 98
2218 19.999735 98
2219 19.797889 99
2220 19.999765 98
2221 19.999724 98
2222 19.999755 98
2223 19.999755 98
2224 19.797848 99
2225 19.797758 99
2226 19.999786 98
2227 19.999724 98
2228 19.999745 98
2229 19.999735 98
2230 19.999755 98
2231 19.797788 99
2232 19.999735 98
2233 19.999765 98
2234 19.999776 98
2235 19.999755 98
2236 19.999786 98
2237 19.999704 98
2238 19.999755 98
2239 19.797747 99
2240 19.999816 98
2241 19.997429 98
2242 19.999735 98
2243 19.999786 98
2244 19.999918 98
2245 19.999816 98
2246 19.999796 98
2247 19.999714 98
2248 19.999714 98
2249 19.999847 98
2250 19.999929 98
2251 19.999847 98
2252 19.999776 98
2253 19.999724 98
2254 19.999724 98
2255 19.999724 98
2256 19.999765 98
2257 19.999773 97
2258 19.999639 97
2259 19.999649 97
2260 19.999763 97
2261 19.999680 97
2262 19.999701 97
2263 19.999639 97
2264 19.997763 97
2265 19.999691 97
2266 19.999691 97
2267 19.999619 97
2268 19.999711 97
2269 19.999660 97
2270 19.999722 97
2271 19.999649 97
2272 19.999742 97
2273 19.999629 97
2274 19.999742 97
2275 19.999680 97
2276 19.999784 97
2277 19.999670 97
2278 19.999701 97
2279 19.999711 97
2280 19.795684 98
2281 19.999701 97
2282 19.999711 97
2283 19.999711 97
2284 19.999742 97
2285 19.795643 98
2286 19.999742 97
2287 19.795694 98
2288 19.999722 97
2289 19.999701 97
2290 19.999804 97
2291 19.997340 97
2292 19.999794 97
2293 19.999732 97
2294 19.999928 97
2295 19.999784 97
2296 19.999701 97
2297 19.999680 97
2298 19.795684 98
2299 19.999804 97
2300 19.999917 96
2301 19.999792 96
2302 19.999844 96
2303 19.999729 96
2304 19.999760 96
2305 19.999760 96
2306 19.999729 96
2307 19.999747 95
2308 19.999674 95
2309 19.999663 95
2310 19.999695 95
2311 19.999621 95
2312 19.999705 95
2313 19.999653 95
2314 19.997695 95
2315 19.999600 95
2316 19.999674 95
2317 19.999663 95
2318 19.999663 95
2319 19.999705 95
2320 19.791396 96
2321 19.999674 95
2322 19.999716 95
2323 19.999705 95
2324 19.999747 95
2325 19.999684 95
2326 19.791448 96
2327 19.791469 96
2328 19.791385 96
2329 19.999663 95
2330 19.999674 95
2331 19.999674 95
2332 19.999705 95
2333 19.999674 95
2334 19.999747 95
2335 19.999642 95
2336 19.999737 95
2337 19.999684 95
2338 19.999716 95
2339 19.999663 95
2340 19.999716 95
2341 19.997295 95
2342 19.999747 95
2343 19.791385 96
2344 19.999863 95
2345 19.999821 95
2346 19.999758 95
2347 19.999663 95
2348 19.999737 95
2349 19.999811 95
2350 19.999952 84
2351 1.493381 84
2352 0.707325 83
2353 0.372916 83
2354 0.502542 83
2355 0.320831 83
2356 1.181500 84
2357 1.517738 84
2358 1.026289 83
2359 1.690867 83
2360 0.659253 83
2361 1.367084 83
2362 3.163120 83
2363 0.979857 84
2364 0.900012 83
2365 1.030193 83
2366 1.923843 83
2367 1.445229 83
2368 2.337747 83
2369 0.601253 83
2370 2.539494 83
2371 1.105928 83
2372 0.717928 83
2373 1.028843 83
2374 0.596024 83
2375 1.948337 83
2376 0.786988 83
2377 0.864602 83
2378 0.491482 83
2379 1.330036 83
2380 0.448747 83
2381 0.946155 84
2382 0.508434 83
2383 1.173310 84
2384 0.310867 83
2385 0.318964 83
2386 1.069179 84
2387 0.548759 83
2388 0.348060 83
2389 2.458750 84
2390 0.279904 83
2391 0.496627 83
2392 1.423167 84
2393 0.329422 83
2394 0.352277 83
2395 1.217321 84
2396 0.272145 83
2397 0.284277 83
2398 1.208333 84
2399 0.504096 83
2400 1.043561 114
2401 0.459772 114
2402 0.357930 114
2403 0.371842 114
2404 0.354124 113
2405 0.370886 114
2406 0.318754 114
2407 0.379956 113
2408 0.455316 114
2409 0.334850 113
2410 1.304877 114
2411 1.873772 114
2412 0.914772 114
2413 0.608061 114
2414 1.170886 114
2415 1.434088 114
2416 0.589866 112
2417 0.421788 113
2418 0.629407 113
2419 0.453920 112
2420 1.306281 114
2421 1.201509 114
2422 0.860851 114
2423 0.778053 114
2424 1.033123 114
2425 1.016667 114
2426 0.912763 114
2427 0.958632 114
2428 0.845526 114
2429 0.789509 114
2430 0.874246 114
2431 1.354518 114
2432 1.020307 114
2433 1.087605 114
2434 1.254982 114
2435 1.015114 114
2436 1.393746 114
2437 1.109728 114
2438 0.618333 114
2439 0.991553 114
2440 0.865921 114
2441 17.728175 114
2442 17.113605 114
2443 17.197711 114
2444 0.999211 114
2445 0.285531 113
2446 0.489395 114
2447 6.197228 114
2448 0.552921 114
2449 0.380491 114
2450 4.079366 112
2451 2.311455 112
2452 2.219509 112
2453 1.511187 112
2454 0.552216 111
2455 4.097804 112
2456 2.780018 111
2457 1.540459 111
2458 1.139964 112
2459 0.577313 112
2460 1.031277 112
2461 2.955205 112
2462 1.905919 111
2463 1.618134 112
2464 1.487991 112
2465 0.530703 111
2466 1.949223 112
2467 2.233482 112
2468 1.207495 111
2469 1.503000 112
2470 1.520250 112
2471 0.886369 111
2472 1.533125 112
2473 1.623946 111
2474 1.576795 112
2475 1.330250 112
2476 1.058339 112
2477 15.693438 112
2478 4.651357 112
2479 0.964911 112
2480 4.556429 112
2481 1.045304 112
2482 1.302411 112
2483 0.578360 111
2484 1.220027 112
2485 0.459730 111
2486 1.060625 112
2487 1.377277 112
2488 1.183902 112
2489 0.495277 112
2490 1.347295 112
2491 0.481586 111
2492 1.256848 112
2493 2.742152 112
2494 0.891330 112
2495 1.169491 112
2496 0.609884 112
2497 3.313982 112
2498 1.089929 112
2499 1.060134 112
2500 1.502944 107
2501 1.297757 107
2502 18.951879 107
2503 2.522850 107
2504 1.404888 107
2505 1.588009 107
2506 1.474766 107
2507 8.051589 107
2508 3.051925 107
2509 20.000000 107
2510 1.721701 107
2511 1.312327 107
2512 1.365729 107
2513 2.439636 107
2514 1.346224 107
2515 1.258692 107
2516 0.410575 106
2517 1.290028 107
2518 1.154925 107
2519 1.407168 107
2520 0.990776 107
2521 1.623869 107
2522 1.144093 107
2523 1.491897 107
2524 1.176832 107
2525 1.170953 107
2526 1.156607 107
2527 1.444449 107
2528 13.032411 107
2529 0.815346 107
2530 0.968850 107
2531 1.251346 107
2532 1.815729 107
2533 3.312262 107
2534 1.469981 107
2535 0.966308 107
2536 0.814355 107
2537 0.797327 107
2538 1.195720 107
2539 1.000065 107
2540 1.321505 107
2541 0.908804 107
2542 0.829757 107
2543 1.466944 107
2544 0.971860 107
2545 0.743505 107
2546 0.768421 107
2547 0.939196 107
2548 1.060327 107
2549 1.098561 107
2550 1.246980 101
2551 1.228307 101
2552 3.384723 101
2553 1.383743 101
2554 19.406723 101
2555 1.646535 101
2556 1.503594 101
2557 1.450089 101
2558 2.423911 101
2559 1.424921 101
2560 2.529248 101
2561 1.505584 101
2562 1.552327 101
2563 6.311980 101
2564 3.772970 99
2565 3.039540 100
2566 2.798208 101
2567 2.546366 101
2568 2.530693 101
2569 2.290800 100
2570 2.167420 100
2571 2.560610 100
2572 2.443439 98
2573 2.742010 101
2574 2.413444 99
2575 2.195364 99
2576 2.160470 100
2577 1.823940 100
2578 1.852313 99
2579 1.754827 98
2580 1.838980 100
2581 2.130867 98
2582 1.982180 100
2583 2.032172 99
2584 1.618303 99
2585 1.583717 99
2586 1.561360 100
2587 1.721697 99
2588 2.156396 101
2589 2.014283 99
2590 1.415370 100
2591 1.119212 99
2592 1.824890 100
2593 1.540980 100
2594 1.464525 99
2595 1.452788 99
2596 0.995208 101
2597 1.365168 101
2598 1.621540 100
2599 1.750202 99
2600 5.594099 101
2601 3.381280 100
2602 2.144525 101
2603 2.359420 100
2604 2.615677 99
2605 2.733323 99
2606 2.531758 99
2607 1.705140 100
2608 2.321630 100
2609 2.333610 100
2610 1.942765 98
2611 1.755280 100
2612 1.885300 100
2613 1.962081 99
2614 1.587690 100
2615 2.752720 100
2616 1.887515 99
2617 2.042089 101
2618 2.259370 100
2619 1.687090 100
2620 1.584690 100
2621 1.856200 100
2622 2.092730 100
2623 2.040697 99
2624 1.450343 99
2625 1.319400 100
2626 1.295900 100
2627 1.188122 98
2628 1.281750 100
2629 2.005040 100
2630 1.715758 99
2631 1.267495 99
2632 1.300309 97
2633 1.287869 99
2634 1.515010 99
2635 1.899081 99
2636 1.855567 97
2637 1.385616 99
2638 1.317820 100
2639 1.519273 99
2640 1.266717 99
2641 1.297303 99
2642 1.183374 99
2643 1.376960 99
2644 1.343240 100
2645 1.093780 100
2646 1.153760 100
2647 1.633388 98
2648 1.440140 100
2649 1.057677 99
2650 6.143549 102
2651 3.975961 102
2652 2.880196 102
2653 2.860248 101
2654 2.470040 101
2655 2.644525 99
2656 2.701970 101
2657 2.487598 102
2658 2.756990 100
2659 2.833931 102
2660 2.622390 100
2661 2.193772 101
2662 2.170802 101
2663 1.818539 102
2664 0.466851 101
2665 1.593382 102
2666 1.511176 102
2667 2.288314 102
2668 1.222040 101
2669 0.999624 101
2670 1.867436 101
2671 1.294000 101
2672 0.656396 101
2673 1.377347 101
2674 0.737843 102
2675 1.278564 101
2676 1.522324 102
2677 1.865208 101
2678 1.541637 102
2679 1.244703 101
2680 2.646812 101
2681 2.754347 101
2682 2.018248 101
2683 1.141941 101
2684 1.469049 102
2685 1.646317 101
2686 1.029129 101
2687 1.096922 102
2688 0.754842 101
2689 1.340647 102
2690 0.958941 101
2691 1.472099 101
2692 1.734099 101
2693 1.345922 102
2694 1.181267 101
2695 1.129396 101
2696 1.292307 101
2697 1.528535 101
2698 1.683960 101
2699 1.457446 101
2700 1.193566 99
2701 1.036051 99
2702 1.081727 99
2703 1.277061 99
2704 1.416263 99
2705 0.847364 99
2706 1.218545 99
2707 0.910545 99
2708 1.363646 99
2709 1.230364 99
2710 1.258293 99
2711 1.592364 99
2712 0.926735 98
2713 0.814602 98
2714 2.146582 98
2715 0.948354 99
2716 6.559990 98
2717 1.132316 98
2718 2.677551 98
2719 0.793222 99
2720 0.768485 99
2721 2.950323 99
2722 0.819867 98
2723 0.824061 98
2724 0.778316 98
2725 0.852418 98
2726 0.814020 98
2727 0.902653 98
2728 0.835092 98
2729 1.132582 98
2730 3.626520 98
2731 0.924224 98
2732 0.905020 98
2733 4.136827 98
2734 0.939122 98
2735 0.791776 98
2736 0.700707 99
2737 0.714727 99
2738 0.775354 99
2739 0.745919 99
2740 0.622313 99
2741 0.788531 98
2742 0.684500 98
2743 1.162697 99
2744 0.535214 98
2745 0.619163 98
2746 0.786235 98
2747 0.625990 99
2748 2.057960 99
2749 0.575010 98
2750 2.491432 95
2751 1.020916 95
2752 0.955663 95
2753 1.170426 94
2754 1.278874 95
2755 0.382351 94
2756 1.246547 95
2757 1.925547 95
2758 1.986084 95
2759 1.888284 95
2760 1.399430 93
2761 1.502404 94
2762 1.909237 93
2763 1.577398 93
2764 1.750559 93
2765 1.637138 94
2766 1.790936 94
2767 1.784720 93
2768 1.457904 94
2769 1.435763 93
2770 1.498426 94
2771 1.394452 93
2772 1.777387 93
2773 1.125710 93
2774 1.844538 93
2775 1.645032 93
2776 1.647419 93
2777 1.319290 93
2778 1.700624 93
2779 1.514204 93
2780 1.650645 93
2781 1.291223 94
2782 1.221137 95
2783 1.657602 93
2784 1.674713 94
2785 1.900032 95
2786 1.480702 94
2787 1.579194 93
2788 1.026904 94
2789 1.236284 95
2790 0.748649 94
2791 0.635298 94
2792 0.627266 94
2793 0.589606 94
2794 0.607298 94
2795 0.650660 94
2796 0.608777 94
2797 0.583383 94
2798 0.696032 94
2799 0.553245 94
2800 1.362061 99
2801 0.690293 99
2802 0.726990 99
2803 0.679333 99
2804 0.657172 99
2805 0.682414 99
2806 0.646828 99
2807 0.752404 99
2808 0.896162 99
2809 0.772909 99
2810 0.787869 99
2811 0.757990 99
2812 0.727293 99
2813 0.797667 99
2814 0.696333 99
2815 1.363939 99
2816 0.380755 98
2817 0.354000 98
2818 0.451418 98
2819 2.873949 99
2820 1.507531 98
2821 1.694745 98
2822 1.176531 98
2823 1.477245 98
2824 2.113000 98
2825 1.630459 98
2826 1.325082 98
2827 2.108296 98
2828 1.423327 98
2829 1.364143 98
2830 1.199949 98
2831 1.187480 98
2832 1.329092 98
2833 0.919459 98
2834 1.246306 98
2835 1.241051 98
2836 1.262112 98
2837 1.755837 98
2838 1.605551 98
2839 1.525071 99
2840 0.319827 98
2841 0.263765 98
2842 1.377586 99
2843 0.388576 99
2844 0.298337 98
2845 0.315495 99
2846 1.168374 99
2847 0.310398 98
2848 0.415878 98
2849 0.391163 98
2850 1.361301 103
2851 0.706136 103
2852 0.613748 103
2853 0.521049 103
2854 1.185738 103
2855 0.495382 102
2856 0.450951 103
2857 2.274495 103
2858 1.388931 102
2859 1.426775 102
2860 1.498382 102
2861 2.378864 103
2862 0.464634 101
2863 1.940738 103
2864 0.427437 103
2865 0.517284 102
2866 1.388621 103
2867 3.392019 103
2868 0.924602 103
2869 1.355049 103
2870 0.451311 103
2871 0.433078 102
2872 0.380382 102
2873 7.321573 103
2874 5.438631 103
2875 4.975049 102
2876 5.220146 103
2877 6.197990 102
2878 5.742500 102
2879 5.678716 102
2880 5.595147 102
2881 6.274767 103
2882 7.910980 102
2883 6.859784 102
2884 5.607000 102
2885 5.327088 102
2886 4.798912 102
2887 5.182833 102
2888 5.603275 102
2889 5.010317 101
2890 4.814188 101
2891 4.744245 102
2892 4.510108 102
2893 2.501243 103
2894 0.379647 102
2895 0.434755 102
2896 1.685388 103
2897 3.078871 101
2898 0.369647 102
2899 0.272417 103
2900 1.649548 84
2901 0.813714 84
2902 0.539143 84
2903 0.407595 84
2904 1.804274 84
2905 0.424829 82
2906 0.354398 83
2907 0.357549 82
2908 1.290821 84
2909 0.596190 84
2910 0.530325 83
2911 1.844238 84
2912 0.632720 82
2913 0.615439 82
2914 0.721012 82
2915 0.747120 83
2916 1.468250 84
2917 0.531012 83
2918 0.670024 83
2919 0.567783 83
2920 2.002500 84
2921 0.376229 83
2922 0.844325 83
2923 1.536571 84
2924 0.914711 83
2925 0.650494 83
2926 0.796554 83
2927 1.728131 84
2928 0.540181 83
2929 0.535470 83
2930 0.379590 83
2931 2.097131 84
2932 0.355566 83
2933 0.460482 83
2934 0.410831 83
2935 2.169155 84
2936 0.748488 84
2937 0.836169 83
2938 0.952988 84
2939 0.343458 83
2940 0.333000 83
2941 0.418702 84
2942 0.380762 84
2943 0.460964 83
2944 1.165964 84
2945 0.621595 84
2946 0.621619 84
2947 0.549810 84
2948 1.236131 84
2949 0.801929 84
2950 1.694760 96
2951 0.633802 96
2952 0.663292 96
2953 1.777260 96
2954 0.568705 95
2955 1.535927 96
2956 0.654611 95
2957 1.392281 96
2958 1.476813 96
2959 0.538479 96
2960 0.427537 95
2961 0.480189 95
2962 1.573781 96
2963 0.507842 95
2964 0.396063 95
2965 1.607490 96
2966 0.668158 95
2967 0.629242 95
2968 0.573389 95
2969 4.332563 96
2970 3.226653 95
2971 1.445677 96
2972 1.820323 96
2973 0.706990 96
2974 0.536531 96
2975 1.410177 96
2976 0.430094 96
2977 0.415740 96
2978 1.133698 96
2979 0.423417 96
2980 0.436240 96
2981 1.225802 96
2982 0.486448 96
2983 1.557729 96
2984 0.566115 96
2985 1.235771 96
2986 0.466729 96
2987 0.367563 96
2988 1.227354 96
2989 0.460437 96
2990 1.401271 96
2991 0.947073 96
2992 0.374010 96
2993 1.311802 96
2994 0.373916 95
2995 1.621083 96
2996 0.353452 93
2997 1.121865 96
2998 0.316737 95
2999 19.789495 95
3000 18.129660 100
3001 19.797970 99
3002 19.798010 99
3003 19.795959 98
3004 19.591867 98
3005 19.793825 97
3006 19.591878 98
3007 19.591857 98
3008 2.011550 100
3009 1.175969 98
3010 0.376041 98
3011 0.958949 98
3012 0.566612 98
3013 1.077143 98
3014 0.614286 98
3015 0.678131 99
3016 0.808051 98
3017 1.148541 98
3018 0.388490 98
3019 0.400000 99
3020 0.285765 98
3021 0.678327 98
3022 1.279660 100
3023 0.464485 99
3024 0.453141 99
3025 1.367000 100
3026 0.368818 99
3027 1.117160 100
3028 0.655535 99
3029 0.665758 99
3030 1.296010 100
3031 0.292316 98
3032 1.152240 100
3033 0.298690 100
3034 1.059720 100
3035 0.352010 99
3036 2.967260 100
3037 2.273929 99
3038 2.167242 99
3039 0.924140 100
3040 0.302061 99
3041 0.659100 100
3042 0.212440 100
3043 1.442380 100
3044 0.205480 100
3045 0.771920 100
3046 0.185130 100
3047 0.199330 100
3048 0.835480 100
3049 0.230430 100
3050 1.154923 91
3051 0.519484 91
3052 1.223341 91
3053 0.486560 91
3054 0.533912 91
3055 0.739066 91
3056 0.288132 91
3057 2.543495 91
3058 1.300275 91
3059 1.072967 91
3060 1.005154 91
3061 0.691560 91
3062 1.091396 91
3063 0.946385 91
3064 1.132571 91
3065 1.001659 91
3066 1.087099 91
3067 1.126209 91
3068 0.570593 91
3069 2.501571 91
3070 1.270396 91
3071 0.753110 91
3072 0.968198 91
3073 0.634374 91
3074 0.725670 91
3075 0.769780 91
3076 0.802022 91
3077 0.987341 91
3078 0.679571 91
3079 0.723824 91
3080 0.778626 91
3081 0.931220 91
3082 0.672385 91
3083 0.684648 91
3084 0.907659 91
3085 0.698549 91
3086 0.761033 91
3087 0.369374 91
3088 0.463615 91
3089 0.404956 91
3090 0.359879 91
3091 0.246429 91
3092 0.246187 91
3093 0.276286 91
3094 0.304374 91
3095 0.215791 91
3096 0.343846 91
3097 1.916901 91
3098 0.539495 91
3099 0.477495 91
3100 2.887680 97
3101 1.066588 97
3102 0.799897 97
3103 0.685000 97
3104 0.629639 97
3105 0.648278 97
3106 0.602887 97
3107 0.693918 97
3108 0.475392 97
3109 0.913588 97
3110 1.334464 97
3111 0.373990 97
3112 1.039897 97
3113 6.302906 96
3114 0.373490 96
3115 1.052722 97
3116 0.560167 96
3117 0.449351 97
3118 0.442146 96
3119 0.933680 97
3120 0.336309 97
3121 1.572505 97
3122 0.412072 97
3123 0.643629 97
3124 1.065175 97
3125 1.327093 97
3126 0.520763 97
3127 0.347619 97
3128 0.419485 97
3129 0.319928 97
3130 0.309753 97
3131 0.473072 97
3132 1.241866 97
3133 1.728361 97
3134 0.902990 97
3135 1.051959 97
3136 1.062866 97
3137 0.972784 97
3138 0.862701 97
3139 1.044351 97
3140 0.286124 97
3141 0.303031 97
3142 0.306866 97
3143 0.358412 97
3144 0.415784 97
3145 0.330072 97
3146 0.330062 97
3147 0.908608 97
3148 0.666753 97
3149 0.681557 97
3150 1.341592 103
3151 1.744456 103
3152 0.620699 103
3153 7.163932 103
3154 3.452437 103
3155 2.232728 103
3156 1.807058 103
3157 2.380816 103
3158 1.825573 103
3159 1.748495 103
3160 1.427786 103
3161 1.163010 103
3162 1.269184 103
3163 7.496563 103
3164 0.485718 103
3165 0.895359 103
3166 0.931883 103
3167 0.814427 103
3168 1.020806 103
3169 0.343515 103
3170 0.785427 103
3171 0.357039 103
3172 0.378058 103
3173 0.418563 103
3174 0.359670 103
3175 0.351000 103
3176 0.363233 103
3177 0.390447 103
3178 0.985359 103
3179 0.879864 103
3180 0.674097 103
3181 0.507417 103
3182 0.618524 103
3183 0.599350 103
3184 0.547282 103
3185 0.958408 103
3186 19.805786 103
3187 19.805583 103
3188 19.757359 103
3189 19.803716 102
3190 19.803873 102
3191 19.803725 102
3192 0.459097 103
3193 0.849709 103
3194 0.593553 103
3195 0.198893 103
3196 0.915359 103
3197 0.214748 103
3198 0.249835 103
3199 0.227893 103
3200 1.454444 108
3201 1.449769 108
3202 0.607935 107
3203 0.602252 107
3204 0.656794 107
3205 0.543393 107
3206 1.290491 108
3207 0.520150 107
3208 1.233639 108
3209 0.316607 107
3210 1.265093 108
3211 5.110852 108
3212 1.353102 108
3213 1.279778 108
3214 0.380701 107
3215 1.466620 108
3216 0.655991 108
3217 0.390546 108
3218 0.410361 108
3219 0.505852 108
3220 0.555639 108
3221 0.366806 108
3222 1.216407 108
3223 0.403519 108
3224 0.446250 108
3225 0.346139 108
3226 1.292370 108
3227 0.850704 108
3228 0.661926 108
3229 0.757583 108
3230 0.850602 108
3231 0.954630 108
3232 1.193787 108
3233 0.353804 107
3234 3.162598 107
3235 1.123815 108
3236 0.914500 108
3237 1.271000 108
3238 0.416121 107
3239 0.359692 107
3240 1.022565 108
3241 0.328916 107
3242 0.280009 107
3243 0.435991 107
3244 1.970824 108
3245 13.289185 108
3246 12.502642 106
3247 9.683626 107
3248 6.238896 106
3249 5.198028 108
3250 1.418542 107
3251 0.721264 106
3252 0.531613 106
3253 0.565486 107
3254 1.291598 107
3255 1.353757 107
3256 1.169804 107
3257 0.984368 106
3258 0.778670 106
3259 0.742632 106
3260 0.837575 106
3261 2.920311 106
3262 1.317255 106
3263 2.871168 107
3264 1.798766 107
3265 1.451168 107
3266 1.387299 107
3267 0.390019 106
3268 0.328771 105
3269 0.422028 106
3270 0.328962 105
3271 0.361714 105
3272 3.160215 107
3273 1.775383 107
3274 0.364764 106
3275 2.306103 107
3276 0.713262 107
3277 0.496168 107
3278 1.187495 107
3279 0.493598 107
3280 1.550458 107
3281 1.574935 107
3282 1.517160 106
3283 0.527280 107
3284 0.530406 106
3285 1.184981 107
3286 0.408160 106
3287 0.423783 106
3288 0.370500 106
3289 1.419402 107
3290 1.911561 107
3291 0.472821 106
3292 0.369868 106
3293 0.315038 106
3294 0.366198 106
3295 2.837776 107
3296 1.462402 107
3297 1.304785 107
3298 1.076047 107
3299 0.426509 106
3300 1.543906 117
3301 1.748624 117
3302 4.783179 117
3303 3.670138 116
3304 4.090172 116
3305 3.692310 116
3306 5.424838 117
3307 7.255130 115
3308 6.409629 116
3309 3.811209 115
3310 3.544870 115
3311 1.232701 117
3312 0.407190 116
3313 0.435888 116
3314 1.232419 117
3315 0.501487 117
3316 1.722103 117
3317 2.889828 116
3318 3.827376 117
3319 2.040793 116
3320 2.464603 116
3321 2.419940 116
3322 1.118111 117
3323 0.656991 117
3324 1.426171 117
3325 0.476308 117
3326 1.360598 117
3327 1.371103 117
3328 1.104821 117
3329 4.112077 117
3330 0.522235 115
3331 1.965000 117
3332 1.217829 117
3333 1.205530 117
3334 0.473897 116
3335 3.246709 117
3336 1.359128 117
3337 0.346735 117
3338 1.198718 117
3339 0.756690 116
3340 0.996612 116
3341 1.409845 116
3342 0.982357 115
3343 1.052216 116
3344 1.011500 116
3345 1.108707 116
3346 0.431774 115
3347 0.454930 115
3348 0.868448 116
3349 0.950526 116
3350 1.836646 82
3351 2.007951 82
3352 1.275061 82
3353 1.325280 82
3354 1.161134 82
3355 0.307840 81
3356 1.617610 82
3357 0.691469 81
3358 0.371296 81
3359 1.073585 82
3360 1.731500 82
3361 0.297000 81
3362 1.232707 82
3363 1.288537 82
3364 0.384728 81
3365 0.300420 81
3366 0.387415 82
3367 1.565634 82
3368 0.565451 82
3369 2.713634 82
3370 1.162402 82
3371 1.276500 82
3372 0.433354 82
3373 0.248531 81
3374 1.680024 82
3375 0.332235 81
3376 1.467098 82
3377 1.450012 82
3378 1.259012 82
3379 0.248805 82
3380 0.371605 81
3381 1.193780 82
3382 0.397691 81
3383 0.339171 82
3384 1.267902 82
3385 0.368728 81
3386 0.292210 81
3387 1.415280 82
3388 0.566259 81
3389 1.175195 82
3390 1.590024 82
3391 2.331110 82
3392 1.729543 81
3393 2.246444 81
3394 19.999988 82
3395 3.344110 82
3396 1.510062 81
3397 1.821963 81
3398 19.756122 82
3399 0.987598 82
3400 1.798720 93
3401 1.633419 93
3402 1.371774 93
3403 0.309457 92
3404 1.523882 93
3405 0.464087 92
3406 0.275043 92
3407 1.578720 93
3408 0.767806 93
3409 1.217634 93
3410 0.383370 92
3411 0.472652 92
3412 0.958892 93
3413 1.058570 93
3414 0.538602 93
3415 0.280280 93
3416 0.937118 93
3417 1.023763 93
3418 0.342785 93
3419 0.475118 93
3420 1.260634 93
3421 0.389728 92
3422 0.549511 92
3423 2.851753 93
3424 1.650140 93
3425 1.400462 93
3426 4.946183 93
3427 4.282086 93
3428 1.479441 93
3429 0.994548 93
3430 1.138140 93
3431 0.290022 92
3432 0.337087 92
3433 1.071495 93
3434 0.497489 92
3435 0.472516 93
3436 1.204054 93
3437 0.631587 92
3438 0.491500 92
3439 1.474280 93
3440 0.528054 92
3441 1.145333 93
3442 0.267065 92
3443 0.348380 92
3444 3.118527 93
3445 0.418674 92
3446 1.434161 93
3447 2.122000 92
3448 3.030688 93
3449 0.542859 92
3450 3.747903 113
3451 1.863929 113
3452 2.270858 113
3453 1.539009 112
3454 1.296159 113
3455 1.517292 113
3456 0.414214 112
3457 0.504098 112
3458 2.229805 113
3459 1.450345 113
3460 0.584920 112
3461 1.588841 113
3462 1.459451 113
3463 1.183283 113
3464 2.347761 113
3465 0.920071 113
3466 1.504611 113
3467 0.796153 111
3468 0.912482 112
3469 2.250336 113
3470 0.636937 112
3471 1.160283 113
3472 1.040000 113
3473 0.393295 112
3474 1.253584 113
3475 1.271496 113
3476 0.317179 112
3477 0.365384 112
3478 3.437708 113
3479 2.293814 113
3480 1.182071 113
3481 1.786150 113
3482 0.725634 112
3483 1.161938 113
3484 0.411327 113
3485 0.385527 112
3486 2.468044 113
3487 1.359566 113
3488 0.933589 112
3489 0.682732 112
3490 1.386487 113
3491 0.675420 112
3492 1.528717 113
3493 0.525375 112
3494 0.342696 112
3495 1.121611 113
3496 0.410080 113
3497 0.300241 112
3498 1.142911 112
3499 0.316929 112
3500 1.623606 94
3501 1.683574 94
3502 0.626312 93
3503 0.484553 94
3504 1.566106 94
3505 0.313763 93
3506 0.478882 93
3507 1.230809 94
3508 0.337617 94
3509 0.591355 93
3510 1.476351 94
3511 0.419247 93
3512 0.591785 93
3513 4.916479 94
3514 4.022269 93
3515 4.135538 93
3516 1.216266 94
3517 1.286191 94
3518 0.550372 94
3519 0.460713 94
3520 7.835809 94
3521 1.331245 94
3522 0.432935 93
3523 0.383043 93
3524 1.261915 94
3525 0.336287 94
3526 0.322634 93
3527 1.382117 94
3528 1.663117 94
3529 0.829269 93
3530 0.943691 94
3531 1.049447 94
3532 0.409505 93
3533 0.294226 93
3534 3.569213 94
3535 1.120660 94
3536 0.339538 93
3537 0.284280 93
3538 0.997581 93
3539 1.166634 93
3540 3.974543 94
3541 1.033862 94
3542 1.190957 94
3543 1.059681 94
3544 0.986149 94
3545 1.705543 94
3546 0.704108 93
3547 0.952936 94
3548 0.910543 94
3549 0.985978 93
3550 1.629250 104
3551 1.626308 104
3552 1.961163 104
3553 1.216760 104
3554 0.597825 103
3555 1.374567 104
3556 1.275615 104
3557 2.267769 104
3558 1.312933 104
3559 1.866279 104
3560 1.530385 104
3561 3.572971 104
3562 1.741221 104
3563 0.456864 103
3564 1.690558 104
3565 1.878462 104
3566 2.213462 104
3567 1.053184 103
3568 1.514490 104
3569 1.625173 104
3570 1.608279 104
3571 0.618961 103
3572 1.372423 104
3573 2.129817 104
3574 1.959010 104
3575 0.367115 104
3576 1.170375 104
3577 1.232538 104
3578 2.570596 104
3579 13.144654 104
3580 1.576346 104
3581 0.898558 104
3582 1.425673 104
3583 1.395202 104
3584 1.110144 104
3585 1.428058 104
3586 1.769621 103
3587 0.977163 104
3588 0.206573 103
3589 1.331375 104
3590 0.486833 102
3591 1.186038 104
3592 1.124875 104
3593 0.748039 103
3594 1.153337 104
3595 0.853404 104
3596 1.033567 104
3597 0.825394 104
3598 0.880644 104
3599 0.238835 103
3600 3.995968 93
3601 1.543022 93
3602 1.260667 93
3603 1.173097 93
3604 11.785204 93
3605 2.314054 93
3606 1.576022 93
3607 1.294699 93
3608 0.355656 93
3609 2.492419 93
3610 1.284183 93
3611 1.838387 93
3612 1.656634 93
3613 1.598720 93
3614 1.355742 93
3615 0.348097 93
3616 1.037258 93
3617 0.365634 93
3618 1.572075 93
3619 1.214613 93
3620 0.632849 93
3621 1.211183 93
3622 0.451925 93
3623 1.385183 93
3624 0.428753 93
3625 1.083892 93
3626 1.300194 93
3627 1.295290 93
3628 2.136484 93
3629 1.817000 93
3630 2.248731 93
3631 1.193602 93
3632 1.588688 93
3633 1.951774 93
3634 1.242430 93
3635 0.607478 92
3636 2.985129 93
3637 1.056151 93
3638 2.064409 93
3639 0.647086 93
3640 0.668559 93
3641 0.586247 93
3642 0.862903 93
3643 0.586495 93
3644 2.118441 93
3645 0.533871 93
3646 1.178753 93
3647 0.926054 93
3648 7.774957 93
3649 0.454086 93
3650 1.394884 112
3651 2.864688 112
3652 1.962929 112
3653 1.087125 112
3654 1.848527 112
3655 1.406375 112
3656 1.276768 112
3657 17.385036 112
3658 4.777786 112
3659 4.109437 112
3660 1.934411 112
3661 1.957920 112
3662 2.164795 112
3663 1.021071 112
3664 19.798420 112
3665 1.410741 112
3666 3.119062 112
3667 1.420170 112
3668 2.074714 112
3669 1.051223 112
3670 2.966607 112
3671 1.055946 112
3672 1.075295 112
3673 1.055571 112
3674 1.009429 112
3675 1.333438 112
3676 1.825527 112
3677 1.698188 112
3678 0.989116 112
3679 1.594277 112
3680 1.242625 112
3681 1.292554 112
3682 1.117241 112
3683 0.877518 112
3684 0.737107 112
3685 0.939518 112
3686 1.125054 112
3687 1.090036 112
3688 0.638312 112
3689 1.196571 112
3690 0.647125 112
3691 3.143143 112
3692 0.708563 112
3693 0.538589 112
3694 0.531018 112
3695 0.475366 112
3696 0.624089 112
3697 0.787777 112
3698 1.288625 112
3699 0.784536 112
3700 1.746636 99
3701 1.824232 99
3702 1.694515 99
3703 1.508626 99
3704 1.705566 99
3705 1.385707 99
3706 1.468364 99
3707 2.193263 99
3708 2.426222 99
3709 1.316778 99
3710 1.407081 99
3711 3.237939 99
3712 1.604899 99
3713 1.879838 99
3714 1.795465 99
3715 2.363465 99
3716 1.415040 99
3717 2.171535 99
3718 1.629051 99
3719 1.384293 99
3720 18.315485 99
3721 1.601222 99
3722 2.033697 99
3723 1.856848 99
3724 1.456333 99
3725 1.805374 99
3726 1.247606 99
3727 1.394101 99
3728 2.324768 99
3729 1.465434 99
3730 1.626798 99
3731 1.580303 99
3732 3.457424 99
3733 1.115091 99
3734 1.071020 99
3735 1.552727 99
3736 1.195778 99
3737 1.697061 99
3738 2.466556 99
3739 1.342616 99
3740 1.018121 99
3741 1.118303 99
3742 0.775687 99
3743 1.029879 99
3744 1.820030 99
3745 0.976303 99
3746 1.003323 99
3747 0.935970 99
3748 0.827051 99
3749 1.111838 99
3750 1.541045 110
3751 1.360818 110
3752 2.267009 110
3753 2.025936 110
3754 1.048455 110
3755 1.276418 110
3756 1.869036 110
3757 1.126009 110
3758 1.633927 110
3759 1.073855 110
3760 1.189691 110
3761 1.223109 110
3762 13.716582 110
3763 1.248036 110
3764 1.470982 110
3765 1.645309 110
3766 2.085482 110
3767 18.022373 110
3768 3.728027 110
3769 1.319845 110
3770 1.674082 110
3771 1.404473 110
3772 1.272045 110
3773 1.268091 110
3774 1.437655 110
3775 1.312300 110
3776 10.270845 110
3777 1.034527 110
3778 5.502791 110
3779 3.479136 110
3780 0.766664 110
3781 2.377527 110
3782 10.821309 110
3783 1.690145 110
3784 1.057100 110
3785 0.564000 110
3786 20.000000 110
3787 0.543645 110
3788 1.019891 110
3789 0.791136 110
3790 0.639891 110
3791 0.579855 110
3792 0.547145 110
3793 0.767836 110
3794 0.669073 110
3795 0.472191 110
3796 0.607391 110
3797 0.622736 110
3798 0.591091 110
3799 0.478282 110
3800 1.244551 107
3801 1.570458 107
3802 13.801383 107
3803 1.471832 107
3804 1.560168 107
3805 1.482243 107
3806 1.292963 107
3807 1.315785 107
3808 1.485252 107
3809 1.948290 107
3810 1.766561 107
3811 1.608822 107
3812 1.633617 107
3813 1.483991 107
3814 1.294037 107
3815 1.234935 107
3816 1.162944 107
3817 1.581037 107
3818 1.526860 107
3819 1.658804 107
3820 1.626374 107
3821 8.616346 107
3822 1.294093 107
3823 1.148533 107
3824 2.045411 107
3825 2.641645 107
3826 2.692505 107
3827 1.355626 107
3828 1.812140 107
3829 2.150075 107
3830 1.426729 107
3831 1.105869 107
3832 1.559103 107
3833 1.162925 107
3834 0.994421 107
3835 13.335785 107
3836 1.122047 107
3837 2.965028 107
3838 3.194551 107
3839 1.207028 107
3840 1.383318 107
3841 0.907598 107
3842 1.306206 107
3843 0.762673 107
3844 1.270346 107
3845 0.873075 107
3846 0.888813 107
3847 0.977159 107
3848 1.043336 107
3849 1.064383 107
3850 1.474029 104
3851 4.148135 104
3852 1.465327 104
3853 1.502096 104
3854 1.429173 104
3855 1.839500 104
3856 1.591192 104
3857 5.065721 104
3858 20.000000 104
3859 1.783327 104
3860 2.102490 104
3861 1.350769 104
3862 1.730462 104
3863 1.960827 104
3864 1.581010 104
3865 3.894356 104
3866 1.709279 104
3867 1.171038 104
3868 1.055500 104
3869 1.600558 104
3870 1.040692 104
3871 1.106240 104
3872 1.711712 104
3873 2.512769 104
3874 1.006019 104
3875 1.164029 104
3876 1.250769 104
3877 1.933106 104
3878 0.939798 104
3879 1.200221 104
3880 1.040346 104
3881 1.541471 104
3882 1.118663 104
3883 0.988337 104
3884 0.831173 104
3885 1.072317 104
3886 2.097423 104
3887 0.954173 104
3888 2.004154 104
3889 1.588923 104
3890 1.157385 104
3891 0.813500 104
3892 0.854442 104
3893 0.749663 104
3894 1.442558 104
3895 1.168029 104
3896 0.386452 104
3897 0.772337 104
3898 0.929442 104
3899 2.730202 104
3900 4.924826 109
3901 1.328183 109
3902 0.850963 109
3903 1.116367 109
3904 1.131284 109
3905 1.349422 109
3906 5.843991 109
3907 1.418220 109
3908 1.236211 109
3909 2.088229 109
3910 0.947982 109
3911 1.759587 109
3912 1.040165 109
3913 1.346202 109
3914 0.988220 109
3915 1.177716 109
3916 1.056037 109
3917 0.900853 109
3918 1.098826 109
3919 1.503817 109
3920 1.036459 109
3921 1.586431 109
3922 0.911789 109
3923 1.279633 109
3924 0.832853 109
3925 2.789046 109
3926 2.522697 109
3927 2.176303 109
3928 1.027367 109
3929 2.377037 109
3930 0.925560 109
3931 1.324752 109
3932 1.256266 109
3933 0.743606 109
3934 0.664358 109
3935 0.801321 109
3936 0.729495 109
3937 0.801046 109
3938 1.026119 109
3939 1.475560 109
3940 11.035890 109
3941 0.845376 109
3942 0.749294 109
3943 0.817826 109
3944 0.490266 109
3945 2.507780 109
3946 0.756028 109
3947 0.764853 109
3948 0.789073 109
3949 1.510872 109
3950 1.849712 118
3951 1.187347 118
3952 1.233966 118
3953 3.344720 118
3954 2.038975 118
3955 5.117992 118
3956 2.839093 118
3957 1.471822 118
3958 1.528932 118
3959 1.875500 118
3960 3.188398 118
3961 1.400034 118
3962 1.700297 118
3963 1.852000 118
3964 1.476814 118
3965 2.459483 118
3966 1.313246 118
3967 1.583356 118
3968 1.436110 118
3969 1.744949 118
3970 1.534449 118
3971 1.361881 118
3972 1.496246 118
3973 1.201864 118
3974 1.306992 118
3975 2.235034 118
3976 1.171407 118
3977 1.732712 118
3978 1.198805 118
3979 1.441068 118
3980 19.999924 118
3981 1.754178 118
3982 0.938602 118
3983 1.222754 118
3984 1.357195 118
3985 2.566754 118
3986 11.407754 118
3987 1.602305 118
3988 5.627737 118
3989 1.995203 118
3990 1.709644 118
3991 1.622271 118
3992 2.455119 118
3993 2.072449 118
3994 1.300254 118
3995 1.635627 118
3996 2.084966 118
3997 1.205322 118
3998 1.132483 118
3999 1.732305 118
4000 5.217464 112
4001 1.422455 112
4002 1.673312 112
4003 1.328580 112
4004 15.074286 112
4005 1.439268 112
4006 1.461143 112
4007 2.314304 112
4008 2.666571 112
4009 1.226071 112
4010 2.400893 112
4011 1.649089 112
4012 1.471009 112
4013 1.865759 112
4014 1.557054 112
4015 4.773143 112
4016 1.720625 112
4017 2.704009 112
4018 1.987902 112
4019 1.897982 112
4020 2.087911 112
4021 1.526768 112
4022 1.101384 112
4023 0.975500 112
4024 1.368875 112
4025 1.174527 112
4026 1.047661 112
4027 4.296679 112
4028 0.994366 112
4029 1.525884 112
4030 1.356089 112
4031 6.482518 112
4032 2.320357 112
4033 1.510652 112
4034 1.368732 112
4035 3.781938 112
4036 0.605187 112
4037 1.030955 112
4038 0.654098 112
4039 0.634357 112
4040 20.000000 112
4041 0.566062 112
4042 0.779259 112
4043 0.560411 112
4044 0.828134 112
4045 1.413054 112
4046 0.750696 112
4047 0.424598 112
4048 0.626705 112
4049 0.768795 112
4050 1.395883 120
4051 0.872642 120
4052 2.245442 120
4053 1.951408 120
4054 1.004558 120
4055 1.259075 120
4056 1.258908 120
4057 1.899900 120
4058 18.062150 120
4059 1.687283 120
4060 5.934742 120
4061 1.569992 120
4062 1.124717 120
4063 1.705108 120
4064 4.987445 119
4065 1.030025 120
4066 2.302708 120
4067 1.849992 119
4068 2.120333 120
4069 2.567408 120
4070 1.100717 120
4071 0.513218 119
4072 1.296933 120
4073 1.663133 120
4074 9.039475 120
4075 1.105342 120
4076 0.369815 119
4077 0.883958 120
4078 1.888617 120
4079 1.165417 120
4080 0.941892 120
4081 1.537167 120
4082 1.098350 120
4083 0.912975 120
4084 0.884767 120
4085 1.091133 120
4086 2.159158 120
4087 0.955408 120
4088 1.031908 120
4089 0.721117 120
4090 0.804233 120
4091 1.080917 120
4092 1.113583 120
4093 12.877308 120
4094 0.952758 120
4095 0.716633 120
4096 0.754908 120
4097 1.181250 120
4098 0.769217 120
4099 0.763783 120
4100 1.463246 114
4101 6.904272 114
4102 6.034735 113
4103 1.075711 114
4104 1.138596 114
4105 0.589726 113
4106 3.995965 114
4107 19.173798 114
4108 1.595026 114
4109 1.499868 114
4110 2.658781 114
4111 1.466491 114
4112 3.205263 114
4113 1.508877 114
4114 1.512289 114
4115 1.417360 114
4116 0.449726 113
4117 1.881965 114
4118 1.463061 114
4119 1.626158 114
4120 1.350702 114
4121 19.763061 114
4122 1.303763 114
4123 1.340640 114
4124 1.049886 114
4125 0.298123 114
4126 1.337947 114
4127 0.949939 114
4128 1.109439 114
4129 1.166281 114
4130 1.265465 114
4131 0.509416 113
4132 1.163956 114
4133 0.877228 114
4134 0.924333 114
4135 1.053132 114
4136 0.855509 114
4137 1.200360 114
4138 0.963167 114
4139 1.027544 114
4140 1.003105 114
4141 0.262425 113
4142 0.248673 113
4143 0.882237 114
4144 0.851456 114
4145 0.875912 114
4146 0.916307 114
4147 0.931482 114
4148 0.647219 114
4149 0.279535 114
4150 2.366420 112
4151 2.266384 112
4152 1.394357 112
4153 1.784250 112
4154 0.826420 112
4155 1.031099 111
4156 6.084902 112
4157 1.502339 112
4158 0.986107 112
4159 0.332357 112
4160 1.648071 112
4161 3.732152 112
4162 0.686518 112
4163 1.119748 111
4164 1.156634 112
4165 0.793830 112
4166 2.149866 112
4167 2.636036 112
4168 1.764839 112
4169 1.648286 112
4170 1.362304 112
4171 1.309321 112
4172 0.665357 112
4173 0.314875 112
4174 1.498018 112
4175 3.236580 112
4176 1.123518 112
4177 1.362875 112
4178 0.632450 111
4179 1.697580 112
4180 1.410777 112
4181 1.394411 112
4182 0.341000 111
4183 2.704607 112
4184 0.282288 111
4185 1.253652 112
4186 1.147750 112
4187 1.213000 112
4188 0.324730 111
4189 1.625571 112
4190 1.150946 112
4191 0.427330 112
4192 1.382589 112
4193 1.259295 112
4194 1.039161 112
4195 0.452468 111
4196 2.155839 112
4197 0.997116 112
4198 1.010714 112
4199 0.982188 112
4200 1.496629 116
4201 1.496698 116
4202 1.613638 116
4203 1.215000 116
4204 1.769517 116
4205 1.494095 116
4206 1.095767 116
4207 1.282647 116
4208 1.138155 116
4209 2.830466 116
4210 1.505103 116
4211 0.522409 115
4212 1.430672 116
4213 1.834431 116
4214 0.404165 115
4215 1.454991 116
4216 0.476816 114
4217 2.098750 116
4218 0.797365 115
4219 2.305578 116
4220 1.528879 116
4221 1.307147 116
4222 2.953905 116
4223 1.798716 116
4224 1.085457 116
4225 1.479026 116
4226 1.328836 116
4227 1.460871 116
4228 1.285233 116
4229 1.143552 116
4230 1.204802 116
4231 1.394121 116
4232 1.337974 116
4233 1.492931 116
4234 1.248362 116
4235 2.117647 116
4236 1.507310 116
4237 1.603362 116
4238 0.743904 115
4239 1.205871 116
4240 0.472122 115
4241 0.374991 115
4242 1.668905 116
4243 0.304809 115
4244 0.347991 115
4245 0.316052 115
4246 1.010190 116
4247 1.564241 116
4248 1.595328 116
4249 17.585931 116
4250 16.704327 101
4251 18.283723 101
4252 16.440500 100
4253 15.820250 100
4254 16.499812 101
4255 17.640980 101
4256 15.785881 101
4257 12.539881 101
4258 17.438218 101
4259 17.046366 101
4260 16.446446 101
4261 16.240446 101
4262 16.438554 101
4263 17.399317 101
4264 15.645624 101
4265 15.715495 101
4266 12.124208 101
4267 16.881257 101
4268 13.026693 101
4269 9.376950 101
4270 6.124059 101
4271 3.225139 101
4272 1.758455 101
4273 1.101891 101
4274 19.999713 101
4275 19.999733 101
4276 19.875881 101
4277 19.999778 99
4278 8.223554 101
4279 0.750040 101
4280 0.197660 100
4281 0.533356 101
4282 2.053396 101
4283 0.853800 100
4284 0.714680 100
4285 1.086520 100
4286 0.775900 100
4287 3.492436 101
4288 1.414515 101
4289 1.062901 101
4290 0.542455 101
4291 0.174170 100
4292 0.149560 100
4293 0.142190 100
4294 0.173620 100
4295 0.170228 101
4296 0.149240 100
4297 0.204460 100
4298 1.258168 101
4299 0.406386 101
4300 1.488467 105
4301 0.554286 105
4302 0.528087 104
4303 0.534410 105
4304 0.694817 104
4305 0.543462 104
4306 1.363419 105
4307 1.412010 105
4308 0.484087 104
4309 0.642606 104
4310 1.231429 105
4311 1.806305 105
4312 0.437667 105
4313 0.528962 105
4314 0.569410 105
4315 0.802457 105
4316 0.706267 105
4317 1.545695 105
4318 3.666505 105
4319 1.464162 105
4320 1.950438 105
4321 1.396808 104
4322 1.326875 104
4323 0.830077 104
4324 1.135673 104
4325 1.291752 105
4326 2.529962 105
4327 0.579077 104
4328 0.935221 104
4329 1.323105 105
4330 1.365181 105
4331 0.780533 105
4332 1.873362 105
4333 1.580505 105
4334 1.588352 105
4335 1.837448 105
4336 1.672581 105
4337 2.033086 105
4338 1.268133 105
4339 0.434510 104
4340 1.111295 105
4341 1.181114 105
4342 1.446943 105
4343 1.167495 105
4344 19.999733 105
4345 19.999740 104
4346 19.999798 104
4347 19.999740 104
4348 19.999702 104
4349 19.999699 103
4350 19.999846 104
4351 1.152038 104
4352 1.410394 104
4353 1.465788 104
4354 12.527529 104
4355 14.480337 104
4356 1.660606 104
4357 1.395404 104
4358 13.949808 104
4359 12.031663 104
4360 6.658827 104
4361 4.585854 103
4362 2.958476 103
4363 2.652427 103
4364 2.458495 101
4365 2.578931 102
4366 2.195653 101
4367 2.241545 101
4368 2.089155 103
4369 2.102598 102
4370 1.737225 102
4371 1.811317 101
4372 1.568748 103
4373 1.676130 100
4374 1.670738 103
4375 1.698874 103
4376 1.988676 102
4377 1.651762 101
4378 1.496373 102
4379 0.922298 104
4380 0.237961 103
4381 0.222670 103
4382 0.257961 103
4383 0.305097 103
4384 0.335117 103
4385 0.240485 103
4386 0.259136 103
4387 0.270806 103
4388 10.472952 104
4389 0.860673 104
4390 0.762356 104
4391 0.393398 103
4392 0.386175 103
4393 0.194680 103
4394 0.748721 104
4395 0.216233 103
4396 0.174097 103
4397 0.201883 103
4398 0.183874 103
4399 0.192165 103
4400 1.370103 87
4401 0.427115 87
4402 0.330744 86
4403 0.395460 87
4404 0.521081 86
4405 0.385616 86
4406 1.331701 87
4407 0.682314 86
4408 0.675337 86
4409 0.781698 86
4410 0.826070 86
4411 0.809640 86
4412 1.221425 87
4413 1.530828 87
4414 0.944128 86
4415 0.402407 86
4416 0.678837 86
4417 1.859172 87
4418 1.053172 87
4419 0.918724 87
4420 0.716345 87
4421 1.945747 87
4422 1.291118 85
4423 1.070306 85
4424 0.761412 85
4425 1.887782 87
4426 1.279151 86
4427 1.101337 86
4428 0.689116 86
4429 2.164655 87
4430 0.527518 85
4431 0.413988 85
4432 0.725365 85
4433 2.098391 87
4434 0.469895 86
4435 0.907372 86
4436 0.623581 86
4437 1.291023 87
4438 1.017651 86
4439 0.881151 86
4440 0.417105 86
4441 1.202839 87
4442 0.977233 86
4443 0.558360 86
4444 0.603756 86
4445 1.486966 87
4446 1.011384 86
4447 0.561686 86
4448 0.743035 86
4449 1.469713 87
4450 2.421050 101
4451 1.044941 101
4452 0.714030 101
4453 1.738832 101
4454 1.450030 101
4455 0.450780 100
4456 1.265416 101
4457 0.410750 100
4458 1.873089 101
4459 0.762720 100
4460 1.397950 101
4461 0.435060 100
4462 1.315594 101
4463 0.387090 100
4464 1.219634 101
4465 0.494190 100
4466 1.516158 101
4467 1.344050 101
4468 1.475683 101
4469 0.728610 100
4470 1.496010 101
4471 1.395723 101
4472 0.373360 100
4473 2.121584 101
4474 3.163210 100
4475 1.409663 101
4476 1.479386 101
4477 0.348570 100
4478 1.220386 101
4479 1.194752 101
4480 1.643297 101
4481 1.209990 101
4482 0.705010 100
4483 19.656238 101
4484 1.442396 101
4485 1.313297 101
4486 1.271178 101
4487 1.215604 101
4488 1.678287 101
4489 1.427703 101
4490 1.019772 101
4491 1.063941 101
4492 1.338040 101
4493 0.864980 101
4494 1.261693 101
4495 1.724693 101
4496 1.166871 101
4497 0.960475 101
4498 1.023624 101
4499 1.467545 101
