0 0.448265 118
1 1.810643 118
2 2.176660 118
3 1.027147 118
4 0.996521 118
5 0.000000 118
6 0.528135 118
7 13.637193 118
8 0.613168 118
9 0.574777 118
10 0.552863 118
11 0.627806 118
12 15.331914 118
13 1.759564 118
14 0.025481 118
15 0.637566 118
16 1.425606 118
17 1.490593 118
18 0.667101 118
19 1.255298 118
20 1.362267 118
21 0.459976 118
22 1.104843 118
23 0.647417 118
24 0.854700 118
25 0.958513 118
26 0.915783 118
27 5.612503 118
28 0.811563 118
29 0.756549 118
30 1.562705 118
31 0.772227 118
32 0.424012 118
33 1.219446 118
34 1.255235 118
35 0.742142 118
36 1.272449 118
37 0.495452 118
38 1.058874 118
39 0.996054 118
40 1.201134 118
41 1.041617 118
42 0.873360 118
43 0.841605 118
44 1.586084 118
45 0.769223 118
46 1.330766 118
47 1.947227 118
48 3.805901 118
49 0.848926 118
50 0.464534 116
51 0.575717 116
52 0.647302 116
53 0.694095 116
54 0.306376 116
55 0.304472 116
56 0.549099 116
57 0.502969 116
58 0.401422 116
59 0.000000 116
60 0.045428 116
61 2.714794 116
62 0.562774 116
63 0.603073 116
64 0.557856 116
65 0.791171 116
66 0.458548 116
67 0.559809 116
68 1.754050 116
69 1.612674 116
70 3.720233 116
71 3.613482 116
72 3.691547 116
73 1.305947 116
74 1.347168 116
75 1.490624 116
76 2.013174 116
77 2.365722 116
78 2.083042 116
79 2.020765 116
80 1.950788 116
81 1.502836 116
82 1.690233 116
83 0.764426 116
84 0.967580 116
85 1.066191 116
86 1.630120 116
87 3.600094 116
88 2.056815 116
89 4.290783 116
90 0.000000 116
91 1.515622 116
92 2.300096 116
93 1.773536 116
94 3.091049 116
95 0.000000 116
96 0.239761 116
97 2.279568 116
98 4.950493 116
99 5.164238 116
100 2.179670 93
101 4.606795 93
102 4.082184 93
103 4.341617 93
104 1.453776 93
105 3.088878 93
106 3.291738 93
107 1.994564 93
108 4.107299 93
109 0.687136 93
110 3.693849 93
111 31.581163 93
112 36.183267 93
113 1.264681 93
114 3.077760 93
115 3.523434 93
116 1.154453 93
117 1.394515 93
118 3.291342 93
119 3.914972 93
120 1.611402 93
121 1.612761 93
122 15.113518 93
123 1.441208 93
124 0.809617 93
125 2.289137 93
126 5.164980 93
127 3.103701 93
128 1.212950 93
129 25.808357 93
130 1.177063 93
131 1.351715 93
132 1.394791 93
133 0.729030 93
134 2.343456 93
135 2.647833 93
136 8.202890 93
137 1.186297 93
138 1.922029 93
139 2.001695 93
140 19.819680 93
141 1.113584 93
142 2.520011 93
143 0.805614 93
144 0.639394 93
145 0.944117 93
146 2.338158 93
147 1.497274 93
148 0.777681 93
149 1.856378 93
150 0.891403 103
151 1.783431 103
152 1.166728 103
153 0.346388 103
154 0.816856 103
155 1.604659 103
156 1.697706 103
157 0.611362 103
158 0.951105 103
159 1.345691 103
160 26.876291 103
161 0.559203 103
162 0.718946 103
163 0.870928 103
164 3.679983 103
165 3.210553 103
166 3.410644 103
167 1.489231 103
168 3.418183 103
169 0.000000 103
170 0.000000 103
171 28.411123 103
172 1.857846 103
173 2.706129 103
174 3.179449 103
175 3.758579 103
176 4.424944 103
177 6.058718 103
178 5.037141 103
179 0.071350 103
180 1.178704 103
181 6.212038 103
182 6.322091 103
183 6.671146 103
184 7.007219 103
185 6.757603 103
186 7.239168 103
187 0.103006 103
188 1.536795 103
189 7.332873 103
190 7.544044 103
191 0.113892 103
192 1.806811 103
193 7.949923 103
194 7.971946 103
195 0.127867 103
196 1.858606 103
197 7.698579 103
198 7.777309 103
199 7.696960 103
200 0.148613 96
201 2.222215 96
202 2.472229 96
203 2.933855 96
204 3.080202 96
205 2.930498 96
206 3.726780 96
207 3.863874 96
208 0.135250 96
209 1.483173 96
210 4.384830 96
211 4.787527 96
212 4.368674 96
213 5.423345 96
214 5.427750 96
215 5.756651 96
216 6.259888 96
217 6.493670 96
218 6.719083 96
219 6.833134 96
220 6.942710 96
221 6.769329 96
222 7.162578 96
223 7.228834 96
224 7.109188 96
225 6.966613 96
226 6.901990 96
227 0.143489 96
228 2.128531 96
229 7.487939 96
230 7.041747 96
231 0.136437 96
232 2.285513 96
233 7.317859 96
234 7.481265 96
235 7.274571 96
236 7.683187 96
237 7.184767 96
238 7.512086 96
239 7.463514 96
240 7.393715 96
241 7.438417 96
242 6.909754 96
243 7.176835 96
244 7.321343 96
245 7.446162 96
246 7.432526 96
247 0.151231 96
248 2.001758 96
249 7.423265 96
250 0.101671 102
251 1.908704 102
252 2.542400 102
253 0.108614 102
254 1.308057 102
255 3.320263 102
256 2.998174 102
257 3.098130 102
258 3.557871 102
259 4.141081 102
260 4.119322 102
261 4.790915 102
262 4.830830 102
263 5.343489 102
264 6.755623 102
265 6.087698 102
266 6.338695 102
267 6.467069 102
268 6.976410 102
269 6.959398 102
270 6.650313 102
271 0.140289 102
272 0.128920 102
273 0.126470 102
274 0.127117 102
275 0.122149 102
276 2.053088 102
277 7.711641 102
278 7.701759 102
279 0.140555 102
280 2.068318 102
281 7.474527 102
282 7.329111 102
283 7.459568 102
284 7.310835 102
285 7.109259 102
286 7.275477 102
287 7.348233 102
288 7.591826 102
289 7.463340 102
290 7.142916 102
291 0.159781 102
292 2.064952 102
293 7.587736 102
294 7.637065 102
295 7.371009 102
296 7.393152 102
297 7.643065 102
298 7.289530 102
299 7.680620 102
300 0.134056 102
301 1.946777 102
302 2.311711 102
303 2.516689 102
304 3.106060 102
305 2.694592 102
306 2.504451 102
307 3.042419 102
308 3.862111 102
309 4.305352 102
310 4.403408 102
311 4.620045 102
312 4.979223 102
313 5.121698 102
314 5.717285 102
315 5.441170 102
316 5.746569 102
317 6.412431 102
318 6.765901 102
319 6.685288 102
320 7.197885 102
321 7.206911 102
322 7.182524 102
323 7.131437 102
324 7.077829 102
325 7.079094 102
326 7.426856 102
327 7.377277 102
328 7.293661 102
329 7.068620 102
330 7.170475 102
331 7.422684 102
332 7.381063 102
333 7.248012 102
334 7.309708 102
335 7.268464 102
336 7.391518 102
337 7.278783 102
338 0.149241 102
339 2.384724 102
340 7.420431 102
341 7.417333 102
342 7.360615 102
343 7.351418 102
344 7.371777 102
345 7.640893 102
346 7.618965 102
347 7.407705 102
348 7.435828 102
349 7.443393 102
350 0.062674 108
351 1.284281 108
352 2.195594 108
353 2.952858 108
354 3.002694 108
355 0.116644 108
356 0.106660 108
357 0.085736 108
358 0.072168 108
359 1.591581 108
360 4.497906 108
361 5.039832 108
362 0.084749 108
363 1.490255 108
364 0.088700 108
365 1.527159 108
366 0.087374 108
367 0.078428 108
368 1.604023 108
369 6.903134 108
370 0.105222 108
371 0.101338 108
372 0.108828 108
373 1.897981 108
374 0.114249 108
375 1.796443 108
376 7.325134 108
377 7.123185 108
378 0.122358 108
379 0.123307 108
380 2.009915 108
381 7.503227 108
382 7.349435 108
383 0.139017 108
384 0.137979 108
385 2.110872 108
386 7.281525 108
387 7.141776 108
388 0.158265 108
389 0.160513 108
390 0.178215 108
391 0.192884 108
392 2.480830 108
393 7.909476 108
394 0.227539 108
395 0.237743 108
396 2.602250 108
397 0.272197 108
398 0.315185 108
399 0.323831 108
400 0.133325 101
401 2.247968 101
402 3.234661 101
403 3.464504 101
404 0.122443 101
405 0.100776 101
406 0.096254 101
407 0.074447 101
408 1.456573 101
409 0.076206 101
410 0.000000 101
411 0.000000 101
412 0.000000 101
413 0.000000 101
414 0.000000 101
415 0.000000 101
416 0.000000 101
417 0.000000 101
418 0.000000 101
419 0.000000 101
420 0.000000 101
421 0.000000 101
422 0.000000 101
423 0.000000 101
424 0.000000 101
425 0.000000 101
426 0.000000 101
427 0.000000 101
428 0.000000 101
429 0.000000 101
430 0.000000 101
431 0.000000 101
432 0.000000 101
433 0.000000 101
434 0.000000 101
435 0.000000 101
436 0.000000 101
437 0.000000 101
438 0.000000 101
439 0.000000 101
440 0.000000 101
441 0.000000 101
442 0.000000 101
443 0.000000 101
444 0.000000 101
445 0.000000 101
446 0.000000 101
447 0.000000 101
448 0.000000 101
449 0.000000 101
450 0.000000 106
451 0.000000 106
452 0.000000 106
453 0.000000 106
454 0.000000 106
455 0.000000 106
456 0.000000 106
457 0.000000 106
458 0.000000 106
459 0.008423 106
460 12.663970 106
461 1.363656 106
462 3.350232 106
463 4.920022 106
464 4.922217 106
465 7.899038 106
466 1.506191 106
467 2.361276 106
468 5.181273 106
469 12.140429 106
470 1.739959 106
471 1.525787 106
472 1.404646 106
473 2.235058 106
474 3.366957 106
475 1.492191 106
476 1.467947 106
477 1.473193 106
478 1.684213 106
479 1.593302 106
480 4.370687 106
481 1.818189 106
482 0.000844 106
483 3.362498 106
484 7.765933 106
485 5.650713 106
486 3.105103 106
487 6.405273 106
488 6.637789 106
489 2.428551 106
490 3.991911 106
491 8.063593 106
492 8.344234 106
493 1.825220 106
494 3.686540 106
495 4.035838 106
496 1.584935 106
497 7.305838 106
498 4.543929 106
499 1.163264 106
500 0.970087 115
501 4.079045 115
502 11.983793 115
503 5.211298 115
504 1.114113 115
505 1.550071 115
506 1.571644 115
507 1.539303 115
508 0.469018 115
509 2.987351 115
510 15.933740 115
511 0.707323 115
512 1.564884 115
513 0.000000 115
514 0.919371 115
515 2.542355 115
516 1.264269 115
517 1.734494 115
518 2.407974 115
519 2.442509 115
520 2.378588 115
521 2.261794 115
522 3.561991 115
523 10.922463 115
524 1.603101 115
525 2.428230 115
526 0.000000 115
527 13.359951 115
528 1.130258 115
529 1.556269 115
530 0.905796 115
531 1.826538 115
532 1.474343 115
533 2.267737 115
534 4.950808 115
535 2.476579 115
536 3.837515 115
537 1.953197 115
538 1.989206 115
539 4.788566 115
540 5.514480 115
541 3.506607 115
542 1.804669 115
543 0.289308 115
544 0.497617 115
545 1.534779 115
546 0.000000 115
547 0.782798 115
548 0.882715 115
549 11.071752 115
550 10.479015 103
551 77.469690 103
552 13.619341 103
553 1.736108 103
554 1.062597 103
555 1.073578 103
556 1.226277 103
557 17.037538 103
558 1.204798 103
559 82.609132 103
560 1.106858 103
561 22.205671 103
562 5.497710 103
563 3.248429 103
564 1.360713 103
565 40.165731 103
566 1.449736 103
567 151.074136 103
568 2.784208 103
569 0.418469 103
570 0.952628 103
571 0.533748 103
572 1.287366 103
573 1.319394 103
574 1.172928 103
575 1.233826 103
576 1.152300 103
577 1.734566 103
578 1.030719 103
579 1.772685 103
580 1.546168 103
581 1.493987 103
582 1.462545 103
583 1.350652 103
584 1.481016 103
585 1.474917 103
586 0.589210 103
587 0.687929 103
588 0.671532 103
589 1.742290 103
590 1.072809 103
591 0.494979 103
592 0.000000 103
593 0.450785 103
594 0.878581 103
595 1.108596 103
596 1.088155 103
597 1.045110 103
598 0.443709 103
599 0.863764 103
600 0.555963 111
601 1.090195 111
602 1.012879 111
603 0.359191 111
604 0.873471 111
605 1.059736 111
606 0.948283 111
607 1.056337 111
608 3.212563 111
609 0.457762 111
610 0.945928 111
611 0.393372 111
612 0.850690 111
613 0.974426 111
614 1.062896 111
615 1.041482 111
616 2.778839 111
617 3.795847 111
618 0.295837 111
619 1.360312 111
620 0.885865 111
621 0.398037 111
622 27.330025 111
623 30.072548 111
624 0.000000 111
625 0.813686 111
626 0.130452 111
627 0.139906 111
628 0.147600 111
629 0.147266 111
630 0.536391 111
631 0.412346 111
632 2.823530 111
633 2.984386 111
634 0.767418 111
635 0.855742 111
636 0.593952 111
637 0.590405 111
638 0.517632 111
639 0.727368 111
640 0.475175 111
641 0.766626 111
642 0.455267 111
643 0.484662 111
644 0.331137 111
645 0.783794 111
646 0.569292 111
647 0.678062 111
648 0.596745 111
649 1.907649 111
650 0.238873 107
651 0.689450 107
652 1.713006 107
653 0.564109 107
654 0.338975 107
655 7.167196 107
656 1.253263 107
657 0.521818 107
658 0.487200 107
659 0.109847 107
660 0.999847 107
661 0.415916 107
662 0.976923 107
663 0.561056 107
664 0.600450 107
665 0.479777 107
666 0.453764 107
667 0.725533 107
668 1.728062 107
669 0.650332 107
670 1.369388 107
671 0.725224 107
672 0.479019 107
673 0.677356 107
674 0.467892 107
675 0.482282 107
676 0.000000 107
677 0.678607 107
678 2.568661 107
679 0.000000 107
680 0.388783 107
681 5.406787 107
682 2.138325 107
683 0.041337 107
684 0.611296 107
685 0.988703 107
686 0.372346 107
687 0.378212 107
688 0.547070 107
689 1.309537 107
690 0.790311 107
691 0.363898 107
692 0.276485 107
693 0.566701 107
694 0.636556 107
695 0.449174 107
696 0.594287 107
697 177.042325 107
698 0.298320 107
699 0.695127 107
700 0.581811 97
701 2.426886 97
702 0.401073 97
703 1.201315 97
704 0.664992 97
705 0.350726 97
706 0.363514 97
707 0.414823 97
708 0.381124 97
709 0.642637 97
710 0.581411 97
711 0.444999 97
712 0.670258 97
713 0.618130 97
714 12.179963 97
715 4.888823 97
716 12.577606 97
717 8.777773 97
718 0.747330 97
719 0.831593 97
720 0.382631 97
721 0.378847 97
722 0.184356 97
723 0.611218 97
724 0.533179 97
725 0.286015 97
726 0.000000 97
727 0.000000 97
728 0.000000 97
729 0.000000 97
730 0.000000 97
731 0.000000 97
732 0.000000 97
733 0.000000 97
734 0.000000 97
735 0.000000 97
736 2.837724 97
737 0.605836 97
738 40.624972 97
739 78.453658 97
740 79.888602 97
741 0.988476 97
742 2.102365 97
743 2.270463 97
744 1.660350 97
745 2.928058 97
746 1.070393 97
747 2.387174 97
748 2.774406 97
749 1.654178 97
750 7.952537 98
751 1.330662 98
752 0.981523 98
753 3.001830 98
754 1.325464 98
755 15.834081 98
756 9.511520 98
757 63.734170 98
758 0.953988 98
759 9.726657 98
760 1.029001 98
761 16.466627 98
762 0.543064 98
763 3.806080 97
764 4.712297 98
765 1.498992 98
766 0.779598 98
767 3.815849 98
768 1.417008 98
769 0.775953 98
770 4.898358 98
771 0.538989 98
772 0.370498 98
773 0.229897 98
774 0.674855 98
775 1.789756 98
776 0.000000 98
777 1.566564 98
778 0.968233 98
779 0.637087 98
780 1.169546 98
781 2.172849 98
782 5.015552 98
783 0.515193 98
784 1.638744 98
785 1.163876 98
786 2.795205 98
787 1.101118 98
788 2.659538 98
789 0.499776 98
790 0.666565 98
791 44.399529 98
792 1.851244 98
793 1.092680 98
794 0.882221 98
795 0.903696 98
796 0.956853 98
797 0.732259 98
798 0.719504 98
799 0.903078 98
800 43.999716 109
801 3.441249 109
802 1.377419 109
803 22.666676 109
804 2.946802 109
805 0.896009 109
806 17.487128 109
807 1.419669 109
808 1.302021 109
809 4.845886 109
810 6.773467 108
811 1.424463 109
812 0.482230 109
813 2.177448 109
814 2.113254 109
815 0.667696 109
816 8.154328 109
817 6.302906 109
818 5.876657 109
819 5.495973 109
820 5.743004 109
821 6.095578 109
822 1.164563 109
823 1.292171 109
824 0.054701 109
825 5.567729 109
826 1.236371 109
827 3.134999 109
828 1.719886 109
829 6.479165 109
830 18.009960 109
831 11.654408 109
832 44.901074 109
833 1.504183 109
834 1.635904 109
835 1.008937 109
836 1.135670 109
837 0.759930 109
838 1.409233 109
839 6.708904 109
840 17.400108 109
841 0.246989 109
842 2.859596 109
843 2.154474 109
844 1.322752 109
845 2.156348 109
846 168.763187 109
847 1.856388 109
848 2.293094 109
849 1.350581 109
850 11.924488 106
851 0.944411 106
852 2.363744 106
853 1.851103 106
854 1.758275 106
855 5.415773 106
856 4.036768 106
857 2.132632 106
858 4.059958 106
859 4.044311 106
860 2.577773 106
861 2.349740 106
862 1.486441 106
863 1.409488 106
864 1.397991 106
865 1.780695 106
866 0.000000 106
867 0.077011 106
868 0.000000 106
869 0.000000 106
870 0.049873 106
871 0.000000 106
872 0.059818 106
873 0.000000 106
874 0.000000 106
875 0.000000 106
876 0.000000 106
877 0.000000 106
878 0.000000 106
879 0.000000 106
880 0.000000 106
881 0.000000 106
882 0.000000 106
883 0.000000 106
884 0.000000 106
885 0.000000 106
886 0.000000 106
887 0.000000 106
888 0.000000 106
889 0.000000 106
890 0.000000 106
891 0.000000 106
892 0.063840 106
893 0.045938 106
894 0.233304 106
895 1.417187 106
896 5.030431 106
897 4.929924 106
898 2.179413 106
899 5.197640 106
900 1.179171 101
901 0.299564 101
902 9.367214 101
903 19.873681 101
904 20.716023 101
905 6.542339 101
906 3.124948 101
907 2.958593 101
908 6.755821 101
909 2.950968 101
910 2.905968 101
911 6.769846 101
912 2.466109 101
913 2.938075 101
914 1.062291 101
915 3.049243 101
916 2.286477 101
917 0.000000 101
918 0.000000 101
919 0.000000 101
920 0.000000 101
921 0.000000 101
922 0.000000 101
923 0.000000 101
924 0.000000 101
925 0.000000 101
926 0.000000 101
927 0.000000 101
928 0.000000 101
929 0.000000 101
930 0.000000 101
931 2.935031 101
932 3.786034 101
933 2.688012 101
934 4.781684 101
935 5.779188 101
936 12.407457 101
937 4.917208 101
938 4.198357 101
939 1.139245 101
940 3.708009 101
941 3.544371 101
942 3.469547 101
943 4.106945 101
944 2.097571 101
945 1.224435 101
946 1.811091 101
947 2.258589 101
948 2.050919 101
949 4.775311 101
950 2.320947 103
951 39.693306 103
952 1.708154 103
953 2.025885 103
954 1.850221 103
955 2.744519 103
956 1.403484 103
957 3.275054 103
958 4.647981 103
959 4.506061 103
960 1.298625 103
961 4.230081 103
962 3.350868 103
963 4.815284 103
964 1.476846 103
965 2.886260 103
966 3.645320 103
967 21.087517 103
968 30.544117 103
969 30.060927 103
970 29.931463 103
971 28.690704 103
972 1.811444 103
973 1.790667 103
974 2.225614 103
975 4.504366 103
976 1.298415 103
977 1.015713 103
978 2.217089 103
979 1.082336 103
980 1.172572 103
981 17.440986 103
982 2.345707 103
983 1.445682 103
984 1.834300 103
985 7.786862 103
986 1.400191 103
987 3.734878 103
988 1.451048 103
989 0.131318 103
990 1.754150 103
991 0.998277 103
992 1.594449 103
993 1.738985 103
994 0.736183 103
995 0.827195 103
996 1.353064 103
997 2.380416 103
998 2.914748 103
999 0.617035 103
1000 1.323363 81
1001 1.604296 81
1002 0.830287 81
1003 2.366846 81
1004 0.783557 81
1005 1.116467 81
1006 4.599119 81
1007 1.380488 81
1008 0.846157 81
1009 1.261669 81
1010 1.452459 81
1011 1.094793 81
1012 4.482582 81
1013 12.686939 81
1014 1.701878 81
1015 1.234613 81
1016 4.453018 81
1017 5.946412 81
1018 4.798185 81
1019 4.935979 81
1020 5.403025 81
1021 5.353595 81
1022 4.971573 81
1023 4.747978 81
1024 5.481754 81
1025 6.199631 81
1026 4.809562 81
1027 5.614948 81
1028 5.491428 81
1029 5.056293 81
1030 5.080397 81
1031 5.103170 81
1032 1.499827 81
1033 2.995431 81
1034 3.416228 81
1035 1.523735 81
1036 4.422456 81
1037 1.598263 81
1038 3.427346 81
1039 2.864282 81
1040 1.629485 81
1041 4.336460 81
1042 2.190730 81
1043 0.004756 81
1044 0.000000 81
1045 0.000000 81
1046 1.095331 81
1047 2.290255 81
1048 2.547692 81
1049 7.168181 81
1050 11.050454 104
1051 11.165518 104
1052 13.497263 104
1053 1.869771 104
1054 3.995688 104
1055 2.104446 104
1056 4.708799 104
1057 5.349031 104
1058 2.287895 104
1059 6.156172 104
1060 5.867374 104
1061 19.758404 104
1062 88.515522 104
1063 113.641800 104
1064 147.722814 104
1065 52.792921 104
1066 202.767881 104
1067 39.663692 104
1068 129.397156 104
1069 71.998615 104
1070 64.751840 104
1071 149.474848 104
1072 83.860189 104
1073 131.130437 104
1074 40.016914 104
1075 59.559293 104
1076 124.891896 104
1077 86.932772 104
1078 146.768737 104
1079 203.365720 104
1080 62.680731 104
1081 59.628154 104
1082 149.733610 104
1083 129.073017 104
1084 126.882222 104
1085 39.719246 104
1086 76.350633 104
1087 0.762797 104
1088 1.687016 104
1089 1.267426 104
1090 0.807346 104
1091 1.660429 104
1092 1.145249 104
1093 0.999695 104
1094 1.867141 104
1095 1.072895 104
1096 3.044345 104
1097 4.192985 104
1098 4.091365 104
1099 6.406386 104
1100 2.258126 116
1101 1.536040 116
1102 233.771004 116
1103 0.848813 116
1104 0.938531 116
1105 0.989333 116
1106 0.920857 116
1107 1.014133 116
1108 2.075262 116
1109 5.571972 116
1110 7.060528 116
1111 5.544090 116
1112 0.058212 116
1113 21.258729 116
1114 0.952251 116
1115 1.046669 116
1116 1.086598 116
1117 2.502763 116
1118 2.017054 116
1119 1.530647 116
1120 2.780020 116
1121 2.897285 116
1122 0.342260 116
1123 0.996808 116
1124 1.026365 116
1125 0.516613 116
1126 2.598629 116
1127 5.378711 116
1128 5.486265 116
1129 2.144727 116
1130 1.979452 116
1131 2.653099 116
1132 0.000000 116
1133 0.000000 116
1134 3.226949 116
1135 10.172931 116
1136 62.350454 116
1137 2.263400 116
1138 6.258166 116
1139 0.180984 116
1140 0.953327 116
1141 0.792130 116
1142 0.000000 116
1143 0.556324 116
1144 0.815858 116
1145 5.490639 116
1146 10.394996 116
1147 64.723923 116
1148 7.241438 116
1149 2.749338 116
1150 1.924225 107
1151 4.633314 107
1152 5.245943 106
1153 1.954729 107
1154 2.706107 107
1155 2.535375 107
1156 0.000000 107
1157 0.000000 107
1158 1.371678 107
1159 2.920561 107
1160 28.381914 107
1161 61.531365 107
1162 7.859901 107
1163 24.688075 107
1164 7.085790 107
1165 4.414891 107
1166 7.362578 107
1167 1.991061 107
1168 1.482353 107
1169 6.879605 107
1170 0.342392 107
1171 1.003302 107
1172 0.505040 107
1173 0.613301 107
1174 0.508105 107
1175 0.609249 107
1176 0.360701 107
1177 1.004477 107
1178 0.560090 107
1179 0.576437 107
1180 0.559149 107
1181 0.645332 107
1182 1.968836 107
1183 1.489269 106
1184 6.608851 106
1185 16.205580 106
1186 0.948281 106
1187 2.033815 106
1188 0.000000 106
1189 0.000000 106
1190 6.568401 106
1191 7.342513 106
1192 39.840833 106
1193 1.779201 106
1194 4.149433 106
1195 3.143074 106
1196 6.860516 106
1197 4.012839 106
1198 2.629872 106
1199 3.886048 106
1200 21.524619 108
1201 44.912876 108
1202 1.183197 108
1203 5.548367 108
1204 0.000000 108
1205 2.838150 108
1206 11.179294 108
1207 5.463877 108
1208 2.002384 108
1209 2.824611 108
1210 0.308448 108
1211 31.782170 108
1212 24.356613 108
1213 5.406564 108
1214 3.920015 108
1215 0.302345 108
1216 1.298605 108
1217 1.116662 108
1218 2.744214 108
1219 1.491796 108
1220 0.915040 108
1221 0.682234 108
1222 1.397474 108
1223 7.537659 108
1224 8.285597 108
1225 0.223640 108
1226 1.351682 108
1227 9.635098 108
1228 2.254321 108
1229 2.239407 108
1230 33.613915 108
1231 1.538989 108
1232 3.685594 108
1233 1.953279 108
1234 4.121434 108
1235 34.773516 108
1236 0.493078 108
1237 0.995119 108
1238 2.988251 108
1239 1.286701 108
1240 2.330169 108
1241 4.944692 108
1242 0.923528 108
1243 0.000000 108
1244 1.722826 108
1245 7.165979 108
1246 47.733285 108
1247 1.200082 108
1248 0.282896 108
1249 0.665828 108
1250 22.625214 110
1251 1.449240 110
1252 3.591581 109
1253 4.030654 109
1254 19.456937 109
1255 4.007620 109
1256 1.163330 109
1257 5.638399 109
1258 2.206834 109
1259 0.483222 109
1260 2.387217 109
1261 1.354964 109
1262 5.344806 109
1263 5.256498 109
1264 0.878916 109
1265 0.752415 109
1266 2.239070 109
1267 1.638676 109
1268 16.232884 109
1269 1.481090 109
1270 2.363361 109
1271 4.753965 109
1272 4.918653 109
1273 5.891168 109
1274 4.830462 109
1275 5.380426 109
1276 4.562253 109
1277 4.287485 109
1278 2.686126 109
1279 0.631700 109
1280 0.666602 109
1281 0.928678 109
1282 0.000000 109
1283 0.615148 109
1284 0.650195 109
1285 7.193751 109
1286 4.749214 109
1287 16.935052 109
1288 2.075186 109
1289 4.344536 109
1290 0.163079 109
1291 17.858194 109
1292 17.058790 109
1293 1.596604 109
1294 2.036455 109
1295 18.596333 109
1296 1.907207 109
1297 1.665093 109
1298 402.914275 109
1299 0.000000 109
1300 0.572473 108
1301 1.151014 108
1302 1.084071 108
1303 0.691098 108
1304 1.416191 108
1305 0.430291 108
1306 3.365780 108
1307 0.325489 108
1308 0.681828 108
1309 0.745946 108
1310 1.080026 108
1311 2.843284 108
1312 2.634246 108
1313 2.175904 108
1314 6.915417 108
1315 0.487467 108
1316 1.195715 108
1317 0.987056 108
1318 0.577186 108
1319 1.284369 108
1320 1.054719 108
1321 2.985264 108
1322 0.112726 108
1323 0.761209 108
1324 1.125932 108
1325 0.761041 108
1326 0.974624 108
1327 0.273859 108
1328 1.507703 108
1329 0.124832 108
1330 25.132498 108
1331 1.052766 108
1332 1.850271 108
1333 0.905321 108
1334 1.822810 108
1335 2.271902 108
1336 2.646244 108
1337 2.780172 108
1338 2.760571 108
1339 2.872863 108
1340 3.256190 108
1341 2.900450 108
1342 3.285743 108
1343 3.501369 108
1344 3.627471 108
1345 3.866105 108
1346 3.821477 108
1347 3.498304 108
1348 3.988219 108
1349 3.861170 108
1350 1.669210 99
1351 2.732940 99
1352 2.750327 99
1353 2.596487 99
1354 2.672417 99
1355 2.881529 99
1356 2.752805 99
1357 2.414548 99
1358 2.690293 99
1359 2.845739 99
1360 2.786772 99
1361 2.483411 99
1362 2.562954 99
1363 2.813441 99
1364 4.664167 99
1365 3.198791 99
1366 2.997689 99
1367 2.935244 99
1368 3.172698 99
1369 3.189700 99
1370 2.791874 99
1371 2.814109 99
1372 3.192855 99
1373 3.022895 99
1374 3.144753 99
1375 3.066498 99
1376 2.923654 99
1377 3.078854 99
1378 3.100809 99
1379 3.045735 99
1380 3.198326 99
1381 3.228617 99
1382 3.232788 99
1383 3.265181 99
1384 3.285523 99
1385 3.147919 99
1386 19.687346 99
1387 80.092135 99
1388 45.648433 99
1389 44.340217 99
1390 45.373537 99
1391 83.830012 99
1392 97.770668 99
1393 197.935044 99
1394 84.721810 99
1395 107.955866 99
1396 27.040994 99
1397 55.890162 99
1398 42.768019 99
1399 88.738815 99
1400 16.761704 96
1401 67.526470 96
1402 38.974906 96
1403 42.634581 96
1404 52.073341 96
1405 88.729537 96
1406 42.741678 96
1407 182.677827 96
1408 45.207115 96
1409 57.625972 96
1410 75.242725 96
1411 80.029145 96
1412 40.832195 96
1413 97.468795 96
1414 107.036445 96
1415 41.502788 96
1416 99.610885 96
1417 15.890552 96
1418 68.731274 96
1419 80.501869 96
1420 106.776400 96
1421 43.821729 96
1422 47.404643 96
1423 27.481004 96
1424 186.297496 96
1425 89.466012 96
1426 41.549621 96
1427 79.427635 96
1428 54.987970 95
1429 100.810608 96
1430 57.073184 96
1431 49.320803 96
1432 105.698372 96
1433 1.209119 96
1434 3.823278 96
1435 0.000000 96
1436 0.067224 96
1437 0.000000 96
1438 0.000000 96
1439 0.000000 96
1440 0.195544 96
1441 3.822695 96
1442 3.141597 96
1443 0.314119 96
1444 1.264233 96
1445 2.397982 96
1446 21.732661 96
1447 1.391364 96
1448 1.394783 96
1449 1.452794 96
1450 1.554361 90
1451 2.822824 90
1452 3.074946 90
1453 3.283530 90
1454 0.003359 90
1455 0.000000 90
1456 0.000000 90
1457 1.725815 90
1458 1.926093 90
1459 1.592039 90
1460 1.512542 90
1461 3.307437 90
1462 1.388933 90
1463 3.450284 90
1464 1.983387 90
1465 0.776272 90
1466 1.746246 90
1467 1.870490 90
1468 1.725178 90
1469 1.892167 90
1470 1.384137 90
1471 1.542556 90
1472 3.909128 90
1473 6.779086 90
1474 2.304472 90
1475 4.013185 90
1476 1.636384 90
1477 3.716485 90
1478 1.115990 90
1479 1.987847 90
1480 1.539483 90
1481 1.294375 90
1482 4.389231 90
1483 0.988439 90
1484 1.514832 90
1485 0.786606 90
1486 4.420711 90
1487 2.174945 90
1488 0.559353 90
1489 2.407032 90
1490 0.854082 90
1491 2.143608 90
1492 3.297851 90
1493 1.433605 90
1494 2.161839 90
1495 24.428704 90
1496 1.628541 90
1497 0.983656 90
1498 1.222825 90
1499 1.040289 90
1500 0.759229 103
1501 1.100145 103
1502 4.588662 103
1503 1.496936 103
1504 1.478785 103
1505 1.135252 103
1506 1.089428 103
1507 1.401979 103
1508 1.225163 103
1509 1.222606 103
1510 1.420017 103
1511 0.569457 103
1512 0.584136 103
1513 0.947730 103
1514 1.703198 103
1515 1.034528 103
1516 2.062439 103
1517 0.573118 103
1518 0.506765 103
1519 9.045063 103
1520 71.228039 103
1521 0.376251 103
1522 1.092049 103
1523 0.663649 103
1524 2.541067 103
1525 1.248097 103
1526 3.442860 103
1527 2.903978 103
1528 0.000000 103
1529 0.000000 103
1530 0.000000 103
1531 0.000000 103
1532 1.355409 103
1533 2.102622 103
1534 2.446434 103
1535 2.254537 103
1536 124.148370 103
1537 1.013853 103
1538 1.016175 103
1539 0.895039 103
1540 0.992516 103
1541 1.028712 103
1542 1.009794 103
1543 1.002647 103
1544 1.002408 103
1545 1.255928 103
1546 1.663719 103
1547 0.000000 103
1548 1.261410 103
1549 2.690582 103
1550 1.816637 118
1551 0.963157 118
1552 0.562904 118
1553 2.360478 118
1554 5.115468 118
1555 0.522171 118
1556 3.301188 118
1557 0.689662 118
1558 1.701227 118
1559 1.498910 118
1560 1.227237 118
1561 1.526240 118
1562 1.150324 118
1563 0.473712 118
1564 1.243805 118
1565 2.864140 118
1566 2.637023 118
1567 3.082048 118
1568 0.764476 118
1569 0.844763 118
1570 0.061404 118
1571 1.641158 118
1572 1.350127 118
1573 1.366293 118
1574 1.295900 118
1575 0.243986 118
1576 6.014697 118
1577 0.959645 118
1578 0.847569 118
1579 0.957400 118
1580 1.479875 118
1581 2.894817 118
1582 2.783997 118
1583 2.976575 118
1584 8.177933 118
1585 11.751039 118
1586 0.000000 118
1587 0.000000 118
1588 0.000000 118
1589 0.000000 118
1590 0.000000 118
1591 0.000000 118
1592 0.000000 118
1593 0.000000 118
1594 0.000000 118
1595 0.000000 118
1596 0.000000 118
1597 0.000000 118
1598 2.319093 118
1599 5.377547 118
1600 1.768783 111
1601 1.900256 111
1602 4.399403 111
1603 3.617081 111
1604 4.490506 111
1605 1.453655 111
1606 4.366966 111
1607 3.651396 111
1608 1.206471 111
1609 3.236438 111
1610 3.880498 111
1611 1.524414 111
1612 4.100796 111
1613 1.512753 111
1614 4.108660 111
1615 1.641841 111
1616 3.419357 111
1617 4.213594 111
1618 4.410684 111
1619 4.949758 111
1620 0.891973 111
1621 11.386016 111
1622 1.742729 111
1623 0.909398 111
1624 1.722278 111
1625 2.575878 111
1626 1.763220 111
1627 2.880270 111
1628 1.786542 111
1629 3.000165 111
1630 25.828910 111
1631 86.979307 111
1632 2.312544 111
1633 1.102321 111
1634 34.721135 111
1635 1.367104 111
1636 0.000000 111
1637 0.000000 111
1638 0.000000 111
1639 3.485173 111
1640 1.165466 111
1641 1.304035 111
1642 1.880893 111
1643 4.473849 111
1644 2.491049 111
1645 5.425408 111
1646 1.011472 111
1647 2.653851 111
1648 0.495323 111
1649 1.063849 111
1650 1.932373 97
1651 2.227426 97
1652 1.977760 97
1653 0.579469 97
1654 40.454120 97
1655 13.495519 97
1656 1.704601 97
1657 1.567958 97
1658 1.104559 97
1659 0.839063 97
1660 1.512288 97
1661 2.563554 97
1662 1.974640 97
1663 1.749545 97
1664 0.213286 97
1665 1.340709 97
1666 1.446969 97
1667 0.629083 97
1668 1.160505 97
1669 1.440562 97
1670 0.571851 97
1671 1.350974 97
1672 0.063058 97
1673 0.033082 97
1674 0.024580 97
1675 0.018999 97
1676 0.019511 97
1677 0.022518 97
1678 0.021833 96
1679 0.284687 96
1680 0.029290 96
1681 0.292196 96
1682 2.094221 96
1683 4.186942 96
1684 4.456104 96
1685 0.497671 96
1686 0.703431 96
1687 3.772941 96
1688 1.714102 96
1689 0.949304 96
1690 100.856220 96
1691 1.841112 96
1692 95.820997 96
1693 0.594159 96
1694 1.658884 96
1695 3.677878 96
1696 1.618491 96
1697 3.748770 96
1698 1.302184 96
1699 3.497200 96
1700 1.239851 95
1701 2.711511 95
1702 2.382560 95
1703 0.733510 95
1704 0.720675 95
1705 1.942299 95
1706 5.238679 94
1707 5.781786 95
1708 4.228686 95
1709 3.903087 95
1710 9.589099 95
1711 27.949247 95
1712 27.437254 95
1713 26.229591 95
1714 0.884008 95
1715 1.441456 95
1716 0.696909 95
1717 1.837479 95
1718 8.993696 95
1719 1.030903 95
1720 0.812554 95
1721 0.791743 95
1722 1.192529 95
1723 3.776876 95
1724 1.094532 95
1725 0.780910 95
1726 43.011688 95
1727 9.072888 95
1728 15.944327 95
1729 0.675511 95
1730 0.805476 95
1731 1.470161 95
1732 3.176574 95
1733 26.826473 95
1734 1.131839 95
1735 1.192544 95
1736 1.183449 95
1737 2.000611 95
1738 1.456798 95
1739 0.138992 95
1740 1.319523 95
1741 0.973387 95
1742 133.993544 95
1743 3.401233 95
1744 1.952924 95
1745 1.336795 95
1746 0.830385 95
1747 25.081224 95
1748 0.367410 95
1749 7.274149 95
1750 3.247665 120
1751 2.157947 120
1752 0.841151 120
1753 1.244567 120
1754 2.798502 120
1755 3.277620 120
1756 20.492986 120
1757 1.202977 120
1758 0.986942 120
1759 21.136035 120
1760 2.364770 120
1761 1.883101 120
1762 1.660794 120
1763 2.239736 120
1764 1.994815 120
1765 3.042515 120
1766 2.789391 120
1767 3.018899 120
1768 3.048566 120
1769 0.000000 120
1770 0.000000 120
1771 0.848765 120
1772 1.138187 120
1773 4.758898 120
1774 1.423837 120
1775 4.308088 120
1776 0.636861 120
1777 1.029758 120
1778 1.041469 120
1779 1.543518 120
1780 1.024615 120
1781 5.848396 120
1782 6.236675 120
1783 18.248764 120
1784 9.721281 120
1785 1.045785 120
1786 1.285942 120
1787 0.000000 120
1788 1.167884 120
1789 1.279858 120
1790 2.306966 120
1791 0.103332 120
1792 1.577542 120
1793 3.296272 120
1794 3.580339 120
1795 0.968332 120
1796 0.863118 120
1797 1.984826 120
1798 0.564187 119
1799 0.932295 120
1800 0.546632 115
1801 2.743318 115
1802 0.574828 115
1803 0.717450 115
1804 1.747368 115
1805 0.688357 115
1806 0.726117 115
1807 0.000000 115
1808 1.691951 115
1809 2.191130 115
1810 0.560517 115
1811 0.049783 115
1812 0.530478 115
1813 2.133823 115
1814 2.585727 115
1815 2.672193 115
1816 11.891231 115
1817 1.162581 115
1818 0.962947 115
1819 1.412683 115
1820 1.137735 115
1821 122.716970 115
1822 159.995947 115
1823 1.813867 115
1824 2.040134 115
1825 0.812216 115
1826 0.946545 115
1827 8.492120 115
1828 9.166117 115
1829 9.713843 115
1830 1.137683 115
1831 26.892065 115
1832 92.224796 115
1833 1.413748 115
1834 15.215731 115
1835 1.147438 115
1836 12.398621 115
1837 1.087605 115
1838 0.601473 115
1839 1.949276 115
1840 0.977896 115
1841 6.942649 115
1842 13.955899 115
1843 6.358432 115
1844 1.857581 115
1845 1.247872 115
1846 1.166960 115
1847 0.008079 115
1848 0.014110 115
1849 0.658590 115
1850 1.052192 107
1851 10.140197 107
1852 0.000000 107
1853 0.764064 107
1854 1.614270 107
1855 1.692318 107
1856 0.443107 107
1857 0.557539 107
1858 1.615003 107
1859 1.733531 107
1860 1.235461 107
1861 0.994312 107
1862 137.759610 107
1863 0.264837 107
1864 0.594962 107
1865 1.087258 107
1866 0.615080 107
1867 1.289526 107
1868 0.559140 107
1869 0.552664 107
1870 0.805458 107
1871 1.196039 107
1872 0.056962 107
1873 0.078173 107
1874 0.039707 107
1875 0.715946 107
1876 0.797989 107
1877 1.687708 107
1878 15.171948 107
1879 3.490252 107
1880 5.052383 107
1881 3.147945 107
1882 39.865960 107
1883 3.194953 107
1884 17.390331 107
1885 3.199019 107
1886 3.291512 107
1887 73.528103 107
1888 7.715041 107
1889 18.119453 107
1890 4.568428 107
1891 1.625967 107
1892 1.719173 107
1893 1.372700 107
1894 0.632512 107
1895 1.244562 107
1896 1.181599 107
1897 0.797011 107
1898 0.857803 107
1899 0.007044 107
1900 0.776964 108
1901 5.436357 108
1902 0.505587 108
1903 0.344818 108
1904 0.424402 108
1905 0.000000 108
1906 0.000000 108
1907 0.000000 108
1908 0.000000 108
1909 0.000000 108
1910 0.000000 108
1911 0.000000 108
1912 2.881699 108
1913 6.291092 108
1914 6.293814 108
1915 6.532213 108
1916 6.668802 108
1917 6.292288 108
1918 6.257738 108
1919 6.179794 108
1920 6.230336 108
1921 6.257022 108
1922 5.884521 108
1923 6.131990 108
1924 6.172068 108
1925 5.830402 108
1926 5.879970 108
1927 6.082494 108
1928 6.293952 108
1929 5.882403 108
1930 6.353689 108
1931 5.896193 108
1932 5.998591 108
1933 6.007065 108
1934 5.838098 108
1935 5.950194 108
1936 1.149698 108
1937 3.144802 108
1938 2.594033 108
1939 1.406141 108
1940 3.210240 108
1941 3.247110 108
1942 0.154460 108
1943 0.928530 108
1944 2.049407 108
1945 1.268792 108
1946 2.042157 108
1947 2.710928 108
1948 6.218675 108
1949 0.000000 108
1950 2.077420 103
1951 0.611493 103
1952 1.035061 103
1953 1.818105 103
1954 1.536045 103
1955 3.679019 103
1956 1.289649 103
1957 12.475641 103
1958 1.142967 103
1959 2.519200 103
1960 4.179068 103
1961 1.380904 103
1962 0.000000 103
1963 0.000000 103
1964 1.268279 103
1965 24.606718 103
1966 1.176451 103
1967 0.494365 103
1968 1.679999 103
1969 1.406543 103
1970 0.604259 103
1971 0.000000 103
1972 0.621918 103
1973 1.278262 103
1974 1.087770 103
1975 0.932716 103
1976 1.442643 103
1977 1.874839 103
1978 1.895593 103
1979 0.579125 103
1980 20.489806 103
1981 1.535380 103
1982 3.586539 103
1983 3.421692 103
1984 3.678170 103
1985 10.011793 103
1986 10.859525 103
1987 11.089786 103
1988 1.451757 103
1989 3.578421 103
1990 1.164721 103
1991 3.206195 103
1992 1.999439 103
1993 2.999225 103
1994 1.693862 103
1995 3.370157 103
1996 3.445408 103
1997 91.466179 103
1998 107.716258 103
1999 107.394917 103
2000 68.847843 115
2001 83.899312 115
2002 81.316436 115
2003 79.661831 115
2004 5.490075 115
2005 5.269477 115
2006 6.389764 115
2007 1.127137 115
2008 1.705107 115
2009 1.772306 115
2010 57.832201 115
2011 1.089325 115
2012 2.154916 115
2013 14.133207 115
2014 0.000000 115
2015 1.924897 115
2016 1.050188 115
2017 1.056007 115
2018 1.127128 115
2019 0.737919 115
2020 2.730416 115
2021 1.146106 115
2022 1.777454 115
2023 1.220343 115
2024 11.210866 115
2025 4.949362 115
2026 1.474438 115
2027 1.086177 115
2028 1.220082 115
2029 1.700084 115
2030 1.325096 115
2031 1.169848 115
2032 1.556743 115
2033 1.704852 115
2034 12.684707 115
2035 1.853389 115
2036 1.053375 115
2037 229.524071 115
2038 1.505868 115
2039 1.711274 115
2040 0.961288 115
2041 1.275955 115
2042 1.173747 115
2043 7.833610 115
2044 10.429731 115
2045 2.146880 115
2046 4.936401 115
2047 5.174067 115
2048 4.714344 115
2049 2.871140 115
2050 2.096259 115
2051 6.514871 115
2052 6.426536 115
2053 1.370756 115
2054 2.934299 115
2055 3.318017 115
2056 1.927322 115
2057 51.511576 115
2058 6.996854 115
2059 6.729990 115
2060 6.012744 115
2061 8.278084 115
2062 2.998462 115
2063 1.561159 115
2064 0.271141 115
2065 3.801489 115
2066 1.586557 115
2067 0.331025 115
2068 2.751041 115
2069 0.925819 115
2070 26.338704 115
2071 26.114542 115
2072 11.863795 115
2073 0.623061 115
2074 2.611441 115
2075 33.218774 115
2076 1.471771 115
2077 3.132670 115
2078 0.486643 115
2079 1.360286 115
2080 13.002229 115
2081 1.092589 115
2082 1.103556 115
2083 0.222354 115
2084 0.460968 115
2085 0.440757 115
2086 0.439972 115
2087 0.455854 115
2088 0.438894 115
2089 0.687789 115
2090 1.318036 115
2091 0.862196 115
2092 0.203980 115
2093 0.425004 115
2094 0.352826 115
2095 0.461326 115
2096 0.055631 115
2097 0.389626 115
2098 0.381441 115
2099 0.605038 115
2100 0.578371 106
2101 0.866064 106
2102 0.005888 106
2103 34.635744 106
2104 44.558865 106
2105 0.968933 106
2106 0.497880 106
2107 0.254160 106
2108 0.851276 106
2109 1.333472 106
2110 2.722641 106
2111 0.695531 106
2112 1.053381 106
2113 13.255993 106
2114 57.679311 106
2115 101.503135 106
2116 93.430514 106
2117 22.281976 106
2118 47.928647 106
2119 48.009543 106
2120 39.559813 106
2121 40.136007 106
2122 82.743811 106
2123 39.079001 106
2124 237.199520 106
2125 1.996842 106
2126 18.984639 106
2127 13.463328 106
2128 1.144503 106
2129 1.270361 106
2130 1.225612 106
2131 1.129424 106
2132 1.884515 106
2133 1.155800 106
2134 1.765170 106
2135 1.889682 106
2136 14.432716 106
2137 8.033830 106
2138 1.088042 106
2139 0.850982 106
2140 0.915468 106
2141 4.079732 106
2142 1.693441 106
2143 1.809876 106
2144 8.497212 106
2145 10.731984 106
2146 29.445843 106
2147 8.496546 106
2148 1.314729 106
2149 0.600742 106
2150 10.190241 100
2151 5.290831 100
2152 0.643540 100
2153 1.410342 100
2154 1.341449 100
2155 1.555508 100
2156 6.626566 100
2157 12.632229 100
2158 6.220724 100
2159 7.507830 100
2160 0.001144 100
2161 0.000000 100
2162 0.000000 100
2163 0.000000 100
2164 0.000000 100
2165 0.000000 100
2166 0.000000 100
2167 0.000000 100
2168 0.000000 100
2169 0.000000 100
2170 0.000000 100
2171 0.000000 100
2172 0.000000 100
2173 0.000000 100
2174 0.000000 100
2175 0.000000 100
2176 0.000000 100
2177 0.000000 100
2178 0.000000 100
2179 0.000000 100
2180 0.000000 100
2181 0.000000 100
2182 0.000000 100
2183 0.000000 100
2184 0.000000 100
2185 0.000000 100
2186 0.000000 100
2187 0.000000 100
2188 0.000000 100
2189 0.000000 100
2190 0.000000 100
2191 0.000000 100
2192 0.000000 100
2193 0.000000 100
2194 0.000000 100
2195 0.000000 100
2196 0.000000 100
2197 0.000000 100
2198 0.000000 100
2199 0.000000 100
2200 0.000000 99
2201 0.000000 99
2202 0.000000 99
2203 0.000000 99
2204 0.000000 99
2205 0.000000 99
2206 0.000000 99
2207 0.000000 99
2208 0.000000 99
2209 0.000000 99
2210 0.000000 99
2211 0.000000 99
2212 0.000000 99
2213 0.000000 99
2214 0.000000 99
2215 0.000000 99
2216 0.000000 99
2217 0.000000 99
2218 0.000000 99
2219 0.000000 99
2220 0.000000 99
2221 0.000000 99
2222 0.000000 99
2223 0.000000 99
2224 0.000000 99
2225 0.000000 99
2226 0.000000 99
2227 0.000000 99
2228 0.000000 99
2229 0.000000 99
2230 0.000000 99
2231 0.000000 99
2232 0.000000 99
2233 0.000000 99
2234 0.000000 99
2235 0.000000 99
2236 0.000000 99
2237 0.000000 99
2238 0.000000 99
2239 0.000000 99
2240 0.000000 99
2241 0.000000 99
2242 0.000000 99
2243 0.000000 99
2244 0.000000 99
2245 0.000000 99
2246 0.000000 99
2247 0.000000 99
2248 0.000000 99
2249 0.000000 99
2250 0.000000 98
2251 0.000000 98
2252 0.000000 98
2253 0.000000 98
2254 0.000000 98
2255 0.000000 98
2256 0.000000 98
2257 0.000000 98
2258 0.000000 98
2259 0.000000 98
2260 0.000000 98
2261 0.000000 98
2262 0.000000 98
2263 0.000000 98
2264 0.000000 98
2265 0.000000 98
2266 0.000000 98
2267 0.000000 98
2268 0.000000 98
2269 0.000000 98
2270 0.000000 98
2271 0.000000 98
2272 0.000000 98
2273 0.000000 98
2274 0.000000 98
2275 0.000000 98
2276 0.000000 98
2277 0.000000 98
2278 0.000000 98
2279 0.000000 98
2280 0.000000 98
2281 0.000000 98
2282 0.000000 98
2283 0.000000 98
2284 0.000000 98
2285 0.000000 98
2286 0.000000 98
2287 0.000000 98
2288 0.000000 98
2289 0.000000 98
2290 0.000000 98
2291 0.000000 98
2292 0.000000 98
2293 0.000000 98
2294 0.000000 98
2295 0.000000 98
2296 0.000000 98
2297 0.000000 98
2298 0.000000 98
2299 0.000000 98
2300 0.000000 97
2301 0.000000 97
2302 0.000000 97
2303 0.000000 97
2304 0.000000 97
2305 0.000000 97
2306 0.000000 97
2307 0.000000 97
2308 0.000000 97
2309 0.000000 97
2310 0.000000 97
2311 0.000000 97
2312 0.000000 97
2313 0.000000 97
2314 0.000000 97
2315 0.000000 97
2316 0.000000 97
2317 0.000000 97
2318 0.000000 97
2319 0.000000 97
2320 0.000000 97
2321 0.000000 97
2322 0.000000 97
2323 0.000000 97
2324 0.000000 97
2325 0.000000 97
2326 0.000000 97
2327 0.000000 97
2328 0.000000 97
2329 0.000000 97
2330 0.000000 97
2331 0.000000 97
2332 0.000000 97
2333 0.000000 97
2334 0.000000 97
2335 0.000000 97
2336 0.000000 97
2337 0.000000 97
2338 0.000000 97
2339 0.000000 97
2340 0.000000 97
2341 0.000000 97
2342 0.000000 97
2343 0.000000 97
2344 0.000000 97
2345 0.000000 97
2346 0.000000 97
2347 0.000000 97
2348 0.000000 97
2349 0.000000 97
2350 0.000000 84
2351 2.245204 84
2352 1.590699 84
2353 21.583617 84
2354 3.561211 84
2355 3.093645 84
2356 24.559978 84
2357 104.213091 84
2358 76.367798 84
2359 164.476066 84
2360 44.487252 84
2361 123.355396 84
2362 193.240712 84
2363 103.318147 84
2364 84.176722 84
2365 82.382304 84
2366 197.518316 84
2367 142.658317 84
2368 222.374799 84
2369 36.904898 84
2370 218.459881 84
2371 116.313009 84
2372 37.736863 84
2373 165.704126 84
2374 82.108896 84
2375 237.015950 84
2376 89.417267 84
2377 129.177999 84
2378 71.053669 84
2379 169.428350 84
2380 51.333599 84
2381 149.401716 84
2382 48.985738 84
2383 2.131575 84
2384 4.576692 84
2385 5.082012 84
2386 2.237866 84
2387 4.599576 84
2388 4.988667 84
2389 32.049140 84
2390 4.439617 84
2391 4.938539 84
2392 1.273283 84
2393 3.513054 84
2394 3.302283 84
2395 1.824570 84
2396 3.726908 84
2397 4.600827 84
2398 1.782166 84
2399 4.220565 84
2400 2.460976 115
2401 5.285703 115
2402 4.552013 115
2403 4.823331 115
2404 5.224853 115
2405 5.189913 115
2406 4.973658 115
2407 4.488611 115
2408 6.037302 115
2409 4.928953 115
2410 1.051293 115
2411 0.010283 115
2412 1.526695 115
2413 2.337373 115
2414 1.168932 115
2415 2.585403 115
2416 1.930961 115
2417 3.432646 115
2418 4.329510 115
2419 4.266621 115
2420 2.278870 115
2421 0.000000 115
2422 0.000000 115
2423 0.000000 115
2424 0.000000 115
2425 0.000000 115
2426 0.000000 115
2427 0.000000 115
2428 0.000000 115
2429 0.000000 115
2430 0.000000 115
2431 0.000000 115
2432 1.097500 115
2433 0.875347 115
2434 2.085973 115
2435 11.976678 115
2436 3.923372 115
2437 1.696927 115
2438 1.985799 115
2439 2.297241 115
2440 2.524151 115
2441 0.022077 115
2442 0.026766 115
2443 0.026493 115
2444 1.853768 115
2445 5.502485 115
2446 12.627417 115
2447 217.249413 115
2448 3.529336 115
2449 3.296418 115
2450 0.394530 112
2451 0.502914 112
2452 0.570595 112
2453 1.112443 112
2454 3.478853 112
2455 65.628794 112
2456 131.339259 112
2457 0.094729 112
2458 1.103782 112
2459 3.168080 112
2460 0.889716 112
2461 9.139142 112
2462 14.475981 112
2463 3.928448 112
2464 2.152436 112
2465 3.799232 112
2466 1.715649 112
2467 2.764108 112
2468 3.826873 112
2469 1.499767 112
2470 0.921280 112
2471 0.448633 112
2472 1.038227 112
2473 0.012309 112
2474 1.319410 112
2475 0.952602 112
2476 1.779505 112
2477 3.388458 112
2478 18.584026 112
2479 3.348315 112
2480 0.315532 112
2481 4.052094 112
2482 1.613966 112
2483 1.988420 112
2484 1.245920 112
2485 3.062355 112
2486 1.895121 112
2487 17.159967 112
2488 1.503202 112
2489 7.322856 112
2490 0.950772 112
2491 3.557291 112
2492 1.580675 112
2493 1.095044 112
2494 1.854795 112
2495 1.645593 112
2496 1.235206 112
2497 86.375662 112
2498 1.230900 112
2499 2.244448 112
2500 1.310210 107
2501 1.773448 107
2502 0.006174 107
2503 0.215925 107
2504 1.873848 107
2505 4.585498 107
2506 1.710824 107
2507 5.955849 107
2508 1.280175 107
2509 0.000000 107
2510 2.253720 107
2511 2.346007 107
2512 1.518991 107
2513 19.136072 107
2514 1.503272 107
2515 1.983113 107
2516 4.303607 107
2517 1.418894 107
2518 2.302112 107
2519 0.000000 107
2520 1.873342 107
2521 1.823035 107
2522 2.348887 107
2523 1.826508 107
2524 0.796421 107
2525 1.392294 107
2526 1.691674 107
2527 1.439911 107
2528 7.330422 107
2529 5.862501 107
2530 4.719979 107
2531 1.216738 107
2532 42.145954 107
2533 50.210519 107
2534 1.381819 107
2535 2.139167 107
2536 2.489970 107
2537 1.856306 107
2538 1.630275 107
2539 2.220937 107
2540 2.308551 107
2541 2.011365 107
2542 2.160790 107
2543 0.590236 107
2544 1.032670 107
2545 2.363545 107
2546 2.628681 107
2547 2.042301 107
2548 25.035602 107
2549 1.930370 107
2550 1.541828 101
2551 1.283255 101
2552 0.236428 101
2553 2.552522 101
2554 0.000000 101
2555 3.899854 101
2556 1.290425 101
2557 1.821629 101
2558 1.160856 101
2559 0.830544 101
2560 5.624006 101
2561 1.349863 101
2562 1.020881 101
2563 0.000000 101
2564 0.000000 101
2565 0.000000 101
2566 0.000000 101
2567 0.000000 101
2568 0.000000 101
2569 0.000000 101
2570 0.000000 101
2571 0.000000 101
2572 0.000000 101
2573 0.000000 101
2574 0.000000 101
2575 0.000000 101
2576 0.000000 101
2577 0.000000 101
2578 0.000000 101
2579 0.000000 101
2580 0.000000 101
2581 0.000000 101
2582 0.000000 101
2583 0.000000 101
2584 0.000000 101
2585 0.000000 101
2586 0.000000 101
2587 0.000000 101
2588 0.000000 101
2589 0.000000 101
2590 0.000000 101
2591 0.000000 101
2592 0.000000 101
2593 0.000000 101
2594 0.000000 101
2595 0.000000 101
2596 0.000000 101
2597 0.000000 101
2598 0.000000 101
2599 0.000000 101
2600 0.000000 102
2601 0.000000 102
2602 0.000000 102
2603 0.000000 102
2604 0.000000 102
2605 0.000000 102
2606 0.000000 102
2607 0.000000 102
2608 0.000000 102
2609 0.000000 102
2610 0.000000 102
2611 0.000000 102
2612 0.000000 102
2613 0.000000 102
2614 0.000000 102
2615 0.000000 102
2616 0.000000 102
2617 0.000000 102
2618 0.000000 102
2619 0.000000 102
2620 0.000000 102
2621 0.000000 102
2622 0.000000 102
2623 0.000000 102
2624 0.000000 102
2625 0.000000 102
2626 0.000000 102
2627 0.000000 102
2628 0.000000 102
2629 0.000000 102
2630 0.000000 102
2631 0.000000 102
2632 0.000000 102
2633 0.000000 102
2634 0.000000 102
2635 0.000000 102
2636 0.000000 102
2637 0.000000 102
2638 0.000000 102
2639 0.000000 102
2640 0.000000 102
2641 0.000000 102
2642 0.000000 102
2643 0.000000 102
2644 0.000000 102
2645 0.000000 102
2646 0.000000 102
2647 0.000000 102
2648 0.000000 102
2649 0.000000 102
2650 0.000000 102
2651 0.000000 102
2652 0.000000 102
2653 0.000000 102
2654 0.000000 102
2655 0.000000 102
2656 0.000000 102
2657 0.000000 102
2658 0.000000 102
2659 0.000000 102
2660 0.000000 102
2661 0.000000 102
2662 0.000000 102
2663 4.253932 102
2664 6.768401 102
2665 2.451046 102
2666 8.753685 102
2667 0.000000 102
2668 0.000000 102
2669 0.000000 102
2670 0.000000 102
2671 0.000000 102
2672 0.000000 102
2673 0.000000 102
2674 0.000000 102
2675 0.000000 102
2676 0.000000 102
2677 0.000000 102
2678 0.000000 102
2679 0.000000 102
2680 0.000000 102
2681 0.000000 102
2682 0.000000 102
2683 0.000000 102
2684 0.000000 102
2685 0.000000 102
2686 0.000000 102
2687 0.000000 102
2688 0.000000 102
2689 0.000000 102
2690 0.000000 102
2691 0.000000 102
2692 0.000000 102
2693 0.000000 102
2694 0.000000 102
2695 0.000000 102
2696 0.000000 102
2697 0.000000 102
2698 0.000000 102
2699 0.000000 102
2700 0.000000 101
2701 0.000000 101
2702 0.000000 101
2703 0.000000 101
2704 0.000000 101
2705 0.000000 101
2706 0.000000 101
2707 0.000000 101
2708 0.000000 101
2709 0.000000 101
2710 0.000000 101
2711 3.047792 101
2712 2.507999 101
2713 2.685241 101
2714 34.558153 101
2715 2.465452 101
2716 216.697172 101
2717 3.545816 101
2718 61.935960 101
2719 1.547708 101
2720 1.690839 101
2721 22.422490 101
2722 3.743262 101
2723 2.692478 101
2724 3.035370 101
2725 3.597092 101
2726 3.706632 101
2727 3.497301 101
2728 3.909283 101
2729 12.593138 101
2730 146.282212 101
2731 3.402449 101
2732 3.642253 101
2733 224.309030 101
2734 3.658392 101
2735 6.133944 101
2736 2.501060 101
2737 6.529621 101
2738 3.884965 101
2739 3.710455 101
2740 3.659054 101
2741 3.575052 101
2742 4.539691 101
2743 40.481594 101
2744 4.473098 101
2745 3.933327 101
2746 13.030607 101
2747 2.425337 101
2748 25.962537 101
2749 2.302677 101
2750 7.478571 95
2751 3.947066 95
2752 7.211235 95
2753 3.822371 95
2754 2.195675 95
2755 5.865359 95
2756 2.432240 95
2757 2.282473 95
2758 2.083637 95
2759 1.869979 95
2760 0.984796 95
2761 0.911757 95
2762 1.036858 95
2763 1.309357 95
2764 0.974310 95
2765 1.091800 95
2766 0.968318 95
2767 0.972830 95
2768 1.025514 95
2769 1.094053 95
2770 1.237976 95
2771 1.260830 95
2772 1.183726 95
2773 1.112715 95
2774 1.105807 95
2775 0.957890 95
2776 1.271131 95
2777 1.083133 95
2778 1.393202 95
2779 1.086674 95
2780 1.217679 95
2781 1.028496 95
2782 1.190063 95
2783 1.189900 95
2784 0.982873 95
2785 1.818557 95
2786 1.397579 95
2787 1.025429 95
2788 3.415268 95
2789 1.418080 95
2790 1.888542 95
2791 1.797619 95
2792 2.290754 95
2793 2.817063 95
2794 1.915956 95
2795 1.988724 95
2796 1.933468 95
2797 2.266333 95
2798 1.799093 95
2799 2.302683 95
2800 1.989367 99
2801 2.449635 99
2802 2.096040 99
2803 2.455160 99
2804 2.478840 99
2805 2.128339 99
2806 2.251149 99
2807 2.811042 99
2808 1.865898 99
2809 2.552345 99
2810 2.083169 99
2811 1.901145 99
2812 1.851554 99
2813 1.940128 99
2814 2.069068 99
2815 1.832702 99
2816 4.677066 99
2817 3.192027 99
2818 4.833911 99
2819 0.000000 99
2820 0.000000 99
2821 0.000000 99
2822 0.000000 99
2823 0.000000 99
2824 0.000000 99
2825 0.000000 99
2826 0.000000 99
2827 0.000000 99
2828 0.000000 99
2829 0.000000 99
2830 0.000000 99
2831 0.000000 99
2832 0.000000 99
2833 0.000000 99
2834 0.000000 99
2835 0.000000 99
2836 0.000000 99
2837 0.000000 99
2838 0.000000 99
2839 3.497877 99
2840 6.693416 99
2841 6.563621 99
2842 2.985965 99
2843 6.079573 99
2844 7.929763 99
2845 7.955291 99
2846 2.392744 99
2847 4.462739 99
2848 4.633938 99
2849 4.576582 99
2850 1.749353 104
2851 4.471496 104
2852 4.712968 104
2853 4.400260 104
2854 4.125055 104
2855 7.822652 104
2856 8.904690 104
2857 3.390226 104
2858 5.614909 104
2859 5.802906 104
2860 5.640424 104
2861 0.964117 104
2862 3.636343 104
2863 1.619455 104
2864 3.470225 103
2865 3.907650 103
2866 6.904979 103
2867 19.064388 103
2868 7.435871 103
2869 2.054539 103
2870 5.047790 103
2871 5.228732 103
2872 5.388765 103
2873 0.199946 103
2874 0.229378 103
2875 0.202459 103
2876 0.179886 103
2877 0.244560 103
2878 0.186581 103
2879 0.140873 103
2880 0.142894 103
2881 0.123385 103
2882 0.192090 103
2883 0.179924 103
2884 0.173067 103
2885 0.180940 103
2886 0.186746 103
2887 0.128531 103
2888 0.199342 103
2889 0.299395 103
2890 0.244359 103
2891 0.430748 103
2892 0.463077 103
2893 0.988526 103
2894 3.609641 103
2895 3.340597 103
2896 7.290902 103
2897 87.942847 103
2898 2.917593 103
2899 3.296000 103
2900 1.233400 84
2901 2.855555 84
2902 3.233230 84
2903 2.900614 84
2904 2.002671 84
2905 4.844308 84
2906 4.996677 84
2907 4.849396 84
2908 1.729064 84
2909 3.710988 84
2910 3.944460 84
2911 2.374375 84
2912 4.607035 84
2913 4.599202 84
2914 4.444606 84
2915 4.717724 84
2916 3.200796 84
2917 6.569372 84
2918 7.963663 84
2919 7.114105 84
2920 1.334257 84
2921 4.553567 84
2922 5.167726 84
2923 1.629966 84
2924 3.628796 84
2925 3.717093 84
2926 3.566270 84
2927 2.778996 84
2928 8.298379 84
2929 7.691422 84
2930 7.996545 84
2931 1.060121 84
2932 3.775864 84
2933 4.108485 84
2934 3.959194 84
2935 1.156155 84
2936 3.114727 84
2937 2.507203 84
2938 8.040999 84
2939 9.686406 84
2940 9.234876 84
2941 9.703512 84
2942 9.103999 84
2943 9.673395 84
2944 2.805633 84
2945 5.401951 84
2946 5.172258 84
2947 5.539697 84
2948 3.926754 84
2949 5.277495 84
2950 1.897902 96
2951 3.838945 96
2952 4.121587 96
2953 1.258527 96
2954 3.017540 96
2955 1.490795 96
2956 3.715701 96
2957 3.331714 96
2958 0.274927 96
2959 1.098612 96
2960 1.481525 96
2961 1.793480 96
2962 2.387582 96
2963 6.083985 96
2964 5.548582 96
2965 2.510771 96
2966 7.015086 96
2967 7.279440 96
2968 6.877382 96
2969 24.725698 96
2970 31.256139 96
2971 1.882407 96
2972 0.509990 96
2973 4.572050 96
2974 3.922082 96
2975 1.974808 96
2976 6.838373 96
2977 6.727275 96
2978 1.904047 96
2979 2.706452 96
2980 2.489209 96
2981 1.081776 96
2982 2.595852 96
2983 1.839804 96
2984 5.520547 96
2985 1.413433 96
2986 3.237346 96
2987 3.839956 96
2988 1.860169 96
2989 6.044027 96
2990 1.419941 96
2991 2.459902 96
2992 5.028258 96
2993 3.515609 96
2994 9.671026 96
2995 1.981798 96
2996 6.197149 96
2997 2.200593 96
2998 6.753984 96
2999 0.000000 96
3000 0.053246 101
3001 0.000000 101
3002 0.000000 101
3003 0.000000 101
3004 0.000000 101
3005 0.000000 101
3006 0.000000 101
3007 0.000000 101
3008 39.692615 101
3009 297.954404 101
3010 105.443952 101
3011 507.847332 101
3012 167.206661 101
3013 492.121138 101
3014 246.413394 101
3015 291.812911 101
3016 412.692072 101
3017 593.300948 101
3018 113.725324 101
3019 142.891159 101
3020 69.847152 101
3021 286.944135 101
3022 1.172450 101
3023 2.358085 101
3024 2.602047 101
3025 1.963498 101
3026 6.153296 101
3027 0.000000 101
3028 0.000000 101
3029 0.000000 101
3030 1.211300 101
3031 3.244309 101
3032 1.890493 101
3033 5.116684 101
3034 2.742691 101
3035 7.312847 101
3036 70.123490 101
3037 82.290886 101
3038 80.825786 101
3039 3.901964 101
3040 9.559197 101
3041 2.537431 101
3042 6.927327 101
3043 2.186588 101
3044 9.483907 101
3045 3.264005 101
3046 8.379770 101
3047 7.756074 101
3048 2.926361 101
3049 7.333869 101
3050 2.376569 91
3051 6.164321 91
3052 1.571922 91
3053 4.516862 91
3054 3.177708 91
3055 2.290850 91
3056 6.158686 91
3057 0.535917 91
3058 1.472995 91
3059 1.285838 91
3060 0.461510 91
3061 1.035822 91
3062 0.435999 91
3063 0.367802 91
3064 0.201433 91
3065 0.089107 91
3066 0.071601 91
3067 3.322478 91
3068 8.361002 91
3069 3.667959 91
3070 2.546127 91
3071 3.027556 91
3072 3.112347 91
3073 2.913915 91
3074 2.812451 91
3075 2.742413 91
3076 2.741163 91
3077 2.624113 91
3078 2.406643 91
3079 2.892775 91
3080 2.588133 91
3081 2.677172 91
3082 2.655768 91
3083 2.950387 91
3084 3.077397 91
3085 3.116876 91
3086 5.389697 91
3087 5.340713 91
3088 5.197197 91
3089 7.512228 91
3090 76.355679 91
3091 13.365572 91
3092 5.108112 91
3093 5.386733 91
3094 8.462135 91
3095 9.011802 91
3096 5.460865 91
3097 0.593589 91
3098 1.125766 91
3099 1.146597 91
3100 0.240627 97
3101 0.802759 97
3102 0.789046 97
3103 0.830402 97
3104 0.844960 97
3105 0.878396 97
3106 0.846184 97
3107 0.862786 97
3108 0.725552 97
3109 1.861255 97
3110 2.153568 97
3111 26.149109 97
3112 1.439130 97
3113 460.358011 97
3114 17.807692 97
3115 2.275120 97
3116 3.602589 97
3117 5.125822 97
3118 4.089327 97
3119 5.765602 97
3120 41.194604 97
3121 1.528690 97
3122 4.310371 97
3123 3.833003 97
3124 1.264801 97
3125 1.150663 97
3126 3.703059 97
3127 4.366038 97
3128 3.359497 97
3129 3.444477 97
3130 3.380348 97
3131 3.555931 97
3132 1.279019 97
3133 4.726923 97
3134 8.305453 97
3135 7.877470 97
3136 7.775947 97
3137 7.943862 97
3138 8.047068 97
3139 4.174959 97
3140 7.484992 97
3141 7.159620 97
3142 11.126255 97
3143 10.271115 97
3144 10.801166 97
3145 13.548730 97
3146 6.907760 97
3147 2.713836 97
3148 3.703776 97
3149 3.651930 97
3150 3.041973 103
3151 6.403770 103
3152 3.111698 103
3153 6.226876 103
3154 26.329431 103
3155 7.381260 103
3156 4.628895 103
3157 30.299820 103
3158 9.030551 103
3159 9.402695 103
3160 4.698138 103
3161 3.452305 103
3162 5.608136 103
3163 306.755836 103
3164 10.835314 103
3165 17.656801 103
3166 3.713886 103
3167 0.225624 103
3168 4.368004 103
3169 4.999136 103
3170 3.563102 103
3171 10.265152 103
3172 5.171120 103
3173 11.169990 103
3174 6.612902 103
3175 3.190184 103
3176 4.040695 103
3177 7.450043 103
3178 5.522212 103
3179 5.743549 103
3180 7.319379 103
3181 8.105036 103
3182 7.602724 103
3183 7.866957 103
3184 7.912733 103
3185 5.794508 103
3186 0.000000 103
3187 0.000000 103
3188 0.000000 103
3189 0.000000 103
3190 0.000000 103
3191 0.000000 103
3192 2.777910 103
3193 87.733349 103
3194 8.031847 103
3195 6.191258 103
3196 2.708748 103
3197 4.899470 103
3198 5.180858 103
3199 3.816582 103
3200 3.200476 108
3201 5.595673 108
3202 11.474960 108
3203 13.425969 108
3204 11.960165 108
3205 12.116504 107
3206 3.405205 108
3207 9.688919 108
3208 3.150045 108
3209 9.056902 108
3210 0.648976 108
3211 55.500463 108
3212 0.899862 108
3213 3.128699 108
3214 19.140525 108
3215 3.826256 108
3216 6.561859 108
3217 10.694816 108
3218 11.318570 108
3219 13.536387 106
3220 16.220915 108
3221 14.027788 108
3222 4.622501 108
3223 10.095880 108
3224 9.904384 108
3225 9.765912 108
3226 1.562631 108
3227 2.450975 108
3228 2.473193 108
3229 3.939405 108
3230 2.306656 108
3231 1.807255 108
3232 3.023157 108
3233 5.378059 108
3234 50.944051 108
3235 2.543916 108
3236 2.328584 108
3237 1.441304 108
3238 3.536066 108
3239 2.907204 108
3240 2.050248 108
3241 5.676587 108
3242 8.800565 108
3243 4.937546 106
3244 1.920003 108
3245 1.307651 108
3246 0.194929 108
3247 0.315700 108
3248 0.448893 108
3249 6.186154 108
3250 1.457486 107
3251 3.271354 107
3252 3.532597 107
3253 3.538787 107
3254 2.058905 107
3255 3.596664 107
3256 0.824420 107
3257 1.473267 107
3258 1.474129 107
3259 1.299850 107
3260 1.465172 107
3261 5.904080 107
3262 1.123114 107
3263 0.792965 107
3264 2.484117 107
3265 4.780029 107
3266 2.063872 107
3267 3.853316 107
3268 4.535814 107
3269 3.516545 107
3270 4.298449 107
3271 4.128460 107
3272 0.575452 107
3273 9.460742 107
3274 5.603671 107
3275 24.970282 107
3276 1.671769 107
3277 2.640843 107
3278 3.725842 107
3279 9.523027 107
3280 2.549648 107
3281 1.381422 107
3282 20.176578 107
3283 4.185803 107
3284 4.836042 107
3285 1.542280 107
3286 3.791923 107
3287 3.989079 107
3288 5.212489 107
3289 5.430857 107
3290 1.314646 107
3291 4.470168 107
3292 2.273358 107
3293 4.137978 107
3294 2.114381 107
3295 35.467873 107
3296 4.243513 107
3297 1.414384 107
3298 14.390648 107
3299 1.860147 107
3300 2.241491 117
3301 0.900870 117
3302 89.725528 117
3303 179.370297 117
3304 185.907071 117
3305 186.170803 117
3306 0.255646 117
3307 0.188822 117
3308 0.247926 117
3309 0.342340 117
3310 0.403490 117
3311 3.920739 117
3312 5.838405 117
3313 5.625085 117
3314 4.297148 117
3315 7.097416 117
3316 7.179916 117
3317 65.836575 117
3318 32.347327 117
3319 58.807385 117
3320 63.027959 117
3321 63.305783 117
3322 3.371683 117
3323 4.189759 117
3324 6.254837 117
3325 11.424949 117
3326 4.708562 117
3327 1.631485 117
3328 2.203566 117
3329 38.119150 117
3330 3.448003 117
3331 38.432245 117
3332 1.251629 117
3333 3.487118 117
3334 8.347445 117
3335 0.175530 117
3336 6.323203 117
3337 3.356505 117
3338 6.672684 117
3339 2.510626 117
3340 16.810657 117
3341 0.626935 117
3342 0.726374 117
3343 4.141275 117
3344 4.164257 117
3345 3.223828 117
3346 8.312614 116
3347 8.447674 117
3348 3.888055 117
3349 1.511551 117
3350 5.503620 83
3351 1.137259 83
3352 0.467150 83
3353 0.976433 83
3354 2.136618 83
3355 6.380889 83
3356 10.118201 83
3357 21.542173 83
3358 22.757281 83
3359 3.501984 83
3360 1.668710 83
3361 6.667271 83
3362 1.462337 83
3363 6.233952 83
3364 13.024227 83
3365 12.260140 83
3366 12.069134 83
3367 7.317403 83
3368 5.166389 83
3369 222.161048 83
3370 2.240895 83
3371 2.162774 83
3372 6.065525 83
3373 5.106016 83
3374 1.487916 83
3375 3.468994 83
3376 7.189694 83
3377 4.484956 83
3378 2.364824 83
3379 6.899945 83
3380 5.835807 83
3381 1.626740 83
3382 3.392553 83
3383 3.745557 83
3384 2.521172 83
3385 5.964841 83
3386 6.922387 83
3387 1.260237 83
3388 1.328601 83
3389 3.181532 83
3390 2.700945 83
3391 68.345035 83
3392 187.493892 83
3393 211.480424 83
3394 7.919575 83
3395 12.581475 83
3396 17.247180 83
3397 16.573406 83
3398 0.000000 83
3399 2.501503 83
3400 2.944136 93
3401 2.080606 93
3402 2.136518 93
3403 7.947369 93
3404 2.189724 93
3405 6.059882 93
3406 4.588953 93
3407 1.464021 93
3408 1.233016 93
3409 2.203908 93
3410 6.108758 93
3411 4.689076 93
3412 3.615861 93
3413 2.289958 93
3414 4.769057 93
3415 5.776876 93
3416 4.361513 93
3417 2.323864 93
3418 5.918229 93
3419 5.577386 93
3420 2.081849 93
3421 6.340146 93
3422 5.227882 93
3423 23.311524 93
3424 55.373886 93
3425 54.990284 93
3426 3.606171 93
3427 3.801074 93
3428 2.278820 93
3429 2.001489 93
3430 2.097846 93
3431 5.856530 93
3432 6.785954 93
3433 2.630999 93
3434 6.373598 93
3435 5.404705 93
3436 2.487994 93
3437 6.413961 93
3438 4.984218 93
3439 1.636283 93
3440 4.583748 93
3441 2.334427 93
3442 5.865435 93
3443 5.665332 93
3444 30.251309 93
3445 19.598558 93
3446 5.009983 93
3447 38.003266 93
3448 33.139561 93
3449 15.669806 93
3450 31.872505 113
3451 3.074679 113
3452 6.626297 113
3453 12.960980 113
3454 11.763361 113
3455 3.276590 113
3456 6.592782 113
3457 6.822849 113
3458 1.902896 113
3459 2.433606 113
3460 5.866834 113
3461 1.097694 113
3462 1.576208 113
3463 1.467989 113
3464 0.000000 113
3465 0.000000 113
3466 1.827326 113
3467 2.393657 113
3468 2.254873 113
3469 5.671094 113
3470 14.138458 113
3471 2.611643 113
3472 0.000000 113
3473 0.000000 113
3474 3.018343 113
3475 2.677755 113
3476 5.294424 113
3477 6.756183 113
3478 0.700754 113
3479 0.925604 113
3480 7.691669 113
3481 10.978401 113
3482 15.411657 113
3483 2.718043 113
3484 5.546924 113
3485 6.718705 113
3486 12.557305 113
3487 2.200028 113
3488 2.603812 113
3489 2.315545 113
3490 5.352877 113
3491 16.344303 113
3492 2.852302 113
3493 6.856019 113
3494 5.376168 113
3495 2.715309 113
3496 6.754037 113
3497 5.843151 113
3498 2.766460 113
3499 6.718285 113
3500 2.091508 95
3501 2.005544 95
3502 6.192072 95
3503 4.894572 95
3504 2.270343 95
3505 4.837314 95
3506 6.425645 95
3507 2.435440 95
3508 5.306676 95
3509 6.239301 95
3510 2.475179 95
3511 5.960221 95
3512 5.093243 95
3513 0.000000 95
3514 0.000000 95
3515 0.000000 95
3516 4.189269 95
3517 2.717331 95
3518 6.764223 95
3519 5.347724 95
3520 434.743042 95
3521 2.840983 95
3522 5.511753 95
3523 6.718636 95
3524 2.842509 95
3525 7.014756 95
3526 5.628030 95
3527 0.768828 95
3528 1.244355 95
3529 1.623626 95
3530 1.461337 95
3531 3.062400 95
3532 5.889495 95
3533 7.317430 95
3534 11.885028 95
3535 2.822146 95
3536 6.073177 95
3537 7.590220 95
3538 4.190897 95
3539 1.286585 95
3540 1.596965 95
3541 8.210566 95
3542 2.173821 95
3543 2.174125 95
3544 2.962772 95
3545 1.691725 95
3546 5.084978 95
3547 2.298086 95
3548 3.262129 95
3549 1.869786 95
3550 1.692774 104
3551 3.293586 104
3552 2.304053 104
3553 2.374187 104
3554 28.121058 104
3555 3.746357 104
3556 5.774583 104
3557 27.474354 104
3558 1.812120 104
3559 2.138778 104
3560 13.298838 104
3561 154.986051 104
3562 1.590164 104
3563 4.614911 104
3564 11.112962 104
3565 1.459556 104
3566 0.182019 104
3567 3.827745 104
3568 1.779592 104
3569 5.396251 104
3570 2.434227 104
3571 4.713696 104
3572 2.023464 104
3573 0.661038 104
3574 1.291255 104
3575 3.763560 104
3576 4.080630 104
3577 2.080877 104
3578 6.918087 104
3579 147.503645 104
3580 1.864905 104
3581 13.719227 104
3582 0.610185 104
3583 1.122136 104
3584 3.362220 104
3585 16.885172 104
3586 36.712470 104
3587 3.262614 104
3588 4.773429 104
3589 1.467907 104
3590 1.924894 104
3591 0.856497 104
3592 12.144893 104
3593 33.196688 104
3594 2.287836 104
3595 7.640063 104
3596 1.849415 104
3597 4.964564 104
3598 1.330963 104
3599 3.999896 104
3600 6.266835 93
3601 19.659582 93
3602 2.285758 93
3603 3.324981 93
3604 0.563155 93
3605 0.973336 93
3606 0.787242 93
3607 1.654420 93
3608 8.912165 93
3609 1.503234 93
3610 6.092392 93
3611 0.000000 93
3612 1.485424 93
3613 1.192606 93
3614 2.444391 93
3615 7.700578 93
3616 2.373298 93
3617 6.005884 93
3618 1.217547 93
3619 2.595543 93
3620 17.272628 93
3621 2.536042 93
3622 20.785780 93
3623 2.593943 93
3624 18.866852 93
3625 3.281012 93
3626 2.478134 93
3627 2.534193 93
3628 1.389644 93
3629 1.300331 93
3630 10.343999 93
3631 5.575867 93
3632 1.550678 93
3633 1.453550 93
3634 4.127833 93
3635 6.008441 93
3636 0.868511 93
3637 2.042593 93
3638 92.411433 93
3639 2.822684 93
3640 16.311396 93
3641 4.067619 93
3642 4.781091 93
3643 3.095185 93
3644 0.381761 93
3645 3.168208 93
3646 1.389617 93
3647 50.429207 93
3648 0.014076 93
3649 3.289252 93
3650 3.503861 112
3651 3.834056 112
3652 1.016180 112
3653 2.684158 112
3654 0.786792 112
3655 0.466041 112
3656 1.929479 112
3657 11.736350 112
3658 0.342957 112
3659 12.356258 112
3660 35.826578 112
3661 3.469731 112
3662 14.660906 112
3663 4.191534 112
3664 3.973559 112
3665 2.174525 112
3666 11.129437 112
3667 7.591646 112
3668 9.539867 112
3669 1.602631 112
3670 27.152636 112
3671 4.878070 112
3672 0.714908 112
3673 3.009707 112
3674 2.419573 112
3675 2.994001 112
3676 30.632456 112
3677 92.114967 112
3678 0.019784 112
3679 1.370055 112
3680 1.692916 112
3681 2.137485 112
3682 2.483958 112
3683 2.005458 112
3684 0.000000 112
3685 1.442482 112
3686 0.852349 112
3687 17.684714 112
3688 2.017367 112
3689 0.231439 112
3690 2.633947 112
3691 177.122573 112
3692 0.710685 112
3693 2.967883 112
3694 2.209287 112
3695 19.106683 112
3696 1.532027 112
3697 6.099428 112
3698 2.040197 112
3699 0.692218 112
3700 0.420816 100
3701 1.969460 100
3702 6.312380 100
3703 2.393023 100
3704 1.452635 100
3705 1.776110 100
3706 0.918915 100
3707 4.493778 100
3708 0.403089 100
3709 3.180925 100
3710 3.971709 100
3711 0.138648 100
3712 9.699988 100
3713 1.518120 100
3714 3.543850 100
3715 3.944529 100
3716 2.075854 100
3717 1.375821 100
3718 1.807135 100
3719 2.068627 100
3720 0.013833 100
3721 2.214268 100
3722 8.651221 100
3723 0.644801 100
3724 2.334370 100
3725 1.876945 100
3726 2.416802 100
3727 2.041440 100
3728 1.609530 100
3729 0.000000 100
3730 2.203703 100
3731 6.466497 100
3732 12.599296 100
3733 2.494518 100
3734 2.495660 100
3735 16.441124 100
3736 2.020260 100
3737 1.355543 100
3738 91.349052 100
3739 1.776628 100
3740 2.642406 100
3741 2.700845 99
3742 2.465062 100
3743 2.269235 100
3744 16.307501 100
3745 7.142345 100
3746 1.272108 100
3747 2.799424 100
3748 1.586865 100
3749 0.000000 100
3750 6.836098 110
3751 2.076972 110
3752 6.700890 110
3753 0.445373 110
3754 1.793538 110
3755 1.534809 110
3756 13.044347 110
3757 2.249958 110
3758 2.627072 110
3759 1.412051 110
3760 1.693421 110
3761 2.140017 110
3762 0.305328 110
3763 1.756001 110
3764 2.226408 110
3765 2.588422 110
3766 0.835342 110
3767 0.000000 110
3768 16.541788 110
3769 1.707797 110
3770 3.023667 110
3771 1.512381 110
3772 2.037256 110
3773 5.346895 110
3774 5.796122 110
3775 1.505846 110
3776 0.042470 110
3777 2.507803 110
3778 350.670819 110
3779 2.282787 110
3780 2.255785 110
3781 18.274176 110
3782 102.512625 110
3783 27.624100 110
3784 1.923593 110
3785 2.425972 110
3786 0.000000 110
3787 2.357472 110
3788 1.115959 110
3789 16.549125 110
3790 3.125504 110
3791 2.927489 110
3792 2.694811 110
3793 2.812060 110
3794 2.535487 110
3795 4.493629 110
3796 1.077379 110
3797 2.917932 110
3798 3.409513 110
3799 2.874129 110
3800 1.296775 107
3801 2.352442 107
3802 0.076299 107
3803 3.548722 107
3804 2.096023 107
3805 3.500473 107
3806 2.945893 107
3807 1.485519 107
3808 3.233806 107
3809 8.334594 107
3810 1.434312 107
3811 1.756217 107
3812 1.751885 107
3813 0.633726 107
3814 5.687229 107
3815 3.559476 107
3816 1.946964 107
3817 1.586927 107
3818 2.072351 107
3819 2.450490 107
3820 6.269408 107
3821 0.277575 107
3822 7.719181 107
3823 2.254948 107
3824 14.456721 107
3825 19.185615 107
3826 0.476558 107
3827 3.354512 107
3828 1.387673 107
3829 1.178862 107
3830 19.399907 107
3831 2.070427 107
3832 16.927503 107
3833 1.479632 107
3834 3.008822 107
3835 1.784849 107
3836 3.556422 107
3837 37.861085 107
3838 56.098939 107
3839 3.977016 107
3840 0.000000 107
3841 2.608057 107
3842 36.753600 107
3843 3.986863 107
3844 1.456275 107
3845 1.664603 107
3846 1.717867 107
3847 12.133359 107
3848 1.151874 107
3849 0.794904 107
3850 2.301741 105
3851 3.960154 105
3852 1.396069 105
3853 1.748229 105
3854 1.691777 105
3855 1.913701 105
3856 1.334304 105
3857 2.037269 105
3858 0.120451 105
3859 3.673999 105
3860 1.816579 105
3861 3.774964 105
3862 1.102892 105
3863 1.750635 105
3864 2.559063 105
3865 27.338555 105
3866 2.454909 105
3867 4.465208 105
3868 2.379924 105
3869 2.221774 105
3870 2.529816 105
3871 1.573903 105
3872 1.022537 105
3873 1.976707 105
3874 1.878253 105
3875 1.988517 105
3876 1.131465 105
3877 3.908060 105
3878 2.907191 105
3879 2.038076 105
3880 1.946062 105
3881 1.964576 105
3882 6.572136 105
3883 2.358800 105
3884 3.377392 105
3885 0.810153 105
3886 0.518212 105
3887 3.611170 105
3888 41.696058 105
3889 13.504448 105
3890 4.946714 105
3891 7.307421 105
3892 1.878960 105
3893 2.198528 105
3894 0.002055 105
3895 5.725885 105
3896 9.662044 105
3897 3.962976 105
3898 1.611093 105
3899 2.673750 105
3900 73.448507 111
3901 1.584773 111
3902 3.768404 111
3903 2.070551 111
3904 1.522792 111
3905 1.480405 111
3906 0.000000 111
3907 1.069373 111
3908 3.307360 111
3909 0.277010 111
3910 2.430421 111
3911 1.620436 111
3912 1.175960 111
3913 2.495142 111
3914 2.357079 111
3915 2.222403 111
3916 1.881819 111
3917 2.005380 111
3918 0.920268 111
3919 1.026224 111
3920 0.000000 111
3921 0.000000 111
3922 0.917686 111
3923 2.130935 111
3924 7.366480 111
3925 1.730537 111
3926 24.209159 111
3927 13.205770 111
3928 1.700809 111
3929 45.824893 111
3930 1.619411 111
3931 3.508855 111
3932 0.861807 111
3933 1.533240 111
3934 3.096212 111
3935 2.343818 111
3936 2.555188 111
3937 2.310008 111
3938 1.134859 111
3939 14.019864 111
3940 0.122500 111
3941 3.853699 111
3942 2.606050 111
3943 0.959747 111
3944 2.319992 111
3945 37.522816 111
3946 1.882969 111
3947 2.324184 111
3948 2.063423 111
3949 14.044608 111
3950 0.987983 119
3951 2.119480 119
3952 5.454755 119
3953 0.439048 119
3954 1.511028 119
3955 47.813253 119
3956 53.355676 119
3957 2.393110 119
3958 1.842885 119
3959 5.022989 119
3960 0.000000 119
3961 1.629868 119
3962 1.557458 119
3963 4.035800 119
3964 5.890104 119
3965 15.673723 119
3966 3.044691 119
3967 13.066254 117
3968 0.889280 119
3969 0.375720 119
3970 12.699673 119
3971 2.896720 119
3972 2.339347 119
3973 0.000000 119
3974 3.708743 119
3975 1.646139 119
3976 1.993318 119
3977 0.873500 119
3978 1.747450 119
3979 1.459228 119
3980 0.000000 119
3981 3.776313 119
3982 3.163959 119
3983 3.252974 119
3984 1.874420 119
3985 1.055535 119
3986 0.113261 119
3987 1.334676 119
3988 5.974911 119
3989 0.707165 119
3990 3.212485 119
3991 0.516101 119
3992 11.279478 119
3993 0.549906 119
3994 0.482107 119
3995 0.718445 119
3996 0.686387 119
3997 0.669377 119
3998 1.731768 119
3999 1.028857 119
4000 0.279740 113
4001 0.469725 113
4002 3.038689 113
4003 1.700741 113
4004 3.021424 113
4005 1.932606 113
4006 7.760878 113
4007 4.606491 113
4008 0.581483 113
4009 2.038441 113
4010 0.699806 113
4011 1.412635 113
4012 2.671905 113
4013 6.538283 113
4014 3.739529 113
4015 0.439118 113
4016 0.453496 113
4017 1.119506 113
4018 1.179120 113
4019 0.561012 113
4020 3.151024 113
4021 1.388099 113
4022 3.100989 113
4023 3.838786 113
4024 1.271440 113
4025 3.247392 113
4026 1.804275 113
4027 29.788760 113
4028 1.583638 113
4029 1.661976 113
4030 1.559441 113
4031 313.357637 113
4032 109.184416 113
4033 34.330106 113
4034 5.336863 113
4035 38.652066 113
4036 2.201934 113
4037 1.403879 113
4038 8.738668 113
4039 0.825618 113
4040 0.000000 113
4041 3.441662 113
4042 0.918441 113
4043 1.990367 113
4044 0.483128 113
4045 8.369778 113
4046 22.961748 113
4047 2.085717 113
4048 1.492095 113
4049 1.898361 113
4050 2.508824 121
4051 1.305569 121
4052 0.719051 121
4053 2.283724 121
4054 0.878975 121
4055 1.835597 121
4056 1.673367 121
4057 1.289145 121
4058 0.021639 121
4059 0.601202 121
4060 138.431992 121
4061 1.780665 121
4062 1.736699 121
4063 1.711595 121
4064 1.270749 121
4065 3.306150 121
4066 25.466191 121
4067 0.288828 121
4068 8.967193 121
4069 2.758028 121
4070 1.346154 121
4071 2.852679 121
4072 0.845615 121
4073 1.209029 121
4074 1.326099 121
4075 3.343639 121
4076 7.088679 121
4077 2.668489 121
4078 0.506943 121
4079 0.652296 121
4080 2.359399 121
4081 2.730210 121
4082 2.572033 121
4083 3.132332 121
4084 7.677535 121
4085 0.624690 121
4086 3.921244 121
4087 0.676074 121
4088 2.386893 121
4089 3.174169 121
4090 3.506663 121
4091 4.358699 121
4092 12.939588 121
4093 0.157804 121
4094 8.326073 121
4095 3.903806 121
4096 3.403334 121
4097 2.605004 121
4098 2.117201 121
4099 3.373831 121
4100 3.214563 114
4101 0.335830 114
4102 0.395896 114
4103 1.888553 114
4104 2.592775 114
4105 3.612887 114
4106 26.293550 114
4107 0.010025 114
4108 2.894197 114
4109 4.110288 114
4110 0.461337 114
4111 12.676833 114
4112 96.452700 114
4113 1.893811 114
4114 2.207496 114
4115 2.925943 114
4116 6.305868 114
4117 10.290553 114
4118 4.273455 114
4119 22.014085 114
4120 5.306102 114
4121 0.000000 114
4122 7.846559 114
4123 2.223739 114
4124 2.410226 114
4125 5.702221 114
4126 8.263258 114
4127 2.801040 114
4128 1.703069 114
4129 5.485393 114
4130 3.099744 114
4131 4.218051 114
4132 0.796602 114
4133 1.624436 114
4134 0.000000 114
4135 0.000000 114
4136 3.948285 114
4137 2.607848 114
4138 3.930002 114
4139 4.540064 114
4140 3.135485 114
4141 7.967091 114
4142 7.265492 114
4143 3.212204 114
4144 1.047481 114
4145 2.543934 114
4146 3.109782 114
4147 2.664409 114
4148 3.059666 114
4149 6.959532 114
4150 4.410762 112
4151 4.107020 112
4152 1.321304 112
4153 1.053450 112
4154 6.014686 112
4155 3.888352 112
4156 2.921473 112
4157 1.919645 112
4158 3.702493 112
4159 9.956265 112
4160 1.729928 112
4161 29.842647 112
4162 14.870557 112
4163 12.523257 112
4164 3.529769 112
4165 0.000000 112
4166 11.169835 112
4167 4.002794 112
4168 2.729486 112
4169 0.850461 112
4170 1.594137 112
4171 1.952692 112
4172 6.966250 112
4173 13.745447 112
4174 2.675054 112
4175 3.744859 112
4176 10.489760 112
4177 0.731354 112
4178 1.257411 112
4179 2.693280 112
4180 2.638272 112
4181 4.017989 112
4182 4.117834 112
4183 45.376801 112
4184 11.002947 112
4185 4.804771 112
4186 2.554957 112
4187 3.398610 112
4188 8.064617 112
4189 0.695695 112
4190 8.015897 112
4191 15.616171 112
4192 2.073069 112
4193 2.330454 112
4194 1.111723 112
4195 3.305109 112
4196 0.561260 112
4197 4.241438 112
4198 3.049266 112
4199 3.234030 112
4200 1.414598 117
4201 3.182041 117
4202 2.267152 117
4203 3.377546 117
4204 9.366281 117
4205 5.692316 117
4206 5.342639 117
4207 4.920907 117
4208 6.357257 117
4209 8.822798 117
4210 1.286811 117
4211 4.003309 117
4212 4.308239 117
4213 1.542737 117
4214 4.871486 117
4215 8.421331 117
4216 5.438797 117
4217 1.233388 117
4218 3.193031 117
4219 8.513364 117
4220 1.464368 117
4221 2.295477 117
4222 107.537895 117
4223 0.000000 117
4224 2.398185 117
4225 1.707005 117
4226 1.473865 117
4227 4.106195 117
4228 4.013177 117
4229 2.345990 117
4230 3.522206 117
4231 4.844090 117
4232 1.969032 117
4233 1.535032 117
4234 1.900944 117
4235 2.877626 117
4236 0.718164 117
4237 0.591600 117
4238 1.964503 117
4239 1.700238 117
4240 3.675619 117
4241 3.405346 117
4242 1.559944 117
4243 4.019511 117
4244 3.784924 117
4245 4.176782 117
4246 1.517234 117
4247 0.575190 117
4248 0.959648 117
4249 1.018964 117
4250 0.225750 101
4251 0.121275 101
4252 1.881142 101
4253 2.023517 101
4254 1.263445 101
4255 0.908937 101
4256 1.597165 101
4257 2.663163 101
4258 1.128261 101
4259 1.409542 101
4260 1.663412 101
4261 2.884914 101
4262 1.239073 101
4263 1.764347 101
4264 2.619372 101
4265 1.936009 101
4266 3.242367 101
4267 1.719269 101
4268 4.485074 101
4269 5.598341 101
4270 7.207021 101
4271 8.020662 101
4272 8.372540 101
4273 8.971302 101
4274 0.000000 101
4275 0.000000 101
4276 0.000000 101
4277 0.000000 101
4278 0.028263 101
4279 1.391222 101
4280 3.015343 101
4281 3.691185 101
4282 0.403858 101
4283 2.634434 101
4284 1.246433 101
4285 16.235454 101
4286 1.273639 101
4287 3.582683 101
4288 0.453878 101
4289 11.962460 101
4290 5.572435 101
4291 13.335588 101
4292 12.444221 101
4293 13.310599 101
4294 12.768341 101
4295 12.781806 101
4296 12.812791 101
4297 12.752927 101
4298 0.000000 101
4299 11.886951 101
4300 2.962555 105
4301 6.488128 105
4302 7.512830 105
4303 7.667487 105
4304 7.526022 105
4305 7.427392 105
4306 0.996072 105
4307 3.088472 105
4308 8.638693 105
4309 8.422654 105
4310 3.077633 105
4311 4.035633 105
4312 7.318998 105
4313 7.741140 105
4314 8.025439 105
4315 7.306310 105
4316 8.660304 105
4317 4.443796 105
4318 31.994319 105
4319 1.778809 105
4320 1.920097 105
4321 2.263612 105
4322 2.569787 105
4323 2.395580 105
4324 2.463255 105
4325 0.940623 105
4326 13.722524 105
4327 2.889288 105
4328 7.398304 105
4329 0.747631 105
4330 12.004162 105
4331 1.117389 105
4332 1.480869 105
4333 1.145107 105
4334 3.668183 105
4335 1.084698 105
4336 0.562843 105
4337 0.854154 105
4338 1.339356 105
4339 3.197604 105
4340 1.923193 105
4341 1.265219 105
4342 1.489056 105
4343 0.929311 105
4344 0.000000 105
4345 0.000000 105
4346 0.000000 105
4347 0.000000 105
4348 0.000000 105
4349 0.000000 105
4350 0.000000 104
4351 1.539970 104
4352 0.521048 104
4353 1.788161 104
4354 2.714119 104
4355 1.921879 104
4356 2.717419 104
4357 2.050455 104
4358 1.705895 104
4359 1.410081 104
4360 0.000000 104
4361 0.000000 104
4362 0.000000 104
4363 0.000000 104
4364 0.000000 104
4365 0.000000 104
4366 0.000000 104
4367 0.000000 104
4368 0.000000 104
4369 0.000000 104
4370 0.000000 104
4371 0.000000 104
4372 0.000000 104
4373 0.000000 104
4374 0.000000 104
4375 0.000000 104
4376 0.000000 104
4377 0.000000 104
4378 0.000000 104
4379 3.692840 104
4380 6.891872 104
4381 17.145011 104
4382 8.181238 104
4383 14.888906 104
4384 5.483930 104
4385 5.338595 104
4386 8.382882 104
4387 6.265531 104
4388 292.455465 104
4389 2.246879 104
4390 3.723679 104
4391 10.714981 103
4392 64.158379 104
4393 9.638563 104
4394 3.048713 104
4395 6.192790 104
4396 5.239716 104
4397 7.495253 104
4398 6.373295 104
4399 5.847228 104
4400 2.269073 87
4401 4.466551 87
4402 5.254142 87
4403 6.259801 87
4404 5.067308 87
4405 6.237587 87
4406 3.472255 87
4407 3.533435 87
4408 3.258494 87
4409 4.148629 87
4410 3.355097 87
4411 2.775650 87
4412 3.873575 87
4413 2.069980 87
4414 22.239635 87
4415 3.961680 87
4416 88.796214 87
4417 1.464071 87
4418 19.128100 87
4419 53.673859 87
4420 3.495354 87
4421 1.297666 87
4422 32.470719 87
4423 31.962863 87
4424 3.906554 87
4425 1.688403 87
4426 23.547745 87
4427 62.539584 87
4428 3.255031 87
4429 15.505549 87
4430 4.950692 87
4431 4.235594 87
4432 93.811198 87
4433 14.787646 87
4434 4.359183 87
4435 86.345432 87
4436 3.703517 87
4437 1.825786 87
4438 41.634689 87
4439 49.783096 87
4440 4.316031 87
4441 1.898831 87
4442 41.796751 87
4443 4.901733 87
4444 61.818793 87
4445 1.503104 87
4446 20.376953 87
4447 3.780493 87
4448 74.803689 87
4449 2.009564 87
4450 11.393590 101
4451 73.201718 101
4452 4.588820 101
4453 0.000000 101
4454 1.046818 101
4455 2.174360 101
4456 1.585090 101
4457 5.121613 101
4458 2.435184 101
4459 5.330880 101
4460 4.657021 101
4461 10.828679 101
4462 2.704562 101
4463 5.728963 101
4464 1.503007 101
4465 3.669215 101
4466 3.659584 101
4467 2.539690 101
4468 3.037101 101
4469 6.541035 101
4470 1.255184 101
4471 2.625950 101
4472 5.447567 101
4473 19.079514 101
4474 42.650611 101
4475 2.876408 101
4476 6.259248 101
4477 13.496836 101
4478 1.647947 101
4479 1.708791 101
4480 7.571064 101
4481 1.387003 101
4482 1.384256 101
4483 0.002810 101
4484 1.736707 101
4485 2.194118 101
4486 2.728844 101
4487 3.899862 101
4488 2.838382 101
4489 1.913550 101
4490 3.020763 101
4491 3.701928 101
4492 17.941848 101
4493 3.681211 101
4494 2.500763 101
4495 0.565255 101
4496 5.581072 101
4497 3.251497 101
4498 3.677846 101
4499 16.574474 101
