0 0.823944
1 0.823944
2 0.823944
3 0.823944
4 0.823944
5 0.823944
6 0.823944
7 0.823944
8 0.823944
9 0.823944
10 0.823944
11 0.823944
12 0.823944
13 0.823944
14 0.823944
15 0.823944
16 0.823944
17 0.823944
18 0.823944
19 0.823944
20 0.823944
21 0.823944
22 0.823944
23 0.823944
24 0.823944
25 0.823944
26 0.823944
27 0.823944
28 0.823944
29 0.823944
30 0.823944
31 0.823944
32 0.823944
33 0.823944
34 0.823944
35 0.823944
36 0.823944
37 0.823944
38 0.823944
39 0.823944
40 0.823944
41 0.823944
42 0.823944
43 0.823944
44 0.823944
45 0.823944
46 0.823944
47 0.823944
48 0.823944
49 0.823944
50 0.823944
51 0.823944
52 0.816901
53 0.823944
54 0.823944
55 0.823944
56 0.823944
57 0.823944
58 0.823944
59 0.823944
60 0.823944
61 0.823944
62 0.823944
63 0.823944
64 0.823944
65 0.823944
66 0.823944
67 0.823944
68 0.823944
69 0.823944
70 0.823944
71 0.816901
72 0.816901
73 0.823944
74 0.823944
75 0.823944
76 0.823944
77 0.823944
78 0.823944
79 0.823944
80 0.823944
81 0.823944
82 0.823944
83 0.823944
84 0.823944
85 0.823944
86 0.823944
87 0.823944
88 0.823944
89 0.823944
90 0.823944
91 0.823944
92 0.823944
93 0.823944
94 0.823944
95 0.823944
96 0.823944
97 0.823944
98 0.823944
99 0.823944
100 0.669014
101 0.669014
102 0.669014
103 0.669014
104 0.669014
105 0.661972
106 0.669014
107 0.669014
108 0.669014
109 0.669014
110 0.669014
111 0.669014
112 0.669014
113 0.669014
114 0.669014
115 0.661972
116 0.669014
117 0.669014
118 0.669014
119 0.669014
120 0.669014
121 0.669014
122 0.669014
123 0.669014
124 0.669014
125 0.669014
126 0.669014
127 0.669014
128 0.669014
129 0.669014
130 0.669014
131 0.669014
132 0.669014
133 0.669014
134 0.669014
135 0.669014
136 0.669014
137 0.669014
138 0.669014
139 0.669014
140 0.669014
141 0.669014
142 0.669014
143 0.669014
144 0.669014
145 0.669014
146 0.669014
147 0.669014
148 0.669014
149 0.669014
150 0.746479
151 0.746479
152 0.746479
153 0.746479
154 0.746479
155 0.746479
156 0.746479
157 0.746479
158 0.746479
159 0.746479
160 0.746479
161 0.746479
162 0.746479
163 0.746479
164 0.746479
165 0.746479
166 0.746479
167 0.746479
168 0.746479
169 0.746479
170 0.746479
171 0.746479
172 0.746479
173 0.746479
174 0.739437
175 0.746479
176 0.739437
177 0.739437
178 0.739437
179 0.739437
180 0.739437
181 0.746479
182 0.746479
183 0.739437
184 0.739437
185 0.739437
186 0.739437
187 0.739437
188 0.746479
189 0.739437
190 0.739437
191 0.739437
192 0.739437
193 0.739437
194 0.739437
195 0.739437
196 0.739437
197 0.739437
198 0.739437
199 0.739437
200 0.711268
201 0.711268
202 0.711268
203 0.711268
204 0.711268
205 0.711268
206 0.711268
207 0.711268
208 0.711268
209 0.711268
210 0.711268
211 0.711268
212 0.711268
213 0.711268
214 0.711268
215 0.711268
216 0.711268
217 0.711268
218 0.711268
219 0.711268
220 0.711268
221 0.711268
222 0.711268
223 0.711268
224 0.711268
225 0.711268
226 0.711268
227 0.711268
228 0.711268
229 0.711268
230 0.711268
231 0.711268
232 0.711268
233 0.711268
234 0.711268
235 0.711268
236 0.711268
237 0.711268
238 0.711268
239 0.711268
240 0.711268
241 0.711268
242 0.711268
243 0.711268
244 0.711268
245 0.711268
246 0.711268
247 0.711268
248 0.711268
249 0.711268
250 0.753521
251 0.753521
252 0.753521
253 0.753521
254 0.753521
255 0.753521
256 0.753521
257 0.753521
258 0.753521
259 0.753521
260 0.753521
261 0.753521
262 0.753521
263 0.753521
264 0.753521
265 0.753521
266 0.753521
267 0.753521
268 0.753521
269 0.753521
270 0.753521
271 0.753521
272 0.753521
273 0.753521
274 0.753521
275 0.753521
276 0.753521
277 0.753521
278 0.753521
279 0.753521
280 0.753521
281 0.753521
282 0.753521
283 0.753521
284 0.753521
285 0.753521
286 0.753521
287 0.753521
288 0.753521
289 0.753521
290 0.753521
291 0.746479
292 0.746479
293 0.746479
294 0.746479
295 0.746479
296 0.746479
297 0.746479
298 0.746479
299 0.746479
300 0.753521
301 0.753521
302 0.753521
303 0.753521
304 0.753521
305 0.753521
306 0.753521
307 0.753521
308 0.753521
309 0.753521
310 0.753521
311 0.753521
312 0.753521
313 0.753521
314 0.753521
315 0.753521
316 0.753521
317 0.753521
318 0.753521
319 0.753521
320 0.753521
321 0.753521
322 0.753521
323 0.753521
324 0.753521
325 0.753521
326 0.753521
327 0.753521
328 0.753521
329 0.753521
330 0.753521
331 0.753521
332 0.753521
333 0.753521
334 0.753521
335 0.753521
336 0.753521
337 0.753521
338 0.753521
339 0.753521
340 0.753521
341 0.753521
342 0.753521
343 0.753521
344 0.753521
345 0.753521
346 0.753521
347 0.753521
348 0.753521
349 0.753521
350 0.802817
351 0.802817
352 0.809859
353 0.802817
354 0.802817
355 0.802817
356 0.802817
357 0.809859
358 0.802817
359 0.802817
360 0.802817
361 0.802817
362 0.802817
363 0.809859
364 0.809859
365 0.802817
366 0.802817
367 0.802817
368 0.802817
369 0.802817
370 0.802817
371 0.802817
372 0.802817
373 0.809859
374 0.802817
375 0.802817
376 0.802817
377 0.802817
378 0.802817
379 0.809859
380 0.802817
381 0.802817
382 0.802817
383 0.802817
384 0.802817
385 0.802817
386 0.802817
387 0.802817
388 0.802817
389 0.802817
390 0.802817
391 0.802817
392 0.802817
393 0.802817
394 0.802817
395 0.802817
396 0.802817
397 0.802817
398 0.802817
399 0.802817
400 0.760563
401 0.760563
402 0.760563
403 0.760563
404 0.760563
405 0.760563
406 0.760563
407 0.760563
408 0.760563
409 0.760563
410 0.760563
411 0.753521
412 0.753521
413 0.753521
414 0.753521
415 0.760563
416 0.753521
417 0.746479
418 0.746479
419 0.746479
420 0.746479
421 0.746479
422 0.746479
423 0.746479
424 0.746479
425 0.746479
426 0.753521
427 0.753521
428 0.746479
429 0.760563
430 0.746479
431 0.746479
432 0.746479
433 0.753521
434 0.753521
435 0.753521
436 0.746479
437 0.753521
438 0.746479
439 0.753521
440 0.746479
441 0.746479
442 0.746479
443 0.746479
444 0.746479
445 0.746479
446 0.746479
447 0.746479
448 0.753521
449 0.739437
450 0.767606
451 0.767606
452 0.767606
453 0.760563
454 0.760563
455 0.760563
456 0.760563
457 0.760563
458 0.760563
459 0.767606
460 0.767606
461 0.767606
462 0.767606
463 0.767606
464 0.760563
465 0.767606
466 0.767606
467 0.767606
468 0.767606
469 0.767606
470 0.767606
471 0.767606
472 0.767606
473 0.767606
474 0.767606
475 0.767606
476 0.767606
477 0.767606
478 0.767606
479 0.767606
480 0.767606
481 0.767606
482 0.767606
483 0.767606
484 0.767606
485 0.760563
486 0.767606
487 0.767606
488 0.767606
489 0.767606
490 0.767606
491 0.767606
492 0.767606
493 0.767606
494 0.767606
495 0.767606
496 0.767606
497 0.767606
498 0.767606
499 0.767606
500 0.823944
501 0.823944
502 0.823944
503 0.823944
504 0.823944
505 0.823944
506 0.816901
507 0.816901
508 0.823944
509 0.816901
510 0.823944
511 0.823944
512 0.823944
513 0.823944
514 0.823944
515 0.823944
516 0.823944
517 0.823944
518 0.823944
519 0.823944
520 0.823944
521 0.823944
522 0.823944
523 0.823944
524 0.823944
525 0.823944
526 0.823944
527 0.823944
528 0.823944
529 0.823944
530 0.823944
531 0.816901
532 0.823944
533 0.823944
534 0.823944
535 0.816901
536 0.823944
537 0.816901
538 0.823944
539 0.816901
540 0.816901
541 0.816901
542 0.823944
543 0.823944
544 0.809859
545 0.823944
546 0.823944
547 0.823944
548 0.823944
549 0.823944
550 0.739437
551 0.739437
552 0.739437
553 0.739437
554 0.739437
555 0.739437
556 0.739437
557 0.739437
558 0.739437
559 0.739437
560 0.739437
561 0.739437
562 0.739437
563 0.739437
564 0.739437
565 0.739437
566 0.739437
567 0.739437
568 0.739437
569 0.739437
570 0.732394
571 0.739437
572 0.739437
573 0.732394
574 0.732394
575 0.732394
576 0.732394
577 0.732394
578 0.739437
579 0.739437
580 0.739437
581 0.739437
582 0.739437
583 0.739437
584 0.739437
585 0.739437
586 0.739437
587 0.739437
588 0.739437
589 0.739437
590 0.739437
591 0.739437
592 0.739437
593 0.739437
594 0.739437
595 0.739437
596 0.739437
597 0.739437
598 0.739437
599 0.739437
600 0.816901
601 0.816901
602 0.816901
603 0.816901
604 0.816901
605 0.809859
606 0.809859
607 0.809859
608 0.816901
609 0.816901
610 0.816901
611 0.816901
612 0.816901
613 0.809859
614 0.809859
615 0.809859
616 0.816901
617 0.802817
618 0.816901
619 0.718310
620 0.816901
621 0.816901
622 0.816901
623 0.802817
624 0.816901
625 0.816901
626 0.816901
627 0.816901
628 0.809859
629 0.809859
630 0.816901
631 0.802817
632 0.802817
633 0.802817
634 0.816901
635 0.809859
636 0.816901
637 0.816901
638 0.816901
639 0.816901
640 0.816901
641 0.795775
642 0.816901
643 0.816901
644 0.816901
645 0.816901
646 0.816901
647 0.816901
648 0.816901
649 0.816901
650 0.788732
651 0.788732
652 0.781690
653 0.788732
654 0.788732
655 0.788732
656 0.732394
657 0.788732
658 0.788732
659 0.788732
660 0.781690
661 0.788732
662 0.781690
663 0.788732
664 0.788732
665 0.788732
666 0.788732
667 0.788732
668 0.781690
669 0.788732
670 0.718310
671 0.788732
672 0.788732
673 0.788732
674 0.788732
675 0.788732
676 0.788732
677 0.788732
678 0.788732
679 0.788732
680 0.788732
681 0.788732
682 0.788732
683 0.788732
684 0.788732
685 0.788732
686 0.788732
687 0.788732
688 0.788732
689 0.788732
690 0.788732
691 0.788732
692 0.788732
693 0.788732
694 0.788732
695 0.788732
696 0.781690
697 0.781690
698 0.781690
699 0.781690
700 0.725352
701 0.725352
702 0.725352
703 0.725352
704 0.725352
705 0.725352
706 0.725352
707 0.725352
708 0.725352
709 0.725352
710 0.725352
711 0.725352
712 0.725352
713 0.725352
714 0.725352
715 0.725352
716 0.725352
717 0.725352
718 0.725352
719 0.725352
720 0.725352
721 0.725352
722 0.725352
723 0.725352
724 0.725352
725 0.725352
726 0.725352
727 0.725352
728 0.725352
729 0.725352
730 0.725352
731 0.725352
732 0.725352
733 0.725352
734 0.725352
735 0.725352
736 0.725352
737 0.725352
738 0.725352
739 0.718310
740 0.718310
741 0.725352
742 0.718310
743 0.718310
744 0.725352
745 0.725352
746 0.725352
747 0.718310
748 0.725352
749 0.725352
750 0.718310
751 0.718310
752 0.718310
753 0.711268
754 0.718310
755 0.718310
756 0.718310
757 0.718310
758 0.718310
759 0.711268
760 0.711268
761 0.711268
762 0.718310
763 0.711268
764 0.718310
765 0.718310
766 0.711268
767 0.711268
768 0.718310
769 0.711268
770 0.711268
771 0.718310
772 0.711268
773 0.718310
774 0.718310
775 0.718310
776 0.718310
777 0.718310
778 0.718310
779 0.718310
780 0.718310
781 0.718310
782 0.718310
783 0.718310
784 0.718310
785 0.718310
786 0.711268
787 0.718310
788 0.718310
789 0.718310
790 0.718310
791 0.718310
792 0.711268
793 0.718310
794 0.718310
795 0.718310
796 0.718310
797 0.718310
798 0.718310
799 0.718310
800 0.809859
801 0.809859
802 0.809859
803 0.809859
804 0.802817
805 0.809859
806 0.802817
807 0.809859
808 0.809859
809 0.809859
810 0.802817
811 0.809859
812 0.809859
813 0.802817
814 0.809859
815 0.809859
816 0.809859
817 0.809859
818 0.809859
819 0.809859
820 0.809859
821 0.809859
822 0.809859
823 0.809859
824 0.809859
825 0.809859
826 0.809859
827 0.809859
828 0.809859
829 0.809859
830 0.809859
831 0.809859
832 0.809859
833 0.809859
834 0.809859
835 0.809859
836 0.809859
837 0.809859
838 0.809859
839 0.809859
840 0.809859
841 0.809859
842 0.809859
843 0.809859
844 0.809859
845 0.809859
846 0.809859
847 0.809859
848 0.809859
849 0.809859
850 0.788732
851 0.788732
852 0.781690
853 0.788732
854 0.788732
855 0.781690
856 0.781690
857 0.788732
858 0.781690
859 0.781690
860 0.788732
861 0.788732
862 0.788732
863 0.788732
864 0.788732
865 0.788732
866 0.788732
867 0.788732
868 0.781690
869 0.788732
870 0.774648
871 0.774648
872 0.781690
873 0.774648
874 0.774648
875 0.781690
876 0.774648
877 0.781690
878 0.774648
879 0.774648
880 0.774648
881 0.774648
882 0.774648
883 0.774648
884 0.774648
885 0.788732
886 0.774648
887 0.774648
888 0.774648
889 0.774648
890 0.781690
891 0.774648
892 0.788732
893 0.788732
894 0.781690
895 0.788732
896 0.774648
897 0.774648
898 0.788732
899 0.781690
900 0.753521
901 0.753521
902 0.753521
903 0.753521
904 0.753521
905 0.753521
906 0.753521
907 0.746479
908 0.753521
909 0.746479
910 0.746479
911 0.753521
912 0.739437
913 0.739437
914 0.753521
915 0.739437
916 0.753521
917 0.753521
918 0.753521
919 0.746479
920 0.739437
921 0.739437
922 0.739437
923 0.739437
924 0.739437
925 0.739437
926 0.746479
927 0.739437
928 0.739437
929 0.739437
930 0.739437
931 0.753521
932 0.753521
933 0.746479
934 0.746479
935 0.753521
936 0.746479
937 0.746479
938 0.746479
939 0.753521
940 0.746479
941 0.746479
942 0.746479
943 0.753521
944 0.753521
945 0.753521
946 0.746479
947 0.746479
948 0.753521
949 0.746479
950 0.746479
951 0.746479
952 0.746479
953 0.739437
954 0.746479
955 0.746479
956 0.746479
957 0.746479
958 0.739437
959 0.739437
960 0.746479
961 0.739437
962 0.739437
963 0.739437
964 0.746479
965 0.746479
966 0.732394
967 0.746479
968 0.739437
969 0.739437
970 0.746479
971 0.739437
972 0.746479
973 0.746479
974 0.746479
975 0.739437
976 0.746479
977 0.746479
978 0.746479
979 0.746479
980 0.746479
981 0.746479
982 0.739437
983 0.746479
984 0.746479
985 0.746479
986 0.746479
987 0.746479
988 0.746479
989 0.746479
990 0.746479
991 0.746479
992 0.746479
993 0.746479
994 0.746479
995 0.746479
996 0.746479
997 0.746479
998 0.746479
999 0.746479
1000 0.605634
1001 0.605634
1002 0.605634
1003 0.605634
1004 0.605634
1005 0.605634
1006 0.605634
1007 0.605634
1008 0.605634
1009 0.605634
1010 0.605634
1011 0.605634
1012 0.605634
1013 0.605634
1014 0.605634
1015 0.605634
1016 0.605634
1017 0.598592
1018 0.605634
1019 0.605634
1020 0.598592
1021 0.598592
1022 0.598592
1023 0.598592
1024 0.598592
1025 0.605634
1026 0.598592
1027 0.598592
1028 0.598592
1029 0.598592
1030 0.598592
1031 0.598592
1032 0.605634
1033 0.598592
1034 0.605634
1035 0.605634
1036 0.591549
1037 0.605634
1038 0.605634
1039 0.598592
1040 0.605634
1041 0.598592
1042 0.605634
1043 0.605634
1044 0.605634
1045 0.598592
1046 0.605634
1047 0.605634
1048 0.605634
1049 0.605634
1050 0.746479
1051 0.746479
1052 0.746479
1053 0.746479
1054 0.739437
1055 0.746479
1056 0.739437
1057 0.739437
1058 0.746479
1059 0.739437
1060 0.739437
1061 0.746479
1062 0.739437
1063 0.739437
1064 0.739437
1065 0.739437
1066 0.746479
1067 0.746479
1068 0.739437
1069 0.739437
1070 0.739437
1071 0.739437
1072 0.739437
1073 0.739437
1074 0.746479
1075 0.732394
1076 0.732394
1077 0.739437
1078 0.732394
1079 0.732394
1080 0.746479
1081 0.732394
1082 0.732394
1083 0.739437
1084 0.732394
1085 0.732394
1086 0.739437
1087 0.746479
1088 0.746479
1089 0.739437
1090 0.746479
1091 0.746479
1092 0.739437
1093 0.739437
1094 0.746479
1095 0.746479
1096 0.746479
1097 0.746479
1098 0.746479
1099 0.746479
1100 0.852113
1101 0.852113
1102 0.845070
1103 0.852113
1104 0.852113
1105 0.852113
1106 0.852113
1107 0.852113
1108 0.852113
1109 0.852113
1110 0.852113
1111 0.845070
1112 0.852113
1113 0.845070
1114 0.852113
1115 0.852113
1116 0.852113
1117 0.852113
1118 0.852113
1119 0.852113
1120 0.852113
1121 0.845070
1122 0.852113
1123 0.852113
1124 0.845070
1125 0.852113
1126 0.852113
1127 0.852113
1128 0.852113
1129 0.852113
1130 0.852113
1131 0.852113
1132 0.852113
1133 0.845070
1134 0.852113
1135 0.852113
1136 0.852113
1137 0.852113
1138 0.845070
1139 0.852113
1140 0.852113
1141 0.852113
1142 0.852113
1143 0.852113
1144 0.852113
1145 0.852113
1146 0.852113
1147 0.845070
1148 0.852113
1149 0.852113
1150 0.774648
1151 0.767606
1152 0.767606
1153 0.774648
1154 0.767606
1155 0.767606
1156 0.774648
1157 0.767606
1158 0.774648
1159 0.767606
1160 0.774648
1161 0.774648
1162 0.774648
1163 0.767606
1164 0.767606
1165 0.774648
1166 0.774648
1167 0.774648
1168 0.774648
1169 0.774648
1170 0.774648
1171 0.767606
1172 0.774648
1173 0.767606
1174 0.774648
1175 0.767606
1176 0.774648
1177 0.767606
1178 0.774648
1179 0.767606
1180 0.774648
1181 0.767606
1182 0.774648
1183 0.774648
1184 0.774648
1185 0.774648
1186 0.774648
1187 0.774648
1188 0.774648
1189 0.767606
1190 0.774648
1191 0.774648
1192 0.774648
1193 0.774648
1194 0.767606
1195 0.774648
1196 0.767606
1197 0.774648
1198 0.774648
1199 0.767606
1200 0.795775
1201 0.795775
1202 0.795775
1203 0.795775
1204 0.795775
1205 0.795775
1206 0.795775
1207 0.795775
1208 0.795775
1209 0.795775
1210 0.795775
1211 0.795775
1212 0.795775
1213 0.795775
1214 0.795775
1215 0.795775
1216 0.795775
1217 0.795775
1218 0.795775
1219 0.795775
1220 0.795775
1221 0.795775
1222 0.795775
1223 0.795775
1224 0.795775
1225 0.795775
1226 0.795775
1227 0.795775
1228 0.795775
1229 0.795775
1230 0.795775
1231 0.795775
1232 0.795775
1233 0.795775
1234 0.795775
1235 0.795775
1236 0.795775
1237 0.795775
1238 0.795775
1239 0.795775
1240 0.795775
1241 0.795775
1242 0.795775
1243 0.795775
1244 0.795775
1245 0.795775
1246 0.795775
1247 0.795775
1248 0.795775
1249 0.795775
1250 0.795775
1251 0.795775
1252 0.781690
1253 0.788732
1254 0.795775
1255 0.795775
1256 0.795775
1257 0.795775
1258 0.795775
1259 0.795775
1260 0.795775
1261 0.795775
1262 0.795775
1263 0.795775
1264 0.795775
1265 0.795775
1266 0.795775
1267 0.795775
1268 0.795775
1269 0.795775
1270 0.788732
1271 0.788732
1272 0.788732
1273 0.788732
1274 0.788732
1275 0.788732
1276 0.788732
1277 0.795775
1278 0.795775
1279 0.795775
1280 0.795775
1281 0.795775
1282 0.795775
1283 0.795775
1284 0.795775
1285 0.795775
1286 0.788732
1287 0.788732
1288 0.795775
1289 0.795775
1290 0.795775
1291 0.795775
1292 0.795775
1293 0.795775
1294 0.795775
1295 0.795775
1296 0.795775
1297 0.795775
1298 0.795775
1299 0.795775
1300 0.774648
1301 0.774648
1302 0.774648
1303 0.774648
1304 0.774648
1305 0.774648
1306 0.774648
1307 0.774648
1308 0.760563
1309 0.767606
1310 0.774648
1311 0.774648
1312 0.767606
1313 0.767606
1314 0.774648
1315 0.774648
1316 0.767606
1317 0.774648
1318 0.774648
1319 0.767606
1320 0.774648
1321 0.767606
1322 0.774648
1323 0.774648
1324 0.774648
1325 0.774648
1326 0.774648
1327 0.774648
1328 0.774648
1329 0.774648
1330 0.774648
1331 0.774648
1332 0.774648
1333 0.774648
1334 0.774648
1335 0.760563
1336 0.760563
1337 0.767606
1338 0.767606
1339 0.760563
1340 0.767606
1341 0.760563
1342 0.767606
1343 0.760563
1344 0.760563
1345 0.760563
1346 0.767606
1347 0.767606
1348 0.767606
1349 0.767606
1350 0.704225
1351 0.704225
1352 0.704225
1353 0.704225
1354 0.704225
1355 0.704225
1356 0.704225
1357 0.704225
1358 0.704225
1359 0.704225
1360 0.704225
1361 0.704225
1362 0.704225
1363 0.704225
1364 0.704225
1365 0.704225
1366 0.704225
1367 0.704225
1368 0.704225
1369 0.704225
1370 0.704225
1371 0.704225
1372 0.704225
1373 0.704225
1374 0.704225
1375 0.704225
1376 0.704225
1377 0.704225
1378 0.704225
1379 0.704225
1380 0.704225
1381 0.704225
1382 0.704225
1383 0.704225
1384 0.704225
1385 0.704225
1386 0.704225
1387 0.704225
1388 0.704225
1389 0.704225
1390 0.704225
1391 0.704225
1392 0.704225
1393 0.704225
1394 0.704225
1395 0.704225
1396 0.704225
1397 0.704225
1398 0.704225
1399 0.704225
1400 0.690141
1401 0.690141
1402 0.690141
1403 0.683099
1404 0.690141
1405 0.690141
1406 0.683099
1407 0.683099
1408 0.683099
1409 0.683099
1410 0.690141
1411 0.683099
1412 0.683099
1413 0.683099
1414 0.683099
1415 0.683099
1416 0.690141
1417 0.690141
1418 0.676056
1419 0.676056
1420 0.676056
1421 0.683099
1422 0.676056
1423 0.676056
1424 0.676056
1425 0.676056
1426 0.683099
1427 0.676056
1428 0.676056
1429 0.676056
1430 0.676056
1431 0.676056
1432 0.676056
1433 0.690141
1434 0.676056
1435 0.690141
1436 0.683099
1437 0.683099
1438 0.683099
1439 0.690141
1440 0.690141
1441 0.683099
1442 0.690141
1443 0.690141
1444 0.683099
1445 0.683099
1446 0.683099
1447 0.683099
1448 0.683099
1449 0.690141
1450 0.647887
1451 0.647887
1452 0.647887
1453 0.647887
1454 0.647887
1455 0.647887
1456 0.647887
1457 0.647887
1458 0.647887
1459 0.647887
1460 0.647887
1461 0.640845
1462 0.647887
1463 0.647887
1464 0.647887
1465 0.640845
1466 0.640845
1467 0.640845
1468 0.647887
1469 0.647887
1470 0.647887
1471 0.647887
1472 0.633803
1473 0.633803
1474 0.647887
1475 0.647887
1476 0.647887
1477 0.647887
1478 0.647887
1479 0.647887
1480 0.647887
1481 0.647887
1482 0.647887
1483 0.647887
1484 0.647887
1485 0.647887
1486 0.647887
1487 0.647887
1488 0.647887
1489 0.647887
1490 0.647887
1491 0.647887
1492 0.647887
1493 0.647887
1494 0.647887
1495 0.647887
1496 0.647887
1497 0.647887
1498 0.647887
1499 0.647887
1500 0.767606
1501 0.767606
1502 0.767606
1503 0.767606
1504 0.767606
1505 0.767606
1506 0.767606
1507 0.767606
1508 0.767606
1509 0.767606
1510 0.767606
1511 0.767606
1512 0.767606
1513 0.767606
1514 0.767606
1515 0.767606
1516 0.760563
1517 0.767606
1518 0.767606
1519 0.767606
1520 0.767606
1521 0.767606
1522 0.760563
1523 0.760563
1524 0.760563
1525 0.760563
1526 0.760563
1527 0.760563
1528 0.767606
1529 0.767606
1530 0.767606
1531 0.767606
1532 0.767606
1533 0.760563
1534 0.760563
1535 0.760563
1536 0.767606
1537 0.767606
1538 0.760563
1539 0.760563
1540 0.767606
1541 0.760563
1542 0.753521
1543 0.753521
1544 0.753521
1545 0.767606
1546 0.767606
1547 0.767606
1548 0.767606
1549 0.760563
1550 0.852113
1551 0.852113
1552 0.852113
1553 0.852113
1554 0.852113
1555 0.852113
1556 0.852113
1557 0.852113
1558 0.852113
1559 0.852113
1560 0.852113
1561 0.852113
1562 0.852113
1563 0.852113
1564 0.852113
1565 0.845070
1566 0.845070
1567 0.845070
1568 0.852113
1569 0.845070
1570 0.845070
1571 0.852113
1572 0.845070
1573 0.852113
1574 0.852113
1575 0.852113
1576 0.852113
1577 0.852113
1578 0.852113
1579 0.852113
1580 0.852113
1581 0.845070
1582 0.845070
1583 0.845070
1584 0.852113
1585 0.845070
1586 0.852113
1587 0.838028
1588 0.845070
1589 0.838028
1590 0.838028
1591 0.830986
1592 0.838028
1593 0.830986
1594 0.830986
1595 0.830986
1596 0.830986
1597 0.830986
1598 0.852113
1599 0.852113
1600 0.802817
1601 0.802817
1602 0.795775
1603 0.795775
1604 0.795775
1605 0.802817
1606 0.795775
1607 0.795775
1608 0.802817
1609 0.795775
1610 0.795775
1611 0.802817
1612 0.802817
1613 0.802817
1614 0.795775
1615 0.802817
1616 0.795775
1617 0.795775
1618 0.788732
1619 0.795775
1620 0.802817
1621 0.788732
1622 0.802817
1623 0.802817
1624 0.802817
1625 0.802817
1626 0.802817
1627 0.802817
1628 0.802817
1629 0.795775
1630 0.802817
1631 0.795775
1632 0.802817
1633 0.802817
1634 0.802817
1635 0.802817
1636 0.802817
1637 0.802817
1638 0.802817
1639 0.802817
1640 0.802817
1641 0.802817
1642 0.802817
1643 0.795775
1644 0.802817
1645 0.795775
1646 0.802817
1647 0.795775
1648 0.802817
1649 0.802817
1650 0.725352
1651 0.725352
1652 0.725352
1653 0.725352
1654 0.725352
1655 0.725352
1656 0.725352
1657 0.725352
1658 0.725352
1659 0.725352
1660 0.725352
1661 0.725352
1662 0.725352
1663 0.725352
1664 0.725352
1665 0.718310
1666 0.725352
1667 0.725352
1668 0.711268
1669 0.711268
1670 0.725352
1671 0.711268
1672 0.725352
1673 0.718310
1674 0.718310
1675 0.718310
1676 0.718310
1677 0.718310
1678 0.718310
1679 0.718310
1680 0.718310
1681 0.725352
1682 0.725352
1683 0.718310
1684 0.718310
1685 0.725352
1686 0.725352
1687 0.725352
1688 0.725352
1689 0.725352
1690 0.725352
1691 0.725352
1692 0.725352
1693 0.725352
1694 0.725352
1695 0.718310
1696 0.725352
1697 0.718310
1698 0.725352
1699 0.718310
1700 0.690141
1701 0.690141
1702 0.690141
1703 0.690141
1704 0.683099
1705 0.690141
1706 0.690141
1707 0.683099
1708 0.683099
1709 0.690141
1710 0.690141
1711 0.683099
1712 0.683099
1713 0.683099
1714 0.690141
1715 0.690141
1716 0.690141
1717 0.683099
1718 0.690141
1719 0.690141
1720 0.690141
1721 0.690141
1722 0.690141
1723 0.690141
1724 0.690141
1725 0.690141
1726 0.690141
1727 0.690141
1728 0.683099
1729 0.690141
1730 0.690141
1731 0.690141
1732 0.690141
1733 0.690141
1734 0.690141
1735 0.690141
1736 0.690141
1737 0.690141
1738 0.690141
1739 0.690141
1740 0.690141
1741 0.690141
1742 0.690141
1743 0.690141
1744 0.690141
1745 0.690141
1746 0.690141
1747 0.690141
1748 0.690141
1749 0.690141
1750 0.859155
1751 0.859155
1752 0.859155
1753 0.859155
1754 0.859155
1755 0.859155
1756 0.859155
1757 0.859155
1758 0.859155
1759 0.859155
1760 0.852113
1761 0.852113
1762 0.852113
1763 0.852113
1764 0.859155
1765 0.859155
1766 0.852113
1767 0.852113
1768 0.859155
1769 0.859155
1770 0.859155
1771 0.859155
1772 0.859155
1773 0.859155
1774 0.859155
1775 0.859155
1776 0.859155
1777 0.859155
1778 0.859155
1779 0.859155
1780 0.859155
1781 0.859155
1782 0.859155
1783 0.859155
1784 0.859155
1785 0.859155
1786 0.859155
1787 0.859155
1788 0.859155
1789 0.859155
1790 0.859155
1791 0.859155
1792 0.859155
1793 0.859155
1794 0.859155
1795 0.859155
1796 0.859155
1797 0.859155
1798 0.859155
1799 0.859155
1800 0.823944
1801 0.823944
1802 0.823944
1803 0.823944
1804 0.816901
1805 0.823944
1806 0.823944
1807 0.823944
1808 0.823944
1809 0.823944
1810 0.823944
1811 0.823944
1812 0.823944
1813 0.823944
1814 0.816901
1815 0.816901
1816 0.823944
1817 0.823944
1818 0.823944
1819 0.823944
1820 0.823944
1821 0.823944
1822 0.816901
1823 0.816901
1824 0.816901
1825 0.823944
1826 0.823944
1827 0.823944
1828 0.823944
1829 0.823944
1830 0.823944
1831 0.823944
1832 0.823944
1833 0.823944
1834 0.823944
1835 0.823944
1836 0.816901
1837 0.823944
1838 0.823944
1839 0.823944
1840 0.823944
1841 0.823944
1842 0.823944
1843 0.823944
1844 0.823944
1845 0.823944
1846 0.823944
1847 0.823944
1848 0.823944
1849 0.823944
1850 0.774648
1851 0.774648
1852 0.774648
1853 0.774648
1854 0.774648
1855 0.767606
1856 0.774648
1857 0.774648
1858 0.774648
1859 0.774648
1860 0.774648
1861 0.774648
1862 0.774648
1863 0.774648
1864 0.767606
1865 0.767606
1866 0.774648
1867 0.760563
1868 0.774648
1869 0.767606
1870 0.774648
1871 0.774648
1872 0.774648
1873 0.774648
1874 0.774648
1875 0.774648
1876 0.774648
1877 0.774648
1878 0.767606
1879 0.767606
1880 0.774648
1881 0.774648
1882 0.767606
1883 0.767606
1884 0.774648
1885 0.774648
1886 0.767606
1887 0.774648
1888 0.774648
1889 0.767606
1890 0.774648
1891 0.774648
1892 0.774648
1893 0.774648
1894 0.774648
1895 0.767606
1896 0.767606
1897 0.774648
1898 0.774648
1899 0.774648
1900 0.781690
1901 0.781690
1902 0.781690
1903 0.781690
1904 0.781690
1905 0.781690
1906 0.774648
1907 0.774648
1908 0.774648
1909 0.781690
1910 0.774648
1911 0.774648
1912 0.781690
1913 0.767606
1914 0.767606
1915 0.760563
1916 0.767606
1917 0.767606
1918 0.760563
1919 0.767606
1920 0.760563
1921 0.767606
1922 0.774648
1923 0.760563
1924 0.767606
1925 0.760563
1926 0.760563
1927 0.767606
1928 0.767606
1929 0.760563
1930 0.767606
1931 0.760563
1932 0.767606
1933 0.760563
1934 0.767606
1935 0.760563
1936 0.781690
1937 0.774648
1938 0.774648
1939 0.781690
1940 0.781690
1941 0.774648
1942 0.781690
1943 0.781690
1944 0.774648
1945 0.774648
1946 0.774648
1947 0.781690
1948 0.774648
1949 0.774648
1950 0.746479
1951 0.746479
1952 0.746479
1953 0.746479
1954 0.746479
1955 0.739437
1956 0.746479
1957 0.746479
1958 0.746479
1959 0.739437
1960 0.746479
1961 0.746479
1962 0.746479
1963 0.746479
1964 0.746479
1965 0.746479
1966 0.746479
1967 0.746479
1968 0.746479
1969 0.746479
1970 0.746479
1971 0.746479
1972 0.746479
1973 0.746479
1974 0.746479
1975 0.746479
1976 0.746479
1977 0.746479
1978 0.746479
1979 0.746479
1980 0.746479
1981 0.746479
1982 0.732394
1983 0.732394
1984 0.732394
1985 0.746479
1986 0.739437
1987 0.739437
1988 0.746479
1989 0.739437
1990 0.746479
1991 0.732394
1992 0.739437
1993 0.739437
1994 0.746479
1995 0.739437
1996 0.739437
1997 0.746479
1998 0.739437
1999 0.739437
2000 0.830986
2001 0.823944
2002 0.823944
2003 0.823944
2004 0.830986
2005 0.830986
2006 0.823944
2007 0.830986
2008 0.830986
2009 0.830986
2010 0.830986
2011 0.830986
2012 0.830986
2013 0.830986
2014 0.830986
2015 0.830986
2016 0.830986
2017 0.830986
2018 0.830986
2019 0.830986
2020 0.823944
2021 0.830986
2022 0.830986
2023 0.830986
2024 0.830986
2025 0.830986
2026 0.830986
2027 0.830986
2028 0.830986
2029 0.830986
2030 0.830986
2031 0.830986
2032 0.830986
2033 0.830986
2034 0.830986
2035 0.830986
2036 0.830986
2037 0.830986
2038 0.830986
2039 0.830986
2040 0.830986
2041 0.816901
2042 0.816901
2043 0.830986
2044 0.830986
2045 0.830986
2046 0.830986
2047 0.830986
2048 0.823944
2049 0.823944
2050 0.845070
2051 0.845070
2052 0.845070
2053 0.845070
2054 0.838028
2055 0.830986
2056 0.845070
2057 0.845070
2058 0.845070
2059 0.838028
2060 0.838028
2061 0.838028
2062 0.845070
2063 0.845070
2064 0.838028
2065 0.838028
2066 0.845070
2067 0.845070
2068 0.845070
2069 0.845070
2070 0.845070
2071 0.845070
2072 0.845070
2073 0.845070
2074 0.845070
2075 0.845070
2076 0.845070
2077 0.838028
2078 0.845070
2079 0.845070
2080 0.838028
2081 0.845070
2082 0.845070
2083 0.845070
2084 0.845070
2085 0.845070
2086 0.845070
2087 0.845070
2088 0.845070
2089 0.845070
2090 0.845070
2091 0.845070
2092 0.845070
2093 0.845070
2094 0.845070
2095 0.845070
2096 0.845070
2097 0.838028
2098 0.838028
2099 0.838028
2100 0.767606
2101 0.767606
2102 0.767606
2103 0.767606
2104 0.753521
2105 0.753521
2106 0.767606
2107 0.767606
2108 0.767606
2109 0.767606
2110 0.767606
2111 0.767606
2112 0.767606
2113 0.767606
2114 0.760563
2115 0.760563
2116 0.767606
2117 0.760563
2118 0.760563
2119 0.760563
2120 0.760563
2121 0.760563
2122 0.760563
2123 0.760563
2124 0.760563
2125 0.760563
2126 0.767606
2127 0.767606
2128 0.767606
2129 0.760563
2130 0.760563
2131 0.767606
2132 0.767606
2133 0.767606
2134 0.767606
2135 0.767606
2136 0.767606
2137 0.767606
2138 0.767606
2139 0.767606
2140 0.767606
2141 0.767606
2142 0.767606
2143 0.767606
2144 0.767606
2145 0.767606
2146 0.760563
2147 0.767606
2148 0.767606
2149 0.767606
2150 0.746479
2151 0.746479
2152 0.746479
2153 0.746479
2154 0.739437
2155 0.746479
2156 0.746479
2157 0.739437
2158 0.746479
2159 0.746479
2160 0.746479
2161 0.746479
2162 0.746479
2163 0.732394
2164 0.732394
2165 0.739437
2166 0.739437
2167 0.732394
2168 0.732394
2169 0.732394
2170 0.732394
2171 0.739437
2172 0.739437
2173 0.732394
2174 0.732394
2175 0.739437
2176 0.732394
2177 0.732394
2178 0.732394
2179 0.732394
2180 0.732394
2181 0.732394
2182 0.739437
2183 0.732394
2184 0.739437
2185 0.739437
2186 0.732394
2187 0.732394
2188 0.732394
2189 0.732394
2190 0.732394
2191 0.732394
2192 0.732394
2193 0.739437
2194 0.732394
2195 0.739437
2196 0.732394
2197 0.732394
2198 0.732394
2199 0.732394
2200 0.725352
2201 0.725352
2202 0.725352
2203 0.725352
2204 0.725352
2205 0.725352
2206 0.725352
2207 0.725352
2208 0.725352
2209 0.725352
2210 0.725352
2211 0.725352
2212 0.725352
2213 0.725352
2214 0.725352
2215 0.725352
2216 0.725352
2217 0.725352
2218 0.725352
2219 0.725352
2220 0.725352
2221 0.725352
2222 0.725352
2223 0.725352
2224 0.725352
2225 0.725352
2226 0.725352
2227 0.725352
2228 0.725352
2229 0.725352
2230 0.725352
2231 0.725352
2232 0.725352
2233 0.725352
2234 0.725352
2235 0.725352
2236 0.725352
2237 0.725352
2238 0.725352
2239 0.725352
2240 0.725352
2241 0.725352
2242 0.725352
2243 0.725352
2244 0.725352
2245 0.725352
2246 0.725352
2247 0.725352
2248 0.725352
2249 0.725352
2250 0.725352
2251 0.725352
2252 0.725352
2253 0.725352
2254 0.725352
2255 0.725352
2256 0.725352
2257 0.725352
2258 0.725352
2259 0.725352
2260 0.725352
2261 0.725352
2262 0.725352
2263 0.725352
2264 0.725352
2265 0.725352
2266 0.725352
2267 0.725352
2268 0.725352
2269 0.725352
2270 0.725352
2271 0.725352
2272 0.725352
2273 0.725352
2274 0.725352
2275 0.725352
2276 0.725352
2277 0.725352
2278 0.725352
2279 0.725352
2280 0.725352
2281 0.725352
2282 0.725352
2283 0.725352
2284 0.725352
2285 0.725352
2286 0.725352
2287 0.725352
2288 0.725352
2289 0.725352
2290 0.725352
2291 0.725352
2292 0.725352
2293 0.725352
2294 0.725352
2295 0.725352
2296 0.725352
2297 0.725352
2298 0.725352
2299 0.725352
2300 0.711268
2301 0.711268
2302 0.711268
2303 0.711268
2304 0.711268
2305 0.711268
2306 0.711268
2307 0.711268
2308 0.711268
2309 0.711268
2310 0.711268
2311 0.711268
2312 0.711268
2313 0.711268
2314 0.711268
2315 0.711268
2316 0.711268
2317 0.711268
2318 0.711268
2319 0.711268
2320 0.711268
2321 0.711268
2322 0.711268
2323 0.711268
2324 0.711268
2325 0.711268
2326 0.711268
2327 0.711268
2328 0.711268
2329 0.711268
2330 0.711268
2331 0.711268
2332 0.711268
2333 0.711268
2334 0.711268
2335 0.711268
2336 0.711268
2337 0.711268
2338 0.711268
2339 0.711268
2340 0.711268
2341 0.711268
2342 0.711268
2343 0.711268
2344 0.711268
2345 0.711268
2346 0.711268
2347 0.711268
2348 0.711268
2349 0.711268
2350 0.612676
2351 0.612676
2352 0.605634
2353 0.605634
2354 0.605634
2355 0.605634
2356 0.612676
2357 0.612676
2358 0.605634
2359 0.605634
2360 0.605634
2361 0.605634
2362 0.605634
2363 0.605634
2364 0.605634
2365 0.612676
2366 0.612676
2367 0.605634
2368 0.605634
2369 0.612676
2370 0.612676
2371 0.605634
2372 0.612676
2373 0.605634
2374 0.605634
2375 0.605634
2376 0.605634
2377 0.605634
2378 0.605634
2379 0.612676
2380 0.612676
2381 0.605634
2382 0.605634
2383 0.612676
2384 0.605634
2385 0.605634
2386 0.612676
2387 0.605634
2388 0.605634
2389 0.612676
2390 0.598592
2391 0.605634
2392 0.612676
2393 0.605634
2394 0.605634
2395 0.612676
2396 0.605634
2397 0.605634
2398 0.612676
2399 0.605634
2400 0.830986
2401 0.830986
2402 0.830986
2403 0.830986
2404 0.830986
2405 0.830986
2406 0.830986
2407 0.830986
2408 0.830986
2409 0.830986
2410 0.830986
2411 0.823944
2412 0.823944
2413 0.823944
2414 0.830986
2415 0.830986
2416 0.830986
2417 0.823944
2418 0.823944
2419 0.830986
2420 0.830986
2421 0.830986
2422 0.823944
2423 0.823944
2424 0.816901
2425 0.816901
2426 0.823944
2427 0.816901
2428 0.816901
2429 0.823944
2430 0.823944
2431 0.830986
2432 0.823944
2433 0.823944
2434 0.830986
2435 0.830986
2436 0.830986
2437 0.830986
2438 0.830986
2439 0.830986
2440 0.823944
2441 0.830986
2442 0.816901
2443 0.823944
2444 0.830986
2445 0.823944
2446 0.823944
2447 0.830986
2448 0.823944
2449 0.823944
2450 0.809859
2451 0.809859
2452 0.809859
2453 0.809859
2454 0.809859
2455 0.809859
2456 0.802817
2457 0.802817
2458 0.809859
2459 0.809859
2460 0.809859
2461 0.809859
2462 0.802817
2463 0.809859
2464 0.809859
2465 0.795775
2466 0.809859
2467 0.809859
2468 0.809859
2469 0.809859
2470 0.809859
2471 0.802817
2472 0.809859
2473 0.802817
2474 0.809859
2475 0.809859
2476 0.809859
2477 0.809859
2478 0.809859
2479 0.809859
2480 0.802817
2481 0.809859
2482 0.809859
2483 0.802817
2484 0.809859
2485 0.809859
2486 0.809859
2487 0.809859
2488 0.809859
2489 0.809859
2490 0.809859
2491 0.809859
2492 0.809859
2493 0.809859
2494 0.809859
2495 0.809859
2496 0.809859
2497 0.809859
2498 0.809859
2499 0.809859
2500 0.774648
2501 0.774648
2502 0.774648
2503 0.774648
2504 0.774648
2505 0.774648
2506 0.774648
2507 0.774648
2508 0.774648
2509 0.774648
2510 0.774648
2511 0.774648
2512 0.774648
2513 0.774648
2514 0.774648
2515 0.774648
2516 0.767606
2517 0.774648
2518 0.774648
2519 0.774648
2520 0.774648
2521 0.774648
2522 0.774648
2523 0.774648
2524 0.774648
2525 0.774648
2526 0.774648
2527 0.774648
2528 0.774648
2529 0.774648
2530 0.774648
2531 0.774648
2532 0.774648
2533 0.774648
2534 0.774648
2535 0.774648
2536 0.774648
2537 0.774648
2538 0.774648
2539 0.774648
2540 0.774648
2541 0.774648
2542 0.774648
2543 0.774648
2544 0.774648
2545 0.774648
2546 0.774648
2547 0.774648
2548 0.774648
2549 0.774648
2550 0.732394
2551 0.732394
2552 0.732394
2553 0.732394
2554 0.732394
2555 0.732394
2556 0.732394
2557 0.732394
2558 0.732394
2559 0.732394
2560 0.732394
2561 0.732394
2562 0.732394
2563 0.732394
2564 0.725352
2565 0.725352
2566 0.725352
2567 0.725352
2568 0.725352
2569 0.732394
2570 0.725352
2571 0.725352
2572 0.725352
2573 0.725352
2574 0.725352
2575 0.725352
2576 0.725352
2577 0.725352
2578 0.725352
2579 0.732394
2580 0.725352
2581 0.725352
2582 0.725352
2583 0.725352
2584 0.725352
2585 0.725352
2586 0.725352
2587 0.725352
2588 0.725352
2589 0.725352
2590 0.725352
2591 0.725352
2592 0.725352
2593 0.725352
2594 0.732394
2595 0.725352
2596 0.725352
2597 0.725352
2598 0.725352
2599 0.725352
2600 0.753521
2601 0.753521
2602 0.753521
2603 0.746479
2604 0.753521
2605 0.746479
2606 0.746479
2607 0.746479
2608 0.746479
2609 0.746479
2610 0.746479
2611 0.746479
2612 0.753521
2613 0.753521
2614 0.746479
2615 0.746479
2616 0.746479
2617 0.746479
2618 0.746479
2619 0.746479
2620 0.746479
2621 0.753521
2622 0.739437
2623 0.746479
2624 0.739437
2625 0.746479
2626 0.739437
2627 0.739437
2628 0.746479
2629 0.739437
2630 0.746479
2631 0.739437
2632 0.746479
2633 0.739437
2634 0.739437
2635 0.739437
2636 0.739437
2637 0.746479
2638 0.746479
2639 0.739437
2640 0.739437
2641 0.739437
2642 0.739437
2643 0.739437
2644 0.746479
2645 0.746479
2646 0.746479
2647 0.746479
2648 0.746479
2649 0.753521
2650 0.774648
2651 0.774648
2652 0.774648
2653 0.767606
2654 0.767606
2655 0.767606
2656 0.767606
2657 0.774648
2658 0.767606
2659 0.767606
2660 0.767606
2661 0.767606
2662 0.767606
2663 0.774648
2664 0.774648
2665 0.774648
2666 0.774648
2667 0.774648
2668 0.767606
2669 0.767606
2670 0.774648
2671 0.767606
2672 0.767606
2673 0.767606
2674 0.767606
2675 0.767606
2676 0.774648
2677 0.767606
2678 0.767606
2679 0.774648
2680 0.767606
2681 0.774648
2682 0.767606
2683 0.767606
2684 0.774648
2685 0.767606
2686 0.767606
2687 0.767606
2688 0.767606
2689 0.767606
2690 0.767606
2691 0.767606
2692 0.774648
2693 0.767606
2694 0.767606
2695 0.767606
2696 0.767606
2697 0.767606
2698 0.774648
2699 0.767606
2700 0.753521
2701 0.753521
2702 0.753521
2703 0.746479
2704 0.746479
2705 0.746479
2706 0.746479
2707 0.753521
2708 0.746479
2709 0.746479
2710 0.746479
2711 0.753521
2712 0.746479
2713 0.746479
2714 0.746479
2715 0.746479
2716 0.746479
2717 0.746479
2718 0.746479
2719 0.746479
2720 0.746479
2721 0.746479
2722 0.746479
2723 0.746479
2724 0.746479
2725 0.746479
2726 0.746479
2727 0.746479
2728 0.746479
2729 0.746479
2730 0.746479
2731 0.746479
2732 0.746479
2733 0.746479
2734 0.746479
2735 0.746479
2736 0.746479
2737 0.746479
2738 0.746479
2739 0.753521
2740 0.746479
2741 0.746479
2742 0.746479
2743 0.746479
2744 0.746479
2745 0.746479
2746 0.753521
2747 0.753521
2748 0.746479
2749 0.746479
2750 0.669014
2751 0.669014
2752 0.669014
2753 0.669014
2754 0.669014
2755 0.661972
2756 0.669014
2757 0.669014
2758 0.669014
2759 0.669014
2760 0.661972
2761 0.661972
2762 0.661972
2763 0.661972
2764 0.661972
2765 0.669014
2766 0.661972
2767 0.661972
2768 0.661972
2769 0.661972
2770 0.661972
2771 0.661972
2772 0.669014
2773 0.661972
2774 0.661972
2775 0.661972
2776 0.661972
2777 0.661972
2778 0.661972
2779 0.661972
2780 0.661972
2781 0.661972
2782 0.661972
2783 0.661972
2784 0.661972
2785 0.669014
2786 0.669014
2787 0.661972
2788 0.669014
2789 0.669014
2790 0.669014
2791 0.669014
2792 0.669014
2793 0.669014
2794 0.669014
2795 0.669014
2796 0.669014
2797 0.669014
2798 0.669014
2799 0.669014
2800 0.767606
2801 0.767606
2802 0.767606
2803 0.767606
2804 0.767606
2805 0.767606
2806 0.767606
2807 0.767606
2808 0.767606
2809 0.767606
2810 0.767606
2811 0.767606
2812 0.767606
2813 0.767606
2814 0.767606
2815 0.767606
2816 0.760563
2817 0.760563
2818 0.760563
2819 0.767606
2820 0.753521
2821 0.753521
2822 0.753521
2823 0.760563
2824 0.753521
2825 0.753521
2826 0.753521
2827 0.753521
2828 0.753521
2829 0.760563
2830 0.760563
2831 0.753521
2832 0.753521
2833 0.753521
2834 0.753521
2835 0.753521
2836 0.753521
2837 0.760563
2838 0.753521
2839 0.767606
2840 0.760563
2841 0.760563
2842 0.767606
2843 0.767606
2844 0.760563
2845 0.760563
2846 0.767606
2847 0.760563
2848 0.767606
2849 0.760563
2850 0.767606
2851 0.767606
2852 0.767606
2853 0.767606
2854 0.767606
2855 0.760563
2856 0.760563
2857 0.767606
2858 0.760563
2859 0.760563
2860 0.760563
2861 0.767606
2862 0.767606
2863 0.767606
2864 0.767606
2865 0.767606
2866 0.767606
2867 0.767606
2868 0.767606
2869 0.767606
2870 0.760563
2871 0.760563
2872 0.760563
2873 0.767606
2874 0.767606
2875 0.767606
2876 0.767606
2877 0.767606
2878 0.767606
2879 0.767606
2880 0.767606
2881 0.767606
2882 0.767606
2883 0.767606
2884 0.767606
2885 0.767606
2886 0.767606
2887 0.767606
2888 0.767606
2889 0.767606
2890 0.767606
2891 0.767606
2892 0.767606
2893 0.767606
2894 0.753521
2895 0.746479
2896 0.767606
2897 0.753521
2898 0.753521
2899 0.753521
2900 0.605634
2901 0.605634
2902 0.605634
2903 0.605634
2904 0.605634
2905 0.591549
2906 0.584507
2907 0.584507
2908 0.605634
2909 0.598592
2910 0.598592
2911 0.605634
2912 0.598592
2913 0.598592
2914 0.605634
2915 0.598592
2916 0.605634
2917 0.598592
2918 0.598592
2919 0.598592
2920 0.605634
2921 0.598592
2922 0.598592
2923 0.605634
2924 0.605634
2925 0.598592
2926 0.598592
2927 0.605634
2928 0.605634
2929 0.598592
2930 0.598592
2931 0.605634
2932 0.598592
2933 0.598592
2934 0.598592
2935 0.605634
2936 0.605634
2937 0.605634
2938 0.605634
2939 0.598592
2940 0.598592
2941 0.598592
2942 0.598592
2943 0.598592
2944 0.605634
2945 0.598592
2946 0.598592
2947 0.598592
2948 0.605634
2949 0.598592
2950 0.697183
2951 0.697183
2952 0.697183
2953 0.697183
2954 0.690141
2955 0.697183
2956 0.690141
2957 0.697183
2958 0.697183
2959 0.690141
2960 0.690141
2961 0.690141
2962 0.697183
2963 0.690141
2964 0.690141
2965 0.697183
2966 0.690141
2967 0.690141
2968 0.690141
2969 0.697183
2970 0.690141
2971 0.697183
2972 0.697183
2973 0.697183
2974 0.697183
2975 0.697183
2976 0.690141
2977 0.690141
2978 0.697183
2979 0.697183
2980 0.697183
2981 0.697183
2982 0.697183
2983 0.697183
2984 0.690141
2985 0.697183
2986 0.690141
2987 0.690141
2988 0.697183
2989 0.697183
2990 0.697183
2991 0.697183
2992 0.697183
2993 0.697183
2994 0.697183
2995 0.697183
2996 0.690141
2997 0.697183
2998 0.690141
2999 0.690141
3000 0.739437
3001 0.739437
3002 0.739437
3003 0.725352
3004 0.725352
3005 0.725352
3006 0.725352
3007 0.725352
3008 0.739437
3009 0.732394
3010 0.739437
3011 0.732394
3012 0.732394
3013 0.732394
3014 0.732394
3015 0.732394
3016 0.732394
3017 0.732394
3018 0.739437
3019 0.732394
3020 0.732394
3021 0.732394
3022 0.739437
3023 0.732394
3024 0.739437
3025 0.739437
3026 0.732394
3027 0.739437
3028 0.732394
3029 0.732394
3030 0.739437
3031 0.739437
3032 0.739437
3033 0.725352
3034 0.739437
3035 0.732394
3036 0.739437
3037 0.732394
3038 0.739437
3039 0.739437
3040 0.732394
3041 0.739437
3042 0.732394
3043 0.739437
3044 0.739437
3045 0.739437
3046 0.725352
3047 0.725352
3048 0.739437
3049 0.732394
3050 0.669014
3051 0.669014
3052 0.669014
3053 0.669014
3054 0.669014
3055 0.669014
3056 0.669014
3057 0.669014
3058 0.669014
3059 0.669014
3060 0.669014
3061 0.669014
3062 0.669014
3063 0.669014
3064 0.669014
3065 0.669014
3066 0.669014
3067 0.669014
3068 0.669014
3069 0.669014
3070 0.669014
3071 0.669014
3072 0.669014
3073 0.669014
3074 0.669014
3075 0.669014
3076 0.669014
3077 0.669014
3078 0.669014
3079 0.669014
3080 0.669014
3081 0.669014
3082 0.669014
3083 0.669014
3084 0.669014
3085 0.669014
3086 0.669014
3087 0.669014
3088 0.669014
3089 0.669014
3090 0.669014
3091 0.669014
3092 0.669014
3093 0.669014
3094 0.669014
3095 0.669014
3096 0.669014
3097 0.669014
3098 0.669014
3099 0.669014
3100 0.697183
3101 0.697183
3102 0.697183
3103 0.697183
3104 0.697183
3105 0.697183
3106 0.697183
3107 0.697183
3108 0.697183
3109 0.697183
3110 0.697183
3111 0.697183
3112 0.697183
3113 0.690141
3114 0.697183
3115 0.697183
3116 0.690141
3117 0.697183
3118 0.697183
3119 0.697183
3120 0.697183
3121 0.697183
3122 0.697183
3123 0.697183
3124 0.697183
3125 0.697183
3126 0.697183
3127 0.697183
3128 0.697183
3129 0.697183
3130 0.697183
3131 0.697183
3132 0.697183
3133 0.697183
3134 0.697183
3135 0.697183
3136 0.697183
3137 0.697183
3138 0.697183
3139 0.697183
3140 0.697183
3141 0.697183
3142 0.697183
3143 0.697183
3144 0.697183
3145 0.697183
3146 0.697183
3147 0.697183
3148 0.697183
3149 0.697183
3150 0.760563
3151 0.760563
3152 0.760563
3153 0.760563
3154 0.760563
3155 0.760563
3156 0.760563
3157 0.760563
3158 0.760563
3159 0.760563
3160 0.760563
3161 0.760563
3162 0.760563
3163 0.760563
3164 0.760563
3165 0.760563
3166 0.760563
3167 0.760563
3168 0.760563
3169 0.760563
3170 0.760563
3171 0.760563
3172 0.760563
3173 0.760563
3174 0.760563
3175 0.760563
3176 0.760563
3177 0.760563
3178 0.760563
3179 0.760563
3180 0.760563
3181 0.760563
3182 0.760563
3183 0.760563
3184 0.760563
3185 0.760563
3186 0.760563
3187 0.760563
3188 0.760563
3189 0.753521
3190 0.760563
3191 0.753521
3192 0.760563
3193 0.753521
3194 0.760563
3195 0.753521
3196 0.760563
3197 0.760563
3198 0.760563
3199 0.760563
3200 0.774648
3201 0.774648
3202 0.767606
3203 0.767606
3204 0.767606
3205 0.767606
3206 0.774648
3207 0.767606
3208 0.774648
3209 0.767606
3210 0.774648
3211 0.767606
3212 0.774648
3213 0.774648
3214 0.767606
3215 0.774648
3216 0.774648
3217 0.767606
3218 0.767606
3219 0.767606
3220 0.767606
3221 0.767606
3222 0.774648
3223 0.767606
3224 0.767606
3225 0.767606
3226 0.774648
3227 0.767606
3228 0.767606
3229 0.774648
3230 0.767606
3231 0.774648
3232 0.774648
3233 0.767606
3234 0.774648
3235 0.774648
3236 0.767606
3237 0.774648
3238 0.767606
3239 0.767606
3240 0.774648
3241 0.774648
3242 0.774648
3243 0.774648
3244 0.774648
3245 0.774648
3246 0.767606
3247 0.767606
3248 0.767606
3249 0.774648
3250 0.767606
3251 0.767606
3252 0.767606
3253 0.767606
3254 0.767606
3255 0.767606
3256 0.767606
3257 0.767606
3258 0.767606
3259 0.767606
3260 0.767606
3261 0.767606
3262 0.767606
3263 0.767606
3264 0.767606
3265 0.767606
3266 0.767606
3267 0.760563
3268 0.760563
3269 0.760563
3270 0.767606
3271 0.760563
3272 0.767606
3273 0.767606
3274 0.746479
3275 0.767606
3276 0.760563
3277 0.760563
3278 0.767606
3279 0.760563
3280 0.767606
3281 0.767606
3282 0.760563
3283 0.760563
3284 0.760563
3285 0.767606
3286 0.767606
3287 0.767606
3288 0.767606
3289 0.767606
3290 0.767606
3291 0.767606
3292 0.760563
3293 0.760563
3294 0.760563
3295 0.767606
3296 0.767606
3297 0.767606
3298 0.767606
3299 0.760563
3300 0.838028
3301 0.838028
3302 0.838028
3303 0.838028
3304 0.830986
3305 0.830986
3306 0.838028
3307 0.830986
3308 0.830986
3309 0.830986
3310 0.830986
3311 0.838028
3312 0.830986
3313 0.830986
3314 0.838028
3315 0.823944
3316 0.838028
3317 0.838028
3318 0.838028
3319 0.830986
3320 0.830986
3321 0.838028
3322 0.838028
3323 0.823944
3324 0.838028
3325 0.838028
3326 0.838028
3327 0.838028
3328 0.838028
3329 0.838028
3330 0.838028
3331 0.838028
3332 0.838028
3333 0.838028
3334 0.838028
3335 0.838028
3336 0.838028
3337 0.830986
3338 0.838028
3339 0.830986
3340 0.838028
3341 0.838028
3342 0.838028
3343 0.838028
3344 0.838028
3345 0.838028
3346 0.830986
3347 0.830986
3348 0.838028
3349 0.838028
3350 0.605634
3351 0.605634
3352 0.605634
3353 0.605634
3354 0.605634
3355 0.598592
3356 0.605634
3357 0.591549
3358 0.591549
3359 0.605634
3360 0.605634
3361 0.605634
3362 0.605634
3363 0.605634
3364 0.605634
3365 0.605634
3366 0.605634
3367 0.605634
3368 0.598592
3369 0.598592
3370 0.605634
3371 0.605634
3372 0.598592
3373 0.605634
3374 0.605634
3375 0.605634
3376 0.605634
3377 0.605634
3378 0.605634
3379 0.605634
3380 0.605634
3381 0.605634
3382 0.605634
3383 0.605634
3384 0.605634
3385 0.605634
3386 0.598592
3387 0.605634
3388 0.598592
3389 0.605634
3390 0.605634
3391 0.605634
3392 0.598592
3393 0.605634
3394 0.605634
3395 0.605634
3396 0.598592
3397 0.598592
3398 0.605634
3399 0.605634
3400 0.683099
3401 0.683099
3402 0.683099
3403 0.676056
3404 0.683099
3405 0.683099
3406 0.683099
3407 0.683099
3408 0.676056
3409 0.683099
3410 0.676056
3411 0.676056
3412 0.683099
3413 0.683099
3414 0.683099
3415 0.683099
3416 0.683099
3417 0.683099
3418 0.676056
3419 0.676056
3420 0.683099
3421 0.669014
3422 0.669014
3423 0.683099
3424 0.676056
3425 0.676056
3426 0.683099
3427 0.676056
3428 0.683099
3429 0.683099
3430 0.683099
3431 0.676056
3432 0.669014
3433 0.683099
3434 0.676056
3435 0.676056
3436 0.683099
3437 0.676056
3438 0.676056
3439 0.683099
3440 0.676056
3441 0.683099
3442 0.683099
3443 0.683099
3444 0.683099
3445 0.676056
3446 0.683099
3447 0.676056
3448 0.683099
3449 0.669014
3450 0.816901
3451 0.816901
3452 0.816901
3453 0.816901
3454 0.809859
3455 0.816901
3456 0.809859
3457 0.816901
3458 0.816901
3459 0.816901
3460 0.816901
3461 0.816901
3462 0.816901
3463 0.809859
3464 0.816901
3465 0.816901
3466 0.816901
3467 0.795775
3468 0.809859
3469 0.816901
3470 0.809859
3471 0.816901
3472 0.816901
3473 0.809859
3474 0.816901
3475 0.816901
3476 0.809859
3477 0.809859
3478 0.816901
3479 0.809859
3480 0.816901
3481 0.816901
3482 0.809859
3483 0.816901
3484 0.816901
3485 0.816901
3486 0.816901
3487 0.816901
3488 0.816901
3489 0.816901
3490 0.816901
3491 0.809859
3492 0.816901
3493 0.816901
3494 0.816901
3495 0.816901
3496 0.809859
3497 0.809859
3498 0.816901
3499 0.816901
3500 0.683099
3501 0.683099
3502 0.676056
3503 0.676056
3504 0.683099
3505 0.676056
3506 0.676056
3507 0.683099
3508 0.676056
3509 0.676056
3510 0.683099
3511 0.676056
3512 0.676056
3513 0.683099
3514 0.683099
3515 0.676056
3516 0.683099
3517 0.683099
3518 0.676056
3519 0.676056
3520 0.683099
3521 0.683099
3522 0.669014
3523 0.669014
3524 0.683099
3525 0.676056
3526 0.676056
3527 0.683099
3528 0.683099
3529 0.676056
3530 0.676056
3531 0.683099
3532 0.683099
3533 0.683099
3534 0.683099
3535 0.683099
3536 0.676056
3537 0.676056
3538 0.683099
3539 0.683099
3540 0.683099
3541 0.683099
3542 0.683099
3543 0.683099
3544 0.683099
3545 0.683099
3546 0.669014
3547 0.683099
3548 0.683099
3549 0.683099
3550 0.753521
3551 0.753521
3552 0.753521
3553 0.753521
3554 0.746479
3555 0.753521
3556 0.753521
3557 0.753521
3558 0.753521
3559 0.753521
3560 0.753521
3561 0.753521
3562 0.753521
3563 0.746479
3564 0.753521
3565 0.753521
3566 0.753521
3567 0.753521
3568 0.753521
3569 0.753521
3570 0.753521
3571 0.746479
3572 0.753521
3573 0.753521
3574 0.753521
3575 0.753521
3576 0.753521
3577 0.753521
3578 0.753521
3579 0.753521
3580 0.753521
3581 0.753521
3582 0.753521
3583 0.753521
3584 0.753521
3585 0.753521
3586 0.753521
3587 0.753521
3588 0.746479
3589 0.753521
3590 0.753521
3591 0.753521
3592 0.753521
3593 0.746479
3594 0.753521
3595 0.753521
3596 0.753521
3597 0.753521
3598 0.753521
3599 0.746479
3600 0.669014
3601 0.669014
3602 0.669014
3603 0.669014
3604 0.669014
3605 0.669014
3606 0.669014
3607 0.669014
3608 0.669014
3609 0.669014
3610 0.669014
3611 0.669014
3612 0.669014
3613 0.669014
3614 0.669014
3615 0.669014
3616 0.669014
3617 0.669014
3618 0.669014
3619 0.669014
3620 0.669014
3621 0.669014
3622 0.669014
3623 0.669014
3624 0.669014
3625 0.669014
3626 0.669014
3627 0.669014
3628 0.669014
3629 0.669014
3630 0.669014
3631 0.669014
3632 0.669014
3633 0.669014
3634 0.669014
3635 0.669014
3636 0.669014
3637 0.669014
3638 0.669014
3639 0.669014
3640 0.669014
3641 0.669014
3642 0.669014
3643 0.669014
3644 0.669014
3645 0.669014
3646 0.669014
3647 0.669014
3648 0.669014
3649 0.669014
3650 0.809859
3651 0.809859
3652 0.809859
3653 0.809859
3654 0.809859
3655 0.809859
3656 0.809859
3657 0.809859
3658 0.809859
3659 0.809859
3660 0.809859
3661 0.809859
3662 0.809859
3663 0.809859
3664 0.809859
3665 0.809859
3666 0.809859
3667 0.809859
3668 0.809859
3669 0.809859
3670 0.809859
3671 0.809859
3672 0.809859
3673 0.809859
3674 0.809859
3675 0.809859
3676 0.809859
3677 0.809859
3678 0.809859
3679 0.809859
3680 0.809859
3681 0.809859
3682 0.809859
3683 0.809859
3684 0.809859
3685 0.809859
3686 0.809859
3687 0.809859
3688 0.809859
3689 0.809859
3690 0.809859
3691 0.809859
3692 0.809859
3693 0.809859
3694 0.809859
3695 0.809859
3696 0.809859
3697 0.809859
3698 0.809859
3699 0.809859
3700 0.718310
3701 0.718310
3702 0.718310
3703 0.718310
3704 0.718310
3705 0.718310
3706 0.718310
3707 0.718310
3708 0.718310
3709 0.718310
3710 0.718310
3711 0.718310
3712 0.718310
3713 0.718310
3714 0.718310
3715 0.718310
3716 0.718310
3717 0.718310
3718 0.718310
3719 0.718310
3720 0.718310
3721 0.718310
3722 0.718310
3723 0.718310
3724 0.718310
3725 0.718310
3726 0.718310
3727 0.718310
3728 0.718310
3729 0.718310
3730 0.718310
3731 0.718310
3732 0.718310
3733 0.718310
3734 0.718310
3735 0.718310
3736 0.718310
3737 0.718310
3738 0.718310
3739 0.718310
3740 0.718310
3741 0.718310
3742 0.718310
3743 0.718310
3744 0.718310
3745 0.718310
3746 0.718310
3747 0.718310
3748 0.718310
3749 0.718310
3750 0.816901
3751 0.816901
3752 0.816901
3753 0.816901
3754 0.816901
3755 0.816901
3756 0.816901
3757 0.816901
3758 0.816901
3759 0.816901
3760 0.816901
3761 0.816901
3762 0.816901
3763 0.816901
3764 0.816901
3765 0.816901
3766 0.816901
3767 0.816901
3768 0.816901
3769 0.816901
3770 0.816901
3771 0.816901
3772 0.816901
3773 0.816901
3774 0.816901
3775 0.816901
3776 0.816901
3777 0.816901
3778 0.816901
3779 0.816901
3780 0.816901
3781 0.816901
3782 0.816901
3783 0.816901
3784 0.816901
3785 0.816901
3786 0.816901
3787 0.816901
3788 0.816901
3789 0.816901
3790 0.816901
3791 0.816901
3792 0.816901
3793 0.816901
3794 0.816901
3795 0.816901
3796 0.816901
3797 0.816901
3798 0.816901
3799 0.816901
3800 0.760563
3801 0.760563
3802 0.760563
3803 0.760563
3804 0.760563
3805 0.760563
3806 0.760563
3807 0.760563
3808 0.760563
3809 0.760563
3810 0.760563
3811 0.760563
3812 0.760563
3813 0.760563
3814 0.760563
3815 0.760563
3816 0.760563
3817 0.760563
3818 0.760563
3819 0.760563
3820 0.760563
3821 0.760563
3822 0.760563
3823 0.760563
3824 0.760563
3825 0.760563
3826 0.760563
3827 0.760563
3828 0.760563
3829 0.760563
3830 0.760563
3831 0.760563
3832 0.760563
3833 0.760563
3834 0.760563
3835 0.760563
3836 0.760563
3837 0.760563
3838 0.760563
3839 0.760563
3840 0.760563
3841 0.760563
3842 0.760563
3843 0.760563
3844 0.753521
3845 0.753521
3846 0.753521
3847 0.753521
3848 0.753521
3849 0.753521
3850 0.760563
3851 0.760563
3852 0.760563
3853 0.760563
3854 0.760563
3855 0.760563
3856 0.760563
3857 0.760563
3858 0.760563
3859 0.760563
3860 0.760563
3861 0.760563
3862 0.760563
3863 0.760563
3864 0.760563
3865 0.760563
3866 0.760563
3867 0.760563
3868 0.760563
3869 0.760563
3870 0.760563
3871 0.760563
3872 0.760563
3873 0.760563
3874 0.760563
3875 0.760563
3876 0.760563
3877 0.760563
3878 0.760563
3879 0.760563
3880 0.760563
3881 0.760563
3882 0.760563
3883 0.760563
3884 0.760563
3885 0.760563
3886 0.760563
3887 0.760563
3888 0.760563
3889 0.760563
3890 0.760563
3891 0.760563
3892 0.760563
3893 0.760563
3894 0.760563
3895 0.760563
3896 0.753521
3897 0.760563
3898 0.760563
3899 0.760563
3900 0.802817
3901 0.802817
3902 0.802817
3903 0.802817
3904 0.802817
3905 0.802817
3906 0.802817
3907 0.802817
3908 0.802817
3909 0.795775
3910 0.795775
3911 0.795775
3912 0.795775
3913 0.795775
3914 0.795775
3915 0.795775
3916 0.795775
3917 0.795775
3918 0.795775
3919 0.795775
3920 0.795775
3921 0.795775
3922 0.795775
3923 0.795775
3924 0.795775
3925 0.795775
3926 0.788732
3927 0.795775
3928 0.795775
3929 0.795775
3930 0.795775
3931 0.795775
3932 0.795775
3933 0.795775
3934 0.795775
3935 0.795775
3936 0.795775
3937 0.795775
3938 0.795775
3939 0.795775
3940 0.795775
3941 0.795775
3942 0.795775
3943 0.795775
3944 0.795775
3945 0.795775
3946 0.795775
3947 0.795775
3948 0.795775
3949 0.795775
3950 0.852113
3951 0.852113
3952 0.852113
3953 0.852113
3954 0.852113
3955 0.852113
3956 0.852113
3957 0.852113
3958 0.852113
3959 0.852113
3960 0.852113
3961 0.852113
3962 0.852113
3963 0.852113
3964 0.852113
3965 0.852113
3966 0.852113
3967 0.852113
3968 0.852113
3969 0.852113
3970 0.852113
3971 0.852113
3972 0.852113
3973 0.852113
3974 0.852113
3975 0.852113
3976 0.852113
3977 0.852113
3978 0.852113
3979 0.852113
3980 0.852113
3981 0.852113
3982 0.852113
3983 0.852113
3984 0.852113
3985 0.852113
3986 0.852113
3987 0.852113
3988 0.852113
3989 0.852113
3990 0.852113
3991 0.852113
3992 0.852113
3993 0.852113
3994 0.852113
3995 0.852113
3996 0.852113
3997 0.852113
3998 0.852113
3999 0.852113
4000 0.830986
4001 0.830986
4002 0.830986
4003 0.830986
4004 0.830986
4005 0.830986
4006 0.830986
4007 0.830986
4008 0.830986
4009 0.830986
4010 0.830986
4011 0.830986
4012 0.830986
4013 0.830986
4014 0.830986
4015 0.830986
4016 0.830986
4017 0.830986
4018 0.830986
4019 0.830986
4020 0.830986
4021 0.830986
4022 0.830986
4023 0.830986
4024 0.830986
4025 0.830986
4026 0.830986
4027 0.830986
4028 0.830986
4029 0.830986
4030 0.830986
4031 0.830986
4032 0.830986
4033 0.830986
4034 0.830986
4035 0.830986
4036 0.830986
4037 0.830986
4038 0.830986
4039 0.830986
4040 0.830986
4041 0.830986
4042 0.830986
4043 0.830986
4044 0.830986
4045 0.830986
4046 0.830986
4047 0.830986
4048 0.830986
4049 0.830986
4050 0.859155
4051 0.859155
4052 0.859155
4053 0.859155
4054 0.859155
4055 0.859155
4056 0.859155
4057 0.859155
4058 0.859155
4059 0.859155
4060 0.859155
4061 0.859155
4062 0.859155
4063 0.859155
4064 0.859155
4065 0.859155
4066 0.859155
4067 0.859155
4068 0.859155
4069 0.859155
4070 0.859155
4071 0.859155
4072 0.859155
4073 0.859155
4074 0.859155
4075 0.859155
4076 0.852113
4077 0.859155
4078 0.859155
4079 0.859155
4080 0.859155
4081 0.859155
4082 0.859155
4083 0.859155
4084 0.859155
4085 0.859155
4086 0.859155
4087 0.859155
4088 0.859155
4089 0.859155
4090 0.859155
4091 0.859155
4092 0.859155
4093 0.859155
4094 0.859155
4095 0.859155
4096 0.859155
4097 0.859155
4098 0.859155
4099 0.859155
4100 0.830986
4101 0.830986
4102 0.816901
4103 0.830986
4104 0.830986
4105 0.823944
4106 0.830986
4107 0.830986
4108 0.830986
4109 0.830986
4110 0.830986
4111 0.830986
4112 0.830986
4113 0.830986
4114 0.830986
4115 0.830986
4116 0.830986
4117 0.830986
4118 0.830986
4119 0.830986
4120 0.830986
4121 0.830986
4122 0.830986
4123 0.830986
4124 0.830986
4125 0.823944
4126 0.830986
4127 0.830986
4128 0.830986
4129 0.830986
4130 0.830986
4131 0.823944
4132 0.830986
4133 0.830986
4134 0.830986
4135 0.830986
4136 0.830986
4137 0.830986
4138 0.830986
4139 0.830986
4140 0.830986
4141 0.830986
4142 0.830986
4143 0.830986
4144 0.830986
4145 0.830986
4146 0.830986
4147 0.830986
4148 0.830986
4149 0.823944
4150 0.809859
4151 0.809859
4152 0.809859
4153 0.809859
4154 0.809859
4155 0.809859
4156 0.809859
4157 0.809859
4158 0.809859
4159 0.802817
4160 0.809859
4161 0.809859
4162 0.802817
4163 0.809859
4164 0.809859
4165 0.809859
4166 0.809859
4167 0.809859
4168 0.809859
4169 0.809859
4170 0.809859
4171 0.809859
4172 0.809859
4173 0.809859
4174 0.809859
4175 0.809859
4176 0.809859
4177 0.809859
4178 0.802817
4179 0.809859
4180 0.809859
4181 0.809859
4182 0.802817
4183 0.809859
4184 0.795775
4185 0.809859
4186 0.809859
4187 0.809859
4188 0.802817
4189 0.809859
4190 0.809859
4191 0.802817
4192 0.809859
4193 0.809859
4194 0.809859
4195 0.802817
4196 0.809859
4197 0.809859
4198 0.809859
4199 0.809859
4200 0.852113
4201 0.852113
4202 0.852113
4203 0.852113
4204 0.852113
4205 0.852113
4206 0.852113
4207 0.852113
4208 0.845070
4209 0.852113
4210 0.852113
4211 0.845070
4212 0.852113
4213 0.852113
4214 0.845070
4215 0.852113
4216 0.845070
4217 0.852113
4218 0.852113
4219 0.852113
4220 0.852113
4221 0.852113
4222 0.852113
4223 0.852113
4224 0.852113
4225 0.852113
4226 0.852113
4227 0.852113
4228 0.852113
4229 0.852113
4230 0.852113
4231 0.852113
4232 0.852113
4233 0.852113
4234 0.852113
4235 0.852113
4236 0.852113
4237 0.852113
4238 0.845070
4239 0.852113
4240 0.845070
4241 0.845070
4242 0.852113
4243 0.845070
4244 0.845070
4245 0.845070
4246 0.852113
4247 0.852113
4248 0.852113
4249 0.852113
4250 0.746479
4251 0.746479
4252 0.746479
4253 0.739437
4254 0.746479
4255 0.746479
4256 0.746479
4257 0.739437
4258 0.746479
4259 0.746479
4260 0.739437
4261 0.746479
4262 0.746479
4263 0.746479
4264 0.739437
4265 0.746479
4266 0.739437
4267 0.746479
4268 0.739437
4269 0.739437
4270 0.739437
4271 0.739437
4272 0.739437
4273 0.739437
4274 0.746479
4275 0.746479
4276 0.739437
4277 0.739437
4278 0.746479
4279 0.746479
4280 0.746479
4281 0.746479
4282 0.746479
4283 0.739437
4284 0.739437
4285 0.746479
4286 0.739437
4287 0.746479
4288 0.746479
4289 0.746479
4290 0.746479
4291 0.746479
4292 0.739437
4293 0.739437
4294 0.739437
4295 0.739437
4296 0.739437
4297 0.739437
4298 0.746479
4299 0.746479
4300 0.746479
4301 0.746479
4302 0.746479
4303 0.746479
4304 0.746479
4305 0.746479
4306 0.746479
4307 0.746479
4308 0.739437
4309 0.739437
4310 0.746479
4311 0.746479
4312 0.739437
4313 0.739437
4314 0.746479
4315 0.739437
4316 0.739437
4317 0.746479
4318 0.746479
4319 0.746479
4320 0.739437
4321 0.739437
4322 0.739437
4323 0.732394
4324 0.732394
4325 0.746479
4326 0.746479
4327 0.746479
4328 0.739437
4329 0.746479
4330 0.746479
4331 0.746479
4332 0.746479
4333 0.746479
4334 0.746479
4335 0.746479
4336 0.746479
4337 0.746479
4338 0.746479
4339 0.732394
4340 0.746479
4341 0.746479
4342 0.746479
4343 0.746479
4344 0.746479
4345 0.739437
4346 0.739437
4347 0.739437
4348 0.739437
4349 0.739437
4350 0.753521
4351 0.753521
4352 0.753521
4353 0.753521
4354 0.753521
4355 0.753521
4356 0.753521
4357 0.753521
4358 0.753521
4359 0.753521
4360 0.753521
4361 0.753521
4362 0.753521
4363 0.753521
4364 0.753521
4365 0.753521
4366 0.753521
4367 0.753521
4368 0.753521
4369 0.753521
4370 0.746479
4371 0.746479
4372 0.746479
4373 0.746479
4374 0.746479
4375 0.746479
4376 0.746479
4377 0.746479
4378 0.753521
4379 0.753521
4380 0.753521
4381 0.746479
4382 0.746479
4383 0.746479
4384 0.746479
4385 0.746479
4386 0.746479
4387 0.753521
4388 0.753521
4389 0.753521
4390 0.753521
4391 0.746479
4392 0.746479
4393 0.753521
4394 0.753521
4395 0.746479
4396 0.746479
4397 0.746479
4398 0.746479
4399 0.746479
4400 0.633803
4401 0.633803
4402 0.633803
4403 0.633803
4404 0.633803
4405 0.633803
4406 0.633803
4407 0.626761
4408 0.626761
4409 0.626761
4410 0.626761
4411 0.626761
4412 0.633803
4413 0.633803
4414 0.626761
4415 0.626761
4416 0.626761
4417 0.633803
4418 0.626761
4419 0.633803
4420 0.626761
4421 0.633803
4422 0.633803
4423 0.633803
4424 0.633803
4425 0.633803
4426 0.626761
4427 0.626761
4428 0.633803
4429 0.633803
4430 0.626761
4431 0.626761
4432 0.633803
4433 0.633803
4434 0.619718
4435 0.619718
4436 0.626761
4437 0.633803
4438 0.626761
4439 0.626761
4440 0.626761
4441 0.633803
4442 0.633803
4443 0.626761
4444 0.626761
4445 0.633803
4446 0.626761
4447 0.633803
4448 0.626761
4449 0.633803
4450 0.732394
4451 0.725352
4452 0.725352
4453 0.732394
4454 0.732394
4455 0.725352
4456 0.732394
4457 0.725352
4458 0.732394
4459 0.732394
4460 0.732394
4461 0.725352
4462 0.732394
4463 0.718310
4464 0.732394
4465 0.725352
4466 0.732394
4467 0.732394
4468 0.732394
4469 0.732394
4470 0.732394
4471 0.732394
4472 0.732394
4473 0.732394
4474 0.725352
4475 0.732394
4476 0.732394
4477 0.725352
4478 0.732394
4479 0.732394
4480 0.732394
4481 0.732394
4482 0.732394
4483 0.732394
4484 0.732394
4485 0.732394
4486 0.732394
4487 0.732394
4488 0.732394
4489 0.732394
4490 0.732394
4491 0.732394
4492 0.732394
4493 0.732394
4494 0.732394
4495 0.732394
4496 0.732394
4497 0.732394
4498 0.732394
4499 0.732394
