0 0.427502 118
1 1.846113 118
2 2.302674 118
3 1.064110 118
4 0.987805 118
5 0.000000 118
6 0.534852 118
7 14.077677 118
8 0.626372 118
9 0.573052 118
10 0.548624 118
11 0.639906 118
12 16.417308 118
13 1.835793 118
14 0.508839 118
15 0.624957 118
16 1.320169 118
17 1.314035 118
18 0.675550 118
19 1.377288 118
20 1.436610 118
21 0.480998 118
22 1.073614 118
23 0.643889 118
24 0.902452 118
25 0.970171 118
26 0.887364 118
27 5.572879 118
28 0.815948 118
29 0.835500 118
30 1.599601 118
31 0.856945 118
32 0.411673 118
33 1.189918 118
34 1.292243 118
35 0.758793 118
36 1.249353 118
37 0.483162 118
38 1.028978 118
39 1.023235 118
40 1.196101 118
41 1.068225 118
42 0.938252 118
43 0.850702 118
44 1.556610 118
45 0.762545 118
46 1.311513 118
47 1.956821 118
48 3.676455 118
49 0.818753 118
50 0.455447 117
51 0.605378 117
52 0.678182 117
53 0.704918 117
54 0.304770 117
55 0.300190 117
56 0.580360 117
57 0.543465 117
58 0.408146 117
59 0.000000 117
60 0.060193 117
61 2.925735 117
62 0.540214 117
63 0.635571 117
64 0.589699 117
65 0.802791 117
66 0.470386 117
67 0.612945 117
68 1.711504 117
69 1.501860 117
70 3.889875 117
71 3.659233 117
72 3.843903 117
73 0.792665 117
74 1.352249 117
75 2.029640 117
76 2.119069 117
77 1.953878 117
78 2.037365 117
79 2.324351 117
80 2.433147 117
81 1.674933 117
82 1.905414 117
83 0.812248 117
84 0.976214 117
85 1.091019 117
86 2.472220 117
87 3.482249 117
88 2.039187 117
89 4.754747 117
90 0.000000 117
91 0.339355 117
92 2.471323 117
93 1.907902 117
94 6.385972 117
95 0.000000 117
96 0.238803 117
97 2.508669 117
98 5.006973 117
99 5.522111 117
100 2.040683 95
101 4.211113 95
102 4.111905 95
103 4.547655 95
104 1.397036 95
105 3.093706 95
106 3.153956 95
107 2.007158 95
108 4.638430 95
109 0.881527 95
110 3.742450 95
111 27.699889 95
112 35.335469 95
113 1.624985 95
114 3.426446 95
115 3.508767 95
116 1.386373 95
117 1.554163 95
118 3.562312 95
119 3.948801 95
120 2.003538 95
121 1.610628 95
122 6.755940 95
123 1.860928 95
124 0.984868 95
125 2.415743 95
126 5.741345 95
127 3.125938 95
128 1.263446 95
129 26.636259 95
130 1.219526 95
131 1.290274 95
132 1.675854 95
133 0.838147 95
134 2.628324 95
135 2.953197 95
136 8.526201 95
137 1.267799 95
138 1.914827 95
139 2.024800 95
140 20.845610 95
141 1.153420 95
142 2.815427 95
143 0.882465 95
144 0.648099 95
145 1.191994 95
146 3.878743 95
147 1.519901 95
148 0.855753 95
149 1.877622 95
150 0.839790 104
151 1.861826 104
152 1.352436 104
153 0.362771 104
154 0.788489 104
155 1.548365 104
156 2.443929 104
157 0.606792 104
158 0.938774 104
159 1.473192 104
160 28.269851 104
161 0.645968 104
162 0.692044 104
163 0.838852 104
164 3.539037 104
165 3.241570 104
166 3.447111 104
167 1.492363 104
168 3.458367 104
169 0.000000 104
170 0.000000 104
171 29.486144 104
172 3.783471 104
173 4.412697 104
174 4.546558 104
175 5.348164 104
176 6.010399 104
177 6.334159 104
178 6.388384 104
179 0.066108 104
180 1.239718 104
181 6.692026 104
182 7.630747 104
183 7.681255 104
184 8.395334 104
185 7.176507 104
186 7.154813 104
187 0.107469 104
188 1.611166 104
189 9.072290 104
190 7.671784 104
191 0.112933 104
192 1.853163 104
193 7.967563 104
194 7.831050 104
195 0.118183 104
196 1.714652 104
197 9.025056 104
198 9.378929 104
199 9.077030 104
200 0.104192 98
201 2.589859 98
202 3.013848 98
203 3.545873 98
204 3.526444 98
205 3.731898 98
206 3.854229 98
207 3.869580 98
208 0.116328 98
209 1.448244 98
210 4.078887 98
211 4.787076 98
212 4.818382 98
213 4.930690 98
214 5.628772 98
215 5.785252 98
216 5.920954 98
217 5.899025 98
218 6.795241 98
219 7.029752 98
220 6.722783 98
221 7.062419 98
222 6.769972 98
223 7.067005 98
224 6.954742 98
225 7.041035 98
226 6.957679 98
227 0.131026 98
228 2.225237 98
229 7.385093 98
230 7.171735 98
231 0.124943 98
232 1.851631 98
233 7.223487 98
234 7.169586 98
235 7.352101 98
236 7.868816 98
237 6.736409 98
238 7.537853 98
239 7.209942 98
240 7.304274 98
241 7.003883 98
242 7.102311 98
243 7.034673 98
244 7.360578 98
245 7.006462 98
246 7.491030 98
247 0.121283 98
248 1.895515 98
249 7.557907 98
250 0.352367 103
251 3.674858 103
252 5.487087 103
253 0.130091 103
254 2.100256 103
255 5.839607 103
256 5.247254 103
257 4.984674 103
258 5.955576 103
259 5.673176 103
260 6.042774 103
261 6.097991 103
262 6.305256 103
263 6.411432 103
264 8.261561 103
265 7.940292 103
266 8.322820 103
267 7.289312 103
268 8.090555 103
269 7.074983 103
270 8.604934 103
271 0.160303 103
272 0.134354 103
273 0.128501 103
274 0.130641 103
275 0.121712 103
276 2.084645 103
277 8.867444 103
278 7.848582 103
279 0.132543 103
280 3.153651 103
281 8.578128 103
282 8.237029 103
283 8.660911 103
284 8.427864 103
285 8.740888 103
286 8.302769 103
287 8.893565 103
288 8.845918 103
289 9.212064 103
290 7.612357 103
291 0.143272 103
292 3.088151 103
293 8.903356 103
294 9.175197 103
295 8.820287 103
296 9.062721 103
297 8.852553 103
298 8.520325 103
299 8.688242 103
300 0.354347 104
301 4.027818 104
302 3.868411 104
303 4.322804 104
304 5.679334 104
305 3.615901 104
306 3.911149 104
307 4.550350 104
308 4.180958 104
309 4.530984 104
310 5.466861 104
311 5.531704 104
312 6.557771 104
313 6.621821 104
314 6.641695 104
315 7.417772 104
316 6.984294 104
317 7.225986 104
318 7.865119 104
319 8.405015 104
320 8.292388 104
321 9.199223 104
322 8.773952 104
323 9.057613 104
324 8.901332 104
325 8.750180 104
326 8.657728 104
327 8.784674 104
328 8.958501 104
329 9.012517 104
330 9.108418 104
331 8.719755 104
332 8.534596 104
333 9.103356 104
334 8.927296 104
335 7.960372 104
336 8.555897 104
337 8.955899 104
338 0.159140 104
339 2.847789 104
340 8.421956 104
341 9.229108 104
342 8.515642 104
343 8.430008 104
344 8.552477 104
345 7.600965 104
346 8.475698 104
347 7.252348 104
348 8.544199 104
349 8.528138 104
350 0.071511 110
351 1.844264 110
352 3.633488 110
353 4.383297 110
354 4.587050 110
355 0.101346 110
356 0.096132 110
357 0.075533 110
358 0.073623 110
359 1.276152 110
360 5.117995 110
361 5.834943 110
362 0.084996 110
363 1.498486 110
364 0.094305 110
365 1.511812 110
366 0.090653 110
367 0.087103 110
368 1.631566 110
369 8.306546 110
370 0.104983 110
371 0.099040 110
372 0.104186 110
373 1.906632 110
374 0.108739 110
375 1.997873 110
376 8.646467 110
377 8.627371 110
378 0.115051 110
379 0.111205 110
380 1.831074 110
381 7.116239 110
382 8.848454 110
383 0.123817 110
384 0.125208 110
385 1.914739 110
386 8.781147 110
387 7.674968 110
388 0.139710 110
389 0.154416 110
390 0.165696 110
391 0.171715 110
392 2.291000 110
393 8.954343 110
394 0.210705 110
395 0.220864 110
396 2.259053 110
397 0.255598 110
398 0.246219 110
399 0.307047 110
400 0.505874 103
401 3.802218 103
402 4.662179 103
403 5.023406 103
404 0.134318 103
405 0.122411 103
406 0.106324 103
407 0.087263 103
408 1.077581 103
409 0.075735 103
410 0.000000 103
411 0.000000 103
412 0.000000 103
413 0.000000 103
414 0.000000 103
415 0.000000 103
416 0.000000 103
417 0.000000 103
418 0.000000 103
419 0.000000 103
420 0.000000 103
421 0.000000 103
422 0.000000 103
423 0.000000 103
424 0.000000 103
425 0.000000 103
426 0.000000 103
427 0.000000 103
428 0.000000 103
429 0.000000 103
430 0.000000 103
431 0.000000 103
432 0.000000 103
433 0.000000 103
434 0.000000 103
435 0.000000 103
436 0.000000 103
437 0.000000 103
438 0.000000 103
439 0.000000 103
440 0.000000 103
441 0.000000 103
442 0.000000 103
443 0.000000 103
444 0.000000 103
445 0.000000 103
446 0.000000 103
447 0.000000 103
448 0.000000 103
449 0.000000 103
450 0.000000 108
451 0.000000 108
452 0.000000 108
453 0.000000 108
454 0.000000 108
455 0.000000 108
456 0.000000 108
457 0.000000 108
458 0.000000 108
459 0.005941 108
460 13.453810 108
461 1.012288 108
462 2.220455 108
463 4.925132 108
464 5.177101 108
465 8.106910 108
466 1.583239 108
467 2.519701 108
468 5.353865 108
469 11.765041 108
470 1.820582 108
471 1.586319 108
472 1.450513 108
473 2.302029 108
474 3.467102 108
475 1.547712 108
476 1.497380 108
477 1.552950 108
478 1.744472 108
479 1.638915 108
480 4.477127 108
481 1.903619 108
482 0.000000 108
483 2.919851 108
484 8.084080 108
485 5.839625 108
486 3.365483 108
487 6.334293 108
488 6.812706 108
489 2.938209 108
490 4.090181 108
491 8.209998 108
492 8.674268 108
493 1.945256 108
494 3.899529 108
495 4.031349 108
496 1.529629 108
497 7.605445 108
498 5.660215 108
499 1.226782 108
500 0.928866 116
501 4.156919 116
502 11.752315 116
503 4.971224 116
504 1.093016 116
505 1.638806 116
506 1.598831 116
507 1.686301 116
508 0.506815 116
509 3.085076 116
510 19.050983 116
511 0.894923 116
512 1.267339 116
513 0.000000 116
514 0.897968 116
515 2.514770 116
516 1.535007 116
517 1.195999 116
518 2.918606 116
519 2.896017 116
520 2.224361 116
521 2.361419 116
522 3.464410 116
523 12.632554 116
524 1.734290 116
525 2.499262 116
526 0.000000 116
527 13.994438 116
528 1.175384 116
529 2.190439 116
530 0.774099 116
531 1.514819 116
532 1.641931 116
533 2.356081 116
534 4.871866 116
535 2.623520 116
536 3.912260 116
537 1.991751 116
538 2.155612 116
539 5.020854 116
540 5.673800 116
541 3.471323 116
542 2.031325 116
543 0.333156 116
544 0.557902 116
545 1.735581 116
546 0.000000 116
547 1.356825 116
548 0.803892 116
549 10.777312 116
550 11.886101 104
551 83.086644 104
552 15.860293 104
553 2.064271 104
554 1.234466 104
555 1.201086 104
556 1.388630 104
557 19.001718 104
558 1.415250 104
559 88.187694 104
560 1.191875 104
561 24.488759 104
562 6.274401 104
563 3.776418 104
564 1.483748 104
565 43.564044 104
566 1.674556 104
567 181.059429 104
568 2.715059 104
569 0.350209 104
570 0.784069 104
571 0.563015 104
572 1.232975 104
573 1.282779 104
574 1.170393 104
575 1.210242 104
576 1.145421 104
577 1.564427 104
578 1.016896 104
579 1.723717 104
580 1.535103 104
581 1.488050 104
582 1.440245 104
583 1.402239 104
584 1.498692 104
585 1.448705 104
586 0.547087 104
587 0.674523 104
588 0.616663 104
589 1.653309 104
590 1.012437 104
591 0.496112 104
592 0.000000 104
593 0.436612 104
594 0.880369 104
595 1.087697 104
596 1.047365 104
597 0.982086 104
598 0.431667 104
599 0.869869 104
600 0.504945 112
601 1.053273 112
602 0.959386 112
603 0.338675 112
604 0.836606 112
605 1.050655 112
606 0.960125 112
607 1.039239 112
608 2.779557 112
609 0.445002 112
610 0.895489 112
611 0.397502 112
612 0.851493 112
613 0.941639 112
614 1.043560 112
615 1.044632 112
616 2.296808 112
617 3.234627 112
618 0.242182 112
619 1.194644 112
620 0.832441 112
621 0.318640 112
622 0.000000 112
623 0.000000 112
624 0.000000 112
625 0.842553 112
626 0.130600 112
627 0.154663 112
628 0.150268 112
629 0.161986 112
630 0.544613 112
631 0.397409 112
632 2.892106 112
633 2.962586 112
634 0.690485 112
635 0.777040 112
636 0.546045 112
637 0.553603 112
638 0.442155 112
639 0.714039 112
640 0.471114 112
641 0.566040 112
642 0.469704 112
643 0.478943 112
644 0.298301 112
645 0.623089 112
646 0.517413 112
647 0.629540 112
648 0.536478 112
649 1.914277 112
650 0.235532 108
651 0.698633 108
652 1.636814 108
653 0.558187 108
654 0.283710 108
655 6.732859 108
656 1.118728 108
657 0.507770 108
658 0.500825 108
659 0.180762 108
660 1.095918 108
661 0.388028 108
662 0.963812 108
663 0.585547 108
664 0.619236 108
665 0.426613 108
666 0.411633 108
667 0.685745 108
668 1.547812 108
669 0.583115 108
670 1.252688 108
671 0.671581 108
672 0.434636 108
673 0.607471 108
674 0.427238 108
675 0.427871 108
676 0.000000 108
677 0.620818 108
678 2.693664 108
679 0.000000 108
680 0.333253 108
681 5.096946 108
682 1.541335 108
683 0.003135 108
684 0.601110 108
685 0.921227 108
686 0.361616 108
687 0.335188 108
688 0.560031 108
689 1.305050 108
690 0.766121 108
691 0.387288 108
692 0.313737 108
693 0.508627 108
694 0.595509 108
695 0.438754 108
696 0.585559 108
697 251.632040 108
698 0.287390 108
699 0.673770 108
700 0.627037 99
701 2.084779 99
702 0.349482 99
703 1.067967 99
704 0.577513 99
705 0.302793 99
706 0.351739 99
707 0.366405 99
708 0.337329 99
709 0.530636 99
710 0.623449 99
711 0.461605 99
712 0.692371 99
713 0.569911 99
714 13.472805 99
715 4.438769 99
716 11.912986 99
717 8.256476 99
718 0.771345 99
719 0.874686 99
720 0.339360 99
721 0.353638 99
722 0.620385 99
723 0.574715 99
724 0.557249 99
725 0.259594 99
726 0.163896 99
727 0.172597 99
728 0.256277 99
729 0.478845 99
730 0.359877 99
731 0.199872 99
732 0.081010 99
733 0.202801 99
734 0.061089 99
735 0.119777 99
736 3.339380 99
737 0.633827 99
738 37.651865 99
739 81.418634 99
740 80.588756 99
741 1.055464 99
742 2.058225 99
743 2.194706 99
744 1.719384 99
745 3.176133 99
746 1.073319 99
747 2.454191 99
748 2.871997 99
749 1.631488 99
750 7.735729 99
751 1.519227 99
752 0.936018 99
753 2.674134 99
754 1.335268 99
755 13.523027 99
756 10.551162 99
757 65.392142 99
758 0.865168 99
759 10.010313 99
760 1.034656 99
761 17.670841 99
762 0.540934 99
763 3.659051 99
764 4.582433 99
765 1.451053 99
766 0.773680 99
767 3.469644 99
768 1.405588 99
769 0.773368 99
770 4.958830 99
771 0.595072 99
772 0.445227 99
773 0.284533 99
774 0.677155 99
775 1.663350 99
776 0.000000 99
777 1.192928 99
778 0.837977 99
779 0.694356 99
780 1.329453 99
781 2.411714 99
782 4.482071 99
783 0.725433 99
784 1.362045 99
785 1.226453 99
786 2.954363 99
787 1.226531 99
788 2.754167 99
789 0.555888 99
790 0.711392 99
791 48.626010 99
792 1.963342 99
793 1.172461 99
794 0.930485 99
795 0.960811 99
796 0.977570 99
797 0.725678 99
798 0.770014 99
799 0.898392 99
800 35.243934 112
801 3.527800 112
802 1.273516 112
803 13.179872 112
804 2.983100 112
805 1.062739 112
806 18.831586 112
807 1.455382 112
808 1.382929 112
809 4.364110 112
810 7.055240 111
811 1.526043 112
812 0.789976 112
813 2.777712 112
814 2.242222 112
815 0.770885 112
816 8.040769 112
817 5.032259 112
818 3.024096 112
819 2.090902 111
820 1.770763 111
821 1.585045 111
822 1.505858 111
823 1.353138 111
824 0.059869 111
825 4.664398 111
826 1.267730 111
827 3.609746 111
828 1.817336 111
829 7.531198 111
830 15.411896 111
831 12.022338 111
832 70.091218 111
833 1.383765 111
834 1.593797 111
835 1.108924 111
836 1.204848 111
837 1.039371 111
838 1.488033 111
839 8.072618 111
840 17.094006 111
841 0.248544 111
842 2.694477 111
843 2.174373 111
844 1.496781 111
845 2.241777 111
846 175.197900 111
847 1.826011 111
848 2.264106 111
849 1.370138 111
850 14.366908 110
851 0.844672 110
852 2.016855 110
853 1.910948 110
854 1.628886 110
855 3.378721 109
856 4.076717 109
857 1.859318 109
858 4.293189 109
859 4.405102 109
860 2.938147 109
861 3.367971 109
862 1.245681 109
863 1.571797 109
864 1.238296 109
865 1.655708 109
866 0.000000 109
867 0.086160 109
868 0.000000 109
869 0.000000 109
870 0.050370 109
871 0.000000 109
872 0.034253 109
873 0.000000 109
874 0.000000 109
875 0.000000 109
876 0.000000 109
877 0.000000 109
878 0.000000 109
879 0.000000 109
880 0.000000 109
881 0.000000 109
882 0.000000 109
883 0.000000 109
884 0.000000 109
885 0.000000 109
886 0.000000 109
887 0.000000 109
888 0.000000 109
889 0.000000 109
890 0.000000 109
891 0.000000 109
892 0.130281 109
893 0.004066 109
894 0.116508 109
895 1.599610 109
896 5.462496 109
897 5.070626 109
898 2.340750 109
899 5.129425 109
900 1.582375 103
901 0.450300 103
902 9.992257 103
903 20.658370 103
904 20.163959 102
905 6.318646 102
906 3.041478 102
907 2.888727 102
908 6.341832 102
909 2.867243 102
910 2.533493 102
911 6.262572 102
912 2.595446 102
913 2.810128 102
914 1.293744 102
915 3.141869 102
916 2.412197 102
917 0.000000 102
918 0.000000 102
919 0.000000 102
920 0.000000 102
921 0.000000 102
922 0.000000 102
923 0.000000 102
924 0.000000 102
925 0.000000 102
926 0.000000 102
927 0.000000 102
928 0.000000 102
929 0.000000 102
930 0.000000 102
931 3.240099 102
932 3.945872 102
933 2.859385 102
934 4.949207 102
935 6.094697 102
936 13.429198 102
937 4.949210 102
938 4.332222 102
939 1.077672 102
940 3.457318 102
941 3.527222 102
942 3.476028 102
943 3.983654 102
944 1.777287 102
945 1.316152 102
946 1.881804 102
947 2.458398 102
948 1.973719 102
949 4.595177 102
950 2.012134 104
951 38.816254 104
952 1.456833 104
953 2.054440 104
954 1.256000 104
955 1.699175 104
956 1.395065 104
957 3.164520 104
958 4.568567 104
959 4.501143 104
960 1.455185 104
961 4.281131 104
962 2.912648 104
963 4.500875 104
964 1.396855 104
965 2.673104 104
966 3.423046 104
967 21.220941 104
968 30.038726 104
969 30.072702 104
970 29.687423 104
971 28.898526 104
972 1.840236 104
973 1.806365 104
974 2.181539 104
975 3.993675 104
976 1.293931 104
977 0.933579 104
978 1.673217 104
979 1.133648 104
980 1.167648 104
981 14.631514 104
982 2.048633 104
983 1.446223 104
984 2.004911 104
985 8.618406 104
986 1.488684 104
987 4.225393 104
988 1.555622 104
989 0.135116 104
990 1.779634 104
991 1.058523 104
992 1.482843 104
993 1.786976 104
994 0.840177 104
995 0.890171 104
996 1.409995 104
997 2.517751 104
998 2.943829 104
999 0.614128 104
1000 1.284871 85
1001 1.500080 85
1002 0.955272 85
1003 2.547630 85
1004 0.981845 85
1005 1.215167 85
1006 4.490572 85
1007 1.556444 85
1008 0.927346 85
1009 1.176596 85
1010 1.406975 85
1011 1.109907 85
1012 3.193510 85
1013 14.391857 85
1014 2.106463 85
1015 1.504310 85
1016 4.312148 85
1017 7.793323 85
1018 6.032145 85
1019 6.039890 85
1020 6.423632 85
1021 6.385859 85
1022 5.953832 84
1023 5.740030 84
1024 6.108509 84
1025 5.849897 84
1026 5.976375 84
1027 5.330192 84
1028 6.010076 84
1029 6.438165 84
1030 6.377903 84
1031 6.219542 84
1032 1.744866 84
1033 3.552177 84
1034 3.798420 84
1035 1.778988 84
1036 4.753086 84
1037 1.533508 84
1038 4.179390 84
1039 3.055015 84
1040 1.942376 84
1041 4.896608 84
1042 2.409824 84
1043 0.000000 84
1044 0.000000 84
1045 0.000000 84
1046 1.128694 84
1047 2.395261 84
1048 2.506756 84
1049 11.856354 84
1050 10.312607 106
1051 11.216603 106
1052 11.923160 106
1053 1.913524 106
1054 4.314671 106
1055 2.089568 106
1056 4.895884 106
1057 5.890959 106
1058 2.291995 106
1059 6.641871 106
1060 6.052412 106
1061 21.295826 106
1062 90.941046 106
1063 106.385135 106
1064 147.937285 106
1065 69.415717 106
1066 200.961767 106
1067 38.150077 106
1068 132.352332 106
1069 67.631908 106
1070 66.417487 106
1071 144.706142 106
1072 87.837561 106
1073 126.115863 106
1074 41.618359 106
1075 60.154094 106
1076 114.411434 106
1077 83.235664 106
1078 156.162642 106
1079 213.533462 106
1080 64.357478 106
1081 67.765744 106
1082 153.153681 106
1083 137.266291 106
1084 134.289382 106
1085 39.232648 106
1086 87.325787 106
1087 0.636736 106
1088 1.558249 106
1089 1.166763 106
1090 0.754999 106
1091 1.543150 106
1092 1.080031 106
1093 0.924364 106
1094 1.753256 106
1095 1.153457 106
1096 2.548877 106
1097 4.098961 106
1098 4.124078 106
1099 7.566036 106
1100 2.263809 118
1101 1.576279 118
1102 264.486349 118
1103 0.886529 118
1104 0.999909 118
1105 0.972336 118
1106 0.872701 118
1107 1.002183 118
1108 2.056478 118
1109 5.310854 118
1110 6.934401 118
1111 5.601827 118
1112 0.059706 118
1113 21.790113 118
1114 1.013988 118
1115 1.090429 118
1116 1.066758 118
1117 2.462890 118
1118 1.883612 118
1119 1.663345 118
1120 2.908070 118
1121 2.968922 118
1122 0.452250 118
1123 1.214863 118
1124 1.185422 118
1125 0.453023 118
1126 2.519715 118
1127 5.450792 118
1128 5.532935 118
1129 2.032517 118
1130 1.932960 118
1131 2.283400 118
1132 0.000000 118
1133 0.000000 118
1134 3.304077 118
1135 10.152018 118
1136 65.531931 118
1137 2.203517 118
1138 6.303696 118
1139 0.200429 118
1140 1.030520 118
1141 0.745906 118
1142 0.000000 118
1143 0.559280 118
1144 0.829519 118
1145 5.638695 118
1146 10.301441 118
1147 66.494011 118
1148 7.299492 118
1149 2.899387 118
1150 1.888133 109
1151 4.432256 109
1152 4.982489 109
1153 1.932365 109
1154 2.564533 109
1155 2.545148 109
1156 0.000000 109
1157 0.000000 109
1158 1.479587 109
1159 3.123619 109
1160 27.016506 109
1161 59.100989 109
1162 8.775804 109
1163 25.466781 109
1164 7.369406 109
1165 4.506116 109
1166 6.324312 109
1167 1.769688 109
1168 1.602296 109
1169 5.967889 109
1170 0.562764 109
1171 1.308696 109
1172 0.628445 109
1173 1.026670 109
1174 0.608872 109
1175 1.031710 109
1176 0.572049 109
1177 1.315077 109
1178 0.652911 109
1179 1.114772 109
1180 0.622051 109
1181 1.055767 109
1182 2.157887 109
1183 1.485122 109
1184 5.864864 109
1185 12.145398 109
1186 1.009273 109
1187 1.991323 109
1188 0.000000 109
1189 0.000000 109
1190 6.674785 109
1191 8.323700 109
1192 42.946573 109
1193 2.276327 109
1194 4.358705 109
1195 2.839585 109
1196 6.708281 109
1197 4.720308 109
1198 2.715008 109
1199 3.805920 109
1200 20.629575 111
1201 39.969787 111
1202 1.236243 111
1203 6.062708 111
1204 0.000000 111
1205 2.806385 111
1206 11.051146 111
1207 4.945725 111
1208 2.175413 111
1209 2.621051 111
1210 0.299685 111
1211 34.043532 111
1212 20.082344 111
1213 7.503166 111
1214 4.004567 111
1215 0.380122 111
1216 1.488990 111
1217 1.230203 111
1218 2.982017 111
1219 1.640128 111
1220 0.946394 111
1221 2.325987 111
1222 1.513636 111
1223 6.466836 111
1224 8.178947 111
1225 1.685695 111
1226 1.344728 111
1227 25.627893 111
1228 2.096769 111
1229 2.291958 111
1230 35.272617 111
1231 1.375242 111
1232 3.614747 111
1233 1.805994 111
1234 4.308562 111
1235 35.190463 111
1236 0.503883 111
1237 1.024369 110
1238 3.071435 110
1239 1.278767 110
1240 2.474131 110
1241 5.460029 110
1242 0.875297 110
1243 0.000000 110
1244 1.736125 110
1245 7.584486 110
1246 51.105575 110
1247 1.047269 110
1248 0.522633 110
1249 0.559161 110
1250 23.707974 112
1251 1.619034 112
1252 3.877980 112
1253 4.011553 112
1254 17.422921 112
1255 4.300672 112
1256 1.034485 112
1257 5.146708 112
1258 2.348647 112
1259 0.530848 112
1260 2.581208 112
1261 1.275047 112
1262 5.052775 112
1263 5.415771 112
1264 0.823286 112
1265 0.799520 112
1266 2.163509 112
1267 1.668803 112
1268 14.899985 112
1269 1.959961 112
1270 2.993719 112
1271 6.400661 112
1272 5.669436 112
1273 5.832157 112
1274 6.826298 112
1275 6.911342 112
1276 6.400251 112
1277 1.180910 112
1278 1.741076 112
1279 0.647712 112
1280 0.638680 112
1281 0.805538 112
1282 0.000000 112
1283 0.597171 112
1284 0.686624 112
1285 7.541709 112
1286 4.884563 112
1287 17.047559 112
1288 2.106951 112
1289 4.470268 112
1290 0.161220 112
1291 18.251964 112
1292 18.665723 112
1293 1.548641 112
1294 2.052475 112
1295 0.000000 112
1296 1.904292 112
1297 1.774464 112
1298 416.043859 112
1299 0.000000 112
1300 0.549489 109
1301 1.200865 109
1302 1.153240 109
1303 0.481760 109
1304 1.228682 109
1305 0.516731 109
1306 2.867345 109
1307 0.434085 109
1308 0.936396 109
1309 1.036856 109
1310 0.931059 109
1311 2.455862 109
1312 2.233134 109
1313 2.006499 109
1314 6.967882 109
1315 0.560759 109
1316 1.630779 109
1317 0.834746 109
1318 0.606979 109
1319 1.229492 109
1320 0.183189 109
1321 1.050442 109
1322 0.134560 109
1323 0.564385 109
1324 0.715134 109
1325 0.998927 109
1326 0.452454 109
1327 0.214696 109
1328 1.554893 109
1329 0.210611 109
1330 29.213034 109
1331 1.325826 109
1332 1.754626 109
1333 0.954185 109
1334 1.443738 109
1335 1.646975 109
1336 1.840806 109
1337 2.237655 109
1338 1.840987 109
1339 2.356817 109
1340 2.001120 109
1341 2.284163 109
1342 2.214522 109
1343 2.179243 109
1344 2.108694 109
1345 2.198988 109
1346 2.470807 109
1347 2.757567 109
1348 2.765186 109
1349 2.860722 109
1350 1.331918 99
1351 1.605691 99
1352 1.658861 99
1353 1.852459 99
1354 1.897841 99
1355 1.973007 99
1356 1.696583 99
1357 1.930880 99
1358 1.755771 99
1359 2.009121 99
1360 1.883090 99
1361 1.770382 99
1362 1.799111 99
1363 2.238414 99
1364 2.791056 99
1365 2.165592 99
1366 1.788981 99
1367 1.846271 99
1368 1.573680 99
1369 2.031972 99
1370 2.090046 99
1371 2.118738 99
1372 1.938316 99
1373 1.958658 99
1374 2.096856 99
1375 1.843273 99
1376 1.985193 99
1377 2.174541 99
1378 2.046316 99
1379 2.415034 99
1380 2.198516 99
1381 2.073122 99
1382 2.123302 99
1383 2.084308 99
1384 2.365475 99
1385 2.386907 99
1386 18.449645 99
1387 77.807821 99
1388 50.080000 99
1389 45.845047 99
1390 48.592745 99
1391 88.452027 99
1392 114.086401 99
1393 239.197832 99
1394 99.567783 99
1395 125.945966 99
1396 27.902315 99
1397 65.507728 99
1398 50.668835 99
1399 107.181689 99
1400 14.895104 96
1401 66.840642 96
1402 38.919952 96
1403 43.980931 96
1404 52.512362 96
1405 87.764958 96
1406 50.419018 96
1407 174.257777 96
1408 40.289379 96
1409 56.884852 96
1410 86.159458 96
1411 87.649305 96
1412 41.886108 96
1413 104.372000 96
1414 102.250834 96
1415 44.135441 96
1416 103.368796 96
1417 14.972302 96
1418 70.454196 96
1419 79.451863 96
1420 108.695242 96
1421 46.102419 96
1422 44.104062 96
1423 26.125351 96
1424 203.685139 96
1425 90.081671 96
1426 42.794210 96
1427 88.462183 96
1428 54.344478 96
1429 102.262769 96
1430 60.332454 96
1431 50.750246 96
1432 113.503309 96
1433 1.119663 96
1434 3.837109 96
1435 0.000000 96
1436 0.004839 96
1437 0.000000 96
1438 0.000000 96
1439 0.000000 96
1440 0.193627 96
1441 3.772154 96
1442 3.336263 96
1443 0.124890 96
1444 1.407696 96
1445 2.471600 96
1446 21.731225 96
1447 1.457925 96
1448 1.410114 96
1449 1.699284 96
1450 1.503002 91
1451 2.437210 91
1452 2.885292 91
1453 3.076736 91
1454 0.014176 91
1455 1.556431 91
1456 0.000000 91
1457 1.812333 91
1458 1.956943 91
1459 1.526184 91
1460 1.625051 91
1461 3.066908 91
1462 1.576266 91
1463 3.412666 91
1464 2.386744 91
1465 0.871673 91
1466 2.054925 91
1467 1.976951 91
1468 1.762695 91
1469 1.545173 91
1470 1.489860 91
1471 2.056294 91
1472 4.863879 91
1473 8.019069 91
1474 2.483348 91
1475 4.703718 91
1476 1.870028 91
1477 4.102754 91
1478 1.240652 91
1479 2.198622 91
1480 1.517249 91
1481 1.381517 91
1482 4.325213 91
1483 1.384909 91
1484 1.741743 91
1485 0.768815 91
1486 5.277798 91
1487 2.450951 91
1488 0.870903 91
1489 2.680565 91
1490 1.450807 91
1491 2.470142 91
1492 3.946579 91
1493 1.413082 91
1494 2.469958 91
1495 26.522812 91
1496 1.961036 91
1497 1.138333 91
1498 1.126464 91
1499 0.989330 91
1500 0.619286 106
1501 0.999628 106
1502 4.773050 106
1503 1.449301 106
1504 1.376991 106
1505 1.342629 106
1506 1.504062 106
1507 1.421562 106
1508 1.361768 106
1509 1.246449 106
1510 1.377705 106
1511 0.640615 106
1512 0.544015 106
1513 1.051498 106
1514 1.621450 106
1515 1.255099 106
1516 1.745955 106
1517 0.584081 106
1518 0.591911 106
1519 10.579084 106
1520 57.410248 106
1521 0.394363 106
1522 1.103933 106
1523 0.683944 106
1524 2.916729 106
1525 1.287698 106
1526 3.416151 106
1527 2.867014 106
1528 0.000000 106
1529 0.000000 106
1530 0.000000 106
1531 0.000000 106
1532 1.290469 106
1533 2.081384 106
1534 2.401802 106
1535 2.256271 106
1536 126.842227 106
1537 1.010945 106
1538 0.991231 106
1539 0.860271 106
1540 0.995041 106
1541 1.034648 106
1542 1.022276 106
1543 1.024132 106
1544 0.999730 106
1545 1.205296 106
1546 1.537895 106
1547 0.000000 106
1548 1.323096 106
1549 2.688976 106
1550 1.817922 120
1551 0.965795 120
1552 0.652969 120
1553 2.373963 120
1554 5.755365 120
1555 0.599418 120
1556 3.110034 120
1557 0.768337 120
1558 1.796259 120
1559 1.531428 120
1560 1.230913 120
1561 1.795948 120
1562 1.383062 120
1563 0.498219 120
1564 1.306948 120
1565 2.804628 120
1566 2.557401 120
1567 2.987402 120
1568 0.645115 120
1569 0.659256 120
1570 0.043122 120
1571 1.713902 120
1572 1.362760 120
1573 1.319503 120
1574 1.088157 120
1575 0.215788 120
1576 8.429768 120
1577 0.966959 120
1578 0.832651 120
1579 1.190947 120
1580 1.175800 120
1581 2.378933 120
1582 2.255517 120
1583 2.434602 120
1584 9.399593 120
1585 12.531446 120
1586 0.151222 120
1587 0.250089 120
1588 0.008856 120
1589 0.060716 120
1590 0.042985 120
1591 0.098966 120
1592 0.084119 120
1593 0.045278 120
1594 0.051564 120
1595 0.000000 120
1596 0.000000 120
1597 0.000000 120
1598 2.570037 120
1599 5.585409 120
1600 1.805176 112
1601 1.843909 112
1602 4.294751 112
1603 3.818592 112
1604 4.223519 112
1605 1.364358 112
1606 3.692249 112
1607 3.941479 112
1608 1.350276 112
1609 3.700016 112
1610 3.863159 112
1611 1.600436 112
1612 4.115272 112
1613 1.656652 112
1614 4.340749 112
1615 2.143442 112
1616 3.893156 112
1617 4.504150 112
1618 4.140210 112
1619 4.879701 112
1620 1.015021 112
1621 11.355786 112
1622 1.804989 112
1623 1.264211 112
1624 1.393126 112
1625 2.773483 112
1626 1.443449 112
1627 2.750760 112
1628 1.582963 112
1629 2.681363 112
1630 28.805383 112
1631 89.389717 112
1632 2.374774 112
1633 1.156613 112
1634 35.805391 112
1635 1.591617 112
1636 0.000000 112
1637 0.000000 112
1638 0.000000 112
1639 3.655048 112
1640 1.162487 112
1641 1.149821 112
1642 1.881758 112
1643 4.307634 112
1644 2.337545 112
1645 5.223922 112
1646 1.051599 112
1647 2.640384 112
1648 0.453903 112
1649 1.076564 112
1650 1.867867 97
1651 2.306318 97
1652 2.390769 97
1653 0.344728 97
1654 55.213531 97
1655 14.052155 97
1656 1.755755 97
1657 1.825553 97
1658 1.531125 97
1659 1.206446 97
1660 1.509086 97
1661 2.370976 97
1662 2.123565 97
1663 1.854522 97
1664 0.240586 97
1665 1.581121 97
1666 1.644009 97
1667 0.616438 97
1668 1.138618 97
1669 1.468641 97
1670 0.533884 97
1671 1.268881 97
1672 0.029118 97
1673 0.012510 97
1674 0.010674 97
1675 0.009442 97
1676 0.011473 97
1677 0.012214 97
1678 0.014392 97
1679 0.234391 97
1680 0.010169 97
1681 0.340537 97
1682 2.069579 97
1683 4.406044 97
1684 4.460644 97
1685 0.524050 97
1686 0.714056 97
1687 3.449138 97
1688 1.935340 97
1689 0.964135 97
1690 107.164000 97
1691 2.058557 97
1692 101.575329 97
1693 0.547936 97
1694 1.718592 97
1695 3.789108 97
1696 1.720116 97
1697 3.816777 97
1698 1.324258 97
1699 3.521569 97
1700 1.197351 95
1701 2.688459 95
1702 2.422111 95
1703 0.699250 95
1704 0.736816 95
1705 2.330156 95
1706 5.249616 94
1707 6.087550 95
1708 4.380490 95
1709 4.143257 95
1710 10.775710 95
1711 30.372879 95
1712 31.340947 95
1713 29.216831 95
1714 0.942572 95
1715 1.456288 95
1716 0.718069 95
1717 1.977357 95
1718 9.179455 95
1719 1.060646 95
1720 0.855077 95
1721 0.828442 95
1722 1.157758 95
1723 3.518385 95
1724 1.152429 95
1725 0.813209 95
1726 43.325053 95
1727 8.891052 95
1728 16.603776 95
1729 0.713876 95
1730 0.840912 95
1731 1.193722 95
1732 3.669457 95
1733 30.201030 95
1734 1.341121 95
1735 1.264872 95
1736 1.352624 95
1737 2.033605 95
1738 1.507347 95
1739 0.162170 95
1740 1.188372 95
1741 0.924213 95
1742 146.470324 95
1743 2.512260 95
1744 2.010647 95
1745 1.340728 95
1746 1.133664 95
1747 26.727559 95
1748 0.324665 95
1749 7.291228 95
1750 3.164458 120
1751 2.287894 120
1752 0.831887 120
1753 1.439838 120
1754 2.951166 120
1755 3.179808 120
1756 19.389209 120
1757 1.213642 120
1758 0.896200 120
1759 33.024722 120
1760 1.769998 120
1761 1.729694 120
1762 2.652168 120
1763 1.860068 120
1764 1.667605 120
1765 2.776884 120
1766 2.950283 120
1767 2.176554 120
1768 2.773555 120
1769 0.000000 120
1770 0.000000 120
1771 0.601234 120
1772 1.099915 120
1773 4.631816 120
1774 1.519177 120
1775 4.109139 120
1776 0.565660 120
1777 1.065984 120
1778 1.038961 120
1779 1.736293 120
1780 1.073551 120
1781 6.652702 120
1782 7.371192 120
1783 19.870527 120
1784 11.822801 120
1785 0.736660 120
1786 1.005344 120
1787 0.000000 120
1788 1.154338 120
1789 1.368165 120
1790 2.184382 120
1791 0.085383 120
1792 1.517732 120
1793 3.295756 120
1794 3.528593 120
1795 1.017458 120
1796 0.950200 120
1797 2.162402 120
1798 0.770303 120
1799 0.925612 120
1800 0.521946 115
1801 2.702346 115
1802 0.377564 115
1803 0.707282 115
1804 1.649478 115
1805 0.696619 115
1806 0.715836 115
1807 0.000000 115
1808 1.710684 115
1809 2.096025 115
1810 0.577654 115
1811 0.044917 115
1812 0.481637 115
1813 2.220357 115
1814 3.130097 115
1815 3.026636 115
1816 12.816639 115
1817 1.132836 115
1818 1.036977 115
1819 1.383418 115
1820 1.170554 115
1821 133.411690 115
1822 178.857060 115
1823 1.901310 115
1824 2.252404 115
1825 0.879548 115
1826 0.978750 115
1827 8.345943 115
1828 9.635399 115
1829 9.370196 115
1830 1.124974 115
1831 22.227851 115
1832 82.528500 115
1833 1.347678 115
1834 14.797346 115
1835 1.170821 115
1836 12.805245 115
1837 1.115309 115
1838 0.550723 115
1839 2.013461 115
1840 1.049060 115
1841 7.127443 115
1842 14.518153 115
1843 6.697813 115
1844 1.975190 115
1845 1.273125 115
1846 1.222275 115
1847 0.000000 115
1848 0.000000 115
1849 0.871329 115
1850 0.997785 107
1851 9.687534 107
1852 0.005278 107
1853 0.615826 107
1854 1.622306 107
1855 1.760813 107
1856 0.432655 107
1857 0.552005 107
1858 1.556686 107
1859 1.695603 107
1860 1.199809 107
1861 1.053888 107
1862 112.470488 107
1863 0.544655 107
1864 1.148680 107
1865 1.417369 107
1866 0.630795 107
1867 1.290603 107
1868 0.388012 107
1869 0.413825 107
1870 0.821714 107
1871 1.021206 107
1872 0.329266 107
1873 0.567357 107
1874 0.413185 107
1875 0.733400 107
1876 0.818745 107
1877 1.658148 107
1878 15.611314 107
1879 3.502620 107
1880 4.909297 107
1881 3.277293 107
1882 42.114370 107
1883 3.238740 107
1884 18.901747 107
1885 3.609137 107
1886 3.860845 107
1887 75.010129 107
1888 7.581733 107
1889 18.095514 107
1890 4.136131 107
1891 1.640019 107
1892 1.639176 107
1893 1.283510 107
1894 0.638855 107
1895 1.258399 107
1896 1.216966 107
1897 0.827240 107
1898 0.887526 107
1899 0.000000 107
1900 0.738576 109
1901 5.644063 109
1902 0.568766 109
1903 0.306808 109
1904 0.412123 109
1905 0.000000 109
1906 0.000000 109
1907 0.000000 109
1908 0.000000 109
1909 0.000000 109
1910 0.000000 109
1911 0.000000 109
1912 3.016750 109
1913 6.321246 109
1914 6.019818 106
1915 6.385685 109
1916 6.178795 109
1917 6.175648 109
1918 6.219234 109
1919 6.441524 109
1920 6.632417 109
1921 6.135094 109
1922 6.096335 109
1923 6.206397 109
1924 6.043090 109
1925 6.205513 109
1926 5.958666 109
1927 6.327734 109
1928 6.263074 109
1929 6.305164 109
1930 6.075963 109
1931 6.052168 109
1932 6.083137 109
1933 5.778283 109
1934 6.452106 109
1935 6.270846 109
1936 1.198961 109
1937 3.266608 109
1938 2.566258 109
1939 1.545223 109
1940 3.492657 109
1941 3.353418 109
1942 0.122610 109
1943 0.959711 109
1944 1.993780 109
1945 1.352906 109
1946 2.073279 109
1947 2.731227 109
1948 6.249870 107
1949 0.000000 109
1950 2.152152 105
1951 0.473639 105
1952 0.949723 105
1953 1.883618 105
1954 1.294815 105
1955 3.801485 105
1956 1.431438 105
1957 12.873420 105
1958 1.184696 105
1959 2.497400 105
1960 4.459058 105
1961 1.528754 105
1962 0.000000 105
1963 0.000000 105
1964 1.288408 105
1965 26.262025 105
1966 1.267391 105
1967 0.627075 105
1968 1.583508 105
1969 1.457390 105
1970 0.606371 105
1971 0.000000 105
1972 0.657844 105
1973 1.293125 105
1974 1.142154 105
1975 1.159792 105
1976 1.646144 104
1977 1.762792 104
1978 1.964546 104
1979 0.578089 104
1980 21.329665 104
1981 1.602114 104
1982 3.759509 104
1983 3.325322 104
1984 3.571201 104
1985 9.942316 104
1986 10.140373 104
1987 10.295576 104
1988 1.427368 104
1989 3.712377 104
1990 1.175644 104
1991 3.148004 104
1992 1.919338 104
1993 2.909576 104
1994 1.389500 104
1995 3.456951 104
1996 3.738968 104
1997 100.888006 104
1998 110.647053 104
1999 117.447749 104
2000 75.347734 115
2001 84.565670 115
2002 85.557000 115
2003 83.599768 115
2004 4.583411 115
2005 5.261188 115
2006 6.348461 115
2007 1.203145 115
2008 1.698647 115
2009 1.705867 115
2010 57.056945 115
2011 1.017278 115
2012 2.369295 115
2013 13.836318 115
2014 0.000000 115
2015 1.909200 115
2016 0.961630 115
2017 0.855019 115
2018 1.217197 115
2019 0.180196 115
2020 0.929796 115
2021 1.332798 115
2022 1.832519 115
2023 1.138006 115
2024 10.908208 115
2025 4.721967 115
2026 1.271906 115
2027 1.307132 115
2028 1.181489 115
2029 2.183819 115
2030 1.345721 115
2031 1.343477 115
2032 1.338903 115
2033 2.019846 115
2034 14.174733 115
2035 1.989793 115
2036 1.006292 115
2037 246.415086 115
2038 1.574020 115
2039 1.837314 115
2040 1.126286 115
2041 1.226723 115
2042 1.153450 115
2043 7.772978 115
2044 10.621074 115
2045 2.315339 115
2046 4.816410 115
2047 5.265923 115
2048 4.840981 115
2049 3.194009 115
2050 2.264594 116
2051 6.700357 116
2052 6.556930 116
2053 1.319110 116
2054 3.067688 116
2055 3.314045 116
2056 1.872635 116
2057 57.171540 116
2058 5.869012 116
2059 5.310184 116
2060 5.915663 116
2061 5.773632 116
2062 3.168544 116
2063 1.502478 116
2064 0.179289 116
2065 3.335869 116
2066 1.822178 116
2067 0.334566 116
2068 2.425336 116
2069 1.046544 116
2070 27.765986 116
2071 25.046987 116
2072 13.662305 116
2073 0.780910 116
2074 3.409087 116
2075 33.181730 116
2076 1.276591 116
2077 3.563028 116
2078 0.507080 116
2079 1.319641 116
2080 12.872288 116
2081 1.162993 116
2082 1.401274 116
2083 0.224133 116
2084 0.580260 116
2085 0.557361 116
2086 0.572245 116
2087 0.553964 116
2088 0.556331 116
2089 0.691924 116
2090 1.272897 116
2091 0.876516 116
2092 0.271840 116
2093 0.435830 116
2094 0.423930 116
2095 0.462888 116
2096 0.026901 116
2097 0.237454 116
2098 0.384567 116
2099 0.639366 116
2100 0.604227 107
2101 0.908198 107
2102 0.013631 107
2103 30.576767 107
2104 43.190524 107
2105 1.014845 107
2106 0.504167 107
2107 0.266543 107
2108 0.820637 107
2109 1.299410 107
2110 2.708182 107
2111 0.804711 107
2112 1.089198 107
2113 12.886792 107
2114 58.988107 107
2115 109.008449 107
2116 99.658622 107
2117 22.591689 107
2118 49.735760 107
2119 50.553074 107
2120 39.811756 107
2121 41.493391 107
2122 85.479634 107
2123 38.411591 107
2124 240.614042 107
2125 2.019805 107
2126 25.728992 107
2127 14.070310 107
2128 1.141449 107
2129 1.237518 107
2130 1.253132 107
2131 1.251968 107
2132 1.895317 107
2133 1.232614 107
2134 1.974345 107
2135 2.094346 107
2136 15.837939 107
2137 8.707504 107
2138 1.130770 107
2139 0.839011 107
2140 0.929117 107
2141 4.277984 107
2142 1.765736 107
2143 1.933098 107
2144 8.690146 107
2145 8.967066 107
2146 24.148576 107
2147 8.525440 107
2148 1.367253 107
2149 0.673132 107
2150 11.934856 101
2151 5.821956 101
2152 0.651161 101
2153 1.368451 101
2154 1.378379 101
2155 1.540280 101
2156 6.443503 101
2157 11.693967 101
2158 5.875667 101
2159 7.726641 101
2160 0.001082 101
2161 0.003990 101
2162 0.004525 101
2163 0.004826 101
2164 0.003814 101
2165 0.005164 101
2166 0.004840 101
2167 0.004259 101
2168 0.003912 101
2169 0.001835 101
2170 0.004106 101
2171 0.005100 101
2172 0.005778 101
2173 0.004960 101
2174 0.005300 101
2175 0.007333 101
2176 0.005475 101
2177 0.003300 101
2178 0.003672 101
2179 0.003027 101
2180 0.002461 101
2181 0.002285 101
2182 0.001172 101
2183 0.002738 101
2184 0.001248 101
2185 0.001886 101
2186 0.004641 101
2187 0.003489 101
2188 0.005706 101
2189 0.006337 101
2190 0.003109 101
2191 0.006513 101
2192 0.010668 101
2193 0.014500 101
2194 0.015356 101
2195 0.016074 101
2196 0.015844 101
2197 0.020694 101
2198 0.018372 101
2199 0.019808 101
2200 0.003839 100
2201 0.005129 100
2202 0.006132 100
2203 0.003925 100
2204 0.001475 100
2205 0.007768 100
2206 0.008390 100
2207 0.005755 100
2208 0.002470 100
2209 0.003210 100
2210 0.004030 100
2211 0.005166 100
2212 0.008154 100
2213 0.007747 100
2214 0.008521 100
2215 0.006422 100
2216 0.005450 100
2217 0.002004 100
2218 0.003196 100
2219 0.004257 100
2220 0.004445 100
2221 0.005974 100
2222 0.002876 100
2223 0.001447 100
2224 0.003027 100
2225 0.002251 100
2226 0.003335 100
2227 0.003169 100
2228 0.006247 100
2229 0.005882 100
2230 0.003521 100
2231 0.006271 100
2232 0.007456 100
2233 0.011281 100
2234 0.016009 100
2235 0.017222 100
2236 0.016383 100
2237 0.017341 100
2238 0.020114 100
2239 0.021449 100
2240 0.020541 100
2241 0.022580 100
2242 0.021495 100
2243 0.020697 100
2244 0.020281 100
2245 0.023140 100
2246 0.020440 100
2247 0.019586 100
2248 0.012802 100
2249 0.017846 100
2250 0.003433 101
2251 0.005229 101
2252 0.005809 101
2253 0.003839 101
2254 0.002242 101
2255 0.003915 101
2256 0.008248 101
2257 0.004047 101
2258 0.004442 101
2259 0.002789 101
2260 0.003827 101
2261 0.006641 101
2262 0.005321 101
2263 0.006001 101
2264 0.005771 101
2265 0.005186 101
2266 0.005362 101
2267 0.001679 101
2268 0.002000 101
2269 0.002812 101
2270 0.003350 101
2271 0.003076 101
2272 0.001697 101
2273 0.000315 101
2274 0.002662 101
2275 0.001798 101
2276 0.002102 101
2277 0.003726 101
2278 0.005594 101
2279 0.005647 101
2280 0.004022 101
2281 0.004702 101
2282 0.008358 101
2283 0.013074 101
2284 0.019183 101
2285 0.019605 101
2286 0.019568 101
2287 0.021247 101
2288 0.016494 101
2289 0.017954 101
2290 0.019883 101
2291 0.022589 101
2292 0.016188 101
2293 0.014915 101
2294 0.016663 101
2295 0.020683 101
2296 0.021063 101
2297 0.019347 101
2298 0.017715 101
2299 0.015440 101
2300 0.002905 98
2301 0.005448 98
2302 0.003552 98
2303 0.003418 98
2304 0.000962 98
2305 0.003543 98
2306 0.004824 98
2307 0.004071 98
2308 0.004246 98
2309 0.002633 98
2310 0.004157 98
2311 0.004393 98
2312 0.004444 98
2313 0.007611 98
2314 0.006483 98
2315 0.005125 98
2316 0.003590 98
2317 0.002578 98
2318 0.004173 98
2319 0.002815 98
2320 0.004130 98
2321 0.001987 98
2322 0.002138 98
2323 0.002895 98
2324 0.001682 98
2325 0.001704 98
2326 0.002958 98
2327 0.003596 98
2328 0.004375 98
2329 0.008195 98
2330 0.003812 98
2331 0.005837 98
2332 0.009453 98
2333 0.014065 98
2334 0.015616 98
2335 0.015692 98
2336 0.016274 98
2337 0.013954 98
2338 0.015846 98
2339 0.017860 98
2340 0.016831 98
2341 0.016772 98
2342 0.019263 98
2343 0.019739 98
2344 0.021968 98
2345 0.019052 98
2346 0.017610 98
2347 0.017975 98
2348 0.019524 98
2349 0.018872 98
2350 0.004516 85
2351 2.301689 85
2352 1.585215 85
2353 23.321891 85
2354 3.540649 85
2355 2.850463 85
2356 26.301997 85
2357 102.240097 85
2358 81.942877 85
2359 150.076864 85
2360 49.068072 85
2361 126.479723 85
2362 174.731714 85
2363 102.029853 85
2364 86.567776 85
2365 79.127705 85
2366 185.694725 85
2367 129.247673 85
2368 209.883858 85
2369 35.364665 85
2370 203.673606 85
2371 128.411356 85
2372 38.267447 85
2373 150.140631 85
2374 76.172147 85
2375 211.792354 85
2376 80.852452 85
2377 123.770363 85
2378 66.297575 85
2379 165.537913 85
2380 48.319181 85
2381 142.392722 85
2382 47.524532 85
2383 2.073099 85
2384 4.774056 85
2385 5.510903 85
2386 2.189022 85
2387 4.853033 85
2388 5.232466 85
2389 27.820624 85
2390 3.444671 85
2391 4.527142 85
2392 1.177255 85
2393 2.982049 85
2394 3.166540 85
2395 1.932227 85
2396 3.735106 85
2397 4.809854 85
2398 1.763430 85
2399 4.468607 85
2400 2.270234 116
2401 5.110586 116
2402 4.455104 116
2403 5.141965 116
2404 5.060971 116
2405 4.740006 116
2406 4.972173 116
2407 4.620954 116
2408 5.537841 116
2409 5.234643 116
2410 1.089483 116
2411 0.010415 116
2412 1.495292 116
2413 2.660576 116
2414 1.193488 116
2415 2.496276 116
2416 1.985243 116
2417 3.548927 116
2418 4.229695 116
2419 5.024728 116
2420 2.248328 116
2421 0.000000 116
2422 0.000000 116
2423 0.000000 116
2424 0.000000 116
2425 0.000000 116
2426 0.000000 116
2427 0.000000 116
2428 0.000000 116
2429 0.000000 116
2430 0.000000 116
2431 0.000000 116
2432 1.192545 116
2433 0.947562 116
2434 2.741474 116
2435 11.611021 116
2436 3.820152 116
2437 1.846113 116
2438 2.212354 116
2439 3.318895 116
2440 3.558901 116
2441 0.008611 116
2442 0.014239 116
2443 0.021158 116
2444 2.145687 116
2445 5.313616 116
2446 14.425675 116
2447 286.646821 116
2448 3.913054 116
2449 3.615359 116
2450 0.395915 113
2451 0.491342 113
2452 0.530466 113
2453 1.125190 113
2454 3.820887 113
2455 68.119091 113
2456 151.511933 113
2457 0.092168 113
2458 1.180120 113
2459 3.437065 113
2460 0.907715 113
2461 8.308557 113
2462 15.738083 113
2463 4.177186 113
2464 2.656413 113
2465 3.977002 113
2466 1.133368 113
2467 3.196385 113
2468 4.561749 113
2469 1.570072 113
2470 1.033763 113
2471 0.405205 113
2472 1.213875 113
2473 0.012724 113
2474 1.643912 113
2475 0.943966 113
2476 1.723198 113
2477 2.294101 113
2478 11.599426 113
2479 3.434959 113
2480 0.279674 113
2481 3.733636 113
2482 1.615143 113
2483 1.988116 113
2484 1.368293 113
2485 3.355457 113
2486 1.919875 113
2487 16.724987 113
2488 1.626610 113
2489 7.562387 113
2490 0.764800 113
2491 3.172754 113
2492 1.815906 113
2493 1.403798 113
2494 1.887227 113
2495 1.802044 113
2496 1.113264 113
2497 88.029692 113
2498 1.191885 113
2499 2.102552 113
2500 1.305609 108
2501 1.818284 108
2502 0.007347 108
2503 0.244390 108
2504 2.100691 108
2505 3.519092 108
2506 1.737264 108
2507 6.090696 108
2508 1.294315 108
2509 0.000426 108
2510 2.114509 108
2511 2.345419 108
2512 1.485811 108
2513 16.698307 108
2514 1.388719 108
2515 2.032880 108
2516 4.389207 108
2517 1.340977 108
2518 1.730438 108
2519 0.000000 108
2520 2.020056 108
2521 1.882145 108
2522 2.606582 108
2523 1.630188 108
2524 1.302440 108
2525 1.321591 108
2526 1.366203 108
2527 1.502309 108
2528 7.030913 108
2529 5.659832 108
2530 4.435831 108
2531 1.315136 108
2532 34.578886 108
2533 51.619928 108
2534 1.449590 108
2535 2.375093 108
2536 0.948534 108
2537 1.829159 108
2538 1.426812 108
2539 2.264968 108
2540 2.267217 108
2541 1.960290 108
2542 2.088768 108
2543 0.678312 108
2544 1.010593 108
2545 2.655337 108
2546 2.509354 108
2547 2.005500 108
2548 27.732304 108
2549 1.912539 108
2550 1.499558 101
2551 1.323002 101
2552 0.171883 101
2553 2.169503 101
2554 0.000000 101
2555 3.665362 101
2556 1.626628 101
2557 1.872583 101
2558 1.079891 101
2559 1.086177 101
2560 0.953372 101
2561 1.361935 101
2562 0.788570 101
2563 0.000000 101
2564 0.000000 101
2565 0.000000 101
2566 0.000000 101
2567 0.000000 101
2568 0.000000 101
2569 0.000000 101
2570 0.000000 101
2571 0.000000 101
2572 0.000000 101
2573 0.000000 101
2574 0.000000 101
2575 0.000000 101
2576 0.000000 101
2577 0.000000 101
2578 0.000000 101
2579 0.000000 101
2580 0.000000 101
2581 0.000000 101
2582 0.000000 101
2583 0.000000 101
2584 0.000000 101
2585 0.000000 101
2586 0.000000 101
2587 0.000000 101
2588 0.000000 101
2589 0.000000 101
2590 0.000000 101
2591 0.000000 101
2592 0.000000 101
2593 0.000000 101
2594 0.000000 101
2595 0.000000 101
2596 0.000000 101
2597 0.000000 101
2598 0.000000 101
2599 0.000000 101
2600 0.000000 105
2601 0.000000 105
2602 0.000000 105
2603 0.000000 105
2604 0.000000 105
2605 0.000000 105
2606 0.000000 105
2607 0.000000 105
2608 0.000000 105
2609 0.000000 105
2610 0.000000 105
2611 0.000000 105
2612 0.000000 105
2613 0.000000 105
2614 0.000000 105
2615 0.000000 105
2616 0.000000 105
2617 0.000000 105
2618 0.000000 105
2619 0.000000 105
2620 0.000000 105
2621 0.000000 105
2622 0.000000 105
2623 0.000000 105
2624 0.000000 105
2625 0.000000 105
2626 0.000000 105
2627 0.000000 105
2628 0.000000 104
2629 0.000000 104
2630 0.000000 104
2631 0.000000 104
2632 0.000000 104
2633 0.000000 104
2634 0.000000 104
2635 0.000000 104
2636 0.000000 104
2637 0.000000 104
2638 0.000000 104
2639 0.000000 104
2640 0.000000 104
2641 0.000000 104
2642 0.000000 104
2643 0.000000 104
2644 0.000000 104
2645 0.000000 104
2646 0.000000 104
2647 0.000000 104
2648 0.000000 104
2649 0.000000 104
2650 0.002823 104
2651 0.000000 104
2652 0.000000 104
2653 0.000000 104
2654 0.000000 104
2655 0.000000 104
2656 0.000000 104
2657 0.000000 104
2658 0.000000 104
2659 0.000000 104
2660 0.000000 104
2661 0.000000 104
2662 0.000000 104
2663 4.911078 104
2664 6.781204 104
2665 2.538379 104
2666 8.875503 104
2667 0.001597 104
2668 0.005912 104
2669 0.006390 104
2670 0.002150 104
2671 0.005732 104
2672 0.004814 104
2673 0.002861 104
2674 1.810102 104
2675 0.000000 104
2676 0.000000 104
2677 0.000000 104
2678 0.000000 104
2679 0.000000 104
2680 0.000000 104
2681 0.000000 104
2682 0.000000 104
2683 0.000000 104
2684 0.000000 104
2685 0.000000 104
2686 0.000000 104
2687 0.000000 104
2688 0.000000 104
2689 0.000000 104
2690 0.000000 104
2691 0.000000 104
2692 0.000000 104
2693 0.000000 104
2694 0.000000 104
2695 0.000000 104
2696 0.000000 104
2697 0.000000 104
2698 0.000000 104
2699 0.000000 104
2700 0.000000 103
2701 0.000218 103
2702 0.000000 103
2703 0.001160 103
2704 0.002318 103
2705 0.009390 103
2706 0.006509 103
2707 0.011243 103
2708 0.000202 103
2709 0.000000 103
2710 0.000000 103
2711 3.802662 103
2712 3.302644 103
2713 3.485335 103
2714 42.503866 103
2715 3.525259 103
2716 210.448587 103
2717 4.154134 103
2718 78.266161 103
2719 1.898895 103
2720 1.951646 103
2721 26.242982 103
2722 3.948546 103
2723 2.703767 103
2724 3.685719 103
2725 4.159073 103
2726 4.065092 103
2727 4.139447 103
2728 4.392727 103
2729 14.690219 103
2730 170.968133 103
2731 4.121740 103
2732 4.200642 103
2733 227.082310 103
2734 4.013925 103
2735 7.273409 103
2736 2.634412 103
2737 7.680306 103
2738 4.186060 103
2739 4.608664 103
2740 4.334290 103
2741 3.929235 103
2742 4.876774 103
2743 43.744917 103
2744 4.337127 103
2745 4.135505 103
2746 14.082214 103
2747 2.661420 103
2748 25.734356 103
2749 2.710090 103
2750 8.077382 95
2751 4.244026 95
2752 7.220006 95
2753 3.539790 95
2754 2.216900 95
2755 5.822515 95
2756 2.223896 95
2757 2.212577 95
2758 1.903855 95
2759 1.908064 95
2760 1.093543 95
2761 1.136011 95
2762 1.022555 95
2763 1.343468 95
2764 1.054393 95
2765 1.039130 95
2766 1.083498 95
2767 1.085197 95
2768 1.079317 95
2769 1.096012 95
2770 1.267420 95
2771 1.367153 95
2772 1.372130 95
2773 1.092651 95
2774 1.064411 95
2775 1.046495 95
2776 1.631411 95
2777 1.121647 95
2778 1.390947 95
2779 1.156071 95
2780 1.264737 95
2781 1.088222 95
2782 1.324068 95
2783 1.228764 95
2784 1.205437 95
2785 1.802504 95
2786 1.834468 95
2787 1.196012 95
2788 2.925514 95
2789 1.488854 95
2790 1.903093 95
2791 1.953056 95
2792 2.311108 95
2793 3.080773 95
2794 1.981139 95
2795 1.842620 95
2796 1.869530 95
2797 1.890348 95
2798 1.892077 95
2799 2.209835 95
2800 1.860435 100
2801 2.556520 100
2802 2.063116 100
2803 2.472281 100
2804 2.562556 100
2805 2.152815 100
2806 2.200683 100
2807 2.823304 100
2808 1.740949 100
2809 2.335911 100
2810 2.113156 100
2811 2.023082 100
2812 1.864768 100
2813 2.099497 100
2814 1.974044 100
2815 1.978995 100
2816 4.221631 100
2817 3.575170 100
2818 4.523707 100
2819 0.000183 100
2820 0.000278 100
2821 0.000168 100
2822 0.001695 100
2823 0.006939 100
2824 0.014946 100
2825 0.008340 100
2826 0.010127 100
2827 0.000257 100
2828 0.000000 100
2829 0.000000 100
2830 0.000000 100
2831 0.000000 100
2832 0.000000 100
2833 0.000000 100
2834 0.000000 100
2835 0.000000 100
2836 0.000000 100
2837 0.000000 100
2838 0.000000 100
2839 4.312769 100
2840 8.480891 100
2841 9.352111 100
2842 3.538408 100
2843 6.493059 100
2844 8.803465 100
2845 8.105327 100
2846 2.628482 100
2847 5.155510 100
2848 5.398355 100
2849 5.411818 100
2850 1.875220 106
2851 4.538501 106
2852 4.769956 106
2853 4.176040 106
2854 3.075145 106
2855 7.626090 106
2856 8.519304 106
2857 3.436037 106
2858 5.926777 106
2859 5.550153 106
2860 5.819304 106
2861 1.157891 106
2862 3.630984 106
2863 1.566520 106
2864 3.419049 106
2865 3.410194 106
2866 6.482960 106
2867 23.151155 106
2868 8.743596 106
2869 2.656995 106
2870 5.514257 106
2871 5.725204 106
2872 6.230873 106
2873 0.157806 106
2874 0.142366 106
2875 0.117098 106
2876 0.131417 106
2877 0.151934 106
2878 0.136534 106
2879 0.151772 106
2880 0.171632 106
2881 0.231419 106
2882 0.228153 106
2883 0.263170 106
2884 0.246659 106
2885 0.302714 106
2886 0.240095 106
2887 0.223708 106
2888 0.264773 106
2889 0.374794 106
2890 0.311521 106
2891 0.691895 106
2892 0.696428 106
2893 1.012108 106
2894 3.614572 106
2895 3.413620 106
2896 8.877643 106
2897 102.345930 106
2898 3.744715 106
2899 4.272272 106
2900 1.424176 85
2901 3.170699 85
2902 3.398406 85
2903 3.190558 85
2904 1.924235 85
2905 4.829848 85
2906 4.779393 85
2907 4.552975 85
2908 1.556129 85
2909 3.133903 85
2910 3.077120 85
2911 2.395515 85
2912 4.455014 85
2913 4.603951 85
2914 4.212324 85
2915 4.372476 85
2916 2.815121 85
2917 6.666143 85
2918 7.588473 85
2919 7.462201 85
2920 1.425183 85
2921 4.791972 85
2922 5.329360 85
2923 1.719947 85
2924 3.974116 85
2925 3.981829 85
2926 4.238196 85
2927 2.732678 85
2928 7.747347 85
2929 7.062282 85
2930 7.368319 85
2931 1.114515 85
2932 4.020765 85
2933 4.059727 85
2934 4.377057 85
2935 1.075084 85
2936 3.180313 85
2937 2.353139 85
2938 8.366945 85
2939 9.801080 85
2940 9.307894 85
2941 9.555840 85
2942 9.826076 85
2943 10.170496 85
2944 2.776144 85
2945 5.389207 85
2946 5.390968 85
2947 5.752718 85
2948 4.318890 85
2949 5.223781 85
2950 2.074728 97
2951 4.249850 97
2952 4.445449 97
2953 1.464281 97
2954 3.842493 97
2955 1.554313 97
2956 3.747347 97
2957 3.507847 97
2958 1.578138 97
2959 3.793996 97
2960 3.910059 97
2961 3.941139 97
2962 1.973973 97
2963 5.746950 97
2964 5.818077 97
2965 2.312363 97
2966 6.748631 97
2967 7.007471 97
2968 6.588639 97
2969 24.877717 97
2970 31.454579 97
2971 1.861705 97
2972 0.581000 97
2973 4.380615 97
2974 3.701507 97
2975 3.371876 97
2976 9.100995 97
2977 9.603285 97
2978 2.651337 97
2979 5.941399 97
2980 5.796899 97
2981 1.136206 97
2982 2.566337 97
2983 1.806930 97
2984 5.208157 97
2985 1.765590 97
2986 4.033896 97
2987 4.759421 97
2988 2.200899 97
2989 5.633887 97
2990 1.518658 97
2991 2.425607 97
2992 4.795217 97
2993 3.796448 97
2994 11.320051 97
2995 1.954844 97
2996 5.975257 97
2997 2.398785 97
2998 7.208296 97
2999 0.003290 97
3000 0.007213 102
3001 0.706170 102
3002 0.007273 102
3003 0.036988 102
3004 0.036587 102
3005 0.034912 102
3006 0.041230 102
3007 0.057273 102
3008 41.810924 102
3009 283.854348 102
3010 103.908763 102
3011 505.883361 102
3012 158.322975 102
3013 445.458971 102
3014 223.585567 102
3015 271.325697 102
3016 398.697238 102
3017 558.905810 102
3018 106.522214 102
3019 130.310244 102
3020 65.656917 102
3021 249.001973 102
3022 1.287357 102
3023 2.505884 102
3024 2.673261 102
3025 2.274508 102
3026 6.977485 102
3027 0.000000 102
3028 0.000000 102
3029 0.000000 102
3030 1.133676 102
3031 1.792332 102
3032 1.994402 102
3033 5.200261 102
3034 3.016112 102
3035 7.372664 102
3036 69.941282 102
3037 79.086337 102
3038 82.812244 102
3039 4.109614 102
3040 10.405390 102
3041 2.881984 102
3042 6.400577 102
3043 2.501600 102
3044 10.376711 102
3045 3.523870 102
3046 8.490298 102
3047 8.028822 102
3048 2.886336 102
3049 7.460862 102
3050 2.484308 93
3051 6.902380 93
3052 2.075758 93
3053 4.048366 93
3054 3.365398 93
3055 2.388892 93
3056 5.992771 93
3057 0.965892 93
3058 2.437927 93
3059 2.078122 93
3060 1.767293 93
3061 3.844271 93
3062 0.000000 93
3063 0.000000 93
3064 0.000000 93
3065 0.000000 93
3066 0.000000 93
3067 3.110575 93
3068 8.703857 93
3069 2.327889 93
3070 2.633708 93
3071 4.404800 93
3072 4.588647 93
3073 4.549190 93
3074 4.416803 93
3075 4.534289 93
3076 4.660981 93
3077 4.444445 93
3078 4.334576 93
3079 4.376211 93
3080 4.638350 93
3081 4.478446 93
3082 4.400503 93
3083 4.680254 93
3084 4.465904 93
3085 4.587880 93
3086 4.503975 93
3087 8.547362 93
3088 6.778456 93
3089 12.951142 93
3090 101.464470 93
3091 19.083544 93
3092 7.385399 93
3093 8.147056 93
3094 11.817985 93
3095 13.828158 93
3096 9.565157 93
3097 0.529191 93
3098 0.883219 93
3099 0.895248 93
3100 0.320922 98
3101 0.826176 98
3102 0.789422 98
3103 0.751452 98
3104 0.796406 98
3105 0.792481 98
3106 0.753088 98
3107 0.812205 98
3108 0.695048 98
3109 2.356395 98
3110 2.093229 98
3111 25.986121 98
3112 1.486520 98
3113 474.901805 98
3114 19.127844 98
3115 2.240081 98
3116 3.691554 98
3117 6.163975 98
3118 4.492622 98
3119 4.923060 98
3120 37.543286 98
3121 1.169482 98
3122 4.601322 98
3123 3.682399 98
3124 1.018424 98
3125 0.925640 98
3126 1.928440 98
3127 2.284504 98
3128 1.813273 98
3129 1.842949 98
3130 1.852480 98
3131 1.982463 98
3132 0.802775 98
3133 5.170938 98
3134 8.080228 98
3135 7.901684 98
3136 7.673131 98
3137 8.041521 98
3138 7.878505 98
3139 4.731142 98
3140 7.107030 98
3141 6.936735 98
3142 11.145143 98
3143 10.310722 98
3144 10.886130 98
3145 13.689524 98
3146 6.933039 98
3147 2.611370 98
3148 3.706439 98
3149 3.823934 98
3150 2.963141 103
3151 6.212950 103
3152 3.028785 103
3153 5.307289 103
3154 26.022934 103
3155 7.728253 103
3156 4.545235 103
3157 32.107241 103
3158 9.420997 103
3159 8.998880 103
3160 5.233203 103
3161 3.452180 103
3162 5.384386 103
3163 317.275706 103
3164 11.926161 103
3165 16.369852 103
3166 3.804860 103
3167 3.034767 103
3168 4.446095 103
3169 5.151418 103
3170 5.075605 103
3171 10.226976 103
3172 9.149664 103
3173 11.512993 103
3174 6.875215 103
3175 5.507049 103
3176 6.287633 103
3177 13.390950 103
3178 5.429247 103
3179 5.913631 103
3180 7.252797 102
3181 8.456192 103
3182 7.604712 103
3183 7.568072 103
3184 7.169208 103
3185 5.414967 103
3186 0.000000 103
3187 0.000000 103
3188 0.000000 103
3189 0.000000 103
3190 0.000000 103
3191 0.000000 103
3192 2.999795 103
3193 92.666616 103
3194 8.120399 103
3195 6.874686 103
3196 2.623013 103
3197 4.795121 103
3198 5.212460 103
3199 3.889478 103
3200 3.461037 109
3201 6.429482 109
3202 15.280049 109
3203 15.503347 109
3204 13.800202 109
3205 13.453038 109
3206 3.925366 109
3207 14.399097 109
3208 4.184179 109
3209 10.180767 109
3210 0.948986 109
3211 76.477213 109
3212 1.246987 109
3213 3.356943 109
3214 18.075595 109
3215 3.414546 109
3216 6.846955 109
3217 10.042742 109
3218 11.398827 109
3219 13.664575 109
3220 17.585753 109
3221 13.829878 109
3222 5.018840 109
3223 10.590623 109
3224 10.450227 109
3225 10.144382 109
3226 1.427268 109
3227 1.952499 109
3228 1.988876 109
3229 4.276418 109
3230 1.813500 109
3231 1.927544 109
3232 3.344773 109
3233 5.995405 109
3234 57.324803 109
3235 2.807953 109
3236 2.492400 109
3237 1.670379 109
3238 4.290533 109
3239 3.431740 109
3240 2.150245 109
3241 5.942921 109
3242 8.899590 109
3243 5.407704 109
3244 1.934313 109
3245 1.721558 109
3246 0.153160 109
3247 0.163404 109
3248 0.217860 109
3249 6.093554 109
3250 1.575282 108
3251 3.238098 108
3252 3.601543 108
3253 3.630621 108
3254 1.642242 108
3255 2.861371 108
3256 1.689293 108
3257 2.088916 108
3258 2.383644 108
3259 2.234684 108
3260 2.667948 108
3261 10.251410 108
3262 2.457453 108
3263 0.788251 108
3264 2.209255 108
3265 4.762797 108
3266 2.006274 108
3267 3.581115 108
3268 4.392597 108
3269 3.800196 108
3270 4.143055 108
3271 4.827877 108
3272 0.759118 108
3273 10.239973 108
3274 5.395696 108
3275 26.504795 108
3276 1.870863 108
3277 2.847020 108
3278 3.138209 108
3279 8.132313 108
3280 2.457625 108
3281 1.686215 108
3282 23.668388 108
3283 4.637090 108
3284 4.821591 108
3285 1.570387 108
3286 4.200424 108
3287 4.487099 108
3288 5.064936 108
3289 6.154556 108
3290 1.374931 108
3291 4.477933 108
3292 2.225379 108
3293 4.235113 108
3294 2.135105 108
3295 39.452625 108
3296 4.276194 108
3297 0.425958 108
3298 8.647976 108
3299 1.000165 108
3300 2.056609 118
3301 0.891077 118
3302 97.096645 118
3303 190.058356 118
3304 187.769952 118
3305 193.795816 118
3306 0.228633 118
3307 0.203099 118
3308 0.260843 118
3309 0.316880 118
3310 0.370645 118
3311 3.940546 118
3312 5.983538 118
3313 6.139100 118
3314 4.488032 118
3315 7.270204 118
3316 8.728734 118
3317 75.225200 118
3318 37.438410 118
3319 64.288468 118
3320 69.036634 118
3321 69.903906 118
3322 3.910434 118
3323 4.149950 118
3324 6.856137 118
3325 12.579245 118
3326 5.470832 118
3327 1.663092 118
3328 2.212799 118
3329 39.364851 118
3330 3.297306 118
3331 31.765260 118
3332 3.435424 118
3333 3.751859 118
3334 8.500263 118
3335 0.210430 118
3336 7.308369 118
3337 4.119712 118
3338 7.082861 118
3339 2.638254 118
3340 17.622152 118
3341 1.756589 118
3342 1.184659 118
3343 4.110107 118
3344 4.093335 118
3345 3.392115 118
3346 8.429511 116
3347 8.335712 118
3348 4.064941 118
3349 1.726967 118
3350 4.718789 84
3351 0.776545 84
3352 1.416500 84
3353 2.092797 84
3354 1.827279 84
3355 6.682813 84
3356 11.871913 84
3357 25.443693 84
3358 24.372188 84
3359 3.098544 84
3360 1.460600 84
3361 6.831446 84
3362 1.391129 84
3363 6.039303 84
3364 11.341755 84
3365 12.664400 84
3366 10.690101 84
3367 7.448932 84
3368 4.978464 84
3369 214.362036 84
3370 2.195084 84
3371 2.266162 84
3372 6.357904 84
3373 5.485994 84
3374 1.254669 84
3375 2.974374 84
3376 7.674260 84
3377 4.379579 84
3378 2.442309 84
3379 7.205152 84
3380 5.740453 84
3381 1.748188 84
3382 3.755295 84
3383 3.855106 84
3384 1.708102 84
3385 5.755577 84
3386 6.136753 84
3387 1.443255 84
3388 1.683838 84
3389 3.643356 84
3390 3.304840 84
3391 63.999016 84
3392 160.514130 84
3393 227.554108 84
3394 9.831125 84
3395 14.316533 84
3396 19.105819 84
3397 20.097388 84
3398 0.000000 84
3399 2.822245 84
3400 3.116246 93
3401 2.066190 93
3402 1.766198 93
3403 8.328579 93
3404 1.921701 93
3405 6.521233 93
3406 5.395956 93
3407 1.476692 93
3408 1.232019 93
3409 2.364045 93
3410 6.496481 93
3411 5.185275 93
3412 2.987601 93
3413 2.512723 93
3414 5.253387 93
3415 6.290706 93
3416 4.393379 93
3417 2.419561 93
3418 6.517744 93
3419 5.062005 93
3420 2.228164 93
3421 5.927772 93
3422 5.038359 93
3423 27.884313 93
3424 51.095593 93
3425 63.163663 93
3426 3.226452 93
3427 4.034760 93
3428 4.116742 93
3429 4.156130 93
3430 2.639427 93
3431 5.223906 93
3432 6.550308 93
3433 2.585509 93
3434 7.127567 93
3435 5.102664 93
3436 2.526109 93
3437 6.652372 93
3438 6.007301 93
3439 1.635755 93
3440 4.342894 93
3441 2.316181 93
3442 5.695156 93
3443 5.918849 93
3444 33.316735 93
3445 20.561516 93
3446 5.489055 93
3447 38.081405 93
3448 33.312497 93
3449 17.556261 93
3450 29.503964 114
3451 2.937725 114
3452 6.924842 114
3453 13.742277 114
3454 11.939740 114
3455 2.947103 114
3456 7.284262 114
3457 7.289257 114
3458 1.828890 114
3459 2.277913 114
3460 6.334284 114
3461 1.141745 114
3462 1.538175 114
3463 1.672552 114
3464 1.387288 114
3465 2.738577 114
3466 1.793527 114
3467 2.090294 114
3468 2.140402 114
3469 5.357143 114
3470 13.106085 114
3471 3.022439 114
3472 0.000000 114
3473 0.000000 114
3474 2.983644 114
3475 2.603921 114
3476 5.147057 114
3477 6.370375 114
3478 0.640704 114
3479 0.794582 114
3480 8.392244 114
3481 23.105573 114
3482 13.857781 114
3483 2.732068 114
3484 5.420223 114
3485 6.796305 114
3486 13.764498 114
3487 1.962352 114
3488 2.475333 114
3489 2.580640 114
3490 4.864818 114
3491 15.763982 114
3492 2.414748 114
3493 6.342056 114
3494 5.739245 114
3495 2.687827 114
3496 6.700925 114
3497 5.365349 114
3498 2.788480 114
3499 6.823339 114
3500 2.206114 97
3501 1.901114 97
3502 6.234976 97
3503 5.659172 97
3504 2.152136 97
3505 5.086404 97
3506 7.069676 97
3507 2.405639 97
3508 5.632107 97
3509 6.493054 97
3510 2.535386 97
3511 7.044428 97
3512 5.303528 97
3513 0.000000 97
3514 0.000000 97
3515 0.000000 97
3516 4.205867 97
3517 2.746614 97
3518 7.167852 97
3519 5.901817 97
3520 478.691901 97
3521 2.782766 97
3522 5.871360 97
3523 6.904574 97
3524 2.904073 97
3525 7.402911 97
3526 5.931661 97
3527 0.872963 97
3528 1.299332 97
3529 1.634047 97
3530 1.565240 97
3531 2.917866 97
3532 5.641057 97
3533 7.468700 97
3534 16.517375 97
3535 2.637402 97
3536 5.970378 97
3537 7.177924 97
3538 4.475273 97
3539 1.297374 97
3540 1.625110 97
3541 8.180812 97
3542 2.187440 97
3543 2.261863 97
3544 3.167974 97
3545 1.714512 97
3546 5.200604 97
3547 2.558861 97
3548 3.485298 97
3549 2.077684 97
3550 1.864590 105
3551 3.276636 105
3552 2.327825 105
3553 2.726105 105
3554 29.209676 105
3555 4.067709 105
3556 5.868685 105
3557 28.618221 105
3558 1.992392 105
3559 2.494097 105
3560 12.506077 105
3561 160.400638 105
3562 1.638646 105
3563 4.995809 105
3564 9.656720 105
3565 1.764453 105
3566 0.239217 105
3567 4.496263 105
3568 1.533863 105
3569 4.268281 105
3570 2.321737 105
3571 5.344264 105
3572 1.212113 105
3573 0.641087 105
3574 1.872628 105
3575 6.148754 105
3576 4.631076 105
3577 2.037909 105
3578 11.920508 105
3579 117.674979 105
3580 1.867581 105
3581 14.115160 105
3582 0.644000 105
3583 0.991406 105
3584 3.616783 105
3585 21.106948 105
3586 38.016284 105
3587 3.403511 105
3588 5.050192 105
3589 1.469369 105
3590 1.961209 105
3591 0.869354 105
3592 12.237984 105
3593 33.723600 105
3594 2.050014 105
3595 7.411810 105
3596 1.971640 105
3597 5.235480 105
3598 1.241397 105
3599 4.189066 105
3600 4.097716 94
3601 17.439561 94
3602 0.000559 94
3603 3.348382 94
3604 0.252868 94
3605 1.291768 94
3606 0.886396 94
3607 1.914445 94
3608 10.894939 94
3609 1.654705 94
3610 5.989504 94
3611 0.000000 94
3612 1.624332 94
3613 1.727119 94
3614 2.790622 94
3615 8.264332 94
3616 6.380684 94
3617 11.930247 94
3618 1.233006 94
3619 2.511348 94
3620 13.809891 94
3621 1.691918 94
3622 13.188664 94
3623 1.615174 94
3624 12.991964 94
3625 3.609310 94
3626 2.208710 94
3627 2.829393 94
3628 1.485768 94
3629 1.407764 94
3630 15.289009 94
3631 5.738307 94
3632 1.722288 94
3633 1.660559 94
3634 4.109931 94
3635 6.218480 94
3636 0.832128 94
3637 1.344639 94
3638 97.308273 94
3639 3.110439 94
3640 14.925494 94
3641 4.177141 94
3642 5.410691 94
3643 3.064418 94
3644 0.301633 94
3645 3.167910 94
3646 1.437718 94
3647 54.050468 94
3648 0.014812 94
3649 3.346479 94
3650 3.702985 113
3651 4.104333 113
3652 1.081104 113
3653 2.658604 113
3654 0.715926 113
3655 0.564077 113
3656 2.198106 113
3657 0.007590 113
3658 0.189149 113
3659 13.426153 113
3660 51.350176 113
3661 4.438834 113
3662 15.834149 113
3663 4.689948 113
3664 1.370608 113
3665 2.676123 113
3666 12.129162 113
3667 7.820081 113
3668 10.317035 113
3669 2.097756 113
3670 27.616706 113
3671 5.346709 113
3672 0.759745 113
3673 3.560911 113
3674 2.471493 113
3675 2.866604 113
3676 33.062114 113
3677 94.366783 113
3678 0.025006 113
3679 1.511264 113
3680 1.864399 113
3681 2.321438 113
3682 2.883100 113
3683 2.271432 113
3684 0.000000 113
3685 1.474875 113
3686 0.939532 113
3687 18.092149 113
3688 2.369426 113
3689 0.229716 113
3690 2.722693 113
3691 253.222730 113
3692 0.803228 113
3693 3.314395 113
3694 2.247418 113
3695 22.105787 113
3696 2.113304 113
3697 6.278373 113
3698 2.333894 113
3699 0.726975 113
3700 0.843845 101
3701 2.026329 101
3702 6.769831 101
3703 2.553177 101
3704 1.431736 101
3705 1.794602 101
3706 0.894723 101
3707 5.022382 101
3708 0.343329 101
3709 3.137761 101
3710 3.562523 101
3711 0.170158 101
3712 9.064042 101
3713 1.624203 101
3714 4.035502 101
3715 3.298230 101
3716 1.982814 101
3717 1.405133 101
3718 1.812355 101
3719 2.233364 101
3720 0.015347 101
3721 2.360193 101
3722 9.722246 101
3723 0.637426 101
3724 2.336234 101
3725 2.003300 101
3726 2.764671 101
3727 2.019396 101
3728 1.419803 101
3729 2.368416 101
3730 2.137339 101
3731 7.118067 101
3732 13.215924 101
3733 2.656237 101
3734 2.534785 101
3735 15.352281 101
3736 2.461076 101
3737 1.308717 101
3738 86.258427 101
3739 1.752759 101
3740 2.896598 101
3741 2.488824 101
3742 2.590326 101
3743 2.491729 101
3744 17.856720 101
3745 7.201350 101
3746 1.274723 101
3747 2.903103 101
3748 1.475955 101
3749 0.000000 101
3750 6.701901 112
3751 2.053745 112
3752 6.452949 112
3753 0.604520 112
3754 1.902771 112
3755 1.428785 112
3756 14.742164 112
3757 2.408667 112
3758 2.747814 112
3759 1.414590 112
3760 1.459879 112
3761 2.082941 112
3762 0.066201 112
3763 1.648030 112
3764 2.369284 112
3765 2.568810 112
3766 0.442787 112
3767 0.000000 112
3768 16.901610 112
3769 1.722662 112
3770 2.081831 112
3771 1.373438 112
3772 2.150995 112
3773 5.794833 112
3774 6.099061 112
3775 1.546375 112
3776 0.007069 112
3777 2.681712 112
3778 347.565158 112
3779 1.881572 112
3780 2.477012 112
3781 19.034869 112
3782 67.972654 112
3783 22.444493 112
3784 2.012371 112
3785 2.543654 112
3786 0.000000 112
3787 2.524966 112
3788 0.085990 112
3789 13.625336 112
3790 3.220792 112
3791 3.220846 112
3792 2.791055 112
3793 2.627306 112
3794 2.546076 112
3795 4.426354 112
3796 1.088450 112
3797 2.946730 112
3798 3.200742 112
3799 2.922622 112
3800 1.539269 107
3801 2.302998 107
3802 0.093877 107
3803 3.869729 107
3804 3.434520 107
3805 3.446881 107
3806 2.809597 107
3807 2.176312 107
3808 3.144376 107
3809 10.821178 107
3810 1.548921 107
3811 1.120521 107
3812 1.689356 107
3813 0.628738 107
3814 5.928450 107
3815 3.322324 107
3816 1.818918 107
3817 1.817939 107
3818 2.107955 107
3819 2.778331 107
3820 6.454845 107
3821 0.241363 107
3822 7.380357 107
3823 2.370003 107
3824 14.535919 107
3825 18.072612 107
3826 0.435374 107
3827 3.551673 107
3828 1.426248 107
3829 1.089319 107
3830 20.706790 107
3831 2.587822 107
3832 20.096207 107
3833 1.525073 107
3834 3.128878 107
3835 2.140850 107
3836 3.517098 107
3837 35.255674 107
3838 52.662346 107
3839 3.938059 107
3840 0.000000 107
3841 2.666657 107
3842 41.408862 107
3843 3.908433 107
3844 1.573705 107
3845 1.866272 107
3846 1.917334 107
3847 14.367335 107
3848 1.251781 107
3849 0.968846 107
3850 1.934675 105
3851 4.467020 105
3852 1.393744 105
3853 1.777890 105
3854 1.725868 105
3855 1.798496 105
3856 1.427303 105
3857 2.495697 105
3858 0.024431 105
3859 4.821792 105
3860 3.034201 105
3861 3.766524 105
3862 1.357413 105
3863 2.005811 105
3864 2.757970 105
3865 32.652327 105
3866 2.856909 105
3867 5.211718 105
3868 2.741926 105
3869 2.270643 105
3870 3.441468 105
3871 1.718611 105
3872 1.312964 105
3873 1.669289 105
3874 2.005892 105
3875 1.745539 105
3876 1.277137 105
3877 4.035771 105
3878 3.296172 105
3879 1.990692 105
3880 2.126448 105
3881 2.281809 105
3882 7.738674 105
3883 3.103140 105
3884 3.184292 105
3885 0.871719 105
3886 0.657439 105
3887 3.354290 105
3888 51.367429 105
3889 17.080467 105
3890 6.168463 105
3891 7.031741 105
3892 2.010770 105
3893 2.552861 105
3894 0.000000 105
3895 5.553169 105
3896 9.391616 105
3897 3.488425 105
3898 1.643180 105
3899 2.667881 105
3900 91.251448 113
3901 1.610685 113
3902 3.121137 113
3903 2.616710 113
3904 1.610458 113
3905 1.648695 113
3906 0.000000 113
3907 1.093151 113
3908 3.546236 113
3909 0.278914 113
3910 2.584205 113
3911 1.542575 113
3912 1.497066 113
3913 2.505641 113
3914 2.531796 113
3915 2.196591 113
3916 1.897152 113
3917 2.299368 113
3918 1.053236 113
3919 0.418843 113
3920 0.000000 113
3921 0.000000 113
3922 0.927724 113
3923 1.897470 113
3924 7.873102 113
3925 1.878549 113
3926 24.501088 113
3927 12.041387 113
3928 1.616528 113
3929 49.022362 113
3930 1.982547 113
3931 3.503705 113
3932 0.807766 113
3933 1.662967 113
3934 3.177311 113
3935 2.401021 113
3936 2.672175 113
3937 2.561076 113
3938 1.184621 113
3939 14.570892 113
3940 0.041988 113
3941 4.041328 113
3942 2.369086 113
3943 0.961014 113
3944 2.008382 113
3945 38.776232 113
3946 2.009327 113
3947 2.476325 113
3948 2.211359 113
3949 15.083473 113
3950 1.073513 120
3951 2.083345 120
3952 5.163929 120
3953 0.427266 120
3954 1.556220 120
3955 38.150132 120
3956 53.325806 120
3957 2.267079 120
3958 1.864000 120
3959 5.726768 120
3960 0.000000 120
3961 1.570361 120
3962 1.593303 120
3963 2.125123 120
3964 5.562032 120
3965 17.941662 120
3966 3.290130 120
3967 13.248647 120
3968 0.879569 120
3969 0.380921 120
3970 17.312017 120
3971 3.114636 120
3972 2.508018 120
3973 0.000000 120
3974 4.085248 120
3975 1.095210 120
3976 2.092823 120
3977 0.908614 120
3978 3.328398 120
3979 1.029322 120
3980 0.000000 120
3981 3.830148 120
3982 3.375076 120
3983 3.239511 120
3984 1.821052 120
3985 1.059720 120
3986 0.173797 120
3987 1.275462 120
3988 4.610811 120
3989 0.606218 120
3990 2.966491 120
3991 0.490367 120
3992 10.905996 120
3993 0.483551 120
3994 0.481613 120
3995 0.749814 120
3996 0.713512 120
3997 0.675400 120
3998 1.758376 120
3999 1.060102 120
4000 0.282881 114
4001 0.456348 114
4002 3.055308 114
4003 1.757807 114
4004 1.865804 114
4005 2.028358 114
4006 6.638364 114
4007 4.844927 114
4008 0.484558 114
4009 2.060663 114
4010 0.487203 114
4011 1.518723 114
4012 2.807616 114
4013 6.283029 114
4014 2.663094 114
4015 0.366340 114
4016 0.428796 114
4017 1.040671 114
4018 1.196835 114
4019 0.576456 114
4020 3.077377 114
4021 1.938208 114
4022 3.112049 114
4023 4.194337 114
4024 1.418262 114
4025 2.694574 114
4026 1.918767 114
4027 29.658032 114
4028 1.561999 114
4029 1.664379 114
4030 1.620259 114
4031 336.505375 114
4032 131.456919 114
4033 47.039005 114
4034 5.513854 114
4035 31.532060 114
4036 2.237227 114
4037 1.442850 114
4038 9.098054 114
4039 0.786258 114
4040 0.000000 114
4041 3.482739 114
4042 0.959824 114
4043 2.086120 114
4044 0.485061 114
4045 9.152823 114
4046 21.630353 114
4047 2.117316 114
4048 1.471576 114
4049 1.924296 114
4050 2.838720 121
4051 1.341527 121
4052 0.591795 121
4053 2.234659 121
4054 0.898637 121
4055 1.892665 121
4056 1.771293 121
4057 1.042041 121
4058 0.015456 121
4059 0.547368 121
4060 141.802620 121
4061 2.106241 121
4062 1.828501 121
4063 1.911134 121
4064 0.871893 121
4065 2.696700 121
4066 28.964381 121
4067 0.538100 121
4068 9.431687 121
4069 2.763836 121
4070 1.071451 121
4071 2.227950 121
4072 0.741787 121
4073 1.300538 121
4074 1.664452 121
4075 3.245507 121
4076 7.298491 121
4077 2.664100 121
4078 0.464871 121
4079 0.671408 121
4080 2.490204 121
4081 2.750186 121
4082 2.569882 121
4083 3.210755 121
4084 8.015692 121
4085 0.707756 121
4086 4.364913 121
4087 0.497268 121
4088 2.345780 121
4089 3.397754 121
4090 3.381543 121
4091 3.899222 121
4092 12.611137 121
4093 0.102807 121
4094 8.228164 121
4095 3.247097 121
4096 3.884140 121
4097 2.675244 121
4098 1.934749 121
4099 3.303931 121
4100 3.332659 115
4101 0.355728 115
4102 0.377779 115
4103 2.174039 115
4104 2.519991 115
4105 3.621003 115
4106 28.961556 115
4107 0.000000 115
4108 3.634517 115
4109 3.188437 115
4110 0.554533 115
4111 11.466748 115
4112 97.399166 115
4113 2.054978 115
4114 2.203825 115
4115 3.225911 115
4116 6.553596 115
4117 11.813410 114
4118 4.778135 115
4119 23.971212 115
4120 4.376790 115
4121 0.000000 115
4122 8.217777 115
4123 2.320887 115
4124 2.733580 115
4125 6.261626 115
4126 6.207011 115
4127 2.216075 115
4128 2.197806 115
4129 5.529812 115
4130 3.401423 115
4131 4.427541 115
4132 0.741689 115
4133 1.874747 115
4134 0.000000 115
4135 0.000000 115
4136 4.133331 115
4137 2.980140 115
4138 3.929718 115
4139 4.536204 115
4140 1.415412 115
4141 3.274058 115
4142 2.399538 115
4143 3.728928 115
4144 1.126174 115
4145 2.987578 115
4146 2.975177 115
4147 3.002159 115
4148 3.280933 115
4149 8.021874 115
4150 1.018215 113
4151 4.782245 113
4152 1.441806 113
4153 1.092102 113
4154 5.443126 113
4155 4.430852 113
4156 3.062577 113
4157 2.032930 113
4158 3.756386 113
4159 9.989999 113
4160 1.852846 113
4161 32.385892 113
4162 15.430503 113
4163 13.371636 113
4164 3.390741 113
4165 0.005652 113
4166 10.878111 113
4167 4.712048 113
4168 2.777485 113
4169 0.894508 113
4170 1.700369 113
4171 1.756211 113
4172 9.223895 113
4173 18.542260 113
4174 2.652870 113
4175 3.472855 113
4176 10.572133 113
4177 0.923330 113
4178 1.495820 113
4179 2.863457 113
4180 2.839815 113
4181 4.101634 113
4182 4.155407 113
4183 34.624878 113
4184 10.750528 113
4185 5.021991 113
4186 2.444897 113
4187 3.387071 113
4188 9.027586 113
4189 0.707241 113
4190 5.323339 113
4191 16.122716 113
4192 1.741848 113
4193 2.102954 113
4194 1.066482 113
4195 3.358312 113
4196 0.562339 113
4197 6.509789 113
4198 3.032144 113
4199 3.208922 113
4200 1.188127 119
4201 3.097514 119
4202 2.411341 119
4203 4.567236 119
4204 9.520809 119
4205 9.652634 119
4206 8.496295 119
4207 7.858297 119
4208 10.044579 119
4209 9.557558 119
4210 1.462083 119
4211 4.666818 119
4212 4.142416 119
4213 1.630944 119
4214 5.069355 119
4215 8.984495 119
4216 4.193028 119
4217 1.245483 119
4218 3.081247 119
4219 9.472412 119
4220 0.988191 119
4221 2.521647 119
4222 107.857468 119
4223 0.000000 119
4224 2.619227 119
4225 1.806346 119
4226 1.379318 119
4227 4.629968 119
4228 4.379861 119
4229 1.640968 119
4230 3.716875 119
4231 3.591144 119
4232 2.113747 119
4233 1.659426 119
4234 1.348293 119
4235 2.850287 119
4236 0.730280 119
4237 0.642063 119
4238 2.065315 119
4239 1.731981 119
4240 3.611233 119
4241 3.354836 119
4242 1.597525 119
4243 4.041159 119
4244 3.720842 119
4245 4.029861 119
4246 1.657649 119
4247 0.651395 119
4248 1.095181 119
4249 1.252400 119
4250 0.980590 103
4251 1.076109 103
4252 3.380687 103
4253 3.730286 103
4254 3.286135 103
4255 3.202380 103
4256 3.203455 103
4257 3.686303 103
4258 2.920054 103
4259 3.601014 103
4260 4.376653 103
4261 4.975334 103
4262 3.297328 103
4263 3.307475 103
4264 3.864024 103
4265 2.610227 103
4266 5.031158 103
4267 3.356745 103
4268 5.555695 103
4269 6.788054 103
4270 8.699146 103
4271 9.370967 103
4272 10.857302 103
4273 10.850527 103
4274 0.000000 103
4275 0.000000 103
4276 0.000000 102
4277 0.000000 102
4278 0.067907 102
4279 1.167110 102
4280 3.182236 102
4281 3.932242 102
4282 0.396280 102
4283 2.594580 102
4284 1.180251 102
4285 15.510853 102
4286 1.253400 102
4287 3.647327 102
4288 0.453228 102
4289 12.347181 102
4290 5.774150 102
4291 14.014626 102
4292 12.775617 102
4293 13.659271 102
4294 13.717365 102
4295 14.144757 102
4296 14.173389 102
4297 13.633451 102
4298 0.000000 102
4299 12.360061 102
4300 3.205098 105
4301 7.904074 105
4302 7.660630 105
4303 6.843325 105
4304 7.670385 105
4305 8.557649 105
4306 0.637214 105
4307 2.949400 105
4308 7.750188 105
4309 9.210874 105
4310 2.825940 105
4311 4.656456 105
4312 8.879572 105
4313 9.305461 105
4314 8.793699 105
4315 9.373402 105
4316 8.963081 105
4317 4.658921 105
4318 30.265551 105
4319 1.613592 105
4320 1.259328 105
4321 1.321074 105
4322 1.594753 105
4323 1.521372 105
4324 1.828163 105
4325 0.935682 105
4326 13.509661 105
4327 2.924585 105
4328 7.886810 105
4329 0.785891 105
4330 12.139088 105
4331 1.204685 105
4332 1.679648 105
4333 1.052086 105
4334 3.567009 105
4335 1.227325 105
4336 0.581152 105
4337 1.091513 105
4338 1.342689 105
4339 3.331582 105
4340 2.076341 105
4341 1.306821 105
4342 1.593338 105
4343 1.016082 105
4344 0.004360 105
4345 0.004912 105
4346 0.004678 105
4347 0.005495 105
4348 0.005294 105
4349 0.003380 105
4350 0.002941 104
4351 1.548542 104
4352 0.502679 104
4353 1.843467 104
4354 1.273957 104
4355 0.751623 104
4356 3.120248 104
4357 2.230128 104
4358 0.455731 104
4359 0.322696 104
4360 0.000000 104
4361 0.000000 104
4362 0.000000 104
4363 0.000000 104
4364 0.000000 104
4365 0.000000 104
4366 0.000000 104
4367 0.000000 104
4368 0.000000 104
4369 0.000000 104
4370 0.000000 104
4371 0.000000 104
4372 0.000000 104
4373 0.000000 104
4374 0.000000 104
4375 0.000000 104
4376 0.000000 104
4377 0.000000 104
4378 0.000000 104
4379 3.900313 104
4380 6.905083 104
4381 16.864064 104
4382 8.789384 104
4383 15.883773 104
4384 5.979536 104
4385 5.701960 104
4386 8.361623 104
4387 6.301410 104
4388 290.036518 104
4389 2.456065 104
4390 4.409013 104
4391 10.735477 103
4392 70.613271 104
4393 8.987507 104
4394 2.935687 104
4395 5.662451 104
4396 5.039625 104
4397 7.559466 104
4398 6.292908 104
4399 5.819575 104
4400 2.366687 88
4401 5.050703 88
4402 5.378979 88
4403 6.966968 88
4404 5.287257 88
4405 6.211362 88
4406 3.338527 88
4407 3.620673 88
4408 3.486723 88
4409 4.309765 88
4410 3.409764 88
4411 2.871320 88
4412 3.417876 88
4413 1.775303 88
4414 21.583405 88
4415 3.992875 88
4416 89.639443 88
4417 0.781429 88
4418 12.717980 88
4419 35.659199 88
4420 2.540079 88
4421 0.761286 88
4422 26.139169 88
4423 15.877333 88
4424 2.203278 88
4425 0.758322 88
4426 11.951354 88
4427 31.669421 88
4428 1.583934 88
4429 6.921272 88
4430 2.070053 88
4431 1.959687 88
4432 41.912346 88
4433 9.122452 88
4434 1.964133 88
4435 44.857467 88
4436 2.522977 88
4437 1.905208 88
4438 40.850944 88
4439 43.452158 88
4440 3.632446 88
4441 1.690469 88
4442 38.335304 88
4443 4.225290 88
4444 53.171149 88
4445 0.994244 88
4446 13.198531 88
4447 2.342324 88
4448 46.277202 88
4449 1.282758 88
4450 5.484259 101
4451 27.234182 101
4452 1.888910 101
4453 2.319877 101
4454 0.864754 101
4455 1.727201 101
4456 1.506861 101
4457 5.096970 101
4458 2.248826 101
4459 5.012231 101
4460 3.833981 101
4461 11.154691 101
4462 3.636501 101
4463 5.615993 101
4464 1.346819 101
4465 3.406359 101
4466 3.151361 101
4467 2.198724 101
4468 2.816882 101
4469 6.665414 101
4470 1.520153 101
4471 2.562476 101
4472 4.796220 101
4473 17.837929 101
4474 40.327337 101
4475 2.835417 101
4476 6.508271 101
4477 14.336984 101
4478 1.675879 101
4479 1.737209 101
4480 7.316710 101
4481 1.349449 101
4482 1.404148 101
4483 0.002124 101
4484 1.056718 101
4485 2.237122 101
4486 2.660150 101
4487 4.202456 101
4488 2.759346 101
4489 1.779669 101
4490 3.418162 101
4491 4.021915 101
4492 19.789145 101
4493 4.138438 101
4494 2.753578 101
4495 0.535831 101
4496 5.749068 101
4497 3.080236 101
4498 3.789630 101
4499 17.219428 101
