0 1.939161 118
1 0.663297 118
2 0.819127 118
3 0.867831 118
4 0.658949 118
5 19.999992 118
6 1.796797 118
7 2.009966 117
8 1.788186 118
9 0.921432 118
10 2.216076 118
11 1.570983 118
12 6.194585 118
13 2.278186 118
14 5.427788 118
15 1.970585 118
16 1.986297 118
17 1.747958 118
18 1.643686 118
19 0.659752 117
20 0.641940 117
21 1.813831 118
22 0.524496 117
23 2.308025 118
24 1.124419 117
25 1.514458 118
26 2.090695 118
27 2.163610 118
28 2.404771 118
29 1.967763 118
30 0.710949 118
31 1.904144 118
32 1.591678 118
33 1.652559 118
34 1.114880 117
35 1.024581 117
36 1.189415 118
37 1.726178 118
38 0.552627 118
39 0.651880 117
40 0.607009 117
41 1.334703 118
42 1.802339 118
43 1.467873 118
44 0.848897 117
45 1.551068 118
46 0.570000 117
47 1.219297 118
48 0.306462 117
49 4.069636 118
50 1.466991 116
51 1.873440 116
52 1.358552 116
53 1.762569 116
54 2.786672 116
55 2.616060 116
56 1.300983 115
57 1.716897 116
58 2.528621 116
59 1.750914 116
60 12.072621 116
61 2.412914 116
62 2.045595 116
63 1.719233 116
64 1.682250 116
65 2.092698 116
66 2.480466 116
67 2.285629 116
68 2.608828 116
69 1.404224 116
70 0.514722 115
71 0.442461 115
72 0.400670 115
73 1.700293 116
74 1.142552 116
75 0.735233 116
76 0.595522 115
77 0.476991 115
78 0.520704 115
79 0.482365 115
80 0.521548 115
81 0.524878 115
82 1.194664 116
83 1.288164 116
84 0.675096 115
85 1.392948 116
86 0.569061 115
87 0.444583 115
88 0.497270 115
89 6.019043 116
90 1.131905 116
91 19.856759 116
92 1.526129 116
93 1.330181 116
94 0.983103 116
95 0.856224 116
96 2.288371 116
97 1.210336 116
98 0.461397 116
99 0.426670 115
100 0.510376 93
101 0.233710 93
102 0.302634 93
103 0.486376 93
104 1.358108 93
105 0.498000 93
106 0.580204 93
107 1.399742 93
108 0.672720 93
109 1.522172 93
110 1.068161 93
111 1.911151 93
112 4.936441 93
113 1.431882 93
114 0.501293 92
115 0.408957 92
116 1.603742 93
117 1.050645 93
118 0.583075 93
119 0.459613 93
120 1.747075 93
121 1.255602 93
122 14.109989 93
123 1.273581 93
124 1.145269 93
125 1.427731 93
126 1.147516 93
127 1.267247 93
128 1.169043 93
129 1.931065 93
130 1.309882 93
131 1.426226 93
132 1.422011 93
133 1.759731 93
134 0.391871 93
135 0.382849 93
136 1.672538 93
137 1.519000 93
138 0.471796 93
139 0.411957 93
140 1.007430 93
141 1.774452 93
142 0.810849 93
143 1.231226 93
144 1.472935 93
145 1.314742 93
146 1.768269 93
147 1.395978 93
148 1.853484 93
149 2.317667 93
150 1.156571 98
151 0.914878 98
152 2.108316 98
153 2.660235 98
154 1.844276 98
155 1.388133 98
156 3.287173 98
157 1.620316 98
158 2.108745 98
159 1.950806 98
160 15.577398 98
161 1.422439 98
162 2.608051 98
163 2.682316 98
164 1.935796 98
165 0.411250 96
166 0.522281 96
167 1.146878 98
168 0.331980 98
169 19.999949 98
170 19.999629 97
171 2.782878 98
172 16.458204 98
173 13.948175 97
174 11.990837 98
175 10.683959 97
176 9.822330 97
177 8.808062 97
178 8.205577 97
179 13.514196 97
180 6.977134 97
181 4.996732 97
182 4.176062 97
183 3.461134 97
184 2.739155 97
185 2.256773 97
186 1.870021 97
187 10.712753 97
188 1.875546 97
189 0.828763 97
190 0.629649 97
191 9.514247 97
192 0.800093 97
193 0.443124 97
194 0.453299 97
195 9.603577 97
196 0.541495 97
197 0.200505 97
198 0.236515 97
199 0.195381 97
200 16.550719 96
201 14.413632 95
202 13.961842 95
203 13.765800 95
204 13.720305 95
205 12.942663 95
206 12.499463 95
207 11.659663 95
208 14.066177 96
209 10.404979 95
210 9.985989 95
211 9.589947 95
212 8.736621 95
213 7.920484 95
214 7.047347 95
215 6.006537 95
216 5.780179 95
217 4.594968 94
218 3.994234 94
219 2.901191 94
220 2.054660 94
221 1.266394 94
222 0.775149 94
223 0.258415 94
224 0.372415 94
225 0.323181 94
226 0.261426 94
227 8.962447 94
228 0.551532 94
229 0.228479 94
230 0.648255 94
231 9.057734 94
232 0.617415 94
233 0.271011 94
234 0.223043 94
235 0.268617 94
236 0.246670 94
237 0.235043 94
238 0.211511 94
239 0.231447 94
240 0.412989 95
241 0.452564 94
242 0.430702 94
243 0.450809 94
244 0.206894 94
245 0.272351 94
246 0.214213 94
247 9.041181 94
248 0.738043 94
249 0.236989 94
250 16.573567 97
251 14.697598 97
252 13.726515 97
253 15.494804 97
254 12.936660 97
255 11.870010 97
256 11.032361 97
257 10.233866 97
258 9.608268 97
259 8.981732 97
260 7.959247 97
261 7.148237 97
262 6.930072 97
263 6.931691 97
264 6.334330 97
265 5.318897 97
266 4.508918 97
267 4.232330 97
268 3.152423 97
269 2.047299 97
270 1.290845 97
271 9.483753 97
272 9.782258 97
273 9.628031 97
274 9.602598 97
275 9.708639 97
276 0.668639 97
277 0.268495 97
278 0.477804 97
279 8.472649 97
280 0.995196 97
281 0.635526 97
282 0.652361 97
283 0.435454 97
284 0.416557 97
285 0.427990 97
286 0.218216 97
287 0.246371 97
288 0.217258 97
289 0.559351 97
290 0.433289 97
291 8.345639 97
292 0.782784 97
293 0.505918 97
294 0.445093 97
295 0.423000 97
296 0.438897 97
297 0.239814 97
298 0.228299 97
299 0.241072 97
300 16.698780 100
301 14.715168 101
302 14.244830 100
303 13.467770 100
304 13.254050 100
305 12.502980 100
306 11.674680 100
307 10.694420 100
308 10.085880 100
309 9.270890 100
310 8.114790 100
311 7.692160 100
312 6.925780 100
313 6.550030 100
314 6.107653 101
315 4.923450 100
316 4.129287 101
317 3.910160 100
318 3.181850 100
319 2.279340 100
320 1.238120 100
321 0.863250 100
322 0.789460 100
323 0.485240 100
324 0.283290 100
325 0.267910 100
326 0.242310 100
327 0.393560 100
328 0.442500 100
329 0.455580 100
330 0.473970 100
331 0.523290 100
332 0.458710 100
333 0.474450 100
334 0.564760 100
335 0.475460 100
336 0.492680 100
337 0.660820 100
338 9.109830 100
339 0.860290 100
340 0.249520 100
341 0.643540 100
342 0.629270 100
343 0.427257 101
344 0.421530 100
345 0.391020 100
346 0.244030 100
347 0.234550 100
348 0.420350 100
349 0.249430 100
350 17.718472 108
351 15.835583 108
352 14.003157 108
353 13.413722 108
354 12.850083 108
355 15.295843 108
356 15.414204 108
357 15.420583 108
358 15.481519 108
359 10.372935 108
360 8.434380 108
361 7.881361 108
362 13.630852 108
363 6.876315 108
364 12.971843 108
365 5.400231 108
366 12.247148 108
367 12.341444 108
368 4.176509 108
369 2.464093 108
370 10.662935 108
371 10.511361 108
372 10.141583 108
373 0.827426 108
374 9.524306 108
375 0.766611 108
376 0.501583 108
377 0.420444 108
378 9.457565 108
379 9.779630 108
380 1.103861 108
381 0.705417 108
382 0.488954 108
383 9.066481 108
384 9.459167 108
385 1.271926 108
386 0.428981 108
387 0.396741 108
388 8.635306 108
389 8.796491 108
390 8.595537 108
391 8.270667 108
392 0.481602 108
393 0.209204 108
394 7.823731 108
395 8.073685 108
396 0.640407 108
397 7.416806 108
398 7.537019 108
399 7.351435 108
400 16.615069 101
401 14.339723 101
402 13.004515 101
403 12.177000 101
404 14.236188 101
405 14.495356 101
406 14.538079 101
407 14.494683 101
408 9.947594 101
409 14.201911 101
410 19.826990 101
411 18.824812 101
412 18.818921 101
413 19.999881 101
414 19.999881 101
415 19.800880 100
416 19.999920 100
417 19.999740 100
418 19.999860 100
419 19.999760 100
420 19.999930 100
421 19.999720 100
422 19.999840 100
423 19.999710 100
424 19.999860 100
425 19.999780 100
426 19.999850 100
427 19.801743 101
428 19.999940 100
429 19.801713 101
430 19.999920 100
431 19.801842 101
432 19.999960 100
433 19.999710 100
434 19.999880 100
435 19.999690 100
436 19.801950 101
437 19.999850 100
438 19.801861 101
439 19.999700 100
440 19.999850 100
441 19.999720 100
442 19.999890 100
443 19.999850 100
444 19.999930 100
445 19.999830 100
446 19.999900 100
447 19.999850 100
448 19.999830 100
449 19.999850 100
450 1.410829 105
451 18.862933 105
452 3.318210 105
453 3.233876 105
454 19.342257 105
455 17.732885 104
456 19.589423 104
457 19.809410 105
458 19.239356 104
459 18.232362 105
460 1.201695 105
461 0.970257 105
462 0.304904 104
463 0.590683 104
464 0.308621 103
465 1.151514 105
466 0.578923 104
467 0.544356 104
468 0.565971 104
469 0.370808 104
470 0.548375 104
471 0.630875 104
472 0.609163 104
473 0.587337 104
474 0.512663 104
475 0.576923 104
476 0.677933 104
477 0.598481 104
478 0.563610 105
479 0.543000 104
480 0.565210 105
481 0.570173 104
482 19.809514 105
483 1.074295 105
484 0.258466 103
485 0.253212 104
486 0.914343 105
487 0.416817 104
488 0.237712 104
489 0.896638 105
490 0.810390 105
491 0.231029 104
492 0.185154 104
493 0.747314 105
494 0.227337 104
495 0.227587 104
496 1.683714 105
497 0.304856 104
498 0.911305 105
499 1.023229 105
500 1.177122 115
501 1.585122 115
502 0.428833 114
503 2.821913 115
504 1.681904 115
505 0.918395 114
506 1.103351 114
507 1.054719 114
508 1.608574 115
509 0.433783 115
510 3.513574 115
511 1.520209 115
512 1.249070 115
513 1.173478 115
514 1.571617 115
515 1.464139 115
516 2.418183 115
517 2.027304 115
518 1.269017 115
519 1.281113 115
520 1.245539 115
521 1.359557 115
522 1.196635 115
523 1.387496 115
524 1.923670 115
525 1.490087 115
526 1.469400 115
527 1.735774 115
528 1.477913 115
529 1.290652 115
530 1.823765 115
531 1.349956 114
532 1.784296 115
533 0.700957 115
534 0.717833 114
535 0.695070 115
536 0.667765 115
537 0.587157 115
538 2.255278 115
539 0.645860 114
540 1.280465 114
541 0.607447 114
542 1.387670 115
543 3.177678 115
544 1.307445 110
545 0.989722 115
546 19.826104 115
547 3.058783 115
548 1.464626 115
549 0.865991 114
550 2.679653 101
551 3.760218 101
552 0.852980 101
553 0.782683 101
554 0.677564 101
555 0.764218 101
556 0.990307 101
557 0.848485 101
558 0.779178 101
559 1.738673 101
560 0.868099 101
561 1.117564 101
562 0.576436 101
563 0.698564 101
564 0.624891 101
565 0.975644 101
566 0.715426 101
567 6.763614 101
568 1.721168 101
569 2.473812 101
570 0.476444 99
571 1.823228 101
572 0.591270 100
573 0.637920 100
574 0.710730 100
575 0.724970 100
576 0.563320 100
577 0.649230 100
578 1.613861 101
579 1.389901 101
580 0.964386 101
581 1.090297 101
582 1.007208 101
583 0.933525 101
584 1.002139 101
585 1.009921 101
586 2.441515 101
587 1.881594 101
588 2.066931 101
589 1.259248 101
590 0.554960 100
591 1.604554 101
592 1.834149 101
593 2.634139 101
594 2.159366 101
595 2.253752 101
596 2.224683 101
597 1.805653 101
598 3.189188 101
599 2.437366 101
600 2.277802 111
601 2.034171 111
602 1.707450 111
603 3.361946 111
604 1.810800 110
605 2.074955 110
606 1.944382 110
607 1.900618 110
608 2.802270 111
609 2.311667 111
610 1.527559 111
611 3.268027 111
612 1.934636 110
613 1.935245 110
614 1.600255 110
615 2.033336 110
616 3.163351 111
617 2.262771 109
618 3.589270 111
619 0.997194 108
620 3.424072 111
621 1.811252 111
622 8.935775 111
623 8.270136 110
624 2.744703 111
625 2.954673 110
626 2.038225 111
627 1.387649 111
628 1.307100 110
629 1.417964 110
630 2.304505 111
631 1.370367 109
632 0.617518 110
633 0.587284 109
634 1.468099 111
635 1.086691 110
636 1.639694 111
637 1.929838 111
638 1.781279 111
639 3.093216 111
640 2.743856 111
641 3.151491 110
642 2.854622 111
643 2.941775 111
644 2.073351 111
645 1.795432 111
646 1.306495 111
647 1.388730 111
648 1.428306 111
649 1.308505 111
650 17.867330 106
651 1.696151 106
652 0.544429 105
653 1.577802 106
654 1.677726 106
655 3.504821 106
656 0.900219 105
657 3.176349 106
658 1.771113 106
659 10.306755 106
660 0.999676 105
661 1.728170 106
662 0.755067 105
663 1.391113 106
664 1.684528 106
665 2.850151 106
666 2.827330 106
667 1.648651 106
668 0.775952 105
669 1.390142 106
670 0.500981 105
671 1.678066 106
672 1.493047 106
673 0.990877 106
674 2.934547 106
675 2.904500 106
676 3.246887 106
677 1.058613 106
678 2.093113 106
679 2.976340 106
680 1.849783 106
681 4.783953 106
682 2.231849 106
683 15.026368 106
684 1.181698 106
685 1.342415 106
686 1.245123 106
687 2.560075 106
688 2.710377 106
689 1.301057 106
690 1.404019 106
691 2.187821 106
692 3.072821 106
693 3.173689 106
694 2.472264 106
695 1.469745 106
696 1.179038 106
697 12.532217 106
698 2.902717 106
699 1.092245 106
700 4.115200 95
701 3.798589 95
702 3.226979 95
703 2.310842 95
704 1.948000 95
705 4.422653 95
706 3.425242 95
707 2.095568 95
708 1.854442 95
709 2.291979 95
710 4.339316 95
711 3.324589 95
712 3.339642 95
713 1.659968 95
714 5.840137 95
715 2.032242 95
716 8.007568 95
717 2.662305 95
718 3.592168 95
719 2.834495 95
720 3.086158 95
721 3.161958 95
722 1.770853 95
723 1.843000 95
724 1.598463 95
725 2.370305 95
726 20.000000 95
727 19.999989 94
728 19.999926 94
729 19.999787 94
730 19.999894 94
731 19.999713 94
732 19.999904 94
733 19.999713 94
734 19.999883 94
735 19.789389 95
736 1.041516 95
737 1.582568 95
738 1.454842 95
739 0.611362 94
740 0.462926 94
741 1.044558 95
742 0.230436 94
743 0.241000 94
744 0.913979 95
745 1.216579 95
746 1.159842 95
747 0.434202 94
748 0.437234 94
749 0.656126 95
750 1.975959 97
751 1.755825 97
752 1.327619 97
753 0.453521 96
754 1.501536 97
755 2.268062 97
756 2.541443 97
757 5.074866 97
758 0.952552 96
759 1.211583 96
760 1.182604 96
761 1.360639 97
762 2.818918 97
763 0.462406 96
764 0.498621 95
765 1.929495 97
766 1.448615 96
767 0.371812 96
768 1.955845 97
769 1.524421 95
770 0.471907 97
771 2.432113 97
772 3.418521 96
773 4.431670 97
774 1.653289 97
775 1.454732 97
776 1.764402 97
777 1.304021 97
778 2.933722 97
779 1.503608 97
780 1.167381 97
781 1.313526 97
782 1.131990 97
783 1.696124 97
784 1.359186 97
785 1.188969 97
786 0.639250 96
787 1.318454 97
788 0.414454 97
789 1.528649 97
790 1.572907 97
791 2.687619 97
792 0.442771 96
793 1.070485 97
794 1.448804 97
795 1.454825 97
796 1.289876 97
797 1.685526 97
798 1.412340 97
799 1.306711 97
800 4.224657 108
801 1.341120 108
802 1.502481 108
803 17.742815 108
804 1.061880 108
805 1.482454 108
806 1.270224 107
807 1.628157 108
808 1.476037 108
809 1.347370 108
810 0.533759 108
811 1.261574 108
812 1.734870 108
813 0.332019 107
814 1.281454 108
815 1.603130 108
816 2.438556 108
817 12.204120 108
818 15.183398 108
819 16.911815 108
820 17.339491 108
821 17.736843 108
822 1.243565 108
823 1.094704 108
824 6.543676 108
825 0.904981 108
826 1.058028 108
827 0.883074 108
828 0.970611 108
829 0.885000 108
830 2.086722 108
831 2.171870 108
832 1.525500 108
833 0.995213 108
834 0.874426 108
835 1.177528 108
836 1.074315 108
837 1.042389 108
838 1.001620 108
839 0.753287 108
840 1.846787 108
841 3.732731 108
842 0.674352 108
843 0.699185 108
844 0.793019 108
845 0.774889 108
846 2.028463 108
847 0.676148 108
848 0.672324 108
849 1.395250 108
850 9.067114 105
851 2.327810 105
852 0.842894 104
853 1.305210 105
854 1.364276 105
855 0.369519 104
856 0.505452 104
857 1.377743 105
858 0.572615 104
859 0.404394 104
860 1.143190 105
861 1.463886 105
862 1.454086 105
863 1.980086 105
864 1.498429 105
865 1.365286 105
866 3.170981 104
867 17.312404 104
868 4.797298 104
869 4.882346 104
870 17.992038 104
871 6.794490 104
872 18.244798 104
873 7.575212 104
874 7.250817 104
875 6.812067 105
876 6.102788 104
877 5.618260 104
878 5.416846 104
879 4.816452 104
880 4.412731 104
881 3.908125 104
882 3.787606 104
883 3.529240 104
884 3.173790 105
885 3.125240 104
886 3.128750 104
887 2.542413 104
888 2.485654 104
889 2.291442 104
890 1.931577 104
891 1.888817 104
892 16.838076 105
893 18.328210 105
894 16.863740 104
895 1.857095 105
896 0.472596 104
897 0.421298 104
898 0.767143 105
899 0.278125 104
900 0.712747 99
901 1.482354 99
902 2.767182 99
903 1.780859 99
904 1.833990 99
905 1.610889 99
906 0.488697 99
907 0.496596 99
908 1.455303 99
909 0.707323 99
910 0.534313 99
911 1.378919 99
912 0.517000 99
913 0.435152 99
914 2.326000 99
915 0.516424 99
916 1.096687 99
917 19.999980 99
918 19.999694 98
919 19.999969 98
920 19.999776 98
921 19.999908 98
922 19.795643 98
923 19.999918 97
924 19.999711 97
925 19.999907 97
926 19.999742 97
927 19.999918 97
928 19.999742 97
929 19.999928 97
930 19.999732 97
931 0.917535 99
932 1.393657 99
933 1.023495 99
934 0.553838 99
935 0.622626 99
936 1.596283 99
937 0.826293 99
938 0.645545 99
939 1.362465 99
940 0.232273 99
941 0.226434 99
942 0.232949 99
943 0.202909 99
944 1.029232 99
945 0.554000 99
946 0.236364 99
947 0.260040 99
948 0.857182 99
949 0.205162 99
950 0.637252 103
951 0.488583 103
952 1.290243 103
953 0.823902 102
954 1.780350 103
955 0.773353 102
956 1.281670 103
957 0.362990 102
958 0.497559 102
959 0.465078 102
960 1.363903 103
961 0.500039 102
962 0.346775 102
963 0.328961 102
964 1.519350 103
965 1.309136 103
966 0.391098 102
967 4.698291 103
968 3.158871 101
969 3.129198 101
970 3.327951 102
971 3.384604 101
972 2.232650 103
973 1.007845 103
974 1.073796 103
975 0.320520 102
976 0.979534 103
977 1.285932 103
978 0.918291 103
979 1.082981 103
980 1.243456 103
981 10.857272 103
982 1.021725 102
983 1.880146 103
984 1.342398 103
985 2.656961 103
986 0.857408 103
987 1.574650 103
988 1.240922 103
989 2.716301 103
990 1.140427 103
991 1.358485 103
992 1.235505 103
993 0.825175 103
994 1.061806 103
995 1.264039 103
996 0.852194 103
997 1.166233 103
998 1.118369 103
999 1.285883 103
1000 0.725679 81
1001 1.400802 81
1002 2.257691 81
1003 1.408272 81
1004 1.428185 81
1005 1.252309 81
1006 1.102568 81
1007 1.334173 81
1008 1.921543 81
1009 1.264025 81
1010 1.482333 81
1011 1.541346 81
1012 1.025580 81
1013 1.871679 81
1014 1.234494 81
1015 1.700642 81
1016 1.159963 81
1017 0.358296 81
1018 0.423100 80
1019 0.377225 80
1020 0.373525 80
1021 0.348013 80
1022 0.395413 80
1023 0.404275 80
1024 0.350938 80
1025 0.339437 80
1026 0.376362 80
1027 0.460038 80
1028 0.423088 80
1029 0.371513 80
1030 0.367438 80
1031 0.340987 80
1032 1.303259 81
1033 0.548300 80
1034 0.562650 80
1035 1.272901 81
1036 0.476000 80
1037 1.527802 81
1038 0.573608 79
1039 0.549241 79
1040 1.231802 81
1041 0.526213 80
1042 1.265543 81
1043 1.913111 81
1044 0.394418 79
1045 0.424101 79
1046 1.128914 81
1047 0.299850 80
1048 0.351275 80
1049 5.823802 81
1050 6.340098 102
1051 5.731520 102
1052 5.511147 102
1053 1.001343 102
1054 0.347333 102
1055 1.198706 102
1056 0.516373 102
1057 0.555157 102
1058 1.271500 102
1059 0.570196 102
1060 0.375598 102
1061 2.712578 102
1062 1.557696 102
1063 1.180554 101
1064 1.066406 101
1065 0.637683 101
1066 2.048188 101
1067 0.485168 101
1068 1.025637 102
1069 0.794208 101
1070 0.700873 102
1071 1.240782 101
1072 0.791451 102
1073 0.833931 101
1074 2.109137 102
1075 0.404471 102
1076 0.604471 102
1077 0.601461 102
1078 0.702980 102
1079 1.547343 102
1080 0.857608 102
1081 0.421735 102
1082 0.661069 102
1083 0.782529 102
1084 1.014108 102
1085 0.371706 102
1086 0.453676 102
1087 1.539363 102
1088 1.069255 102
1089 1.131588 102
1090 1.699794 102
1091 1.395039 102
1092 1.300892 102
1093 1.447500 102
1094 1.249049 102
1095 1.095706 102
1096 0.971902 102
1097 0.275059 102
1098 0.280049 102
1099 0.244686 102
1100 1.218198 116
1101 1.293983 116
1102 7.996791 115
1103 1.506672 116
1104 1.195638 116
1105 1.060293 116
1106 1.565784 116
1107 1.238638 116
1108 1.362397 116
1109 0.520452 115
1110 0.517400 115
1111 0.426104 115
1112 6.459129 116
1113 1.849035 115
1114 1.195138 116
1115 1.128638 116
1116 1.146345 116
1117 1.327879 116
1118 1.472534 116
1119 1.541414 116
1120 1.070672 116
1121 0.789456 114
1122 1.326793 116
1123 0.505310 116
1124 0.613617 115
1125 10.731905 116
1126 0.946017 116
1127 0.287165 115
1128 0.273491 116
1129 0.959379 116
1130 1.016319 116
1131 1.275241 116
1132 19.999974 116
1133 19.999739 115
1134 1.113517 116
1135 0.912888 116
1136 0.971783 115
1137 1.051983 116
1138 0.244591 115
1139 2.189871 116
1140 1.186112 116
1141 1.459687 115
1142 1.116474 116
1143 1.384319 116
1144 0.679565 115
1145 1.148483 116
1146 0.813629 116
1147 1.035357 115
1148 1.193336 116
1149 0.778888 116
1150 0.728925 106
1151 0.439934 106
1152 0.377453 106
1153 1.504415 106
1154 0.673571 105
1155 0.728019 105
1156 19.999953 106
1157 19.811085 106
1158 1.231415 106
1159 0.692962 106
1160 1.501575 106
1161 0.639495 105
1162 1.695491 106
1163 0.480714 105
1164 0.454400 105
1165 1.300481 106
1166 1.168226 106
1167 1.259264 106
1168 0.965245 106
1169 0.363349 106
1170 1.667434 106
1171 0.515438 105
1172 1.523075 106
1173 0.563581 105
1174 1.506811 106
1175 0.640924 105
1176 1.398802 106
1177 0.613610 105
1178 1.686906 106
1179 0.529267 105
1180 1.523547 106
1181 0.448058 104
1182 1.311264 106
1183 1.112340 106
1184 1.102330 106
1185 0.287231 104
1186 1.121009 106
1187 1.109075 106
1188 1.781245 106
1189 1.647295 105
1190 2.134547 106
1191 1.085811 106
1192 1.895726 106
1193 0.922425 106
1194 0.411324 105
1195 0.949189 106
1196 0.373305 105
1197 0.998358 106
1198 1.282368 106
1199 0.381415 106
1200 1.314604 106
1201 0.620245 106
1202 1.364340 106
1203 0.270019 106
1204 1.456283 106
1205 0.329057 106
1206 1.746821 106
1207 0.809321 106
1208 0.608500 106
1209 0.572198 106
1210 11.805038 106
1211 2.821500 106
1212 6.521142 106
1213 1.251632 106
1214 2.177311 106
1215 1.901840 106
1216 1.107160 106
1217 0.966481 106
1218 0.951330 106
1219 2.746755 106
1220 1.324962 106
1221 15.890953 106
1222 1.353736 106
1223 0.842198 106
1224 0.953528 106
1225 10.393349 106
1226 1.178726 106
1227 6.603000 106
1228 0.601538 106
1229 0.510142 106
1230 1.936132 106
1231 0.934547 106
1232 0.631264 106
1233 0.761594 106
1234 0.875094 106
1235 2.133708 106
1236 0.746594 106
1237 0.846594 106
1238 0.756255 106
1239 0.704217 106
1240 0.251726 106
1241 1.216104 106
1242 0.783057 106
1243 16.363708 106
1244 0.755066 106
1245 2.756226 106
1246 2.390585 106
1247 1.152840 106
1248 1.040425 106
1249 1.127349 106
1250 3.633283 106
1251 1.465406 106
1252 0.559848 105
1253 0.390590 105
1254 2.100557 106
1255 1.616264 106
1256 0.515524 105
1257 3.073075 106
1258 0.773472 106
1259 1.432925 106
1260 1.321472 106
1261 1.820292 106
1262 2.067151 106
1263 1.365774 106
1264 1.896292 106
1265 1.794151 106
1266 0.403808 104
1267 1.636019 106
1268 2.408406 106
1269 1.340472 106
1270 0.536238 105
1271 0.501848 105
1272 0.421124 105
1273 0.420610 105
1274 0.520267 105
1275 0.563248 105
1276 0.431762 105
1277 3.558000 106
1278 20.000000 106
1279 0.781387 106
1280 1.475840 106
1281 1.059311 106
1282 1.325009 106
1283 1.169670 106
1284 1.026123 106
1285 1.027038 106
1286 0.171295 105
1287 0.236790 105
1288 0.518915 106
1289 0.196811 106
1290 5.481849 106
1291 1.230019 106
1292 1.253160 106
1293 0.768170 106
1294 0.984245 106
1295 1.304075 106
1296 0.668283 106
1297 0.672396 106
1298 1.725557 106
1299 0.697896 106
1300 1.180556 108
1301 0.582213 108
1302 0.502954 108
1303 1.731528 108
1304 0.728925 107
1305 1.818157 108
1306 5.687602 108
1307 1.759731 108
1308 0.641159 107
1309 0.607981 107
1310 1.231500 108
1311 0.460822 107
1312 0.433514 107
1313 0.348981 108
1314 2.379065 107
1315 1.424287 108
1316 0.385598 107
1317 1.410352 108
1318 1.287194 108
1319 0.394374 107
1320 1.110796 108
1321 0.369664 107
1322 14.643222 108
1323 7.582701 107
1324 1.387778 108
1325 1.474565 108
1326 2.064741 108
1327 8.883759 108
1328 1.257176 108
1329 3.739611 108
1330 1.829324 108
1331 1.425500 108
1332 1.255889 108
1333 1.203657 108
1334 2.063509 108
1335 0.923196 107
1336 0.709523 107
1337 0.875139 108
1338 0.681551 107
1339 0.851290 107
1340 0.600168 107
1341 1.130701 107
1342 0.714093 107
1343 0.433065 108
1344 0.701907 107
1345 0.506111 108
1346 0.410000 107
1347 0.343953 107
1348 0.348327 107
1349 0.577710 107
1350 1.659182 99
1351 1.245949 99
1352 1.183889 99
1353 1.533253 99
1354 1.227273 99
1355 1.146394 99
1356 1.423606 99
1357 1.264788 99
1358 1.346758 99
1359 1.349273 99
1360 1.248727 99
1361 1.241899 99
1362 1.272556 99
1363 0.990384 99
1364 1.358192 99
1365 1.260889 99
1366 0.957384 99
1367 1.065000 99
1368 1.124091 99
1369 0.871687 99
1370 1.006253 99
1371 0.750152 99
1372 0.740374 99
1373 0.959323 99
1374 0.824081 99
1375 0.817394 99
1376 1.169717 99
1377 1.286808 99
1378 0.870778 99
1379 0.975980 99
1380 0.949485 99
1381 0.571424 99
1382 0.699333 99
1383 1.030848 99
1384 0.799556 99
1385 0.734000 99
1386 1.947566 99
1387 1.365184 98
1388 0.715418 98
1389 0.804735 98
1390 0.674378 98
1391 0.846102 98
1392 1.037694 98
1393 2.014551 98
1394 0.997714 98
1395 0.843704 98
1396 0.549000 98
1397 0.742990 98
1398 0.565908 98
1399 0.657969 98
1400 1.523702 94
1401 1.054968 93
1402 2.233819 94
1403 0.663516 93
1404 0.592681 94
1405 0.703538 93
1406 0.480634 93
1407 1.818849 93
1408 0.685882 93
1409 0.596839 93
1410 0.744806 93
1411 0.849602 93
1412 0.554817 93
1413 0.816223 94
1414 0.890151 93
1415 0.496570 93
1416 0.892602 93
1417 1.906777 94
1418 1.547022 93
1419 0.883355 93
1420 0.951925 93
1421 0.611817 93
1422 0.460882 93
1423 0.431538 93
1424 1.672660 94
1425 0.789624 93
1426 0.481387 93
1427 0.801280 93
1428 0.498731 93
1429 0.733634 93
1430 0.572226 93
1431 0.507495 93
1432 0.801160 94
1433 1.112596 94
1434 0.352215 93
1435 19.893638 94
1436 19.999720 93
1437 19.787149 94
1438 19.999667 93
1439 19.999871 93
1440 3.774457 94
1441 0.413479 94
1442 0.897766 94
1443 10.286245 94
1444 0.760763 93
1445 0.549462 93
1446 0.471462 93
1447 0.993763 93
1448 0.460710 93
1449 1.021202 94
1450 1.289756 90
1451 0.805200 90
1452 0.692044 90
1453 0.713122 90
1454 19.556378 90
1455 3.816778 90
1456 1.658989 90
1457 1.693467 90
1458 1.104534 88
1459 14.138322 90
1460 1.596111 90
1461 0.393112 89
1462 1.764722 90
1463 0.926045 89
1464 2.256900 90
1465 1.196079 89
1466 0.393371 89
1467 0.582090 89
1468 1.898156 90
1469 1.567767 90
1470 1.615567 90
1471 1.586400 90
1472 0.558483 89
1473 0.634854 89
1474 1.288022 90
1475 0.711289 90
1476 1.237056 90
1477 0.431899 89
1478 1.561411 90
1479 1.208889 90
1480 1.113056 90
1481 1.233289 90
1482 1.280789 90
1483 1.404822 90
1484 1.407333 90
1485 2.266100 90
1486 1.135622 90
1487 1.278433 90
1488 1.539178 90
1489 1.424589 90
1490 1.212367 90
1491 1.227378 90
1492 1.506200 90
1493 1.098722 90
1494 1.435933 90
1495 3.335022 90
1496 1.325256 90
1497 1.569289 90
1498 1.040200 90
1499 1.421811 90
1500 2.790882 102
1501 1.259706 102
1502 2.510314 102
1503 1.541637 102
1504 1.545451 102
1505 1.520137 102
1506 1.240971 102
1507 1.548118 102
1508 1.936275 102
1509 1.320578 102
1510 1.569304 102
1511 2.191627 102
1512 2.197412 102
1513 2.374716 102
1514 2.199676 102
1515 1.578706 102
1516 0.503941 101
1517 2.379363 102
1518 4.703088 102
1519 6.242436 101
1520 19.885574 101
1521 1.647716 102
1522 0.504188 101
1523 0.567396 101
1524 0.255733 101
1525 0.394901 101
1526 0.833050 101
1527 0.234618 102
1528 0.601363 102
1529 0.545578 102
1530 0.618520 102
1531 0.507784 102
1532 1.243078 102
1533 0.420396 101
1534 0.317158 101
1535 0.330050 101
1536 4.805608 102
1537 0.580198 101
1538 0.684267 101
1539 0.661515 101
1540 1.676559 102
1541 1.097990 102
1542 1.119921 101
1543 1.110594 101
1544 1.076406 101
1545 1.097971 102
1546 1.340020 102
1547 1.349755 102
1548 1.813520 102
1549 0.477922 102
1550 1.084265 117
1551 1.536889 117
1552 1.634453 117
1553 1.563402 117
1554 1.676256 117
1555 1.790393 117
1556 3.621068 117
1557 1.546385 117
1558 1.307803 117
1559 1.108812 117
1560 1.020017 117
1561 1.759846 117
1562 1.233880 117
1563 1.475171 117
1564 1.662060 117
1565 0.519120 117
1566 0.606385 117
1567 0.567051 117
1568 8.319017 117
1569 6.720915 117
1570 7.860316 117
1571 1.205940 117
1572 0.841991 117
1573 1.448487 117
1574 0.838966 117
1575 13.040333 117
1576 1.291906 117
1577 1.234615 117
1578 1.259000 117
1579 1.226624 117
1580 1.322256 117
1581 0.519581 117
1582 0.370872 117
1583 0.363487 117
1584 2.493385 117
1585 1.785085 117
1586 19.658239 117
1587 19.827517 116
1588 19.599795 117
1589 19.634767 116
1590 19.751181 116
1591 19.523543 116
1592 19.367793 116
1593 19.521129 116
1594 19.517448 116
1595 19.291983 116
1596 18.937741 116
1597 19.078517 116
1598 0.418444 117
1599 0.165803 117
1600 0.833000 110
1601 1.193455 110
1602 0.559436 110
1603 0.513918 110
1604 0.530809 110
1605 1.079073 110
1606 0.303764 110
1607 0.281200 110
1608 0.979109 110
1609 0.295209 110
1610 0.309664 110
1611 0.984300 110
1612 0.361536 110
1613 1.070782 110
1614 0.484564 110
1615 0.988427 110
1616 0.466655 110
1617 0.508927 110
1618 0.487264 110
1619 0.527682 110
1620 1.457145 110
1621 0.596636 110
1622 0.561764 110
1623 1.404555 110
1624 1.184555 110
1625 0.390582 110
1626 1.152509 110
1627 0.385291 110
1628 1.067227 110
1629 0.378211 109
1630 1.835700 110
1631 0.941409 110
1632 1.287091 110
1633 0.627827 110
1634 0.948036 110
1635 1.760100 110
1636 1.359555 110
1637 0.955973 110
1638 0.894055 110
1639 1.048882 110
1640 0.767818 110
1641 0.839882 110
1642 0.715409 110
1643 0.285891 110
1644 0.701127 110
1645 0.313682 110
1646 1.131327 110
1647 0.349486 109
1648 1.193227 110
1649 0.937700 110
1650 0.941302 96
1651 1.857354 96
1652 1.638812 96
1653 1.795563 96
1654 19.136292 96
1655 1.869479 96
1656 1.137240 96
1657 1.801927 96
1658 1.777885 96
1659 1.481000 96
1660 0.912000 96
1661 1.154677 96
1662 1.536927 96
1663 1.294187 96
1664 2.893208 96
1665 0.879663 95
1666 0.778053 95
1667 2.401990 96
1668 0.507798 94
1669 0.458074 94
1670 1.800479 96
1671 0.395105 95
1672 17.969684 95
1673 17.068347 95
1674 18.358211 95
1675 17.829263 95
1676 18.066926 95
1677 18.453495 95
1678 18.630211 95
1679 14.089347 95
1680 18.399917 96
1681 2.162969 96
1682 0.857125 96
1683 0.336719 96
1684 0.207604 96
1685 1.427990 96
1686 0.796505 95
1687 2.156531 96
1688 1.356094 96
1689 1.111438 96
1690 4.499146 96
1691 1.363062 96
1692 3.739708 96
1693 2.167844 96
1694 1.027375 96
1695 0.415979 96
1696 1.039010 96
1697 0.554463 95
1698 1.334958 96
1699 0.613726 95
1700 1.102653 95
1701 0.505116 95
1702 0.396316 95
1703 4.027695 95
1704 2.263895 95
1705 1.355326 95
1706 0.744660 94
1707 0.783745 94
1708 0.692596 94
1709 0.639266 94
1710 2.152347 95
1711 0.807096 94
1712 0.900926 94
1713 0.800926 94
1714 1.707253 95
1715 6.103063 95
1716 1.776842 95
1717 0.628330 94
1718 0.798957 94
1719 1.959537 95
1720 2.061200 95
1721 1.943368 95
1722 1.795021 95
1723 1.215474 95
1724 1.395316 95
1725 1.816684 95
1726 9.454337 95
1727 3.031484 95
1728 1.844755 94
1729 1.723526 95
1730 1.454842 95
1731 1.264505 95
1732 1.300463 95
1733 2.330568 95
1734 1.196200 95
1735 1.217411 95
1736 1.086916 95
1737 1.055021 95
1738 1.086463 95
1739 1.965863 95
1740 1.295568 95
1741 1.100853 95
1742 5.688379 95
1743 1.633379 95
1744 0.877642 95
1745 1.008295 95
1746 0.885105 95
1747 2.632789 95
1748 3.818811 95
1749 1.777495 95
1750 1.753664 119
1751 1.767513 119
1752 1.282437 119
1753 1.102008 119
1754 0.424908 119
1755 0.368303 119
1756 1.849882 119
1757 1.277437 119
1758 1.418563 119
1759 3.568958 119
1760 1.672950 119
1761 1.399588 119
1762 1.255067 119
1763 1.098462 119
1764 1.233899 119
1765 1.079580 119
1766 0.765639 119
1767 1.205773 119
1768 0.980353 119
1769 1.256832 119
1770 0.697336 119
1771 1.544916 119
1772 2.153697 119
1773 1.110546 119
1774 1.611555 119
1775 1.209555 119
1776 16.652252 119
1777 16.396627 118
1778 16.572254 118
1779 1.218647 119
1780 1.358269 119
1781 1.531067 119
1782 1.619950 119
1783 1.694008 119
1784 2.307983 119
1785 1.255361 119
1786 3.942622 119
1787 8.726513 119
1788 0.980000 119
1789 0.693479 119
1790 0.702277 119
1791 11.022605 119
1792 0.676899 119
1793 0.347857 119
1794 0.356244 119
1795 1.014353 119
1796 0.949504 119
1797 0.382832 119
1798 1.430975 119
1799 1.009756 119
1800 1.440922 115
1801 0.783386 114
1802 2.623600 115
1803 1.784157 115
1804 0.746588 114
1805 1.851383 115
1806 1.779965 115
1807 1.788948 115
1808 1.934487 115
1809 1.867548 115
1810 1.763278 115
1811 16.497113 115
1812 1.692461 115
1813 2.108861 115
1814 0.481937 112
1815 0.512789 114
1816 1.639539 115
1817 1.053200 115
1818 1.529383 115
1819 1.369226 115
1820 1.462078 115
1821 4.580061 114
1822 2.701617 115
1823 0.501693 114
1824 0.383789 114
1825 1.500139 115
1826 1.466304 115
1827 7.829600 115
1828 8.162719 114
1829 8.288272 114
1830 1.123643 115
1831 2.016174 115
1832 1.396617 115
1833 1.508278 115
1834 1.810191 115
1835 1.115035 115
1836 0.627693 114
1837 1.178765 115
1838 1.575130 115
1839 1.098174 115
1840 0.980557 115
1841 1.383157 115
1842 1.386357 115
1843 0.977817 115
1844 1.260157 115
1845 1.045678 115
1846 1.196774 115
1847 11.467522 115
1848 8.137000 115
1849 1.120148 115
1850 1.463252 107
1851 2.024393 107
1852 17.152215 107
1853 1.643701 107
1854 0.490934 106
1855 0.618208 106
1856 2.149710 107
1857 1.815589 107
1858 1.222364 107
1859 0.821336 107
1860 1.185075 107
1861 1.340467 107
1862 8.870682 107
1863 2.199551 107
1864 0.565085 106
1865 0.546701 107
1866 1.505729 107
1867 0.609575 106
1868 2.034860 107
1869 1.353575 106
1870 1.513972 107
1871 1.631664 107
1872 18.144888 107
1873 18.464084 107
1874 18.730636 107
1875 1.503701 107
1876 1.228748 107
1877 1.119047 107
1878 0.309868 106
1879 0.418113 106
1880 0.945028 107
1881 0.621271 107
1882 0.770104 106
1883 0.274821 106
1884 1.278645 107
1885 0.269358 106
1886 0.267057 106
1887 2.912869 107
1888 2.184710 107
1889 0.825776 107
1890 2.188626 107
1891 0.910860 107
1892 0.914121 107
1893 0.931093 107
1894 1.291505 107
1895 0.417349 106
1896 0.615679 106
1897 1.457916 107
1898 1.296673 107
1899 0.741514 107
1900 1.853565 108
1901 1.303083 108
1902 1.823463 108
1903 3.914500 108
1904 2.654019 108
1905 2.592407 108
1906 1.816139 108
1907 2.006150 107
1908 1.900009 108
1909 1.684243 107
1910 1.926150 107
1911 1.599692 107
1912 1.455167 108
1913 0.378368 106
1914 0.501686 105
1915 0.447748 107
1916 0.361781 105
1917 0.422514 105
1918 0.355448 105
1919 0.541868 106
1920 0.549396 106
1921 0.416800 105
1922 0.384133 105
1923 0.373551 107
1924 0.373219 105
1925 0.365642 106
1926 0.481857 105
1927 0.341076 105
1928 0.449486 107
1929 0.615876 105
1930 0.459434 106
1931 0.369509 106
1932 0.423590 105
1933 0.393962 105
1934 0.442953 106
1935 0.358519 106
1936 1.756463 108
1937 0.382673 107
1938 0.358123 106
1939 1.347444 108
1940 0.336698 106
1941 0.356037 107
1942 8.551278 108
1943 1.437954 108
1944 0.770336 107
1945 0.803411 107
1946 0.631953 107
1947 1.174176 108
1948 0.324009 107
1949 15.832290 107
1950 1.054637 102
1951 14.508990 102
1952 1.310265 102
1953 1.355412 102
1954 1.322814 102
1955 0.414108 102
1956 1.287647 102
1957 2.179490 102
1958 1.445892 102
1959 0.658663 101
1960 1.155696 102
1961 1.362588 102
1962 19.999667 102
1963 19.999647 102
1964 1.408824 102
1965 3.711412 102
1966 1.890353 102
1967 1.771265 102
1968 1.019775 102
1969 1.029735 102
1970 1.558127 102
1971 8.573196 102
1972 1.589461 102
1973 1.204706 102
1974 1.664980 102
1975 1.440275 102
1976 1.141961 102
1977 1.275353 102
1978 0.892843 102
1979 2.526176 102
1980 1.620510 102
1981 1.064510 102
1982 0.267248 101
1983 0.247099 101
1984 0.257208 101
1985 2.104833 102
1986 1.083188 101
1987 0.933376 101
1988 1.183559 102
1989 0.252109 101
1990 1.141167 102
1991 0.287360 100
1992 0.404370 100
1993 0.271723 101
1994 1.058157 102
1995 0.329158 101
1996 0.271198 101
1997 3.056500 102
1998 2.538515 101
1999 2.239784 102
2000 4.507791 115
2001 4.499496 115
2002 4.042052 115
2003 4.350017 115
2004 1.781991 115
2005 1.663496 115
2006 1.058861 115
2007 1.528270 115
2008 0.644948 115
2009 1.544452 115
2010 2.007456 114
2011 1.628504 115
2012 0.407930 114
2013 0.489930 114
2014 1.178626 115
2015 1.309887 115
2016 2.227287 115
2017 2.153000 115
2018 1.273757 115
2019 3.745617 115
2020 5.806133 113
2021 1.572678 115
2022 1.102530 115
2023 1.678035 115
2024 2.335313 115
2025 2.096183 115
2026 1.235296 115
2027 1.419974 115
2028 1.331913 115
2029 12.595226 115
2030 1.515287 115
2031 1.444278 115
2032 1.208426 115
2033 1.361096 115
2034 2.878930 115
2035 1.676730 115
2036 1.598774 115
2037 5.048991 115
2038 1.519270 115
2039 0.961974 115
2040 1.337896 115
2041 0.454158 114
2042 0.439035 114
2043 2.513530 115
2044 1.511851 114
2045 0.660957 115
2046 0.195704 115
2047 0.218722 115
2048 0.211330 115
2049 0.741852 115
2050 13.721730 115
2051 12.907870 115
2052 13.746600 115
2053 1.420722 115
2054 0.491333 114
2055 0.599588 114
2056 1.245600 115
2057 1.056248 113
2058 0.414912 113
2059 0.354779 113
2060 0.404478 113
2061 0.357478 113
2062 1.454417 115
2063 1.694330 115
2064 1.534018 113
2065 0.414805 113
2066 1.420096 115
2067 1.655626 115
2068 1.121496 115
2069 1.593000 115
2070 2.584009 115
2071 2.273522 115
2072 1.443791 115
2073 1.061504 115
2074 1.546835 115
2075 3.005096 115
2076 1.661322 115
2077 0.784140 114
2078 1.816757 115
2079 0.618202 114
2080 1.037746 114
2081 1.237652 115
2082 1.455739 115
2083 1.410765 115
2084 3.108661 115
2085 1.267461 115
2086 1.403322 115
2087 1.271217 115
2088 1.459513 115
2089 1.671957 115
2090 1.317052 115
2091 1.372035 115
2092 5.193183 115
2093 1.274761 113
2094 1.591652 115
2095 1.214544 114
2096 17.526157 115
2097 16.242421 114
2098 13.276009 114
2099 7.739026 114
2100 8.787915 106
2101 10.522358 106
2102 19.461189 106
2103 10.621840 106
2104 5.500558 104
2105 1.117467 105
2106 2.287557 106
2107 2.462245 106
2108 1.631377 106
2109 1.776896 106
2110 1.550717 106
2111 1.564849 106
2112 1.356406 106
2113 2.348406 106
2114 1.018581 105
2115 0.692219 105
2116 0.535114 105
2117 0.412076 105
2118 0.501781 105
2119 0.435762 105
2120 0.402453 106
2121 0.380124 105
2122 0.538810 105
2123 0.516717 106
2124 1.066067 105
2125 0.352552 105
2126 3.827575 106
2127 1.803991 106
2128 1.176660 106
2129 0.730181 105
2130 0.664181 105
2131 1.380453 106
2132 0.841802 106
2133 1.202057 106
2134 1.265830 106
2135 0.325838 105
2136 5.053943 106
2137 4.539708 106
2138 1.581321 106
2139 1.176208 106
2140 0.946226 106
2141 1.527434 106
2142 2.928528 106
2143 0.910085 106
2144 3.481991 106
2145 1.390208 106
2146 0.448533 105
2147 1.495387 106
2148 0.496104 106
2149 0.828792 106
2150 1.969141 99
2151 16.567939 99
2152 1.670313 99
2153 0.521357 98
2154 0.670816 98
2155 2.559970 99
2156 2.050182 99
2157 0.725959 98
2158 1.898121 99
2159 1.990707 99
2160 19.269202 99
2161 19.978949 99
2162 19.797697 99
2163 19.999643 98
2164 19.797667 99
2165 19.999602 98
2166 19.999653 98
2167 19.795602 98
2168 19.999660 97
2169 19.795541 98
2170 19.999639 97
2171 19.999629 97
2172 19.999639 97
2173 19.795541 98
2174 19.795551 98
2175 19.795480 98
2176 19.999639 97
2177 19.595909 99
2178 19.999649 97
2179 19.999619 97
2180 19.999649 97
2181 19.795510 98
2182 19.999660 97
2183 19.795969 98
2184 19.795622 98
2185 19.796020 98
2186 19.999639 97
2187 19.999567 97
2188 19.796112 98
2189 19.795582 98
2190 19.795551 98
2191 19.999608 97
2192 19.999639 97
2193 19.999546 97
2194 19.999649 97
2195 19.596081 99
2196 19.999639 97
2197 19.999608 97
2198 19.795602 98
2199 19.999629 97
2200 19.999889 99
2201 19.999869 99
2202 19.999788 99
2203 19.999768 99
2204 19.797768 99
2205 19.999786 98
2206 19.797667 99
2207 19.999724 98
2208 19.797667 99
2209 19.999786 98
2210 19.999694 98
2211 19.797869 99
2212 19.797717 99
2213 19.999735 98
2214 19.999684 98
2215 19.797747 99
2216 19.797697 99
2217 19.999714 98
2218 19.797949 99
2219 19.999755 98
2220 19.796041 98
2221 19.795878 98
2222 19.999660 97
2223 19.795755 98
2224 19.999732 97
2225 19.595788 99
2226 19.999763 97
2227 19.999814 97
2228 19.795714 98
2229 19.795663 98
2230 19.999649 97
2231 19.795714 98
2232 19.999691 97
2233 19.795878 98
2234 19.999763 97
2235 19.999763 97
2236 19.999742 97
2237 19.999794 97
2238 19.795704 98
2239 19.999794 97
2240 19.999711 97
2241 19.795714 98
2242 19.999680 97
2243 19.795980 98
2244 19.795847 98
2245 19.999794 97
2246 19.999742 97
2247 19.999794 97
2248 19.795592 98
2249 19.999691 97
2250 19.999857 98
2251 19.999847 98
2252 19.999704 98
2253 19.999827 98
2254 19.999711 97
2255 19.795653 98
2256 19.795622 98
2257 19.795816 98
2258 19.999660 97
2259 19.999701 97
2260 19.795663 98
2261 19.999732 97
2262 19.795980 98
2263 19.795867 98
2264 19.999660 97
2265 19.999753 97
2266 19.999722 97
2267 19.999701 97
2268 19.795643 98
2269 19.796031 98
2270 19.793629 97
2271 19.793588 97
2272 19.999760 96
2273 19.592194 98
2274 19.999760 96
2275 19.999698 96
2276 19.999740 96
2277 19.793526 97
2278 19.999729 96
2279 19.793557 97
2280 19.793474 97
2281 19.999698 96
2282 19.794443 97
2283 19.999688 96
2284 19.999635 96
2285 19.793495 97
2286 19.793474 97
2287 19.793577 97
2288 19.794608 97
2289 19.999698 96
2290 19.794557 97
2291 19.793567 97
2292 19.999719 96
2293 19.999646 96
2294 19.795649 97
2295 19.793649 97
2296 19.793969 97
2297 19.999750 96
2298 19.793485 97
2299 19.999667 96
2300 19.999917 96
2301 19.999917 96
2302 19.999750 96
2303 19.999760 96
2304 19.999768 95
2305 19.791417 96
2306 19.999726 95
2307 19.791510 96
2308 19.791417 96
2309 19.791427 96
2310 19.791427 96
2311 19.791396 96
2312 19.999642 95
2313 19.791542 96
2314 19.791875 96
2315 19.999674 95
2316 19.791375 96
2317 19.791406 96
2318 19.999684 95
2319 19.999723 94
2320 19.999691 94
2321 19.999787 94
2322 19.789516 95
2323 19.789232 95
2324 19.789263 95
2325 19.789358 95
2326 19.583177 96
2327 19.999691 94
2328 19.789305 95
2329 19.789305 95
2330 19.999617 94
2331 19.999713 94
2332 19.999766 94
2333 19.999713 94
2334 19.583344 96
2335 19.999734 94
2336 19.583167 96
2337 19.789232 95
2338 19.789179 95
2339 19.999809 94
2340 19.789621 95
2341 19.999723 94
2342 19.999713 94
2343 19.789242 95
2344 19.789400 95
2345 19.789316 95
2346 19.999809 94
2347 19.789316 95
2348 19.999691 94
2349 19.789211 95
2350 19.999881 84
2351 1.323631 84
2352 0.807048 84
2353 0.696179 84
2354 0.496893 84
2355 0.377119 84
2356 1.578262 84
2357 1.866566 83
2358 0.873120 83
2359 1.753723 83
2360 0.584386 83
2361 1.013169 83
2362 2.409169 83
2363 0.908072 83
2364 0.559976 83
2365 0.693012 83
2366 1.506217 83
2367 0.939169 83
2368 2.312422 83
2369 0.415133 83
2370 2.190133 83
2371 0.797301 83
2372 0.438518 83
2373 1.041446 83
2374 0.457663 83
2375 1.526096 83
2376 0.542542 83
2377 0.846506 83
2378 0.768928 83
2379 1.224619 84
2380 0.422663 83
2381 0.986470 83
2382 0.591217 83
2383 1.227607 84
2384 0.489542 83
2385 0.469506 83
2386 1.248952 84
2387 0.270771 83
2388 0.235675 83
2389 2.238036 84
2390 0.345325 83
2391 0.320976 83
2392 1.825798 84
2393 0.301167 84
2394 0.437699 83
2395 1.132964 84
2396 0.286795 83
2397 0.248084 83
2398 1.327179 84
2399 0.502253 83
2400 1.007193 114
2401 0.594956 114
2402 0.462482 114
2403 0.451061 114
2404 0.473728 114
2405 0.364860 114
2406 0.417860 114
2407 0.441842 114
2408 0.421009 114
2409 0.442754 114
2410 1.548175 114
2411 1.788421 114
2412 1.008184 114
2413 0.813088 114
2414 0.907386 114
2415 1.155605 114
2416 0.778570 114
2417 0.353202 114
2418 0.570149 114
2419 0.420737 114
2420 1.175000 114
2421 1.269719 114
2422 0.891974 114
2423 0.752289 114
2424 0.819667 114
2425 0.754447 114
2426 0.812789 114
2427 0.842570 114
2428 0.615079 114
2429 0.622711 114
2430 0.762351 114
2431 1.186342 114
2432 0.868596 114
2433 1.020289 114
2434 0.970754 114
2435 1.162123 114
2436 1.047886 114
2437 1.916482 114
2438 0.647053 114
2439 1.146018 114
2440 0.717605 114
2441 17.763447 114
2442 17.542877 114
2443 17.377482 114
2444 0.850535 114
2445 0.357702 114
2446 0.295991 114
2447 5.046035 114
2448 0.452474 114
2449 0.559167 114
2450 3.770348 112
2451 2.520277 112
2452 2.362777 112
2453 1.824241 112
2454 0.494378 111
2455 3.599393 112
2456 2.145830 112
2457 1.290550 111
2458 1.019893 112
2459 0.425089 112
2460 0.814964 112
2461 2.581884 112
2462 1.288009 111
2463 1.317321 112
2464 1.415313 112
2465 0.485045 111
2466 1.907661 112
2467 1.849991 112
2468 1.137739 111
2469 1.271429 112
2470 1.445920 112
2471 1.047090 111
2472 1.661804 112
2473 1.469847 111
2474 1.672071 112
2475 1.504214 112
2476 1.106089 112
2477 16.340304 112
2478 3.811491 112
2479 0.964259 112
2480 4.195730 111
2481 1.035616 112
2482 0.933545 112
2483 0.326793 111
2484 1.084420 112
2485 0.385378 111
2486 1.423679 112
2487 1.188821 112
2488 1.387107 112
2489 0.502838 111
2490 1.180920 112
2491 0.320847 111
2492 1.041089 112
2493 3.853759 112
2494 0.809205 112
2495 0.931437 112
2496 0.684786 112
2497 2.779062 112
2498 0.980018 112
2499 0.825286 112
2500 1.228009 107
2501 1.241178 107
2502 19.080822 107
2503 2.186065 107
2504 1.133701 107
2505 2.072935 107
2506 1.300813 107
2507 1.763860 107
2508 2.226196 107
2509 20.000000 107
2510 1.566243 107
2511 1.113430 107
2512 1.279776 107
2513 2.646271 107
2514 1.210738 107
2515 1.013159 107
2516 0.292726 106
2517 1.210916 107
2518 1.643383 107
2519 1.280841 107
2520 0.992785 107
2521 1.256449 107
2522 1.168364 107
2523 1.184187 107
2524 0.997421 107
2525 1.299692 107
2526 0.843047 107
2527 1.343084 107
2528 14.395196 107
2529 0.886626 107
2530 0.806869 107
2531 1.455981 107
2532 2.318692 107
2533 3.241140 107
2534 1.613393 107
2535 0.735860 107
2536 0.720720 107
2537 0.915925 107
2538 1.079243 107
2539 1.158402 107
2540 0.926187 107
2541 0.970907 107
2542 1.127056 107
2543 0.922439 107
2544 0.925935 107
2545 0.804299 107
2546 1.014505 107
2547 0.914551 107
2548 1.461477 107
2549 0.805243 107
2550 1.104673 101
2551 1.317168 101
2552 2.748277 101
2553 1.120129 101
2554 20.000000 101
2555 1.591921 101
2556 1.189079 101
2557 1.028188 101
2558 2.160683 101
2559 1.238851 101
2560 2.684267 101
2561 1.554347 101
2562 2.064703 101
2563 10.290406 101
2564 6.196881 101
2565 5.330554 101
2566 4.643070 100
2567 4.294307 101
2568 3.787760 100
2569 3.257790 100
2570 2.449782 101
2571 2.839370 100
2572 2.449610 100
2573 2.208330 100
2574 2.609430 100
2575 1.936730 100
2576 2.025240 100
2577 1.802060 100
2578 1.549446 101
2579 1.903554 101
2580 1.665350 100
2581 1.816250 100
2582 1.916270 100
2583 1.682260 100
2584 1.998000 100
2585 2.087440 100
2586 1.575080 100
2587 1.635160 100
2588 1.493079 101
2589 1.910560 100
2590 1.735520 100
2591 1.561640 100
2592 1.722980 100
2593 1.882380 100
2594 1.313420 100
2595 1.352290 100
2596 1.395730 100
2597 1.208663 101
2598 0.946790 100
2599 1.095390 100
2600 8.274525 101
2601 7.686782 101
2602 4.105990 100
2603 4.140257 101
2604 3.938620 100
2605 3.009320 100
2606 3.593830 100
2607 3.297650 100
2608 3.604070 100
2609 3.491020 101
2610 4.756790 100
2611 4.142590 100
2612 3.183140 100
2613 2.954250 100
2614 2.830170 100
2615 2.323570 100
2616 2.500930 100
2617 1.947850 100
2618 2.447680 100
2619 1.972350 100
2620 1.921140 100
2621 2.158270 100
2622 2.046120 100
2623 2.474070 100
2624 1.716330 100
2625 1.896590 100
2626 1.605290 100
2627 1.450267 101
2628 1.893320 100
2629 1.997750 100
2630 1.584770 100
2631 1.597620 100
2632 1.567710 100
2633 1.337340 100
2634 1.569860 100
2635 1.267700 100
2636 1.237240 100
2637 1.659650 100
2638 1.280230 100
2639 1.082440 100
2640 0.977170 100
2641 0.894420 100
2642 1.141610 100
2643 1.029190 100
2644 1.263535 101
2645 0.908340 100
2646 1.228040 101
2647 1.282640 100
2648 1.271891 101
2649 1.657960 100
2650 8.121725 102
2651 8.275461 102
2652 4.507693 101
2653 4.513139 101
2654 3.869980 101
2655 4.047040 101
2656 4.215970 101
2657 3.323376 101
2658 3.683337 101
2659 4.185436 101
2660 4.003010 101
2661 3.813832 101
2662 3.803386 101
2663 1.693735 102
2664 0.489230 100
2665 1.679804 102
2666 1.093657 102
2667 17.516735 102
2668 17.756644 101
2669 17.886208 101
2670 18.276792 101
2671 19.381198 101
2672 20.000000 101
2673 20.000000 101
2674 19.999990 101
2675 20.000000 101
2676 19.802010 101
2677 19.802000 101
2678 19.667703 101
2679 19.671554 101
2680 19.701069 101
2681 19.801990 101
2682 19.801990 101
2683 19.500382 102
2684 19.801990 101
2685 19.091559 102
2686 19.211752 101
2687 18.959784 102
2688 18.979941 101
2689 18.240078 102
2690 18.670149 101
2691 18.103475 101
2692 17.765554 101
2693 17.335218 101
2694 16.468265 102
2695 15.825356 101
2696 14.502020 101
2697 13.698297 101
2698 9.766465 101
2699 6.404792 101
2700 11.325626 99
2701 12.481283 99
2702 13.105000 99
2703 13.561970 99
2704 14.771172 99
2705 15.325202 99
2706 15.821394 99
2707 16.799485 99
2708 17.514051 99
2709 18.298495 99
2710 18.376394 99
2711 0.788919 99
2712 0.595626 99
2713 0.641636 99
2714 1.441626 99
2715 0.661263 99
2716 4.010909 99
2717 0.781071 99
2718 1.674202 99
2719 0.637162 99
2720 0.693475 99
2721 1.892293 99
2722 0.545242 99
2723 0.485313 99
2724 0.603758 99
2725 0.649626 99
2726 0.484566 99
2727 0.454798 99
2728 0.518111 99
2729 0.787293 99
2730 1.921040 99
2731 0.453172 99
2732 0.424949 99
2733 2.524859 99
2734 0.561768 99
2735 0.725960 99
2736 0.490788 99
2737 0.403667 99
2738 0.439586 99
2739 0.421970 99
2740 0.478919 99
2741 0.384141 99
2742 0.387000 99
2743 0.729929 99
2744 0.330071 99
2745 0.382768 99
2746 0.532909 99
2747 0.363010 99
2748 1.462980 99
2749 0.332465 99
2750 2.499937 95
2751 1.043853 95
2752 1.234284 95
2753 1.104484 95
2754 1.347232 95
2755 0.491766 94
2756 1.896726 95
2757 1.799032 95
2758 1.477937 95
2759 2.536179 95
2760 1.674495 95
2761 1.559170 94
2762 2.175316 95
2763 1.507670 94
2764 1.806787 94
2765 1.927213 94
2766 1.523000 94
2767 1.617457 94
2768 1.609777 94
2769 1.526479 94
2770 1.851309 94
2771 1.845479 94
2772 1.498170 94
2773 1.048266 94
2774 1.681649 94
2775 1.154596 94
2776 1.322383 94
2777 1.395298 94
2778 1.554011 94
2779 1.573979 94
2780 1.441596 94
2781 1.683758 95
2782 1.183585 94
2783 1.250053 94
2784 1.081979 94
2785 1.302526 95
2786 1.448032 95
2787 1.212723 94
2788 0.834632 95
2789 1.274211 95
2790 0.591947 95
2791 0.511011 94
2792 0.502755 94
2793 0.655564 94
2794 0.618670 94
2795 0.583021 94
2796 0.640074 94
2797 0.530745 94
2798 0.514979 94
2799 0.508989 94
2800 1.440475 99
2801 0.759152 99
2802 0.750121 99
2803 0.690414 99
2804 0.688212 99
2805 0.689091 99
2806 0.630859 99
2807 0.677768 99
2808 0.794778 99
2809 0.732404 99
2810 0.626596 99
2811 0.650596 99
2812 0.750010 99
2813 0.631242 99
2814 0.659768 99
2815 1.348131 99
2816 0.398592 98
2817 0.598449 98
2818 0.355112 98
2819 14.149677 99
2820 14.534092 98
2821 15.540000 98
2822 17.266806 98
2823 17.584357 98
2824 18.673163 98
2825 19.301133 98
2826 19.815429 98
2827 19.890031 98
2828 19.793835 97
2829 19.793835 97
2830 19.591847 98
2831 19.793825 97
2832 19.591857 98
2833 19.793825 97
2834 19.793825 97
2835 19.793825 97
2836 19.591857 98
2837 19.591857 98
2838 19.793856 97
2839 0.696889 99
2840 0.148582 98
2841 0.123643 98
2842 0.788394 99
2843 0.130258 97
2844 0.116144 97
2845 0.118268 97
2846 0.834374 99
2847 0.126192 99
2848 0.157680 97
2849 0.212673 98
2850 1.537583 103
2851 0.608806 103
2852 0.429471 102
2853 0.408186 102
2854 1.291379 103
2855 0.570686 102
2856 0.322167 102
2857 2.115816 103
2858 1.291853 102
2859 1.143471 102
2860 1.368892 102
2861 2.097670 103
2862 0.389402 102
2863 1.493660 103
2864 0.372198 101
2865 0.514554 101
2866 1.424981 103
2867 2.979136 103
2868 1.331155 103
2869 1.208243 103
2870 0.381284 102
2871 0.397735 102
2872 0.336735 102
2873 4.109796 103
2874 3.201402 102
2875 3.741647 102
2876 4.001931 102
2877 3.105745 102
2878 2.633961 102
2879 2.751019 103
2880 2.547686 102
2881 2.372903 103
2882 1.907471 102
2883 1.903167 102
2884 1.941657 102
2885 2.597059 102
2886 2.659618 102
2887 2.929765 102
2888 3.592738 103
2889 3.428176 102
2890 3.851902 102
2891 3.872059 102
2892 3.986020 102
2893 2.043738 103
2894 0.334275 102
2895 0.349304 102
2896 1.410796 103
2897 3.334647 102
2898 0.442637 102
2899 0.394637 102
2900 1.483107 84
2901 0.488512 84
2902 0.367357 84
2903 0.438226 84
2904 1.664321 84
2905 0.394366 82
2906 0.581768 82
2907 0.344646 82
2908 1.336119 84
2909 0.601952 83
2910 0.518759 83
2911 1.839988 84
2912 0.587687 83
2913 0.699000 83
2914 0.690530 83
2915 0.652881 84
2916 1.485214 84
2917 0.402819 83
2918 0.590976 83
2919 0.533241 83
2920 1.862131 84
2921 0.599711 83
2922 0.507735 83
2923 1.736845 84
2924 0.754133 83
2925 0.313325 83
2926 0.373687 83
2927 1.531619 84
2928 0.324747 83
2929 0.361313 83
2930 0.381458 83
2931 1.787536 84
2932 0.425000 83
2933 0.481410 83
2934 0.371229 83
2935 1.979857 84
2936 0.846036 83
2937 0.936265 83
2938 1.299405 84
2939 0.402795 83
2940 0.355157 83
2941 0.579651 83
2942 0.571893 84
2943 0.348120 83
2944 1.252238 84
2945 0.457711 83
2946 0.470723 83
2947 0.507325 83
2948 1.339440 84
2949 0.577205 83
2950 1.457010 96
2951 0.704594 96
2952 0.546479 96
2953 1.514323 96
2954 0.408875 96
2955 1.260313 96
2956 0.378516 95
2957 1.375031 96
2958 1.589146 96
2959 0.494168 95
2960 0.561926 95
2961 0.460547 95
2962 1.235000 96
2963 0.424716 95
2964 0.439937 95
2965 1.784292 96
2966 0.708453 95
2967 0.563789 95
2968 0.569305 95
2969 3.762802 96
2970 3.036642 95
2971 1.393771 96
2972 1.805333 96
2973 0.731312 96
2974 0.337547 95
2975 1.478177 96
2976 0.570168 95
2977 0.445421 95
2978 1.316333 96
2979 0.369394 94
2980 0.349474 95
2981 1.633542 96
2982 0.409526 95
2983 1.545333 96
2984 0.671695 95
2985 1.504490 96
2986 0.581368 95
2987 0.337526 95
2988 1.252979 96
2989 0.561968 95
2990 1.299646 96
2991 1.509990 96
2992 0.400495 95
2993 1.288719 96
2994 0.321800 95
2995 1.289177 96
2996 0.502032 94
2997 1.335708 96
2998 0.369747 95
2999 19.025271 96
3000 20.000000 100
3001 20.000000 100
3002 20.000000 100
3003 20.000000 99
3004 19.715707 99
3005 19.569919 99
3006 19.368374 99
3007 18.546263 99
3008 1.678020 100
3009 1.027818 99
3010 0.645870 100
3011 0.934949 99
3012 0.372414 99
3013 1.052869 99
3014 0.598949 99
3015 0.591566 99
3016 0.663616 99
3017 0.770798 99
3018 0.425020 99
3019 0.433263 99
3020 0.258616 99
3021 0.554364 99
3022 1.018020 100
3023 0.322273 99
3024 0.450293 99
3025 0.896830 100
3026 0.355545 99
3027 0.923490 100
3028 0.420545 99
3029 0.414616 99
3030 0.881650 100
3031 0.258788 99
3032 0.879820 100
3033 0.241050 100
3034 0.972850 100
3035 0.210697 99
3036 2.617690 100
3037 2.056636 99
3038 2.193600 100
3039 0.855230 100
3040 0.203677 99
3041 0.797350 100
3042 0.189980 99
3043 1.453750 100
3044 0.191680 100
3045 0.965440 100
3046 0.204899 99
3047 0.198640 100
3048 0.911290 100
3049 0.299460 100
3050 1.048473 91
3051 0.509187 91
3052 1.001868 91
3053 0.559330 91
3054 0.435527 91
3055 0.823593 91
3056 0.467418 91
3057 1.231681 91
3058 0.374703 91
3059 0.324264 91
3060 1.407429 91
3061 0.570549 91
3062 1.562495 91
3063 1.132582 91
3064 1.149857 91
3065 0.901593 91
3066 1.347484 91
3067 0.990462 91
3068 0.273132 91
3069 2.618022 91
3070 1.797692 91
3071 0.912560 91
3072 0.916747 91
3073 0.908000 91
3074 0.762231 91
3075 0.720681 91
3076 0.957440 91
3077 1.204242 91
3078 0.743275 91
3079 0.600473 91
3080 0.837297 91
3081 0.566637 91
3082 0.627286 91
3083 0.803154 91
3084 1.070571 91
3085 0.819615 91
3086 0.930615 91
3087 0.219319 91
3088 0.532648 91
3089 0.208484 91
3090 0.410923 91
3091 0.452110 91
3092 0.193527 91
3093 0.218077 91
3094 0.224385 91
3095 0.361363 91
3096 0.194538 91
3097 1.188462 91
3098 0.393857 91
3099 0.461670 91
3100 2.315485 97
3101 0.692402 97
3102 0.470990 97
3103 0.641464 97
3104 0.562485 97
3105 0.630660 97
3106 0.552206 97
3107 0.457918 97
3108 0.439990 97
3109 1.047918 97
3110 1.702505 97
3111 0.517495 97
3112 1.116278 97
3113 6.357031 97
3114 0.294969 97
3115 0.991216 97
3116 0.524753 97
3117 0.319186 97
3118 0.504691 97
3119 0.926031 97
3120 0.274093 97
3121 1.314021 97
3122 0.328072 97
3123 0.471825 97
3124 0.879701 97
3125 1.596711 97
3126 0.446031 97
3127 0.544781 96
3128 0.543896 96
3129 0.298646 96
3130 0.287229 96
3131 0.468021 96
3132 1.317649 97
3133 1.231784 97
3134 0.798021 97
3135 0.887577 97
3136 1.007639 97
3137 0.997041 97
3138 0.963670 97
3139 1.169289 97
3140 0.292639 97
3141 0.441557 97
3142 0.438196 97
3143 0.336969 97
3144 0.317588 97
3145 0.382691 97
3146 0.335546 97
3147 0.801423 97
3148 0.630000 97
3149 0.616753 97
3150 1.096505 103
3151 1.470767 103
3152 0.610476 103
3153 3.118214 103
3154 0.445165 103
3155 0.547592 103
3156 0.403767 103
3157 0.964835 103
3158 0.361311 103
3159 0.485748 103
3160 0.405262 103
3161 0.537913 103
3162 0.505311 103
3163 7.314485 103
3164 0.341777 103
3165 1.173155 103
3166 0.800068 103
3167 0.930126 103
3168 1.099932 103
3169 0.405864 103
3170 0.885942 103
3171 0.315214 103
3172 0.335990 103
3173 0.401932 103
3174 0.279369 103
3175 0.463068 103
3176 0.312874 103
3177 0.358165 103
3178 0.894427 103
3179 0.861922 103
3180 0.736922 103
3181 0.693602 103
3182 0.774466 103
3183 0.584359 103
3184 0.532233 103
3185 0.945990 103
3186 19.999932 103
3187 19.999786 103
3188 19.999903 103
3189 19.999748 103
3190 19.999893 103
3191 19.999709 103
3192 1.221466 103
3193 0.808204 103
3194 1.028951 103
3195 0.200728 103
3196 0.553505 103
3197 0.192252 103
3198 0.221689 103
3199 0.206864 103
3200 1.371667 108
3201 1.546343 108
3202 0.548477 107
3203 0.531850 107
3204 0.508176 108
3205 0.579159 107
3206 1.541778 108
3207 0.507084 107
3208 1.373907 108
3209 0.467383 107
3210 1.309074 108
3211 5.276009 107
3212 1.212509 108
3213 1.076861 108
3214 0.262037 108
3215 1.050241 108
3216 0.613120 108
3217 0.352121 107
3218 0.315888 107
3219 0.302542 107
3220 0.345589 107
3221 0.316944 107
3222 1.507139 108
3223 0.690311 106
3224 0.525224 107
3225 0.521472 106
3226 1.538778 108
3227 0.761879 107
3228 0.699792 106
3229 0.525858 106
3230 0.776745 106
3231 1.261519 108
3232 0.955380 108
3233 0.411449 107
3234 2.663093 107
3235 1.056935 108
3236 1.038231 108
3237 1.638444 108
3238 0.567222 108
3239 0.509953 107
3240 1.159000 108
3241 0.369274 106
3242 0.261623 106
3243 0.368462 106
3244 2.178574 108
3245 14.134852 108
3246 13.649916 107
3247 12.008075 107
3248 7.428234 107
3249 5.386926 108
3250 1.380056 107
3251 0.643589 107
3252 0.540869 107
3253 0.641215 107
3254 1.215000 107
3255 1.268000 107
3256 1.782290 107
3257 0.789849 106
3258 0.739766 107
3259 0.917887 106
3260 1.159274 106
3261 2.755387 106
3262 1.037755 106
3263 2.633159 107
3264 1.929776 107
3265 1.175682 107
3266 1.288720 107
3267 0.351651 106
3268 0.474849 106
3269 0.462651 106
3270 0.386368 106
3271 0.372896 106
3272 2.640206 107
3273 1.951907 107
3274 0.441971 104
3275 2.198682 107
3276 0.369562 105
3277 0.357387 106
3278 1.105112 107
3279 0.423364 107
3280 1.457664 107
3281 1.328252 107
3282 1.234528 106
3283 0.508811 106
3284 0.623142 106
3285 1.165972 107
3286 0.423660 106
3287 0.351349 106
3288 0.275792 106
3289 1.055290 107
3290 1.838187 107
3291 0.292774 106
3292 0.306472 106
3293 0.270151 106
3294 0.344377 106
3295 2.893000 107
3296 1.309280 107
3297 1.208215 107
3298 1.388477 107
3299 0.499943 106
3300 1.230094 117
3301 1.693812 117
3302 4.476368 117
3303 3.591517 116
3304 3.674793 116
3305 3.276560 116
3306 6.059718 117
3307 7.555905 116
3308 7.241466 116
3309 4.067776 116
3310 4.470957 116
3311 1.014795 117
3312 0.304560 116
3313 0.323147 116
3314 1.121453 117
3315 0.295629 116
3316 1.555650 117
3317 2.613405 116
3318 3.255658 117
3319 1.900137 117
3320 1.936810 116
3321 1.853819 116
3322 1.049376 117
3323 0.747517 116
3324 1.052179 117
3325 0.310664 116
3326 1.403991 117
3327 1.208940 117
3328 1.187402 117
3329 3.834222 117
3330 0.548491 116
3331 1.829949 117
3332 0.898726 117
3333 1.082573 117
3334 0.258819 116
3335 3.573778 117
3336 0.879564 117
3337 0.277595 116
3338 1.221624 117
3339 0.803026 116
3340 1.091500 116
3341 1.264231 117
3342 0.958466 116
3343 1.023889 117
3344 0.806231 117
3345 1.168162 117
3346 0.434735 117
3347 0.440879 116
3348 0.919504 117
3349 1.144573 117
3350 1.096610 82
3351 2.027512 82
3352 1.632512 82
3353 1.362793 82
3354 1.604280 82
3355 0.484000 81
3356 1.439439 82
3357 0.451901 81
3358 0.332111 81
3359 1.493939 82
3360 1.297195 82
3361 0.354198 81
3362 1.636878 82
3363 1.406915 82
3364 0.382222 81
3365 0.445716 81
3366 0.714222 81
3367 1.282256 82
3368 0.371877 81
3369 2.277654 81
3370 1.209439 82
3371 1.474524 82
3372 0.333914 81
3373 0.308738 80
3374 1.937061 82
3375 0.439138 80
3376 1.483463 82
3377 1.398341 82
3378 1.285073 82
3379 0.335506 81
3380 0.291543 81
3381 1.096256 82
3382 0.383593 81
3383 0.359309 81
3384 1.827695 82
3385 0.260280 82
3386 0.344195 82
3387 1.559329 82
3388 0.615802 81
3389 1.167915 82
3390 1.097232 82
3391 2.208256 82
3392 1.660210 81
3393 1.637765 81
3394 19.817171 82
3395 2.173390 82
3396 1.446378 82
3397 1.087926 81
3398 20.000000 82
3399 0.860476 82
3400 1.244140 93
3401 1.558161 93
3402 1.380839 93
3403 0.249258 93
3404 1.310957 93
3405 0.893446 92
3406 0.747859 92
3407 1.360957 93
3408 0.847645 93
3409 1.456430 93
3410 0.608326 92
3411 0.559871 93
3412 1.344118 93
3413 1.713957 93
3414 0.623419 93
3415 0.554402 92
3416 1.128914 93
3417 1.388333 93
3418 0.417109 92
3419 0.527527 93
3420 1.072602 93
3421 0.326859 92
3422 0.407304 92
3423 2.559183 93
3424 1.791409 93
3425 1.573859 92
3426 5.193527 93
3427 4.145696 92
3428 1.164871 93
3429 1.270677 93
3430 1.551495 93
3431 0.469725 91
3432 0.423022 91
3433 0.958430 93
3434 0.231109 92
3435 0.283000 92
3436 0.866946 93
3437 0.250761 92
3438 0.308217 92
3439 1.299194 93
3440 0.485815 92
3441 1.258043 93
3442 0.315630 92
3443 0.241283 92
3444 2.821151 93
3445 0.684215 93
3446 1.488140 93
3447 2.188385 91
3448 2.882140 93
3449 0.251250 92
3450 3.557035 113
3451 2.017478 113
3452 2.737788 113
3453 1.484920 113
3454 1.705795 112
3455 1.559195 113
3456 0.345351 111
3457 0.358330 112
3458 2.166708 113
3459 1.559000 113
3460 0.710911 112
3461 1.763230 113
3462 1.262053 113
3463 0.798830 112
3464 2.672788 113
3465 0.859821 112
3466 1.185743 113
3467 0.792643 112
3468 0.681080 112
3469 1.804035 113
3470 0.537044 113
3471 1.007375 112
3472 0.918080 113
3473 0.479330 112
3474 1.180743 113
3475 1.526841 113
3476 0.431286 112
3477 0.433446 112
3478 4.127611 113
3479 2.961053 113
3480 1.030540 113
3481 1.472788 113
3482 0.718152 112
3483 1.219080 113
3484 0.570036 112
3485 0.677464 112
3486 2.106327 113
3487 1.360876 113
3488 0.889894 113
3489 0.668402 112
3490 1.514133 113
3491 0.686441 111
3492 1.326619 113
3493 0.343286 112
3494 0.302777 112
3495 0.994770 113
3496 0.328687 112
3497 0.383661 112
3498 1.025186 113
3499 0.297522 113
3500 1.505628 94
3501 1.642032 94
3502 0.605097 93
3503 0.730914 93
3504 1.653234 94
3505 0.566989 93
3506 0.576215 93
3507 1.787819 94
3508 0.833753 93
3509 0.592957 93
3510 1.705638 94
3511 0.637766 94
3512 0.576585 94
3513 4.280723 94
3514 3.742161 93
3515 3.545915 94
3516 1.219553 94
3517 1.521745 94
3518 0.596785 93
3519 0.400645 93
3520 7.215904 94
3521 1.150660 94
3522 0.577215 93
3523 0.340935 93
3524 1.159596 94
3525 0.317330 94
3526 0.475914 93
3527 1.310979 94
3528 1.680085 94
3529 0.953505 93
3530 0.858796 93
3531 1.004617 94
3532 0.471548 93
3533 0.402968 93
3534 3.385766 94
3535 1.507191 94
3536 0.271447 94
3537 0.235344 93
3538 0.877447 94
3539 1.086840 94
3540 1.074191 94
3541 0.966745 94
3542 0.981564 94
3543 1.031691 94
3544 0.944149 94
3545 1.751457 94
3546 0.677290 93
3547 0.806394 94
3548 0.869894 94
3549 0.696160 94
3550 1.437962 104
3551 1.616548 104
3552 2.487990 104
3553 1.190240 104
3554 0.497359 103
3555 1.424481 104
3556 1.487038 104
3557 2.196740 104
3558 1.831779 104
3559 1.778962 104
3560 1.617000 104
3561 3.418136 103
3562 1.564865 104
3563 0.376379 103
3564 1.504558 104
3565 1.751240 104
3566 2.416192 104
3567 0.793699 103
3568 1.484673 104
3569 1.477135 104
3570 1.989404 104
3571 0.652294 102
3572 2.026356 104
3573 2.086683 104
3574 2.083731 104
3575 0.481398 103
3576 1.139596 104
3577 1.093442 104
3578 2.367288 104
3579 15.051452 104
3580 1.266135 104
3581 0.946981 104
3582 1.574702 104
3583 1.598490 104
3584 1.347048 104
3585 1.470990 104
3586 1.683077 104
3587 1.129846 104
3588 0.188990 104
3589 0.703337 104
3590 0.392769 104
3591 1.438615 104
3592 0.751163 104
3593 0.702058 104
3594 0.896663 104
3595 0.858038 104
3596 1.264750 104
3597 1.482019 104
3598 1.041385 104
3599 0.236437 103
3600 4.084570 93
3601 1.489247 93
3602 1.124602 93
3603 1.289409 93
3604 12.421462 93
3605 1.554989 93
3606 1.994258 93
3607 1.385806 93
3608 0.355699 93
3609 2.210495 93
3610 1.111978 93
3611 1.869667 93
3612 1.337398 93
3613 1.745570 93
3614 1.249086 93
3615 0.305656 93
3616 1.060355 93
3617 0.399925 93
3618 1.321624 93
3619 1.071118 93
3620 0.609323 93
3621 1.553323 93
3622 0.560613 93
3623 1.455742 93
3624 0.479731 93
3625 1.261860 93
3626 1.187043 93
3627 1.182935 93
3628 1.703828 93
3629 1.922946 93
3630 2.072731 93
3631 1.286366 93
3632 1.494989 93
3633 1.757656 93
3634 0.963731 93
3635 0.366817 93
3636 1.618796 93
3637 1.647892 93
3638 1.627860 93
3639 0.613860 93
3640 0.613613 93
3641 0.557871 93
3642 0.737183 93
3643 0.539677 93
3644 1.450505 93
3645 0.722989 93
3646 1.027054 93
3647 1.213237 93
3648 18.719151 93
3649 0.430570 93
3650 1.067696 112
3651 2.568607 112
3652 1.365366 112
3653 1.004393 112
3654 1.921554 112
3655 1.480000 112
3656 1.275616 112
3657 20.000000 112
3658 5.492607 112
3659 3.573411 112
3660 1.737714 112
3661 1.863991 112
3662 1.951937 112
3663 0.990473 112
3664 19.730259 112
3665 1.123357 112
3666 2.757277 112
3667 1.522429 112
3668 1.701321 112
3669 0.758027 112
3670 2.880911 112
3671 0.957009 112
3672 1.176911 112
3673 0.871339 112
3674 1.021018 112
3675 1.097188 112
3676 1.626687 112
3677 1.667205 112
3678 0.585125 112
3679 1.198045 112
3680 1.004116 112
3681 0.917437 112
3682 0.919134 112
3683 0.984268 112
3684 1.001804 112
3685 0.932661 112
3686 1.137589 112
3687 0.993098 112
3688 0.814045 112
3689 1.300286 112
3690 0.514920 112
3691 2.385295 112
3692 0.650857 112
3693 0.421339 112
3694 0.668938 112
3695 0.449866 112
3696 0.652687 112
3697 0.820830 112
3698 1.305491 112
3699 1.036991 112
3700 1.667222 99
3701 1.668111 99
3702 1.471081 99
3703 1.381162 99
3704 1.357253 99
3705 1.373505 99
3706 1.821535 99
3707 1.978606 99
3708 2.187232 99
3709 1.209535 99
3710 1.382444 99
3711 3.203919 99
3712 1.263889 99
3713 1.324192 99
3714 1.358535 99
3715 2.534030 99
3716 1.463626 99
3717 1.745636 99
3718 1.362626 99
3719 1.434404 99
3720 18.168778 99
3721 1.496596 99
3722 1.949313 99
3723 1.514667 99
3724 1.214212 99
3725 1.192404 99
3726 1.273202 99
3727 1.335242 99
3728 1.567232 99
3729 1.166788 99
3730 1.105667 99
3731 0.896303 99
3732 2.320778 99
3733 1.083596 99
3734 0.995384 99
3735 1.303232 99
3736 0.945596 99
3737 1.519030 99
3738 2.494929 99
3739 1.277636 99
3740 1.185838 99
3741 1.182768 99
3742 1.057869 99
3743 0.900333 99
3744 1.745121 99
3745 1.234707 99
3746 1.346354 99
3747 1.009879 99
3748 1.141717 99
3749 1.100192 99
3750 1.299200 110
3751 1.129491 110
3752 1.962955 110
3753 2.289900 110
3754 0.990636 110
3755 1.202227 110
3756 1.696082 110
3757 1.310600 110
3758 1.492618 110
3759 1.266227 110
3760 1.208636 110
3761 1.378673 110
3762 20.000000 110
3763 1.439427 110
3764 1.206518 110
3765 1.044891 110
3766 2.163882 110
3767 19.311864 110
3768 3.255873 110
3769 1.189609 110
3770 1.564055 110
3771 1.321564 110
3772 1.143573 110
3773 0.898745 110
3774 1.078664 110
3775 1.131127 110
3776 8.989791 110
3777 1.136073 110
3778 4.307291 110
3779 3.004036 110
3780 0.606727 110
3781 3.099273 110
3782 13.867036 110
3783 1.641718 110
3784 0.885436 110
3785 0.644855 110
3786 20.000000 110
3787 0.660000 110
3788 0.979564 110
3789 0.768018 110
3790 0.518045 110
3791 0.494118 110
3792 0.561364 110
3793 0.774345 110
3794 0.658018 110
3795 0.562818 110
3796 0.659873 110
3797 0.674727 110
3798 0.378091 110
3799 0.457527 110
3800 1.134701 107
3801 1.405477 107
3802 12.373346 107
3803 1.342430 107
3804 1.710383 107
3805 1.278879 107
3806 1.545766 107
3807 1.301187 107
3808 1.748336 107
3809 2.189879 107
3810 1.572159 107
3811 1.392430 107
3812 1.551047 107
3813 1.644991 107
3814 1.521682 107
3815 1.519673 107
3816 1.377972 107
3817 1.389720 107
3818 1.334430 107
3819 1.648533 107
3820 1.432607 107
3821 13.274757 107
3822 1.047645 107
3823 1.057402 107
3824 1.674168 107
3825 2.654607 107
3826 2.850533 107
3827 1.225841 107
3828 1.575551 107
3829 2.119850 107
3830 1.015523 107
3831 1.009533 107
3832 1.258374 107
3833 0.904243 107
3834 0.921131 107
3835 1.372084 107
3836 1.085355 107
3837 3.012187 107
3838 3.422411 107
3839 1.188897 107
3840 1.505692 107
3841 1.240196 107
3842 1.274785 107
3843 0.904916 107
3844 1.349299 107
3845 0.844168 107
3846 0.861944 107
3847 0.807430 107
3848 0.817570 107
3849 0.988290 107
3850 1.298250 104
3851 3.737163 104
3852 1.507327 104
3853 1.647913 104
3854 1.581606 104
3855 1.590808 104
3856 1.531067 104
3857 4.717510 104
3858 6.627058 104
3859 1.290962 104
3860 1.931750 104
3861 1.437413 104
3862 1.550510 104
3863 1.889837 104
3864 1.535183 104
3865 3.366788 104
3866 1.479490 104
3867 0.870519 104
3868 1.150029 104
3869 1.421115 104
3870 1.325173 104
3871 1.361769 104
3872 1.385538 104
3873 1.983010 104
3874 1.143452 104
3875 1.208288 104
3876 1.224010 104
3877 1.611125 104
3878 1.160452 104
3879 1.389356 104
3880 1.366481 104
3881 1.338212 104
3882 1.207183 104
3883 1.194683 104
3884 0.828394 104
3885 1.235856 104
3886 2.266260 104
3887 1.259173 104
3888 2.070317 104
3889 1.870933 104
3890 1.083606 104
3891 0.763144 104
3892 1.226760 104
3893 0.918558 104
3894 1.286452 104
3895 1.166663 104
3896 0.496394 104
3897 0.979808 104
3898 1.025788 104
3899 0.786596 104
3900 4.624382 110
3901 1.346145 110
3902 1.160164 110
3903 1.206409 110
3904 1.298427 110
3905 1.336018 110
3906 5.840427 110
3907 1.418800 110
3908 0.972145 110
3909 2.152955 110
3910 0.957700 110
3911 1.991145 110
3912 1.005118 110
3913 1.204364 110
3914 0.916455 110
3915 1.321745 110
3916 1.182936 110
3917 0.863555 110
3918 1.141955 110
3919 1.719445 110
3920 1.402382 110
3921 2.177809 110
3922 1.351982 110
3923 1.481536 110
3924 0.975891 110
3925 2.582245 110
3926 2.184291 110
3927 1.931727 110
3928 0.959382 110
3929 2.173064 110
3930 0.822191 110
3931 1.479573 110
3932 1.260900 110
3933 1.033564 110
3934 0.939600 110
3935 0.995173 110
3936 0.796609 110
3937 0.823109 110
3938 1.016373 110
3939 1.290755 110
3940 10.392327 110
3941 0.835955 110
3942 0.779327 110
3943 0.881464 110
3944 0.745564 110
3945 2.628982 110
3946 0.719355 110
3947 0.553218 110
3948 0.799945 110
3949 1.505018 110
3950 1.654136 118
3951 1.440746 118
3952 1.282686 118
3953 3.517500 118
3954 1.393110 118
3955 5.095881 118
3956 2.563763 118
3957 1.181932 118
3958 1.237839 118
3959 1.835958 118
3960 2.747042 118
3961 1.237890 118
3962 1.477000 118
3963 1.331432 118
3964 1.298932 118
3965 2.210873 118
3966 1.106975 118
3967 1.582737 118
3968 1.418517 118
3969 1.308797 118
3970 1.278593 118
3971 1.374483 118
3972 1.054076 118
3973 1.015059 118
3974 1.066331 118
3975 3.475534 118
3976 1.165856 118
3977 1.371805 118
3978 1.139178 118
3979 0.954059 118
3980 19.999966 118
3981 1.090068 118
3982 0.910085 118
3983 1.109898 118
3984 1.190610 118
3985 2.801593 118
3986 13.165737 118
3987 1.184983 118
3988 6.536746 118
3989 2.141797 118
3990 1.345924 118
3991 1.783314 118
3992 2.731712 118
3993 1.718364 118
3994 1.454949 118
3995 1.499542 118
3996 1.705178 118
3997 1.017627 118
3998 1.036627 118
3999 1.717669 118
4000 4.290714 112
4001 1.576036 112
4002 1.764741 112
4003 1.302991 112
4004 15.962455 112
4005 1.188080 112
4006 1.568804 112
4007 2.023821 112
4008 3.794920 112
4009 0.953929 112
4010 2.022554 112
4011 1.384580 112
4012 0.996688 112
4013 1.525339 112
4014 1.095000 112
4015 3.765616 112
4016 1.789250 112
4017 2.266795 112
4018 1.607545 112
4019 1.804045 112
4020 0.924464 112
4021 1.153563 112
4022 0.906446 112
4023 0.885937 112
4024 0.887375 112
4025 1.137036 112
4026 0.928545 112
4027 3.310518 112
4028 0.871741 112
4029 1.160857 112
4030 1.296509 112
4031 4.960821 112
4032 2.396098 112
4033 1.647554 112
4034 1.097420 112
4035 4.216107 112
4036 0.754411 112
4037 0.838482 112
4038 0.701705 112
4039 0.695768 112
4040 20.000000 112
4041 0.491580 112
4042 0.786241 112
4043 0.406170 112
4044 0.873821 112
4045 1.406536 112
4046 1.102839 112
4047 0.454893 112
4048 0.717982 112
4049 0.835696 112
4050 1.091292 120
4051 0.671742 120
4052 2.664808 120
4053 1.780958 120
4054 1.147933 120
4055 1.207758 120
4056 1.182942 120
4057 2.355850 120
4058 18.250758 120
4059 1.445733 120
4060 4.393417 120
4061 1.209350 120
4062 0.970275 120
4063 1.110092 120
4064 1.849550 120
4065 1.119983 120
4066 2.009692 120
4067 2.200258 120
4068 1.272842 120
4069 2.654142 120
4070 1.225608 120
4071 0.492636 118
4072 1.343408 120
4073 1.387317 120
4074 9.558558 120
4075 0.845983 120
4076 0.265625 120
4077 0.895558 120
4078 4.782550 120
4079 1.102625 120
4080 1.034358 120
4081 1.463667 120
4082 0.866117 120
4083 0.886208 120
4084 0.823950 120
4085 0.956658 120
4086 1.784525 120
4087 0.971608 120
4088 0.979942 120
4089 0.545840 119
4090 0.722650 120
4091 1.101642 120
4092 0.907483 120
4093 15.242308 120
4094 0.984417 120
4095 0.861508 120
4096 0.672400 120
4097 1.121242 120
4098 0.810558 120
4099 0.841233 120
4100 1.446070 114
4101 4.775789 114
4102 2.202637 113
4103 1.059096 114
4104 1.003211 114
4105 0.384416 113
4106 3.436088 114
4107 20.000000 114
4108 1.494684 114
4109 1.246982 114
4110 2.695096 114
4111 1.246026 114
4112 2.590491 114
4113 1.400202 114
4114 1.375193 114
4115 1.053482 114
4116 0.441850 113
4117 1.766535 114
4118 1.213684 114
4119 1.422351 114
4120 1.291965 114
4121 19.999728 114
4122 1.398509 114
4123 1.379895 114
4124 1.095851 114
4125 0.529563 112
4126 1.070860 114
4127 1.032851 114
4128 1.140248 113
4129 1.436825 114
4130 1.119193 114
4131 0.479904 114
4132 1.113833 114
4133 1.014877 114
4134 0.976395 114
4135 0.798614 114
4136 0.652640 114
4137 1.246342 114
4138 0.735711 114
4139 0.761333 114
4140 0.967254 114
4141 0.394807 114
4142 0.304044 114
4143 0.661325 114
4144 0.993175 114
4145 0.639579 114
4146 1.037640 114
4147 1.106395 114
4148 0.952702 114
4149 0.390575 113
4150 2.521875 112
4151 2.148170 112
4152 1.533643 112
4153 1.877143 112
4154 0.891054 112
4155 1.353179 112
4156 5.845000 112
4157 1.377330 112
4158 1.240000 112
4159 0.370438 112
4160 1.630536 112
4161 3.579598 112
4162 0.831622 111
4163 1.139000 112
4164 1.540170 112
4165 0.853750 112
4166 1.953920 112
4167 2.375589 112
4168 1.464438 112
4169 1.549518 112
4170 1.014946 112
4171 0.968241 112
4172 0.591339 112
4173 0.269339 112
4174 1.225214 112
4175 1.063348 112
4176 1.134241 112
4177 1.303268 112
4178 0.518378 111
4179 1.327875 112
4180 1.224741 112
4181 1.711036 112
4182 0.568495 111
4183 2.767777 112
4184 0.653676 111
4185 1.184446 112
4186 1.047991 112
4187 1.193964 112
4188 0.303568 111
4189 1.700339 112
4190 1.163259 112
4191 0.391613 111
4192 1.374116 112
4193 1.020429 112
4194 1.071580 112
4195 0.356937 111
4196 2.030080 112
4197 0.960536 112
4198 1.014536 112
4199 0.897554 112
4200 1.420129 116
4201 1.469629 116
4202 1.448543 116
4203 1.458741 116
4204 2.059905 116
4205 1.500681 116
4206 0.893174 115
4207 1.568474 116
4208 0.961443 115
4209 2.878362 116
4210 1.419181 116
4211 0.372365 115
4212 1.326233 116
4213 1.455517 116
4214 0.349026 115
4215 1.368638 116
4216 0.665070 115
4217 1.830897 116
4218 0.696513 115
4219 2.165276 116
4220 1.575302 116
4221 1.187750 116
4222 2.761448 116
4223 1.943276 116
4224 0.728103 116
4225 1.542595 116
4226 1.246276 116
4227 1.355543 116
4228 1.135009 116
4229 1.739621 116
4230 1.235138 116
4231 1.003276 116
4232 1.284552 116
4233 1.101422 116
4234 1.404595 116
4235 1.442060 116
4236 1.117741 116
4237 1.634276 116
4238 0.605078 116
4239 1.199793 116
4240 0.336200 115
4241 0.304439 114
4242 1.558836 116
4243 0.282138 116
4244 0.310426 115
4245 0.269452 115
4246 0.913672 116
4247 1.820793 116
4248 1.446828 116
4249 17.117233 116
4250 16.921050 101
4251 18.495109 101
4252 16.861810 100
4253 16.606690 100
4254 16.609356 101
4255 18.424911 101
4256 15.717921 101
4257 13.500830 100
4258 17.796010 101
4259 16.461790 100
4260 15.763190 100
4261 14.814040 100
4262 16.585921 101
4263 17.392500 100
4264 16.202980 100
4265 16.014505 101
4266 12.493723 101
4267 16.680260 100
4268 13.775840 100
4269 10.903380 100
4270 6.805600 100
4271 4.355950 100
4272 2.672270 100
4273 1.766180 100
4274 19.953347 101
4275 18.812610 100
4276 19.999730 100
4277 19.601370 100
4278 8.195129 101
4279 0.777703 101
4280 0.279280 100
4281 0.557000 101
4282 1.981554 101
4283 1.214320 100
4284 0.860350 100
4285 0.894750 100
4286 0.782600 100
4287 3.361931 101
4288 1.198079 101
4289 0.985604 101
4290 0.888455 101
4291 0.370170 100
4292 0.349370 100
4293 0.393420 100
4294 0.370240 100
4295 0.376820 100
4296 0.334710 100
4297 0.380270 100
4298 1.468881 101
4299 0.569515 101
4300 1.325848 105
4301 0.583838 105
4302 0.667171 105
4303 0.662448 105
4304 0.582514 105
4305 0.564657 105
4306 2.581800 105
4307 1.842352 105
4308 0.510817 104
4309 0.595615 104
4310 1.134848 105
4311 1.377733 105
4312 0.702779 104
4313 0.698038 104
4314 0.646798 104
4315 0.538529 104
4316 0.501240 104
4317 1.917733 105
4318 3.616600 105
4319 1.413733 105
4320 1.947705 105
4321 0.919606 104
4322 1.539529 104
4323 1.091192 104
4324 0.880327 104
4325 1.127962 105
4326 2.524943 105
4327 0.739952 104
4328 0.867962 104
4329 1.648590 105
4330 1.320971 105
4331 0.706750 104
4332 1.753610 105
4333 1.056981 105
4334 1.630010 105
4335 1.385057 105
4336 1.756314 105
4337 2.084800 105
4338 1.124000 105
4339 0.494587 104
4340 1.011905 105
4341 0.991876 105
4342 1.302038 105
4343 1.017038 105
4344 19.999781 105
4345 19.999731 104
4346 19.999702 104
4347 19.999644 104
4348 19.999731 104
4349 19.999654 104
4350 19.999827 104
4351 1.257125 104
4352 1.535490 104
4353 1.502548 104
4354 13.009048 104
4355 15.142106 104
4356 1.348721 104
4357 0.977894 104
4358 16.551558 104
4359 17.757663 104
4360 6.759029 104
4361 5.938340 103
4362 4.295519 104
4363 2.912544 103
4364 3.199683 104
4365 2.968369 103
4366 2.948417 103
4367 2.944311 103
4368 2.748670 103
4369 2.429126 103
4370 1.741680 103
4371 2.202204 103
4372 2.043216 102
4373 1.818382 102
4374 1.580709 103
4375 1.904804 102
4376 1.446686 102
4377 1.202873 102
4378 1.339689 103
4379 0.718365 104
4380 0.196971 103
4381 0.186485 103
4382 0.184423 104
4383 0.193320 103
4384 0.194087 104
4385 0.246942 103
4386 0.192563 103
4387 0.201942 103
4388 8.844269 104
4389 0.776779 104
4390 0.770385 104
4391 0.200689 103
4392 0.438971 103
4393 0.213204 103
4394 0.607231 104
4395 0.191398 103
4396 0.185806 103
4397 0.165010 103
4398 0.199699 103
4399 0.165155 103
4400 1.286126 87
4401 0.368667 87
4402 0.328149 87
4403 0.488609 87
4404 0.471402 87
4405 0.656471 87
4406 1.330264 87
4407 0.767477 86
4408 1.017291 86
4409 0.776195 87
4410 0.728860 86
4411 0.896069 87
4412 1.331356 87
4413 1.406092 87
4414 0.792942 86
4415 0.333849 86
4416 0.639360 86
4417 3.415724 87
4418 1.041477 86
4419 1.091733 86
4420 0.663395 86
4421 1.643138 87
4422 1.152570 86
4423 0.799733 86
4424 0.669012 86
4425 2.110667 87
4426 0.889918 85
4427 1.557082 85
4428 0.496188 85
4429 2.222103 87
4430 0.728581 86
4431 0.568535 86
4432 0.663966 87
4433 3.710678 87
4434 0.569419 86
4435 0.687058 86
4436 0.457523 86
4437 1.444563 87
4438 1.108941 85
4439 0.733267 86
4440 0.660733 86
4441 1.422609 87
4442 0.709442 86
4443 0.608453 86
4444 0.610802 86
4445 1.278885 87
4446 0.687372 86
4447 0.385744 86
4448 0.828419 86
4449 1.181632 87
4450 3.117792 101
4451 1.359248 101
4452 0.741426 101
4453 2.028416 101
4454 1.576733 101
4455 0.481020 101
4456 1.240327 101
4457 0.345650 100
4458 1.290752 101
4459 0.438480 100
4460 1.270861 101
4461 0.308800 100
4462 1.456198 101
4463 0.697030 100
4464 1.367297 101
4465 0.317220 100
4466 1.531663 101
4467 1.179525 101
4468 1.354911 101
4469 0.514980 101
4470 1.361644 101
4471 1.581416 101
4472 0.495640 100
4473 2.106416 101
4474 2.640540 100
4475 1.304139 101
4476 1.213446 101
4477 0.305400 100
4478 1.220723 101
4479 1.334069 101
4480 1.763921 101
4481 1.248327 101
4482 0.763198 101
4483 19.543624 101
4484 1.331733 101
4485 1.340485 101
4486 1.314911 101
4487 1.154248 101
4488 1.756416 101
4489 1.187010 101
4490 0.921535 101
4491 0.680010 101
4492 1.389030 101
4493 1.033871 101
4494 0.956050 101
4495 1.408020 101
4496 1.357455 101
4497 1.163792 101
4498 1.109653 101
4499 1.478574 101
