0 0.431053 118
1 1.655359 118
2 2.201164 118
3 0.971218 118
4 1.017331 118
5 0.000000 118
6 0.563882 118
7 13.954707 118
8 0.652710 118
9 0.569604 118
10 0.573578 118
11 0.290871 118
12 16.885767 118
13 1.846976 118
14 0.433745 118
15 0.657542 118
16 1.277014 118
17 1.383644 118
18 0.715498 118
19 1.410440 118
20 1.474229 118
21 0.457909 118
22 1.145063 118
23 0.643368 118
24 0.906818 118
25 1.003162 118
26 0.685511 118
27 6.050476 118
28 0.866449 118
29 0.675132 118
30 1.470323 118
31 0.743356 118
32 0.451507 118
33 1.298487 118
34 1.364811 118
35 0.794814 118
36 1.308152 118
37 0.510360 118
38 1.051537 118
39 1.019956 118
40 1.198060 118
41 1.088747 118
42 0.937977 118
43 0.874609 118
44 1.559078 118
45 0.795851 118
46 1.397851 118
47 2.121660 118
48 3.792960 118
49 0.856098 118
50 0.494496 117
51 0.597442 117
52 0.669050 117
53 0.715672 117
54 0.333652 117
55 0.335924 117
56 0.574162 117
57 0.589312 117
58 0.435612 117
59 0.000000 117
60 0.128991 117
61 3.146603 117
62 0.565833 117
63 0.643094 117
64 0.595570 117
65 0.826741 117
66 0.496693 117
67 0.716432 117
68 2.058916 117
69 1.455676 117
70 3.226088 117
71 3.039216 117
72 3.188516 117
73 1.203734 117
74 2.373349 117
75 2.779028 117
76 2.910790 117
77 3.205871 117
78 2.982405 117
79 2.904476 117
80 2.980883 117
81 2.810405 117
82 2.023742 117
83 0.830713 117
84 1.027569 117
85 1.127762 117
86 2.211972 117
87 3.380550 117
88 1.776187 117
89 4.520506 117
90 0.000000 117
91 0.861778 117
92 2.936043 117
93 1.896825 117
94 6.253800 117
95 0.000000 117
96 0.251490 117
97 2.613083 117
98 5.059848 117
99 5.468258 117
100 2.174279 96
101 4.688538 96
102 4.088921 96
103 4.576914 96
104 1.143513 96
105 3.185615 96
106 3.429697 96
107 2.328026 96
108 4.715388 96
109 0.873552 96
110 4.287425 96
111 26.706072 96
112 40.721682 96
113 1.686054 96
114 3.508289 96
115 3.724716 96
116 1.398636 96
117 1.646309 96
118 3.448865 96
119 4.350187 96
120 1.864193 96
121 1.601898 96
122 23.455846 96
123 1.791214 96
124 0.898551 96
125 2.407504 96
126 6.144355 96
127 3.370362 96
128 1.444069 96
129 27.799110 96
130 1.195346 96
131 1.078987 96
132 1.521234 96
133 0.865035 96
134 2.697007 96
135 2.924868 96
136 8.321156 96
137 1.180066 96
138 1.944371 96
139 2.001188 96
140 20.633190 96
141 1.260173 96
142 2.966496 96
143 0.933411 96
144 0.714447 96
145 0.970569 96
146 2.550208 96
147 1.471301 96
148 0.869614 96
149 1.979097 96
150 0.934734 105
151 1.879027 105
152 1.358007 105
153 0.378159 105
154 0.889529 105
155 1.790784 105
156 2.204517 105
157 0.651171 105
158 1.046597 105
159 1.547983 105
160 29.936808 105
161 0.712618 105
162 0.802614 105
163 0.961643 105
164 4.015744 105
165 3.309565 105
166 3.546071 105
167 1.650382 105
168 3.751294 105
169 0.000000 105
170 0.000000 105
171 30.317829 105
172 1.056442 105
173 1.542388 105
174 3.019009 105
175 4.151298 105
176 4.623059 105
177 5.958783 105
178 5.030392 105
179 0.061641 105
180 1.169436 105
181 5.834892 105
182 6.842180 105
183 7.140769 105
184 7.216126 105
185 6.966538 105
186 9.025652 105
187 0.101578 105
188 1.711648 105
189 9.311644 105
190 9.143756 105
191 0.115313 105
192 1.856280 105
193 9.881543 105
194 9.117266 105
195 0.118021 105
196 1.808691 105
197 8.139142 105
198 8.076004 105
199 9.307015 105
200 0.131130 100
201 1.885744 100
202 2.686513 100
203 3.096907 100
204 3.236179 99
205 3.865646 99
206 4.145612 99
207 4.688033 99
208 0.115774 99
209 1.290905 99
210 5.127244 99
211 5.476073 99
212 5.312328 99
213 5.781839 99
214 6.529238 99
215 6.112116 99
216 6.750218 99
217 6.665140 99
218 6.701362 99
219 7.227415 99
220 7.211602 99
221 7.013648 99
222 7.195938 99
223 7.689211 99
224 7.233202 99
225 7.532494 99
226 7.106818 99
227 0.127089 99
228 2.091345 99
229 7.533820 99
230 7.572658 99
231 0.113671 99
232 1.939996 99
233 7.871573 99
234 7.335508 99
235 7.604559 99
236 7.870149 99
237 7.562227 99
238 8.010090 99
239 7.754909 99
240 7.715565 99
241 7.580142 99
242 7.379498 99
243 7.409933 99
244 7.394518 99
245 7.972390 99
246 7.628943 99
247 0.131954 99
248 2.026751 99
249 7.678665 99
250 0.316453 105
251 3.373765 105
252 4.880517 105
253 0.108580 105
254 1.752493 105
255 5.666946 105
256 5.574925 105
257 6.065362 105
258 6.117085 105
259 6.167444 105
260 6.103274 105
261 6.966473 105
262 6.906075 105
263 6.989126 105
264 9.121373 105
265 7.926076 105
266 7.595360 105
267 7.956861 105
268 8.300691 105
269 8.491668 105
270 8.682373 105
271 0.138266 105
272 0.125911 105
273 0.120585 105
274 0.124540 105
275 0.126931 105
276 2.030006 105
277 8.837211 105
278 9.001902 105
279 0.134386 105
280 1.856209 105
281 8.892483 105
282 9.248041 105
283 8.746639 105
284 8.830044 105
285 8.587531 105
286 7.989572 105
287 8.339526 105
288 9.361723 105
289 9.287141 105
290 9.136007 105
291 0.142677 105
292 1.970007 105
293 9.440948 105
294 9.492868 105
295 9.318120 105
296 9.532335 105
297 8.751429 105
298 9.061712 105
299 7.972998 105
300 0.326098 105
301 4.158447 105
302 3.401193 105
303 4.321496 105
304 4.440303 105
305 4.527086 105
306 4.360826 105
307 4.178629 105
308 5.127038 105
309 5.966443 105
310 7.126846 105
311 6.573799 105
312 7.143886 105
313 7.670884 105
314 7.545801 105
315 7.361490 105
316 7.347119 105
317 8.565516 105
318 8.836234 105
319 8.703369 105
320 8.643125 105
321 8.885097 105
322 9.122012 105
323 8.263616 105
324 9.226652 105
325 9.120134 105
326 8.678640 105
327 8.683552 105
328 8.726297 105
329 9.464176 105
330 9.434155 105
331 8.767614 105
332 8.514309 105
333 8.492406 105
334 9.263183 105
335 9.013208 105
336 9.068953 105
337 8.994209 105
338 0.158824 105
339 2.339613 105
340 9.380004 105
341 9.221270 105
342 9.179970 105
343 8.649104 105
344 9.190224 105
345 9.094109 105
346 8.894031 105
347 8.906462 105
348 9.090694 105
349 9.049344 105
350 0.073362 111
351 1.114395 111
352 2.394296 111
353 4.056471 111
354 4.146897 111
355 0.100580 111
356 0.082108 111
357 0.080404 111
358 0.071534 111
359 1.006013 111
360 5.663187 111
361 6.323155 111
362 0.081779 111
363 1.406808 111
364 0.087039 111
365 2.359657 111
366 0.090866 111
367 0.084422 111
368 1.626183 111
369 7.747378 111
370 0.095779 111
371 0.095123 111
372 0.100334 111
373 1.760233 111
374 0.107315 111
375 1.770748 111
376 7.227295 111
377 8.189563 111
378 0.116883 111
379 0.115503 111
380 1.963474 111
381 8.935030 111
382 8.984069 111
383 0.124260 111
384 0.123709 111
385 2.055616 111
386 8.746475 111
387 9.597935 111
388 0.136539 111
389 0.143598 111
390 0.159519 111
391 0.171631 111
392 2.538269 111
393 8.116736 111
394 0.194813 111
395 0.211169 111
396 2.458178 111
397 0.255786 111
398 0.269705 111
399 0.301606 111
400 0.503318 104
401 4.159094 104
402 4.346926 104
403 5.252791 104
404 0.122746 104
405 0.103744 104
406 0.089296 104
407 0.085733 104
408 2.495198 104
409 0.091831 104
410 0.000000 104
411 0.000000 104
412 0.000000 104
413 0.000000 104
414 0.000000 104
415 0.000000 104
416 0.000000 104
417 0.000000 104
418 0.000000 104
419 0.000000 104
420 0.000000 104
421 0.000000 104
422 0.000000 104
423 0.000000 104
424 0.000000 104
425 0.000000 104
426 0.000000 104
427 0.000000 104
428 0.000000 104
429 0.000000 104
430 0.000000 104
431 0.000000 104
432 0.000000 104
433 0.000000 104
434 0.000000 104
435 0.000000 104
436 0.000000 104
437 0.000000 104
438 0.000000 104
439 0.000000 104
440 0.000000 104
441 0.000000 104
442 0.000000 104
443 0.000000 104
444 0.000000 104
445 0.000000 104
446 0.000000 104
447 0.000000 104
448 0.000000 104
449 0.000000 104
450 0.000000 109
451 0.000000 109
452 0.000000 109
453 0.000000 109
454 0.000000 109
455 0.000000 109
456 0.000000 109
457 0.000000 109
458 0.000000 109
459 0.007313 109
460 12.578327 109
461 1.140530 109
462 2.103596 109
463 4.669654 109
464 5.210830 109
465 8.114534 109
466 1.630891 109
467 2.544425 109
468 5.630383 109
469 11.982589 109
470 1.899492 109
471 1.639119 109
472 1.467680 109
473 2.357411 109
474 3.540435 109
475 1.595183 109
476 1.557063 109
477 1.576980 109
478 1.804529 109
479 1.683165 109
480 4.585026 109
481 1.943070 109
482 0.002400 109
483 3.710888 109
484 8.281772 109
485 5.782383 109
486 3.365157 109
487 6.718939 109
488 7.059744 109
489 2.035773 109
490 2.838570 109
491 8.590764 109
492 8.896726 109
493 1.756103 109
494 3.762113 109
495 4.045133 109
496 1.569299 109
497 7.831708 109
498 5.896952 109
499 1.118924 109
500 0.558651 116
501 4.026202 116
502 12.005947 116
503 5.354306 116
504 1.207142 116
505 1.641468 116
506 1.659436 116
507 1.642856 116
508 0.635012 116
509 3.943634 116
510 20.642999 116
511 0.963079 116
512 0.606468 116
513 0.000000 116
514 0.899166 116
515 2.907353 116
516 1.910942 116
517 1.348168 116
518 3.295946 116
519 3.401289 116
520 2.578026 116
521 2.576663 116
522 3.575470 116
523 12.185221 116
524 1.821001 116
525 2.835331 116
526 0.000000 116
527 13.280797 116
528 1.326160 116
529 2.614812 116
530 0.804968 116
531 1.554118 116
532 1.608097 116
533 2.427347 116
534 5.215933 116
535 2.764225 116
536 3.974966 116
537 2.112414 116
538 1.802251 116
539 4.117737 116
540 4.449455 116
541 3.285198 116
542 2.076780 116
543 0.314803 116
544 0.523266 116
545 1.792727 116
546 0.000000 116
547 1.521132 116
548 0.770599 116
549 10.862294 116
550 10.921714 105
551 83.917422 105
552 15.155291 105
553 2.009194 105
554 1.210790 105
555 1.147858 105
556 1.365283 105
557 18.931976 105
558 1.325284 105
559 86.138062 105
560 1.203586 105
561 24.766563 105
562 6.108836 105
563 3.678835 105
564 1.503185 105
565 42.472573 105
566 1.652541 105
567 181.188727 105
568 2.680610 105
569 0.325154 105
570 0.774099 105
571 0.550114 105
572 1.243421 105
573 1.300251 105
574 1.162174 105
575 1.178567 105
576 1.126328 105
577 1.630047 105
578 1.017320 105
579 1.685462 105
580 1.563533 105
581 1.466971 105
582 1.510660 105
583 1.384884 105
584 1.496663 105
585 1.472299 105
586 0.557686 105
587 0.653716 105
588 0.593850 105
589 1.665673 105
590 1.000805 105
591 0.438944 105
592 0.000000 105
593 0.397551 105
594 0.764057 105
595 0.979722 105
596 0.940854 105
597 0.909705 105
598 0.399371 105
599 0.779823 105
600 0.464088 114
601 0.930235 114
602 0.862991 114
603 0.310880 114
604 0.751511 114
605 0.929066 114
606 0.832363 114
607 0.937555 114
608 3.041309 114
609 0.471594 113
610 0.948966 113
611 0.349566 113
612 0.784177 113
613 0.896131 113
614 0.961052 113
615 0.956442 113
616 2.099205 113
617 2.890198 113
618 0.235292 113
619 1.006609 113
620 0.815014 113
621 0.296926 113
622 0.000000 113
623 0.000000 113
624 0.000000 113
625 0.709021 113
626 0.133282 113
627 0.157221 113
628 0.174178 113
629 0.168588 113
630 0.568419 113
631 0.404190 113
632 3.006131 113
633 3.043903 113
634 0.576941 113
635 0.795554 113
636 0.578296 113
637 0.559262 113
638 0.429184 113
639 0.679200 113
640 0.511768 113
641 0.483589 113
642 0.432240 113
643 0.480635 113
644 0.312228 113
645 0.618383 113
646 0.582874 113
647 0.632660 113
648 0.476925 113
649 1.730111 113
650 0.246822 109
651 0.615959 109
652 1.480069 109
653 0.549112 109
654 0.249952 109
655 6.302602 109
656 1.093859 109
657 0.474425 109
658 0.495774 109
659 0.143050 109
660 0.994036 109
661 0.372370 109
662 0.880839 109
663 0.614347 109
664 0.626678 109
665 0.411879 109
666 0.360540 109
667 0.643221 109
668 1.562390 109
669 0.609731 109
670 1.346495 109
671 0.684436 109
672 0.419210 109
673 0.538880 109
674 0.418261 109
675 0.372473 109
676 0.000000 109
677 0.610732 109
678 1.998951 109
679 0.000000 109
680 0.322251 109
681 4.628402 109
682 1.377698 109
683 0.051723 109
684 0.553313 109
685 0.886010 109
686 0.371872 109
687 0.327197 109
688 0.504586 109
689 1.141865 109
690 0.679068 109
691 0.331056 109
692 0.302470 109
693 0.549360 109
694 0.558689 109
695 0.397844 109
696 0.539058 109
697 209.357524 109
698 0.260663 109
699 0.623969 109
700 0.589305 99
701 1.963057 99
702 0.378667 99
703 0.958306 99
704 0.551029 99
705 0.318195 99
706 0.347601 99
707 0.377600 99
708 0.343183 99
709 0.494023 99
710 0.661202 99
711 0.403170 99
712 0.665284 99
713 0.574612 99
714 12.100473 99
715 4.768700 99
716 12.528218 99
717 7.790354 99
718 0.767875 99
719 1.007016 99
720 0.307472 99
721 0.308214 99
722 0.670073 99
723 0.595898 99
724 0.453270 99
725 0.258268 99
726 0.234250 99
727 0.178659 99
728 0.218786 99
729 0.484767 99
730 0.712041 99
731 0.679294 99
732 0.238954 99
733 0.679652 99
734 0.258037 99
735 0.513460 99
736 3.309876 99
737 0.629700 99
738 42.522442 99
739 81.254565 99
740 83.331491 99
741 1.181611 99
742 2.354983 99
743 2.541544 99
744 1.679952 99
745 3.345352 99
746 1.095107 99
747 2.493223 99
748 2.929415 99
749 1.646891 99
750 8.335926 100
751 1.736940 100
752 1.005849 100
753 3.021873 100
754 1.402234 100
755 15.730211 100
756 9.595666 100
757 69.775143 100
758 0.960690 100
759 11.641028 100
760 1.198710 100
761 19.065691 100
762 0.561296 100
763 3.856699 100
764 4.995089 100
765 1.547924 100
766 0.807699 100
767 3.793069 100
768 1.465529 100
769 0.794317 100
770 5.055699 100
771 0.486719 100
772 0.346543 100
773 0.277494 100
774 0.843920 100
775 2.182780 100
776 0.000000 100
777 1.524144 100
778 0.942464 100
779 0.794396 100
780 1.482297 100
781 2.607840 100
782 5.332905 100
783 1.303802 100
784 1.208916 100
785 1.264593 100
786 3.112518 100
787 1.264685 100
788 2.761366 100
789 0.556736 100
790 0.793819 100
791 51.295969 100
792 2.013948 100
793 1.146419 100
794 0.981090 100
795 1.020340 100
796 0.999718 100
797 0.794636 100
798 0.805365 100
799 0.992941 100
800 37.539193 113
801 3.464200 113
802 1.410826 113
803 19.991509 113
804 3.531502 113
805 1.202698 113
806 19.248510 113
807 1.543048 113
808 0.583123 113
809 5.040835 113
810 7.437793 113
811 1.643870 113
812 1.377609 113
813 3.981119 113
814 2.492438 113
815 0.879210 113
816 8.496619 113
817 6.434709 113
818 5.171307 113
819 4.825817 113
820 4.376775 113
821 4.940540 113
822 1.486116 113
823 1.322641 113
824 0.052026 113
825 5.030099 113
826 1.240331 113
827 4.872481 113
828 1.809452 113
829 7.775032 113
830 16.833277 113
831 10.716051 113
832 66.236368 113
833 1.487530 113
834 1.591204 113
835 1.082397 113
836 1.170667 113
837 0.975819 113
838 0.873885 113
839 7.701256 113
840 16.181636 113
841 0.246553 113
842 2.497087 113
843 2.095833 113
844 1.508273 113
845 2.090414 113
846 173.371460 113
847 1.914866 113
848 2.269459 113
849 1.130995 113
850 13.510746 110
851 0.913811 110
852 2.237581 110
853 1.956648 110
854 1.615914 110
855 4.785548 110
856 4.248884 110
857 2.027002 110
858 4.988721 110
859 4.930327 110
860 2.630709 110
861 2.816729 110
862 1.356281 110
863 1.574851 110
864 1.362696 110
865 1.667869 110
866 0.000000 110
867 0.102808 110
868 0.000000 110
869 0.000000 110
870 0.067863 110
871 0.000000 110
872 0.060290 110
873 0.000000 110
874 0.000000 110
875 0.000000 110
876 0.000000 110
877 0.000000 110
878 0.000000 110
879 0.000000 110
880 0.000000 110
881 0.000000 110
882 0.000000 110
883 0.000000 110
884 0.000000 110
885 0.000000 110
886 0.000000 110
887 0.000000 110
888 0.000000 110
889 0.000000 110
890 0.000000 110
891 0.000000 110
892 0.140611 110
893 0.000000 110
894 0.220777 110
895 1.467919 110
896 5.409580 110
897 5.213194 110
898 2.303675 110
899 5.383651 110
900 1.311374 105
901 0.460164 105
902 7.993701 105
903 18.750356 105
904 17.756189 105
905 6.130956 105
906 2.890815 105
907 3.084575 105
908 6.593894 105
909 2.879021 105
910 2.688697 105
911 6.596405 105
912 2.725327 105
913 2.932611 105
914 1.157571 105
915 3.093516 105
916 2.355483 105
917 0.000000 105
918 0.000000 105
919 0.000000 105
920 0.000000 105
921 0.000000 105
922 0.000000 105
923 0.000000 105
924 0.000000 105
925 0.000000 105
926 0.000000 105
927 0.000000 105
928 0.000000 105
929 0.000000 105
930 0.000000 105
931 3.599562 105
932 4.097219 105
933 2.923854 105
934 5.023102 105
935 6.096348 105
936 13.280185 105
937 5.108245 105
938 4.478581 105
939 1.301724 105
940 3.254283 105
941 3.547391 105
942 3.638595 105
943 4.399389 105
944 2.195191 105
945 1.419800 105
946 2.141131 105
947 2.570851 105
948 2.165617 105
949 5.074650 105
950 2.201895 105
951 35.904299 105
952 1.834413 105
953 2.260020 105
954 1.967658 105
955 2.941783 105
956 1.539640 105
957 3.041661 105
958 4.554816 105
959 4.632129 105
960 1.555031 105
961 4.452058 105
962 3.401618 105
963 4.710766 105
964 1.474493 105
965 2.563001 105
966 4.225940 105
967 22.911080 105
968 32.974165 105
969 32.908816 105
970 32.982165 105
971 33.292395 105
972 2.151842 105
973 1.836803 105
974 2.352030 105
975 4.191908 105
976 1.328705 105
977 1.053587 105
978 2.392793 105
979 1.194762 105
980 1.196300 105
981 12.953004 105
982 1.634603 105
983 1.795229 105
984 2.309683 105
985 8.085431 105
986 1.460580 105
987 3.816168 105
988 1.770686 105
989 0.124101 105
990 2.095219 105
991 1.337253 105
992 1.729789 105
993 2.134607 105
994 0.955622 105
995 0.884481 105
996 1.419501 105
997 2.969437 105
998 3.122269 105
999 0.586822 105
1000 1.258423 86
1001 1.678979 86
1002 0.788277 86
1003 2.707975 86
1004 1.056493 86
1005 1.200084 86
1006 5.184038 86
1007 0.865067 86
1008 1.013474 86
1009 1.124559 86
1010 1.474145 86
1011 1.070017 86
1012 5.220885 86
1013 13.992612 86
1014 1.340106 86
1015 1.573659 86
1016 4.577066 86
1017 5.870420 86
1018 4.831786 86
1019 5.024596 86
1020 5.975720 86
1021 5.418350 86
1022 5.253113 86
1023 4.872842 86
1024 5.593895 86
1025 4.976219 86
1026 5.280157 86
1027 4.680030 86
1028 5.390276 86
1029 4.759938 86
1030 5.401175 86
1031 5.039221 86
1032 1.704058 86
1033 3.204993 86
1034 3.673262 86
1035 1.659924 86
1036 4.834802 86
1037 1.587128 86
1038 3.979896 86
1039 3.117638 86
1040 1.857656 86
1041 4.827098 86
1042 2.443683 86
1043 0.000000 86
1044 0.000000 86
1045 0.000000 86
1046 1.247390 86
1047 2.345472 86
1048 2.533549 86
1049 3.836692 86
1050 7.694231 106
1051 9.125844 106
1052 9.988051 106
1053 2.302998 106
1054 4.311572 106
1055 2.393761 106
1056 5.990363 106
1057 6.183540 106
1058 2.535640 106
1059 6.476149 106
1060 6.674191 106
1061 26.314316 106
1062 95.391808 106
1063 119.711635 106
1064 156.443222 106
1065 60.790680 106
1066 202.334946 106
1067 39.819449 106
1068 132.860686 106
1069 71.017762 106
1070 74.305759 106
1071 172.555672 106
1072 88.910806 106
1073 136.241153 106
1074 43.432191 106
1075 70.609362 106
1076 136.998476 106
1077 91.554010 106
1078 169.088936 106
1079 245.961423 106
1080 68.579070 106
1081 73.822251 106
1082 172.203633 106
1083 143.266875 106
1084 146.087317 106
1085 42.249096 106
1086 90.828589 106
1087 0.552015 106
1088 1.241658 106
1089 0.934080 106
1090 0.611197 106
1091 1.168344 106
1092 0.845845 106
1093 0.679028 106
1094 1.984316 106
1095 1.039697 106
1096 2.657235 106
1097 4.254959 106
1098 4.445536 106
1099 6.258426 106
1100 2.533984 119
1101 1.520871 119
1102 230.380626 119
1103 0.994533 119
1104 0.950401 119
1105 1.169692 119
1106 0.938927 119
1107 1.065093 119
1108 2.004179 119
1109 4.897790 119
1110 6.533891 119
1111 5.310393 119
1112 0.060415 119
1113 22.728055 119
1114 1.090425 119
1115 1.103482 119
1116 1.059778 119
1117 2.784821 119
1118 2.198672 119
1119 1.916266 119
1120 2.959993 119
1121 2.932573 119
1122 0.429134 119
1123 1.267505 119
1124 1.225045 119
1125 0.460941 119
1126 2.615564 119
1127 5.712523 119
1128 5.582136 119
1129 2.317938 119
1130 1.966395 119
1131 2.763449 119
1132 0.014353 119
1133 0.016371 119
1134 3.432908 119
1135 10.502499 119
1136 69.569283 119
1137 2.092192 119
1138 5.934743 119
1139 0.311779 119
1140 1.065300 119
1141 0.803563 119
1142 0.000000 119
1143 0.587156 119
1144 0.833482 119
1145 4.891940 119
1146 10.350666 119
1147 69.840168 119
1148 7.813114 119
1149 3.287007 119
1150 2.062437 110
1151 4.748374 110
1152 5.288888 109
1153 2.010495 110
1154 2.475785 110
1155 2.577489 110
1156 0.024376 110
1157 0.024143 110
1158 1.622850 110
1159 3.310058 110
1160 30.360125 110
1161 69.616253 110
1162 9.630023 110
1163 28.541531 110
1164 7.535644 110
1165 5.052230 110
1166 6.462604 110
1167 1.923116 110
1168 1.488783 110
1169 6.863029 110
1170 0.525486 110
1171 1.287998 110
1172 0.598930 110
1173 1.132061 110
1174 0.639896 110
1175 1.191465 110
1176 0.615413 110
1177 1.359501 110
1178 0.597161 110
1179 1.207850 110
1180 0.623365 110
1181 1.164568 110
1182 2.151897 110
1183 1.651569 110
1184 6.774102 110
1185 15.745706 110
1186 1.020276 110
1187 2.150841 110
1188 0.000000 110
1189 0.000000 110
1190 5.391645 110
1191 8.642987 110
1192 45.386784 110
1193 2.185700 110
1194 4.857068 110
1195 3.209255 110
1196 7.563206 110
1197 4.854435 110
1198 2.334470 110
1199 4.164112 110
1200 17.876084 111
1201 43.123477 111
1202 1.187639 111
1203 5.632039 111
1204 0.000000 111
1205 3.334839 111
1206 9.850665 111
1207 5.054161 111
1208 1.905769 111
1209 3.028529 111
1210 0.373188 111
1211 33.560653 111
1212 15.524458 111
1213 7.678650 111
1214 4.849422 111
1215 0.346074 111
1216 1.457473 111
1217 1.379216 111
1218 4.162418 111
1219 1.405277 111
1220 1.053147 111
1221 0.351098 111
1222 1.487600 111
1223 7.046686 111
1224 8.126754 111
1225 1.966736 111
1226 1.515312 111
1227 21.607229 111
1228 2.576328 111
1229 2.536892 111
1230 39.671422 111
1231 1.697219 111
1232 4.099493 111
1233 2.094046 111
1234 4.403710 111
1235 38.095227 111
1236 0.548938 111
1237 1.045792 111
1238 3.459505 111
1239 1.356666 111
1240 2.559673 111
1241 6.139668 111
1242 0.981809 111
1243 0.008724 111
1244 1.808807 111
1245 7.584884 111
1246 51.226713 111
1247 1.066781 111
1248 0.505957 111
1249 0.515505 111
1250 19.566648 112
1251 1.818654 112
1252 4.565547 112
1253 5.482420 112
1254 20.864687 112
1255 4.290146 112
1256 1.285802 112
1257 6.215409 112
1258 2.847890 112
1259 0.523324 112
1260 2.723764 112
1261 1.484056 112
1262 5.593371 112
1263 5.926485 112
1264 0.982756 112
1265 0.801866 112
1266 2.320217 112
1267 1.706389 112
1268 16.465645 112
1269 2.246180 112
1270 2.923351 112
1271 5.835952 112
1272 5.794655 112
1273 5.838931 112
1274 6.455405 112
1275 6.179064 112
1276 6.365733 112
1277 4.992759 112
1278 1.671847 112
1279 0.610423 112
1280 0.627405 112
1281 0.837032 112
1282 0.000000 112
1283 0.603333 112
1284 0.673579 112
1285 7.364619 112
1286 4.625979 112
1287 16.187591 112
1288 1.995102 112
1289 4.303600 112
1290 0.159649 112
1291 17.848819 112
1292 17.899425 112
1293 1.615927 112
1294 2.034190 112
1295 13.350272 112
1296 2.064801 112
1297 1.773842 112
1298 413.614124 112
1299 0.000000 112
1300 0.526523 109
1301 1.167443 109
1302 1.123422 109
1303 0.446161 109
1304 1.174528 109
1305 0.510869 109
1306 2.793497 109
1307 0.447173 109
1308 0.952274 109
1309 1.038586 109
1310 1.106150 109
1311 2.607433 109
1312 2.619511 109
1313 2.196735 109
1314 7.072521 109
1315 0.573962 109
1316 1.533218 109
1317 1.105766 109
1318 0.685926 109
1319 1.492616 109
1320 1.096778 109
1321 2.565867 109
1322 0.144195 109
1323 0.750206 109
1324 1.344787 109
1325 1.051373 109
1326 0.480357 109
1327 0.017816 109
1328 1.844371 109
1329 0.125764 109
1330 29.853357 109
1331 1.294578 109
1332 1.451534 109
1333 1.028741 109
1334 1.643791 109
1335 1.973628 109
1336 2.020705 109
1337 1.988139 109
1338 2.095871 109
1339 1.972340 109
1340 1.872527 109
1341 2.084083 109
1342 2.221343 109
1343 2.199395 109
1344 2.052931 109
1345 2.261357 109
1346 2.066609 109
1347 2.142314 109
1348 2.448395 109
1349 2.442562 109
1350 1.128670 100
1351 1.701215 100
1352 1.895199 100
1353 1.902264 100
1354 1.780288 100
1355 1.774869 100
1356 1.851010 100
1357 1.945603 100
1358 2.047477 100
1359 1.794811 100
1360 2.054571 100
1361 2.011697 100
1362 1.996005 100
1363 1.910595 100
1364 3.095991 100
1365 2.197183 100
1366 1.895605 100
1367 1.839020 100
1368 1.980139 100
1369 2.021556 100
1370 2.115398 100
1371 2.145406 100
1372 2.310072 100
1373 2.409548 100
1374 2.352613 100
1375 2.223010 100
1376 2.155517 100
1377 2.161201 100
1378 2.387289 100
1379 2.121232 100
1380 2.131051 100
1381 2.388614 100
1382 2.371083 100
1383 2.183427 100
1384 2.608504 100
1385 2.523520 100
1386 19.628568 100
1387 87.335347 100
1388 58.087237 100
1389 51.825176 100
1390 56.399234 100
1391 94.393949 100
1392 123.233398 100
1393 269.264720 100
1394 112.314324 100
1395 127.633462 100
1396 30.729994 100
1397 73.393768 100
1398 53.879103 100
1399 111.849789 100
1400 17.438395 98
1401 71.314722 98
1402 41.388410 98
1403 48.977761 98
1404 53.469266 98
1405 97.906504 98
1406 49.093915 98
1407 210.505241 98
1408 42.584576 98
1409 64.844912 98
1410 97.129303 98
1411 91.681796 98
1412 48.674333 98
1413 123.210396 98
1414 115.138715 98
1415 46.439733 98
1416 105.449659 98
1417 16.012038 98
1418 79.216081 98
1419 91.423916 98
1420 118.021483 98
1421 47.599148 98
1422 47.467363 98
1423 29.119705 98
1424 232.760999 98
1425 106.065238 98
1426 46.170926 98
1427 106.463708 98
1428 59.387394 98
1429 109.308048 98
1430 63.477335 98
1431 47.088123 98
1432 127.206183 98
1433 1.147381 98
1434 3.454926 98
1435 0.000000 98
1436 0.001806 98
1437 0.000000 98
1438 0.000000 98
1439 0.000000 98
1440 0.190354 98
1441 3.538046 97
1442 3.160448 97
1443 0.191937 97
1444 1.211684 97
1445 2.551640 97
1446 21.240876 97
1447 1.495784 97
1448 1.400020 97
1449 2.038328 97
1450 1.649354 92
1451 2.683666 92
1452 3.191006 92
1453 3.390061 92
1454 0.765072 92
1455 1.489508 92
1456 0.000000 92
1457 1.510536 92
1458 1.924647 92
1459 2.248407 92
1460 1.692971 92
1461 3.129452 92
1462 1.572272 92
1463 3.735999 92
1464 1.482344 92
1465 0.850689 92
1466 1.981712 92
1467 2.053575 92
1468 1.679433 92
1469 1.718946 92
1470 1.458259 92
1471 1.911469 92
1472 4.999786 92
1473 7.457233 91
1474 2.608152 92
1475 4.891954 92
1476 1.854536 92
1477 4.151488 92
1478 0.960531 92
1479 2.107406 92
1480 1.018249 92
1481 0.789873 92
1482 4.762852 92
1483 0.977392 92
1484 3.193361 92
1485 0.830753 92
1486 5.483818 92
1487 2.028492 92
1488 0.840754 92
1489 2.364243 92
1490 1.205042 92
1491 1.589350 92
1492 4.023409 92
1493 1.412367 92
1494 2.084166 92
1495 26.347768 92
1496 1.881149 92
1497 1.079829 92
1498 0.908842 92
1499 0.903529 92
1500 0.542756 107
1501 1.216470 107
1502 4.157138 107
1503 1.795615 107
1504 1.514149 107
1505 1.498428 107
1506 1.345991 107
1507 1.455086 107
1508 1.713113 107
1509 1.492367 107
1510 1.443509 107
1511 0.577601 107
1512 0.113277 107
1513 1.176436 107
1514 1.406378 107
1515 1.338396 107
1516 1.889822 107
1517 0.606473 107
1518 0.454631 107
1519 9.118743 107
1520 66.437237 107
1521 0.390800 107
1522 1.150948 107
1523 0.672711 107
1524 2.732624 107
1525 1.214639 107
1526 3.272996 107
1527 2.937661 107
1528 0.000000 107
1529 0.000000 107
1530 0.000000 107
1531 0.000000 107
1532 1.323879 107
1533 2.089550 107
1534 2.482497 107
1535 2.369646 107
1536 118.088424 107
1537 1.007914 107
1538 1.001297 107
1539 0.855376 107
1540 1.009897 107
1541 1.051694 107
1542 1.030297 107
1543 1.038237 107
1544 1.039681 107
1545 1.161725 107
1546 1.702646 107
1547 0.000000 107
1548 1.294934 107
1549 2.661243 107
1550 2.061588 121
1551 0.993541 121
1552 0.710793 121
1553 2.428731 121
1554 6.351322 121
1555 0.643097 121
1556 3.204610 121
1557 0.784618 121
1558 1.958876 121
1559 1.647241 121
1560 1.408905 121
1561 1.887380 121
1562 1.307960 121
1563 0.547265 121
1564 1.007047 121
1565 2.611835 121
1566 2.309183 121
1567 2.866021 121
1568 0.564480 121
1569 0.592061 121
1570 0.042999 121
1571 1.800592 121
1572 1.373642 121
1573 1.790453 121
1574 0.487575 121
1575 0.129960 121
1576 9.326330 121
1577 1.032758 121
1578 0.742648 121
1579 1.113264 121
1580 1.602181 121
1581 3.031850 121
1582 2.801349 121
1583 2.939801 121
1584 10.219258 121
1585 12.372746 121
1586 1.104726 121
1587 2.385302 121
1588 0.115480 121
1589 1.048181 121
1590 1.628440 121
1591 1.544508 121
1592 1.255767 121
1593 2.044459 121
1594 0.858763 121
1595 0.005498 121
1596 0.740363 121
1597 0.912778 121
1598 2.638632 121
1599 5.333117 121
1600 2.236374 113
1601 1.953514 113
1602 4.514449 113
1603 4.359334 113
1604 4.206839 113
1605 1.557130 113
1606 4.311802 113
1607 3.804063 113
1608 1.299359 113
1609 3.339983 113
1610 3.662984 113
1611 2.019464 113
1612 4.514252 113
1613 1.562847 113
1614 4.349760 113
1615 2.118109 113
1616 3.900543 113
1617 4.285413 113
1618 4.097036 113
1619 5.015264 113
1620 1.055755 113
1621 11.295238 113
1622 1.734892 113
1623 1.204368 113
1624 1.138572 113
1625 2.233433 113
1626 1.418397 113
1627 2.266794 113
1628 1.395847 113
1629 2.210774 113
1630 28.920742 113
1631 89.473528 113
1632 2.362266 113
1633 1.175263 113
1634 36.753400 113
1635 1.263640 113
1636 0.000000 113
1637 0.000000 113
1638 0.000000 113
1639 4.673504 113
1640 0.877734 113
1641 1.041212 113
1642 2.162929 113
1643 4.779049 113
1644 2.640255 113
1645 6.101466 113
1646 1.071615 113
1647 2.633284 113
1648 0.557134 113
1649 1.099864 113
1650 2.085543 98
1651 2.554314 98
1652 2.314413 98
1653 0.574418 98
1654 40.911777 98
1655 16.322077 98
1656 1.941625 98
1657 1.815139 98
1658 1.204103 98
1659 1.189944 98
1660 1.761784 98
1661 2.683500 98
1662 2.194927 98
1663 2.149751 98
1664 0.254628 98
1665 1.582458 98
1666 1.717207 98
1667 0.673429 98
1668 1.308264 98
1669 1.617156 98
1670 0.584973 98
1671 1.529206 98
1672 0.064310 98
1673 0.034206 98
1674 0.015407 98
1675 0.019296 98
1676 0.011366 98
1677 0.014107 98
1678 0.016381 98
1679 0.316440 98
1680 0.015809 98
1681 0.346450 98
1682 2.145590 98
1683 4.395828 98
1684 4.534313 98
1685 0.530033 98
1686 0.731842 98
1687 3.920211 98
1688 1.964029 98
1689 0.957331 98
1690 102.209536 98
1691 1.981723 98
1692 98.527182 98
1693 0.591725 98
1694 1.571328 98
1695 3.425399 98
1696 1.555926 98
1697 3.427823 98
1698 1.236857 98
1699 3.210325 98
1700 1.331426 96
1701 2.848787 96
1702 2.553513 96
1703 0.715720 96
1704 0.732161 96
1705 2.263863 96
1706 5.640017 95
1707 6.213012 96
1708 4.608492 96
1709 4.378039 96
1710 10.324143 96
1711 32.563111 96
1712 32.356942 96
1713 33.098081 96
1714 0.945518 96
1715 1.559402 96
1716 0.717679 96
1717 1.852873 96
1718 9.575795 96
1719 1.076320 96
1720 0.949025 96
1721 0.890476 96
1722 1.181634 96
1723 4.129119 96
1724 1.204460 96
1725 0.857894 96
1726 43.941186 96
1727 8.913776 96
1728 16.512293 96
1729 0.656253 96
1730 0.899802 96
1731 0.729597 96
1732 3.756461 96
1733 31.325122 96
1734 1.493626 96
1735 1.305781 96
1736 1.455191 96
1737 2.199384 96
1738 1.612368 96
1739 0.170007 96
1740 1.297394 96
1741 0.854989 96
1742 161.473297 96
1743 2.507911 96
1744 2.249967 96
1745 1.452298 96
1746 1.134251 96
1747 27.277451 96
1748 0.299367 96
1749 7.577506 96
1750 3.366226 120
1751 2.082600 120
1752 0.787986 120
1753 1.431543 120
1754 3.368673 120
1755 3.863507 120
1756 19.986130 120
1757 1.296349 120
1758 0.888214 120
1759 22.809742 120
1760 1.607484 120
1761 1.848201 120
1762 2.001836 120
1763 1.941935 120
1764 2.128873 120
1765 2.011492 120
1766 2.710056 120
1767 2.647627 120
1768 2.470328 120
1769 0.000000 120
1770 0.000000 120
1771 0.631416 120
1772 1.225971 120
1773 5.166545 120
1774 1.450675 120
1775 4.683885 120
1776 0.359721 120
1777 0.736193 120
1778 1.042833 120
1779 1.917729 120
1780 1.268196 120
1781 7.909441 120
1782 6.301516 120
1783 22.331911 120
1784 13.321892 120
1785 0.807125 120
1786 1.966515 120
1787 0.000053 120
1788 1.153115 120
1789 1.318030 120
1790 2.370535 120
1791 0.089013 120
1792 1.585209 120
1793 3.360711 120
1794 3.579922 120
1795 0.836824 120
1796 0.801889 120
1797 1.779752 120
1798 0.756448 120
1799 0.789085 120
1800 0.458295 116
1801 2.352327 116
1802 0.350711 116
1803 0.755529 116
1804 1.824149 116
1805 0.670902 116
1806 0.692557 116
1807 0.000000 116
1808 1.678124 116
1809 2.025552 116
1810 0.564833 116
1811 0.050306 116
1812 0.430151 116
1813 2.239178 116
1814 2.813622 116
1815 2.799560 116
1816 12.303416 116
1817 1.097564 116
1818 1.024001 116
1819 1.558528 116
1820 1.240420 116
1821 154.184588 116
1822 194.112194 116
1823 1.884585 116
1824 2.343191 116
1825 0.867957 116
1826 0.966358 116
1827 6.808615 116
1828 7.062960 116
1829 6.764638 116
1830 1.164898 116
1831 29.207205 116
1832 101.216064 116
1833 1.411298 116
1834 15.679015 116
1835 1.322231 116
1836 14.074867 116
1837 1.134845 116
1838 0.593830 116
1839 2.105856 116
1840 1.071981 116
1841 7.103811 116
1842 14.427023 116
1843 6.485386 116
1844 2.123987 116
1845 1.257787 116
1846 1.289775 116
1847 0.756121 116
1848 0.774556 116
1849 0.875884 116
1850 0.950876 108
1851 10.472765 108
1852 0.617440 108
1853 0.713861 108
1854 1.644864 108
1855 1.698007 108
1856 0.501521 108
1857 0.571857 108
1858 1.513144 108
1859 1.775165 108
1860 1.252243 108
1861 1.003241 108
1862 103.795619 108
1863 0.359265 108
1864 1.260870 108
1865 1.528528 108
1866 0.687108 108
1867 1.329561 108
1868 0.489771 108
1869 0.490912 108
1870 0.831430 108
1871 1.111996 108
1872 0.022997 108
1873 0.009813 108
1874 0.007979 108
1875 0.715694 108
1876 0.814518 108
1877 1.718689 108
1878 15.156312 108
1879 3.337131 108
1880 4.960482 108
1881 3.161643 108
1882 41.494596 108
1883 3.196443 108
1884 18.789374 108
1885 3.671237 108
1886 3.576051 108
1887 72.833542 108
1888 7.895096 108
1889 18.529680 108
1890 3.866646 108
1891 1.701069 108
1892 1.663500 108
1893 1.360661 108
1894 0.632976 108
1895 1.273089 108
1896 1.247475 108
1897 0.724712 108
1898 0.888455 108
1899 0.000000 108
1900 0.687629 110
1901 6.582481 110
1902 0.574317 110
1903 0.000000 110
1904 0.448394 110
1905 0.000000 110
1906 0.000000 110
1907 0.000000 110
1908 0.000000 110
1909 0.000000 110
1910 0.000000 110
1911 0.000000 110
1912 3.318122 110
1913 6.666471 110
1914 7.159780 110
1915 6.726224 110
1916 6.568513 110
1917 6.769835 110
1918 6.563778 110
1919 6.623613 110
1920 6.380817 110
1921 6.427340 110
1922 6.654197 110
1923 6.418656 110
1924 6.697097 110
1925 6.478043 110
1926 6.631151 110
1927 6.554205 110
1928 6.702395 110
1929 6.657671 110
1930 6.796410 110
1931 6.414918 110
1932 6.532784 110
1933 6.603406 110
1934 6.677749 110
1935 6.475990 110
1936 1.467354 110
1937 3.296819 110
1938 2.772599 110
1939 1.709591 110
1940 3.656216 110
1941 3.384578 110
1942 0.139278 110
1943 1.055299 110
1944 2.199383 110
1945 1.431899 110
1946 2.111604 110
1947 2.620539 110
1948 6.258116 107
1949 0.000000 110
1950 2.255561 105
1951 0.565375 105
1952 1.218366 105
1953 1.926790 105
1954 1.514770 105
1955 4.097104 105
1956 1.466916 105
1957 13.576644 105
1958 1.240223 105
1959 2.635849 105
1960 4.419692 105
1961 1.569264 105
1962 0.000000 105
1963 0.000000 105
1964 1.280002 105
1965 26.904426 105
1966 1.309190 105
1967 0.647276 105
1968 1.387152 105
1969 1.473398 105
1970 0.650111 105
1971 0.000000 105
1972 0.423360 105
1973 1.368700 105
1974 1.133491 105
1975 1.350469 105
1976 1.768712 105
1977 1.681465 105
1978 2.050598 105
1979 0.594992 105
1980 21.798927 105
1981 1.591519 105
1982 3.800776 105
1983 3.411475 105
1984 3.596771 105
1985 9.748224 105
1986 10.659718 105
1987 11.073568 105
1988 1.572103 105
1989 3.829021 105
1990 1.257576 105
1991 3.326223 105
1992 2.044379 105
1993 3.079179 105
1994 1.424002 105
1995 3.436164 105
1996 3.709471 105
1997 99.385180 105
1998 119.624718 105
1999 121.327618 105
2000 80.016783 116
2001 93.163240 116
2002 96.112471 116
2003 95.008753 116
2004 4.577762 116
2005 4.608416 116
2006 5.824691 116
2007 1.102777 116
2008 1.654182 116
2009 1.782871 116
2010 61.574781 116
2011 1.117710 116
2012 2.391453 116
2013 14.929835 116
2014 0.000000 116
2015 2.119896 116
2016 1.011594 116
2017 1.063600 116
2018 1.294978 116
2019 1.174067 116
2020 3.316021 116
2021 1.297578 116
2022 1.898780 116
2023 1.180962 116
2024 12.117387 116
2025 5.338438 116
2026 1.552197 116
2027 1.216624 116
2028 1.311703 116
2029 2.298211 116
2030 1.568335 116
2031 1.459619 116
2032 1.712543 116
2033 1.861920 116
2034 14.479720 116
2035 1.870216 116
2036 1.082467 116
2037 234.018364 116
2038 1.669608 116
2039 1.836272 116
2040 1.079641 116
2041 1.310064 116
2042 1.159860 116
2043 8.112640 116
2044 10.366840 116
2045 2.307880 116
2046 4.826055 116
2047 5.221304 116
2048 4.466716 116
2049 3.034578 116
2050 2.248203 119
2051 6.856078 119
2052 6.432390 119
2053 1.198842 119
2054 3.041294 119
2055 3.252827 119
2056 2.273523 119
2057 61.889585 119
2058 6.455619 119
2059 5.607790 119
2060 5.329800 119
2061 5.984045 119
2062 3.282751 119
2063 1.447087 119
2064 0.277056 119
2065 3.768153 119
2066 1.882421 119
2067 0.269659 119
2068 2.977734 119
2069 0.913042 119
2070 30.042533 119
2071 27.439104 119
2072 5.648823 119
2073 0.776952 119
2074 3.320502 119
2075 29.854763 119
2076 1.502882 119
2077 3.219032 119
2078 0.452721 119
2079 1.364097 119
2080 12.886128 119
2081 1.084407 119
2082 1.574640 119
2083 0.232362 119
2084 0.571288 119
2085 0.542845 119
2086 0.589054 119
2087 0.555154 119
2088 0.584571 119
2089 0.728265 119
2090 1.294510 119
2091 0.930610 119
2092 0.208441 119
2093 0.433188 119
2094 0.391334 119
2095 0.473249 119
2096 0.032852 119
2097 0.233369 119
2098 0.293975 119
2099 0.471924 119
2100 0.553950 108
2101 0.813004 108
2102 0.005548 108
2103 36.025353 108
2104 43.475958 108
2105 0.996279 108
2106 0.515349 108
2107 0.282006 108
2108 0.791546 108
2109 1.339212 108
2110 2.872862 108
2111 0.809445 108
2112 1.009050 108
2113 12.871058 108
2114 59.653158 108
2115 111.359555 108
2116 99.633543 108
2117 23.029218 108
2118 49.845719 108
2119 51.950844 108
2120 40.614349 108
2121 43.517492 108
2122 86.029568 108
2123 40.407738 108
2124 250.654106 108
2125 2.028830 108
2126 26.444055 108
2127 15.116302 108
2128 1.194397 108
2129 1.258739 108
2130 1.279821 108
2131 1.245472 108
2132 2.016950 108
2133 1.178923 108
2134 1.816105 108
2135 1.939016 108
2136 14.523087 108
2137 8.453512 108
2138 1.130793 108
2139 0.780973 108
2140 0.922205 108
2141 4.349517 108
2142 1.730167 108
2143 1.815115 108
2144 8.571015 108
2145 11.225359 108
2146 35.664648 108
2147 10.060006 108
2148 1.502748 108
2149 0.728770 108
2150 9.639398 101
2151 5.353637 101
2152 0.609612 101
2153 1.450447 101
2154 1.381657 101
2155 1.572734 101
2156 6.540906 101
2157 13.165765 101
2158 5.914136 101
2159 7.490910 101
2160 0.001075 101
2161 0.004067 101
2162 0.000826 101
2163 0.003114 101
2164 0.000491 101
2165 0.007094 101
2166 0.008169 101
2167 0.001423 101
2168 0.000289 101
2169 0.001748 101
2170 0.005148 101
2171 0.002924 101
2172 0.000783 101
2173 0.009585 101
2174 0.007243 101
2175 0.003617 101
2176 0.000315 101
2177 0.000000 101
2178 0.001436 101
2179 0.001773 101
2180 0.001213 101
2181 0.003863 101
2182 0.003012 101
2183 0.000548 101
2184 0.000237 101
2185 0.000000 101
2186 0.000184 101
2187 0.010124 101
2188 0.000000 101
2189 0.000255 101
2190 0.000000 101
2191 0.000000 101
2192 0.000708 101
2193 0.002413 101
2194 0.003573 101
2195 0.003175 101
2196 0.000946 101
2197 0.000313 101
2198 0.000000 101
2199 0.000000 101
2200 0.006187 100
2201 0.003445 100
2202 0.004596 100
2203 0.108872 100
2204 0.111142 100
2205 0.080545 100
2206 0.056294 100
2207 0.057339 100
2208 0.000000 100
2209 0.000000 100
2210 0.000514 100
2211 0.006996 100
2212 0.001307 100
2213 0.008730 100
2214 0.020979 100
2215 0.004305 100
2216 0.003196 100
2217 0.000000 100
2218 0.000542 100
2219 0.001952 100
2220 0.000327 100
2221 0.000469 100
2222 0.003272 100
2223 0.001570 100
2224 0.000000 100
2225 0.000569 100
2226 0.000333 100
2227 0.000186 100
2228 0.010272 100
2229 0.000000 100
2230 0.000000 100
2231 0.000000 100
2232 0.000255 100
2233 0.001128 100
2234 0.003876 100
2235 0.004928 100
2236 0.001995 100
2237 0.000990 100
2238 0.000000 100
2239 0.000000 100
2240 0.000627 100
2241 0.000000 100
2242 0.000000 100
2243 0.000886 100
2244 0.003571 100
2245 0.001628 100
2246 0.002237 100
2247 0.001133 100
2248 0.000320 100
2249 0.000805 100
2250 0.001648 101
2251 0.003104 101
2252 0.030819 101
2253 0.059190 101
2254 0.074868 101
2255 0.081913 101
2256 0.051791 101
2257 0.029970 101
2258 0.014294 101
2259 0.017642 101
2260 0.025797 101
2261 0.061770 101
2262 0.000742 101
2263 0.000222 101
2264 0.024543 101
2265 0.000539 101
2266 0.000000 101
2267 0.000000 101
2268 0.000217 101
2269 0.001596 101
2270 0.000984 101
2271 0.000000 101
2272 0.002106 101
2273 0.002888 101
2274 0.001651 101
2275 0.000000 101
2276 0.000000 101
2277 0.002896 101
2278 0.000205 101
2279 0.000000 101
2280 0.034355 101
2281 0.000000 101
2282 0.000000 101
2283 0.000280 101
2284 0.003289 101
2285 0.002541 101
2286 0.000646 101
2287 0.000357 101
2288 0.000000 101
2289 0.000000 101
2290 0.000000 101
2291 0.000000 101
2292 0.000000 101
2293 0.000832 101
2294 0.006856 101
2295 0.001700 101
2296 0.002846 101
2297 0.000594 101
2298 0.000000 101
2299 0.001015 101
2300 0.001329 99
2301 0.004402 99
2302 0.002015 99
2303 0.000933 99
2304 0.000816 99
2305 0.011536 99
2306 0.000380 99
2307 0.000000 99
2308 0.000000 99
2309 0.000291 99
2310 0.001312 99
2311 0.006356 99
2312 0.005079 99
2313 0.000219 98
2314 0.012164 98
2315 0.000868 98
2316 0.000000 98
2317 0.000000 98
2318 0.000222 98
2319 0.001950 98
2320 0.000325 98
2321 0.000526 98
2322 0.001417 98
2323 0.001930 98
2324 0.001667 98
2325 0.000000 98
2326 0.000000 98
2327 0.001567 98
2328 0.011532 98
2329 0.000000 98
2330 0.009752 98
2331 0.009999 98
2332 0.000000 98
2333 0.002712 98
2334 0.005673 98
2335 0.004445 98
2336 0.000985 98
2337 0.000000 98
2338 0.000000 98
2339 0.000233 98
2340 0.000000 98
2341 0.000000 98
2342 0.000000 98
2343 0.000639 98
2344 0.000666 98
2345 0.001979 98
2346 0.001016 98
2347 0.001306 98
2348 0.000000 98
2349 0.001454 98
2350 0.001610 86
2351 2.244115 86
2352 1.713810 86
2353 23.180856 86
2354 4.112775 86
2355 2.995844 86
2356 27.719787 86
2357 110.873061 86
2358 88.159900 86
2359 204.858912 86
2360 50.007113 86
2361 141.300732 86
2362 229.122724 86
2363 115.261498 86
2364 88.798825 86
2365 83.717081 86
2366 189.857730 86
2367 146.621868 86
2368 221.756006 86
2369 39.386945 86
2370 225.605998 86
2371 131.410921 86
2372 40.806773 86
2373 169.497060 86
2374 83.976613 86
2375 224.153033 86
2376 92.664563 86
2377 142.593194 86
2378 80.496075 86
2379 184.450187 86
2380 49.675980 86
2381 158.988630 86
2382 55.113338 86
2383 2.534226 86
2384 5.390423 86
2385 5.435628 86
2386 2.668085 86
2387 5.998488 86
2388 6.134981 86
2389 34.610183 85
2390 4.516050 86
2391 4.847033 86
2392 1.374461 86
2393 3.622536 86
2394 3.329426 86
2395 1.904043 86
2396 3.900633 86
2397 4.633682 86
2398 1.991430 86
2399 4.735227 86
2400 2.358416 117
2401 5.087088 117
2402 4.843311 117
2403 5.156634 117
2404 5.332392 117
2405 5.041999 117
2406 4.947253 117
2407 4.915008 117
2408 5.679867 117
2409 5.291328 117
2410 1.119732 117
2411 0.010761 117
2412 1.590931 117
2413 2.445367 117
2414 1.287496 117
2415 2.451193 117
2416 1.958025 117
2417 3.704402 117
2418 4.089090 117
2419 4.707787 117
2420 2.439961 117
2421 0.447266 117
2422 2.825739 117
2423 1.057006 117
2424 1.324111 117
2425 3.412508 117
2426 4.836290 117
2427 2.885278 117
2428 2.842281 117
2429 3.423554 117
2430 1.920779 117
2431 0.000000 117
2432 1.073575 117
2433 0.797930 117
2434 2.484728 117
2435 17.302001 117
2436 2.839668 117
2437 1.490351 117
2438 1.869766 117
2439 2.663039 117
2440 2.870452 117
2441 0.026767 117
2442 0.027752 117
2443 0.029801 117
2444 2.374174 117
2445 4.870224 117
2446 13.278708 117
2447 268.185964 117
2448 3.852969 117
2449 3.419196 117
2450 0.346941 114
2451 0.436631 114
2452 0.475107 114
2453 1.196241 114
2454 4.115491 114
2455 72.060912 114
2456 145.909391 114
2457 0.111785 114
2458 1.197074 114
2459 3.436628 114
2460 0.902645 114
2461 10.663940 114
2462 18.024978 114
2463 4.475117 114
2464 2.442787 114
2465 4.165741 114
2466 1.138624 114
2467 3.568739 114
2468 5.302728 114
2469 1.469467 114
2470 0.278492 114
2471 0.117622 114
2472 1.323401 114
2473 0.013688 114
2474 1.683709 114
2475 1.089043 114
2476 1.886452 114
2477 2.676413 114
2478 18.674855 114
2479 4.070416 114
2480 0.314587 114
2481 4.431106 114
2482 1.639225 114
2483 1.989840 114
2484 1.480002 114
2485 3.468669 114
2486 1.925349 114
2487 20.350016 114
2488 1.749534 114
2489 8.589987 114
2490 1.041892 114
2491 3.762183 114
2492 1.835331 114
2493 1.565845 114
2494 2.062331 114
2495 2.021770 114
2496 0.870358 114
2497 81.386094 114
2498 1.340916 114
2499 2.513186 114
2500 1.357808 109
2501 1.780835 109
2502 0.007020 109
2503 0.243659 109
2504 2.325389 109
2505 3.597262 109
2506 1.919578 109
2507 4.920099 109
2508 1.303126 109
2509 0.000000 109
2510 1.361843 109
2511 2.506057 109
2512 1.695585 109
2513 19.365802 109
2514 1.321020 109
2515 2.160136 109
2516 4.803493 109
2517 1.266584 109
2518 1.796262 109
2519 0.000000 109
2520 1.984173 109
2521 1.948708 109
2522 2.273684 109
2523 1.945151 109
2524 1.287925 109
2525 1.492099 109
2526 1.599763 109
2527 1.727051 109
2528 8.098362 109
2529 6.525971 109
2530 4.720740 109
2531 1.365119 109
2532 39.056828 109
2533 22.829945 109
2534 1.495004 109
2535 2.569219 109
2536 0.660911 109
2537 2.022260 109
2538 1.571080 109
2539 2.322022 109
2540 2.487263 109
2541 2.026128 109
2542 2.286380 109
2543 0.633169 109
2544 0.995594 109
2545 2.470371 109
2546 2.720075 109
2547 2.242980 109
2548 30.135776 109
2549 2.035829 109
2550 1.577175 102
2551 1.326254 102
2552 0.187546 102
2553 2.288423 102
2554 0.000000 102
2555 4.280334 102
2556 1.369197 102
2557 2.019870 102
2558 1.205247 102
2559 0.971355 102
2560 1.020373 102
2561 1.571480 102
2562 0.900691 102
2563 0.000000 102
2564 0.000000 102
2565 0.000000 102
2566 0.000000 102
2567 0.000000 102
2568 0.000000 102
2569 0.000000 102
2570 0.000000 102
2571 0.000000 102
2572 0.000000 102
2573 0.000000 102
2574 0.000000 102
2575 0.000000 102
2576 0.000000 102
2577 0.000000 102
2578 0.000000 102
2579 0.000000 102
2580 0.000000 102
2581 0.000000 102
2582 0.000000 102
2583 0.000000 102
2584 0.000000 102
2585 0.000000 102
2586 0.000000 102
2587 0.000000 102
2588 0.000000 102
2589 0.000000 102
2590 0.000000 102
2591 0.000000 102
2592 0.000000 102
2593 0.000000 102
2594 0.000000 102
2595 0.000000 102
2596 0.000000 102
2597 0.000000 102
2598 0.000000 102
2599 0.000000 102
2600 0.000000 107
2601 0.000000 107
2602 0.000000 107
2603 0.000000 107
2604 0.000000 107
2605 0.000000 106
2606 0.000000 106
2607 0.000000 106
2608 0.000000 106
2609 0.000000 106
2610 0.000000 106
2611 0.000000 106
2612 0.000000 106
2613 0.000000 106
2614 0.000000 106
2615 0.000000 106
2616 0.000000 106
2617 0.000000 106
2618 0.000000 106
2619 0.000000 106
2620 0.000000 106
2621 0.000000 106
2622 0.000000 106
2623 0.000000 106
2624 0.000000 106
2625 0.000000 106
2626 0.000000 106
2627 0.000000 106
2628 0.000000 106
2629 0.000000 106
2630 0.000000 106
2631 0.000000 106
2632 0.000000 106
2633 0.000000 106
2634 0.000000 106
2635 0.000000 106
2636 0.000000 106
2637 0.000000 106
2638 0.000000 106
2639 0.000000 106
2640 0.000000 106
2641 0.000000 106
2642 0.000000 106
2643 0.000000 106
2644 0.000000 106
2645 0.000000 106
2646 0.000000 106
2647 0.000000 106
2648 0.000000 106
2649 0.000000 106
2650 0.002982 105
2651 0.000000 105
2652 0.000000 105
2653 0.000000 105
2654 0.000000 105
2655 0.000000 105
2656 0.000000 105
2657 0.000000 105
2658 0.000000 105
2659 0.000000 105
2660 0.000000 105
2661 0.000000 105
2662 0.000000 105
2663 5.125861 105
2664 7.319910 105
2665 2.658036 105
2666 9.421391 105
2667 0.000000 105
2668 0.000000 105
2669 0.000000 105
2670 0.000000 105
2671 0.000000 105
2672 0.000000 105
2673 0.000000 105
2674 0.000000 105
2675 0.000000 105
2676 0.000000 105
2677 0.000000 105
2678 0.000000 105
2679 0.000000 105
2680 0.000000 105
2681 0.000000 105
2682 0.000000 105
2683 0.000000 105
2684 0.000000 105
2685 0.000000 105
2686 0.000000 105
2687 0.000000 105
2688 0.000000 105
2689 0.000000 105
2690 0.000000 105
2691 0.000000 105
2692 0.000000 105
2693 0.000000 105
2694 0.000000 105
2695 0.000000 105
2696 0.000000 105
2697 0.000000 105
2698 0.000000 105
2699 0.000000 105
2700 0.000000 104
2701 0.000000 104
2702 0.000000 104
2703 0.000000 104
2704 0.000000 104
2705 0.000000 104
2706 0.000000 104
2707 0.000000 104
2708 0.000000 104
2709 0.000000 104
2710 0.000000 104
2711 3.693126 104
2712 2.882920 104
2713 3.022516 104
2714 37.719997 104
2715 2.892636 104
2716 180.038847 104
2717 4.141416 104
2718 64.144510 104
2719 1.527076 104
2720 1.602461 104
2721 23.217872 104
2722 3.323850 104
2723 2.265817 104
2724 3.130156 104
2725 3.550816 104
2726 3.779047 104
2727 3.809928 104
2728 4.422510 104
2729 11.652540 104
2730 135.409460 104
2731 3.531452 104
2732 4.080192 104
2733 182.085105 104
2734 3.718969 104
2735 6.376907 104
2736 2.513812 104
2737 6.897809 104
2738 3.732664 104
2739 4.335535 104
2740 3.403502 104
2741 3.531908 104
2742 4.669488 104
2743 45.306147 104
2744 4.510562 104
2745 3.875888 104
2746 13.668400 104
2747 2.805019 104
2748 23.636811 104
2749 2.245293 104
2750 8.316899 95
2751 3.902733 95
2752 8.862821 95
2753 4.484130 95
2754 2.174741 95
2755 5.498928 95
2756 2.371347 95
2757 2.407695 95
2758 2.016540 95
2759 2.108075 95
2760 1.025444 95
2761 1.024086 95
2762 0.977169 95
2763 1.363790 95
2764 1.031780 95
2765 1.070321 95
2766 1.124314 95
2767 1.201792 95
2768 1.196549 95
2769 1.111654 95
2770 1.448694 95
2771 1.236964 95
2772 1.301478 95
2773 1.225812 95
2774 1.231584 95
2775 1.071842 95
2776 1.549313 95
2777 1.083255 95
2778 1.532912 95
2779 1.369081 95
2780 1.308112 95
2781 1.256280 95
2782 1.265818 95
2783 1.429514 95
2784 1.040211 95
2785 2.010426 95
2786 1.387729 95
2787 1.158301 95
2788 3.121031 95
2789 1.504663 95
2790 1.710801 95
2791 2.054120 95
2792 2.652710 95
2793 2.713371 95
2794 1.912719 95
2795 1.696051 95
2796 1.840787 95
2797 2.264364 95
2798 1.731622 95
2799 2.377233 95
2800 2.084688 103
2801 2.439090 103
2802 2.173369 103
2803 2.465486 103
2804 2.612562 103
2805 2.159678 103
2806 2.349457 103
2807 2.868164 103
2808 1.702049 103
2809 2.471413 103
2810 2.314674 102
2811 1.967922 102
2812 1.885419 102
2813 2.162937 102
2814 2.345511 102
2815 1.925511 102
2816 4.725755 102
2817 3.668743 102
2818 4.688825 102
2819 0.000000 102
2820 0.000000 102
2821 0.000000 102
2822 0.000000 102
2823 0.000000 102
2824 0.000000 102
2825 0.000000 102
2826 0.000000 102
2827 0.000000 102
2828 0.000000 102
2829 0.000000 102
2830 0.000000 102
2831 0.000000 102
2832 0.000000 102
2833 0.000000 102
2834 0.000000 102
2835 0.000000 102
2836 0.000000 102
2837 0.000000 102
2838 0.000000 102
2839 4.141287 102
2840 8.391941 102
2841 8.677402 102
2842 3.953743 102
2843 6.387363 102
2844 8.356142 102
2845 8.268762 102
2846 2.383505 102
2847 5.086751 102
2848 5.305856 102
2849 5.449543 102
2850 2.132142 107
2851 4.421405 107
2852 4.851519 107
2853 4.691823 107
2854 3.239090 107
2855 7.483803 107
2856 7.846142 107
2857 3.669022 107
2858 6.357517 107
2859 5.937110 107
2860 6.272837 107
2861 1.086832 107
2862 3.877380 107
2863 1.656542 107
2864 4.067194 107
2865 3.906469 107
2866 7.679067 107
2867 28.236722 107
2868 8.933178 107
2869 2.209534 107
2870 4.686539 107
2871 4.870766 107
2872 5.165110 107
2873 1.239248 107
2874 1.258414 107
2875 1.380280 107
2876 1.192958 107
2877 1.592061 107
2878 1.189285 107
2879 1.230117 107
2880 1.265721 107
2881 1.333589 107
2882 1.367975 107
2883 1.330663 107
2884 1.128854 107
2885 1.218016 107
2886 1.189537 107
2887 1.146698 107
2888 1.086423 107
2889 1.381203 107
2890 0.994790 107
2891 1.370487 107
2892 1.439208 107
2893 1.106602 107
2894 3.626153 107
2895 3.500690 107
2896 9.884030 107
2897 105.707819 107
2898 4.272928 107
2899 4.378389 107
2900 1.239505 86
2901 2.256014 86
2902 2.621979 86
2903 2.518530 86
2904 2.191960 86
2905 4.998677 86
2906 5.238578 86
2907 4.642298 86
2908 1.550189 86
2909 3.073033 86
2910 3.430981 86
2911 2.477547 86
2912 4.838711 86
2913 4.986175 86
2914 4.559591 86
2915 4.865944 86
2916 3.036688 86
2917 7.297319 86
2918 7.896505 86
2919 7.745288 86
2920 1.569427 86
2921 5.209181 86
2922 5.518148 86
2923 1.811967 86
2924 3.935573 86
2925 4.261822 86
2926 3.725109 86
2927 2.912981 86
2928 7.976048 86
2929 7.544609 86
2930 7.860217 86
2931 1.177954 86
2932 4.551374 86
2933 4.886106 86
2934 4.280297 86
2935 1.327614 86
2936 3.423583 86
2937 2.701242 86
2938 9.581965 86
2939 9.702268 86
2940 9.969894 86
2941 10.770374 86
2942 9.883206 86
2943 10.570785 86
2944 3.314071 86
2945 5.747683 86
2946 5.575507 86
2947 6.058065 86
2948 4.453801 86
2949 5.242841 86
2950 2.039905 97
2951 3.957847 97
2952 4.347036 97
2953 1.605955 97
2954 4.120683 97
2955 1.597932 97
2956 4.020581 97
2957 3.049032 97
2958 1.770882 97
2959 4.234646 97
2960 4.090492 97
2961 4.003314 97
2962 2.447231 97
2963 6.503208 97
2964 5.929703 97
2965 2.521617 97
2966 7.523302 97
2967 6.867962 97
2968 6.784760 97
2969 30.529033 97
2970 37.818486 97
2971 2.146898 97
2972 0.102191 97
2973 3.101623 97
2974 4.132660 97
2975 3.247656 97
2976 9.425576 97
2977 9.788669 97
2978 2.912092 97
2979 6.083595 97
2980 6.049739 97
2981 1.210811 97
2982 2.684219 97
2983 2.095676 97
2984 5.741387 97
2985 2.247129 97
2986 4.394191 97
2987 4.877742 97
2988 2.957485 97
2989 5.719421 97
2990 1.632022 97
2991 2.940521 97
2992 5.578131 97
2993 4.336526 97
2994 11.117980 97
2995 2.431395 97
2996 6.821075 97
2997 2.485477 97
2998 6.883392 97
2999 0.015444 97
3000 0.000399 103
3001 0.000000 103
3002 0.001267 103
3003 0.000600 103
3004 0.005559 103
3005 0.011444 103
3006 0.009782 103
3007 0.048146 103
3008 40.308690 103
3009 315.372320 103
3010 116.646407 103
3011 542.842111 103
3012 175.522815 103
3013 512.942200 103
3014 250.593320 103
3015 302.690225 103
3016 418.336240 103
3017 583.851112 103
3018 124.171105 103
3019 144.404533 103
3020 73.446233 103
3021 293.312820 103
3022 0.266798 103
3023 1.988752 103
3024 2.771226 103
3025 2.356663 103
3026 7.013920 103
3027 0.000000 103
3028 0.000000 103
3029 0.000000 103
3030 0.144137 103
3031 0.637486 103
3032 1.730239 103
3033 5.184760 103
3034 2.469505 103
3035 7.077333 103
3036 68.881088 103
3037 81.339639 103
3038 85.384734 103
3039 4.199210 103
3040 10.338848 103
3041 2.590173 103
3042 7.184455 103
3043 2.070145 103
3044 9.929880 103
3045 2.801426 103
3046 8.665238 103
3047 7.945924 103
3048 2.757963 103
3049 7.850013 103
3050 2.298192 94
3051 6.602249 94
3052 1.709752 94
3053 4.937150 94
3054 3.635346 94
3055 2.344146 94
3056 6.655177 94
3057 1.223331 94
3058 2.753541 94
3059 2.230473 94
3060 1.962085 94
3061 4.692349 94
3062 0.000000 94
3063 0.000000 94
3064 0.000000 94
3065 0.000000 94
3066 0.000000 94
3067 2.502103 94
3068 7.712543 94
3069 2.527509 94
3070 2.761773 94
3071 4.279439 94
3072 4.595998 94
3073 4.604758 94
3074 4.504274 94
3075 4.648439 94
3076 4.432628 94
3077 4.468220 94
3078 4.660768 94
3079 4.506889 94
3080 4.634016 94
3081 4.632465 94
3082 4.639211 94
3083 4.637697 94
3084 4.662401 94
3085 4.680849 94
3086 4.785119 94
3087 8.101966 94
3088 4.167353 94
3089 13.081890 94
3090 105.238597 94
3091 18.432807 94
3092 6.896841 94
3093 6.927168 94
3094 11.184989 94
3095 12.783952 94
3096 9.226609 94
3097 0.246270 94
3098 0.517163 94
3099 0.602120 94
3100 0.289849 99
3101 0.476307 99
3102 0.649799 99
3103 0.679976 99
3104 0.688116 99
3105 0.613941 99
3106 0.620775 99
3107 0.627237 99
3108 0.531846 99
3109 2.025427 99
3110 1.927198 99
3111 22.423047 99
3112 1.604532 99
3113 493.888659 99
3114 19.450341 99
3115 2.418552 99
3116 3.895811 99
3117 6.590978 99
3118 4.489093 99
3119 5.909264 99
3120 43.007444 99
3121 1.448989 99
3122 4.324602 99
3123 4.144739 99
3124 1.198789 99
3125 0.779481 99
3126 2.251478 99
3127 2.455159 99
3128 1.980737 99
3129 2.072233 99
3130 2.038658 99
3131 2.234482 99
3132 0.899041 99
3133 5.550197 99
3134 7.656948 99
3135 8.216806 99
3136 8.054757 99
3137 8.307348 99
3138 7.360906 99
3139 4.738206 99
3140 7.183689 99
3141 7.202425 99
3142 11.222605 99
3143 10.463214 99
3144 11.317071 99
3145 13.971390 99
3146 7.034260 99
3147 3.008391 99
3148 3.878031 99
3149 3.895851 99
3150 2.988717 104
3151 6.637069 104
3152 3.182956 104
3153 3.760865 104
3154 18.545036 104
3155 5.551079 104
3156 3.650785 104
3157 25.714795 104
3158 7.613183 104
3159 8.144436 104
3160 4.128747 104
3161 2.783739 104
3162 4.926843 104
3163 325.575930 104
3164 11.982838 104
3165 19.468201 104
3166 3.887616 104
3167 3.126658 104
3168 5.109498 104
3169 5.364252 104
3170 5.586381 104
3171 11.010310 104
3172 9.503865 104
3173 11.926264 104
3174 6.897240 104
3175 5.512582 104
3176 6.660742 104
3177 13.880319 104
3178 5.552121 104
3179 6.330956 104
3180 7.784287 103
3181 8.558250 104
3182 8.220189 104
3183 7.945222 104
3184 7.612646 104
3185 5.786846 104
3186 0.000000 104
3187 0.000000 104
3188 0.000000 104
3189 0.000000 104
3190 0.000000 104
3191 0.000000 104
3192 2.485267 104
3193 96.950423 104
3194 6.446028 104
3195 6.761862 104
3196 2.387069 104
3197 5.239057 104
3198 5.310059 104
3199 4.035319 104
3200 3.517821 109
3201 7.131976 109
3202 15.004658 109
3203 15.994220 109
3204 15.692235 109
3205 14.680816 109
3206 3.749245 109
3207 14.485874 108
3208 4.002383 109
3209 9.822638 109
3210 1.299993 109
3211 109.447006 109
3212 1.918252 109
3213 3.152951 109
3214 20.630886 109
3215 3.483289 109
3216 7.011809 109
3217 10.562562 109
3218 12.472744 109
3219 13.533401 106
3220 17.818366 109
3221 14.063799 109
3222 5.391879 109
3223 10.535020 109
3224 10.542984 109
3225 10.113674 109
3226 1.712216 109
3227 2.162691 109
3228 2.217085 109
3229 4.121610 109
3230 2.169077 109
3231 2.186835 109
3232 3.785027 109
3233 5.988243 109
3234 56.972215 109
3235 2.765479 109
3236 2.592767 109
3237 1.746116 109
3238 4.774101 109
3239 3.294639 109
3240 2.207823 109
3241 5.922497 109
3242 8.834845 109
3243 5.432212 109
3244 2.087790 109
3245 1.141415 109
3246 0.163989 109
3247 0.215507 109
3248 0.331551 109
3249 6.967236 109
3250 1.704423 108
3251 3.460650 108
3252 3.615512 108
3253 3.621606 108
3254 2.284242 108
3255 3.674627 108
3256 1.440566 108
3257 2.173657 108
3258 2.260867 108
3259 1.718179 108
3260 2.298481 108
3261 11.054698 108
3262 2.408305 108
3263 0.875728 108
3264 2.452291 108
3265 5.259040 108
3266 2.391080 108
3267 4.819271 108
3268 5.178831 108
3269 4.201867 108
3270 4.871762 108
3271 4.427546 108
3272 0.856273 108
3273 9.860102 108
3274 5.768775 108
3275 29.529245 108
3276 1.802796 108
3277 3.039372 108
3278 2.855964 108
3279 6.345674 108
3280 2.747088 108
3281 1.510919 108
3282 35.554125 108
3283 4.942668 108
3284 5.041741 108
3285 2.100247 108
3286 5.277777 108
3287 5.746379 108
3288 6.955099 108
3289 7.407711 108
3290 1.509848 108
3291 4.479358 108
3292 2.767365 108
3293 4.485302 108
3294 2.699473 108
3295 47.014440 108
3296 4.758395 108
3297 1.388939 108
3298 14.678150 108
3299 1.982324 108
3300 2.230633 119
3301 1.064619 119
3302 107.163274 119
3303 203.941089 119
3304 202.862637 119
3305 200.295072 119
3306 0.220637 119
3307 0.200089 119
3308 0.263043 119
3309 0.274749 119
3310 0.331775 119
3311 3.905799 119
3312 5.744745 119
3313 6.386715 119
3314 4.889763 119
3315 7.604531 119
3316 8.839501 119
3317 69.732825 119
3318 41.010963 119
3319 67.360646 119
3320 72.046560 119
3321 78.293208 119
3322 4.105411 119
3323 4.491339 119
3324 7.236946 119
3325 12.684825 119
3326 5.745863 119
3327 1.627852 119
3328 2.609178 119
3329 37.304677 119
3330 3.562040 119
3331 32.669322 119
3332 3.614279 119
3333 4.210381 119
3334 8.968482 119
3335 0.234622 119
3336 8.174554 119
3337 4.092831 119
3338 7.574965 119
3339 2.612091 119
3340 17.683251 119
3341 2.983640 119
3342 1.600793 119
3343 4.437014 119
3344 4.438735 119
3345 3.227526 119
3346 8.843434 118
3347 8.961211 119
3348 4.145651 119
3349 1.730158 119
3350 5.231549 85
3351 0.861263 85
3352 1.421398 85
3353 2.124862 85
3354 2.339463 85
3355 6.973302 85
3356 10.894473 85
3357 27.193989 85
3358 28.633857 85
3359 3.417042 85
3360 1.958615 85
3361 5.998373 85
3362 1.526700 85
3363 5.998169 85
3364 13.486362 85
3365 13.250169 85
3366 12.445083 85
3367 7.467147 85
3368 5.260798 85
3369 242.834650 85
3370 2.409160 85
3371 2.685315 85
3372 7.447540 85
3373 6.135403 85
3374 1.860516 85
3375 3.414611 85
3376 7.343899 85
3377 4.538319 85
3378 2.651009 85
3379 6.541466 85
3380 5.614953 85
3381 1.678451 85
3382 3.748635 85
3383 4.020612 85
3384 1.833538 85
3385 5.655104 85
3386 7.036959 85
3387 1.387922 85
3388 1.690581 85
3389 3.467420 85
3390 3.798141 85
3391 73.056382 85
3392 188.053733 85
3393 225.165917 85
3394 10.343917 85
3395 13.820907 85
3396 18.848413 85
3397 18.008226 85
3398 0.000000 85
3399 2.257481 85
3400 2.867663 95
3401 2.293632 95
3402 2.145751 95
3403 8.437827 95
3404 2.190805 95
3405 7.180296 95
3406 5.256287 95
3407 1.619774 95
3408 1.264877 95
3409 2.526732 95
3410 6.628099 95
3411 5.605589 95
3412 3.613349 95
3413 2.571300 95
3414 5.704553 95
3415 6.502290 95
3416 4.533718 95
3417 2.425889 95
3418 7.002046 95
3419 5.431164 95
3420 2.415481 95
3421 6.706075 95
3422 5.632402 95
3423 33.342710 95
3424 80.416604 95
3425 74.931911 95
3426 4.738294 95
3427 4.869457 95
3428 4.622326 95
3429 4.355674 95
3430 2.648757 95
3431 5.425004 95
3432 7.659118 95
3433 2.502020 95
3434 7.237452 95
3435 5.459085 95
3436 2.830889 95
3437 7.458246 95
3438 5.268657 95
3439 1.776871 95
3440 4.830568 95
3441 2.706001 95
3442 5.844093 95
3443 6.110147 95
3444 34.905028 95
3445 21.703010 95
3446 5.740769 95
3447 39.175818 95
3448 35.107650 95
3449 16.913408 95
3450 33.660155 115
3451 3.454442 115
3452 6.914020 115
3453 13.695607 115
3454 11.124874 115
3455 3.550090 115
3456 7.555477 115
3457 7.592894 115
3458 2.103944 115
3459 2.072173 115
3460 6.560704 115
3461 1.537369 115
3462 1.871738 115
3463 1.674033 115
3464 1.380189 115
3465 2.970837 115
3466 1.931158 115
3467 2.296720 115
3468 2.263565 115
3469 4.233446 115
3470 12.339278 115
3471 4.060801 115
3472 0.000000 115
3473 0.000000 115
3474 3.319927 115
3475 2.846001 115
3476 5.578423 115
3477 6.691469 115
3478 0.537824 115
3479 0.711784 115
3480 9.220914 115
3481 19.684521 115
3482 15.735904 115
3483 2.701260 115
3484 5.650407 115
3485 6.716347 115
3486 15.043355 115
3487 1.711477 115
3488 2.178803 115
3489 2.293982 115
3490 5.116301 115
3491 16.127599 115
3492 2.519531 115
3493 6.866368 115
3494 5.685607 115
3495 2.694822 115
3496 6.964767 115
3497 5.168270 115
3498 2.955134 115
3499 6.713294 115
3500 2.283281 97
3501 2.185214 97
3502 7.179023 97
3503 5.497005 97
3504 2.504767 97
3505 5.195150 97
3506 6.878765 97
3507 2.499072 97
3508 5.516089 97
3509 6.404284 97
3510 2.598194 97
3511 7.212665 97
3512 5.321723 97
3513 0.000000 97
3514 0.000000 97
3515 0.000000 97
3516 4.587207 97
3517 2.087947 97
3518 7.747443 97
3519 6.341675 97
3520 469.817090 97
3521 3.033856 97
3522 5.924964 97
3523 7.299098 97
3524 3.049868 97
3525 8.155162 97
3526 5.493790 97
3527 0.858786 97
3528 1.375690 97
3529 1.770608 97
3530 1.605405 97
3531 3.088909 97
3532 6.483282 97
3533 7.793243 97
3534 18.961816 97
3535 3.043877 97
3536 6.551061 97
3537 7.986012 97
3538 4.251379 97
3539 1.238960 97
3540 1.557646 97
3541 8.764804 97
3542 2.422940 97
3543 2.238840 97
3544 3.240554 97
3545 2.137637 97
3546 5.689582 97
3547 2.807828 97
3548 3.748071 97
3549 2.155791 97
3550 1.865508 106
3551 3.474358 106
3552 2.760417 106
3553 3.024257 106
3554 32.841722 106
3555 4.151455 106
3556 5.649172 106
3557 30.490468 106
3558 2.023189 106
3559 2.436663 106
3560 13.735522 106
3561 166.912401 106
3562 1.848632 106
3563 4.965869 106
3564 14.307445 106
3565 1.803296 106
3566 0.266469 106
3567 4.513883 106
3568 1.902821 106
3569 5.837053 106
3570 2.619994 106
3571 5.469145 106
3572 1.420041 106
3573 0.658908 106
3574 2.087533 106
3575 6.093145 106
3576 4.656716 106
3577 1.645967 106
3578 11.948053 106
3579 123.407567 106
3580 1.876141 106
3581 15.421358 106
3582 0.696221 106
3583 1.300417 106
3584 3.177600 106
3585 21.067435 106
3586 40.048325 106
3587 3.626766 106
3588 5.225841 106
3589 1.250218 106
3590 1.789546 106
3591 0.203176 106
3592 13.302934 106
3593 35.018453 106
3594 2.611082 106
3595 8.386063 106
3596 1.965876 106
3597 5.613693 106
3598 1.512323 106
3599 4.497109 106
3600 3.898209 95
3601 17.777362 95
3602 2.677562 95
3603 3.432177 95
3604 0.549603 95
3605 1.186243 95
3606 0.868323 95
3607 2.116624 95
3608 11.215931 95
3609 1.837853 95
3610 7.035252 95
3611 0.000000 95
3612 1.791909 95
3613 1.571609 95
3614 2.507757 95
3615 8.073161 95
3616 5.767294 95
3617 10.787163 95
3618 1.307689 95
3619 3.909955 95
3620 22.868538 95
3621 3.245676 95
3622 20.887020 95
3623 3.376291 95
3624 23.872128 95
3625 3.786809 95
3626 2.567620 95
3627 2.794199 95
3628 1.467956 95
3629 1.384283 95
3630 16.037903 95
3631 5.696426 95
3632 1.501514 95
3633 1.549480 95
3634 4.373199 95
3635 6.164993 95
3636 0.863745 95
3637 1.377334 95
3638 93.324292 95
3639 3.732045 95
3640 15.749890 95
3641 4.289452 95
3642 5.485451 95
3643 2.999179 95
3644 0.300521 95
3645 3.328104 95
3646 1.504324 95
3647 52.434010 95
3648 0.069885 95
3649 3.304399 95
3650 3.954684 114
3651 4.177265 114
3652 0.949933 114
3653 2.857505 114
3654 0.869536 114
3655 0.530379 114
3656 2.463926 114
3657 0.000000 114
3658 0.630844 114
3659 14.970419 114
3660 56.296318 114
3661 4.167700 114
3662 17.079050 114
3663 4.733580 114
3664 0.000000 114
3665 2.365584 114
3666 12.656494 114
3667 8.041804 114
3668 10.819001 114
3669 2.187684 114
3670 20.080838 114
3671 5.013106 114
3672 0.746372 114
3673 3.640017 114
3674 2.419598 114
3675 3.283205 114
3676 36.906414 114
3677 100.094868 114
3678 0.029690 114
3679 1.517324 114
3680 1.869286 114
3681 2.223269 114
3682 2.702423 114
3683 2.331653 114
3684 0.000000 114
3685 1.666413 114
3686 0.951529 114
3687 0.251396 114
3688 1.774688 114
3689 0.222334 114
3690 2.812141 114
3691 255.729710 114
3692 0.732984 114
3693 3.372891 114
3694 2.631414 114
3695 19.525206 114
3696 1.954841 114
3697 6.671474 114
3698 2.392527 114
3699 0.643189 114
3700 0.915972 102
3701 2.245531 102
3702 7.183357 102
3703 2.592484 102
3704 2.457072 102
3705 2.057007 102
3706 0.946830 102
3707 6.954649 102
3708 0.334627 102
3709 3.355297 102
3710 4.050143 102
3711 0.217451 102
3712 8.481265 102
3713 1.484191 102
3714 3.963555 102
3715 3.551952 102
3716 2.050263 102
3717 1.688236 102
3718 2.026310 102
3719 2.350905 102
3720 0.013468 102
3721 2.075596 102
3722 6.740550 102
3723 0.661233 102
3724 2.341223 102
3725 1.727266 102
3726 2.558309 102
3727 1.975591 102
3728 1.534379 102
3729 2.396377 102
3730 2.040636 102
3731 7.190544 102
3732 13.908394 102
3733 2.661294 102
3734 2.788987 102
3735 17.909900 102
3736 2.504912 102
3737 0.985775 102
3738 92.700775 102
3739 2.017109 102
3740 3.078607 102
3741 3.022727 102
3742 2.546683 102
3743 2.713621 102
3744 20.592438 102
3745 8.220090 102
3746 1.386702 102
3747 2.946178 102
3748 2.047704 102
3749 0.000000 102
3750 7.870353 113
3751 2.230623 113
3752 8.030667 113
3753 0.634314 113
3754 2.281503 113
3755 1.629728 113
3756 15.727100 113
3757 2.418262 113
3758 2.726647 113
3759 1.479415 113
3760 1.876894 113
3761 2.201475 113
3762 0.490771 113
3763 1.640334 113
3764 2.378764 113
3765 2.451016 113
3766 0.680442 113
3767 0.000000 113
3768 16.435390 113
3769 2.013217 113
3770 3.321301 113
3771 1.399366 113
3772 2.050567 113
3773 6.056791 113
3774 6.336342 113
3775 1.687280 113
3776 0.025166 113
3777 2.736360 113
3778 379.431834 113
3779 2.100953 113
3780 2.592592 113
3781 18.458730 113
3782 55.409713 113
3783 28.374264 113
3784 2.092693 113
3785 2.565863 113
3786 0.000000 113
3787 2.450206 113
3788 1.408437 113
3789 14.825690 113
3790 3.439507 113
3791 3.450312 113
3792 2.956126 113
3793 3.006844 113
3794 2.536829 113
3795 4.617052 113
3796 1.089217 113
3797 2.817788 113
3798 3.347058 113
3799 2.385685 113
3800 1.312260 107
3801 2.349504 107
3802 0.083577 107
3803 3.795286 107
3804 3.689911 107
3805 3.840002 107
3806 2.743953 107
3807 2.031063 107
3808 3.677774 107
3809 11.247790 107
3810 1.616619 107
3811 1.594742 107
3812 2.220575 107
3813 0.635107 107
3814 6.304330 107
3815 4.666741 107
3816 2.069310 107
3817 1.718521 107
3818 2.604111 107
3819 2.981927 107
3820 6.644771 107
3821 0.114743 107
3822 7.826426 107
3823 2.494791 107
3824 18.059973 107
3825 19.129392 107
3826 0.645473 107
3827 3.817239 107
3828 1.624937 107
3829 1.374154 107
3830 21.291831 107
3831 2.822350 107
3832 22.129366 107
3833 1.620863 107
3834 3.127020 107
3835 2.326962 107
3836 3.562957 107
3837 40.514963 107
3838 61.489169 107
3839 3.042311 107
3840 0.000000 107
3841 2.783380 107
3842 43.226148 107
3843 4.525494 107
3844 1.768324 107
3845 2.246552 107
3846 2.402836 107
3847 18.662358 107
3848 2.504454 107
3849 0.960800 107
3850 2.303659 106
3851 4.887205 106
3852 1.551164 106
3853 1.626484 106
3854 1.681657 106
3855 2.096523 106
3856 1.721702 106
3857 2.024446 106
3858 0.000000 106
3859 4.732209 106
3860 3.602154 106
3861 4.564407 106
3862 1.433640 106
3863 2.057136 106
3864 2.971715 106
3865 36.963729 106
3866 2.405743 106
3867 5.161119 106
3868 2.946714 106
3869 2.586197 106
3870 3.183674 106
3871 2.009043 106
3872 1.198770 106
3873 2.000133 106
3874 2.096970 106
3875 2.221353 106
3876 1.367136 106
3877 4.223185 106
3878 3.780152 106
3879 2.926597 106
3880 2.255387 106
3881 2.333412 106
3882 8.255664 106
3883 2.952936 106
3884 3.363541 106
3885 0.938880 106
3886 0.556656 106
3887 3.663009 106
3888 54.309248 106
3889 19.689192 106
3890 7.419620 106
3891 7.294533 106
3892 2.465081 106
3893 2.907122 106
3894 0.000000 106
3895 5.068816 106
3896 8.605523 106
3897 4.298791 106
3898 1.197314 106
3899 3.221162 106
3900 94.639680 113
3901 1.752320 113
3902 3.789745 113
3903 2.473353 113
3904 1.544246 113
3905 1.757282 113
3906 0.000000 113
3907 1.234846 113
3908 3.419767 113
3909 0.290375 113
3910 3.053780 113
3911 1.834862 113
3912 1.249332 113
3913 2.806438 113
3914 2.624385 113
3915 2.679262 113
3916 2.204710 113
3917 2.365108 113
3918 0.603880 113
3919 0.447066 113
3920 0.000000 113
3921 0.000000 113
3922 0.903807 113
3923 2.183586 113
3924 8.149290 113
3925 0.040270 113
3926 26.111876 113
3927 13.248162 113
3928 2.089916 113
3929 58.094519 113
3930 2.287934 113
3931 3.604242 113
3932 1.384717 113
3933 1.747273 113
3934 3.477183 113
3935 1.624001 113
3936 2.791685 113
3937 3.129009 113
3938 1.211828 113
3939 14.997571 113
3940 0.042585 113
3941 4.255572 113
3942 2.035817 113
3943 1.016397 113
3944 2.545855 113
3945 40.806060 113
3946 1.843694 113
3947 2.537294 113
3948 2.172795 113
3949 17.371314 113
3950 0.907871 121
3951 2.337917 121
3952 6.650656 121
3953 0.429323 121
3954 1.725025 121
3955 40.410529 121
3956 61.522433 121
3957 2.084630 121
3958 1.888522 121
3959 8.474980 121
3960 0.000000 121
3961 1.728335 121
3962 1.729864 121
3963 5.782068 121
3964 5.892523 121
3965 17.803590 121
3966 1.456378 121
3967 13.774998 121
3968 0.999508 121
3969 0.337999 121
3970 17.734958 121
3971 3.057178 121
3972 2.548573 121
3973 0.000000 121
3974 4.343352 121
3975 2.097870 121
3976 2.068094 121
3977 0.914759 121
3978 1.359434 121
3979 1.379587 121
3980 0.000000 121
3981 3.249615 121
3982 3.680496 121
3983 3.903313 121
3984 1.976610 121
3985 1.159976 121
3986 0.086548 121
3987 1.405396 121
3988 3.535258 121
3989 0.727244 121
3990 2.940304 121
3991 0.462972 121
3992 11.153549 121
3993 0.477395 121
3994 0.480767 121
3995 0.755053 121
3996 0.769560 121
3997 0.683289 121
3998 0.000000 121
3999 1.037612 121
4000 0.233973 115
4001 0.472628 115
4002 3.195975 115
4003 1.715588 115
4004 1.151589 115
4005 2.040679 115
4006 6.377168 115
4007 5.015154 115
4008 0.467003 115
4009 2.095867 115
4010 0.630442 115
4011 1.630536 115
4012 2.891559 115
4013 8.277029 115
4014 3.917042 115
4015 0.260477 115
4016 0.432246 115
4017 1.092393 115
4018 1.222585 115
4019 0.639255 115
4020 3.303588 115
4021 1.715939 115
4022 2.985918 115
4023 3.819683 115
4024 1.482793 115
4025 2.931855 115
4026 2.084069 115
4027 33.058972 115
4028 1.718185 115
4029 1.734879 115
4030 1.787356 115
4031 313.061666 115
4032 145.347419 115
4033 40.624318 115
4034 5.297816 115
4035 15.811844 115
4036 2.338424 115
4037 1.450249 115
4038 8.789768 115
4039 0.816738 115
4040 0.000082 115
4041 3.617043 115
4042 0.863104 115
4043 2.232844 115
4044 0.586231 115
4045 7.952447 115
4046 22.538658 115
4047 1.924628 115
4048 1.474433 115
4049 1.827142 115
4050 2.722525 121
4051 1.212143 121
4052 0.551359 121
4053 2.400418 121
4054 1.031886 121
4055 1.651114 121
4056 2.020840 121
4057 1.173657 121
4058 0.011748 121
4059 0.663115 121
4060 138.319767 121
4061 2.080551 121
4062 1.955958 121
4063 1.947414 121
4064 1.456034 121
4065 3.186691 121
4066 30.466715 121
4067 0.742645 121
4068 9.108027 121
4069 2.019829 121
4070 1.466759 121
4071 3.011057 121
4072 0.934086 121
4073 1.401321 121
4074 1.306880 121
4075 3.081178 121
4076 7.345596 121
4077 2.796975 121
4078 0.412635 121
4079 0.688356 121
4080 2.568541 121
4081 2.630072 121
4082 2.020365 121
4083 3.329837 121
4084 8.276676 121
4085 0.696470 121
4086 3.716363 121
4087 0.528466 121
4088 3.097958 121
4089 3.498558 121
4090 3.595453 121
4091 4.165925 121
4092 13.590569 121
4093 0.065270 121
4094 8.276426 121
4095 3.446720 121
4096 3.725584 121
4097 2.514853 121
4098 1.968276 121
4099 3.611839 121
4100 3.634879 116
4101 1.166871 116
4102 2.139784 116
4103 2.656043 116
4104 2.771315 116
4105 3.565645 116
4106 29.800254 116
4107 0.000335 116
4108 4.057542 116
4109 1.571606 116
4110 0.523628 116
4111 17.873395 116
4112 98.270920 116
4113 2.151611 116
4114 2.294678 116
4115 3.357625 116
4116 6.592112 116
4117 10.618438 116
4118 4.590437 116
4119 23.779375 116
4120 5.223047 116
4121 0.000000 116
4122 8.430319 116
4123 2.337753 116
4124 2.529821 116
4125 6.457571 116
4126 8.360563 116
4127 3.146303 116
4128 1.961481 116
4129 6.035829 116
4130 3.557749 116
4131 4.464877 116
4132 0.870507 116
4133 1.906583 116
4134 0.000000 116
4135 0.000000 116
4136 4.523833 116
4137 3.286816 116
4138 4.288011 116
4139 5.000549 116
4140 2.440977 116
4141 5.383239 116
4142 4.079317 116
4143 3.792979 116
4144 1.179520 116
4145 3.008175 116
4146 3.480090 116
4147 2.190742 116
4148 3.550732 116
4149 8.019512 116
4150 0.900898 114
4151 5.879157 114
4152 1.508739 114
4153 1.084827 114
4154 6.023384 114
4155 5.407791 114
4156 5.093338 114
4157 2.144534 114
4158 4.103225 114
4159 10.568489 114
4160 2.124068 114
4161 33.600202 114
4162 15.672707 114
4163 13.673384 114
4164 4.009060 114
4165 0.005626 114
4166 13.168847 114
4167 5.524358 114
4168 2.977464 114
4169 0.940201 114
4170 1.875965 114
4171 2.032345 114
4172 10.240939 114
4173 19.039832 114
4174 2.772792 114
4175 3.637559 114
4176 10.796588 114
4177 0.600275 114
4178 0.887511 114
4179 2.876214 114
4180 3.010338 114
4181 4.084116 114
4182 4.411282 114
4183 37.527655 114
4184 10.329047 114
4185 5.039173 114
4186 2.448530 114
4187 3.115108 114
4188 8.598027 114
4189 0.863491 114
4190 5.492575 114
4191 16.908334 114
4192 1.771672 114
4193 2.277503 114
4194 1.202132 114
4195 3.723809 114
4196 0.590499 114
4197 6.767591 114
4198 2.995108 114
4199 3.143164 114
4200 1.471295 120
4201 3.501845 120
4202 2.451278 120
4203 3.692743 120
4204 11.446201 120
4205 9.770409 120
4206 8.959251 120
4207 8.304385 120
4208 10.541950 120
4209 9.644581 120
4210 1.425277 120
4211 4.680486 120
4212 4.341079 120
4213 1.800174 120
4214 5.432029 120
4215 13.477393 120
4216 6.579856 120
4217 1.367771 120
4218 3.358215 120
4219 10.872372 120
4220 1.653019 120
4221 2.885587 120
4222 124.281299 120
4223 0.000000 120
4224 2.625200 120
4225 1.851841 120
4226 1.840250 120
4227 5.230513 120
4228 4.796879 119
4229 2.799676 120
4230 2.486055 120
4231 5.800846 120
4232 2.122237 120
4233 1.680028 120
4234 1.257115 120
4235 3.189670 120
4236 0.758585 120
4237 0.755711 120
4238 2.212198 120
4239 1.867178 120
4240 3.601354 120
4241 3.508348 120
4242 1.649112 120
4243 4.299558 120
4244 3.846213 120
4245 4.226621 120
4246 1.834519 120
4247 0.730638 120
4248 1.048080 120
4249 2.113556 120
4250 1.038965 104
4251 1.108537 104
4252 3.207608 104
4253 3.458370 104
4254 3.099501 104
4255 3.038672 104
4256 2.958824 104
4257 4.920763 104
4258 3.213243 104
4259 3.926814 104
4260 4.415104 104
4261 5.458892 104
4262 3.306573 104
4263 3.561699 104
4264 5.474553 104
4265 3.955976 104
4266 5.350606 104
4267 4.057853 104
4268 5.872026 104
4269 7.084312 104
4270 7.236146 104
4271 9.127136 104
4272 10.797684 104
4273 11.140008 104
4274 0.000000 104
4275 0.000000 104
4276 0.000000 104
4277 0.000000 104
4278 0.087556 104
4279 1.127031 104
4280 2.912383 104
4281 3.038086 104
4282 0.370848 104
4283 2.601780 104
4284 1.220697 104
4285 15.544343 104
4286 1.203889 104
4287 3.470947 104
4288 0.462833 104
4289 12.359912 104
4290 5.105962 104
4291 13.504221 104
4292 12.384735 104
4293 13.436106 104
4294 13.119790 104
4295 13.718878 104
4296 13.167267 104
4297 12.994942 104
4298 0.000000 104
4299 11.952245 104
4300 3.114771 106
4301 8.134690 106
4302 8.524397 106
4303 8.178493 106
4304 8.639247 106
4305 7.440755 106
4306 1.065924 106
4307 3.368911 106
4308 9.021236 106
4309 9.339185 106
4310 3.653378 106
4311 3.125106 106
4312 9.421394 106
4313 9.447137 106
4314 9.050711 106
4315 9.512620 106
4316 9.584340 106
4317 3.836160 106
4318 29.712672 106
4319 1.690860 106
4320 1.101777 106
4321 1.263928 106
4322 1.228524 106
4323 1.487403 106
4324 1.555481 106
4325 0.980804 106
4326 13.353949 106
4327 2.871359 106
4328 7.282270 106
4329 0.802767 106
4330 11.930376 106
4331 1.232190 106
4332 1.748236 106
4333 1.241507 106
4334 3.483038 106
4335 1.012174 106
4336 0.573375 106
4337 1.124199 106
4338 1.484002 106
4339 3.480869 106
4340 2.249768 106
4341 1.460600 106
4342 1.873564 106
4343 1.105245 106
4344 0.003698 106
4345 0.030978 106
4346 0.029642 106
4347 0.018634 106
4348 0.006140 106
4349 0.029650 106
4350 0.001609 106
4351 1.697431 106
4352 0.533099 106
4353 2.052128 106
4354 1.854051 106
4355 1.581633 106
4356 3.326362 106
4357 2.179771 106
4358 1.110641 106
4359 0.809846 106
4360 0.000000 106
4361 0.000000 106
4362 0.000000 106
4363 0.000000 106
4364 0.000000 106
4365 0.000000 105
4366 0.000000 105
4367 0.000000 105
4368 0.000000 105
4369 0.000000 105
4370 0.000000 105
4371 0.000000 105
4372 0.000000 105
4373 0.000000 105
4374 0.000000 105
4375 0.000000 105
4376 0.000000 105
4377 0.000000 105
4378 0.000000 105
4379 4.002552 105
4380 6.815296 105
4381 16.887553 105
4382 8.742377 105
4383 15.342582 105
4384 5.788679 105
4385 5.518990 105
4386 8.452717 105
4387 6.394503 105
4388 433.948503 105
4389 2.475022 105
4390 4.900576 105
4391 11.974065 104
4392 75.292211 105
4393 11.704792 105
4394 3.151739 105
4395 6.231291 105
4396 5.343749 105
4397 7.547037 105
4398 6.497846 105
4399 5.924160 105
4400 2.386574 89
4401 4.565519 89
4402 5.356089 89
4403 6.832060 89
4404 5.364293 89
4405 6.094822 89
4406 3.771098 89
4407 3.811988 89
4408 3.552648 89
4409 4.268527 89
4410 3.608358 89
4411 2.858632 89
4412 2.948300 89
4413 2.250704 89
4414 22.049363 89
4415 4.350945 89
4416 96.699042 89
4417 1.835600 89
4418 25.991479 89
4419 78.207963 89
4420 4.748533 89
4421 1.773459 89
4422 40.017008 89
4423 43.199271 89
4424 5.526476 89
4425 1.936574 89
4426 26.754830 89
4427 83.616499 89
4428 4.374361 89
4429 15.258811 89
4430 4.605747 89
4431 3.971366 89
4432 85.520575 89
4433 16.713531 89
4434 4.606083 89
4435 104.195761 89
4436 5.376918 89
4437 1.942139 89
4438 41.366377 89
4439 58.532734 89
4440 5.221602 89
4441 1.882726 89
4442 43.453741 89
4443 5.025066 89
4444 67.601726 89
4445 1.945421 89
4446 26.624559 89
4447 5.354470 89
4448 99.061538 89
4449 2.920980 89
4450 13.506070 102
4451 75.367792 102
4452 4.168273 102
4453 2.041834 102
4454 0.908309 102
4455 1.890913 102
4456 1.786256 102
4457 5.484488 102
4458 2.601509 102
4459 5.739190 102
4460 3.830413 102
4461 9.909131 102
4462 2.825939 102
4463 5.686983 102
4464 1.551563 102
4465 3.516862 102
4466 4.162831 102
4467 2.357291 102
4468 2.729158 102
4469 6.681338 102
4470 1.474536 102
4471 2.866788 102
4472 5.286083 102
4473 22.773299 102
4474 45.749055 102
4475 3.081053 102
4476 6.654959 102
4477 13.712961 102
4478 1.669744 102
4479 1.829568 102
4480 7.488765 102
4481 1.484897 102
4482 1.477834 102
4483 0.002502 102
4484 2.112619 102
4485 2.532820 102
4486 2.789005 102
4487 3.998893 102
4488 3.442629 102
4489 2.034700 102
4490 3.316162 102
4491 4.165429 102
4492 20.834442 102
4493 4.356078 102
4494 2.963587 102
4495 0.397822 102
4496 5.992562 102
4497 3.493335 102
4498 4.076749 102
4499 15.692734 102
