0 1.926907 118
1 1.330059 118
2 0.770983 118
3 0.812000 118
4 0.784144 118
5 19.280712 118
6 1.456305 118
7 1.671915 118
8 1.416441 118
9 1.036331 118
10 1.850534 118
11 3.440407 118
12 5.536839 118
13 2.069144 118
14 6.131119 118
15 1.177958 118
16 1.607136 118
17 1.544051 118
18 1.187229 118
19 0.462102 118
20 0.506051 118
21 1.651712 118
22 0.548703 118
23 1.771576 118
24 0.828407 118
25 1.495754 118
26 3.076280 118
27 1.916110 118
28 1.508737 118
29 1.561949 118
30 0.630686 118
31 1.648407 118
32 1.231102 118
33 1.380975 118
34 0.898415 118
35 0.895856 118
36 1.036186 118
37 1.380305 118
38 0.526398 118
39 0.442653 118
40 0.515500 118
41 1.169839 118
42 1.548237 118
43 1.339322 118
44 0.478000 118
45 1.325805 118
46 0.452483 118
47 0.859076 118
48 0.388102 118
49 1.199339 118
50 1.205821 117
51 1.549077 117
52 1.301017 117
53 1.578274 117
54 2.329000 117
55 2.281538 117
56 1.139573 117
57 1.304026 117
58 2.372564 117
59 1.534709 117
60 7.387154 117
61 1.833521 117
62 1.644188 117
63 1.372564 117
64 1.397949 117
65 1.604299 117
66 1.374513 117
67 1.747838 117
68 2.286085 117
69 0.976624 117
70 0.486205 117
71 0.473179 117
72 0.351530 117
73 1.280444 117
74 0.999453 117
75 0.632957 117
76 0.622744 117
77 0.390838 117
78 0.499684 117
79 0.629444 117
80 0.520752 117
81 0.404513 117
82 1.041684 117
83 1.163308 117
84 0.507128 117
85 1.062385 117
86 0.382291 117
87 0.451026 117
88 0.627179 117
89 4.466137 117
90 0.917154 117
91 19.916051 117
92 1.064385 117
93 0.876205 117
94 0.887855 117
95 0.824795 117
96 1.982709 117
97 0.805256 117
98 0.317444 117
99 0.227615 117
100 0.442250 96
101 0.317917 96
102 0.367396 96
103 0.324677 96
104 2.793229 96
105 0.360792 96
106 0.463073 96
107 1.102875 96
108 0.401469 96
109 1.478979 96
110 1.097833 96
111 2.005198 96
112 4.173250 96
113 1.056333 96
114 0.359000 96
115 0.349708 96
116 0.931375 96
117 1.314979 96
118 0.445208 96
119 0.394344 96
120 1.694990 96
121 1.199240 96
122 2.832854 96
123 0.946052 96
124 1.069854 96
125 1.136813 96
126 1.147135 96
127 1.480542 96
128 2.209458 96
129 1.954063 96
130 1.273740 96
131 6.897833 96
132 1.194250 96
133 1.670000 96
134 0.405583 96
135 0.384438 96
136 1.537188 96
137 1.904906 96
138 0.474250 96
139 0.472448 96
140 1.057156 96
141 1.953740 96
142 0.480063 96
143 1.271042 96
144 1.306667 96
145 1.367062 96
146 2.582365 96
147 1.525094 96
148 1.881979 96
149 2.011990 96
150 0.995762 105
151 0.420229 105
152 1.728600 105
153 2.284390 105
154 1.829800 105
155 0.808971 105
156 3.178686 105
157 1.208924 105
158 1.291200 105
159 1.481933 105
160 14.296610 105
161 1.141105 105
162 2.263457 105
163 2.450057 105
164 1.481962 105
165 0.370705 105
166 0.370057 105
167 1.062076 105
168 0.383362 105
169 19.999895 105
170 19.999676 105
171 2.462429 105
172 17.727257 105
173 15.055981 105
174 12.839476 105
175 11.047105 105
176 10.050105 105
177 9.294029 105
178 8.539695 105
179 13.874400 105
180 7.631933 105
181 6.361181 105
182 4.713648 105
183 3.779400 105
184 3.197381 105
185 2.790133 105
186 1.901381 105
187 10.907895 105
188 1.501295 105
189 0.545162 105
190 0.340076 105
191 9.814448 105
192 0.616352 105
193 0.320448 105
194 0.201429 105
195 10.024419 105
196 0.590114 105
197 0.213819 105
198 0.392010 105
199 0.230981 105
200 16.381370 100
201 14.872080 100
202 13.617010 100
203 12.097240 100
204 11.601253 99
205 10.980495 99
206 9.793919 99
207 9.172616 99
208 13.540515 99
209 9.209960 99
210 8.773222 99
211 8.193687 99
212 7.569737 99
213 6.704202 99
214 6.375212 99
215 5.742394 99
216 4.912798 99
217 3.723414 99
218 3.144899 99
219 2.536737 99
220 1.736707 99
221 1.325141 99
222 0.500535 99
223 0.251444 99
224 0.266808 99
225 0.314758 99
226 0.244576 99
227 9.425515 99
228 0.578505 99
229 0.252788 99
230 0.281596 99
231 9.965101 99
232 0.596879 99
233 0.247333 99
234 0.379404 99
235 0.216424 99
236 0.235778 99
237 0.273333 99
238 0.249263 99
239 0.211273 99
240 0.231576 99
241 0.226657 99
242 0.221212 99
243 0.436202 99
244 0.448889 99
245 0.443697 99
246 0.443576 99
247 9.481646 99
248 0.695929 99
249 0.220424 99
250 16.421086 105
251 14.937457 105
252 13.958419 105
253 15.870962 105
254 12.911362 105
255 12.463886 105
256 11.488648 105
257 10.357914 105
258 9.429295 105
259 8.669171 105
260 7.925143 105
261 7.911171 105
262 7.694076 105
263 6.959057 105
264 6.554762 105
265 5.771286 105
266 4.892467 105
267 3.713029 105
268 2.744905 105
269 2.055248 105
270 1.616181 105
271 10.145790 105
272 10.140324 105
273 9.965962 105
274 9.819781 105
275 10.074171 105
276 0.629124 105
277 0.320752 105
278 0.212000 105
279 8.786676 105
280 0.594000 105
281 0.519733 105
282 0.451019 105
283 0.399781 105
284 0.415314 105
285 0.445171 105
286 0.439019 105
287 0.210010 105
288 0.469752 105
289 0.305771 105
290 0.227876 105
291 8.666124 105
292 0.592838 105
293 0.212762 105
294 0.241038 105
295 0.254533 105
296 0.210448 105
297 0.216276 105
298 0.374752 105
299 0.235429 105
300 16.415133 105
301 14.755133 105
302 14.318314 105
303 13.614181 105
304 13.394095 105
305 12.414810 105
306 11.780981 105
307 10.553048 105
308 10.381038 105
309 9.612181 105
310 8.649895 105
311 8.071752 105
312 7.162962 105
313 6.416086 105
314 6.014476 105
315 5.658705 105
316 4.887029 105
317 3.753495 105
318 2.668095 105
319 2.459324 105
320 2.301914 105
321 1.199333 105
322 0.431695 105
323 0.504181 105
324 0.459971 105
325 0.438419 105
326 0.412543 105
327 0.612571 105
328 0.633457 105
329 0.445619 105
330 0.561362 105
331 0.432057 105
332 0.635467 105
333 0.607714 105
334 0.610895 105
335 0.645333 105
336 0.697886 105
337 0.423971 105
338 9.059057 105
339 0.729133 105
340 0.415029 105
341 0.583752 105
342 0.230943 105
343 0.239076 105
344 0.208867 105
345 0.301505 105
346 0.256933 105
347 0.200762 105
348 0.216676 105
349 0.213067 105
350 17.667514 111
351 15.586162 111
352 14.400477 111
353 13.639351 111
354 13.041369 111
355 15.351973 111
356 15.500784 111
357 15.513937 111
358 15.512631 111
359 11.088793 111
360 9.966649 111
361 9.135117 111
362 13.747892 111
363 7.045360 111
364 13.312631 111
365 5.779559 111
366 12.306351 111
367 12.538550 111
368 4.018622 111
369 2.475189 111
370 11.116369 111
371 11.028045 111
372 10.513613 111
373 1.124604 111
374 9.813847 111
375 0.941108 111
376 0.471486 111
377 0.604739 111
378 9.519712 111
379 9.795135 111
380 0.962685 111
381 0.198261 111
382 0.194162 111
383 9.346378 111
384 9.679009 111
385 0.768450 111
386 0.600135 111
387 0.593198 111
388 8.946541 111
389 9.025225 111
390 9.034649 111
391 8.977694 111
392 1.144919 111
393 0.839739 111
394 8.349649 111
395 8.380027 111
396 0.664036 111
397 7.463135 111
398 7.744279 111
399 7.329730 111
400 16.339192 104
401 14.911827 104
402 14.418058 104
403 13.349490 104
404 15.373077 104
405 15.561885 104
406 15.686894 104
407 15.536240 104
408 11.128212 104
409 14.449587 104
410 19.662423 104
411 19.999837 104
412 19.999798 104
413 18.598962 104
414 17.963854 103
415 19.999835 103
416 19.089748 103
417 19.807529 104
418 17.100067 104
419 11.800311 103
420 19.999767 103
421 18.129068 103
422 12.388670 103
423 19.999718 103
424 19.999806 103
425 7.307417 103
426 19.999796 103
427 19.999845 103
428 5.135330 103
429 19.999709 103
430 19.999864 103
431 2.368192 104
432 1.012269 104
433 0.611544 103
434 19.999748 103
435 19.999845 103
436 19.807471 104
437 1.466214 103
438 19.999748 103
439 19.807471 104
440 19.807558 104
441 2.959845 103
442 19.999786 103
443 19.999806 103
444 19.999767 103
445 14.304282 103
446 19.807500 104
447 14.946903 103
448 19.807481 104
449 16.249427 103
450 19.999982 109
451 19.821284 109
452 19.999881 109
453 19.999706 109
454 6.272248 109
455 19.999741 108
456 18.371000 108
457 18.371370 108
458 19.999766 107
459 19.130596 109
460 0.972303 109
461 1.082119 109
462 0.497725 109
463 0.455330 109
464 0.260963 109
465 1.100807 109
466 0.598303 109
467 0.661202 109
468 0.658982 109
469 0.534771 109
470 0.736972 109
471 0.612294 109
472 0.560532 109
473 0.657450 109
474 0.575303 109
475 0.499899 109
476 0.523661 109
477 0.570193 109
478 0.542752 109
479 0.582945 109
480 0.627450 109
481 0.576587 109
482 19.586523 109
483 0.629982 109
484 0.212679 109
485 0.222761 109
486 0.564541 109
487 0.207073 109
488 0.187018 109
489 0.827321 109
490 0.741606 109
491 0.191899 109
492 0.234312 109
493 0.861486 109
494 0.368296 108
495 0.230500 108
496 1.467440 109
497 0.175862 109
498 0.562092 109
499 0.955284 109
500 1.492397 116
501 1.119966 116
502 0.313698 116
503 2.123129 116
504 1.560129 116
505 0.715767 116
506 0.617733 116
507 0.617034 116
508 1.053793 116
509 0.468181 116
510 2.769957 116
511 1.135767 116
512 1.688767 116
513 0.924534 116
514 1.485181 116
515 0.959578 116
516 1.843121 116
517 1.624560 116
518 1.017690 116
519 1.064793 116
520 1.241724 116
521 0.935759 116
522 0.834914 116
523 1.119621 116
524 1.404147 116
525 0.989086 116
526 1.338474 116
527 1.677034 116
528 1.125310 116
529 1.157776 116
530 3.494698 116
531 2.743284 116
532 1.205491 116
533 0.421310 116
534 0.683103 116
535 0.519991 116
536 0.492121 116
537 0.409647 116
538 2.288716 116
539 1.117328 116
540 1.816129 116
541 0.837164 116
542 1.119776 116
543 2.657621 116
544 1.181877 114
545 0.925957 116
546 20.000000 116
547 1.055491 116
548 1.848431 116
549 0.849647 116
550 2.897486 105
551 3.077638 105
552 0.886543 105
553 0.729495 105
554 0.531029 105
555 0.556743 105
556 0.550067 105
557 0.686200 105
558 0.601524 105
559 1.508629 105
560 0.577581 105
561 0.631229 105
562 0.805543 105
563 0.562857 105
564 0.522171 105
565 1.145781 105
566 0.535762 105
567 6.581276 105
568 1.559543 105
569 2.819324 105
570 1.096552 105
571 2.017657 105
572 0.771895 105
573 0.865238 105
574 0.978476 105
575 0.879514 105
576 0.687333 105
577 0.740086 105
578 1.993181 105
579 1.586771 105
580 1.287124 105
581 1.054133 105
582 0.965286 105
583 1.194029 105
584 1.137648 105
585 0.945619 105
586 2.141971 105
587 1.957543 105
588 2.078838 105
589 1.363971 105
590 0.824933 105
591 2.050190 105
592 2.303181 105
593 3.082505 105
594 2.366495 105
595 2.083971 105
596 2.278590 105
597 1.853581 105
598 2.984533 105
599 2.377124 105
600 2.563105 114
601 1.873535 114
602 2.048825 114
603 3.971149 114
604 2.169684 114
605 1.748168 113
606 1.856348 112
607 1.716018 112
608 2.970658 114
609 2.212487 113
610 1.281292 113
611 3.483575 113
612 1.933250 112
613 1.706482 112
614 1.790434 113
615 1.742777 112
616 4.244655 113
617 3.362115 113
618 4.163292 113
619 0.933041 98
620 3.100947 113
621 3.016018 113
622 19.831035 113
623 19.830619 113
624 3.282619 113
625 3.057973 113
626 1.725407 113
627 1.442717 113
628 1.112478 113
629 1.290460 113
630 1.703903 113
631 1.583434 113
632 0.449274 113
633 0.447867 113
634 2.040088 113
635 1.396735 113
636 1.282681 113
637 2.301805 113
638 2.226319 113
639 2.895876 113
640 2.670416 113
641 3.594451 113
642 3.583239 113
643 2.734310 113
644 2.421265 113
645 2.164540 113
646 1.262336 113
647 1.334381 113
648 1.495142 113
649 1.958779 113
650 17.618817 109
651 1.762009 109
652 0.820413 109
653 1.487422 109
654 2.270220 109
655 4.024422 109
656 1.295294 109
657 2.647807 109
658 1.609165 109
659 10.313505 109
660 1.349028 109
661 2.590917 109
662 0.795055 109
663 1.315541 109
664 1.082046 109
665 2.888688 109
666 3.232064 109
667 2.245119 109
668 0.741064 109
669 1.322761 109
670 0.509028 109
671 1.651018 109
672 2.198202 109
673 1.635796 108
674 2.790440 109
675 3.018734 109
676 3.462807 109
677 1.746174 109
678 2.244862 109
679 2.963165 109
680 2.255294 109
681 4.780596 109
682 3.685771 109
683 12.172459 109
684 1.511789 109
685 1.435587 109
686 1.264330 109
687 2.774413 109
688 2.644670 109
689 1.939541 109
690 1.449229 109
691 2.573578 109
692 2.882275 109
693 3.374083 109
694 2.660394 109
695 1.808817 109
696 1.490220 109
697 13.706468 109
698 3.098615 109
699 1.188826 109
700 4.297566 99
701 3.709646 99
702 3.112808 99
703 2.472535 99
704 2.146586 99
705 4.424960 99
706 3.455879 99
707 2.713687 99
708 2.108768 99
709 2.562333 99
710 4.177111 99
711 3.235384 99
712 3.985343 99
713 2.058556 99
714 5.620566 99
715 1.779111 99
716 6.810061 99
717 2.474889 99
718 2.899030 99
719 1.513394 99
720 3.480404 99
721 3.785071 99
722 1.464131 99
723 1.237747 99
724 1.727364 99
725 2.969778 99
726 12.422798 99
727 14.142374 99
728 14.540000 99
729 13.696525 99
730 15.844434 99
731 16.738141 99
732 17.234899 99
733 16.984364 99
734 16.725192 99
735 17.947879 99
736 0.510798 99
737 1.044162 99
738 1.281747 99
739 0.470010 99
740 0.451253 99
741 0.677212 99
742 0.210212 99
743 0.204566 99
744 0.508747 99
745 0.771030 99
746 0.604313 99
747 0.199263 99
748 0.198081 99
749 0.444374 99
750 1.561650 100
751 1.413710 100
752 1.283100 100
753 0.384380 100
754 0.969290 100
755 1.868540 100
756 1.705040 100
757 4.372710 100
758 0.838790 100
759 1.075570 100
760 0.704160 100
761 0.861740 100
762 2.590340 100
763 0.437667 99
764 0.543495 99
765 1.665800 100
766 1.389480 100
767 0.494550 100
768 1.230320 100
769 1.551010 100
770 0.432840 100
771 3.080060 100
772 6.374950 100
773 5.239550 100
774 1.559960 100
775 0.948150 100
776 1.569590 100
777 0.972890 100
778 3.067070 100
779 1.522670 100
780 0.947300 100
781 0.962350 100
782 1.022490 100
783 1.443140 100
784 1.159280 100
785 1.007300 100
786 0.455850 100
787 0.935190 100
788 0.408960 100
789 1.227760 100
790 1.089470 100
791 2.151460 100
792 0.352530 100
793 0.924440 100
794 0.902710 100
795 0.890480 100
796 0.957580 100
797 0.980410 100
798 1.081410 100
799 0.882680 100
800 3.662363 113
801 0.971805 113
802 1.095779 113
803 17.370770 113
804 0.822150 113
805 1.134628 113
806 1.141540 113
807 1.311965 113
808 1.641956 113
809 1.185690 113
810 0.411664 113
811 1.086549 113
812 1.529912 113
813 0.456637 113
814 1.007336 113
815 1.339628 113
816 2.545540 113
817 10.436522 113
818 12.501487 113
819 13.632363 113
820 13.823885 113
821 12.180133 113
822 0.866035 113
823 1.073611 113
824 8.285558 113
825 0.847204 113
826 0.961416 113
827 0.905425 113
828 0.603336 113
829 0.711540 113
830 1.846212 113
831 2.227133 113
832 1.536973 113
833 1.025956 113
834 0.744832 113
835 1.030867 113
836 0.773876 113
837 0.884558 113
838 1.513841 113
839 0.589460 113
840 1.985053 113
841 3.574867 113
842 0.480947 113
843 0.522053 113
844 0.804823 113
845 0.697274 113
846 1.748257 113
847 0.485796 113
848 0.464062 113
849 0.896664 113
850 11.853955 110
851 1.431282 110
852 0.712427 110
853 1.018400 110
854 1.101982 110
855 0.444145 110
856 0.376409 110
857 1.298018 110
858 0.679191 110
859 0.573273 110
860 1.260045 110
861 1.332264 110
862 1.186455 110
863 1.723873 110
864 1.033727 110
865 1.095955 110
866 2.286545 110
867 16.504873 110
868 3.975836 110
869 4.426891 110
870 17.348073 110
871 6.374373 110
872 17.670127 110
873 6.683109 110
874 6.753136 110
875 6.565245 110
876 6.397245 110
877 5.806682 110
878 5.473082 110
879 4.794527 110
880 4.434000 110
881 3.983936 110
882 3.382727 110
883 3.175618 110
884 2.797673 110
885 2.681464 110
886 2.479018 110
887 2.295827 110
888 2.017945 110
889 1.981318 110
890 1.834736 110
891 1.620500 110
892 16.154027 110
893 18.999527 110
894 15.861209 110
895 1.479564 110
896 0.230173 110
897 0.206455 110
898 0.717464 110
899 0.215718 110
900 0.744143 105
901 1.821619 105
902 2.960886 105
903 1.358362 105
904 1.463267 105
905 2.187352 105
906 0.488552 105
907 0.373086 105
908 1.451086 105
909 0.553162 105
910 0.371924 105
911 1.708714 105
912 0.371448 105
913 0.401724 105
914 1.195219 105
915 0.356552 105
916 1.152314 105
917 19.999981 105
918 19.999654 104
919 19.809486 105
920 19.999702 104
921 19.999933 104
922 19.999740 104
923 19.809467 105
924 19.999670 103
925 19.999913 103
926 19.807385 104
927 19.999913 103
928 19.999670 103
929 19.807606 104
930 19.999748 103
931 0.657562 105
932 0.834552 105
933 0.297362 105
934 0.256305 105
935 0.340924 105
936 0.822838 105
937 0.234838 105
938 0.233543 105
939 1.096771 105
940 0.257914 105
941 0.198667 105
942 0.198257 105
943 0.195562 105
944 0.947600 105
945 0.669171 105
946 0.731333 105
947 0.970762 105
948 0.827457 105
949 0.232875 104
950 0.576295 105
951 0.371019 105
952 1.027924 105
953 0.821838 105
954 1.144429 105
955 0.537305 105
956 0.924905 105
957 0.363067 105
958 0.289581 105
959 0.379400 105
960 0.748600 105
961 0.382695 105
962 0.292657 105
963 0.264352 105
964 0.992914 105
965 1.174152 105
966 0.369143 105
967 3.934057 105
968 2.773648 105
969 3.163971 105
970 3.056371 105
971 3.118048 105
972 1.867124 105
973 0.815390 105
974 0.949486 105
975 0.301381 105
976 1.103933 105
977 1.214952 105
978 0.864505 105
979 0.829971 105
980 1.117476 105
981 13.496495 105
982 2.749457 105
983 1.376571 105
984 0.763295 105
985 2.353990 105
986 0.662981 105
987 1.021219 105
988 0.952133 105
989 2.797667 105
990 0.758667 105
991 0.880429 105
992 0.652524 105
993 0.681848 105
994 0.925143 105
995 0.748343 105
996 0.704990 105
997 0.632752 105
998 0.635886 105
999 0.806229 105
1000 0.884942 86
1001 1.022070 86
1002 2.291872 86
1003 1.312814 86
1004 0.871930 86
1005 0.776349 86
1006 0.770128 86
1007 0.939407 86
1008 1.754733 86
1009 1.048233 86
1010 0.849163 86
1011 1.359384 86
1012 0.930860 86
1013 1.547337 86
1014 1.271430 86
1015 1.218116 86
1016 0.784116 86
1017 0.378314 86
1018 0.372058 86
1019 0.411884 86
1020 0.351651 86
1021 0.419209 86
1022 0.373930 86
1023 0.374744 86
1024 0.381512 86
1025 0.370314 86
1026 0.358407 86
1027 0.394384 86
1028 0.367802 86
1029 0.377709 86
1030 0.355988 86
1031 0.346570 86
1032 0.703047 86
1033 0.342140 86
1034 0.294779 86
1035 0.824488 86
1036 0.289407 86
1037 1.007407 86
1038 0.334977 86
1039 0.355523 86
1040 0.819430 86
1041 0.283209 86
1042 0.745395 86
1043 0.461779 86
1044 0.327791 86
1045 0.333384 86
1046 0.845419 86
1047 0.309267 86
1048 0.333256 86
1049 9.863663 86
1050 9.033151 106
1051 8.169509 106
1052 7.110472 106
1053 1.064047 106
1054 0.356962 106
1055 0.975830 106
1056 0.498500 106
1057 0.321792 106
1058 0.907170 106
1059 0.320575 106
1060 0.416179 106
1061 1.465821 106
1062 1.035953 106
1063 0.626736 106
1064 0.857415 106
1065 0.528198 106
1066 1.692500 106
1067 0.389217 106
1068 0.738925 106
1069 0.436764 106
1070 0.514887 106
1071 0.784396 106
1072 0.593028 106
1073 0.670132 106
1074 1.633358 106
1075 0.394283 106
1076 0.647519 106
1077 0.496774 106
1078 0.618396 106
1079 1.119708 106
1080 0.482377 106
1081 0.618311 106
1082 0.903632 106
1083 0.793670 106
1084 0.688547 106
1085 0.360821 106
1086 0.575198 106
1087 2.455208 106
1088 1.760371 105
1089 1.821105 105
1090 2.469783 106
1091 2.217755 106
1092 1.920181 105
1093 1.964362 105
1094 1.194321 106
1095 1.005189 106
1096 0.898170 106
1097 0.314792 106
1098 0.292349 106
1099 0.292028 106
1100 0.690597 119
1101 4.106210 119
1102 9.696193 119
1103 1.187832 119
1104 0.989387 119
1105 0.908076 119
1106 1.428303 119
1107 0.938261 119
1108 1.042496 119
1109 0.456034 119
1110 0.406605 119
1111 0.465000 119
1112 6.250874 119
1113 1.926185 119
1114 1.173672 119
1115 1.123479 119
1116 0.955756 119
1117 0.944723 119
1118 1.559160 119
1119 1.514168 119
1120 1.160782 119
1121 1.117782 119
1122 1.125487 119
1123 0.343237 118
1124 0.331412 119
1125 9.773109 119
1126 0.767739 119
1127 0.394025 119
1128 0.400311 119
1129 0.822479 119
1130 0.881933 119
1131 1.631387 119
1132 19.834134 119
1133 19.833849 119
1134 0.607143 119
1135 0.764017 119
1136 0.931277 119
1137 1.064571 119
1138 0.558042 118
1139 2.024647 119
1140 1.075303 119
1141 1.161277 119
1142 0.654345 119
1143 1.304765 119
1144 0.651798 119
1145 0.905361 119
1146 0.657866 119
1147 0.889076 119
1148 0.512437 119
1149 0.494378 119
1150 0.803836 110
1151 0.357782 110
1152 0.399145 110
1153 1.240573 110
1154 0.660536 110
1155 0.611655 110
1156 19.819782 110
1157 19.819609 110
1158 0.893627 110
1159 0.364955 110
1160 1.692600 110
1161 0.748100 110
1162 1.218518 110
1163 0.463218 110
1164 0.322845 110
1165 0.783264 110
1166 0.975136 110
1167 0.869655 110
1168 0.791627 110
1169 0.352536 110
1170 1.752000 110
1171 0.629555 110
1172 1.428418 110
1173 0.531835 109
1174 1.139091 110
1175 0.509300 110
1176 1.339645 110
1177 0.553743 109
1178 1.120045 110
1179 0.487200 110
1180 1.191255 110
1181 0.591836 110
1182 0.857345 110
1183 0.816355 110
1184 0.817955 110
1185 0.407536 110
1186 0.886491 110
1187 0.743073 110
1188 1.334527 110
1189 1.033955 110
1190 2.512582 110
1191 1.022600 110
1192 1.343309 110
1193 0.628745 110
1194 0.331900 110
1195 0.894136 110
1196 0.405464 110
1197 0.988218 110
1198 1.010518 110
1199 0.230755 110
1200 1.905153 111
1201 1.001243 111
1202 1.074279 111
1203 0.494009 111
1204 1.036622 111
1205 0.306324 111
1206 2.235054 111
1207 0.851586 111
1208 0.728811 111
1209 0.680847 111
1210 11.844892 111
1211 3.175234 111
1212 10.170964 111
1213 1.090162 111
1214 2.547793 111
1215 2.018847 111
1216 1.172009 111
1217 1.098505 111
1218 0.893315 111
1219 2.342252 111
1220 1.332162 111
1221 18.276667 111
1222 1.798874 111
1223 1.067198 111
1224 0.944937 111
1225 0.859180 111
1226 1.153946 111
1227 4.384928 111
1228 1.067721 111
1229 0.941667 111
1230 2.379270 111
1231 1.022009 111
1232 0.920820 111
1233 0.734631 111
1234 1.020649 111
1235 2.186568 111
1236 0.884261 111
1237 0.862144 111
1238 0.817306 111
1239 1.288144 111
1240 0.794784 111
1241 1.446072 111
1242 1.969622 111
1243 15.687180 111
1244 2.574829 111
1245 1.083333 111
1246 0.934153 111
1247 1.351000 111
1248 1.397730 111
1249 2.059270 111
1250 4.183893 112
1251 1.367304 112
1252 0.337875 112
1253 0.324393 112
1254 1.407786 112
1255 1.048241 112
1256 0.473250 112
1257 2.874929 112
1258 0.395757 111
1259 1.558366 112
1260 1.132634 112
1261 1.116884 112
1262 1.839455 112
1263 1.179295 112
1264 1.608009 112
1265 1.178313 112
1266 0.442071 112
1267 1.503348 112
1268 2.027473 112
1269 1.477607 112
1270 0.391459 111
1271 0.477312 112
1272 0.354072 111
1273 0.365153 111
1274 0.348910 111
1275 0.345928 111
1276 0.450134 112
1277 3.528125 112
1278 20.000000 112
1279 0.901920 112
1280 1.290446 112
1281 1.227071 112
1282 1.242098 112
1283 1.539750 112
1284 1.072598 112
1285 0.905027 112
1286 0.214679 112
1287 0.216205 112
1288 0.484902 112
1289 0.206946 112
1290 5.551991 112
1291 0.920438 112
1292 0.909232 112
1293 0.620009 112
1294 0.700062 112
1295 6.639688 112
1296 0.545080 112
1297 0.739205 112
1298 1.858589 112
1299 0.539634 112
1300 1.499376 109
1301 0.625349 109
1302 0.590807 109
1303 2.565826 109
1304 0.842119 109
1305 2.108917 109
1306 4.684633 109
1307 1.668789 109
1308 0.795697 109
1309 0.727156 109
1310 1.170505 109
1311 0.356231 108
1312 0.319537 108
1313 0.342046 108
1314 2.292872 109
1315 1.601083 109
1316 0.553991 109
1317 1.296101 109
1318 1.740009 109
1319 0.593339 109
1320 1.266165 109
1321 0.308148 108
1322 7.209193 109
1323 7.852972 109
1324 0.781798 109
1325 1.171239 109
1326 6.879505 109
1327 17.023055 109
1328 1.087202 109
1329 6.776697 109
1330 1.759642 109
1331 1.149835 109
1332 1.325743 109
1333 0.980440 109
1334 1.756275 109
1335 1.351220 109
1336 1.193073 109
1337 1.188110 109
1338 1.606697 109
1339 1.826193 109
1340 1.436514 109
1341 1.348165 109
1342 1.102266 109
1343 1.207578 109
1344 1.278853 109
1345 1.585092 109
1346 1.142991 109
1347 1.406890 109
1348 1.040128 109
1349 1.175890 109
1350 1.710020 100
1351 1.419220 100
1352 1.165460 100
1353 1.416460 100
1354 1.799420 100
1355 1.327020 100
1356 1.438700 100
1357 1.500290 100
1358 1.646490 100
1359 1.828630 100
1360 1.226700 100
1361 1.350200 100
1362 1.503430 100
1363 1.668300 100
1364 1.460710 100
1365 1.817800 100
1366 1.243030 100
1367 1.006210 100
1368 1.532190 100
1369 1.763860 100
1370 1.896520 100
1371 1.829630 100
1372 1.195880 100
1373 1.373010 100
1374 1.913760 100
1375 1.470800 100
1376 1.525470 100
1377 1.427370 100
1378 1.237170 100
1379 1.266040 100
1380 1.533710 100
1381 0.942290 100
1382 1.389220 100
1383 1.429880 100
1384 0.877520 100
1385 1.075550 100
1386 1.220830 100
1387 1.059240 100
1388 0.377280 100
1389 0.492970 100
1390 0.400960 100
1391 0.520490 100
1392 0.575760 100
1393 0.896360 100
1394 0.627160 100
1395 0.739530 100
1396 0.393930 100
1397 0.547110 100
1398 0.378690 100
1399 0.498960 100
1400 1.121633 98
1401 0.807939 98
1402 1.835367 98
1403 0.480000 98
1404 0.569531 98
1405 0.664561 98
1406 0.458041 98
1407 1.204153 98
1408 0.603357 98
1409 0.534602 98
1410 0.649612 98
1411 0.755796 98
1412 0.448010 98
1413 0.760092 98
1414 0.813337 98
1415 0.408776 98
1416 0.712286 98
1417 1.476714 98
1418 1.186510 98
1419 0.570092 98
1420 0.708051 98
1421 0.411541 98
1422 0.569888 98
1423 0.391418 98
1424 1.205122 98
1425 0.663531 98
1426 0.408092 98
1427 0.529173 98
1428 0.573500 98
1429 0.526929 98
1430 0.630541 98
1431 0.595204 98
1432 0.556286 98
1433 1.086255 98
1434 0.292214 98
1435 19.897969 98
1436 19.826093 97
1437 19.795857 98
1438 19.999711 97
1439 19.999887 97
1440 4.126306 98
1441 0.319083 96
1442 1.040835 97
1443 9.538155 97
1444 0.665237 97
1445 0.590526 97
1446 0.422742 97
1447 0.506907 97
1448 0.532639 97
1449 0.761536 97
1450 0.979989 92
1451 0.435141 92
1452 0.379620 92
1453 0.444120 92
1454 7.826870 92
1455 12.499957 92
1456 13.735326 92
1457 1.404130 92
1458 0.830242 91
1459 1.247978 92
1460 1.112880 92
1461 0.425152 92
1462 0.951000 92
1463 0.368141 92
1464 2.335761 92
1465 1.446446 92
1466 0.423239 92
1467 0.442174 92
1468 1.241717 92
1469 1.182185 92
1470 1.220533 92
1471 1.034163 92
1472 0.383783 92
1473 0.396815 92
1474 0.790924 92
1475 0.341685 92
1476 0.880739 92
1477 0.543685 92
1478 1.273576 92
1479 1.410761 92
1480 1.774870 92
1481 2.765413 92
1482 1.405380 92
1483 1.615957 92
1484 1.033772 92
1485 1.666130 92
1486 0.946533 92
1487 1.017739 92
1488 1.046587 92
1489 0.954467 92
1490 1.284609 92
1491 1.021174 92
1492 1.076935 92
1493 0.960902 92
1494 0.970511 92
1495 3.061630 92
1496 0.811967 92
1497 1.216065 92
1498 1.285924 92
1499 1.064913 92
1500 2.833318 107
1501 1.223168 107
1502 2.389607 107
1503 1.051439 107
1504 1.021065 107
1505 0.881654 107
1506 1.044374 107
1507 0.965178 107
1508 1.267037 107
1509 1.116280 107
1510 1.007112 107
1511 3.180804 107
1512 4.337785 107
1513 1.823561 107
1514 1.910224 107
1515 1.078953 107
1516 0.486981 107
1517 2.136626 107
1518 5.270819 105
1519 6.263495 105
1520 19.979533 105
1521 1.069841 107
1522 0.384626 107
1523 0.564523 107
1524 0.275879 107
1525 0.540271 107
1526 0.754495 107
1527 0.318860 107
1528 0.530215 107
1529 0.740318 107
1530 0.533336 107
1531 0.523355 107
1532 0.907542 107
1533 0.319682 107
1534 0.268850 107
1535 0.281626 107
1536 4.828981 107
1537 0.514944 107
1538 0.514617 107
1539 0.509430 107
1540 1.234477 107
1541 1.050869 107
1542 1.064673 107
1543 1.041056 107
1544 1.030963 107
1545 0.737804 107
1546 0.925121 107
1547 0.894794 107
1548 1.452196 107
1549 0.314636 107
1550 0.915653 121
1551 1.412364 121
1552 1.390620 121
1553 1.312818 121
1554 1.225083 121
1555 1.507959 121
1556 3.353595 121
1557 0.841107 121
1558 1.353942 121
1559 1.115579 121
1560 1.140364 121
1561 1.357355 121
1562 0.903554 121
1563 1.508298 121
1564 1.777033 121
1565 0.628595 121
1566 0.595777 121
1567 0.756512 121
1568 6.533802 121
1569 5.921364 121
1570 7.101050 121
1571 1.119818 121
1572 0.778292 120
1573 1.101562 121
1574 1.472917 121
1575 15.565884 121
1576 1.177678 121
1577 1.102744 121
1578 1.371066 121
1579 0.942355 121
1580 0.985455 121
1581 0.410248 121
1582 0.338182 121
1583 0.414190 121
1584 2.923322 121
1585 1.704083 121
1586 7.574562 121
1587 5.612417 120
1588 10.975868 121
1589 7.353767 120
1590 6.286068 118
1591 5.940856 118
1592 6.306739 119
1593 6.155765 119
1594 7.545797 118
1595 18.966890 118
1596 9.952325 117
1597 9.439479 117
1598 0.703364 121
1599 0.196182 121
1600 0.588345 113
1601 0.905009 113
1602 0.317894 113
1603 0.345044 113
1604 0.277168 113
1605 0.961982 113
1606 0.317088 113
1607 0.479858 113
1608 1.065876 113
1609 0.316195 113
1610 0.311044 113
1611 0.810655 113
1612 0.301319 113
1613 1.039372 113
1614 0.287442 113
1615 0.943558 113
1616 0.525522 113
1617 0.528124 113
1618 0.519363 113
1619 0.510186 113
1620 1.122558 113
1621 0.602212 113
1622 0.396708 113
1623 1.798044 113
1624 2.001035 113
1625 0.447319 113
1626 1.438823 113
1627 0.501575 113
1628 1.818204 113
1629 0.793681 113
1630 1.629310 113
1631 0.959858 113
1632 1.626416 113
1633 0.691478 113
1634 1.004133 113
1635 3.524327 113
1636 1.503912 113
1637 0.642788 113
1638 0.604699 113
1639 0.914788 113
1640 1.848752 113
1641 1.392150 113
1642 0.909274 113
1643 0.301168 113
1644 0.775292 113
1645 0.262646 113
1646 0.872062 113
1647 0.389903 113
1648 1.128407 113
1649 1.191469 113
1650 0.708776 98
1651 1.126439 98
1652 1.399663 98
1653 2.602735 98
1654 19.398898 98
1655 1.962112 98
1656 0.789510 98
1657 1.714337 98
1658 1.396224 98
1659 1.120582 98
1660 0.663990 98
1661 0.839653 98
1662 1.354867 98
1663 1.100643 98
1664 2.281837 98
1665 0.388602 98
1666 0.358551 98
1667 1.744031 98
1668 0.428237 97
1669 0.412320 97
1670 1.476837 98
1671 0.386531 98
1672 16.351755 98
1673 16.795602 98
1674 18.163255 98
1675 17.595786 98
1676 18.605602 98
1677 18.284907 97
1678 18.230255 98
1679 14.941474 97
1680 18.116423 97
1681 1.951112 98
1682 0.638551 98
1683 0.176480 98
1684 0.180510 98
1685 1.199418 98
1686 0.670102 98
1687 1.734224 98
1688 1.137367 98
1689 0.817765 98
1690 4.218020 98
1691 1.058551 98
1692 3.663541 98
1693 1.584816 98
1694 0.643204 98
1695 0.240602 98
1696 0.585878 98
1697 0.286071 98
1698 0.714571 98
1699 0.222388 98
1700 0.701740 96
1701 0.379021 96
1702 0.367844 96
1703 0.992125 96
1704 0.814542 96
1705 0.919750 96
1706 0.303448 96
1707 0.284240 96
1708 0.383177 96
1709 0.396323 96
1710 1.408552 96
1711 0.427438 96
1712 0.476948 96
1713 0.550927 96
1714 0.980510 96
1715 0.999906 96
1716 1.247427 96
1717 0.517625 96
1718 0.398260 96
1719 1.643375 96
1720 1.405604 96
1721 1.487281 96
1722 1.575865 96
1723 1.199948 96
1724 1.123885 96
1725 1.628062 96
1726 10.139000 96
1727 2.790750 96
1728 1.141427 96
1729 1.992406 96
1730 1.296792 96
1731 1.737219 96
1732 1.196833 96
1733 2.037792 96
1734 0.841031 96
1735 0.901177 96
1736 0.784698 96
1737 0.853948 96
1738 0.988979 96
1739 1.579958 96
1740 2.084885 96
1741 1.723385 96
1742 5.097427 96
1743 1.692677 96
1744 0.561521 96
1745 0.846417 96
1746 0.807625 96
1747 2.420469 96
1748 3.179115 96
1749 1.487708 96
1750 1.462175 120
1751 1.186775 120
1752 1.199658 120
1753 0.946383 120
1754 0.320850 120
1755 0.324200 120
1756 1.595517 120
1757 0.955992 120
1758 1.147600 120
1759 2.891733 120
1760 1.301475 120
1761 1.124850 120
1762 1.090850 120
1763 1.141292 120
1764 1.063283 120
1765 1.219925 120
1766 1.100000 120
1767 0.838175 120
1768 1.119075 120
1769 1.250050 120
1770 1.025647 119
1771 1.276567 120
1772 2.398850 120
1773 0.865458 120
1774 1.358783 120
1775 1.125600 120
1776 11.695675 120
1777 4.941492 120
1778 0.562625 120
1779 0.881833 120
1780 0.902050 120
1781 1.582425 120
1782 1.333125 120
1783 0.689467 120
1784 1.305783 120
1785 1.159408 120
1786 4.393575 120
1787 10.194233 120
1788 1.167425 120
1789 0.912008 120
1790 0.868267 120
1791 14.567792 120
1792 0.818517 120
1793 0.260317 120
1794 0.275392 120
1795 1.262492 120
1796 1.111633 120
1797 0.463167 120
1798 1.682550 120
1799 1.345325 120
1800 1.368724 116
1801 0.777241 116
1802 2.331853 116
1803 1.849983 116
1804 0.579793 116
1805 1.704595 116
1806 1.531871 116
1807 1.469155 116
1808 1.286552 116
1809 1.711017 116
1810 1.596121 116
1811 16.299681 116
1812 1.999543 116
1813 1.866638 116
1814 0.510698 116
1815 0.673509 116
1816 1.523284 116
1817 0.908388 116
1818 0.957172 116
1819 1.139612 116
1820 0.987871 116
1821 4.250534 116
1822 2.381052 116
1823 0.491276 116
1824 0.425431 116
1825 1.084948 116
1826 1.080147 116
1827 9.426655 116
1828 9.977224 116
1829 9.719871 116
1830 0.989931 116
1831 1.617586 116
1832 0.942569 116
1833 1.076466 116
1834 1.298845 116
1835 0.795638 116
1836 0.366474 116
1837 1.041440 116
1838 1.311707 116
1839 0.934733 116
1840 0.997388 116
1841 1.270517 116
1842 1.317647 116
1843 0.766836 116
1844 0.807345 116
1845 1.130750 116
1846 0.718922 116
1847 0.800233 116
1848 0.723328 116
1849 1.110422 116
1850 1.289417 108
1851 1.771648 108
1852 1.371667 108
1853 1.418519 108
1854 0.456306 108
1855 0.455880 108
1856 1.493963 108
1857 1.759463 108
1858 1.566444 108
1859 0.631380 108
1860 0.872963 108
1861 1.043898 108
1862 11.457667 108
1863 2.733019 108
1864 0.741769 108
1865 0.537898 108
1866 1.323769 108
1867 0.500796 108
1868 1.901324 108
1869 1.477250 108
1870 1.493602 108
1871 1.382769 108
1872 18.390546 108
1873 19.420648 108
1874 19.495213 108
1875 1.287852 108
1876 1.155722 108
1877 0.913463 108
1878 0.339861 108
1879 0.435824 108
1880 0.858500 108
1881 0.460917 108
1882 0.808833 108
1883 0.277046 108
1884 1.375222 108
1885 0.468821 106
1886 0.348745 106
1887 2.839213 108
1888 2.406194 108
1889 1.054574 108
1890 2.505296 108
1891 0.597213 108
1892 0.671241 108
1893 0.667306 108
1894 1.156981 108
1895 0.423278 108
1896 0.434546 108
1897 1.123000 108
1898 0.876759 108
1899 19.712074 108
1900 1.881200 110
1901 0.906027 110
1902 1.286373 110
1903 19.471700 110
1904 2.010973 110
1905 3.014618 110
1906 2.696436 110
1907 2.798954 109
1908 2.763679 109
1909 2.744227 110
1910 2.768972 109
1911 2.355771 109
1912 0.882336 110
1913 0.308459 109
1914 0.290349 109
1915 0.327945 109
1916 0.370257 109
1917 0.416064 109
1918 0.439303 109
1919 0.489927 109
1920 0.435917 109
1921 0.540734 109
1922 0.381615 109
1923 0.418312 109
1924 0.299964 110
1925 0.310645 110
1926 0.273312 109
1927 0.276083 109
1928 0.359257 109
1929 0.412211 109
1930 0.415073 110
1931 0.403101 109
1932 0.365582 110
1933 0.324119 109
1934 0.303550 109
1935 0.362642 109
1936 1.285391 110
1937 0.500300 110
1938 0.516227 110
1939 0.763300 110
1940 0.257327 110
1941 0.334618 110
1942 9.551891 110
1943 0.992145 110
1944 0.335364 110
1945 0.406536 110
1946 0.418464 110
1947 0.785273 110
1948 0.285327 110
1949 16.000445 110
1950 0.670276 105
1951 14.799095 105
1952 1.033657 105
1953 1.064733 105
1954 0.993381 105
1955 0.306514 105
1956 1.059629 105
1957 1.612476 105
1958 0.949229 105
1959 0.416400 105
1960 0.919171 105
1961 0.898886 105
1962 19.999743 105
1963 19.999705 105
1964 0.852876 105
1965 3.046400 105
1966 1.148876 105
1967 1.313657 105
1968 1.086695 105
1969 0.815800 105
1970 1.117629 105
1971 8.230210 105
1972 1.923086 105
1973 1.158695 105
1974 1.378048 105
1975 0.991238 105
1976 0.687971 105
1977 1.155819 105
1978 0.720800 105
1979 2.553314 105
1980 1.415048 105
1981 0.964552 105
1982 0.269495 105
1983 0.419152 105
1984 0.411638 105
1985 1.644638 105
1986 0.980943 105
1987 0.871343 105
1988 0.751171 105
1989 0.283857 105
1990 0.995905 105
1991 0.286875 104
1992 0.427510 104
1993 0.306490 104
1994 0.799762 105
1995 0.220248 105
1996 0.213362 105
1997 2.659790 105
1998 2.166390 105
1999 2.042644 104
2000 3.896638 116
2001 3.351724 116
2002 3.695000 116
2003 3.766991 116
2004 1.468233 116
2005 1.388966 116
2006 0.972896 115
2007 1.284819 116
2008 0.516690 116
2009 1.114293 116
2010 1.551517 116
2011 1.291940 116
2012 0.364578 116
2013 0.400621 116
2014 1.010612 116
2015 1.018241 116
2016 2.215138 116
2017 2.094612 116
2018 0.984724 116
2019 1.131690 116
2020 1.223931 116
2021 1.346983 116
2022 1.045474 116
2023 1.546922 116
2024 1.898414 116
2025 1.755293 116
2026 1.191362 116
2027 1.261655 116
2028 1.262974 116
2029 5.655612 116
2030 1.451716 116
2031 1.387543 116
2032 0.821931 116
2033 1.045845 116
2034 2.628629 116
2035 1.533733 116
2036 1.316414 116
2037 4.611121 116
2038 1.103078 116
2039 0.602500 116
2040 0.813103 116
2041 0.428552 116
2042 0.424509 116
2043 2.367759 116
2044 1.425914 116
2045 0.652147 116
2046 0.187371 116
2047 0.178629 116
2048 0.205362 116
2049 0.680319 116
2050 0.948471 119
2051 0.407647 119
2052 0.363462 119
2053 1.312429 119
2054 0.374169 118
2055 0.388067 119
2056 0.866193 119
2057 1.022874 119
2058 0.343218 119
2059 0.298328 119
2060 0.293311 119
2061 0.300454 119
2062 1.211311 119
2063 1.293109 119
2064 1.466815 119
2065 0.436067 119
2066 1.618126 119
2067 6.327059 119
2068 1.275118 119
2069 1.383765 119
2070 1.951513 119
2071 1.831378 119
2072 1.293050 119
2073 1.256496 119
2074 1.065387 119
2075 2.865227 119
2076 1.164126 119
2077 0.482403 119
2078 2.004118 119
2079 0.663395 119
2080 1.065034 119
2081 1.236529 119
2082 1.444378 119
2083 1.304101 119
2084 1.590546 119
2085 1.496563 119
2086 1.533311 119
2087 1.292849 119
2088 1.423723 119
2089 1.701437 119
2090 1.203471 119
2091 1.076815 119
2092 3.811924 119
2093 1.247814 118
2094 1.424143 119
2095 1.215798 119
2096 18.635092 119
2097 17.746328 119
2098 17.023000 119
2099 15.388975 119
2100 7.609630 108
2101 11.067602 108
2102 19.749880 108
2103 10.469685 108
2104 5.624028 107
2105 0.660103 107
2106 2.029713 108
2107 2.073306 108
2108 1.550204 108
2109 1.924796 108
2110 1.419306 108
2111 1.470500 108
2112 1.328102 108
2113 2.567907 108
2114 1.064315 108
2115 0.646037 108
2116 0.682833 108
2117 0.566991 108
2118 0.442981 108
2119 0.604222 108
2120 0.441574 108
2121 0.353907 108
2122 0.508269 108
2123 0.436574 108
2124 0.946426 108
2125 0.447546 108
2126 3.751046 108
2127 1.837870 108
2128 1.215926 108
2129 0.706280 107
2130 0.716570 107
2131 1.053759 108
2132 0.773843 108
2133 0.963917 108
2134 1.161981 108
2135 0.333750 108
2136 1.488796 108
2137 0.331657 108
2138 2.237157 108
2139 1.361370 108
2140 0.913361 108
2141 0.930009 108
2142 3.030685 108
2143 0.749454 108
2144 3.563926 108
2145 2.345880 108
2146 1.191019 108
2147 2.129713 108
2148 0.431130 108
2149 1.106602 108
2150 3.005663 101
2151 1.429119 101
2152 1.274634 101
2153 0.424277 101
2154 0.427218 101
2155 2.144673 101
2156 1.669158 101
2157 0.913832 101
2158 2.213376 101
2159 1.887327 101
2160 19.849050 101
2161 19.831663 101
2162 19.999673 101
2163 19.625772 101
2164 19.999740 100
2165 19.518416 101
2166 19.556920 100
2167 19.647495 101
2168 19.801772 101
2169 19.650505 101
2170 19.746810 100
2171 19.792832 101
2172 19.983830 100
2173 19.627740 100
2174 19.637060 100
2175 19.816770 100
2176 19.998060 100
2177 19.801733 101
2178 19.996480 100
2179 19.795683 101
2180 19.996180 100
2181 19.626812 101
2182 19.999840 100
2183 19.800129 101
2184 19.801752 101
2185 19.999750 100
2186 19.801842 101
2187 19.806050 100
2188 19.801812 101
2189 19.801723 101
2190 19.999700 100
2191 19.999700 100
2192 19.801673 101
2193 19.982980 100
2194 19.929820 100
2195 19.754495 101
2196 19.791723 101
2197 19.998310 100
2198 19.999700 100
2199 19.999790 100
2200 19.682710 100
2201 19.927600 100
2202 19.959090 100
2203 19.621910 100
2204 19.709860 100
2205 19.191130 100
2206 19.256111 99
2207 19.640657 99
2208 19.999747 99
2209 19.999758 99
2210 19.799840 100
2211 19.686707 99
2212 19.799750 100
2213 19.626384 99
2214 19.074222 99
2215 19.813283 99
2216 19.620380 100
2217 19.800680 100
2218 19.993939 99
2219 19.987343 99
2220 19.793830 100
2221 19.799780 100
2222 19.998707 99
2223 19.982828 99
2224 19.999758 99
2225 19.997707 99
2226 19.798500 100
2227 19.999798 99
2228 19.703323 99
2229 19.999727 99
2230 19.999747 99
2231 19.999758 99
2232 19.999758 99
2233 19.799870 100
2234 19.958747 99
2235 19.752890 100
2236 19.773140 100
2237 19.982576 99
2238 19.999798 99
2239 19.999798 99
2240 19.898121 99
2241 19.799780 100
2242 19.797859 99
2243 19.902694 98
2244 19.450626 99
2245 19.712242 99
2246 19.920061 98
2247 19.966449 98
2248 19.871582 98
2249 19.796408 98
2250 19.874089 101
2251 19.948673 101
2252 19.748950 101
2253 19.608248 101
2254 19.481040 101
2255 19.155080 100
2256 19.413170 100
2257 19.440030 101
2258 19.607980 101
2259 19.607129 101
2260 19.802250 100
2261 19.300931 101
2262 19.801832 101
2263 19.999790 100
2264 18.547980 101
2265 19.801802 101
2266 19.801723 101
2267 19.999780 100
2268 19.999740 100
2269 19.786525 101
2270 19.988560 100
2271 19.999740 100
2272 19.801812 101
2273 19.832790 100
2274 19.647040 101
2275 19.999780 100
2276 19.999770 100
2277 19.496356 101
2278 19.801970 101
2279 19.999840 100
2280 19.225297 101
2281 19.999820 100
2282 19.801743 101
2283 19.801723 101
2284 19.770059 101
2285 19.963810 100
2286 19.990500 100
2287 19.974070 100
2288 19.801713 101
2289 19.802584 101
2290 19.999710 100
2291 19.999690 100
2292 19.999818 99
2293 19.903737 99
2294 19.453670 100
2295 19.617810 100
2296 19.659440 100
2297 19.767540 100
2298 19.875010 99
2299 19.492340 100
2300 19.891030 99
2301 19.910343 99
2302 19.999798 99
2303 19.999697 99
2304 19.779899 99
2305 19.529929 98
2306 19.796949 99
2307 19.999786 98
2308 19.797747 99
2309 19.999724 98
2310 19.904071 98
2311 19.640929 99
2312 19.810878 98
2313 19.999845 97
2314 19.240929 98
2315 19.796184 98
2316 19.795714 98
2317 19.999804 97
2318 19.999691 97
2319 19.984124 97
2320 19.995155 97
2321 19.999680 97
2322 19.795765 98
2323 19.984474 97
2324 19.841485 97
2325 19.795878 98
2326 19.796276 98
2327 19.639194 98
2328 19.641649 97
2329 19.795867 98
2330 19.800268 97
2331 19.598653 98
2332 19.999680 97
2333 19.639816 98
2334 19.930454 97
2335 19.756490 98
2336 19.987814 97
2337 19.795806 98
2338 19.795684 98
2339 19.999742 97
2340 19.999825 97
2341 19.795765 98
2342 19.999802 96
2343 19.494459 98
2344 19.970167 96
2345 19.606691 97
2346 19.941000 96
2347 19.660856 97
2348 19.897354 96
2349 19.995011 95
2350 19.874919 86
2351 0.963047 86
2352 0.650349 86
2353 0.415802 86
2354 0.597360 86
2355 0.240965 86
2356 0.815035 86
2357 1.184779 86
2358 0.830000 86
2359 1.212605 86
2360 0.328977 86
2361 0.921779 86
2362 1.871756 86
2363 0.697291 86
2364 0.452058 86
2365 0.409267 86
2366 1.314849 86
2367 0.752535 86
2368 1.823302 86
2369 0.415000 86
2370 1.852186 86
2371 0.744349 86
2372 0.343698 86
2373 0.791070 86
2374 0.664256 86
2375 1.215709 86
2376 0.510430 86
2377 0.665372 86
2378 0.394605 86
2379 0.803070 86
2380 0.351570 86
2381 0.664023 86
2382 0.326209 86
2383 0.882105 86
2384 0.282093 86
2385 0.267744 86
2386 1.008372 86
2387 0.295612 85
2388 0.236588 85
2389 1.682907 86
2390 0.231965 86
2391 0.262244 86
2392 0.897523 86
2393 0.334430 86
2394 0.302465 86
2395 1.195326 86
2396 0.276953 86
2397 0.307686 86
2398 0.908326 86
2399 0.245477 86
2400 0.690402 117
2401 0.382675 117
2402 0.378812 117
2403 0.449778 117
2404 0.349274 117
2405 0.311846 117
2406 0.305291 117
2407 0.311419 117
2408 0.336000 117
2409 0.379786 117
2410 1.124171 117
2411 1.174197 117
2412 0.591983 117
2413 0.438838 117
2414 1.009564 117
2415 0.930855 117
2416 0.789231 117
2417 0.409957 117
2418 0.619009 117
2419 0.557265 117
2420 1.115368 117
2421 1.827179 117
2422 0.593162 117
2423 0.745393 117
2424 0.833419 117
2425 0.490658 117
2426 0.395863 117
2427 0.564017 117
2428 0.483846 117
2429 0.451111 117
2430 0.604051 117
2431 1.524470 117
2432 1.074154 117
2433 1.147214 117
2434 1.049111 117
2435 0.843214 117
2436 0.988342 117
2437 1.900214 117
2438 0.505291 117
2439 0.890470 117
2440 0.665222 117
2441 17.872880 117
2442 17.462803 117
2443 17.213094 117
2444 0.994470 117
2445 0.287284 116
2446 0.334701 117
2447 4.905538 117
2448 0.292863 117
2449 0.310179 117
2450 4.550219 114
2451 2.751895 114
2452 2.615228 114
2453 1.288298 114
2454 0.333579 114
2455 3.027930 114
2456 1.983140 114
2457 0.996377 114
2458 0.832281 114
2459 0.375219 114
2460 0.818351 114
2461 2.278333 114
2462 1.280439 114
2463 0.934965 114
2464 1.344351 114
2465 0.328851 114
2466 1.968947 114
2467 1.523956 114
2468 0.974570 114
2469 2.108526 114
2470 4.188763 114
2471 4.766193 114
2472 1.380930 114
2473 1.366368 114
2474 1.263684 114
2475 1.241798 114
2476 0.878974 114
2477 15.786132 114
2478 3.422728 114
2479 0.911675 114
2480 3.945386 114
2481 0.852325 114
2482 1.531561 114
2483 0.365289 114
2484 0.812123 114
2485 0.328570 114
2486 0.960439 114
2487 0.892807 114
2488 0.757904 114
2489 0.248474 114
2490 0.906500 114
2491 0.306140 114
2492 0.794175 114
2493 1.024526 114
2494 0.727974 114
2495 0.837991 114
2496 0.847412 114
2497 2.654658 114
2498 1.110728 114
2499 0.748421 114
2500 1.025844 109
2501 0.843881 109
2502 18.887339 109
2503 1.458330 109
2504 0.857661 109
2505 1.646486 109
2506 1.108037 109
2507 5.360073 109
2508 2.205789 109
2509 20.000000 109
2510 1.322101 109
2511 0.800174 109
2512 0.866083 109
2513 2.133266 109
2514 1.044899 109
2515 0.881339 109
2516 0.269211 109
2517 0.987440 109
2518 1.429275 109
2519 0.827440 109
2520 1.073706 109
2521 1.075541 109
2522 1.219147 109
2523 0.730606 109
2524 0.970477 109
2525 0.965211 109
2526 0.733798 109
2527 0.910440 109
2528 8.921826 109
2529 0.691853 109
2530 0.693725 109
2531 0.854028 109
2532 2.155009 109
2533 5.041495 109
2534 1.083853 109
2535 0.533982 109
2536 1.602798 109
2537 0.671110 109
2538 0.870330 109
2539 0.763275 109
2540 0.787688 109
2541 0.588771 109
2542 0.521743 109
2543 1.270147 109
2544 0.651394 109
2545 0.552606 109
2546 0.516642 109
2547 0.701716 109
2548 0.799376 109
2549 0.906193 109
2550 0.858961 102
2551 1.099245 102
2552 3.401912 102
2553 1.303961 102
2554 20.000000 102
2555 1.140990 102
2556 1.054618 102
2557 1.062422 102
2558 2.463686 102
2559 1.606088 102
2560 2.029314 102
2561 1.140471 102
2562 1.647304 102
2563 11.820618 102
2564 5.334569 102
2565 3.488098 102
2566 2.933902 102
2567 2.590147 102
2568 2.936059 102
2569 3.780167 102
2570 2.666529 102
2571 2.224549 102
2572 2.799206 102
2573 2.544167 102
2574 2.619363 102
2575 2.541373 102
2576 2.801902 102
2577 2.316422 102
2578 2.205314 102
2579 1.848000 102
2580 2.164559 102
2581 1.876549 102
2582 1.901304 102
2583 2.084627 102
2584 1.909657 102
2585 1.508431 102
2586 1.341814 102
2587 1.959657 102
2588 2.392216 102
2589 1.894186 102
2590 1.777196 102
2591 1.449196 102
2592 1.845000 102
2593 1.472843 102
2594 1.567549 102
2595 1.314725 102
2596 1.517010 102
2597 0.918951 102
2598 1.092931 102
2599 0.997471 102
2600 9.390121 107
2601 9.821178 107
2602 3.767121 107
2603 3.603664 107
2604 3.301682 107
2605 3.251613 106
2606 2.826170 106
2607 2.903142 106
2608 3.512415 106
2609 3.512509 106
2610 2.992245 106
2611 3.550877 106
2612 3.210830 106
2613 2.729925 106
2614 2.368028 106
2615 2.534075 106
2616 2.904255 106
2617 1.910925 106
2618 2.593132 106
2619 2.817236 106
2620 2.040038 106
2621 1.834349 106
2622 1.825575 106
2623 1.991406 106
2624 1.341189 106
2625 1.683651 106
2626 1.372745 106
2627 1.387821 106
2628 1.602038 106
2629 1.577255 106
2630 1.686528 106
2631 1.627075 106
2632 2.207717 106
2633 1.390415 106
2634 1.685868 106
2635 1.848085 106
2636 1.682094 106
2637 1.296208 106
2638 2.155528 106
2639 1.783830 106
2640 1.520009 106
2641 1.468491 106
2642 1.098509 106
2643 0.908925 106
2644 1.048887 106
2645 1.274406 106
2646 1.335509 106
2647 1.101915 106
2648 2.064481 106
2649 2.220425 106
2650 10.185000 105
2651 10.466790 105
2652 4.051019 105
2653 4.097076 105
2654 3.730086 105
2655 3.660010 105
2656 3.702200 105
2657 2.750171 105
2658 4.274552 105
2659 3.923810 105
2660 3.385781 105
2661 3.024895 105
2662 3.531610 105
2663 1.407410 105
2664 0.283865 104
2665 1.373762 105
2666 0.976943 105
2667 18.903238 105
2668 18.347048 105
2669 17.575343 105
2670 16.113924 105
2671 12.865010 105
2672 9.237410 105
2673 6.724657 105
2674 4.460827 104
2675 3.490154 104
2676 4.256077 104
2677 4.058221 104
2678 4.094952 104
2679 4.629144 104
2680 4.585705 105
2681 4.808962 104
2682 5.185933 104
2683 5.193500 104
2684 5.578356 104
2685 5.348029 104
2686 5.347577 104
2687 5.345538 104
2688 5.725952 104
2689 5.915000 104
2690 6.517510 104
2691 6.894952 104
2692 7.246548 104
2693 7.081721 104
2694 7.373714 105
2695 7.621490 104
2696 8.380000 104
2697 8.493404 104
2698 8.610500 104
2699 8.570567 104
2700 19.808788 104
2701 19.808933 104
2702 19.809010 104
2703 19.633587 104
2704 19.620135 104
2705 19.403788 104
2706 17.741317 104
2707 5.669692 104
2708 1.993385 104
2709 1.928808 104
2710 2.098519 104
2711 1.234856 104
2712 0.751163 104
2713 0.791471 104
2714 1.981856 104
2715 1.146077 104
2716 6.022048 104
2717 1.040163 104
2718 2.255173 104
2719 0.889788 104
2720 0.777683 104
2721 2.296865 104
2722 0.813192 104
2723 0.902202 104
2724 0.596029 104
2725 0.730192 104
2726 0.762827 104
2727 0.751058 104
2728 0.625721 104
2729 1.034394 104
2730 2.595827 104
2731 0.754135 104
2732 0.586981 104
2733 3.286981 104
2734 0.576481 104
2735 0.492173 104
2736 0.514183 104
2737 0.560375 104
2738 0.519288 104
2739 0.505894 104
2740 0.547567 104
2741 0.532212 104
2742 0.458827 104
2743 1.077173 104
2744 0.443990 104
2745 0.465260 104
2746 0.675798 104
2747 0.442875 104
2748 1.929192 104
2749 0.475058 104
2750 1.816453 95
2751 0.736874 95
2752 0.924147 95
2753 0.823326 95
2754 1.153516 95
2755 0.340537 95
2756 0.959937 95
2757 1.598074 95
2758 1.032168 95
2759 1.669705 95
2760 1.148463 95
2761 1.659505 95
2762 1.140916 95
2763 1.319621 95
2764 1.748200 95
2765 1.172432 95
2766 1.337495 95
2767 1.348274 95
2768 1.317474 95
2769 1.467284 95
2770 1.470726 95
2771 1.645547 95
2772 1.640147 95
2773 1.444937 95
2774 1.322221 95
2775 1.479674 95
2776 1.179642 95
2777 1.269389 95
2778 1.602168 95
2779 1.315389 95
2780 0.848084 95
2781 1.037874 95
2782 1.180853 95
2783 1.463053 95
2784 1.362484 95
2785 1.073042 95
2786 1.035579 95
2787 1.183389 95
2788 0.515947 95
2789 0.815368 95
2790 0.444726 95
2791 0.475632 95
2792 0.456411 95
2793 0.444642 95
2794 0.459347 95
2795 0.492295 95
2796 0.471579 95
2797 0.482863 95
2798 0.506737 95
2799 0.454179 95
2800 1.159515 103
2801 0.715136 103
2802 0.774621 103
2803 0.694194 103
2804 0.632602 103
2805 0.836369 103
2806 0.610563 103
2807 0.599602 103
2808 0.651816 103
2809 0.585146 103
2810 0.758333 102
2811 0.662794 102
2812 0.674176 102
2813 0.640157 102
2814 0.692814 102
2815 1.119245 102
2816 0.366755 102
2817 0.366078 102
2818 0.337500 102
2819 19.735147 102
2820 19.660882 102
2821 19.565020 102
2822 19.386775 102
2823 19.202186 102
2824 18.098961 102
2825 13.459314 102
2826 3.369843 102
2827 2.827216 102
2828 2.872108 102
2829 2.016382 102
2830 2.908255 102
2831 2.464098 102
2832 2.381461 102
2833 2.957353 102
2834 3.140765 102
2835 3.742559 102
2836 3.741108 102
2837 4.331294 102
2838 4.731637 102
2839 0.647618 102
2840 0.147970 101
2841 0.150822 101
2842 0.371941 102
2843 0.135637 102
2844 0.147059 102
2845 0.130853 102
2846 0.462696 102
2847 0.149314 102
2848 0.147667 102
2849 0.180833 102
2850 0.878897 107
2851 0.441664 107
2852 0.324075 107
2853 0.357065 107
2854 0.901561 107
2855 0.320598 107
2856 0.347523 107
2857 1.810383 107
2858 1.004579 107
2859 1.112467 107
2860 1.123421 107
2861 1.746692 107
2862 0.375542 107
2863 1.512570 107
2864 0.342009 107
2865 0.325981 107
2866 0.768523 107
2867 2.700318 107
2868 0.574299 107
2869 1.004785 107
2870 0.327037 107
2871 0.417421 107
2872 0.350224 107
2873 4.482075 107
2874 3.612121 107
2875 4.184103 107
2876 4.481981 107
2877 3.747000 107
2878 4.719813 107
2879 5.156701 107
2880 3.815252 107
2881 3.741280 107
2882 3.785243 107
2883 5.070308 107
2884 4.617701 107
2885 4.568243 107
2886 4.111841 107
2887 4.619000 107
2888 4.031346 107
2889 4.988692 107
2890 4.157318 107
2891 3.707140 107
2892 4.187393 107
2893 2.049439 107
2894 0.291314 105
2895 0.311390 105
2896 1.358701 107
2897 2.679368 106
2898 0.386336 107
2899 0.280925 106
2900 0.959081 86
2901 0.461616 86
2902 0.365419 86
2903 0.387814 86
2904 1.411605 86
2905 0.373965 85
2906 0.291600 85
2907 0.312105 86
2908 1.090895 86
2909 0.407965 86
2910 0.376360 86
2911 1.322640 86
2912 0.550256 86
2913 0.633244 86
2914 0.506581 86
2915 0.540023 86
2916 0.896047 86
2917 0.283407 86
2918 0.280523 86
2919 0.299407 86
2920 1.174570 86
2921 0.400849 86
2922 0.292140 86
2923 1.084977 86
2924 0.322140 86
2925 0.342663 86
2926 0.378419 86
2927 1.066849 86
2928 0.304326 86
2929 0.410849 86
2930 0.330384 86
2931 1.429709 86
2932 0.395186 86
2933 0.298116 86
2934 0.307047 86
2935 1.499977 86
2936 0.648779 86
2937 0.999488 86
2938 0.728826 86
2939 0.283779 86
2940 0.301047 86
2941 0.572535 86
2942 0.328070 86
2943 0.416895 86
2944 0.884593 86
2945 0.390593 86
2946 0.438302 86
2947 0.379151 86
2948 0.932640 86
2949 0.522872 86
2950 1.232155 97
2951 0.586608 97
2952 0.585876 97
2953 1.059918 97
2954 0.353948 97
2955 1.081299 97
2956 0.342918 97
2957 0.983351 97
2958 1.003093 97
2959 0.318845 97
2960 0.366505 97
2961 0.374505 97
2962 0.960443 97
2963 0.309227 97
2964 0.313412 97
2965 1.129969 97
2966 0.314427 96
2967 0.358542 96
2968 0.352219 96
2969 2.735835 97
2970 2.106144 97
2971 0.864010 97
2972 13.492845 97
2973 0.646660 97
2974 0.446536 97
2975 1.133247 97
2976 0.331804 97
2977 0.330289 97
2978 0.898165 97
2979 0.329969 97
2980 0.292835 97
2981 1.179794 97
2982 0.393227 97
2983 1.159371 97
2984 0.339165 97
2985 1.084361 97
2986 0.300608 97
2987 0.327969 97
2988 0.919938 97
2989 0.334742 97
2990 0.972825 97
2991 0.841722 97
2992 0.400351 97
2993 1.049918 97
2994 0.360608 97
2995 1.331258 97
2996 0.478557 97
2997 0.848309 97
2998 0.466381 97
2999 18.869729 96
3000 19.893864 103
3001 20.000000 103
3002 19.834466 103
3003 19.869716 102
3004 19.698118 102
3005 19.430476 103
3006 19.591304 102
3007 18.565912 102
3008 1.530612 103
3009 0.911049 103
3010 0.432728 103
3011 0.599660 103
3012 0.357350 103
3013 1.085660 103
3014 0.543214 103
3015 0.510456 103
3016 0.606388 103
3017 0.710515 103
3018 0.397282 103
3019 0.345796 103
3020 0.432505 103
3021 0.597466 103
3022 10.202485 103
3023 0.892204 103
3024 0.496709 103
3025 0.839447 103
3026 0.257845 103
3027 0.728515 103
3028 0.601165 103
3029 0.646825 103
3030 4.692903 103
3031 1.997097 103
3032 0.943709 103
3033 0.268155 103
3034 1.032612 103
3035 0.288107 103
3036 2.330019 103
3037 2.077602 103
3038 1.939136 103
3039 0.439437 103
3040 0.183631 103
3041 1.034796 103
3042 0.494136 103
3043 1.029845 103
3044 0.144544 103
3045 0.591311 103
3046 0.158340 103
3047 0.162534 103
3048 0.963408 103
3049 0.143485 103
3050 0.812106 94
3051 0.334606 94
3052 0.964330 94
3053 0.277979 94
3054 0.330894 94
3055 1.073106 94
3056 0.216053 94
3057 1.016883 94
3058 0.314245 94
3059 0.369511 94
3060 0.748266 94
3061 0.251766 94
3062 0.776277 94
3063 0.785968 94
3064 0.513277 94
3065 0.685117 94
3066 0.783106 94
3067 0.945819 94
3068 0.360489 94
3069 2.017138 94
3070 1.287883 94
3071 0.626979 94
3072 0.707287 94
3073 0.505957 94
3074 0.793447 94
3075 0.726606 94
3076 0.792543 94
3077 0.747298 94
3078 0.700447 94
3079 1.148649 94
3080 0.683319 94
3081 0.513085 94
3082 0.520819 94
3083 0.599085 94
3084 0.540096 94
3085 0.924170 94
3086 0.997202 94
3087 0.210667 93
3088 0.661075 93
3089 0.353505 93
3090 0.192430 93
3091 0.240882 93
3092 0.253333 93
3093 0.233753 93
3094 0.201723 94
3095 0.215656 93
3096 0.180613 93
3097 4.976926 94
3098 3.088075 93
3099 1.166511 94
3100 3.971798 99
3101 2.696586 99
3102 1.372232 99
3103 1.148030 99
3104 1.151626 99
3105 1.186566 99
3106 1.167293 99
3107 1.289859 99
3108 1.133465 99
3109 0.891505 99
3110 1.293909 99
3111 0.296141 99
3112 0.966535 99
3113 5.161283 99
3114 0.279414 99
3115 0.850081 99
3116 0.383030 99
3117 0.292990 99
3118 0.301697 99
3119 0.680455 99
3120 0.362576 99
3121 1.042657 99
3122 0.265566 99
3123 0.276222 99
3124 0.963343 99
3125 0.972949 99
3126 0.296737 99
3127 0.298778 99
3128 0.295566 99
3129 0.270838 99
3130 0.317970 99
3131 0.298657 99
3132 0.867475 99
3133 1.370566 99
3134 0.717152 99
3135 0.641737 99
3136 0.694000 99
3137 0.691960 99
3138 0.875253 99
3139 1.179596 99
3140 0.264796 98
3141 0.262531 98
3142 0.239173 98
3143 0.258576 99
3144 0.325041 98
3145 0.351071 99
3146 0.221561 98
3147 0.606899 99
3148 0.451838 99
3149 0.513980 99
3150 0.767058 104
3151 1.206298 104
3152 0.576231 104
3153 5.530663 104
3154 2.185875 104
3155 0.991000 104
3156 0.691365 104
3157 1.340760 104
3158 0.546260 104
3159 0.490606 104
3160 0.474971 104
3161 0.473423 104
3162 0.486269 104
3163 6.691471 104
3164 0.349731 104
3165 0.846144 104
3166 0.920221 104
3167 0.995442 104
3168 0.838346 104
3169 0.332788 104
3170 0.719308 104
3171 0.282462 104
3172 0.302423 104
3173 0.281135 104
3174 0.453981 104
3175 0.297048 104
3176 0.468337 104
3177 0.267010 104
3178 0.666721 104
3179 0.801231 104
3180 0.470423 104
3181 0.441904 104
3182 0.498413 104
3183 0.757894 104
3184 0.709163 104
3185 0.768798 104
3186 19.999923 104
3187 19.999760 104
3188 19.999952 104
3189 19.999721 104
3190 19.999913 104
3191 19.807356 104
3192 1.139779 104
3193 0.598538 104
3194 0.918721 104
3195 0.226558 104
3196 0.766885 104
3197 0.200231 104
3198 0.380385 104
3199 0.183365 104
3200 0.955092 109
3201 0.969037 109
3202 0.393963 109
3203 0.430064 109
3204 0.360872 109
3205 0.307789 109
3206 1.006229 109
3207 0.369018 109
3208 0.889560 109
3209 0.323156 109
3210 0.999303 109
3211 4.264743 109
3212 0.940862 109
3213 0.729881 109
3214 0.296633 109
3215 0.715330 109
3216 0.408028 109
3217 0.255339 109
3218 0.324780 109
3219 0.249321 109
3220 0.240339 109
3221 0.277725 109
3222 0.913229 109
3223 0.328826 109
3224 0.337514 109
3225 0.519495 109
3226 0.847064 109
3227 0.653945 109
3228 0.587853 109
3229 0.536982 109
3230 0.553954 109
3231 0.961266 109
3232 0.724450 109
3233 0.279844 109
3234 2.652606 109
3235 0.813615 109
3236 0.705239 109
3237 1.128275 109
3238 0.324706 109
3239 0.322083 109
3240 0.916064 109
3241 0.293165 109
3242 0.301193 109
3243 0.270862 109
3244 1.379963 109
3245 15.805422 109
3246 15.408165 109
3247 14.554028 109
3248 10.113275 109
3249 5.842844 109
3250 0.805713 108
3251 0.451917 108
3252 0.390991 108
3253 0.399815 108
3254 1.000065 108
3255 1.015870 108
3256 1.208231 108
3257 0.936852 108
3258 0.915019 108
3259 1.222157 108
3260 0.861796 108
3261 3.995111 108
3262 0.853861 108
3263 1.802583 108
3264 1.552130 108
3265 0.896981 108
3266 1.081204 108
3267 0.325972 108
3268 0.337519 108
3269 0.359213 108
3270 0.425981 108
3271 0.347972 108
3272 2.166630 108
3273 1.512981 108
3274 0.348150 107
3275 2.074556 108
3276 0.654731 108
3277 0.363639 108
3278 0.986806 108
3279 0.324630 108
3280 1.089796 108
3281 1.586176 108
3282 1.035556 108
3283 0.464879 107
3284 0.301991 107
3285 0.836509 108
3286 0.324574 108
3287 0.410463 108
3288 0.274731 108
3289 0.817602 108
3290 1.448333 108
3291 0.298444 108
3292 0.312954 108
3293 0.287139 108
3294 0.348694 108
3295 2.330870 108
3296 0.627815 108
3297 0.898898 108
3298 0.740352 108
3299 0.533704 108
3300 1.011420 119
3301 1.120210 119
3302 3.760647 119
3303 2.798471 119
3304 2.758109 119
3305 3.038042 119
3306 5.650941 119
3307 8.059866 119
3308 7.835286 119
3309 5.781605 119
3310 4.657824 119
3311 0.816597 119
3312 0.437244 119
3313 0.393681 119
3314 0.941076 119
3315 0.317403 119
3316 1.129782 119
3317 2.067882 119
3318 2.895639 119
3319 1.850588 119
3320 2.072958 119
3321 1.858899 119
3322 0.977782 119
3323 0.613613 119
3324 0.967580 119
3325 0.311605 119
3326 0.982429 119
3327 1.330202 119
3328 0.988252 119
3329 3.764319 119
3330 0.376983 119
3331 4.388437 119
3332 0.732916 119
3333 0.817815 119
3334 0.235580 119
3335 3.079336 119
3336 0.895504 119
3337 0.269697 119
3338 0.889739 119
3339 0.485319 119
3340 0.873874 119
3341 6.345092 119
3342 5.836042 119
3343 0.893983 119
3344 0.800420 119
3345 0.993891 119
3346 0.540368 117
3347 0.352862 116
3348 0.450168 119
3349 0.752504 119
3350 1.184459 85
3351 1.551729 85
3352 1.393294 85
3353 1.092718 85
3354 1.280906 85
3355 0.305000 85
3356 1.213082 85
3357 0.412282 85
3358 0.342635 85
3359 0.983353 85
3360 1.083176 85
3361 0.334659 85
3362 1.261553 85
3363 1.001200 85
3364 0.266976 85
3365 0.306447 85
3366 0.249859 85
3367 1.141035 85
3368 0.321118 85
3369 1.855506 85
3370 0.992118 85
3371 0.813847 85
3372 0.353024 85
3373 0.368835 85
3374 1.342565 85
3375 0.328607 84
3376 1.144694 85
3377 1.107671 85
3378 1.017306 85
3379 0.287071 85
3380 0.267553 85
3381 1.097671 85
3382 0.416788 85
3383 0.325294 85
3384 1.788365 85
3385 0.547882 85
3386 0.305131 84
3387 1.315965 85
3388 0.654012 85
3389 1.014824 85
3390 1.108153 85
3391 2.022200 85
3392 1.529118 85
3393 1.947941 85
3394 1.328729 85
3395 2.506953 85
3396 1.560212 85
3397 1.788329 85
3398 19.764871 85
3399 0.745106 85
3400 1.032526 95
3401 1.118432 95
3402 1.004137 95
3403 0.247779 95
3404 0.825105 95
3405 0.248032 95
3406 0.408947 95
3407 0.955611 95
3408 0.624074 95
3409 0.732600 95
3410 0.305558 95
3411 0.431411 95
3412 0.706126 95
3413 0.695242 95
3414 0.284800 95
3415 0.304495 95
3416 0.879295 95
3417 1.233295 95
3418 0.289968 94
3419 0.263411 95
3420 1.266389 95
3421 0.296404 94
3422 0.278500 94
3423 2.250389 95
3424 1.448432 95
3425 1.342558 95
3426 4.439537 95
3427 4.213737 95
3428 0.850221 95
3429 0.900053 95
3430 0.932758 95
3431 0.402968 95
3432 0.254642 95
3433 1.199147 95
3434 0.609863 95
3435 0.629221 95
3436 0.739158 95
3437 0.308842 95
3438 0.295347 95
3439 1.305853 95
3440 0.446484 95
3441 0.886853 95
3442 0.272937 95
3443 0.287779 95
3444 2.310411 95
3445 0.451084 95
3446 0.937000 95
3447 1.667326 95
3448 2.322453 95
3449 0.255589 95
3450 3.026374 115
3451 1.263930 115
3452 1.935904 115
3453 1.060739 115
3454 1.200626 115
3455 0.851565 115
3456 0.342722 115
3457 0.312548 115
3458 1.720243 115
3459 1.153252 115
3460 0.383983 115
3461 1.341278 115
3462 1.329843 115
3463 0.974443 115
3464 2.054565 115
3465 0.696374 115
3466 1.439687 115
3467 0.652435 115
3468 0.680922 115
3469 2.005409 115
3470 0.415904 115
3471 1.121443 115
3472 0.788261 115
3473 0.366791 115
3474 1.095209 115
3475 1.002113 115
3476 0.320461 115
3477 0.496583 115
3478 3.393287 115
3479 2.776626 115
3480 0.898878 115
3481 1.376783 115
3482 0.664861 115
3483 0.982087 115
3484 0.432887 115
3485 0.401548 115
3486 1.844443 115
3487 1.365400 115
3488 0.942078 115
3489 0.840174 115
3490 1.047817 115
3491 0.796713 115
3492 1.101217 115
3493 0.337157 115
3494 0.332322 115
3495 1.125748 115
3496 0.361374 115
3497 0.317148 115
3498 0.889704 115
3499 0.268939 115
3500 1.152619 97
3501 1.192918 97
3502 0.329474 97
3503 0.355433 97
3504 1.321619 97
3505 0.448196 97
3506 0.540093 97
3507 1.126165 97
3508 0.354515 97
3509 0.348825 97
3510 0.900773 97
3511 0.325536 97
3512 0.288412 97
3513 19.794866 97
3514 19.794608 97
3515 19.795052 97
3516 0.968072 97
3517 1.346526 97
3518 0.341763 97
3519 0.323969 97
3520 5.939691 97
3521 0.929351 97
3522 0.389072 97
3523 0.434711 97
3524 1.340577 97
3525 0.344010 96
3526 0.334177 96
3527 1.222670 97
3528 1.322443 97
3529 0.725000 97
3530 0.833835 97
3531 1.014216 97
3532 0.304216 97
3533 0.370639 97
3534 3.270928 97
3535 0.950784 97
3536 0.315000 97
3537 0.324763 97
3538 1.076938 97
3539 0.951938 97
3540 1.070113 97
3541 0.821598 97
3542 0.864546 97
3543 0.748134 97
3544 0.660866 97
3545 1.274186 97
3546 0.398814 97
3547 0.655691 97
3548 0.775268 97
3549 0.560155 97
3550 0.999264 106
3551 1.318406 106
3552 1.548123 106
3553 0.964236 106
3554 0.336623 106
3555 1.013613 106
3556 1.100443 106
3557 1.824226 106
3558 1.290104 106
3559 1.530811 106
3560 1.402415 106
3561 2.831962 106
3562 1.301755 106
3563 0.474876 105
3564 1.006906 106
3565 1.666236 106
3566 3.375670 106
3567 1.019151 106
3568 0.975415 106
3569 1.409943 106
3570 1.274283 106
3571 0.354755 106
3572 1.748594 106
3573 1.907604 106
3574 1.736849 106
3575 0.521415 106
3576 1.085057 106
3577 1.154972 106
3578 2.011019 106
3579 15.706604 106
3580 1.155934 106
3581 0.788396 106
3582 1.118170 106
3583 0.708245 106
3584 0.587302 106
3585 1.147113 106
3586 1.572019 106
3587 0.753368 106
3588 0.175642 106
3589 1.203736 106
3590 0.508698 106
3591 11.537075 106
3592 0.819057 106
3593 0.684255 106
3594 0.589236 106
3595 0.476264 106
3596 0.893849 106
3597 0.757085 106
3598 0.658009 106
3599 0.192066 106
3600 3.577705 95
3601 1.229211 95
3602 1.138916 95
3603 1.032684 95
3604 13.176126 95
3605 1.305874 95
3606 1.566842 95
3607 1.104189 95
3608 0.346895 95
3609 1.578368 95
3610 0.985684 95
3611 1.284884 95
3612 1.022379 95
3613 1.539758 95
3614 1.134084 95
3615 0.344137 95
3616 1.013326 95
3617 0.397168 95
3618 1.403463 95
3619 0.932632 95
3620 0.326358 95
3621 1.211074 95
3622 0.379474 95
3623 1.094411 95
3624 0.352168 95
3625 0.942421 95
3626 1.100053 95
3627 1.080695 95
3628 2.186221 95
3629 1.787105 95
3630 2.283642 95
3631 1.256853 95
3632 1.586505 95
3633 1.817568 95
3634 0.925032 95
3635 0.387905 95
3636 1.900421 95
3637 1.753884 95
3638 1.708074 95
3639 0.532832 95
3640 0.627642 95
3641 0.528053 95
3642 0.899884 95
3643 0.704884 95
3644 1.733916 95
3645 0.514947 95
3646 1.090926 95
3647 0.997705 95
3648 17.485800 95
3649 0.390358 95
3650 0.828035 114
3651 2.040886 114
3652 0.927965 114
3653 1.149789 114
3654 1.500772 114
3655 1.492096 114
3656 1.079877 114
3657 20.000000 114
3658 2.379509 114
3659 3.647570 114
3660 1.316868 114
3661 1.643763 114
3662 1.955175 114
3663 1.270368 114
3664 20.000000 114
3665 1.000930 114
3666 2.709789 114
3667 1.274833 114
3668 2.059544 114
3669 1.009298 114
3670 3.189149 114
3671 0.834167 114
3672 0.947228 114
3673 1.062860 114
3674 0.995746 114
3675 0.997816 114
3676 1.761219 114
3677 1.716702 114
3678 0.650184 114
3679 1.156026 114
3680 0.890246 114
3681 0.888675 114
3682 0.635789 114
3683 0.576404 114
3684 0.551202 114
3685 1.099982 114
3686 0.959167 114
3687 18.296439 114
3688 0.594860 114
3689 1.397193 114
3690 0.771640 114
3691 2.307781 114
3692 0.783412 114
3693 0.475465 114
3694 0.636526 114
3695 0.642088 114
3696 0.982596 114
3697 0.542447 114
3698 1.320518 114
3699 1.022070 114
3700 1.163176 102
3701 1.117539 102
3702 1.235206 102
3703 1.031618 102
3704 1.453049 102
3705 1.152980 102
3706 1.565608 102
3707 1.419157 102
3708 1.666255 102
3709 1.077275 102
3710 1.153167 102
3711 2.568608 102
3712 1.232569 102
3713 1.066922 102
3714 0.873382 102
3715 2.256059 102
3716 1.030961 102
3717 1.628353 102
3718 1.551922 102
3719 1.184765 102
3720 18.458951 102
3721 1.088706 102
3722 2.625863 102
3723 1.452765 102
3724 1.123716 102
3725 1.047500 102
3726 0.997824 102
3727 1.144569 102
3728 2.235971 102
3729 0.968657 102
3730 1.417863 102
3731 1.116529 102
3732 2.584618 102
3733 1.004843 102
3734 0.821010 102
3735 1.068784 102
3736 0.802176 102
3737 1.587039 102
3738 1.952971 102
3739 0.856431 102
3740 0.815667 102
3741 0.655010 102
3742 0.818275 102
3743 0.712471 102
3744 1.454020 102
3745 0.679598 102
3746 1.009363 102
3747 0.711255 102
3748 0.565020 102
3749 1.016951 102
3750 1.127124 113
3751 1.262681 113
3752 1.696655 113
3753 2.210062 113
3754 0.896522 113
3755 0.893885 113
3756 1.778257 113
3757 0.932407 113
3758 1.306088 113
3759 0.960354 113
3760 1.033097 113
3761 0.926885 113
3762 5.479248 113
3763 1.232549 113
3764 1.081726 113
3765 0.961938 113
3766 3.760381 113
3767 19.014947 113
3768 2.998637 113
3769 1.063221 113
3770 1.230894 113
3771 1.306221 113
3772 1.070354 113
3773 1.093540 113
3774 0.957814 113
3775 1.164292 113
3776 8.378044 113
3777 0.784389 113
3778 4.301239 113
3779 4.334407 113
3780 0.727575 113
3781 2.046637 113
3782 14.572858 113
3783 2.092841 113
3784 0.867929 113
3785 0.595257 113
3786 20.000000 113
3787 0.549469 113
3788 0.820531 113
3789 0.721168 113
3790 0.434133 113
3791 0.473956 113
3792 0.447257 113
3793 0.419814 113
3794 0.621186 113
3795 0.647531 113
3796 0.846274 113
3797 1.114584 113
3798 0.397956 113
3799 0.510628 113
3800 0.968944 107
3801 1.036215 107
3802 14.338766 107
3803 0.828458 107
3804 0.902234 107
3805 0.926523 107
3806 1.624860 107
3807 1.303224 107
3808 1.166019 107
3809 2.726355 107
3810 1.452617 107
3811 1.062196 107
3812 1.069963 107
3813 1.029150 107
3814 1.156364 107
3815 0.985869 107
3816 1.046495 107
3817 1.387449 107
3818 1.054196 107
3819 1.122533 107
3820 1.110654 107
3821 17.524458 107
3822 0.957178 107
3823 1.123869 107
3824 1.383813 107
3825 2.070626 107
3826 1.872028 107
3827 1.017766 107
3828 1.179168 107
3829 1.300374 107
3830 1.228243 107
3831 1.072561 107
3832 1.357393 107
3833 0.834607 107
3834 0.954729 107
3835 0.881636 107
3836 0.989065 107
3837 2.427093 107
3838 2.522084 107
3839 1.290514 107
3840 0.899720 107
3841 0.691234 107
3842 0.905103 107
3843 0.493047 107
3844 0.762439 107
3845 0.621551 107
3846 0.714935 107
3847 0.670804 107
3848 0.638495 107
3849 0.810140 107
3850 1.046538 106
3851 3.327000 106
3852 1.095566 106
3853 1.383434 106
3854 1.150160 106
3855 1.006387 106
3856 1.020642 106
3857 1.350802 106
3858 20.000000 106
3859 1.451575 106
3860 1.730028 106
3861 1.129943 106
3862 1.188151 106
3863 1.685632 106
3864 1.507566 106
3865 2.991925 106
3866 1.363623 106
3867 0.900377 106
3868 0.901132 106
3869 1.321349 106
3870 1.194085 106
3871 1.188302 106
3872 1.466962 106
3873 2.150434 106
3874 1.096557 106
3875 1.125453 106
3876 1.307755 106
3877 1.635519 106
3878 0.972528 106
3879 1.052047 106
3880 0.944057 106
3881 1.243453 106
3882 1.132425 106
3883 0.956330 106
3884 0.828632 106
3885 1.161830 106
3886 2.652292 106
3887 0.923689 106
3888 1.490575 106
3889 1.563783 106
3890 1.027500 106
3891 0.719764 106
3892 1.017142 106
3893 0.638877 106
3894 19.647509 106
3895 1.520160 106
3896 0.486764 106
3897 0.726208 106
3898 1.055708 106
3899 0.440000 106
3900 5.197858 113
3901 1.584142 113
3902 0.817947 113
3903 0.842142 113
3904 1.162991 113
3905 1.028257 113
3906 6.888053 113
3907 1.141655 113
3908 0.863611 113
3909 1.763088 113
3910 0.775212 113
3911 1.572027 113
3912 1.029814 113
3913 1.226876 113
3914 0.815115 113
3915 0.910681 113
3916 1.032673 113
3917 0.957221 113
3918 1.723451 113
3919 1.563451 113
3920 19.635876 113
3921 19.583566 113
3922 1.317345 113
3923 0.857142 113
3924 0.569938 113
3925 16.000973 113
3926 1.586434 113
3927 1.454381 113
3928 0.889416 113
3929 1.585257 113
3930 0.583310 113
3931 0.604345 113
3932 0.815106 113
3933 0.481345 113
3934 0.576336 113
3935 0.935035 113
3936 0.388929 113
3937 0.384628 113
3938 0.612673 113
3939 0.954761 113
3940 14.528115 113
3941 0.611867 113
3942 0.871274 113
3943 0.597779 113
3944 0.386354 113
3945 1.670637 113
3946 0.465212 113
3947 0.302478 113
3948 0.547894 113
3949 0.796354 113
3950 1.217347 121
3951 0.996876 121
3952 0.904562 121
3953 3.028653 121
3954 1.171140 121
3955 4.569116 121
3956 2.165025 121
3957 0.996760 121
3958 1.161669 121
3959 1.646190 121
3960 1.682752 121
3961 1.094860 121
3962 0.998116 121
3963 1.359744 121
3964 1.059537 121
3965 2.241157 121
3966 1.336479 121
3967 1.344661 121
3968 1.197380 121
3969 1.893264 121
3970 1.377347 121
3971 1.229777 121
3972 1.235083 121
3973 1.182157 121
3974 1.092488 121
3975 1.697496 121
3976 1.085339 121
3977 1.320744 121
3978 2.987851 121
3979 1.211785 121
3980 19.958579 121
3981 1.268058 121
3982 0.971934 121
3983 0.789405 121
3984 1.134074 121
3985 2.100223 121
3986 10.147298 121
3987 0.765273 121
3988 7.324041 121
3989 1.798364 121
3990 1.260306 121
3991 1.603066 121
3992 2.005884 121
3993 1.848223 121
3994 1.038405 121
3995 0.994802 121
3996 1.495107 121
3997 0.824455 121
3998 0.746884 121
3999 1.319058 121
4000 4.780383 115
4001 1.401478 115
4002 1.522870 115
4003 1.163704 115
4004 17.795913 115
4005 1.040096 115
4006 1.758165 115
4007 2.053591 115
4008 2.866939 115
4009 0.873017 115
4010 1.857209 115
4011 1.353417 115
4012 0.839565 115
4013 1.613904 115
4014 1.309626 115
4015 4.640061 115
4016 2.336835 115
4017 3.300765 115
4018 1.259974 115
4019 1.223009 115
4020 1.009148 115
4021 0.987948 115
4022 1.130339 115
4023 1.111061 115
4024 1.329600 115
4025 0.862557 115
4026 1.135200 115
4027 3.287104 115
4028 0.712443 115
4029 0.875183 115
4030 1.077078 115
4031 7.893313 115
4032 1.975226 115
4033 1.035235 115
4034 1.167974 115
4035 10.035800 115
4036 0.593513 115
4037 0.892078 115
4038 0.816000 115
4039 0.745913 115
4040 20.000000 115
4041 0.396539 115
4042 0.801626 115
4043 0.439470 115
4044 1.291035 115
4045 1.501626 115
4046 0.638922 115
4047 0.489817 115
4048 1.083426 115
4049 0.372122 115
4050 1.164438 121
4051 0.696174 121
4052 3.281322 121
4053 1.706256 121
4054 1.043545 121
4055 1.009364 121
4056 0.713529 121
4057 1.899264 121
4058 18.583149 121
4059 1.382149 121
4060 3.862512 121
4061 0.702256 121
4062 0.680917 121
4063 0.766017 121
4064 3.824397 121
4065 0.644008 121
4066 1.586967 121
4067 0.980132 121
4068 1.046835 121
4069 1.934818 121
4070 0.770810 121
4071 0.314372 121
4072 0.805058 121
4073 0.918066 121
4074 11.814074 121
4075 0.740983 121
4076 0.281388 121
4077 0.913273 121
4078 1.557438 121
4079 1.075050 121
4080 0.881413 121
4081 1.230000 121
4082 0.854438 121
4083 0.721769 121
4084 0.763843 121
4085 0.949545 121
4086 1.839785 121
4087 1.281645 121
4088 1.438636 121
4089 0.534488 121
4090 0.567744 121
4091 1.611149 121
4092 0.785793 121
4093 14.521479 121
4094 0.919215 121
4095 0.537545 121
4096 0.651521 121
4097 0.906934 121
4098 0.695826 121
4099 0.461777 121
4100 1.110578 116
4101 3.407241 116
4102 2.610664 116
4103 0.722233 116
4104 0.698121 116
4105 0.348603 116
4106 2.747190 116
4107 19.908293 116
4108 1.322207 116
4109 6.318905 116
4110 3.227655 116
4111 0.842733 116
4112 2.581052 116
4113 1.190267 116
4114 0.995681 116
4115 0.932957 116
4116 0.267836 116
4117 1.377216 116
4118 0.966276 116
4119 1.128569 116
4120 0.886716 116
4121 19.999724 116
4122 0.854491 116
4123 1.229578 116
4124 1.126302 116
4125 0.287534 116
4126 0.829793 116
4127 0.808612 116
4128 1.133569 116
4129 0.856672 116
4130 0.649621 116
4131 0.278741 116
4132 0.873259 116
4133 0.675448 116
4134 0.800922 116
4135 0.724586 116
4136 0.714259 116
4137 0.727845 116
4138 0.668793 116
4139 0.755888 116
4140 5.084095 116
4141 4.934802 116
4142 5.089009 116
4143 0.511034 116
4144 0.508017 116
4145 0.552569 116
4146 0.545112 116
4147 0.577698 116
4148 0.522138 116
4149 0.161431 116
4150 2.201360 114
4151 1.853956 114
4152 1.273272 114
4153 2.589149 114
4154 0.642737 114
4155 0.848465 114
4156 5.130035 114
4157 1.161877 114
4158 0.980061 114
4159 0.358939 114
4160 1.149842 114
4161 3.341167 114
4162 0.467000 114
4163 1.089342 114
4164 1.034211 114
4165 0.559763 114
4166 1.663395 114
4167 2.230833 114
4168 1.087018 114
4169 1.141974 114
4170 1.279553 114
4171 0.919737 114
4172 0.874140 114
4173 0.397184 114
4174 1.008851 114
4175 1.121702 114
4176 1.021746 114
4177 1.539263 114
4178 0.655649 114
4179 1.526386 114
4180 0.979289 114
4181 1.141009 114
4182 0.474509 114
4183 2.715044 114
4184 0.358386 114
4185 1.015123 114
4186 0.948009 114
4187 0.752211 114
4188 0.257605 114
4189 1.295000 114
4190 1.367333 114
4191 0.242982 114
4192 1.164982 114
4193 0.760430 114
4194 0.746439 114
4195 0.571123 114
4196 1.587675 114
4197 1.051412 114
4198 0.701246 114
4199 0.712070 114
4200 1.053217 120
4201 1.029550 120
4202 1.001733 120
4203 1.071725 120
4204 1.582158 120
4205 0.803533 120
4206 0.681925 120
4207 1.036392 120
4208 0.719075 120
4209 2.590175 120
4210 1.483208 120
4211 0.377875 120
4212 1.164575 120
4213 1.098042 120
4214 0.349642 120
4215 1.011042 120
4216 0.350767 120
4217 1.643925 120
4218 0.738292 120
4219 1.374358 120
4220 1.526125 120
4221 0.956100 120
4222 2.192833 120
4223 1.055783 120
4224 0.756258 120
4225 1.455275 120
4226 1.135708 120
4227 1.287075 120
4228 0.850583 120
4229 1.285075 120
4230 1.772300 120
4231 0.773567 120
4232 1.405708 120
4233 1.259933 120
4234 1.434450 120
4235 1.510642 120
4236 1.298800 120
4237 1.310133 120
4238 0.569075 120
4239 0.806742 120
4240 0.283958 120
4241 0.324383 120
4242 1.382275 120
4243 0.300958 120
4244 0.339533 120
4245 0.278575 120
4246 0.691492 120
4247 1.111008 120
4248 1.251025 120
4249 17.377258 120
4250 16.727375 104
4251 18.366837 104
4252 17.328240 104
4253 16.944423 104
4254 16.355038 104
4255 18.047615 104
4256 16.368827 104
4257 12.561683 104
4258 17.694010 104
4259 17.130346 104
4260 16.170058 104
4261 14.976606 104
4262 16.924019 104
4263 17.257798 104
4264 15.238125 104
4265 15.529183 104
4266 11.009163 104
4267 16.609096 104
4268 14.313885 104
4269 11.248740 104
4270 8.416183 104
4271 5.510346 104
4272 3.173163 104
4273 1.872423 104
4274 12.635125 104
4275 19.999816 103
4276 9.332301 103
4277 19.875971 103
4278 14.287019 104
4279 0.711154 104
4280 0.321788 104
4281 0.544144 104
4282 2.024731 104
4283 0.628240 104
4284 0.971587 104
4285 0.936279 104
4286 0.936423 104
4287 3.680933 104
4288 1.287971 104
4289 1.048423 104
4290 0.500606 104
4291 0.238596 104
4292 0.155250 104
4293 0.145894 104
4294 0.162356 104
4295 0.151423 104
4296 0.183048 104
4297 0.164192 104
4298 1.061317 104
4299 0.166596 104
4300 0.971915 106
4301 0.336236 106
4302 0.382896 106
4303 0.355123 106
4304 0.301142 106
4305 0.366981 106
4306 0.975896 106
4307 1.244123 106
4308 0.313519 106
4309 0.342981 106
4310 0.843575 106
4311 1.508858 106
4312 0.348745 106
4313 0.348311 106
4314 0.337217 106
4315 0.406208 106
4316 0.383038 106
4317 1.552764 106
4318 3.175774 106
4319 1.091660 106
4320 1.426736 106
4321 1.538349 106
4322 1.733151 106
4323 1.856123 106
4324 2.132160 106
4325 1.109642 106
4326 2.507151 106
4327 0.634905 105
4328 0.750933 105
4329 1.042538 106
4330 1.180705 105
4331 0.608764 106
4332 1.366943 106
4333 0.980830 106
4334 1.141538 106
4335 1.319708 106
4336 1.443415 106
4337 1.830019 106
4338 0.929358 106
4339 0.287396 106
4340 0.622292 106
4341 0.727547 106
4342 1.210538 106
4343 0.865142 106
4344 19.974283 106
4345 19.661811 106
4346 19.641491 106
4347 19.386792 106
4348 19.673009 106
4349 19.812962 106
4350 19.927934 106
4351 0.999698 106
4352 1.024358 106
4353 0.798858 106
4354 12.090774 106
4355 14.749953 106
4356 1.140179 106
4357 1.085085 106
4358 16.355396 106
4359 16.997274 106
4360 10.204972 106
4361 6.963821 106
4362 5.072349 106
4363 5.020953 106
4364 2.549123 106
4365 2.394486 105
4366 2.207381 105
4367 2.048238 105
4368 1.797124 105
4369 1.679686 105
4370 1.894333 105
4371 1.825200 105
4372 1.753448 105
4373 1.629867 105
4374 1.807705 105
4375 1.688752 105
4376 1.685429 105
4377 1.271010 105
4378 1.129190 105
4379 0.682305 105
4380 0.208343 105
4381 0.225171 105
4382 0.180171 105
4383 0.188733 105
4384 0.186619 105
4385 0.357333 105
4386 0.191533 105
4387 0.175657 105
4388 7.571390 105
4389 0.727029 105
4390 0.516943 105
4391 0.136895 105
4392 0.347510 104
4393 0.117790 105
4394 0.490124 105
4395 0.172400 105
4396 0.149686 105
4397 0.164600 105
4398 0.157143 105
4399 0.166952 105
4400 1.165910 89
4401 0.356303 89
4402 0.379169 89
4403 0.456652 89
4404 0.369326 89
4405 0.373292 89
4406 1.001652 89
4407 0.630337 89
4408 0.583742 89
4409 0.562753 89
4410 0.668607 89
4411 0.718213 89
4412 1.384202 89
4413 1.259607 89
4414 0.909841 88
4415 0.383045 88
4416 0.524693 88
4417 1.209865 89
4418 0.767843 89
4419 0.897270 89
4420 0.521865 89
4421 1.064798 89
4422 1.227202 89
4423 0.455742 89
4424 0.446067 89
4425 1.593798 89
4426 0.826216 88
4427 0.706876 89
4428 0.358795 88
4429 1.646730 89
4430 0.415483 89
4431 0.426652 89
4432 0.824034 89
4433 1.607652 89
4434 0.537933 89
4435 0.706360 89
4436 0.332180 89
4437 1.151180 89
4438 0.963831 89
4439 0.644809 89
4440 0.409483 89
4441 1.200303 89
4442 1.084876 89
4443 0.448045 89
4444 0.549955 89
4445 1.330876 89
4446 0.837719 89
4447 0.525202 89
4448 0.799303 89
4449 1.374618 89
4450 1.323843 102
4451 0.720108 102
4452 0.334824 102
4453 1.483020 102
4454 0.951598 102
4455 0.393784 102
4456 0.967569 102
4457 0.226218 101
4458 0.806010 102
4459 0.299206 102
4460 1.022127 102
4461 0.277901 101
4462 0.874471 102
4463 0.285520 102
4464 0.910412 102
4465 0.318275 102
4466 0.965873 102
4467 0.802284 102
4468 0.825882 102
4469 0.293539 102
4470 1.301078 102
4471 1.014108 102
4472 0.309451 102
4473 1.765186 102
4474 2.685010 102
4475 1.274127 102
4476 0.916627 102
4477 0.272098 102
4478 0.932971 102
4479 0.861157 102
4480 1.561461 102
4481 0.957686 102
4482 0.714588 102
4483 19.668373 102
4484 1.033059 102
4485 0.973588 102
4486 0.993500 102
4487 0.832304 102
4488 1.509824 102
4489 0.897157 102
4490 0.885353 102
4491 0.677480 102
4492 1.105294 102
4493 0.744412 102
4494 0.751667 102
4495 1.005324 102
4496 1.042569 102
4497 0.822912 102
4498 0.924608 102
4499 1.390098 102
