0 1.932712 118
1 1.060407 118
2 0.803661 118
3 0.916729 118
4 0.794424 118
5 20.000000 118
6 1.853653 118
7 1.930675 117
8 1.922915 118
9 1.254568 118
10 2.304246 118
11 1.758720 118
12 6.333847 118
13 2.208847 118
14 8.575280 118
15 1.863898 118
16 1.859669 118
17 1.889288 118
18 1.614551 118
19 0.692752 117
20 0.723607 117
21 2.061220 118
22 0.757034 116
23 1.944424 118
24 0.857250 116
25 1.359331 118
26 2.396636 118
27 2.082559 118
28 2.242534 118
29 1.830475 118
30 0.684214 117
31 1.954085 118
32 1.749110 118
33 1.482864 118
34 1.076000 118
35 1.006975 118
36 1.082195 118
37 1.813288 118
38 0.535726 117
39 0.470889 117
40 0.481239 117
41 1.611212 118
42 1.884466 118
43 1.528763 118
44 0.704246 118
45 1.401093 118
46 0.491239 117
47 1.070449 118
48 0.266474 116
49 1.521212 118
50 1.631966 116
51 2.210897 116
52 1.249061 115
53 1.773336 116
54 3.022096 115
55 2.716353 116
56 1.384548 115
57 1.967155 116
58 2.987483 116
59 8.430509 116
60 11.849733 116
61 2.553379 116
62 1.862362 116
63 1.657698 116
64 1.571940 116
65 1.932233 116
66 1.814190 116
67 2.247681 116
68 3.000371 116
69 1.784681 116
70 0.541421 114
71 0.645193 114
72 0.384061 115
73 1.757112 116
74 0.967836 116
75 0.950724 116
76 0.741543 116
77 0.672974 116
78 0.629431 116
79 0.529000 116
80 0.646802 116
81 0.428371 116
82 1.203052 116
83 1.379948 116
84 0.463009 115
85 1.403224 116
86 0.567974 114
87 0.435252 115
88 0.401583 115
89 4.798629 116
90 1.540836 116
91 19.812647 116
92 1.066638 116
93 1.024052 116
94 1.263500 116
95 1.265862 116
96 3.122155 116
97 1.007991 116
98 0.431207 116
99 0.451496 115
100 0.674849 93
101 0.285151 93
102 0.336624 93
103 0.565043 93
104 1.346871 93
105 0.519097 93
106 0.553333 93
107 1.278430 93
108 0.701204 93
109 1.875172 93
110 1.589495 93
111 2.121602 93
112 5.005903 93
113 1.459871 93
114 0.360151 93
115 0.404860 93
116 1.427892 93
117 1.595602 93
118 0.789565 92
119 0.766391 92
120 2.028065 93
121 1.728387 93
122 6.341269 93
123 1.829763 93
124 1.688043 93
125 1.113022 93
126 1.387075 93
127 1.445613 93
128 1.762871 93
129 2.479591 93
130 1.672194 93
131 1.406785 93
132 2.051129 93
133 2.726591 93
134 0.702280 93
135 0.554333 93
136 1.684753 93
137 2.173538 93
138 0.871409 93
139 0.793750 92
140 1.401174 92
141 1.938581 93
142 0.739677 93
143 1.725731 93
144 1.367355 93
145 1.515624 93
146 2.179366 93
147 1.579946 93
148 2.371806 93
149 2.148301 93
150 1.214564 101
151 0.838287 101
152 2.186455 101
153 2.614010 101
154 2.091079 101
155 1.579812 101
156 3.631158 101
157 1.580178 101
158 2.299109 101
159 2.073129 101
160 15.300366 101
161 1.707238 101
162 2.525178 101
163 2.758693 101
164 2.094693 101
165 0.554880 100
166 0.609404 99
167 1.463297 101
168 0.650260 100
169 19.999931 101
170 19.999673 101
171 2.741584 101
172 16.591277 101
173 12.931640 100
174 11.418426 101
175 10.159000 100
176 8.774198 101
177 7.169110 100
178 6.463460 100
179 12.301337 101
180 5.338350 100
181 4.383360 100
182 3.787310 100
183 3.007723 101
184 2.471280 100
185 2.191090 100
186 1.497720 100
187 10.034580 100
188 1.240911 101
189 0.279300 100
190 0.272540 100
191 9.278100 100
192 0.676180 100
193 0.265670 100
194 0.676620 100
195 9.476455 101
196 0.840890 100
197 0.508340 100
198 0.466720 100
199 0.607900 100
200 16.411781 96
201 13.972042 95
202 13.124495 95
203 12.137821 95
204 11.765844 96
205 10.867232 95
206 10.238611 95
207 9.694106 94
208 13.255330 94
209 8.841085 94
210 7.708316 95
211 7.293979 95
212 6.671137 95
213 6.313883 94
214 5.242755 94
215 4.213179 95
216 3.972287 94
217 2.727394 94
218 1.889448 96
219 0.885064 94
220 0.568032 95
221 0.354989 94
222 0.274670 94
223 0.303468 94
224 0.284181 94
225 0.397128 94
226 0.296755 94
227 9.267468 94
228 0.807084 95
229 0.633372 94
230 0.339904 94
231 9.263653 95
232 0.602191 94
233 0.325734 94
234 0.381170 94
235 0.277284 95
236 0.355511 94
237 0.480319 94
238 0.291170 94
239 0.504768 95
240 0.596734 94
241 0.514811 95
242 0.492436 94
243 0.272787 94
244 0.276432 95
245 0.277821 95
246 0.346170 94
247 9.370553 94
248 0.664096 94
249 0.309326 95
250 16.550590 100
251 14.385293 99
252 14.148192 99
253 15.159010 99
254 12.872879 99
255 11.180071 99
256 10.981051 99
257 10.371242 99
258 9.778374 99
259 9.494041 98
260 8.403404 99
261 7.711525 99
262 7.406556 99
263 6.479316 98
264 5.394869 99
265 4.810737 99
266 3.871724 98
267 2.445827 98
268 1.161286 98
269 0.676622 98
270 0.304162 99
271 9.272357 98
272 9.665908 98
273 9.761827 98
274 9.677616 99
275 9.820184 98
276 0.732687 99
277 0.482969 98
278 0.484673 98
279 8.543566 99
280 0.980347 98
281 0.674459 98
282 0.551444 99
283 0.294610 100
284 0.252255 98
285 0.340041 98
286 0.275204 98
287 0.269879 99
288 0.269404 99
289 0.257510 98
290 0.463622 98
291 8.485643 98
292 0.780408 98
293 0.519000 98
294 0.441828 99
295 0.447000 98
296 0.458204 98
297 0.441153 98
298 0.448010 98
299 0.810394 99
300 16.619802 101
301 14.247370 100
302 13.605980 100
303 12.879110 100
304 12.278270 100
305 11.623190 100
306 10.936525 101
307 10.389626 99
308 9.611545 99
309 8.891610 100
310 8.296120 100
311 7.772172 99
312 6.595636 99
313 6.178263 99
314 5.744980 100
315 5.408212 99
316 5.358343 99
317 4.780222 99
318 3.487010 99
319 2.591540 100
320 0.962152 99
321 0.472667 99
322 0.375343 99
323 0.273060 100
324 0.555616 99
325 0.302150 100
326 0.434808 99
327 0.314626 99
328 0.259374 99
329 0.272420 100
330 0.482202 99
331 0.315560 100
332 0.355131 99
333 0.393687 99
334 0.349919 99
335 0.466182 99
336 0.328192 99
337 0.357354 99
338 8.686020 100
339 0.950172 99
340 0.672081 99
341 0.454980 99
342 0.445556 99
343 0.283081 99
344 0.249172 99
345 0.264566 99
346 0.278660 100
347 0.236121 99
348 0.257800 100
349 0.442273 99
350 17.714324 108
351 15.751290 107
352 14.413028 107
353 13.528383 107
354 12.777477 107
355 15.021472 108
356 15.402234 107
357 15.357651 106
358 15.349934 106
359 10.992387 106
360 9.908915 106
361 9.128887 106
362 13.969245 106
363 7.957557 106
364 13.227547 106
365 6.171486 107
366 12.326198 106
367 12.298755 106
368 4.084151 106
369 1.774738 107
370 9.881299 107
371 9.992215 107
372 9.714708 106
373 0.915907 107
374 9.243318 107
375 0.982037 107
376 0.267226 106
377 0.269434 106
378 8.717065 108
379 9.335623 106
380 0.562821 106
381 0.319396 106
382 0.603943 106
383 8.713311 106
384 8.838453 106
385 0.923783 106
386 0.273481 106
387 0.321434 106
388 8.230821 106
389 8.412613 106
390 8.299019 106
391 8.181557 106
392 0.534094 106
393 0.400860 107
394 7.593689 106
395 7.963972 106
396 0.839462 106
397 7.059336 107
398 7.316283 106
399 6.914368 106
400 16.551762 101
401 14.261680 100
402 13.635040 100
403 13.091010 100
404 15.014550 100
405 15.174406 101
406 15.345700 100
407 15.430485 99
408 11.735727 99
409 14.788303 99
410 18.094210 100
411 19.801762 101
412 19.801832 101
413 12.748228 101
414 8.922720 100
415 19.799750 100
416 9.301444 99
417 19.999717 99
418 13.380040 101
419 12.261700 100
420 19.999827 98
421 15.587222 99
422 12.332101 99
423 19.999714 98
424 19.999888 98
425 14.908776 98
426 19.797828 99
427 19.999755 98
428 19.010670 100
429 19.999806 98
430 19.999888 98
431 19.797541 98
432 19.667806 98
433 19.604184 98
434 19.999867 98
435 19.599750 100
436 19.999857 98
437 15.237898 98
438 19.999796 98
439 19.797737 99
440 19.999878 98
441 16.416384 99
442 19.797879 99
443 19.599820 100
444 19.999857 98
445 9.132745 98
446 19.999724 98
447 5.540827 98
448 19.999745 98
449 8.656677 99
450 19.999981 106
451 19.999802 106
452 19.999915 106
453 19.999660 106
454 19.999943 106
455 19.811179 106
456 19.999886 105
457 19.810567 104
458 19.951837 104
459 18.718283 106
460 1.548585 106
461 1.099642 106
462 0.529762 105
463 0.663248 105
464 0.437163 104
465 1.632226 106
466 0.861267 105
467 0.672029 105
468 0.652095 105
469 0.395819 105
470 0.795362 105
471 0.694800 105
472 0.585257 105
473 0.588340 106
474 0.595467 105
475 0.802210 105
476 0.640238 105
477 0.637840 106
478 0.665067 105
479 0.641575 106
480 0.701390 105
481 0.603676 105
482 19.611538 106
483 1.007217 106
484 0.424124 105
485 0.349219 105
486 1.018962 106
487 0.248810 105
488 0.273743 105
489 1.021726 106
490 0.829811 106
491 0.461867 105
492 0.338604 106
493 1.023264 106
494 0.275524 105
495 0.461352 105
496 2.052104 106
497 0.229226 106
498 1.069264 106
499 1.133509 106
500 1.059487 115
501 1.641052 115
502 0.445623 114
503 2.406765 115
504 1.890026 115
505 0.937386 114
506 0.882649 114
507 0.982614 114
508 1.834426 115
509 0.673851 114
510 3.588209 115
511 1.766435 115
512 1.542174 115
513 1.364948 115
514 1.520983 115
515 1.556235 115
516 2.369991 115
517 2.095070 115
518 1.342557 115
519 1.638426 115
520 1.981591 115
521 1.604383 115
522 4.416817 115
523 1.472487 115
524 2.462461 115
525 1.633783 115
526 1.763896 115
527 2.037357 115
528 1.248209 115
529 1.778113 115
530 1.507078 115
531 0.893609 115
532 1.487157 115
533 0.586770 113
534 0.804850 113
535 0.606322 115
536 0.513035 113
537 0.627530 115
538 2.799252 115
539 1.216842 114
540 1.733421 114
541 0.916452 115
542 1.419322 115
543 3.432157 115
544 1.385571 112
545 1.019670 115
546 19.826104 115
547 3.555904 115
548 1.795600 115
549 1.111588 114
550 2.825000 103
551 3.475922 103
552 1.063825 103
553 0.759796 103
554 0.740262 103
555 0.844417 103
556 0.710398 103
557 0.922748 103
558 0.999786 103
559 2.243775 102
560 0.884275 102
561 0.859873 102
562 0.831627 102
563 0.690137 102
564 1.036098 102
565 1.215020 102
566 0.822147 102
567 7.205363 102
568 2.135882 102
569 2.286324 102
570 0.799182 99
571 1.832608 102
572 0.915297 101
573 0.870683 101
574 0.930238 101
575 0.739485 101
576 0.710297 101
577 0.837257 101
578 1.848225 102
579 1.407990 102
580 1.179431 102
581 1.140716 102
582 1.315461 102
583 1.208765 102
584 1.277422 102
585 1.127480 102
586 1.685382 102
587 1.841382 102
588 1.908549 102
589 1.133539 102
590 0.775471 102
591 1.759186 102
592 2.049951 102
593 2.843941 102
594 1.764549 102
595 2.099186 102
596 2.144804 102
597 1.951029 102
598 2.851206 102
599 2.141500 102
600 2.542387 111
601 2.051856 111
602 1.582523 111
603 3.326387 111
604 1.774945 110
605 1.830273 110
606 1.903845 110
607 1.578191 110
608 2.912297 111
609 2.369414 111
610 1.471568 111
611 3.594333 111
612 2.287336 110
613 1.894264 110
614 1.746027 111
615 1.970373 110
616 3.417351 111
617 2.159560 109
618 3.485288 111
619 1.187922 102
620 3.444432 111
621 2.126541 111
622 7.296225 111
623 6.534482 110
624 3.350541 111
625 2.729028 109
626 2.245477 111
627 1.618147 109
628 1.691284 109
629 1.682239 109
630 2.297775 111
631 1.513811 111
632 0.498645 110
633 0.496745 110
634 1.599360 111
635 1.325827 110
636 1.610342 111
637 1.733874 111
638 1.844036 111
639 3.171450 111
640 2.658099 111
641 3.653482 110
642 2.882883 111
643 2.580937 111
644 2.212694 111
645 2.002153 111
646 1.842054 111
647 1.452207 111
648 1.327486 111
649 1.496432 111
650 18.324607 107
651 1.507636 107
652 0.875745 106
653 1.660103 107
654 1.853654 107
655 4.012299 107
656 1.341670 106
657 2.783626 107
658 1.749159 107
659 11.221963 107
660 1.028971 105
661 1.672804 107
662 0.654802 106
663 1.544533 107
664 1.400243 107
665 3.008224 107
666 3.312196 107
667 1.871458 107
668 0.657439 107
669 1.482075 107
670 0.506943 106
671 1.691150 107
672 1.579374 107
673 0.970524 105
674 3.304439 107
675 2.968729 107
676 3.660234 107
677 1.266215 107
678 1.955047 107
679 2.973336 107
680 1.930000 107
681 4.958037 107
682 2.640131 107
683 19.806364 107
684 1.547589 107
685 1.327477 107
686 1.680804 107
687 2.654981 107
688 2.452579 107
689 1.168794 107
690 1.280364 107
691 2.376879 107
692 3.082523 107
693 3.369925 107
694 2.771514 107
695 1.889243 107
696 1.127234 107
697 14.996000 107
698 3.628776 107
699 1.134047 107
700 3.829333 96
701 3.970146 96
702 3.769250 96
703 2.384260 96
704 2.000906 96
705 4.785583 96
706 3.275406 96
707 1.960583 96
708 2.318625 96
709 2.341229 96
710 4.822844 96
711 3.642115 96
712 3.817354 96
713 1.880063 96
714 6.151146 96
715 2.462073 96
716 7.938177 96
717 2.343802 96
718 3.541896 96
719 2.289219 96
720 3.766521 96
721 3.741927 96
722 1.783635 96
723 1.975062 96
724 1.635667 96
725 2.498521 96
726 20.000000 96
727 19.999947 95
728 19.999989 95
729 19.999768 95
730 19.999979 95
731 19.999779 95
732 19.999989 95
733 19.999916 95
734 19.999989 95
735 19.999758 95
736 1.190427 96
737 1.661406 96
738 1.749542 96
739 0.751126 95
740 0.737229 96
741 1.189490 96
742 0.409521 96
743 0.364347 95
744 1.234333 96
745 1.497458 96
746 1.314458 96
747 0.694042 95
748 0.527768 95
749 0.807969 96
750 2.406608 97
751 2.234979 97
752 1.662464 97
753 0.717500 96
754 1.342268 97
755 2.485443 97
756 2.613557 97
757 5.325485 97
758 1.085781 96
759 1.126010 96
760 1.026031 96
761 1.297406 96
762 3.335278 97
763 0.701117 94
764 0.557191 94
765 2.001103 97
766 1.562453 95
767 0.441552 96
768 1.929289 97
769 1.413969 96
770 0.560242 95
771 3.093299 97
772 4.239167 96
773 4.667464 97
774 2.156175 97
775 2.034979 97
776 2.482082 97
777 1.289990 97
778 2.930763 97
779 1.924423 97
780 1.494402 97
781 1.507639 97
782 1.292330 97
783 2.525443 97
784 1.502031 97
785 1.462381 97
786 0.399825 97
787 1.539433 97
788 0.747656 96
789 2.011598 97
790 1.714320 97
791 2.792505 97
792 0.469979 95
793 1.321907 97
794 1.281299 97
795 1.356247 97
796 1.190711 97
797 1.399443 97
798 1.517639 97
799 1.268629 97
800 3.507651 109
801 1.279853 109
802 1.387862 109
803 17.630560 109
804 1.294491 108
805 1.656248 109
806 1.231676 108
807 1.730505 109
808 1.743872 109
809 1.728908 109
810 0.405361 108
811 1.598486 109
812 1.925037 109
813 0.418991 108
814 1.717872 109
815 1.631275 109
816 3.048899 109
817 12.317532 109
818 14.765202 109
819 16.711936 109
820 17.197018 109
821 17.735028 109
822 1.329321 109
823 1.376275 109
824 6.700000 109
825 1.151725 109
826 1.519046 109
827 1.435394 109
828 0.947119 109
829 1.039138 109
830 2.602394 109
831 2.452055 109
832 1.929716 109
833 1.233945 109
834 1.300083 109
835 1.175211 109
836 0.793927 109
837 1.688495 109
838 1.272890 109
839 1.203165 109
840 2.201229 109
841 3.798128 109
842 0.739716 109
843 0.749110 109
844 1.029073 109
845 1.086835 109
846 2.148872 109
847 0.832578 109
848 0.692615 109
849 1.174771 109
850 13.704226 106
851 2.236453 106
852 0.660623 106
853 1.459368 106
854 1.411906 106
855 0.567752 105
856 0.404476 105
857 1.340066 106
858 0.394972 106
859 0.511105 105
860 1.482292 106
861 1.418472 106
862 2.154660 106
863 2.284547 106
864 1.383311 106
865 1.510236 106
866 3.062255 106
867 16.354190 105
868 4.012638 105
869 4.432857 105
870 17.735562 105
871 4.796876 105
872 17.842276 105
873 5.315419 105
874 5.666476 105
875 5.244914 105
876 5.114114 105
877 4.822343 105
878 4.632219 105
879 4.421286 105
880 4.251238 105
881 3.893105 105
882 3.773914 105
883 3.356724 105
884 3.104667 105
885 2.740076 105
886 2.732771 105
887 2.288181 105
888 2.313067 105
889 1.960381 105
890 1.748581 105
891 1.980245 106
892 15.283274 106
893 18.250154 104
894 16.349317 104
895 1.773651 106
896 0.451562 105
897 0.420362 105
898 0.756594 106
899 0.401181 105
900 0.799050 100
901 1.500100 100
902 3.043220 100
903 1.318394 99
904 1.635727 99
905 1.869150 100
906 0.429980 99
907 0.410081 99
908 1.816100 100
909 0.643276 98
910 0.491173 98
911 1.442080 100
912 0.468100 100
913 0.421444 99
914 1.663600 100
915 0.566091 99
916 1.510520 100
917 19.999960 100
918 19.999697 99
919 19.999949 99
920 19.999778 99
921 19.999909 99
922 19.999707 99
923 19.999879 99
924 19.999717 99
925 19.999919 99
926 19.999697 99
927 19.999909 99
928 19.799780 100
929 19.999899 99
930 19.999798 99
931 1.566570 100
932 1.553860 100
933 0.960293 99
934 0.552263 99
935 0.627566 99
936 1.447343 99
937 0.666293 99
938 0.636495 99
939 1.604300 100
940 0.253636 99
941 0.221495 99
942 0.260808 99
943 0.214354 99
944 1.218960 100
945 1.065570 100
946 0.256020 99
947 0.431758 99
948 0.947830 100
949 0.282010 99
950 0.756583 103
951 0.281196 102
952 1.336272 103
953 0.848853 102
954 1.673495 103
955 0.944471 102
956 1.748214 103
957 0.556931 101
958 0.316188 101
959 0.444990 101
960 1.562757 103
961 0.465853 102
962 0.447127 102
963 0.312314 102
964 1.683398 103
965 1.889767 103
966 0.661327 101
967 5.072068 103
968 3.225069 102
969 3.757020 101
970 3.604178 101
971 3.820871 101
972 2.471505 103
973 1.305223 103
974 1.376913 103
975 0.304050 101
976 1.245922 103
977 1.583252 103
978 1.119650 103
979 1.554505 103
980 1.502379 103
981 7.825709 103
982 0.836245 102
983 2.039583 103
984 1.339961 103
985 2.562835 103
986 1.047981 103
987 1.407282 103
988 1.319816 103
989 2.983825 103
990 1.418883 103
991 1.682854 103
992 1.268738 103
993 1.274388 103
994 1.677408 103
995 1.548699 103
996 1.425146 103
997 1.213476 103
998 1.026757 103
999 0.936922 103
1000 1.297914 81
1001 1.530728 81
1002 2.831432 81
1003 1.972531 81
1004 3.013370 81
1005 1.242469 81
1006 1.356815 81
1007 1.363975 81
1008 2.551049 81
1009 1.772247 81
1010 1.229704 81
1011 1.819370 81
1012 1.231049 81
1013 1.745543 81
1014 1.557173 81
1015 2.074000 81
1016 1.343827 81
1017 0.398247 81
1018 0.375642 81
1019 0.363309 81
1020 0.334210 81
1021 0.419716 81
1022 0.452741 81
1023 0.353457 81
1024 0.411802 81
1025 0.387568 81
1026 0.395407 81
1027 0.384309 81
1028 0.363000 81
1029 0.420333 81
1030 0.420593 81
1031 0.403753 81
1032 1.504988 81
1033 0.605850 80
1034 0.590637 80
1035 1.515914 81
1036 0.600738 80
1037 1.290852 81
1038 0.623123 81
1039 0.534462 80
1040 1.292444 81
1041 0.621175 80
1042 1.217951 81
1043 1.579049 81
1044 0.607550 80
1045 0.410113 80
1046 1.211049 81
1047 0.353900 80
1048 0.311062 80
1049 7.164370 81
1050 6.934673 104
1051 6.346635 104
1052 5.994029 103
1053 1.174106 104
1054 0.467615 104
1055 1.258029 104
1056 0.562154 104
1057 0.694346 104
1058 1.350433 104
1059 0.550365 104
1060 0.272548 104
1061 1.792596 104
1062 1.223365 104
1063 0.926144 104
1064 1.145308 104
1065 0.659673 104
1066 1.935942 104
1067 0.400538 104
1068 0.893077 104
1069 0.643875 104
1070 0.553144 104
1071 0.834365 104
1072 0.698365 104
1073 0.685212 104
1074 2.114288 104
1075 0.990481 104
1076 1.119837 104
1077 1.022048 104
1078 1.030865 104
1079 1.638192 104
1080 0.588837 104
1081 0.487192 104
1082 0.854048 104
1083 0.734779 104
1084 0.713846 104
1085 0.453317 104
1086 0.574760 104
1087 1.553481 104
1088 1.030846 104
1089 1.231125 104
1090 1.699827 104
1091 1.322760 104
1092 1.072625 104
1093 1.113010 104
1094 1.270798 104
1095 1.183548 104
1096 1.131702 104
1097 0.442894 104
1098 0.352606 104
1099 0.400798 104
1100 1.138302 116
1101 1.312216 116
1102 7.934696 115
1103 1.778509 116
1104 1.585190 116
1105 1.805483 116
1106 1.517466 116
1107 1.725190 116
1108 1.441560 116
1109 0.535000 115
1110 0.521939 115
1111 0.398957 115
1112 6.645466 116
1113 1.937147 116
1114 1.455259 116
1115 1.997017 116
1116 1.643957 116
1117 1.167440 116
1118 1.501724 116
1119 1.414819 116
1120 1.402174 115
1121 0.995791 115
1122 1.623466 116
1123 0.548209 115
1124 0.727296 115
1125 11.051474 116
1126 1.368603 116
1127 0.327693 114
1128 0.492209 115
1129 0.953836 116
1130 1.489397 116
1131 1.528017 116
1132 19.999914 116
1133 19.999684 114
1134 1.237509 116
1135 0.754250 116
1136 1.248353 116
1137 1.418862 116
1138 0.386877 114
1139 3.577284 116
1140 1.358940 116
1141 1.302157 115
1142 1.149819 116
1143 1.855586 116
1144 0.979896 115
1145 1.483457 116
1146 1.102500 116
1147 1.201748 115
1148 1.232983 116
1149 1.176466 116
1150 1.132245 106
1151 0.365143 105
1152 0.432362 105
1153 1.710783 106
1154 0.815467 105
1155 0.724514 105
1156 19.999991 106
1157 19.999781 105
1158 1.717292 106
1159 0.775686 105
1160 1.973915 106
1161 0.989114 105
1162 1.659047 106
1163 0.514848 105
1164 0.370802 106
1165 1.395151 106
1166 1.121189 106
1167 1.662434 106
1168 1.016453 106
1169 0.618132 106
1170 2.079094 106
1171 0.696762 105
1172 1.484613 106
1173 0.689179 106
1174 1.844264 106
1175 1.044971 105
1176 1.558509 106
1177 0.510619 105
1178 1.698283 106
1179 0.600048 105
1180 1.560217 106
1181 0.623838 105
1182 1.443047 106
1183 1.075538 106
1184 1.438000 106
1185 0.494648 105
1186 1.180991 106
1187 1.073906 106
1188 1.888811 106
1189 1.455152 105
1190 2.678868 106
1191 1.076670 106
1192 1.956075 106
1193 1.054472 106
1194 0.271514 105
1195 1.029547 106
1196 0.505774 106
1197 1.232557 106
1198 1.139104 106
1199 0.375914 105
1200 1.714551 107
1201 0.885860 107
1202 1.211626 107
1203 0.370879 107
1204 1.123271 107
1205 0.337645 107
1206 1.801776 107
1207 0.781935 107
1208 0.597579 107
1209 0.622579 107
1210 12.427654 107
1211 3.241963 107
1212 8.867168 107
1213 1.390449 107
1214 2.680907 107
1215 1.966916 107
1216 1.122804 107
1217 1.225430 107
1218 1.375794 107
1219 1.546477 107
1220 1.646168 107
1221 15.798664 107
1222 1.535327 107
1223 1.012748 107
1224 1.317084 107
1225 4.138449 107
1226 1.054664 107
1227 9.928589 107
1228 0.844785 107
1229 0.830720 107
1230 2.258150 107
1231 1.168748 107
1232 0.808056 107
1233 0.996178 107
1234 1.175645 107
1235 2.335374 107
1236 1.530121 107
1237 1.082140 107
1238 0.840206 107
1239 0.997720 107
1240 0.255443 106
1241 1.363533 107
1242 0.983355 107
1243 18.131411 107
1244 0.812804 107
1245 1.043065 107
1246 1.047888 107
1247 1.296271 107
1248 1.204720 107
1249 1.181327 107
1250 3.705413 109
1251 1.933330 109
1252 0.578574 108
1253 0.665477 107
1254 2.124546 108
1255 1.632130 108
1256 0.682579 107
1257 3.280537 108
1258 1.076481 108
1259 1.835676 108
1260 1.564528 108
1261 1.379083 108
1262 2.137500 108
1263 1.554083 108
1264 1.841611 108
1265 1.760796 108
1266 0.733278 108
1267 2.357611 108
1268 2.834259 108
1269 1.746407 108
1270 0.378364 107
1271 0.520439 107
1272 0.462673 107
1273 0.394954 108
1274 0.430491 108
1275 0.367514 107
1276 0.341664 107
1277 3.916583 108
1278 20.000000 108
1279 1.079685 108
1280 1.568065 108
1281 1.346954 108
1282 1.616556 108
1283 1.399954 108
1284 1.351583 108
1285 1.287500 108
1286 0.399299 107
1287 0.270009 107
1288 0.476630 108
1289 0.252806 108
1290 11.012861 108
1291 1.131204 108
1292 1.077870 108
1293 0.829343 108
1294 1.070833 108
1295 3.270139 108
1296 0.647000 108
1297 0.782102 108
1298 2.048148 108
1299 0.952694 108
1300 1.437157 108
1301 0.451075 106
1302 0.506689 106
1303 1.729324 108
1304 0.842776 107
1305 1.965139 108
1306 2.913463 108
1307 2.346981 108
1308 0.842274 106
1309 0.818811 106
1310 1.452574 108
1311 0.619981 107
1312 0.639822 107
1313 0.518168 107
1314 2.561519 108
1315 2.363944 108
1316 0.983104 106
1317 1.776852 108
1318 2.001648 108
1319 0.853047 106
1320 1.191509 108
1321 0.440738 107
1322 10.863861 108
1323 7.126906 106
1324 1.217889 108
1325 2.077454 108
1326 2.573870 108
1327 14.203917 108
1328 1.402954 108
1329 7.021889 108
1330 1.869213 108
1331 1.647250 108
1332 1.061435 108
1333 1.196574 108
1334 1.189213 108
1335 0.998841 107
1336 0.727215 107
1337 0.709579 107
1338 0.640150 107
1339 0.628296 108
1340 0.672944 108
1341 0.581056 107
1342 0.723505 107
1343 0.681243 107
1344 0.661159 107
1345 0.543131 107
1346 0.572159 107
1347 0.809673 107
1348 0.579206 107
1349 0.473907 107
1350 1.701929 99
1351 1.308316 98
1352 1.183857 98
1353 1.167133 98
1354 1.028694 98
1355 1.033122 98
1356 0.914889 99
1357 0.874091 99
1358 0.908582 98
1359 1.122378 98
1360 0.951286 98
1361 1.071677 99
1362 0.989323 99
1363 0.864071 98
1364 1.109398 98
1365 1.140888 98
1366 0.861333 99
1367 0.901867 98
1368 0.932051 98
1369 0.996337 98
1370 0.886316 98
1371 1.064500 98
1372 0.859626 99
1373 1.104755 98
1374 0.872969 98
1375 0.820235 98
1376 0.954459 98
1377 1.045859 99
1378 1.087990 98
1379 0.942480 98
1380 0.729276 98
1381 0.721663 98
1382 0.728245 98
1383 0.843704 98
1384 0.992133 98
1385 0.890908 98
1386 1.607879 99
1387 1.739566 99
1388 0.848768 99
1389 0.976194 98
1390 0.870796 98
1391 1.114867 98
1392 1.428020 98
1393 2.237041 98
1394 1.197222 99
1395 1.109214 98
1396 0.787194 98
1397 0.824333 99
1398 0.746808 99
1399 1.018408 98
1400 1.644073 96
1401 0.958802 96
1402 2.424323 96
1403 0.514705 95
1404 0.429632 95
1405 0.698947 95
1406 0.690368 95
1407 1.695495 95
1408 0.473337 95
1409 0.628274 95
1410 0.638347 95
1411 0.852126 95
1412 0.491021 95
1413 0.989074 95
1414 1.083221 95
1415 0.508347 95
1416 0.781084 95
1417 1.772979 96
1418 1.397516 95
1419 0.714158 95
1420 0.877726 95
1421 0.764105 95
1422 0.546542 96
1423 0.530737 95
1424 1.667789 95
1425 0.816547 95
1426 0.491526 95
1427 0.756642 95
1428 0.554916 95
1429 0.843442 95
1430 0.595589 95
1431 0.479653 95
1432 1.028568 95
1433 1.156667 96
1434 0.269094 96
1435 20.000000 96
1436 19.999926 95
1437 19.791542 96
1438 19.999670 94
1439 19.999936 94
1440 4.220781 96
1441 0.371426 94
1442 0.865167 96
1443 9.184417 96
1444 0.895396 96
1445 0.598389 95
1446 0.484042 95
1447 0.686937 95
1448 0.541547 95
1449 1.295010 96
1450 1.563444 90
1451 0.757767 90
1452 0.691674 89
1453 0.678124 89
1454 19.514756 90
1455 12.920889 90
1456 8.836933 90
1457 1.483133 90
1458 1.038697 89
1459 2.089233 90
1460 1.814444 90
1461 0.709966 89
1462 1.874678 90
1463 0.801225 89
1464 3.247156 90
1465 1.562636 88
1466 0.655618 89
1467 0.523125 88
1468 2.038167 90
1469 1.891722 90
1470 1.696422 90
1471 1.811933 90
1472 0.702966 89
1473 0.612798 89
1474 1.123356 90
1475 0.655144 90
1476 2.227022 90
1477 0.658225 89
1478 1.844200 90
1479 2.144456 90
1480 1.808578 90
1481 1.522500 90
1482 1.850244 90
1483 1.497489 90
1484 1.682056 90
1485 2.255678 90
1486 1.498578 90
1487 1.730422 90
1488 1.807389 90
1489 1.590856 90
1490 1.473089 90
1491 1.605222 90
1492 1.506867 90
1493 1.679822 90
1494 1.659622 90
1495 3.160622 90
1496 1.494800 90
1497 1.973200 90
1498 1.754222 90
1499 1.742844 90
1500 2.592738 103
1501 1.495748 103
1502 2.727883 103
1503 1.632146 103
1504 1.507078 103
1505 1.545961 103
1506 1.907184 103
1507 1.790165 103
1508 1.692709 103
1509 1.446825 103
1510 1.816029 103
1511 1.895117 103
1512 2.153942 103
1513 2.170359 103
1514 1.910359 103
1515 1.498155 103
1516 0.678441 102
1517 2.003466 103
1518 3.523476 103
1519 5.781214 103
1520 20.000000 103
1521 1.677738 103
1522 0.643647 102
1523 0.891040 101
1524 0.329257 101
1525 0.418782 101
1526 1.079257 101
1527 0.316158 101
1528 0.574660 103
1529 0.655476 103
1530 0.653301 103
1531 0.596291 103
1532 1.245165 103
1533 0.668667 102
1534 0.374069 102
1535 0.359078 102
1536 5.744728 103
1537 0.551843 102
1538 0.575647 102
1539 0.571049 102
1540 1.566874 103
1541 1.157912 102
1542 1.092892 102
1543 1.153892 102
1544 1.386333 102
1545 1.168728 103
1546 1.369476 103
1547 1.161913 103
1548 1.814456 103
1549 0.477693 101
1550 1.368415 118
1551 1.815712 118
1552 1.669288 118
1553 1.642831 118
1554 1.395059 118
1555 1.956788 118
1556 5.120407 118
1557 1.268797 118
1558 1.710763 118
1559 1.492508 118
1560 1.280229 118
1561 1.874381 118
1562 1.176602 118
1563 1.774119 118
1564 2.383085 118
1565 0.897644 118
1566 0.790248 117
1567 0.619778 117
1568 7.885093 118
1569 7.434402 117
1570 8.714504 117
1571 1.447051 118
1572 0.992829 117
1573 2.095161 118
1574 0.947034 118
1575 12.931678 118
1576 1.768949 118
1577 1.356525 118
1578 1.547178 118
1579 1.269229 118
1580 1.309568 118
1581 0.610846 117
1582 0.622470 117
1583 0.524966 117
1584 3.188288 118
1585 2.016664 116
1586 19.881602 118
1587 19.786513 117
1588 19.673085 117
1589 19.441319 116
1590 19.060586 116
1591 18.324374 115
1592 18.960652 115
1593 19.059362 116
1594 19.529252 115
1595 19.584793 116
1596 19.826043 115
1597 19.655138 116
1598 0.817076 118
1599 0.170581 117
1600 1.057009 111
1601 1.220207 111
1602 0.578636 110
1603 0.504282 110
1604 0.505427 110
1605 1.083396 111
1606 0.371036 111
1607 0.344468 111
1608 1.481820 111
1609 0.345800 110
1610 0.385255 110
1611 1.060613 111
1612 0.428910 111
1613 1.503739 111
1614 0.567027 111
1615 1.450550 111
1616 0.694703 111
1617 0.727838 111
1618 0.723180 111
1619 0.694676 111
1620 1.550514 111
1621 0.562730 111
1622 0.564991 110
1623 1.731622 111
1624 1.592667 111
1625 0.666727 110
1626 1.134685 111
1627 0.337748 111
1628 1.133450 111
1629 0.372595 111
1630 1.993468 111
1631 1.083936 110
1632 1.851910 111
1633 0.737333 111
1634 1.154261 111
1635 2.057631 111
1636 1.505036 111
1637 0.899315 111
1638 0.874243 111
1639 1.283477 111
1640 1.311342 111
1641 1.148315 111
1642 1.027396 111
1643 0.355784 111
1644 0.908117 111
1645 0.408099 111
1646 1.339568 111
1647 0.339514 111
1648 1.257577 111
1649 1.456486 111
1650 0.906615 96
1651 1.528000 96
1652 1.463177 96
1653 1.783594 96
1654 19.044542 96
1655 2.098073 96
1656 1.336094 96
1657 1.795500 96
1658 1.877833 96
1659 1.419344 96
1660 1.081313 96
1661 1.166698 96
1662 1.900479 96
1663 1.650042 96
1664 3.115021 96
1665 0.844084 95
1666 0.797232 95
1667 2.238740 96
1668 0.671915 94
1669 0.558521 94
1670 1.967688 96
1671 0.681840 94
1672 17.770521 96
1673 18.581104 96
1674 18.529547 95
1675 19.175958 95
1676 19.332495 95
1677 19.288368 95
1678 18.792800 95
1679 15.438147 95
1680 18.970095 95
1681 2.547167 96
1682 0.941156 96
1683 0.310895 95
1684 0.253688 96
1685 1.601771 96
1686 0.736737 95
1687 2.447177 96
1688 4.696354 96
1689 1.589604 96
1690 4.919208 96
1691 1.370708 96
1692 4.579750 96
1693 2.266198 96
1694 1.034021 96
1695 0.434516 95
1696 1.042521 96
1697 0.412105 95
1698 1.197063 96
1699 0.410368 95
1700 1.066516 95
1701 0.456474 95
1702 0.422606 94
1703 1.276989 95
1704 0.906158 95
1705 1.386779 95
1706 0.615128 94
1707 0.574840 94
1708 0.611926 94
1709 0.546500 94
1710 2.125158 95
1711 0.873957 94
1712 0.774064 94
1713 0.783543 94
1714 1.916979 95
1715 1.747032 95
1716 2.093242 95
1717 0.634787 94
1718 0.630849 93
1719 2.098737 95
1720 2.036968 95
1721 1.912242 95
1722 2.012063 95
1723 1.530084 95
1724 1.841453 95
1725 1.819505 95
1726 10.175105 95
1727 3.492547 95
1728 1.973086 93
1729 2.212295 95
1730 1.944453 95
1731 1.359632 95
1732 1.414789 95
1733 2.667779 95
1734 1.332421 95
1735 1.477221 95
1736 1.306716 95
1737 1.189853 95
1738 1.353863 95
1739 2.171600 95
1740 2.156789 95
1741 1.483474 95
1742 6.589695 95
1743 1.825547 95
1744 0.970337 95
1745 1.088884 95
1746 0.898695 95
1747 2.808884 95
1748 2.284305 95
1749 1.883884 95
1750 1.902143 119
1751 1.400891 119
1752 1.495857 119
1753 1.564866 119
1754 0.402941 119
1755 0.404551 118
1756 2.020580 119
1757 1.206538 119
1758 1.668387 119
1759 3.679571 119
1760 2.531084 119
1761 1.502950 119
1762 1.818748 119
1763 1.823941 119
1764 1.760050 119
1765 1.360280 118
1766 1.346263 118
1767 1.857169 118
1768 1.366746 118
1769 1.446134 119
1770 0.765647 119
1771 1.295437 119
1772 2.500655 119
1773 1.317462 119
1774 1.526042 119
1775 1.148336 119
1776 7.817479 119
1777 4.875597 119
1778 3.977731 119
1779 1.664429 119
1780 1.407891 119
1781 1.578731 119
1782 1.487748 119
1783 0.773958 119
1784 1.581151 119
1785 1.330933 119
1786 2.237050 119
1787 7.705277 119
1788 1.419790 119
1789 1.249067 119
1790 0.994538 119
1791 11.231723 119
1792 1.179261 119
1793 0.622471 119
1794 0.478773 119
1795 1.317361 119
1796 1.218647 119
1797 0.412420 119
1798 1.499731 119
1799 1.049496 119
1800 1.555809 115
1801 0.718017 115
1802 2.821296 115
1803 2.047548 115
1804 1.051886 114
1805 1.931765 115
1806 1.875226 115
1807 1.840061 115
1808 1.761348 115
1809 2.211800 115
1810 1.981278 115
1811 16.789452 115
1812 2.202539 115
1813 1.976226 115
1814 0.479191 115
1815 0.440435 115
1816 1.952609 115
1817 0.994026 115
1818 1.593548 115
1819 1.416113 115
1820 1.582339 115
1821 4.569246 114
1822 2.837575 113
1823 0.420920 113
1824 0.587478 113
1825 1.664461 115
1826 1.285583 115
1827 7.323183 115
1828 7.247474 114
1829 7.194667 114
1830 1.356478 115
1831 2.178809 115
1832 1.209816 114
1833 1.543409 115
1834 1.709496 115
1835 1.234730 115
1836 0.509035 114
1837 1.559443 115
1838 1.662522 115
1839 1.182339 115
1840 1.449487 115
1841 1.761826 115
1842 1.644348 115
1843 1.167374 115
1844 1.210070 115
1845 1.054904 115
1846 1.242539 115
1847 15.044609 115
1848 11.982696 115
1849 1.592591 115
1850 1.524449 107
1851 2.080738 107
1852 17.978121 107
1853 1.955925 107
1854 0.456896 106
1855 0.607000 106
1856 1.762019 107
1857 1.984364 107
1858 1.443925 107
1859 1.187178 107
1860 1.393963 107
1861 1.447570 107
1862 14.072439 107
1863 3.057252 107
1864 1.303840 106
1865 0.525733 105
1866 1.826720 107
1867 0.539311 106
1868 1.980944 107
1869 1.245449 107
1870 1.485336 107
1871 1.960449 107
1872 17.689953 107
1873 18.475290 107
1874 19.058729 107
1875 1.913776 107
1876 1.357981 107
1877 1.179262 107
1878 0.512811 106
1879 0.299104 106
1880 1.173766 107
1881 0.770121 107
1882 0.810632 106
1883 0.411896 106
1884 1.622093 107
1885 0.409267 105
1886 0.288783 106
1887 3.298860 107
1888 3.288897 107
1889 1.061819 105
1890 2.472000 107
1891 0.879673 107
1892 1.187421 107
1893 0.877364 107
1894 1.498495 107
1895 0.570406 106
1896 0.430048 105
1897 1.364093 107
1898 1.421682 107
1899 1.124065 107
1900 2.101306 108
1901 1.175463 108
1902 1.583981 108
1903 3.931204 108
1904 2.637630 108
1905 2.144500 108
1906 1.659204 108
1907 1.792439 107
1908 1.730204 108
1909 1.685028 107
1910 1.788374 107
1911 1.624271 107
1912 1.367870 108
1913 0.329906 106
1914 0.404102 108
1915 0.420066 106
1916 0.624860 107
1917 0.475509 106
1918 0.478868 106
1919 0.487645 107
1920 0.527198 106
1921 0.346481 106
1922 0.356776 107
1923 0.383330 106
1924 0.341189 106
1925 0.291411 107
1926 0.419840 106
1927 0.387632 106
1928 0.426057 106
1929 0.524849 106
1930 0.351830 106
1931 0.559477 107
1932 0.489160 106
1933 0.399745 106
1934 0.417330 106
1935 0.395802 106
1936 1.419713 108
1937 0.357748 107
1938 0.365299 107
1939 1.297213 108
1940 0.556869 107
1941 0.498748 107
1942 6.311056 108
1943 1.756213 108
1944 0.432009 107
1945 0.500713 108
1946 0.402262 107
1947 1.397028 108
1948 0.450935 107
1949 15.525019 106
1950 1.248641 103
1951 15.094388 103
1952 1.562146 103
1953 1.475058 103
1954 1.359417 103
1955 0.402706 102
1956 1.756427 103
1957 2.136136 103
1958 1.563000 103
1959 0.723333 102
1960 1.002427 103
1961 1.836612 103
1962 19.999767 103
1963 19.999660 103
1964 1.639427 103
1965 3.613165 103
1966 1.721621 103
1967 1.743689 103
1968 1.497039 103
1969 1.051573 103
1970 1.740466 103
1971 6.476146 103
1972 1.998437 103
1973 1.492068 103
1974 1.646049 103
1975 1.643000 103
1976 1.115913 103
1977 1.219058 103
1978 1.201854 103
1979 2.839922 103
1980 1.542437 103
1981 1.343447 103
1982 0.425294 102
1983 0.279716 102
1984 0.283446 101
1985 1.900408 103
1986 1.233020 102
1987 1.324873 102
1988 1.174728 103
1989 0.265376 101
1990 1.373049 103
1991 0.526755 102
1992 0.503941 101
1993 0.336426 101
1994 1.009010 103
1995 0.412864 103
1996 0.286500 102
1997 3.422214 103
1998 2.885422 102
1999 2.803657 102
2000 4.426191 115
2001 4.313096 114
2002 4.228722 115
2003 4.451930 114
2004 1.564791 115
2005 2.119661 115
2006 1.575609 115
2007 2.005304 115
2008 0.739434 113
2009 1.591009 115
2010 1.962139 115
2011 1.736983 115
2012 0.583150 113
2013 0.383973 113
2014 1.349157 115
2015 1.547826 115
2016 2.965904 115
2017 3.151939 115
2018 1.350591 115
2019 7.789426 115
2020 14.869409 115
2021 1.746661 115
2022 1.124791 115
2023 1.683704 115
2024 2.238383 115
2025 2.656548 115
2026 1.914948 115
2027 1.521270 115
2028 1.413887 115
2029 9.421191 115
2030 1.560557 115
2031 1.595826 115
2032 1.031252 115
2033 1.374600 115
2034 3.066704 115
2035 1.737722 115
2036 1.560035 115
2037 4.814374 115
2038 1.636817 115
2039 0.893843 115
2040 1.222957 115
2041 0.547465 114
2042 0.470219 114
2043 2.470878 115
2044 1.689327 113
2045 0.844443 115
2046 0.242798 114
2047 0.217570 114
2048 0.364781 114
2049 0.751191 115
2050 1.051730 115
2051 0.499913 115
2052 0.343939 115
2053 2.026148 115
2054 0.610946 112
2055 0.584770 113
2056 1.382957 115
2057 1.252351 114
2058 0.355781 114
2059 0.376368 114
2060 0.467670 115
2061 0.392070 114
2062 1.696017 115
2063 2.344983 115
2064 1.494035 113
2065 0.415062 113
2066 1.547226 115
2067 4.085391 115
2068 1.582704 115
2069 1.708296 115
2070 2.261643 115
2071 2.528809 115
2072 1.333113 115
2073 1.654391 115
2074 1.596278 115
2075 3.419539 115
2076 1.892878 115
2077 0.841930 115
2078 2.385113 115
2079 0.646070 114
2080 1.149158 114
2081 1.600426 115
2082 1.651974 115
2083 1.686287 115
2084 2.092730 115
2085 1.837922 115
2086 1.661183 115
2087 1.740843 115
2088 1.673200 115
2089 1.979304 115
2090 1.499791 115
2091 1.664052 115
2092 4.119922 115
2093 1.422080 113
2094 1.808574 115
2095 1.428035 113
2096 18.408548 115
2097 16.691105 114
2098 15.583860 114
2099 14.292956 114
2100 10.201208 106
2101 11.512733 105
2102 19.556925 106
2103 12.326274 106
2104 5.950419 105
2105 0.940760 104
2106 1.841321 106
2107 2.646840 106
2108 1.558764 106
2109 2.450179 106
2110 1.800708 106
2111 1.917925 106
2112 1.956500 106
2113 2.736406 106
2114 1.248295 105
2115 0.800048 104
2116 0.870673 104
2117 0.476442 104
2118 0.580817 104
2119 0.565885 104
2120 0.572087 104
2121 0.480471 104
2122 0.700257 105
2123 0.480448 105
2124 1.517250 104
2125 0.464905 105
2126 3.958377 106
2127 2.507047 106
2128 1.214745 106
2129 0.838305 105
2130 1.102590 105
2131 1.454736 106
2132 1.126858 106
2133 1.260028 106
2134 1.563953 106
2135 0.372821 106
2136 5.230651 106
2137 4.857981 105
2138 2.976972 106
2139 1.468406 106
2140 1.276274 106
2141 1.209151 106
2142 3.152726 106
2143 1.073670 106
2144 4.046613 106
2145 1.938104 106
2146 0.599476 105
2147 1.827462 106
2148 0.643557 106
2149 0.912170 106
2150 2.391525 99
2151 1.952000 99
2152 1.615222 99
2153 0.517102 98
2154 0.444122 98
2155 2.624879 99
2156 2.141576 99
2157 0.720694 98
2158 2.346434 99
2159 2.409323 99
2160 19.832293 99
2161 19.999704 98
2162 19.999622 98
2163 19.999714 98
2164 19.999711 97
2165 19.999763 97
2166 19.999691 97
2167 19.795582 98
2168 19.999711 97
2169 19.999711 97
2170 19.999691 97
2171 19.999649 97
2172 19.999670 97
2173 19.999711 97
2174 19.999701 97
2175 19.999701 97
2176 19.795857 98
2177 19.795592 98
2178 19.999722 97
2179 19.999649 97
2180 19.795643 98
2181 19.999701 97
2182 19.999619 97
2183 19.999629 97
2184 19.999639 97
2185 19.999711 97
2186 19.795612 98
2187 19.796316 98
2188 19.795755 98
2189 19.999711 97
2190 19.999629 97
2191 19.999639 97
2192 19.999670 97
2193 19.999619 97
2194 19.999639 97
2195 19.595636 99
2196 19.999691 97
2197 19.999680 97
2198 19.999691 97
2199 19.795602 98
2200 19.999949 99
2201 19.999758 99
2202 19.999758 99
2203 19.999768 99
2204 19.999747 99
2205 19.999788 99
2206 19.999707 99
2207 19.797768 99
2208 19.797758 99
2209 19.797737 99
2210 19.999673 98
2211 19.999745 98
2212 19.797758 99
2213 19.795755 98
2214 19.795582 98
2215 19.795724 98
2216 19.999701 97
2217 19.795755 98
2218 19.999701 97
2219 19.999711 97
2220 19.999711 97
2221 19.999732 97
2222 19.795653 98
2223 19.999691 97
2224 19.999753 97
2225 19.999753 97
2226 19.795776 98
2227 19.999670 97
2228 19.999722 97
2229 19.999763 97
2230 19.796796 98
2231 19.596434 99
2232 19.795745 98
2233 19.999784 97
2234 19.999753 97
2235 19.999742 97
2236 19.795633 98
2237 19.999742 97
2238 19.999701 97
2239 19.999742 97
2240 19.999701 97
2241 19.999742 97
2242 19.795969 98
2243 19.999742 97
2244 19.795673 98
2245 19.999773 97
2246 19.795602 98
2247 19.793588 97
2248 19.999740 96
2249 19.999708 96
2250 19.999918 98
2251 19.999724 98
2252 19.999724 98
2253 19.999633 98
2254 19.999735 98
2255 19.999776 98
2256 19.999745 98
2257 19.999773 97
2258 19.795612 98
2259 19.999711 97
2260 19.999701 97
2261 19.999753 97
2262 19.999698 96
2263 19.999688 96
2264 19.591490 98
2265 19.999635 96
2266 19.793546 97
2267 19.999760 96
2268 19.999750 96
2269 19.793536 97
2270 19.999719 96
2271 19.999677 96
2272 19.793639 97
2273 19.793454 97
2274 19.793639 97
2275 19.999656 96
2276 19.793526 97
2277 19.591561 98
2278 19.999677 96
2279 19.591643 98
2280 19.793546 97
2281 19.999698 96
2282 19.999729 96
2283 19.793608 97
2284 19.793876 97
2285 19.793608 97
2286 19.793577 97
2287 19.999729 96
2288 19.999698 96
2289 19.999708 96
2290 19.999688 96
2291 19.999698 96
2292 19.793608 97
2293 19.999708 96
2294 19.999771 96
2295 19.999813 96
2296 19.999740 96
2297 19.999684 95
2298 19.791469 96
2299 19.999737 95
2300 19.999865 96
2301 19.999792 96
2302 19.999792 96
2303 19.999760 96
2304 19.999719 96
2305 19.999750 96
2306 19.999760 96
2307 19.791427 96
2308 19.999695 95
2309 19.999695 95
2310 19.999705 95
2311 19.791344 96
2312 19.789337 95
2313 19.789074 95
2314 19.999649 94
2315 19.789221 95
2316 19.999766 94
2317 19.999702 94
2318 19.999745 94
2319 19.789274 95
2320 19.999713 94
2321 19.999702 94
2322 19.789368 95
2323 19.999670 94
2324 19.999691 94
2325 19.999660 94
2326 19.999723 94
2327 19.999649 94
2328 19.789326 95
2329 19.999702 94
2330 19.999734 94
2331 19.999691 94
2332 19.999691 94
2333 19.999713 94
2334 19.999755 94
2335 19.789242 95
2336 19.999681 94
2337 19.999713 94
2338 19.789253 95
2339 19.789189 95
2340 19.999713 94
2341 19.999745 94
2342 19.999713 94
2343 19.789179 95
2344 19.789263 95
2345 19.789274 95
2346 19.999819 94
2347 19.786968 94
2348 19.787032 94
2349 19.999742 93
2350 19.999952 84
2351 1.683333 84
2352 0.951202 84
2353 0.899071 84
2354 0.490833 84
2355 0.555024 84
2356 1.450190 84
2357 1.593590 83
2358 0.810482 83
2359 1.562675 83
2360 0.876012 83
2361 1.141241 83
2362 2.563566 83
2363 0.898313 83
2364 0.654687 83
2365 0.592530 83
2366 1.586000 83
2367 1.055976 83
2368 2.427253 83
2369 0.465590 83
2370 2.476373 83
2371 0.881651 83
2372 0.668133 83
2373 1.156831 83
2374 0.462916 83
2375 1.843349 83
2376 0.458482 83
2377 0.728060 83
2378 0.464289 83
2379 0.940084 83
2380 0.507566 83
2381 0.911470 83
2382 0.392369 84
2383 1.615238 84
2384 0.488843 83
2385 0.514289 83
2386 1.478988 84
2387 0.521244 82
2388 0.729205 83
2389 2.063405 84
2390 0.520325 83
2391 0.271217 83
2392 1.355548 84
2393 0.296108 83
2394 0.315843 83
2395 1.151881 84
2396 0.275373 83
2397 0.268651 83
2398 1.587190 84
2399 0.514133 83
2400 1.090860 114
2401 0.435096 114
2402 0.448263 114
2403 0.408061 114
2404 0.371956 114
2405 0.375789 114
2406 0.352035 114
2407 0.457623 114
2408 0.354439 114
2409 0.372184 114
2410 1.619325 114
2411 1.661947 113
2412 1.195248 113
2413 0.732805 113
2414 1.120228 114
2415 1.294632 114
2416 0.760272 114
2417 0.420982 114
2418 0.770149 114
2419 0.548175 114
2420 1.212860 114
2421 1.369456 114
2422 0.895675 114
2423 0.853204 113
2424 0.955558 113
2425 0.957062 113
2426 0.797540 113
2427 0.839447 114
2428 0.910221 113
2429 1.149717 113
2430 0.946009 113
2431 1.688307 114
2432 1.125421 114
2433 1.101702 114
2434 1.405009 114
2435 1.694281 114
2436 1.459474 114
2437 2.078000 114
2438 0.611735 113
2439 0.925412 114
2440 0.885693 114
2441 17.950175 114
2442 17.566133 113
2443 16.983248 113
2444 1.176439 114
2445 0.245123 114
2446 0.300018 114
2447 5.948939 114
2448 0.325912 113
2449 0.336788 113
2450 4.261098 112
2451 2.615661 112
2452 2.412402 112
2453 1.727375 112
2454 0.386378 111
2455 3.417982 112
2456 2.358090 111
2457 1.391883 111
2458 0.901179 112
2459 0.575384 112
2460 0.860259 112
2461 2.891696 112
2462 1.499423 111
2463 1.316143 112
2464 1.678482 112
2465 0.495055 110
2466 2.264446 112
2467 2.079161 112
2468 1.617090 111
2469 1.489679 112
2470 1.773000 112
2471 1.221459 111
2472 1.721875 112
2473 1.582727 110
2474 2.042277 112
2475 1.822705 112
2476 1.103062 112
2477 16.451804 112
2478 3.971446 112
2479 1.157161 112
2480 4.633045 111
2481 1.162670 112
2482 1.295714 112
2483 0.480486 111
2484 1.344429 112
2485 0.294631 111
2486 1.230482 112
2487 1.351161 112
2488 1.384732 112
2489 0.579477 111
2490 1.555705 112
2491 0.634273 110
2492 1.211196 112
2493 1.797259 112
2494 0.702821 112
2495 1.060188 112
2496 0.788857 112
2497 2.771196 112
2498 1.261563 112
2499 0.848134 112
2500 1.466290 107
2501 1.104280 107
2502 19.094776 107
2503 2.051019 107
2504 1.366514 107
2505 2.254224 107
2506 1.589374 107
2507 2.971607 107
2508 2.460888 107
2509 20.000000 107
2510 1.620673 107
2511 1.556187 107
2512 1.482804 107
2513 2.909841 107
2514 1.567766 107
2515 1.273411 107
2516 0.449840 106
2517 1.167383 107
2518 1.861944 107
2519 1.279832 107
2520 1.205607 107
2521 1.445393 107
2522 1.388533 107
2523 1.083224 107
2524 1.289252 107
2525 1.307103 107
2526 0.885963 107
2527 1.447748 107
2528 10.740551 107
2529 1.246495 107
2530 1.042710 107
2531 1.649981 107
2532 2.846075 107
2533 3.621150 107
2534 1.914710 107
2535 0.960439 107
2536 0.950626 107
2537 0.862140 107
2538 1.125804 107
2539 1.247533 107
2540 0.821327 107
2541 1.081467 107
2542 1.024084 107
2543 0.991738 107
2544 0.997262 107
2545 0.827421 107
2546 0.807009 107
2547 0.733598 107
2548 1.459449 107
2549 0.748037 107
2550 1.311386 101
2551 1.228020 101
2552 2.762297 101
2553 1.443535 101
2554 14.010436 101
2555 2.193921 101
2556 1.284426 101
2557 1.242545 101
2558 2.549485 101
2559 1.368386 101
2560 2.315426 101
2561 1.924208 101
2562 1.677218 101
2563 12.072762 101
2564 5.075380 100
2565 4.914010 100
2566 5.820899 99
2567 4.556420 100
2568 3.348347 98
2569 3.739490 98
2570 3.112031 98
2571 2.262101 99
2572 2.469959 98
2573 2.275439 98
2574 2.021586 99
2575 2.268816 98
2576 2.440081 99
2577 2.251545 99
2578 2.258153 98
2579 2.632847 98
2580 2.427707 99
2581 1.605980 98
2582 1.852051 98
2583 1.838010 98
2584 1.934879 99
2585 1.540918 98
2586 1.171031 98
2587 1.400398 98
2588 1.483439 98
2589 1.612633 98
2590 1.307970 99
2591 1.545394 99
2592 1.270112 98
2593 1.232141 99
2594 1.207939 99
2595 2.004455 99
2596 1.684796 98
2597 1.089714 98
2598 1.389190 100
2599 1.725031 98
2600 8.807814 102
2601 7.879971 102
2602 4.087971 102
2603 4.105706 102
2604 4.310902 102
2605 3.602396 101
2606 3.867317 101
2607 3.130284 102
2608 2.969248 101
2609 3.026098 102
2610 3.472198 101
2611 2.835440 100
2612 2.906410 100
2613 3.183099 101
2614 2.509859 99
2615 2.237500 100
2616 2.094182 99
2617 1.764870 100
2618 1.804880 100
2619 1.666360 100
2620 1.934270 100
2621 2.016747 99
2622 1.686818 99
2623 2.029556 99
2624 1.593253 99
2625 1.482606 99
2626 1.496384 99
2627 1.156051 99
2628 1.188079 101
2629 1.228710 100
2630 1.723980 99
2631 1.836465 99
2632 1.172320 100
2633 2.016430 100
2634 2.228646 99
2635 1.590287 101
2636 1.854434 99
2637 1.532869 99
2638 1.654646 99
2639 1.126061 99
2640 1.365490 100
2641 1.477848 99
2642 1.676707 99
2643 1.534378 98
2644 1.235929 99
2645 1.307556 99
2646 1.111071 99
2647 1.648224 98
2648 1.642745 98
2649 1.352690 100
2650 8.833147 102
2651 7.520461 102
2652 3.655000 102
2653 4.618099 101
2654 3.817069 101
2655 3.834200 100
2656 3.922350 100
2657 4.042350 100
2658 3.959440 100
2659 3.348650 100
2660 3.296970 99
2661 2.680283 99
2662 3.103220 100
2663 1.495294 102
2664 0.339743 101
2665 1.603716 102
2666 1.429363 102
2667 17.186627 102
2668 18.000921 101
2669 18.483350 100
2670 18.102230 100
2671 17.500740 100
2672 16.102550 100
2673 14.888040 100
2674 13.162900 100
2675 9.099970 100
2676 7.416850 100
2677 6.051420 100
2678 3.437700 100
2679 2.416900 100
2680 2.521910 100
2681 2.211861 101
2682 2.702570 100
2683 1.987110 100
2684 1.801130 100
2685 2.181520 100
2686 1.832400 100
2687 2.242770 100
2688 2.176130 100
2689 2.565782 101
2690 1.978020 100
2691 1.816690 100
2692 1.800810 100
2693 1.624560 100
2694 1.696530 100
2695 0.945653 101
2696 1.081500 100
2697 1.097230 100
2698 1.537267 101
2699 1.486238 101
2700 14.820080 100
2701 16.610869 99
2702 19.225130 100
2703 19.799071 99
2704 19.602390 100
2705 19.810000 99
2706 19.622495 99
2707 19.400714 98
2708 18.568296 98
2709 17.576459 98
2710 9.455847 98
2711 0.903260 100
2712 0.802000 100
2713 0.812680 100
2714 1.858430 100
2715 0.886510 100
2716 4.602030 100
2717 0.776800 100
2718 1.953210 100
2719 0.814949 99
2720 0.887182 99
2721 2.147960 99
2722 0.844030 99
2723 0.562140 100
2724 0.780394 99
2725 0.692586 99
2726 0.614323 99
2727 0.725930 100
2728 0.714121 99
2729 0.896929 99
2730 2.650939 99
2731 0.730194 98
2732 0.897480 98
2733 2.938480 98
2734 0.550163 98
2735 0.667867 98
2736 0.773612 98
2737 0.485092 98
2738 0.819745 98
2739 0.564898 98
2740 0.435959 98
2741 0.598929 99
2742 0.556204 98
2743 1.044082 98
2744 0.596194 98
2745 0.792224 98
2746 0.816041 98
2747 0.735622 98
2748 1.621582 98
2749 0.495347 98
2750 2.652579 95
2751 1.037632 95
2752 0.996926 95
2753 1.236126 95
2754 1.673337 95
2755 0.395309 94
2756 1.578053 95
2757 1.703116 95
2758 1.846947 95
2759 2.064242 95
2760 1.455191 94
2761 1.524500 94
2762 1.743500 94
2763 1.377851 94
2764 1.691074 94
2765 1.923426 94
2766 1.801691 94
2767 2.252798 94
2768 1.793117 94
2769 1.607787 94
2770 1.637138 94
2771 1.843872 94
2772 1.807436 94
2773 1.221106 94
2774 1.845989 94
2775 1.499819 94
2776 1.609894 94
2777 1.720032 94
2778 1.299298 94
2779 1.660862 94
2780 1.207532 94
2781 1.485511 94
2782 1.730319 94
2783 1.125447 94
2784 1.465779 95
2785 1.772989 95
2786 1.476884 95
2787 1.471734 94
2788 1.122734 94
2789 1.447596 94
2790 0.748351 94
2791 0.756884 95
2792 0.536935 93
2793 0.736160 94
2794 0.629774 93
2795 0.610892 93
2796 0.606441 93
2797 0.769591 93
2798 0.574602 93
2799 0.511340 94
2800 1.372929 99
2801 0.641424 99
2802 0.719838 99
2803 0.733293 99
2804 0.624051 99
2805 0.724808 99
2806 0.656354 99
2807 0.729303 99
2808 0.714960 99
2809 0.712737 99
2810 0.724576 99
2811 0.761455 99
2812 0.767313 99
2813 0.710253 99
2814 0.681980 99
2815 1.491434 99
2816 0.340979 97
2817 0.369388 98
2818 0.343835 97
2819 16.358263 99
2820 18.974879 99
2821 19.879357 98
2822 19.783227 97
2823 19.681278 97
2824 19.361206 97
2825 19.374167 96
2826 18.753959 97
2827 18.044711 97
2828 15.057146 96
2829 8.317804 97
2830 4.377656 96
2831 2.349031 96
2832 1.826531 96
2833 2.057667 96
2834 1.503906 96
2835 2.490247 97
2836 2.853740 96
2837 2.310094 96
2838 2.934464 97
2839 0.868798 99
2840 0.440898 98
2841 0.456388 98
2842 1.266626 99
2843 0.246103 97
2844 0.232856 97
2845 0.245163 98
2846 1.229586 99
2847 0.308327 98
2848 0.354520 98
2849 0.278082 98
2850 1.240728 103
2851 0.433824 102
2852 0.373524 103
2853 0.366441 102
2854 1.142942 103
2855 0.585235 102
2856 0.415873 102
2857 2.267282 103
2858 1.347126 103
2859 1.335941 102
2860 1.346804 102
2861 2.230709 103
2862 0.397402 102
2863 1.844583 103
2864 0.388337 101
2865 0.591359 103
2866 1.055136 103
2867 3.148990 103
2868 0.835495 103
2869 1.325427 103
2870 0.376598 102
2871 0.629441 102
2872 0.386863 102
2873 7.841078 103
2874 7.072931 102
2875 4.973990 102
2876 4.472775 102
2877 3.952824 102
2878 4.338412 102
2879 5.225520 102
2880 5.240563 103
2881 5.775402 102
2882 5.637176 102
2883 6.180245 102
2884 4.654843 102
2885 4.995471 102
2886 4.723363 102
2887 3.074539 102
2888 3.051814 102
2889 2.476641 103
2890 1.851706 102
2891 1.284451 102
2892 2.055757 103
2893 2.273631 103
2894 0.477010 101
2895 0.348515 101
2896 1.652272 103
2897 3.690653 101
2898 0.601911 101
2899 0.673871 101
2900 1.316476 84
2901 0.438819 83
2902 0.443663 83
2903 0.373181 83
2904 1.637988 84
2905 0.480940 83
2906 0.448488 82
2907 0.372463 82
2908 1.523202 84
2909 0.449783 83
2910 0.424614 83
2911 1.848548 84
2912 0.741841 82
2913 0.616048 83
2914 0.641293 82
2915 0.622561 82
2916 1.758071 84
2917 0.418289 83
2918 0.325494 83
2919 0.353619 84
2920 2.035429 84
2921 0.376446 83
2922 0.403639 83
2923 1.494536 84
2924 0.477940 83
2925 0.336393 84
2926 0.435277 83
2927 1.523857 84
2928 0.414952 83
2929 0.397929 84
2930 0.355422 83
2931 2.094905 84
2932 0.510893 84
2933 0.435244 82
2934 0.369217 83
2935 2.098738 84
2936 0.894590 83
2937 0.786964 83
2938 1.435560 84
2939 0.443880 83
2940 0.544084 83
2941 0.667783 83
2942 0.685301 83
2943 0.504566 83
2944 1.928250 84
2945 0.826341 82
2946 0.602819 83
2947 0.917687 83
2948 1.838714 84
2949 1.038434 83
2950 1.374073 96
2951 0.819453 95
2952 0.599074 95
2953 1.228510 96
2954 0.507221 95
2955 1.506396 96
2956 0.385432 95
2957 1.502438 96
2958 1.374844 96
2959 0.464811 95
2960 0.414737 95
2961 0.502579 95
2962 1.663760 96
2963 0.600298 94
2964 0.617383 94
2965 1.559708 96
2966 0.759531 96
2967 0.622674 95
2968 0.668802 96
2969 4.121646 96
2970 2.689179 95
2971 1.915083 96
2972 2.363281 96
2973 0.561223 94
2974 0.399053 95
2975 1.250813 96
2976 0.511284 95
2977 0.428253 95
2978 1.529073 96
2979 0.530198 96
2980 0.777337 95
2981 1.999323 96
2982 0.518800 95
2983 1.377146 96
2984 0.552421 95
2985 1.429781 96
2986 0.612875 96
2987 0.553926 95
2988 1.765115 96
2989 0.543053 94
2990 1.286604 96
2991 1.411094 96
2992 0.436632 95
2993 1.251781 96
2994 0.360031 96
2995 1.673323 96
2996 0.392526 95
2997 1.024510 96
2998 0.328074 95
2999 20.000000 95
3000 20.000000 101
3001 20.000000 100
3002 20.000000 100
3003 19.604050 101
3004 19.603980 101
3005 19.797990 99
3006 20.000000 98
3007 19.793856 97
3008 1.852406 101
3009 1.356760 100
3010 0.639400 100
3011 0.950510 100
3012 0.565290 100
3013 1.158010 100
3014 0.396920 100
3015 0.575940 100
3016 0.775840 100
3017 1.074500 100
3018 0.371610 100
3019 0.550762 101
3020 0.419800 100
3021 0.680911 101
3022 1.104644 101
3023 0.337640 100
3024 0.331010 100
3025 1.060980 101
3026 0.277505 101
3027 1.052624 101
3028 0.591820 100
3029 0.527660 100
3030 1.061752 101
3031 0.474870 100
3032 1.045436 101
3033 0.256630 100
3034 0.958347 101
3035 0.270610 100
3036 2.737089 101
3037 2.225900 100
3038 2.170410 100
3039 1.046366 101
3040 0.327000 100
3041 0.611396 101
3042 0.218436 101
3043 1.662287 101
3044 0.336980 100
3045 1.080644 101
3046 0.211420 100
3047 0.225530 100
3048 0.923535 101
3049 0.211440 100
3050 0.967846 91
3051 0.330611 90
3052 1.310286 91
3053 0.311989 90
3054 0.335733 90
3055 0.963198 91
3056 0.245451 91
3057 1.443220 91
3058 0.798711 90
3059 0.682844 90
3060 1.862286 91
3061 0.695700 90
3062 1.049989 91
3063 0.951044 91
3064 0.998527 91
3065 0.864000 91
3066 0.999484 91
3067 0.982165 91
3068 0.216791 91
3069 2.524571 91
3070 1.460681 91
3071 1.027156 90
3072 0.878473 91
3073 0.838578 90
3074 0.745000 91
3075 0.633689 90
3076 0.686956 90
3077 0.798122 90
3078 1.100667 90
3079 0.991467 90
3080 0.856233 90
3081 1.159244 90
3082 0.857078 90
3083 0.617711 90
3084 0.850000 90
3085 0.912967 90
3086 1.056560 91
3087 0.247944 90
3088 0.340056 90
3089 0.391544 90
3090 0.480633 90
3091 0.292767 90
3092 0.391133 90
3093 0.212611 90
3094 0.208582 91
3095 0.205178 90
3096 0.245000 90
3097 1.310209 91
3098 0.366956 91
3099 0.383725 91
3100 2.913443 97
3101 0.644918 97
3102 0.511583 96
3103 0.524229 96
3104 0.591313 96
3105 0.547526 97
3106 0.532031 96
3107 0.631031 96
3108 0.506021 96
3109 1.454588 97
3110 1.693619 97
3111 0.336948 96
3112 1.206124 97
3113 5.833979 97
3114 0.402771 96
3115 0.828773 97
3116 0.430802 96
3117 0.369845 97
3118 0.403583 96
3119 0.869588 97
3120 0.527515 97
3121 1.513113 97
3122 0.335062 97
3123 0.330701 97
3124 1.324309 97
3125 1.291979 97
3126 0.423907 97
3127 0.587979 97
3128 0.622299 97
3129 0.485052 97
3130 0.368206 97
3131 0.374938 97
3132 1.458701 97
3133 1.601392 97
3134 0.779216 97
3135 1.059928 97
3136 1.126773 97
3137 0.997320 97
3138 0.906918 97
3139 1.271567 97
3140 0.305577 97
3141 0.443485 97
3142 0.310959 97
3143 0.512866 97
3144 0.413041 97
3145 0.331907 97
3146 0.309062 97
3147 0.742948 97
3148 0.701402 97
3149 0.608103 97
3150 1.127699 103
3151 1.293806 103
3152 0.712019 103
3153 1.658379 103
3154 0.555233 103
3155 0.530476 103
3156 0.373524 103
3157 1.050602 103
3158 0.436272 103
3159 0.394456 103
3160 0.366437 103
3161 0.381252 103
3162 0.364000 103
3163 7.381621 103
3164 0.367951 103
3165 1.102107 103
3166 0.974709 103
3167 1.183369 103
3168 1.239874 103
3169 0.582913 103
3170 0.624068 103
3171 0.541233 103
3172 0.353359 103
3173 0.332777 103
3174 0.459340 103
3175 0.355214 103
3176 0.359893 103
3177 0.380078 103
3178 1.429466 103
3179 1.246097 103
3180 0.702058 103
3181 0.771069 102
3182 0.800059 102
3183 0.629864 103
3184 0.781637 102
3185 1.119184 103
3186 19.999951 103
3187 19.999680 103
3188 19.999806 103
3189 19.805612 103
3190 19.999922 102
3191 19.999765 102
3192 0.959495 103
3193 0.796495 103
3194 1.056243 103
3195 0.486049 103
3196 0.696359 103
3197 0.287738 103
3198 0.278621 103
3199 0.235039 103
3200 1.271759 108
3201 1.432722 108
3202 0.473664 107
3203 0.511916 107
3204 0.511327 107
3205 0.581551 107
3206 1.534519 108
3207 0.664495 107
3208 1.359000 108
3209 0.560243 107
3210 1.293222 108
3211 4.764741 108
3212 1.277361 108
3213 1.294861 108
3214 0.605255 106
3215 1.135463 108
3216 0.679333 108
3217 0.315636 107
3218 0.274411 107
3219 0.255701 107
3220 0.248860 107
3221 0.229393 107
3222 1.206741 108
3223 0.487421 107
3224 0.503963 107
3225 0.508159 107
3226 1.572111 108
3227 0.939402 107
3228 1.108523 107
3229 0.563785 107
3230 0.809832 107
3231 1.339852 108
3232 1.475148 108
3233 0.483142 106
3234 2.779085 106
3235 1.117472 108
3236 0.870271 107
3237 1.439324 108
3238 0.382140 107
3239 0.355103 107
3240 7.951713 108
3241 5.052594 106
3242 1.401858 106
3243 1.006140 107
3244 2.217528 108
3245 11.562611 108
3246 10.195402 107
3247 5.868579 107
3248 2.139458 107
3249 6.276731 108
3250 1.554178 107
3251 0.765533 105
3252 0.592867 105
3253 0.504364 107
3254 1.309579 107
3255 1.207065 107
3256 1.498916 107
3257 1.730594 106
3258 1.316255 106
3259 1.439151 106
3260 1.417651 106
3261 6.609491 106
3262 1.685349 106
3263 2.702972 107
3264 1.798897 107
3265 1.436477 107
3266 1.341252 107
3267 0.339764 106
3268 0.456274 106
3269 0.396038 106
3270 0.418302 106
3271 0.349321 106
3272 2.535991 107
3273 1.884421 107
3274 0.714443 106
3275 2.639084 107
3276 0.620210 105
3277 0.392933 105
3278 1.279224 107
3279 0.389330 106
3280 1.627897 107
3281 1.262112 107
3282 1.228896 106
3283 0.686604 106
3284 0.638557 106
3285 1.581103 107
3286 0.349396 106
3287 0.334726 106
3288 0.454858 106
3289 1.392000 107
3290 1.880327 107
3291 0.324238 105
3292 0.490311 106
3293 0.426448 105
3294 0.347963 107
3295 2.788505 107
3296 1.518393 107
3297 1.201850 107
3298 1.643654 107
3299 0.732106 104
3300 1.351282 117
3301 1.758838 117
3302 4.778154 117
3303 3.399904 115
3304 3.317383 115
3305 3.221130 115
3306 6.017530 117
3307 7.827774 115
3308 6.966661 115
3309 4.847461 115
3310 3.523539 115
3311 1.370838 117
3312 0.534678 115
3313 0.436448 116
3314 1.364855 117
3315 0.407718 117
3316 1.748496 117
3317 2.597664 116
3318 3.694325 117
3319 2.288405 116
3320 2.459843 115
3321 2.140991 115
3322 1.250513 117
3323 0.998422 116
3324 1.289274 117
3325 0.394095 116
3326 1.047103 117
3327 1.216111 117
3328 1.123932 117
3329 4.348701 117
3330 0.594103 116
3331 2.111043 117
3332 1.094214 117
3333 1.591308 117
3334 0.437009 115
3335 3.968470 117
3336 1.032179 117
3337 0.281276 116
3338 0.871333 117
3339 0.625828 116
3340 0.975188 117
3341 12.038675 117
3342 6.871112 116
3343 0.910872 117
3344 1.016564 117
3345 1.173256 117
3346 0.418276 116
3347 0.376466 116
3348 0.792419 117
3349 0.873068 117
3350 1.673732 82
3351 2.114012 82
3352 3.285500 82
3353 1.289439 82
3354 1.608159 82
3355 0.404887 80
3356 1.326707 82
3357 0.407768 82
3358 0.452366 82
3359 1.571049 82
3360 1.578659 82
3361 0.360049 82
3362 2.050122 82
3363 1.486402 82
3364 0.314432 81
3365 0.386110 82
3366 0.276679 81
3367 1.524671 82
3368 0.373222 81
3369 2.603638 80
3370 1.198890 82
3371 1.611476 82
3372 0.591013 80
3373 0.359412 80
3374 1.335354 82
3375 0.587744 82
3376 1.649793 82
3377 1.202402 82
3378 1.597159 82
3379 0.349346 81
3380 0.381716 81
3381 1.423207 82
3382 0.415444 81
3383 0.311111 81
3384 1.424549 82
3385 0.329395 81
3386 0.386610 82
3387 1.726354 82
3388 0.677350 80
3389 1.155585 82
3390 1.666159 82
3391 2.729768 82
3392 1.682309 81
3393 2.032738 80
3394 1.453915 82
3395 2.793890 82
3396 1.374100 80
3397 1.420889 81
3398 19.999988 82
3399 0.864195 82
3400 1.409753 93
3401 1.223441 93
3402 1.359548 93
3403 0.553902 92
3404 1.656548 93
3405 0.542554 92
3406 0.601543 92
3407 1.425376 93
3408 0.842409 93
3409 1.574871 93
3410 0.612011 93
3411 0.558130 92
3412 1.177763 93
3413 1.382817 93
3414 0.546075 93
3415 0.833817 93
3416 1.366409 93
3417 1.108183 93
3418 0.534925 93
3419 0.520742 93
3420 1.773957 93
3421 0.720923 91
3422 0.755130 92
3423 2.832204 93
3424 1.897806 93
3425 1.857554 92
3426 5.061806 93
3427 4.192620 92
3428 1.497172 93
3429 1.674602 93
3430 1.562796 93
3431 0.522527 91
3432 0.530560 91
3433 1.618172 93
3434 0.588315 92
3435 0.490641 92
3436 1.632720 93
3437 0.468396 91
3438 0.513989 91
3439 1.254323 93
3440 0.517380 92
3441 1.446656 93
3442 0.499099 91
3443 0.436670 91
3444 3.251247 93
3445 0.538626 91
3446 1.292699 93
3447 1.970582 91
3448 3.074817 93
3449 0.417791 91
3450 3.640239 113
3451 2.069319 113
3452 2.667186 113
3453 1.573759 112
3454 1.729080 112
3455 1.494549 113
3456 0.405098 112
3457 0.405115 113
3458 2.311699 113
3459 1.498726 113
3460 0.613248 113
3461 2.103212 113
3462 1.984133 113
3463 1.325179 112
3464 2.265805 113
3465 1.119384 112
3466 1.304088 113
3467 0.684793 111
3468 0.951604 111
3469 1.856823 113
3470 0.668478 113
3471 1.340124 113
3472 1.056850 113
3473 0.705841 113
3474 1.626920 113
3475 1.494513 113
3476 0.640214 112
3477 0.537911 112
3478 6.286947 113
3479 5.390036 111
3480 1.273133 113
3481 1.935699 113
3482 0.973414 111
3483 1.440062 113
3484 0.482214 112
3485 0.618000 112
3486 2.581088 113
3487 1.824655 113
3488 1.305062 112
3489 1.231455 112
3490 1.748929 113
3491 0.947446 112
3492 1.697796 113
3493 0.766135 111
3494 0.476405 111
3495 1.168938 113
3496 0.480223 112
3497 0.438670 112
3498 1.347637 113
3499 0.452752 113
3500 1.509606 94
3501 1.568447 94
3502 0.633194 93
3503 0.670473 93
3504 1.789128 94
3505 0.530204 93
3506 0.692402 92
3507 1.903798 94
3508 0.813505 93
3509 1.034402 92
3510 1.571979 94
3511 0.623468 94
3512 0.612904 94
3513 4.216415 94
3514 3.475559 93
3515 3.624882 93
3516 1.257638 94
3517 1.499830 94
3518 0.549564 94
3519 0.588394 94
3520 7.277426 94
3521 1.537553 94
3522 0.564245 94
3523 0.550213 94
3524 1.621085 94
3525 0.700473 93
3526 0.562699 93
3527 1.569489 94
3528 1.848457 94
3529 1.067720 93
3530 1.034366 93
3531 1.397553 94
3532 0.624957 93
3533 0.606161 93
3534 5.138574 94
3535 1.618096 94
3536 0.534266 94
3537 0.560298 94
3538 1.260511 94
3539 1.358723 94
3540 1.443660 94
3541 1.288457 94
3542 1.428574 94
3543 1.192585 94
3544 1.161106 94
3545 1.698521 94
3546 0.514699 93
3547 0.791372 94
3548 0.888904 94
3549 1.190468 94
3550 1.386413 104
3551 1.477798 104
3552 2.223413 104
3553 1.498346 104
3554 0.391291 103
3555 1.594635 104
3556 1.827885 104
3557 2.485106 104
3558 1.801010 104
3559 2.050904 104
3560 1.876673 104
3561 3.597252 103
3562 1.855250 104
3563 0.583627 102
3564 1.840413 104
3565 1.899663 104
3566 4.045827 104
3567 1.200788 104
3568 1.319019 104
3569 2.683231 104
3570 1.842558 104
3571 0.869735 102
3572 2.188942 104
3573 2.565529 104
3574 2.230548 104
3575 0.520314 102
3576 1.450625 104
3577 1.459913 104
3578 2.867962 104
3579 14.223096 104
3580 1.707125 104
3581 1.175154 104
3582 1.827596 104
3583 1.815875 104
3584 0.949721 104
3585 1.942471 104
3586 2.136175 103
3587 1.362308 104
3588 0.404854 103
3589 1.062327 104
3590 0.358981 103
3591 2.260212 104
3592 1.265654 104
3593 0.938845 103
3594 1.327221 104
3595 0.781837 104
3596 1.101385 104
3597 1.200981 104
3598 1.075067 104
3599 0.251272 103
3600 4.077022 93
3601 1.581239 92
3602 1.116151 93
3603 1.336849 93
3604 12.778183 93
3605 2.034000 93
3606 2.118075 93
3607 1.650688 93
3608 0.651269 93
3609 2.022806 93
3610 1.228978 93
3611 1.718989 93
3612 1.666441 93
3613 1.771452 93
3614 1.385720 93
3615 0.280717 92
3616 1.297774 93
3617 0.685280 93
3618 1.987946 93
3619 1.716882 93
3620 0.558269 93
3621 1.397183 93
3622 0.478624 93
3623 1.543204 93
3624 0.342348 92
3625 1.517312 93
3626 1.600022 93
3627 1.408591 93
3628 2.230581 93
3629 2.061817 93
3630 2.646140 93
3631 1.130129 93
3632 1.892129 93
3633 2.044333 93
3634 1.175935 93
3635 0.455688 93
3636 1.544065 93
3637 1.731968 93
3638 2.241495 93
3639 0.875473 93
3640 0.707710 93
3641 0.779183 93
3642 0.861882 93
3643 0.619860 93
3644 1.612290 93
3645 0.692043 93
3646 1.347462 93
3647 1.313323 93
3648 18.600656 93
3649 0.661269 93
3650 1.151804 112
3651 2.894607 112
3652 1.549171 111
3653 1.782170 112
3654 2.044705 112
3655 1.915062 112
3656 1.383304 112
3657 20.000000 112
3658 3.166607 112
3659 3.815875 112
3660 1.752812 112
3661 1.955464 112
3662 2.506625 112
3663 1.169643 112
3664 19.580955 112
3665 1.276679 112
3666 2.963152 112
3667 1.214348 112
3668 2.173098 112
3669 0.794705 112
3670 2.941607 112
3671 0.964161 112
3672 1.283634 112
3673 1.019839 112
3674 1.093991 112
3675 1.013848 112
3676 1.855509 112
3677 1.846134 112
3678 0.850027 112
3679 1.608491 112
3680 1.112054 112
3681 0.869446 112
3682 1.183670 112
3683 0.634937 112
3684 0.788455 112
3685 1.403375 112
3686 1.530804 112
3687 1.264062 112
3688 0.783571 112
3689 1.442509 112
3690 2.652562 112
3691 2.744134 112
3692 0.968357 112
3693 0.427411 112
3694 0.490188 112
3695 0.579045 112
3696 1.134045 112
3697 0.805920 112
3698 1.757170 112
3699 1.054687 112
3700 1.849230 100
3701 1.467192 99
3702 1.655111 99
3703 1.606505 99
3704 1.768545 99
3705 1.344758 99
3706 1.864444 99
3707 2.081354 99
3708 2.087515 99
3709 1.517566 99
3710 1.445424 99
3711 3.521717 99
3712 1.658960 99
3713 1.988273 99
3714 1.340364 99
3715 2.343727 99
3716 1.700192 99
3717 2.072071 99
3718 2.171697 99
3719 1.559202 99
3720 18.568667 99
3721 1.643414 99
3722 2.064909 99
3723 1.807293 99
3724 1.663727 99
3725 1.385091 99
3726 1.132273 99
3727 1.152101 99
3728 2.623293 99
3729 1.497566 99
3730 1.534646 99
3731 1.571444 99
3732 2.884848 99
3733 0.955051 99
3734 1.479111 99
3735 1.643354 99
3736 1.528384 99
3737 1.470343 99
3738 2.199798 99
3739 1.321091 99
3740 0.959606 99
3741 1.150232 99
3742 1.073869 99
3743 0.824030 99
3744 1.717111 99
3745 1.292303 99
3746 1.487646 99
3747 1.053576 99
3748 1.078051 99
3749 1.183505 99
3750 1.629618 110
3751 1.675700 110
3752 2.290409 110
3753 2.492600 110
3754 1.154818 110
3755 1.495973 110
3756 1.707273 110
3757 1.395018 110
3758 1.387109 110
3759 1.570055 110
3760 1.399655 110
3761 1.299455 110
3762 19.330827 110
3763 1.752545 110
3764 1.392109 110
3765 1.376636 110
3766 4.317736 110
3767 19.238527 110
3768 3.553745 110
3769 1.722073 110
3770 1.813773 110
3771 1.604600 110
3772 1.555936 110
3773 1.137564 110
3774 1.172555 110
3775 1.329100 110
3776 12.257845 110
3777 1.053709 110
3778 4.414400 110
3779 4.844200 110
3780 0.871355 110
3781 2.251800 110
3782 14.154455 110
3783 2.042127 110
3784 1.273182 110
3785 0.909627 110
3786 20.000000 110
3787 0.995700 110
3788 1.090736 110
3789 0.849191 110
3790 0.769555 110
3791 0.881336 110
3792 0.770182 110
3793 0.983518 110
3794 1.370100 110
3795 1.182073 110
3796 1.118709 110
3797 1.268055 110
3798 0.534336 110
3799 0.537427 110
3800 1.190346 107
3801 1.464850 107
3802 12.847103 107
3803 1.587963 107
3804 10.622393 107
3805 1.720664 107
3806 2.003579 107
3807 1.667374 107
3808 1.629196 107
3809 3.698327 107
3810 2.054383 107
3811 1.680112 107
3812 1.753336 107
3813 1.612495 107
3814 1.316262 107
3815 1.795533 107
3816 1.455897 107
3817 1.491458 107
3818 1.609860 107
3819 1.896636 107
3820 1.646196 107
3821 16.533579 107
3822 1.287037 107
3823 1.680140 107
3824 1.949234 107
3825 2.611953 107
3826 2.165000 107
3827 1.155486 107
3828 1.868514 107
3829 1.540196 107
3830 1.190972 107
3831 1.335551 107
3832 1.400935 107
3833 1.355561 107
3834 1.243271 107
3835 1.713206 107
3836 1.427178 107
3837 2.782458 107
3838 3.004748 107
3839 1.461991 107
3840 1.265841 107
3841 0.941280 107
3842 1.195748 107
3843 0.851037 107
3844 1.136093 107
3845 0.907664 107
3846 0.785224 107
3847 0.911542 107
3848 0.999402 107
3849 1.104000 107
3850 1.275724 105
3851 3.750952 105
3852 1.699562 105
3853 2.023105 105
3854 1.779676 105
3855 1.818267 105
3856 1.676638 105
3857 1.543276 105
3858 3.705362 105
3859 2.057200 105
3860 2.243019 105
3861 1.712171 105
3862 1.673171 105
3863 2.522648 105
3864 1.583419 105
3865 3.672895 105
3866 1.810524 105
3867 1.410810 105
3868 1.596857 105
3869 2.271543 105
3870 2.115248 105
3871 1.423448 105
3872 2.469467 105
3873 3.219886 105
3874 1.693419 105
3875 1.641019 105
3876 1.686695 105
3877 1.681924 105
3878 1.361238 105
3879 1.579276 105
3880 1.502829 105
3881 1.880762 105
3882 1.559533 105
3883 1.561914 105
3884 1.271038 105
3885 1.756629 105
3886 2.639229 105
3887 1.288762 105
3888 2.537943 105
3889 1.864152 105
3890 1.637114 105
3891 1.139848 105
3892 1.490505 105
3893 1.297619 105
3894 1.734905 105
3895 1.597924 105
3896 0.472385 104
3897 1.129848 105
3898 1.051771 105
3899 0.830838 105
3900 6.729739 111
3901 2.522288 111
3902 1.198000 111
3903 1.654144 111
3904 1.446450 111
3905 1.432342 111
3906 6.417586 111
3907 1.426180 111
3908 1.560144 111
3909 2.351973 111
3910 1.065559 111
3911 2.551595 111
3912 1.414477 111
3913 1.835189 111
3914 1.495234 111
3915 1.342468 111
3916 1.476180 111
3917 0.981640 111
3918 1.085658 111
3919 1.954099 111
3920 1.488820 111
3921 1.757378 111
3922 1.434703 111
3923 1.236829 111
3924 0.879477 111
3925 3.195874 111
3926 2.199946 111
3927 2.194973 111
3928 1.399838 111
3929 2.705838 111
3930 1.425649 111
3931 1.190910 111
3932 1.463928 111
3933 0.869144 111
3934 0.984613 111
3935 1.154811 111
3936 0.881712 111
3937 0.994946 111
3938 1.086856 111
3939 1.507360 111
3940 16.236423 111
3941 0.994099 111
3942 0.912072 111
3943 0.951910 111
3944 0.990189 111
3945 2.376577 111
3946 0.660766 111
3947 0.617261 111
3948 0.739234 111
3949 1.345054 111
3950 1.441059 119
3951 1.559555 119
3952 1.627202 119
3953 3.787798 119
3954 1.393899 119
3955 4.825933 119
3956 2.899168 119
3957 1.355958 119
3958 1.614992 119
3959 2.198303 119
3960 2.836706 119
3961 1.291126 119
3962 1.664126 119
3963 1.800143 119
3964 1.218857 119
3965 2.769218 119
3966 1.357202 119
3967 1.622756 119
3968 1.651000 119
3969 1.830513 119
3970 1.911395 119
3971 1.681218 119
3972 1.771597 119
3973 1.543168 119
3974 1.353882 119
3975 4.516697 119
3976 1.269714 119
3977 1.624874 119
3978 1.306076 119
3979 1.626050 119
3980 19.999899 119
3981 1.356286 119
3982 1.153697 119
3983 1.193555 119
3984 1.706933 119
3985 2.735815 119
3986 11.443420 119
3987 1.315639 119
3988 5.787017 119
3989 3.076269 119
3990 1.457277 119
3991 2.143244 119
3992 2.478815 119
3993 1.831647 119
3994 1.357933 119
3995 1.648286 119
3996 1.909479 119
3997 1.020244 119
3998 1.162882 119
3999 1.892454 119
4000 4.306643 112
4001 1.605687 112
4002 1.929777 112
4003 1.249509 112
4004 15.968089 112
4005 1.260821 112
4006 2.472438 112
4007 2.082018 112
4008 1.949357 112
4009 0.726527 112
4010 1.912179 112
4011 1.801250 112
4012 1.376696 112
4013 1.943696 112
4014 1.400920 112
4015 4.538099 111
4016 2.010375 112
4017 2.412955 112
4018 1.598500 112
4019 2.135464 112
4020 1.278312 112
4021 1.851786 112
4022 0.934607 112
4023 0.922875 112
4024 1.227420 112
4025 1.409446 112
4026 1.325768 112
4027 3.582125 112
4028 1.132545 112
4029 1.041964 112
4030 1.622009 112
4031 5.609554 112
4032 2.379634 112
4033 1.399473 112
4034 1.369438 112
4035 6.597991 112
4036 0.698571 112
4037 0.968089 112
4038 0.682384 112
4039 0.665589 112
4040 20.000000 112
4041 0.614554 112
4042 0.715571 112
4043 0.558911 112
4044 1.113054 112
4045 1.601304 112
4046 1.196214 112
4047 0.726045 112
4048 0.896580 112
4049 0.702902 112
4050 1.394683 120
4051 0.860150 120
4052 2.865625 120
4053 1.991550 120
4054 1.328042 120
4055 1.371433 120
4056 1.228792 120
4057 2.401817 120
4058 18.404308 120
4059 1.670550 120
4060 4.328283 120
4061 1.430500 120
4062 0.731183 120
4063 1.430083 120
4064 3.786608 120
4065 1.425108 120
4066 2.051175 120
4067 3.180883 120
4068 1.121625 120
4069 2.829442 120
4070 1.578575 120
4071 0.631429 119
4072 1.442167 120
4073 1.360800 120
4074 7.552042 120
4075 0.998792 120
4076 0.319655 119
4077 1.095883 120
4078 1.910617 120
4079 1.149525 120
4080 1.178625 120
4081 1.384625 120
4082 1.018333 120
4083 0.951000 120
4084 0.992833 120
4085 1.231300 120
4086 2.309467 120
4087 1.584825 120
4088 1.246592 120
4089 0.662267 120
4090 0.731692 120
4091 1.422442 120
4092 1.245142 120
4093 12.504842 120
4094 1.130500 120
4095 0.669108 120
4096 0.693150 120
4097 1.330133 120
4098 0.837517 120
4099 0.684967 120
4100 1.276070 114
4101 6.613684 114
4102 6.749527 112
4103 1.394719 114
4104 1.120772 114
4105 0.700526 114
4106 3.551991 114
4107 20.000000 114
4108 1.498807 114
4109 1.420561 114
4110 1.835781 114
4111 2.372965 114
4112 3.373070 114
4113 2.073228 114
4114 1.536544 114
4115 1.697272 114
4116 0.474540 113
4117 1.992781 114
4118 1.076386 114
4119 1.578404 114
4120 0.967781 114
4121 19.999816 114
4122 1.228702 114
4123 1.417447 114
4124 7.640202 114
4125 2.599451 113
4126 1.315193 114
4127 0.994789 114
4128 1.130509 114
4129 0.849895 114
4130 1.177658 114
4131 0.439071 113
4132 1.393798 114
4133 1.253772 114
4134 1.110368 114
4135 1.020044 114
4136 0.877711 114
4137 1.440632 114
4138 1.099640 114
4139 1.149579 114
4140 0.843158 114
4141 0.265868 114
4142 0.289690 113
4143 0.958482 114
4144 1.194237 114
4145 1.097886 114
4146 1.105526 114
4147 1.086693 114
4148 0.802149 114
4149 0.387096 114
4150 2.397607 112
4151 2.161473 112
4152 1.595911 112
4153 1.306223 112
4154 0.969464 112
4155 1.223125 112
4156 6.014652 112
4157 1.163509 112
4158 1.274321 112
4159 0.416468 111
4160 1.501027 112
4161 3.684973 112
4162 0.676171 111
4163 1.850313 112
4164 1.292491 112
4165 1.158054 112
4166 2.323196 112
4167 2.410277 112
4168 1.685973 112
4169 1.761393 112
4170 1.420196 112
4171 1.605616 112
4172 1.087036 112
4173 0.319795 112
4174 1.373929 112
4175 1.275795 112
4176 1.139250 112
4177 1.535562 112
4178 0.641255 110
4179 1.530500 112
4180 1.645098 112
4181 1.699741 112
4182 0.513500 110
4183 2.753563 112
4184 0.582784 111
4185 1.517179 112
4186 1.228196 112
4187 1.319000 112
4188 0.365541 111
4189 1.700429 112
4190 1.275455 112
4191 0.291609 110
4192 1.216295 112
4193 1.048107 112
4194 1.153964 112
4195 0.347595 111
4196 1.961402 112
4197 1.287866 112
4198 1.137696 112
4199 1.110134 112
4200 1.412457 116
4201 1.252517 116
4202 1.406793 116
4203 1.043974 116
4204 2.175595 116
4205 1.378448 116
4206 1.191870 115
4207 1.196474 116
4208 0.995897 116
4209 3.032250 116
4210 1.474259 116
4211 0.398078 115
4212 1.393560 116
4213 1.584543 116
4214 0.393643 115
4215 1.706940 116
4216 0.737487 115
4217 2.001698 116
4218 1.000374 115
4219 2.187578 116
4220 1.978009 116
4221 1.107966 116
4222 2.980690 116
4223 1.563819 116
4224 0.747397 116
4225 1.484095 116
4226 1.507552 116
4227 1.447233 116
4228 1.392198 116
4229 1.478293 116
4230 1.233216 116
4231 1.218871 116
4232 1.240957 116
4233 1.166931 116
4234 1.910276 116
4235 1.649224 116
4236 1.579836 116
4237 1.727328 116
4238 0.666672 116
4239 1.431121 116
4240 0.500351 114
4241 0.416947 114
4242 1.114060 116
4243 0.349609 115
4244 0.317174 115
4245 0.405661 115
4246 1.002759 116
4247 1.648319 116
4248 1.348871 116
4249 17.005017 116
4250 16.864574 101
4251 18.773485 101
4252 17.601440 100
4253 15.667139 101
4254 16.458574 101
4255 17.830624 101
4256 15.191510 100
4257 12.253870 100
4258 17.637327 101
4259 17.241188 101
4260 16.481396 101
4261 16.062822 101
4262 16.452490 100
4263 17.601446 101
4264 16.431851 101
4265 15.987130 100
4266 12.614170 100
4267 17.167069 101
4268 13.941416 101
4269 9.847208 101
4270 5.830030 101
4271 3.027574 101
4272 1.709941 101
4273 0.757495 101
4274 18.688198 101
4275 19.801842 101
4276 19.604180 100
4277 19.999820 100
4278 8.463921 101
4279 1.495911 101
4280 0.414060 100
4281 0.628703 101
4282 2.485099 101
4283 1.209600 100
4284 1.026390 100
4285 1.299630 100
4286 0.841366 101
4287 3.570614 101
4288 0.980267 101
4289 1.655228 101
4290 0.947604 101
4291 0.367030 99
4292 0.368798 99
4293 0.351838 99
4294 0.371780 100
4295 0.347152 99
4296 0.372190 100
4297 0.356717 99
4298 1.239901 101
4299 0.566000 101
4300 1.490000 105
4301 0.655600 105
4302 0.735923 104
4303 0.646577 104
4304 0.545846 104
4305 0.663800 105
4306 1.646686 105
4307 1.873933 105
4308 0.546346 104
4309 0.591115 104
4310 1.369914 105
4311 1.624410 105
4312 0.499500 104
4313 0.433587 104
4314 0.499394 104
4315 0.402269 104
4316 0.395686 105
4317 1.799114 105
4318 3.984438 105
4319 1.167724 105
4320 1.746419 105
4321 1.032308 104
4322 1.101105 105
4323 1.189721 104
4324 1.221654 104
4325 1.625000 105
4326 2.334076 105
4327 0.805010 104
4328 0.726740 104
4329 1.561790 105
4330 1.558095 105
4331 0.813629 105
4332 1.901267 105
4333 1.257857 105
4334 1.852181 105
4335 1.604771 105
4336 1.819810 105
4337 2.217429 105
4338 1.175695 105
4339 0.378067 104
4340 1.138933 105
4341 1.109257 105
4342 1.136924 105
4343 1.428962 105
4344 19.999819 105
4345 19.999705 105
4346 19.999724 105
4347 19.999771 105
4348 19.999771 105
4349 19.999676 105
4350 19.999865 104
4351 1.598375 104
4352 1.589567 104
4353 1.312106 104
4354 12.585990 104
4355 14.207202 104
4356 1.528058 104
4357 1.237837 104
4358 16.367808 104
4359 17.329846 104
4360 9.697558 104
4361 6.945631 103
4362 4.890706 102
4363 4.354392 102
4364 3.924663 101
4365 2.350833 102
4366 2.365059 101
4367 2.548422 102
4368 1.654420 100
4369 1.978559 102
4370 1.837461 102
4371 1.436950 101
4372 1.807200 100
4373 1.348871 101
4374 1.557297 101
4375 1.291792 101
4376 1.603080 100
4377 1.095614 101
4378 1.109343 102
4379 0.932673 104
4380 0.320692 104
4381 0.350068 103
4382 0.460000 104
4383 0.257243 103
4384 0.339587 104
4385 0.299981 103
4386 0.385825 103
4387 0.319107 103
4388 9.095962 104
4389 1.040712 104
4390 0.996808 104
4391 0.341495 103
4392 0.392398 103
4393 0.164602 103
4394 0.901962 104
4395 0.206408 103
4396 0.200363 102
4397 0.204767 103
4398 0.187000 102
4399 0.184804 102
4400 1.875425 87
4401 0.471453 86
4402 0.425188 85
4403 0.336047 86
4404 0.380384 86
4405 0.366388 85
4406 1.202437 87
4407 0.610895 86
4408 0.742349 86
4409 0.743837 86
4410 0.872872 86
4411 0.753395 86
4412 1.062644 87
4413 1.573701 87
4414 1.218395 86
4415 0.394814 86
4416 0.953756 86
4417 1.294540 87
4418 0.943744 86
4419 1.051221 86
4420 0.509593 86
4421 1.698678 87
4422 1.165651 86
4423 0.612895 86
4424 0.517977 86
4425 1.418184 87
4426 1.034779 86
4427 0.758058 86
4428 0.352047 86
4429 2.063609 87
4430 0.769047 85
4431 0.541233 86
4432 0.841447 85
4433 2.067782 87
4434 0.460453 86
4435 0.929163 86
4436 0.372407 86
4437 1.259931 87
4438 0.944430 86
4439 0.642663 86
4440 0.332744 86
4441 1.191333 87
4442 1.076581 86
4443 0.327140 86
4444 0.871826 86
4445 1.554080 87
4446 1.016198 86
4447 0.385977 86
4448 0.992384 86
4449 1.474081 86
4450 1.608881 101
4451 0.817089 101
4452 0.492436 101
4453 1.529644 101
4454 1.567119 101
4455 0.416687 99
4456 1.272040 101
4457 0.264790 100
4458 1.317564 101
4459 0.487400 100
4460 1.321416 101
4461 0.388190 100
4462 1.459752 101
4463 0.767810 100
4464 1.565624 101
4465 0.541480 100
4466 1.514614 101
4467 1.161584 101
4468 1.285574 101
4469 0.556230 100
4470 1.779545 101
4471 1.571525 101
4472 0.548450 100
4473 2.499000 101
4474 3.043600 100
4475 1.915277 101
4476 1.461050 101
4477 0.366717 99
4478 1.385050 101
4479 1.289564 101
4480 2.023525 101
4481 1.601515 101
4482 0.779253 99
4483 19.638911 101
4484 1.343485 101
4485 1.232356 101
4486 1.276376 101
4487 1.324762 101
4488 1.741960 101
4489 1.212535 101
4490 1.470970 101
4491 0.893861 101
4492 1.248832 101
4493 0.971772 101
4494 0.816604 101
4495 1.202554 101
4496 1.201535 101
4497 1.074624 101
4498 1.320050 101
4499 1.321366 101
