0 0.413350 118
1 1.704490 118
2 2.126361 118
3 1.015573 118
4 1.015207 118
5 0.000000 118
6 0.547737 118
7 13.382735 118
8 0.627660 118
9 0.576319 118
10 0.563829 118
11 0.592671 118
12 16.412489 118
13 1.793935 118
14 0.439861 118
15 0.618093 118
16 1.445615 118
17 1.467630 118
18 0.655483 118
19 1.319884 118
20 1.399753 118
21 0.468650 118
22 1.109448 118
23 0.637655 118
24 0.865293 118
25 1.009742 118
26 0.922735 118
27 5.805303 118
28 0.803733 118
29 0.505411 118
30 1.064819 118
31 0.559005 118
32 0.445427 118
33 1.268901 118
34 1.298198 118
35 0.761803 118
36 1.308268 118
37 0.487198 118
38 0.988639 118
39 0.941215 118
40 1.150260 118
41 1.085927 118
42 0.929674 118
43 0.816382 118
44 1.587220 118
45 0.774762 118
46 1.391383 118
47 1.973661 118
48 3.719152 118
49 0.901783 118
50 0.454781 116
51 0.584932 116
52 0.622969 116
53 0.695771 116
54 0.304541 116
55 0.359277 116
56 0.568414 116
57 0.533490 116
58 0.404171 116
59 0.000000 116
60 0.038407 116
61 2.857729 116
62 0.580480 116
63 0.631493 116
64 0.578962 116
65 0.768598 116
66 0.431483 116
67 0.566303 116
68 1.970000 116
69 1.621119 116
70 3.909184 116
71 3.747199 116
72 4.083284 116
73 1.362005 116
74 2.059737 116
75 1.977567 116
76 2.585006 116
77 2.691666 116
78 2.590682 116
79 2.816849 116
80 2.404979 116
81 2.240677 116
82 1.951341 116
83 0.754497 116
84 1.019441 116
85 1.056979 116
86 1.833716 116
87 3.208769 116
88 1.898973 116
89 4.418071 116
90 0.000000 116
91 0.600028 116
92 2.754156 116
93 1.712550 116
94 5.950312 116
95 0.000000 116
96 0.231421 116
97 2.379561 116
98 4.742933 116
99 5.201851 116
100 2.275736 93
101 4.691129 93
102 4.321828 93
103 4.237401 93
104 1.504582 93
105 3.159061 93
106 3.292787 93
107 1.966788 93
108 4.262541 93
109 0.798994 93
110 4.155078 93
111 32.023719 93
112 36.341463 93
113 1.668208 93
114 3.714327 93
115 3.579278 93
116 1.188246 93
117 1.600367 93
118 3.458386 93
119 4.153883 93
120 1.993921 93
121 1.655874 93
122 0.000000 93
123 1.591734 93
124 0.004922 93
125 2.955947 93
126 6.643715 93
127 3.954695 93
128 1.610379 93
129 26.578371 93
130 1.324472 93
131 0.807785 93
132 1.355423 93
133 0.835092 93
134 2.414648 93
135 2.690670 93
136 9.451223 93
137 1.214652 93
138 1.994989 93
139 2.034271 93
140 20.788318 93
141 1.005131 93
142 2.779754 93
143 0.804220 93
144 0.561814 93
145 1.116932 93
146 3.583101 93
147 1.466179 93
148 0.807671 93
149 1.920728 93
150 0.879684 99
151 1.826419 99
152 1.311894 99
153 0.351885 99
154 0.863412 99
155 1.690669 99
156 2.119725 99
157 0.606865 99
158 0.995937 99
159 1.313486 99
160 25.742876 99
161 0.667694 99
162 0.694613 99
163 0.884859 99
164 3.928829 99
165 3.375913 99
166 3.561028 99
167 1.586197 99
168 3.616728 99
169 0.000000 99
170 0.000000 99
171 26.430220 99
172 2.102579 99
173 2.394218 99
174 3.399542 99
175 4.460166 99
176 4.841426 99
177 5.770704 99
178 5.231618 99
179 0.073737 99
180 1.220027 99
181 6.407251 99
182 5.939754 99
183 6.454656 99
184 6.559899 99
185 7.272321 99
186 7.171922 99
187 0.102787 99
188 1.734921 99
189 7.982510 99
190 7.717177 99
191 0.111161 99
192 1.869634 99
193 8.149838 99
194 7.980072 99
195 0.111435 99
196 2.038832 99
197 7.602167 99
198 7.986314 99
199 7.581535 99
200 0.149305 96
201 1.981630 96
202 2.582007 96
203 3.003049 96
204 3.311296 96
205 3.348853 96
206 3.530281 96
207 4.323935 96
208 0.144376 96
209 1.982540 96
210 4.723584 96
211 5.176399 96
212 5.348283 96
213 5.704293 96
214 6.078875 96
215 5.890579 96
216 6.118629 96
217 6.342625 96
218 6.593217 96
219 7.140394 96
220 7.213825 96
221 6.637282 96
222 7.021319 96
223 6.868725 96
224 7.151734 96
225 6.816668 96
226 6.581957 96
227 0.141439 96
228 2.019818 96
229 7.157091 96
230 7.337651 96
231 0.130718 96
232 2.192350 96
233 7.107782 96
234 7.071597 96
235 7.385978 96
236 7.400393 96
237 7.117294 96
238 7.513173 96
239 6.795738 96
240 7.071573 96
241 7.120088 96
242 7.018334 96
243 7.399053 96
244 7.339458 96
245 7.288462 96
246 7.419673 96
247 0.125247 96
248 1.935295 96
249 7.489336 96
250 0.131155 98
251 2.081048 98
252 3.471727 98
253 0.125081 98
254 2.025741 98
255 4.508898 98
256 4.224637 98
257 4.303325 98
258 4.381628 98
259 4.547395 98
260 4.638838 98
261 5.066337 98
262 5.402021 98
263 5.496126 98
264 7.004495 98
265 6.420921 98
266 6.711518 98
267 5.912765 98
268 6.592584 98
269 6.752034 98
270 6.403942 98
271 0.146156 98
272 0.124395 98
273 0.123152 98
274 0.123286 98
275 0.119415 98
276 1.989552 98
277 7.582171 98
278 7.594784 98
279 0.123055 98
280 1.917898 98
281 7.295965 98
282 7.361753 98
283 7.440896 98
284 7.145650 98
285 7.219943 98
286 7.241036 98
287 7.462942 98
288 7.738266 98
289 7.511319 98
290 7.187214 98
291 0.129113 98
292 2.045938 98
293 7.730773 98
294 7.643512 98
295 7.459946 98
296 7.625053 98
297 7.800162 98
298 7.126918 98
299 7.426988 98
300 0.128232 101
301 2.281980 101
302 2.441776 101
303 2.779362 101
304 3.676643 101
305 2.960933 101
306 3.184545 101
307 3.450149 101
308 4.174282 101
309 4.192378 101
310 5.212853 101
311 4.549480 101
312 4.881970 101
313 5.168300 101
314 5.557364 101
315 5.368425 101
316 5.983686 101
317 6.846789 101
318 6.950902 101
319 6.476187 101
320 6.860675 101
321 7.441880 101
322 6.468059 101
323 7.015083 101
324 7.048524 101
325 7.053652 101
326 7.066467 101
327 6.926269 101
328 6.716392 101
329 6.727719 101
330 7.191932 101
331 7.059377 101
332 7.363089 101
333 6.704076 101
334 7.039979 101
335 6.915792 101
336 6.930114 101
337 7.068219 101
338 0.139372 101
339 2.021375 101
340 7.167453 101
341 7.628590 101
342 7.145511 101
343 7.059949 101
344 7.293405 101
345 7.032634 101
346 7.169170 101
347 7.207213 101
348 7.161207 101
349 7.059081 101
350 0.059386 108
351 1.007485 108
352 2.108542 108
353 2.266470 108
354 2.501338 108
355 0.093585 108
356 0.086796 108
357 0.072304 108
358 0.069439 108
359 1.197309 108
360 4.628766 108
361 4.847827 108
362 0.076404 108
363 1.325601 108
364 0.075740 108
365 1.478426 108
366 0.081246 108
367 0.075185 108
368 1.748886 108
369 6.437876 108
370 0.099527 108
371 0.098645 108
372 0.109244 108
373 1.918497 108
374 0.111785 108
375 2.172591 108
376 6.951724 108
377 6.920695 108
378 0.119560 108
379 0.115867 108
380 2.025019 108
381 7.294156 108
382 7.316160 108
383 0.129246 108
384 0.140157 108
385 2.042220 108
386 7.606777 108
387 7.746254 108
388 0.140305 108
389 0.155192 108
390 0.164200 108
391 0.171901 108
392 2.500416 108
393 7.428634 108
394 0.193230 108
395 0.210586 108
396 2.720734 108
397 0.248641 108
398 0.271163 108
399 0.286626 108
400 0.166548 100
401 2.358884 100
402 2.975441 100
403 3.473515 100
404 0.132571 100
405 0.110294 100
406 0.094449 100
407 0.088033 100
408 1.188658 100
409 0.076946 100
410 0.000000 100
411 0.000000 100
412 0.000000 100
413 0.000000 100
414 0.000000 100
415 0.000000 100
416 0.000000 100
417 0.000000 100
418 0.000000 100
419 0.000000 100
420 0.000000 100
421 0.000000 100
422 0.000000 100
423 0.000000 100
424 0.000000 100
425 0.000000 100
426 0.000000 100
427 0.000000 100
428 0.000000 100
429 0.000000 100
430 0.000000 100
431 0.000000 100
432 0.000000 100
433 0.000000 100
434 0.000000 100
435 0.000000 100
436 0.000000 100
437 0.000000 100
438 0.000000 100
439 0.000000 100
440 0.000000 100
441 0.000000 100
442 0.000000 100
443 0.000000 100
444 0.000000 100
445 0.000000 100
446 0.000000 100
447 0.000000 100
448 0.000000 100
449 0.000000 100
450 0.000000 104
451 0.000000 104
452 0.000000 104
453 0.000000 104
454 0.000000 104
455 0.000000 104
456 0.000000 104
457 0.000000 104
458 0.000000 104
459 0.005182 104
460 13.854560 104
461 2.529258 104
462 5.501307 104
463 4.824220 104
464 5.325457 104
465 8.244531 104
466 1.555432 104
467 2.434410 104
468 5.363959 104
469 12.260922 104
470 1.812775 104
471 1.564902 104
472 1.396402 104
473 2.250986 104
474 3.388825 104
475 1.492348 104
476 1.485970 104
477 1.515003 104
478 1.720706 104
479 1.596988 104
480 4.407397 104
481 1.857366 104
482 0.001277 104
483 3.793223 104
484 8.155753 104
485 5.893006 104
486 3.256462 104
487 6.683953 104
488 7.072555 104
489 3.016117 104
490 3.810395 104
491 7.853106 104
492 8.348237 104
493 1.871315 104
494 3.695675 104
495 3.955196 104
496 1.563274 104
497 7.419645 104
498 3.869396 104
499 1.655986 104
500 1.034974 115
501 3.918157 115
502 11.786419 115
503 5.406433 115
504 1.029972 115
505 1.595686 115
506 1.507269 115
507 1.624247 115
508 0.363061 115
509 2.718659 115
510 17.307801 115
511 0.798831 115
512 1.313928 115
513 0.000000 115
514 0.920485 115
515 2.622945 115
516 1.049581 115
517 1.587485 115
518 2.407148 115
519 2.306036 115
520 1.944686 115
521 2.155067 115
522 3.291620 115
523 11.924138 115
524 1.400640 115
525 2.551877 115
526 0.000000 115
527 15.938011 115
528 1.122132 115
529 0.952586 115
530 0.910374 115
531 1.727766 115
532 1.689632 115
533 2.291404 115
534 4.912982 115
535 2.565893 115
536 3.909059 115
537 1.979015 115
538 2.204618 115
539 4.949154 115
540 5.511127 115
541 3.498400 115
542 1.985819 115
543 0.346258 115
544 0.569341 115
545 1.672321 115
546 0.000000 115
547 0.916106 115
548 0.900004 115
549 11.147753 115
550 12.144954 102
551 83.180034 102
552 15.693700 102
553 2.069946 102
554 1.255426 102
555 1.239638 102
556 1.371304 102
557 19.015998 102
558 1.409085 102
559 92.096384 102
560 1.243865 102
561 24.165164 102
562 6.444911 102
563 3.714880 102
564 1.527645 102
565 47.126514 102
566 1.651924 102
567 181.260022 102
568 2.830626 102
569 0.537658 102
570 1.208577 102
571 0.587674 102
572 1.404655 102
573 1.425509 102
574 1.338795 102
575 1.322063 102
576 1.303070 102
577 1.895939 102
578 1.153556 102
579 1.952251 102
580 1.752389 102
581 1.678338 102
582 1.699027 102
583 1.585303 102
584 1.683149 102
585 1.698098 102
586 0.683433 102
587 0.730585 102
588 0.708529 102
589 1.839812 102
590 1.166222 102
591 0.609568 102
592 0.000000 102
593 0.445314 102
594 0.889535 102
595 1.085871 102
596 1.050888 102
597 1.000498 102
598 0.466217 102
599 0.871265 102
600 0.554136 111
601 1.099573 111
602 0.999220 111
603 0.361496 111
604 0.891667 111
605 1.071074 111
606 0.947324 111
607 1.083781 111
608 3.254597 111
609 0.471028 111
610 0.938509 111
611 0.378908 111
612 0.878864 111
613 0.978180 111
614 1.066577 111
615 1.083716 111
616 3.068906 111
617 4.006999 111
618 0.319508 111
619 1.527591 111
620 0.793843 111
621 0.444755 111
622 19.727931 111
623 20.282735 111
624 0.000000 111
625 0.855336 111
626 0.144059 111
627 0.167980 111
628 0.169356 111
629 0.169181 111
630 0.521957 111
631 0.405161 111
632 2.845806 111
633 2.999953 111
634 0.829099 111
635 1.014459 111
636 0.566222 111
637 0.592206 111
638 0.515591 111
639 0.654280 111
640 0.423882 111
641 0.836778 111
642 0.509040 111
643 0.457200 111
644 0.336405 111
645 0.874979 111
646 0.525466 111
647 0.674719 111
648 0.592233 111
649 2.117196 111
650 0.255863 107
651 0.740724 107
652 1.774141 107
653 0.570997 107
654 0.340965 107
655 7.306074 107
656 1.261692 107
657 0.537288 107
658 0.552525 107
659 0.114347 107
660 1.143032 107
661 0.462643 107
662 1.056243 107
663 0.562661 107
664 0.622897 107
665 0.509519 107
666 0.474617 107
667 0.831929 107
668 1.898331 107
669 0.683684 107
670 1.421730 107
671 0.835422 107
672 0.475568 107
673 0.657878 107
674 0.483341 107
675 0.514723 107
676 0.000000 107
677 0.730998 107
678 2.894842 107
679 0.000000 107
680 0.456410 107
681 5.369214 107
682 2.501789 107
683 0.057266 107
684 0.606008 107
685 1.121941 107
686 0.403030 107
687 0.380163 107
688 0.562778 107
689 1.436595 107
690 0.876553 107
691 0.379149 107
692 0.331789 107
693 0.701316 107
694 0.693541 107
695 0.473741 107
696 0.620818 107
697 179.875154 107
698 0.290972 107
699 0.775072 107
700 0.574619 95
701 2.310718 95
702 0.418667 95
703 1.302012 95
704 0.728738 95
705 0.307854 95
706 0.356731 95
707 0.452701 95
708 0.424791 95
709 0.757346 95
710 0.558638 95
711 0.448738 95
712 0.714445 95
713 0.630787 95
714 13.467239 95
715 5.184236 95
716 13.408436 95
717 8.683797 95
718 0.783889 95
719 0.747680 95
720 0.393772 95
721 0.419461 95
722 0.622047 95
723 0.617625 95
724 0.575777 95
725 0.312879 95
726 0.000000 95
727 0.000000 95
728 0.000000 95
729 0.000000 95
730 0.000000 95
731 0.000000 95
732 0.000000 95
733 0.000000 95
734 0.000000 95
735 0.000000 95
736 3.218440 95
737 0.604031 95
738 33.211035 95
739 77.772781 95
740 80.618478 95
741 0.742145 95
742 1.435738 95
743 1.522012 95
744 1.707024 95
745 3.289681 95
746 1.079223 95
747 2.458273 95
748 2.953122 95
749 1.664265 95
750 8.392520 97
751 1.677361 97
752 1.152855 97
753 3.200700 97
754 1.327131 97
755 15.807370 97
756 9.613817 97
757 67.682520 97
758 1.014117 97
759 10.583496 97
760 1.087285 97
761 18.830682 97
762 0.517628 97
763 3.658601 97
764 4.716742 97
765 1.574892 97
766 0.775146 97
767 3.686433 96
768 1.287286 97
769 0.751103 97
770 4.799624 97
771 0.499284 97
772 0.288248 97
773 0.181886 97
774 0.827423 97
775 1.972989 97
776 0.000000 97
777 1.515563 97
778 1.159528 97
779 0.814885 97
780 1.386229 97
781 2.655029 97
782 5.064568 97
783 0.936233 97
784 1.731249 97
785 1.383596 97
786 3.321289 97
787 1.162059 97
788 2.902369 97
789 0.617735 97
790 0.783031 97
791 49.699139 97
792 1.984427 97
793 1.265331 97
794 0.995160 97
795 0.971831 97
796 1.002877 97
797 0.734034 97
798 0.740836 97
799 0.974700 97
800 44.302693 108
801 3.366482 108
802 1.241198 108
803 21.643215 108
804 3.158585 108
805 1.054173 108
806 19.998342 108
807 1.429566 108
808 1.418880 108
809 4.755604 108
810 7.238026 108
811 1.541976 108
812 1.142451 108
813 3.978936 108
814 2.317842 108
815 0.815215 108
816 8.203875 108
817 5.556041 108
818 4.211733 108
819 3.621487 108
820 3.263848 108
821 3.518813 108
822 1.521155 108
823 1.252502 108
824 0.060095 108
825 5.635118 108
826 1.189259 108
827 4.510453 108
828 1.769484 108
829 6.475951 108
830 16.099107 108
831 6.591176 108
832 66.612975 108
833 1.490252 108
834 1.620680 108
835 1.022486 108
836 1.124556 108
837 0.829325 108
838 1.472884 108
839 7.879413 108
840 16.867231 108
841 0.243935 108
842 2.911435 108
843 2.122801 108
844 1.448738 108
845 2.283731 108
846 168.732835 108
847 1.738915 108
848 2.342453 108
849 0.978532 108
850 14.843176 105
851 0.698629 105
852 1.780836 105
853 1.977458 105
854 2.211567 105
855 4.659164 105
856 5.112487 105
857 2.280137 105
858 4.494735 105
859 5.766141 105
860 1.956288 105
861 3.251164 105
862 1.555683 105
863 1.727740 105
864 1.179384 105
865 1.797451 105
866 0.000000 105
867 0.080180 105
868 0.000000 105
869 0.000000 105
870 0.044016 105
871 0.000000 105
872 0.050724 105
873 0.000000 105
874 0.000000 105
875 0.000000 105
876 0.000000 105
877 0.000000 105
878 0.000000 105
879 0.000000 105
880 0.000000 105
881 0.000000 105
882 0.000000 105
883 0.000000 105
884 0.000000 105
885 0.000000 105
886 0.000000 105
887 0.000000 105
888 0.000000 105
889 0.000000 105
890 0.000000 105
891 0.000000 105
892 0.154551 105
893 0.001544 105
894 0.198940 105
895 1.433163 105
896 5.135194 105
897 4.854871 105
898 2.418503 105
899 5.362343 105
900 1.097651 100
901 0.295654 100
902 7.908274 100
903 17.857338 100
904 17.517478 100
905 6.684393 100
906 3.164015 100
907 3.057102 100
908 6.612772 100
909 2.914247 100
910 2.509288 100
911 6.762913 100
912 2.942333 100
913 2.797210 100
914 0.883541 100
915 2.227318 100
916 2.489547 100
917 0.000000 100
918 0.000000 100
919 0.000000 100
920 0.000000 100
921 0.000000 100
922 0.000000 100
923 0.000000 100
924 0.000000 100
925 0.000000 100
926 0.000000 100
927 0.000000 100
928 0.000000 100
929 0.000000 100
930 0.000000 100
931 3.535112 100
932 2.437493 100
933 2.414566 100
934 4.346219 100
935 5.397535 100
936 10.302085 100
937 4.239891 100
938 3.353714 100
939 1.272848 100
940 4.268049 100
941 3.948605 100
942 3.951482 100
943 4.591542 100
944 2.072845 100
945 1.444065 100
946 2.001188 100
947 2.818894 100
948 2.114873 100
949 4.886072 100
950 2.198626 103
951 41.332314 103
952 1.716291 103
953 2.111448 103
954 1.905297 103
955 2.795075 103
956 1.492366 103
957 3.344916 103
958 4.807692 103
959 4.372804 103
960 1.473600 103
961 4.517118 103
962 3.179391 103
963 4.742618 103
964 1.457004 103
965 2.973564 103
966 4.329082 103
967 23.441853 103
968 33.011417 103
969 32.737248 103
970 33.354417 103
971 34.566280 103
972 2.002932 103
973 1.868988 103
974 2.289383 103
975 4.580712 103
976 1.415912 103
977 1.161096 103
978 2.240478 103
979 1.123418 103
980 1.174514 103
981 13.691011 103
982 1.444000 103
983 1.501851 103
984 2.192243 103
985 8.257570 103
986 1.509616 103
987 4.262889 103
988 1.620359 103
989 0.122814 103
990 2.021465 103
991 1.215729 103
992 1.590629 103
993 1.876739 103
994 0.902064 103
995 0.801357 103
996 1.491697 103
997 2.332270 103
998 3.117656 103
999 0.610139 103
1000 1.365623 81
1001 1.616011 81
1002 0.517403 81
1003 2.547765 81
1004 0.993789 81
1005 1.098053 81
1006 4.744584 81
1007 0.955827 81
1008 0.913954 81
1009 1.270337 81
1010 1.369022 81
1011 1.148380 81
1012 4.991082 81
1013 14.811431 81
1014 2.046709 81
1015 1.425196 81
1016 3.874724 81
1017 6.005107 81
1018 4.523071 81
1019 4.323482 81
1020 4.374526 81
1021 4.887420 81
1022 4.534230 81
1023 4.564143 81
1024 5.314324 81
1025 5.156747 81
1026 4.730706 81
1027 4.974950 81
1028 4.878195 81
1029 5.125734 81
1030 5.187493 81
1031 5.031670 81
1032 1.471323 81
1033 3.382127 81
1034 3.429316 81
1035 1.724136 81
1036 4.439641 81
1037 1.546844 81
1038 3.652267 81
1039 2.651468 81
1040 1.834106 81
1041 4.629964 81
1042 2.826130 81
1043 1.054957 81
1044 4.606149 81
1045 4.933768 81
1046 1.261862 81
1047 2.371635 81
1048 2.536746 81
1049 6.803516 81
1050 11.626311 102
1051 12.177495 102
1052 12.812424 102
1053 1.913617 102
1054 4.332887 102
1055 2.439974 102
1056 5.819951 102
1057 6.107796 102
1058 2.518873 102
1059 6.062158 102
1060 6.423480 102
1061 27.294346 102
1062 94.477914 102
1063 118.740388 102
1064 157.480116 102
1065 65.519542 102
1066 200.227317 102
1067 43.769461 102
1068 125.894952 102
1069 79.230954 102
1070 66.829261 102
1071 158.360919 102
1072 95.342908 101
1073 141.818389 102
1074 44.659753 102
1075 75.986330 102
1076 128.463380 102
1077 92.638178 102
1078 182.220103 102
1079 237.015786 102
1080 74.036274 102
1081 80.038115 102
1082 181.300129 102
1083 157.553340 102
1084 146.989711 102
1085 44.074143 102
1086 94.646106 102
1087 0.507224 102
1088 1.097212 102
1089 0.831998 102
1090 0.521074 102
1091 0.944571 102
1092 0.678142 102
1093 0.573788 102
1094 2.064601 102
1095 1.225200 102
1096 2.550024 102
1097 3.932648 102
1098 3.856635 102
1099 6.886988 102
1100 2.216096 116
1101 1.538980 116
1102 259.535738 116
1103 0.984972 116
1104 1.023415 116
1105 1.122222 116
1106 0.979812 116
1107 1.011373 116
1108 1.695409 116
1109 4.828878 116
1110 6.607215 116
1111 5.903701 116
1112 0.057848 116
1113 21.589360 116
1114 1.172699 116
1115 1.162370 116
1116 1.170906 116
1117 2.594310 116
1118 2.027848 116
1119 1.345656 116
1120 3.018798 116
1121 3.048131 116
1122 0.436749 116
1123 1.099894 116
1124 1.264412 116
1125 0.485617 116
1126 2.423589 116
1127 5.432927 116
1128 5.449189 116
1129 2.005361 116
1130 2.040168 116
1131 2.676508 116
1132 0.000000 116
1133 0.000000 116
1134 3.303606 116
1135 9.866337 116
1136 68.206254 116
1137 2.181867 116
1138 6.496093 116
1139 0.325744 116
1140 1.041826 116
1141 0.912780 116
1142 0.000000 116
1143 0.571363 116
1144 0.813273 116
1145 5.336191 116
1146 10.369359 116
1147 69.670377 116
1148 6.817351 116
1149 3.115474 116
1150 2.149643 106
1151 5.441248 106
1152 4.384654 101
1153 1.901032 106
1154 2.765035 106
1155 2.724228 106
1156 0.000000 106
1157 0.000000 106
1158 1.490446 106
1159 3.011222 106
1160 28.499700 106
1161 66.142553 106
1162 8.416888 106
1163 26.516139 106
1164 7.443699 106
1165 4.481772 106
1166 6.195087 106
1167 1.617820 106
1168 1.527068 106
1169 7.012866 106
1170 0.559556 106
1171 1.386846 106
1172 0.672232 106
1173 1.172571 106
1174 0.668520 106
1175 1.112492 106
1176 0.598507 106
1177 1.360677 106
1178 0.681149 106
1179 1.174810 106
1180 0.658312 106
1181 1.131222 106
1182 2.120666 106
1183 1.495684 106
1184 7.602806 106
1185 17.106881 106
1186 0.897329 106
1187 2.061969 106
1188 0.000000 106
1189 0.000000 106
1190 5.713010 106
1191 7.557375 106
1192 43.265129 106
1193 1.919057 106
1194 4.912026 106
1195 3.180446 106
1196 6.811170 106
1197 4.211972 106
1198 2.951284 106
1199 3.924442 106
1200 19.745572 107
1201 37.833639 107
1202 1.229788 107
1203 6.306065 107
1204 0.000000 107
1205 3.181541 107
1206 13.796996 107
1207 5.614722 107
1208 1.839889 107
1209 3.206949 107
1210 0.248721 107
1211 35.929735 107
1212 23.268148 107
1213 6.962381 107
1214 4.701478 107
1215 0.387102 107
1216 1.426206 107
1217 1.378368 107
1218 3.869062 107
1219 1.377132 107
1220 1.022706 107
1221 0.620428 107
1222 1.474172 107
1223 7.355153 107
1224 8.573886 107
1225 0.453483 107
1226 1.533153 107
1227 10.600776 107
1228 2.255768 107
1229 2.496552 107
1230 38.085388 107
1231 1.317710 107
1232 3.817772 107
1233 2.013393 107
1234 5.070973 107
1235 35.222413 107
1236 0.558086 107
1237 1.022746 107
1238 3.031586 107
1239 1.468468 107
1240 2.667007 107
1241 6.081582 107
1242 1.389842 107
1243 0.000000 107
1244 2.469354 107
1245 6.453220 107
1246 42.689400 107
1247 1.097983 107
1248 0.490736 107
1249 0.679734 107
1250 24.880100 107
1251 1.395120 107
1252 3.848387 107
1253 4.795813 107
1254 18.031281 107
1255 4.578979 107
1256 1.355298 107
1257 8.125194 107
1258 2.906875 107
1259 0.514006 107
1260 2.802298 107
1261 1.326694 107
1262 4.852163 107
1263 6.013341 107
1264 0.861186 107
1265 0.794778 107
1266 2.412624 107
1267 1.638022 107
1268 11.949580 107
1269 1.927238 107
1270 3.077701 107
1271 6.136460 107
1272 6.253965 107
1273 6.475039 107
1274 6.352902 107
1275 6.947876 107
1276 6.162838 107
1277 4.708717 107
1278 2.156191 107
1279 0.647816 107
1280 0.711623 107
1281 0.937647 107
1282 0.000000 107
1283 0.592928 107
1284 0.017486 107
1285 7.997813 107
1286 4.843174 107
1287 17.368317 107
1288 2.201085 107
1289 4.625568 107
1290 0.160118 107
1291 18.251314 107
1292 18.782810 107
1293 1.706309 107
1294 2.021158 107
1295 16.993119 107
1296 2.120729 107
1297 1.860256 107
1298 413.632200 107
1299 0.000000 107
1300 0.560416 108
1301 1.211994 108
1302 1.147522 108
1303 0.662105 108
1304 1.546318 108
1305 0.462397 108
1306 2.804536 108
1307 0.695257 108
1308 1.819853 108
1309 1.971256 108
1310 1.086651 108
1311 2.750362 108
1312 2.829571 108
1313 2.050472 108
1314 7.711999 108
1315 0.972920 108
1316 2.330495 108
1317 1.218167 108
1318 0.995170 108
1319 2.201221 108
1320 1.082333 108
1321 2.959467 108
1322 0.056653 108
1323 0.847538 108
1324 0.000000 108
1325 1.111803 108
1326 0.864024 108
1327 0.037327 108
1328 2.056207 108
1329 0.117717 108
1330 31.196156 108
1331 1.782804 108
1332 1.947343 108
1333 1.010191 108
1334 2.392689 108
1335 3.631742 108
1336 4.028984 108
1337 4.531729 108
1338 4.310144 108
1339 4.516268 108
1340 4.636411 108
1341 4.889684 108
1342 4.819442 108
1343 4.766452 108
1344 4.715357 108
1345 5.172518 108
1346 5.309138 108
1347 4.760920 108
1348 4.898880 108
1349 5.293448 108
1350 1.990325 99
1351 2.970550 99
1352 3.266966 99
1353 2.987066 99
1354 2.983461 99
1355 3.178618 99
1356 3.258011 99
1357 3.128750 99
1358 3.118381 99
1359 3.051741 99
1360 3.252227 99
1361 3.181222 99
1362 3.491703 99
1363 3.050012 99
1364 4.428271 99
1365 3.461820 99
1366 3.420285 99
1367 3.028126 99
1368 3.036535 99
1369 3.289248 99
1370 3.502705 99
1371 3.030592 99
1372 3.282861 99
1373 3.391002 99
1374 3.224984 99
1375 3.650300 99
1376 3.214450 99
1377 3.361765 99
1378 3.405517 99
1379 3.435489 99
1380 3.581901 99
1381 3.331907 99
1382 3.198982 99
1383 3.591597 99
1384 3.799280 99
1385 3.431952 99
1386 19.958326 99
1387 91.534197 99
1388 48.777859 99
1389 46.252507 99
1390 48.216509 99
1391 91.015094 99
1392 103.724934 99
1393 227.094643 99
1394 96.919390 99
1395 123.339405 99
1396 28.129840 99
1397 68.572609 99
1398 47.813370 99
1399 99.978638 99
1400 17.544018 95
1401 76.808669 95
1402 39.675230 95
1403 45.952404 95
1404 55.866244 95
1405 95.455964 95
1406 47.055013 95
1407 188.892386 95
1408 42.481737 95
1409 62.387269 95
1410 86.920514 95
1411 85.533283 95
1412 47.027844 95
1413 112.444892 95
1414 112.089014 95
1415 50.060118 95
1416 104.771280 95
1417 14.889533 95
1418 78.042751 95
1419 85.563339 95
1420 116.368802 95
1421 48.619845 95
1422 47.404901 95
1423 29.157504 95
1424 213.630858 95
1425 95.601617 95
1426 49.032851 95
1427 93.834491 95
1428 57.658229 95
1429 111.548320 95
1430 64.761495 95
1431 48.804755 95
1432 124.332013 95
1433 1.190641 95
1434 3.458866 95
1435 0.000000 95
1436 0.001025 95
1437 0.000000 95
1438 0.000000 94
1439 0.000000 94
1440 0.201164 94
1441 4.064590 94
1442 3.228908 94
1443 0.252887 94
1444 1.265671 94
1445 2.583444 94
1446 22.656198 94
1447 1.521494 94
1448 1.438307 94
1449 2.242632 94
1450 1.628760 90
1451 2.768239 90
1452 3.257351 90
1453 3.348131 90
1454 0.003717 90
1455 0.057385 90
1456 0.000000 90
1457 1.976376 90
1458 2.284003 90
1459 2.007297 90
1460 2.109344 90
1461 3.578327 90
1462 1.725588 90
1463 3.552992 90
1464 1.487949 90
1465 0.637471 90
1466 2.100349 90
1467 2.114000 90
1468 2.450515 90
1469 2.450906 90
1470 1.532772 90
1471 1.946864 90
1472 4.423291 90
1473 7.561562 90
1474 2.713030 90
1475 5.130334 90
1476 2.053403 90
1477 4.445143 90
1478 1.268564 90
1479 1.806691 90
1480 1.510255 90
1481 1.456317 90
1482 4.783435 90
1483 1.323302 90
1484 1.717088 90
1485 0.808080 90
1486 5.383173 90
1487 2.578211 90
1488 0.834275 90
1489 2.705159 90
1490 1.331429 90
1491 2.133221 90
1492 3.372787 90
1493 1.554785 90
1494 2.510863 90
1495 26.567842 90
1496 1.926628 90
1497 1.194763 90
1498 1.317534 90
1499 0.927156 90
1500 0.765346 102
1501 1.311254 102
1502 5.344476 102
1503 1.540579 102
1504 1.485762 102
1505 1.794130 102
1506 1.442154 102
1507 1.611143 102
1508 1.495309 102
1509 1.232315 102
1510 1.679393 102
1511 0.762300 102
1512 0.931483 102
1513 1.157909 102
1514 1.682699 102
1515 1.175208 102
1516 1.878958 102
1517 0.465712 102
1518 0.520827 102
1519 9.828023 102
1520 58.818850 102
1521 0.381610 102
1522 1.043227 102
1523 0.697972 102
1524 2.844053 102
1525 1.184963 102
1526 3.423560 102
1527 2.973915 102
1528 0.000000 102
1529 0.000000 102
1530 0.000000 102
1531 0.000000 102
1532 1.226773 102
1533 2.061686 102
1534 2.757378 102
1535 2.288080 102
1536 134.100013 102
1537 1.253850 102
1538 1.008388 102
1539 0.857254 102
1540 1.010838 102
1541 1.024108 102
1542 1.026057 102
1543 1.025514 102
1544 1.020786 102
1545 1.186596 102
1546 1.568465 102
1547 0.000000 102
1548 1.366599 102
1549 2.748264 102
1550 1.629479 118
1551 0.957880 118
1552 0.635965 118
1553 2.418595 118
1554 2.897699 118
1555 0.595591 118
1556 1.159387 118
1557 0.554335 118
1558 1.892385 118
1559 1.651192 118
1560 1.351795 118
1561 1.535666 118
1562 1.207823 118
1563 0.504023 118
1564 1.208037 118
1565 2.732682 118
1566 2.391819 118
1567 2.931575 118
1568 0.624740 118
1569 0.592107 118
1570 0.044325 118
1571 1.593633 118
1572 1.147728 118
1573 1.490224 118
1574 1.160450 118
1575 0.145671 118
1576 8.835775 118
1577 0.987373 118
1578 0.824215 118
1579 1.278641 118
1580 1.640208 118
1581 3.054697 118
1582 2.945225 118
1583 3.158773 118
1584 8.081303 118
1585 10.885279 118
1586 0.000000 118
1587 0.000000 118
1588 0.000000 118
1589 0.000000 118
1590 0.000000 118
1591 0.000000 118
1592 0.000000 118
1593 0.000000 118
1594 0.000000 118
1595 0.000000 118
1596 0.000000 118
1597 0.000000 118
1598 2.729682 118
1599 5.765736 118
1600 1.828794 110
1601 1.965836 110
1602 4.288015 110
1603 3.953248 110
1604 4.094248 110
1605 1.547140 110
1606 4.299562 110
1607 3.882704 110
1608 1.416829 110
1609 4.051070 110
1610 3.942026 110
1611 1.742273 110
1612 4.019375 110
1613 1.598983 110
1614 4.518088 110
1615 1.981219 110
1616 3.835627 110
1617 5.001983 110
1618 4.353672 110
1619 5.175696 110
1620 1.002720 110
1621 10.908746 110
1622 1.713007 110
1623 1.229233 110
1624 1.716975 110
1625 2.989010 110
1626 1.767920 110
1627 2.902888 110
1628 1.778710 110
1629 3.147228 110
1630 27.395581 110
1631 84.669644 110
1632 2.283711 110
1633 1.163585 110
1634 34.045630 110
1635 1.595989 110
1636 0.000000 110
1637 0.000000 110
1638 0.000000 110
1639 3.820779 110
1640 1.236256 110
1641 1.394494 110
1642 1.931349 110
1643 4.488516 110
1644 2.510168 110
1645 6.243427 110
1646 1.060635 110
1647 2.714206 110
1648 0.498533 110
1649 1.244394 110
1650 1.821521 96
1651 2.545934 96
1652 2.315794 96
1653 1.283213 96
1654 63.074642 96
1655 12.815474 96
1656 1.623083 96
1657 1.652252 96
1658 1.425506 96
1659 1.123881 96
1660 1.520867 96
1661 2.643767 96
1662 2.036151 96
1663 1.909761 96
1664 0.207900 96
1665 1.494291 96
1666 1.576528 96
1667 0.598946 96
1668 1.246814 96
1669 1.497443 96
1670 0.549420 96
1671 1.423650 96
1672 0.049760 96
1673 0.020259 96
1674 0.009073 96
1675 0.009999 96
1676 0.008232 96
1677 0.009199 96
1678 0.014460 96
1679 0.170650 96
1680 0.018847 96
1681 0.345573 96
1682 2.010699 96
1683 4.482794 96
1684 4.441170 96
1685 0.496492 96
1686 0.690873 96
1687 3.589191 96
1688 1.691987 96
1689 0.890667 96
1690 101.893074 96
1691 1.895563 96
1692 99.758851 96
1693 0.548224 96
1694 1.615197 96
1695 3.706209 96
1696 1.593156 96
1697 3.643086 96
1698 1.244698 96
1699 3.419338 96
1700 1.171656 95
1701 2.732989 95
1702 2.585336 95
1703 0.343576 95
1704 0.325487 95
1705 2.288386 95
1706 4.720301 94
1707 6.089123 95
1708 4.520373 95
1709 4.116004 95
1710 11.028306 95
1711 31.031813 95
1712 31.723688 95
1713 31.477157 95
1714 0.951706 95
1715 1.540374 95
1716 0.750636 95
1717 1.888562 95
1718 9.379746 95
1719 1.194655 95
1720 0.774112 95
1721 0.994790 95
1722 1.230049 95
1723 3.305952 95
1724 1.211969 95
1725 0.860412 95
1726 44.782094 95
1727 9.355827 95
1728 19.494496 95
1729 0.812114 95
1730 0.873104 95
1731 1.592440 95
1732 3.914917 95
1733 28.901884 95
1734 1.185167 95
1735 1.380948 95
1736 1.355791 95
1737 2.119604 95
1738 1.468265 95
1739 0.162900 95
1740 1.511210 95
1741 1.032576 95
1742 159.040366 95
1743 3.553866 95
1744 2.188743 95
1745 1.505131 95
1746 1.272650 95
1747 28.006370 95
1748 0.441442 95
1749 7.464275 95
1750 3.328499 119
1751 2.050837 119
1752 0.792597 119
1753 1.336190 119
1754 3.114721 119
1755 3.216124 119
1756 21.904985 119
1757 1.126089 119
1758 0.989611 119
1759 28.328457 119
1760 2.148837 119
1761 1.765078 119
1762 2.685570 119
1763 2.600679 119
1764 1.773676 119
1765 2.217724 119
1766 2.812502 119
1767 3.006107 119
1768 2.028216 119
1769 0.000000 119
1770 0.000000 119
1771 0.993026 119
1772 1.286020 119
1773 4.811278 119
1774 1.471813 119
1775 4.719932 119
1776 0.200245 119
1777 0.285422 119
1778 0.291813 119
1779 1.802877 119
1780 1.202882 119
1781 6.692095 119
1782 7.139533 119
1783 17.425525 119
1784 12.200856 119
1785 1.061813 119
1786 2.011740 119
1787 0.000000 119
1788 1.299793 119
1789 1.426157 119
1790 2.430546 119
1791 0.159082 119
1792 1.655900 119
1793 3.504427 119
1794 3.690593 119
1795 0.964752 119
1796 0.948526 119
1797 2.168367 119
1798 0.799668 119
1799 0.974527 119
1800 0.564981 115
1801 2.774226 115
1802 0.580399 115
1803 0.783299 115
1804 1.753245 115
1805 0.700200 115
1806 0.756743 115
1807 0.000000 115
1808 1.460996 115
1809 2.158611 115
1810 0.606635 115
1811 0.046738 115
1812 0.554769 115
1813 2.210555 115
1814 3.374435 115
1815 3.163075 115
1816 13.383745 115
1817 1.222670 115
1818 1.119186 115
1819 1.500287 115
1820 1.344104 115
1821 150.444768 115
1822 195.460532 115
1823 1.910794 115
1824 2.313985 115
1825 0.896130 115
1826 0.991320 115
1827 7.229030 115
1828 7.716286 115
1829 8.500322 115
1830 1.152277 115
1831 25.551813 115
1832 93.643210 115
1833 1.301404 115
1834 14.993446 115
1835 1.268596 115
1836 13.421478 115
1837 1.108963 115
1838 0.742496 115
1839 1.991361 115
1840 1.053026 115
1841 7.115653 115
1842 14.980753 115
1843 6.654914 115
1844 1.959666 115
1845 1.291038 115
1846 1.182080 115
1847 0.009022 115
1848 0.016018 115
1849 0.879789 115
1850 0.919666 107
1851 10.381447 107
1852 0.000321 107
1853 0.793560 107
1854 1.655162 107
1855 1.763472 107
1856 0.585070 107
1857 0.648388 107
1858 1.919179 107
1859 1.907896 107
1860 1.303163 107
1861 1.122646 107
1862 181.337386 107
1863 0.415374 107
1864 1.238357 107
1865 1.494196 107
1866 0.709986 107
1867 1.311157 107
1868 0.576686 107
1869 0.598163 107
1870 0.837188 107
1871 1.072983 107
1872 0.032274 107
1873 0.017473 107
1874 0.019023 107
1875 0.742044 107
1876 0.775657 107
1877 1.647823 107
1878 15.665995 107
1879 3.497824 107
1880 4.573786 107
1881 3.248468 107
1882 42.655805 107
1883 3.150751 107
1884 18.367247 107
1885 3.459440 107
1886 3.586707 107
1887 73.429272 107
1888 7.898720 107
1889 18.257081 107
1890 4.628786 107
1891 1.733011 107
1892 1.639650 107
1893 1.406177 107
1894 0.634539 107
1895 1.286324 107
1896 1.198980 107
1897 0.775552 107
1898 0.880143 107
1899 1.942729 107
1900 0.782035 107
1901 6.032021 107
1902 0.599176 107
1903 0.355221 107
1904 0.425912 107
1905 0.000000 107
1906 0.000000 107
1907 0.000000 107
1908 0.000000 107
1909 0.000000 107
1910 0.000000 107
1911 0.000000 107
1912 2.749408 107
1913 5.957128 107
1914 6.292714 105
1915 5.842032 107
1916 6.633237 107
1917 6.504958 107
1918 6.314781 107
1919 6.029508 107
1920 6.058279 107
1921 6.277040 107
1922 6.467618 107
1923 6.353026 107
1924 6.303752 107
1925 6.331808 107
1926 6.175118 107
1927 6.339561 107
1928 6.478139 107
1929 6.242047 107
1930 5.923812 107
1931 6.055034 107
1932 6.586498 107
1933 6.276794 107
1934 6.578479 107
1935 5.689809 107
1936 1.340643 107
1937 3.325721 107
1938 2.829096 107
1939 1.522818 107
1940 3.370873 107
1941 3.348010 107
1942 0.099118 107
1943 0.982622 107
1944 2.176124 107
1945 1.380421 107
1946 2.206057 107
1947 2.932610 107
1948 6.336468 105
1949 0.000000 107
1950 2.100697 101
1951 0.000000 101
1952 1.228040 101
1953 1.870835 101
1954 1.566642 101
1955 4.051589 101
1956 1.404229 101
1957 11.737337 101
1958 1.192812 101
1959 2.486105 101
1960 2.922272 101
1961 1.418961 101
1962 0.000000 101
1963 0.000000 101
1964 1.249172 101
1965 24.721133 101
1966 1.242094 101
1967 0.504311 101
1968 1.743074 101
1969 1.478179 101
1970 0.693729 101
1971 0.000000 101
1972 0.689018 101
1973 1.154582 101
1974 1.140800 101
1975 1.170241 101
1976 1.751977 101
1977 1.961545 101
1978 1.977972 101
1979 0.560030 101
1980 21.645734 101
1981 1.362358 101
1982 3.317600 101
1983 3.058733 101
1984 3.197145 101
1985 10.977716 101
1986 10.981182 101
1987 11.670440 101
1988 1.582900 101
1989 3.744989 101
1990 1.196967 101
1991 3.557410 101
1992 2.282746 101
1993 3.170027 101
1994 1.762359 101
1995 3.500334 101
1996 3.853061 101
1997 99.533604 101
1998 112.462843 101
1999 119.396215 101
2000 72.892787 115
2001 86.474984 115
2002 86.401663 115
2003 85.493369 115
2004 3.063305 115
2005 3.849565 115
2006 4.697434 115
2007 0.866618 115
2008 1.548803 115
2009 1.693202 115
2010 57.487292 115
2011 0.999629 115
2012 2.281051 115
2013 14.256106 115
2014 0.000000 115
2015 1.949217 115
2016 0.898220 115
2017 1.016230 115
2018 1.369434 115
2019 0.844084 115
2020 3.172986 115
2021 1.299847 115
2022 1.790632 115
2023 1.253900 115
2024 10.461770 115
2025 5.381530 115
2026 1.505439 115
2027 1.122304 115
2028 1.196972 115
2029 0.255476 115
2030 1.438812 115
2031 1.486511 115
2032 1.707428 115
2033 2.108636 115
2034 14.219509 115
2035 2.015147 115
2036 1.180404 115
2037 249.645341 115
2038 1.617922 115
2039 1.156121 115
2040 1.052069 115
2041 1.276293 115
2042 1.142160 115
2043 7.065476 115
2044 9.558808 115
2045 2.425622 115
2046 5.087193 115
2047 5.272997 115
2048 4.785554 115
2049 3.827318 115
2050 2.379296 115
2051 6.927295 115
2052 5.699205 115
2053 1.348782 115
2054 3.108161 115
2055 3.104434 115
2056 2.194416 115
2057 63.187514 115
2058 7.124080 115
2059 6.477084 115
2060 7.196360 115
2061 7.271829 115
2062 2.921084 115
2063 1.054445 115
2064 0.192476 115
2065 1.639491 115
2066 2.479544 115
2067 0.452679 115
2068 2.763872 115
2069 0.869315 115
2070 24.040805 115
2071 23.404171 115
2072 11.120153 115
2073 1.355352 115
2074 2.875559 115
2075 33.428355 115
2076 1.449373 115
2077 3.278279 115
2078 0.480021 115
2079 1.329556 115
2080 13.217987 115
2081 1.132583 115
2082 2.547698 115
2083 0.231134 115
2084 0.600548 115
2085 0.586880 115
2086 0.589884 115
2087 0.564034 115
2088 0.567463 115
2089 0.795869 115
2090 1.356822 115
2091 0.905718 115
2092 0.210073 115
2093 0.445780 115
2094 0.384314 115
2095 0.462473 115
2096 0.047604 115
2097 0.323441 115
2098 0.425539 115
2099 0.646773 115
2100 0.621956 106
2101 0.831356 106
2102 0.008475 106
2103 37.139118 106
2104 52.919450 106
2105 0.984192 106
2106 0.501988 106
2107 0.267228 106
2108 0.778976 106
2109 1.325469 106
2110 2.800980 106
2111 0.776247 106
2112 0.814721 106
2113 13.180987 106
2114 59.319176 106
2115 109.151166 106
2116 97.658099 106
2117 22.364582 106
2118 50.037197 106
2119 51.032699 106
2120 40.313799 106
2121 42.183315 106
2122 87.947217 106
2123 39.343093 106
2124 247.338196 106
2125 2.031858 106
2126 25.990045 106
2127 17.523374 106
2128 1.484272 106
2129 1.539505 106
2130 1.494195 106
2131 1.254087 106
2132 2.100854 106
2133 0.916985 106
2134 0.003236 106
2135 0.004707 106
2136 0.000000 106
2137 0.000000 106
2138 0.804223 106
2139 0.770368 106
2140 0.614937 106
2141 4.532104 106
2142 1.118818 106
2143 1.832261 106
2144 8.444415 106
2145 18.729182 106
2146 66.953424 106
2147 15.561681 106
2148 2.164482 106
2149 1.009297 106
2150 13.354622 99
2151 0.000000 99
2152 0.666392 99
2153 1.421420 99
2154 1.399726 99
2155 1.674449 99
2156 6.498213 99
2157 15.618136 99
2158 6.236409 99
2159 5.473203 99
2160 0.003141 99
2161 0.000000 99
2162 0.000000 99
2163 0.000000 99
2164 0.000000 99
2165 0.000000 99
2166 0.000000 99
2167 0.000000 99
2168 0.000000 99
2169 0.000000 99
2170 0.000000 99
2171 0.000000 99
2172 0.000000 99
2173 0.000000 99
2174 0.000000 99
2175 0.000000 99
2176 0.000000 99
2177 0.000000 99
2178 0.000000 99
2179 0.000000 99
2180 0.000000 99
2181 0.000000 99
2182 0.000000 99
2183 0.000000 99
2184 0.000000 99
2185 0.000000 99
2186 0.000000 99
2187 0.000000 99
2188 0.000000 99
2189 0.000000 99
2190 0.000000 99
2191 0.000000 99
2192 0.000000 99
2193 0.000000 99
2194 0.000000 99
2195 0.000000 99
2196 0.000000 99
2197 0.000000 99
2198 0.000000 99
2199 0.000000 99
2200 0.000000 99
2201 0.000000 99
2202 0.000000 99
2203 0.000000 99
2204 0.000000 99
2205 0.000000 99
2206 0.000000 99
2207 0.000000 99
2208 0.000000 99
2209 0.000000 99
2210 0.000000 99
2211 0.000000 99
2212 0.000000 99
2213 0.000000 99
2214 0.000000 99
2215 0.000000 99
2216 0.000000 99
2217 0.000000 99
2218 0.000000 99
2219 0.000000 99
2220 0.000000 99
2221 0.000000 99
2222 0.000000 99
2223 0.000000 99
2224 0.000000 99
2225 0.000000 99
2226 0.000000 99
2227 0.000000 99
2228 0.000000 99
2229 0.000000 99
2230 0.000000 99
2231 0.000000 99
2232 0.000000 99
2233 0.000000 99
2234 0.000000 99
2235 0.000000 99
2236 0.000000 99
2237 0.000000 99
2238 0.000000 99
2239 0.000000 99
2240 0.000000 99
2241 0.000000 99
2242 0.000000 99
2243 0.000000 99
2244 0.000000 99
2245 0.000000 99
2246 0.000000 99
2247 0.000000 99
2248 0.000000 99
2249 0.000000 99
2250 0.000000 97
2251 0.000000 97
2252 0.000000 97
2253 0.000000 97
2254 0.000000 97
2255 0.000000 97
2256 0.000000 97
2257 0.000000 97
2258 0.000000 97
2259 0.000000 97
2260 0.000000 97
2261 0.000000 97
2262 0.000000 97
2263 0.000000 97
2264 0.000000 97
2265 0.000000 97
2266 0.000000 97
2267 0.000000 97
2268 0.000000 97
2269 0.000000 97
2270 0.000000 97
2271 0.000000 97
2272 0.000000 97
2273 0.000000 97
2274 0.000000 97
2275 0.000000 97
2276 0.000000 97
2277 0.000000 97
2278 0.000000 97
2279 0.000000 97
2280 0.000000 97
2281 0.000000 97
2282 0.000000 97
2283 0.000000 97
2284 0.000000 97
2285 0.000000 97
2286 0.000000 97
2287 0.000000 97
2288 0.000000 97
2289 0.000000 97
2290 0.000000 97
2291 0.000000 97
2292 0.000000 97
2293 0.000000 97
2294 0.000000 97
2295 0.000000 97
2296 0.000000 97
2297 0.000000 97
2298 0.000000 97
2299 0.000000 97
2300 0.000000 95
2301 0.000000 95
2302 0.000000 95
2303 0.000000 95
2304 0.000000 95
2305 0.000000 95
2306 0.000000 95
2307 0.000000 95
2308 0.000000 95
2309 0.000000 95
2310 0.000000 95
2311 0.000000 95
2312 0.000000 95
2313 0.000000 95
2314 0.000000 95
2315 0.000000 95
2316 0.000000 95
2317 0.000000 95
2318 0.000000 95
2319 0.000000 95
2320 0.000000 95
2321 0.000000 95
2322 0.000000 95
2323 0.000000 95
2324 0.000000 95
2325 0.000000 95
2326 0.000000 95
2327 0.000000 95
2328 0.000000 95
2329 0.000000 95
2330 0.000000 95
2331 0.000000 95
2332 0.000000 95
2333 0.000000 95
2334 0.000000 95
2335 0.000000 95
2336 0.000000 95
2337 0.000000 95
2338 0.000000 95
2339 0.000000 95
2340 0.000000 95
2341 0.000000 95
2342 0.000000 95
2343 0.000000 95
2344 0.000000 95
2345 0.000000 95
2346 0.000000 95
2347 0.000000 95
2348 0.000000 95
2349 0.000000 95
2350 0.000000 84
2351 2.037288 84
2352 1.597316 84
2353 23.044932 84
2354 3.702576 84
2355 2.911313 84
2356 24.575274 84
2357 94.649857 84
2358 82.571581 84
2359 172.657797 84
2360 48.986734 84
2361 118.488525 84
2362 206.465968 84
2363 98.113830 84
2364 85.598281 84
2365 81.501724 84
2366 199.666695 84
2367 138.391662 84
2368 238.030982 84
2369 36.473395 84
2370 242.916574 84
2371 126.882010 84
2372 38.765721 84
2373 174.375836 84
2374 80.215670 84
2375 236.286098 84
2376 88.368524 84
2377 129.102025 84
2378 68.716680 84
2379 188.073026 84
2380 47.467339 84
2381 149.314977 84
2382 49.318829 84
2383 2.081319 84
2384 4.821166 84
2385 5.142399 84
2386 2.625169 84
2387 5.560832 84
2388 5.205923 84
2389 31.768072 84
2390 4.155613 84
2391 4.637020 84
2392 0.985606 84
2393 3.103915 84
2394 3.058601 84
2395 1.766636 84
2396 3.721283 84
2397 4.753537 84
2398 1.763776 84
2399 4.032529 84
2400 2.100438 114
2401 5.137453 114
2402 5.090209 114
2403 5.454049 114
2404 5.788814 114
2405 5.144674 114
2406 4.690729 114
2407 4.944237 114
2408 6.051799 114
2409 5.086404 114
2410 1.109163 114
2411 0.011356 114
2412 1.657549 114
2413 2.682992 114
2414 1.923299 114
2415 2.285947 114
2416 1.941618 114
2417 3.506131 114
2418 3.953759 114
2419 4.389765 114
2420 2.204712 114
2421 0.000000 114
2422 0.000000 114
2423 0.000000 114
2424 0.000000 114
2425 0.000000 114
2426 0.000000 114
2427 0.000000 114
2428 0.000000 114
2429 0.000000 114
2430 0.000000 114
2431 0.000000 114
2432 1.216343 114
2433 0.925124 114
2434 2.170690 114
2435 16.908139 114
2436 3.467381 114
2437 1.321445 114
2438 1.966076 114
2439 2.199601 114
2440 2.560087 114
2441 0.023191 114
2442 0.029531 114
2443 0.032876 114
2444 1.969120 114
2445 5.066274 114
2446 14.031065 114
2447 260.494775 114
2448 3.948776 114
2449 3.409501 114
2450 0.330162 112
2451 0.442008 112
2452 0.490502 112
2453 1.098303 112
2454 3.847529 112
2455 68.709674 112
2456 137.292503 112
2457 0.095934 112
2458 1.172628 112
2459 3.409074 112
2460 0.901060 112
2461 8.972635 112
2462 16.887530 112
2463 4.370703 112
2464 2.003295 112
2465 3.879182 112
2466 2.140325 112
2467 3.140599 112
2468 4.896386 112
2469 1.528837 112
2470 1.110218 112
2471 0.429632 112
2472 1.192660 112
2473 0.013416 112
2474 1.524971 112
2475 1.046189 112
2476 1.925125 112
2477 2.476633 112
2478 19.827975 112
2479 3.438372 112
2480 0.314504 112
2481 3.749143 112
2482 1.750386 112
2483 2.063713 112
2484 1.288826 112
2485 2.937858 112
2486 1.998126 112
2487 16.760028 112
2488 1.509739 112
2489 7.847525 112
2490 0.964426 112
2491 3.738616 112
2492 1.934302 112
2493 0.831996 112
2494 1.895385 112
2495 1.979342 112
2496 1.279677 112
2497 85.336061 112
2498 1.315932 112
2499 2.178989 112
2500 1.348037 107
2501 1.635006 107
2502 0.006595 107
2503 0.235663 107
2504 2.061465 107
2505 4.799509 107
2506 1.938303 107
2507 6.043164 107
2508 1.255416 107
2509 0.000000 107
2510 2.361793 107
2511 2.526109 107
2512 1.604683 107
2513 18.061546 107
2514 1.336615 107
2515 1.993324 107
2516 4.120622 107
2517 1.252027 107
2518 2.235919 107
2519 0.000000 107
2520 2.195867 107
2521 1.915423 107
2522 2.544111 107
2523 1.809234 107
2524 1.394395 107
2525 1.584419 107
2526 1.503348 107
2527 1.575341 107
2528 7.340429 107
2529 5.649220 107
2530 4.583647 107
2531 1.295208 107
2532 43.155573 107
2533 53.419304 107
2534 1.531503 107
2535 2.303810 107
2536 2.388183 107
2537 1.695223 107
2538 1.656841 107
2539 2.144067 107
2540 1.831051 107
2541 2.020925 107
2542 2.144537 107
2543 0.720934 107
2544 0.948637 107
2545 2.577951 107
2546 2.587966 107
2547 1.991371 107
2548 26.696386 107
2549 1.879154 107
2550 1.432701 101
2551 1.339495 101
2552 0.267907 101
2553 2.544242 101
2554 0.069664 101
2555 2.615259 101
2556 1.358625 101
2557 1.974154 101
2558 1.239779 101
2559 1.310218 101
2560 0.881696 101
2561 1.072713 101
2562 1.015244 101
2563 0.000000 101
2564 0.000000 101
2565 0.000000 101
2566 0.000000 101
2567 0.000000 101
2568 0.000000 101
2569 0.000000 101
2570 0.000000 101
2571 0.000000 101
2572 0.000000 101
2573 0.000000 101
2574 0.000000 101
2575 0.000000 101
2576 0.000000 101
2577 0.000000 101
2578 0.000000 101
2579 0.000000 101
2580 0.000000 101
2581 0.000000 101
2582 0.000000 101
2583 0.000000 101
2584 0.000000 101
2585 0.000000 101
2586 0.000000 101
2587 0.000000 101
2588 0.000000 101
2589 0.000000 101
2590 0.000000 101
2591 0.000000 101
2592 0.000000 101
2593 0.000000 101
2594 0.000000 101
2595 0.000000 101
2596 0.000000 101
2597 0.000000 101
2598 0.000000 101
2599 0.000000 101
2600 0.000000 101
2601 0.000000 101
2602 0.000000 101
2603 0.000000 101
2604 0.000000 101
2605 0.000000 101
2606 0.000000 101
2607 0.000000 101
2608 0.000000 101
2609 0.000000 101
2610 0.000000 101
2611 0.000000 101
2612 0.000000 101
2613 0.000000 101
2614 0.000000 101
2615 0.000000 101
2616 0.000000 101
2617 0.000000 101
2618 0.000000 101
2619 0.000000 101
2620 0.000000 101
2621 0.000000 101
2622 0.000000 101
2623 0.000000 101
2624 0.000000 101
2625 0.000000 101
2626 0.000000 101
2627 0.000000 101
2628 0.000000 101
2629 0.000000 101
2630 0.000000 101
2631 0.000000 101
2632 0.000000 101
2633 0.000000 101
2634 0.000000 101
2635 0.000000 101
2636 0.000000 101
2637 0.000000 101
2638 0.000000 101
2639 0.000000 101
2640 0.000000 101
2641 0.000000 101
2642 0.000000 101
2643 0.000000 101
2644 0.000000 101
2645 0.000000 101
2646 0.000000 101
2647 0.000000 101
2648 0.000000 101
2649 0.000000 101
2650 0.000000 102
2651 0.000000 102
2652 0.000000 102
2653 0.000000 102
2654 0.000000 102
2655 0.000000 102
2656 0.000000 102
2657 0.000000 102
2658 0.000000 102
2659 0.000000 102
2660 0.000000 102
2661 0.000000 102
2662 0.000000 102
2663 4.365627 102
2664 6.782628 102
2665 2.437218 102
2666 8.927074 102
2667 0.000000 102
2668 0.000000 102
2669 0.000000 102
2670 0.000000 102
2671 0.000000 102
2672 0.000000 102
2673 0.000000 102
2674 0.000000 102
2675 0.000000 102
2676 0.000000 102
2677 0.000000 102
2678 0.000000 102
2679 0.000000 102
2680 0.000000 102
2681 0.000000 102
2682 0.000176 102
2683 0.000000 102
2684 0.000000 102
2685 0.000000 102
2686 0.000000 102
2687 0.000524 102
2688 0.000645 102
2689 0.000554 102
2690 0.001113 102
2691 0.000216 102
2692 0.000829 102
2693 0.001216 102
2694 0.001092 102
2695 0.000956 102
2696 0.000745 102
2697 0.000897 102
2698 0.001948 102
2699 0.002756 102
2700 0.000000 100
2701 0.000000 100
2702 0.000000 100
2703 0.000000 100
2704 0.000000 100
2705 0.000000 100
2706 0.000000 100
2707 0.000000 100
2708 0.000000 100
2709 0.000000 100
2710 0.000000 100
2711 3.110752 100
2712 2.763489 100
2713 2.907440 100
2714 37.601035 100
2715 2.801003 100
2716 229.544808 100
2717 3.491330 100
2718 64.736165 100
2719 1.562836 100
2720 2.051333 100
2721 23.573584 100
2722 3.334334 100
2723 2.659360 100
2724 3.721328 100
2725 4.454968 100
2726 4.051687 100
2727 4.204265 100
2728 4.526570 100
2729 14.727263 100
2730 147.986231 100
2731 3.939349 100
2732 3.696470 100
2733 217.085795 100
2734 3.954340 100
2735 7.987947 100
2736 2.621633 100
2737 7.270387 100
2738 4.871159 100
2739 5.097753 100
2740 4.241765 100
2741 4.332185 100
2742 5.049347 100
2743 47.579435 100
2744 4.590707 100
2745 4.654638 100
2746 13.905696 100
2747 2.871940 100
2748 29.390855 100
2749 2.856996 100
2750 7.527030 95
2751 3.750055 95
2752 8.005746 95
2753 4.431446 95
2754 2.316520 95
2755 5.929629 95
2756 2.348395 95
2757 2.898678 95
2758 2.814224 95
2759 2.013147 95
2760 1.032029 95
2761 1.112469 95
2762 0.911840 95
2763 1.240917 95
2764 0.962083 95
2765 0.977762 95
2766 0.942122 95
2767 1.011395 95
2768 1.213494 95
2769 1.033581 95
2770 1.365677 95
2771 1.259770 95
2772 1.207579 95
2773 1.339773 95
2774 1.080309 95
2775 0.995649 95
2776 1.585896 95
2777 0.980435 95
2778 1.249158 95
2779 1.264935 95
2780 1.339382 95
2781 1.148910 95
2782 1.362180 95
2783 1.141852 95
2784 1.208673 95
2785 1.794501 95
2786 1.419130 95
2787 1.028984 95
2788 3.807612 95
2789 1.293711 95
2790 1.760185 95
2791 1.702539 95
2792 2.380406 95
2793 2.977543 95
2794 1.892628 95
2795 1.832590 95
2796 1.839435 95
2797 1.777240 95
2798 1.581390 95
2799 1.946634 95
2800 2.042287 99
2801 2.442444 99
2802 2.102739 99
2803 2.444815 99
2804 2.570725 99
2805 2.143560 99
2806 2.214243 99
2807 2.609657 99
2808 1.791331 99
2809 2.504911 99
2810 2.195726 99
2811 1.988456 99
2812 1.888172 99
2813 1.949509 99
2814 2.068323 99
2815 1.857631 99
2816 4.489805 99
2817 3.315573 99
2818 4.541744 99
2819 0.000000 99
2820 0.000000 99
2821 0.000000 99
2822 0.000000 99
2823 0.000000 99
2824 0.000000 99
2825 0.000000 99
2826 0.000000 99
2827 0.000000 99
2828 0.000000 99
2829 0.000000 99
2830 0.000000 99
2831 0.000000 99
2832 0.000000 99
2833 0.000000 99
2834 0.000000 99
2835 0.000000 99
2836 0.000000 99
2837 0.000000 99
2838 0.000000 99
2839 3.557383 99
2840 7.611005 99
2841 8.013925 99
2842 3.086482 99
2843 5.854084 99
2844 7.659871 99
2845 7.720591 99
2846 2.273117 99
2847 4.687867 99
2848 4.841455 99
2849 4.967926 99
2850 1.928571 103
2851 4.396156 103
2852 4.085778 103
2853 4.201238 103
2854 3.728822 103
2855 8.252556 103
2856 8.686378 103
2857 3.924772 103
2858 5.702558 103
2859 5.620089 103
2860 5.708147 103
2861 0.940453 103
2862 3.361582 103
2863 1.554747 103
2864 3.190396 103
2865 3.536690 103
2866 6.614811 103
2867 18.464442 103
2868 8.548050 103
2869 2.852910 103
2870 5.720722 103
2871 6.099402 103
2872 6.876359 103
2873 0.215280 103
2874 0.256968 103
2875 0.379677 103
2876 0.360501 103
2877 0.389730 103
2878 0.345207 103
2879 0.379650 103
2880 0.400731 103
2881 0.463098 103
2882 0.531201 103
2883 0.577426 103
2884 0.443176 103
2885 0.520576 103
2886 0.518472 103
2887 0.479739 103
2888 0.506171 103
2889 0.617549 103
2890 0.559927 103
2891 0.761176 103
2892 0.893705 103
2893 0.985318 103
2894 3.332506 103
2895 3.126849 103
2896 10.016860 103
2897 99.570953 103
2898 4.073039 103
2899 4.239141 103
2900 1.373734 84
2901 2.831872 84
2902 3.118164 84
2903 3.372328 84
2904 1.923916 84
2905 4.880562 84
2906 5.150199 84
2907 4.740975 84
2908 2.307004 84
2909 4.621726 84
2910 5.102799 84
2911 2.379137 84
2912 4.409070 84
2913 4.578120 84
2914 4.008882 84
2915 4.600937 84
2916 3.097298 84
2917 6.546669 84
2918 7.588679 84
2919 6.884087 84
2920 1.446401 84
2921 4.776604 84
2922 4.510910 84
2923 1.708121 84
2924 3.675090 84
2925 3.940377 84
2926 3.612967 84
2927 2.483094 84
2928 7.960306 84
2929 7.972259 84
2930 8.493110 84
2931 1.130907 84
2932 3.938044 84
2933 3.694358 84
2934 3.627281 84
2935 1.122660 84
2936 3.113280 84
2937 2.196273 84
2938 9.250239 84
2939 9.878503 84
2940 9.210840 84
2941 9.959126 84
2942 9.046399 84
2943 10.084004 84
2944 2.609493 84
2945 5.547397 84
2946 5.412876 84
2947 5.884250 84
2948 3.786693 84
2949 4.556660 84
2950 2.007340 96
2951 3.755479 96
2952 4.108077 96
2953 1.466652 96
2954 3.443381 96
2955 1.558041 96
2956 3.878108 96
2957 3.447917 96
2958 1.598667 96
2959 3.826675 96
2960 3.844320 96
2961 3.571612 96
2962 2.118796 96
2963 5.804777 96
2964 5.475671 96
2965 2.541639 96
2966 6.629787 96
2967 6.525400 96
2968 6.933256 96
2969 25.831765 96
2970 31.274427 96
2971 1.798760 96
2972 0.725117 96
2973 4.254432 96
2974 3.640967 96
2975 2.599035 96
2976 8.827883 96
2977 9.353496 96
2978 2.301685 96
2979 5.074822 96
2980 5.388830 96
2981 1.009578 96
2982 2.277942 96
2983 1.779629 96
2984 5.026337 96
2985 1.979297 96
2986 4.096110 96
2987 4.532978 96
2988 2.267478 96
2989 5.573772 96
2990 1.419028 96
2991 2.521398 96
2992 5.365949 96
2993 3.818332 96
2994 9.224500 96
2995 1.955118 96
2996 5.065553 96
2997 2.316069 96
2998 6.567526 96
2999 0.000000 96
3000 0.045449 100
3001 0.000000 100
3002 0.000000 100
3003 0.000000 100
3004 0.000000 100
3005 0.000000 100
3006 0.000000 100
3007 0.000000 100
3008 34.923404 100
3009 289.516556 100
3010 99.444725 100
3011 497.815180 100
3012 166.379282 100
3013 434.773924 100
3014 232.821125 100
3015 270.994698 100
3016 393.895633 100
3017 493.514927 100
3018 101.620129 100
3019 119.432398 100
3020 59.191751 100
3021 259.276934 100
3022 1.284876 100
3023 2.489152 100
3024 2.640398 100
3025 2.327029 100
3026 6.966250 100
3027 0.000000 100
3028 0.000000 100
3029 0.000000 100
3030 1.552930 100
3031 3.423682 100
3032 1.863737 100
3033 5.057123 100
3034 2.733900 100
3035 7.554464 100
3036 62.222335 100
3037 84.731038 100
3038 84.413758 100
3039 4.206618 100
3040 10.510731 100
3041 2.893154 100
3042 6.867720 100
3043 2.432738 100
3044 10.429469 100
3045 3.011156 100
3046 8.155428 100
3047 7.957996 100
3048 3.018884 100
3049 7.704539 100
3050 2.172830 91
3051 6.581050 91
3052 1.546821 91
3053 4.923788 91
3054 3.446572 91
3055 2.505261 91
3056 6.138604 91
3057 1.210777 91
3058 2.742828 91
3059 2.152625 91
3060 1.314217 91
3061 3.675311 91
3062 0.457466 91
3063 0.591650 91
3064 0.310780 91
3065 0.257359 91
3066 0.145075 91
3067 3.695387 91
3068 9.375034 91
3069 3.951781 91
3070 2.659349 91
3071 3.696442 91
3072 4.067850 91
3073 3.693315 91
3074 3.927359 91
3075 3.865569 91
3076 3.783276 91
3077 3.579784 91
3078 3.754617 91
3079 3.616811 91
3080 3.750771 91
3081 3.773584 91
3082 3.898779 91
3083 3.655356 91
3084 3.847206 91
3085 3.890590 91
3086 4.826847 91
3087 6.563815 91
3088 5.597056 91
3089 10.544771 91
3090 79.072458 91
3091 14.684023 91
3092 5.335004 91
3093 5.698312 91
3094 8.617484 91
3095 10.083071 91
3096 7.245604 91
3097 0.541205 91
3098 1.052209 91
3099 1.043353 91
3100 0.473960 97
3101 0.877466 97
3102 0.893299 97
3103 0.837053 97
3104 0.844367 97
3105 0.900454 97
3106 0.880683 97
3107 0.892487 97
3108 0.715134 97
3109 1.449493 97
3110 1.624548 97
3111 24.962401 97
3112 1.454165 97
3113 428.597010 97
3114 17.069185 97
3115 2.102315 97
3116 3.604744 97
3117 5.744529 97
3118 4.329499 97
3119 5.291935 97
3120 43.913929 97
3121 1.431107 97
3122 4.144594 97
3123 4.007992 97
3124 1.182172 97
3125 1.047424 97
3126 3.617956 97
3127 4.575736 97
3128 3.682586 97
3129 3.606439 97
3130 3.562630 97
3131 3.999386 97
3132 1.404063 97
3133 4.689481 97
3134 7.381213 97
3135 7.927193 97
3136 7.000449 97
3137 7.137428 97
3138 7.367813 97
3139 4.221220 97
3140 7.372135 97
3141 6.803352 97
3142 10.549275 97
3143 9.645678 97
3144 11.137798 97
3145 12.844164 97
3146 6.415721 97
3147 2.710513 97
3148 3.630186 97
3149 3.723340 97
3150 2.951842 103
3151 6.388528 103
3152 3.008910 103
3153 5.276752 103
3154 24.068342 103
3155 6.816469 103
3156 4.476201 103
3157 30.822018 103
3158 8.668009 103
3159 7.773790 103
3160 4.725879 103
3161 3.045970 103
3162 4.842200 103
3163 290.018522 103
3164 11.264949 103
3165 17.157109 103
3166 3.896386 103
3167 3.030495 103
3168 4.402698 103
3169 5.344448 103
3170 5.061464 103
3171 10.331225 103
3172 8.800516 103
3173 10.604510 103
3174 6.624831 103
3175 4.948678 103
3176 5.891180 103
3177 12.669441 103
3178 5.112038 103
3179 6.027923 103
3180 8.109676 103
3181 8.350584 103
3182 7.179248 103
3183 7.768919 103
3184 7.138620 103
3185 5.378673 103
3186 0.000000 103
3187 0.000000 103
3188 0.000000 103
3189 0.000000 103
3190 0.000000 103
3191 0.000000 103
3192 2.992359 103
3193 94.754701 103
3194 8.433259 103
3195 6.608136 103
3196 2.675277 103
3197 4.727351 103
3198 4.874032 103
3199 3.749291 103
3200 3.205185 108
3201 6.940642 108
3202 16.317121 108
3203 16.313479 108
3204 14.589396 108
3205 13.195426 108
3206 3.347464 108
3207 13.838769 107
3208 3.469172 108
3209 11.270700 108
3210 2.118269 108
3211 142.953741 108
3212 3.594064 108
3213 2.846036 108
3214 17.289255 108
3215 3.318083 108
3216 6.400725 108
3217 8.947541 108
3218 11.161942 108
3219 12.297290 108
3220 16.212176 108
3221 13.453665 108
3222 4.294932 108
3223 9.535053 108
3224 9.184802 108
3225 9.257150 108
3226 1.460042 108
3227 2.192231 108
3228 2.200289 108
3229 3.933366 108
3230 2.138311 108
3231 1.811627 108
3232 3.041024 108
3233 5.735760 108
3234 52.557014 108
3235 2.697878 108
3236 2.398680 108
3237 1.780923 108
3238 4.321324 108
3239 3.304701 108
3240 2.191696 108
3241 5.713900 108
3242 8.635922 108
3243 5.090550 107
3244 1.843164 108
3245 1.522068 108
3246 0.090945 108
3247 0.160079 108
3248 0.153613 108
3249 5.855345 108
3250 1.586510 107
3251 3.399042 107
3252 3.195824 107
3253 3.295555 107
3254 2.263199 107
3255 3.549799 107
3256 1.498083 107
3257 2.767168 107
3258 3.032995 107
3259 2.764238 107
3260 2.862452 107
3261 16.847220 107
3262 2.911925 107
3263 0.728424 107
3264 1.521855 107
3265 4.611809 107
3266 2.221452 107
3267 3.622751 107
3268 4.556800 107
3269 3.944160 107
3270 4.328356 107
3271 4.272874 107
3272 0.758149 107
3273 9.170333 107
3274 5.499878 107
3275 22.734748 107
3276 2.052359 107
3277 3.019851 107
3278 3.463702 107
3279 9.199269 107
3280 2.542652 107
3281 1.496435 107
3282 21.864130 107
3283 4.403201 107
3284 5.206898 107
3285 1.959354 107
3286 5.294188 107
3287 5.452824 107
3288 6.294023 107
3289 6.646763 107
3290 1.308427 107
3291 4.671117 107
3292 2.148962 107
3293 4.290587 107
3294 2.022351 107
3295 36.709975 107
3296 4.581774 107
3297 1.383087 107
3298 14.632652 107
3299 1.584141 107
3300 1.686304 117
3301 0.927452 117
3302 97.725877 117
3303 185.768737 117
3304 187.057183 117
3305 180.234261 117
3306 0.230779 117
3307 0.188116 117
3308 0.271994 117
3309 0.211622 117
3310 0.240222 117
3311 3.379898 117
3312 4.984123 117
3313 4.100218 117
3314 4.486871 117
3315 7.110608 117
3316 8.445784 117
3317 70.699570 117
3318 38.265740 117
3319 69.771276 117
3320 72.734561 117
3321 72.504817 117
3322 3.939777 117
3323 4.363405 117
3324 4.908388 117
3325 10.449350 117
3326 5.352898 117
3327 1.630828 117
3328 2.672067 117
3329 34.987794 117
3330 2.865055 117
3331 34.120777 117
3332 3.406741 117
3333 3.374902 117
3334 8.283592 117
3335 0.141081 117
3336 6.942490 117
3337 3.873345 117
3338 7.304417 117
3339 2.641513 117
3340 17.473788 117
3341 3.523166 117
3342 2.270808 117
3343 4.386826 117
3344 4.565766 117
3345 3.458009 117
3346 8.421910 117
3347 8.272892 117
3348 4.060037 117
3349 1.422725 117
3350 4.459611 82
3351 1.123238 82
3352 1.641191 82
3353 2.109534 82
3354 2.229844 82
3355 5.999261 82
3356 10.225885 82
3357 19.312614 82
3358 27.565968 82
3359 4.049663 82
3360 1.344230 82
3361 6.590414 82
3362 1.283519 82
3363 6.073214 82
3364 12.323460 82
3365 12.690401 82
3366 11.579165 82
3367 6.587989 82
3368 4.830443 82
3369 206.006463 82
3370 2.335534 82
3371 2.412518 82
3372 6.527334 82
3373 5.292436 82
3374 1.621587 82
3375 3.632272 82
3376 7.167666 82
3377 4.641434 82
3378 2.550560 82
3379 6.309864 82
3380 5.298662 82
3381 1.733801 82
3382 3.649332 82
3383 3.508890 82
3384 2.545065 82
3385 5.011036 82
3386 6.307778 82
3387 1.374086 82
3388 1.628036 82
3389 3.678299 82
3390 3.349587 82
3391 69.846252 82
3392 150.967121 82
3393 173.504952 82
3394 0.000000 82
3395 14.215620 82
3396 18.700298 82
3397 19.013721 82
3398 0.000000 82
3399 2.724560 82
3400 3.566939 93
3401 2.466361 93
3402 2.355580 93
3403 8.764627 93
3404 1.700510 93
3405 6.188126 93
3406 4.931288 93
3407 1.532617 93
3408 1.225965 93
3409 2.438188 93
3410 6.967726 93
3411 5.293857 93
3412 3.314498 93
3413 2.376520 93
3414 5.444600 93
3415 6.185834 93
3416 4.332424 93
3417 2.435302 93
3418 6.274885 93
3419 5.061206 93
3420 2.377494 93
3421 6.396217 93
3422 5.408680 93
3423 24.517002 93
3424 53.939954 93
3425 62.047259 93
3426 4.925937 93
3427 5.263609 93
3428 4.244725 93
3429 4.218169 93
3430 2.479816 93
3431 5.088507 93
3432 6.460609 93
3433 2.600856 93
3434 6.206104 93
3435 5.697050 93
3436 2.580344 93
3437 6.426076 93
3438 5.378085 93
3439 1.703208 93
3440 4.405454 93
3441 2.378386 93
3442 5.845983 93
3443 5.842281 93
3444 36.573985 93
3445 20.783170 93
3446 5.121496 93
3447 43.196772 93
3448 35.398952 93
3449 17.543891 93
3450 33.803158 113
3451 3.163160 113
3452 6.864112 113
3453 12.477057 113
3454 11.366468 113
3455 2.759920 113
3456 6.618007 113
3457 6.676923 113
3458 2.037281 113
3459 2.360971 113
3460 5.978259 113
3461 1.449028 113
3462 2.009368 113
3463 1.812512 113
3464 1.175881 113
3465 2.757153 113
3466 1.644837 113
3467 1.927602 113
3468 2.056486 113
3469 5.465510 113
3470 11.833816 113
3471 3.856966 113
3472 0.000000 113
3473 0.000000 113
3474 3.120014 113
3475 2.617063 113
3476 5.197653 113
3477 6.685245 113
3478 0.645491 113
3479 0.966003 113
3480 7.576717 113
3481 21.620332 113
3482 17.393609 113
3483 2.528767 113
3484 5.222145 113
3485 6.272697 113
3486 12.820434 113
3487 2.024550 113
3488 2.731980 113
3489 2.757039 113
3490 4.671155 113
3491 15.066823 113
3492 2.267318 113
3493 6.652459 113
3494 5.417157 113
3495 2.684624 113
3496 6.612240 113
3497 4.904798 113
3498 2.656069 113
3499 6.476676 113
3500 2.364534 94
3501 2.098086 94
3502 6.826252 94
3503 5.480019 94
3504 2.268307 94
3505 5.023970 94
3506 6.096990 94
3507 2.205584 94
3508 5.236465 94
3509 6.215507 94
3510 2.405785 94
3511 6.310466 94
3512 5.123397 94
3513 17.744277 94
3514 20.702982 94
3515 21.826118 94
3516 3.800422 94
3517 2.609012 94
3518 6.588306 94
3519 5.253242 94
3520 359.200366 94
3521 2.604620 94
3522 5.618665 94
3523 7.028602 94
3524 2.818366 94
3525 7.406117 94
3526 5.543688 94
3527 0.792066 94
3528 1.211081 94
3529 1.610893 94
3530 1.489107 94
3531 2.944260 94
3532 5.557293 94
3533 7.239550 94
3534 19.990121 94
3535 2.654318 94
3536 6.174923 94
3537 7.519436 94
3538 6.694577 94
3539 1.367178 94
3540 1.273478 94
3541 8.219655 94
3542 2.135318 94
3543 1.923348 94
3544 3.033406 94
3545 1.683526 94
3546 5.014809 94
3547 4.576629 94
3548 3.729801 94
3549 2.157059 94
3550 1.669206 104
3551 2.808019 104
3552 2.275824 104
3553 2.730561 104
3554 28.591485 104
3555 4.200167 104
3556 5.954030 104
3557 28.306340 104
3558 1.723908 104
3559 2.177814 104
3560 12.998378 104
3561 148.931933 104
3562 1.666565 104
3563 4.095243 104
3564 11.070108 104
3565 1.881276 104
3566 0.279398 104
3567 4.829609 104
3568 1.887725 104
3569 3.395434 104
3570 2.289042 104
3571 4.669810 104
3572 2.061146 104
3573 0.549686 104
3574 2.108493 104
3575 5.992813 104
3576 5.157371 104
3577 2.010821 104
3578 12.683472 104
3579 98.968450 104
3580 2.000022 104
3581 14.628931 103
3582 0.645166 104
3583 1.134408 104
3584 3.985088 104
3585 19.835365 104
3586 42.197630 104
3587 3.513691 104
3588 4.832966 104
3589 1.637287 104
3590 2.042422 104
3591 1.144556 104
3592 11.655365 104
3593 34.673494 104
3594 2.590491 104
3595 7.916563 104
3596 2.052603 104
3597 5.425467 104
3598 1.428413 104
3599 4.426828 104
3600 4.072998 93
3601 22.546879 93
3602 2.473569 93
3603 3.434977 93
3604 0.278212 93
3605 1.231923 93
3606 0.833292 93
3607 1.799087 93
3608 9.235417 93
3609 1.493984 93
3610 6.187586 93
3611 0.000000 93
3612 1.722350 93
3613 1.773587 93
3614 2.573268 93
3615 8.576983 93
3616 6.620915 93
3617 12.014130 93
3618 1.360107 93
3619 3.158256 93
3620 18.119187 93
3621 2.699554 93
3622 21.298139 93
3623 3.291284 93
3624 20.929485 93
3625 3.554374 93
3626 2.357839 93
3627 2.621636 93
3628 1.439090 93
3629 1.488219 93
3630 15.695999 93
3631 5.470894 93
3632 1.677074 93
3633 1.518043 93
3634 4.096208 93
3635 5.801021 93
3636 0.781480 93
3637 2.124542 93
3638 91.889713 93
3639 3.333420 93
3640 16.161718 93
3641 4.127860 93
3642 5.040541 93
3643 2.991553 93
3644 0.283241 93
3645 3.245702 93
3646 1.397841 93
3647 50.128410 93
3648 0.014465 93
3649 3.220207 93
3650 3.577678 112
3651 4.100048 112
3652 1.161008 112
3653 2.212503 112
3654 0.787520 112
3655 0.534634 112
3656 2.331090 112
3657 0.000000 112
3658 0.183615 112
3659 16.353263 112
3660 55.784971 112
3661 4.228363 112
3662 16.545742 112
3663 4.829229 112
3664 1.246900 112
3665 2.506963 112
3666 12.617219 112
3667 8.118826 112
3668 12.046726 112
3669 2.210713 112
3670 25.817716 112
3671 5.403243 112
3672 0.752325 112
3673 3.713731 112
3674 1.583673 112
3675 3.281732 112
3676 34.962687 112
3677 97.769563 112
3678 0.027778 112
3679 1.439002 112
3680 1.799706 112
3681 2.225102 112
3682 2.828648 112
3683 2.238990 112
3684 0.000000 112
3685 1.367511 112
3686 0.889225 112
3687 17.692098 112
3688 2.200578 112
3689 0.218230 112
3690 3.024948 112
3691 254.671005 112
3692 0.695336 112
3693 2.443349 112
3694 2.070196 112
3695 20.022043 112
3696 2.170460 112
3697 6.442081 112
3698 2.235743 112
3699 0.720107 112
3700 0.814320 99
3701 2.019758 99
3702 6.941288 99
3703 2.405036 99
3704 2.293721 99
3705 1.959719 99
3706 0.932292 99
3707 6.470795 99
3708 0.395907 99
3709 2.654805 99
3710 4.071051 99
3711 0.191834 99
3712 10.003396 99
3713 1.673777 99
3714 4.139160 99
3715 4.248579 99
3716 1.724141 99
3717 1.554562 99
3718 2.301704 99
3719 2.130321 99
3720 0.012739 99
3721 2.074533 99
3722 11.637983 99
3723 0.638690 99
3724 2.370673 99
3725 1.999163 99
3726 2.776913 99
3727 2.126134 99
3728 1.646366 99
3729 2.400789 99
3730 2.238330 99
3731 6.724641 99
3732 13.365348 99
3733 2.733009 99
3734 2.534838 99
3735 18.162227 99
3736 2.794646 99
3737 1.130418 99
3738 92.622425 99
3739 1.752656 99
3740 2.977095 99
3741 3.077843 99
3742 2.646707 99
3743 2.576299 99
3744 20.438180 99
3745 7.474486 99
3746 1.282127 99
3747 2.985880 99
3748 1.869409 99
3749 0.000000 99
3750 7.968386 110
3751 2.256812 110
3752 7.149239 110
3753 0.685879 110
3754 1.958030 110
3755 1.293320 110
3756 13.475999 110
3757 2.345292 110
3758 2.667586 110
3759 1.370969 110
3760 1.489785 110
3761 1.925946 110
3762 0.004507 110
3763 1.761746 110
3764 2.310094 110
3765 2.710872 110
3766 0.996212 110
3767 0.000000 110
3768 16.598739 110
3769 2.419720 110
3770 3.635353 110
3771 1.348202 110
3772 2.135650 110
3773 5.809555 110
3774 6.443282 110
3775 1.464067 110
3776 0.051423 110
3777 2.753680 110
3778 381.500720 110
3779 1.936536 110
3780 2.375604 110
3781 16.220827 110
3782 83.851769 110
3783 73.122262 110
3784 2.136247 110
3785 2.510854 110
3786 0.000000 110
3787 2.660904 110
3788 1.454187 110
3789 15.421860 110
3790 2.573044 110
3791 2.601727 110
3792 2.320554 110
3793 1.024650 110
3794 2.600018 110
3795 4.745743 110
3796 1.060269 110
3797 2.616105 110
3798 3.422778 110
3799 3.282044 110
3800 1.377258 107
3801 2.532281 107
3802 0.090392 107
3803 3.547174 107
3804 3.492637 107
3805 3.393497 107
3806 3.089468 107
3807 1.215940 107
3808 3.600540 107
3809 12.197529 107
3810 1.389862 107
3811 1.857023 107
3812 1.126958 107
3813 0.623899 107
3814 5.827831 107
3815 3.843855 107
3816 1.959076 107
3817 1.933241 107
3818 2.295167 107
3819 2.600343 107
3820 6.061038 107
3821 0.375061 107
3822 7.714608 107
3823 2.397958 107
3824 17.112336 107
3825 19.638213 107
3826 0.403603 107
3827 3.631911 107
3828 1.322838 107
3829 0.956704 107
3830 21.570332 107
3831 1.947913 107
3832 20.124773 107
3833 1.458188 107
3834 3.002209 107
3835 1.788248 107
3836 3.257028 107
3837 35.252084 107
3838 54.467171 107
3839 3.430312 107
3840 0.000000 107
3841 2.514467 107
3842 40.415191 107
3843 4.372173 107
3844 1.667286 107
3845 2.311618 107
3846 2.256821 107
3847 17.094288 107
3848 2.381122 107
3849 0.000000 107
3850 1.877814 104
3851 4.440905 104
3852 1.527232 104
3853 1.796037 104
3854 1.852331 104
3855 0.003654 104
3856 1.645030 104
3857 2.667854 104
3858 0.000000 104
3859 4.587656 104
3860 3.273329 104
3861 3.765325 104
3862 1.424836 104
3863 1.233499 104
3864 3.135145 104
3865 35.959583 104
3866 2.852303 104
3867 5.150219 104
3868 2.966578 104
3869 2.286204 104
3870 3.597264 104
3871 1.893176 104
3872 1.073188 104
3873 1.978084 104
3874 2.113762 104
3875 2.372042 104
3876 1.385436 104
3877 3.710394 104
3878 3.791849 104
3879 2.263476 104
3880 2.245302 104
3881 2.316592 104
3882 6.581154 104
3883 2.469726 104
3884 3.341276 104
3885 0.869111 104
3886 0.600407 104
3887 3.628252 104
3888 48.490269 104
3889 17.306818 104
3890 6.528647 104
3891 7.626002 104
3892 2.325619 104
3893 1.929663 104
3894 1.213510 104
3895 2.597879 104
3896 5.036168 104
3897 3.719956 104
3898 1.687554 104
3899 3.413074 104
3900 137.331950 111
3901 1.832241 111
3902 3.316451 111
3903 2.196231 111
3904 1.576841 111
3905 1.646521 111
3906 0.000000 111
3907 1.144496 111
3908 3.437994 111
3909 0.273963 111
3910 2.529640 111
3911 1.618860 111
3912 1.848316 111
3913 2.567164 111
3914 2.543864 111
3915 2.448406 111
3916 1.920380 111
3917 2.093325 111
3918 1.003697 111
3919 1.215983 111
3920 1.825091 111
3921 0.970525 111
3922 1.066098 111
3923 1.938188 111
3924 6.377445 111
3925 1.867447 111
3926 28.681418 111
3927 14.077870 111
3928 2.003469 111
3929 50.790004 111
3930 1.683245 111
3931 3.301594 111
3932 1.336346 111
3933 1.617648 111
3934 2.944313 111
3935 2.381374 111
3936 2.501562 111
3937 2.453702 111
3938 1.171238 111
3939 14.046551 111
3940 0.004611 111
3941 3.620205 111
3942 2.347737 111
3943 0.953066 111
3944 2.174719 111
3945 37.529912 111
3946 1.930252 111
3947 2.308104 111
3948 2.153195 111
3949 15.377243 111
3950 0.891420 118
3951 2.056066 118
3952 6.087252 118
3953 0.417148 118
3954 1.413187 118
3955 44.617609 118
3956 52.097000 118
3957 2.050320 118
3958 1.754420 118
3959 6.373453 118
3960 0.000000 118
3961 1.629190 118
3962 1.545934 118
3963 4.990683 118
3964 5.593539 118
3965 16.535197 118
3966 2.994297 118
3967 12.615625 118
3968 1.016286 118
3969 0.438690 118
3970 16.381809 118
3971 2.792620 118
3972 2.698037 118
3973 0.000000 118
3974 3.517139 118
3975 0.160458 118
3976 2.047396 118
3977 0.933751 118
3978 1.932763 118
3979 1.820627 118
3980 0.000000 118
3981 2.669899 118
3982 3.203160 118
3983 3.375741 118
3984 2.456844 118
3985 1.281466 118
3986 0.080274 118
3987 1.484252 118
3988 5.164979 118
3989 0.634111 118
3990 2.918898 118
3991 0.522075 118
3992 10.459942 118
3993 0.497784 118
3994 0.491718 118
3995 0.727630 118
3996 0.716496 118
3997 0.680862 118
3998 1.688247 118
3999 1.045353 118
4000 0.222427 112
4001 0.444685 112
4002 3.080783 112
4003 1.700556 112
4004 2.526026 112
4005 2.093798 112
4006 0.775543 112
4007 4.750231 112
4008 0.394952 112
4009 2.067324 112
4010 0.641015 112
4011 1.504575 112
4012 2.820556 112
4013 6.973920 112
4014 4.565333 112
4015 0.400078 112
4016 0.538107 112
4017 1.277829 112
4018 1.235769 112
4019 0.433251 112
4020 2.756482 112
4021 1.178015 112
4022 3.278044 112
4023 4.200095 112
4024 1.498780 112
4025 2.962799 112
4026 2.063931 112
4027 35.003797 112
4028 1.612740 112
4029 1.720991 112
4030 1.758077 112
4031 333.890048 112
4032 123.398694 112
4033 46.357001 112
4034 5.209768 112
4035 30.880917 112
4036 2.417429 112
4037 1.392432 112
4038 9.299641 112
4039 0.788417 112
4040 0.000000 112
4041 3.507142 112
4042 0.847098 112
4043 2.156035 112
4044 1.170238 112
4045 9.433654 112
4046 24.770360 112
4047 2.304825 112
4048 1.492458 112
4049 1.914026 112
4050 2.871625 120
4051 1.459046 120
4052 0.767302 120
4053 2.308564 120
4054 0.851188 120
4055 1.576651 120
4056 1.795385 120
4057 1.209962 120
4058 0.012587 120
4059 0.579091 120
4060 82.034196 120
4061 2.181414 120
4062 1.872270 120
4063 1.972303 120
4064 1.616819 120
4065 3.251588 120
4066 30.774045 120
4067 0.731612 120
4068 8.917579 120
4069 2.400588 120
4070 1.309198 120
4071 2.836804 120
4072 0.928826 120
4073 1.272091 120
4074 1.506761 120
4075 3.119340 120
4076 6.938339 120
4077 2.233010 120
4078 0.368403 120
4079 0.653328 120
4080 2.365973 120
4081 2.662485 120
4082 2.596994 120
4083 3.194939 120
4084 7.841287 120
4085 0.629390 120
4086 2.954552 120
4087 0.864335 120
4088 3.486284 120
4089 3.257805 120
4090 3.543952 120
4091 4.469658 120
4092 12.300164 120
4093 0.055028 120
4094 8.204976 120
4095 3.243213 120
4096 3.874114 120
4097 2.817793 120
4098 2.060115 120
4099 3.272555 120
4100 3.343653 114
4101 0.382074 114
4102 0.562200 114
4103 2.163142 114
4104 2.276138 114
4105 3.611890 114
4106 28.523152 114
4107 0.004395 114
4108 3.537874 114
4109 3.955311 114
4110 0.663388 114
4111 14.163843 114
4112 97.506570 114
4113 1.868312 114
4114 2.116204 114
4115 3.098296 114
4116 6.321240 114
4117 10.801735 113
4118 4.480553 114
4119 21.998525 114
4120 4.433985 114
4121 0.000000 114
4122 7.914779 114
4123 2.181885 114
4124 2.600054 114
4125 6.355489 114
4126 8.091171 114
4127 3.035020 114
4128 2.317804 114
4129 5.917783 114
4130 3.258182 114
4131 4.185702 114
4132 0.872470 114
4133 1.820121 114
4134 0.000000 114
4135 0.000000 114
4136 3.297577 114
4137 3.063655 114
4138 3.990602 114
4139 4.221779 114
4140 2.412424 114
4141 7.345970 114
4142 5.855331 114
4143 3.610831 114
4144 0.910070 114
4145 2.678573 114
4146 3.095816 114
4147 2.365901 114
4148 3.074777 114
4149 7.405185 114
4150 0.933766 112
4151 4.852717 112
4152 1.567339 112
4153 1.221389 112
4154 6.462174 112
4155 4.665133 112
4156 4.096407 112
4157 2.003895 112
4158 3.203255 112
4159 9.911345 112
4160 1.837877 112
4161 30.648155 112
4162 14.861480 112
4163 13.395438 112
4164 3.313812 112
4165 0.000000 112
4166 12.899079 112
4167 5.357764 112
4168 2.523125 112
4169 0.903740 112
4170 2.388218 112
4171 2.121390 112
4172 9.474666 112
4173 18.974993 112
4174 2.697178 112
4175 3.747113 112
4176 10.556962 112
4177 0.198812 112
4178 0.412383 112
4179 3.252642 112
4180 2.904353 112
4181 5.042804 112
4182 5.034883 112
4183 43.082892 112
4184 13.575159 112
4185 5.871214 112
4186 2.602165 112
4187 3.315551 112
4188 8.759657 112
4189 0.857294 112
4190 6.687119 112
4191 15.968193 112
4192 2.104017 112
4193 2.449523 112
4194 1.202483 112
4195 3.907212 112
4196 0.554084 112
4197 8.144251 112
4198 3.165961 112
4199 3.122416 112
4200 1.428850 116
4201 2.945403 116
4202 2.119248 116
4203 4.270361 116
4204 9.849434 116
4205 5.925077 116
4206 5.345657 116
4207 4.780997 116
4208 6.399879 116
4209 8.868009 116
4210 1.135324 116
4211 4.782738 116
4212 4.645937 116
4213 1.869027 116
4214 4.889527 116
4215 11.403580 116
4216 6.348771 116
4217 1.195889 116
4218 3.105179 116
4219 9.353269 116
4220 1.381470 116
4221 2.328447 116
4222 100.586840 116
4223 0.000000 116
4224 2.436267 116
4225 1.775065 116
4226 1.516911 116
4227 3.787249 116
4228 4.359206 116
4229 2.448585 116
4230 3.533223 116
4231 5.108086 116
4232 2.220108 116
4233 1.713919 116
4234 2.027547 116
4235 3.278719 116
4236 0.753997 116
4237 0.888197 116
4238 2.091686 116
4239 1.684838 116
4240 3.556112 116
4241 3.431002 116
4242 1.919608 116
4243 4.417722 116
4244 3.843363 116
4245 4.168301 116
4246 0.978919 116
4247 0.623031 116
4248 1.111434 116
4249 0.669685 116
4250 0.135426 101
4251 0.138157 101
4252 1.751418 101
4253 2.727791 101
4254 1.343059 101
4255 1.162025 101
4256 2.003139 101
4257 2.721961 101
4258 1.114329 101
4259 1.634457 101
4260 1.761255 101
4261 2.452547 101
4262 0.997931 101
4263 0.906871 101
4264 2.113585 101
4265 1.691199 101
4266 2.885001 101
4267 1.137147 101
4268 4.277566 101
4269 4.865551 101
4270 7.216446 101
4271 8.016969 101
4272 8.945084 101
4273 9.498090 101
4274 0.000000 101
4275 0.000000 101
4276 0.000000 101
4277 0.000000 101
4278 0.379566 101
4279 1.565085 101
4280 4.296768 101
4281 3.862213 101
4282 0.382533 101
4283 2.796482 101
4284 1.254130 101
4285 15.321246 101
4286 1.262591 101
4287 3.937666 101
4288 0.494282 101
4289 12.183988 101
4290 5.635036 101
4291 12.792271 101
4292 12.263586 101
4293 12.839192 101
4294 13.228738 101
4295 13.175281 101
4296 13.125288 101
4297 12.870369 101
4298 0.000000 101
4299 11.927394 101
4300 3.122480 105
4301 7.644462 105
4302 6.855024 105
4303 8.195746 105
4304 7.462871 105
4305 7.601481 105
4306 0.870723 105
4307 3.515923 105
4308 9.842790 105
4309 9.301355 105
4310 3.436510 105
4311 3.807608 105
4312 5.866544 105
4313 6.471819 105
4314 6.486526 105
4315 7.106079 105
4316 7.012011 105
4317 4.073337 105
4318 27.206589 105
4319 1.387481 105
4320 1.987451 105
4321 2.779221 105
4322 2.728938 105
4323 2.840651 105
4324 3.030328 105
4325 1.011398 105
4326 14.364506 105
4327 3.048401 105
4328 7.668509 105
4329 0.821524 105
4330 12.380527 105
4331 1.248686 105
4332 1.671349 105
4333 1.070101 105
4334 2.399647 105
4335 1.303229 105
4336 0.571218 105
4337 1.040690 105
4338 1.523458 105
4339 3.517086 105
4340 2.225117 105
4341 1.393622 105
4342 1.642758 105
4343 1.064882 105
4344 0.000000 105
4345 0.000000 105
4346 0.000000 105
4347 0.000000 105
4348 0.000000 105
4349 0.000000 105
4350 0.000000 104
4351 1.686171 104
4352 0.551540 104
4353 1.930388 104
4354 2.890280 104
4355 2.376973 104
4356 3.083400 104
4357 1.852633 104
4358 1.797409 104
4359 1.420624 104
4360 0.000000 104
4361 0.000000 104
4362 0.000000 104
4363 0.000000 104
4364 0.000000 104
4365 0.000000 104
4366 0.000000 104
4367 0.000000 104
4368 0.000000 104
4369 0.000000 104
4370 0.000000 104
4371 0.000000 104
4372 0.000000 104
4373 0.000000 104
4374 0.000000 104
4375 0.000000 104
4376 0.000000 104
4377 0.000000 104
4378 0.000000 104
4379 4.182187 104
4380 7.080477 104
4381 17.733303 104
4382 8.784568 104
4383 16.048725 104
4384 5.866382 104
4385 5.630098 104
4386 8.373549 104
4387 6.461069 104
4388 436.843686 104
4389 2.559847 104
4390 5.215705 104
4391 11.906160 104
4392 77.403561 104
4393 10.237524 104
4394 2.982507 104
4395 5.968375 104
4396 5.150342 104
4397 7.710261 104
4398 6.359992 104
4399 6.218065 104
4400 2.131754 87
4401 4.805080 87
4402 5.860807 87
4403 6.295639 87
4404 5.635325 87
4405 6.064645 87
4406 3.508494 87
4407 3.702420 87
4408 3.444858 87
4409 4.316644 87
4410 3.233040 87
4411 2.851098 87
4412 3.302307 87
4413 2.314583 87
4414 21.311208 87
4415 4.324427 87
4416 96.413849 87
4417 1.046052 87
4418 19.957515 87
4419 47.433843 87
4420 3.382532 87
4421 1.171829 87
4422 30.173730 87
4423 22.628340 87
4424 2.676751 87
4425 1.260186 87
4426 16.975443 87
4427 45.744484 87
4428 2.438176 87
4429 9.060828 87
4430 2.491997 87
4431 2.698247 87
4432 56.468443 87
4433 10.387544 87
4434 2.280485 87
4435 52.051630 87
4436 3.091469 87
4437 1.599274 87
4438 39.065883 87
4439 49.437843 87
4440 3.913312 87
4441 1.693332 87
4442 40.377526 87
4443 4.577703 87
4444 54.199079 87
4445 1.195341 87
4446 15.285181 87
4447 2.791078 87
4448 55.814393 87
4449 1.372127 87
4450 9.273435 101
4451 47.659167 101
4452 3.576721 101
4453 2.031208 101
4454 0.843103 101
4455 1.832674 101
4456 1.490401 101
4457 4.818511 101
4458 2.326350 101
4459 5.250135 101
4460 4.415638 101
4461 10.492265 101
4462 2.283987 101
4463 4.849744 101
4464 1.230864 101
4465 3.235954 101
4466 2.907184 101
4467 2.186622 101
4468 2.615473 101
4469 5.947734 101
4470 1.343089 101
4471 2.639665 101
4472 5.089152 101
4473 22.236290 101
4474 44.241049 101
4475 2.766131 101
4476 5.848569 101
4477 13.166364 101
4478 1.030791 101
4479 1.275606 101
4480 7.529571 101
4481 1.337136 101
4482 1.354713 101
4483 0.002262 101
4484 1.825429 101
4485 2.150309 101
4486 2.361413 101
4487 3.610525 101
4488 2.790861 101
4489 1.853526 101
4490 3.100003 101
4491 3.769668 101
4492 19.092589 101
4493 3.989499 101
4494 3.006480 101
4495 0.517367 101
4496 5.784201 101
4497 3.228610 101
4498 3.750893 101
4499 14.057572 101
