0 0.452607 117
1 1.754572 117
2 2.248861 117
3 1.057052 117
4 1.013445 117
5 0.000000 117
6 0.511479 117
7 13.003330 117
8 0.583764 117
9 0.575342 117
10 0.540850 117
11 0.595048 117
12 15.875390 117
13 1.705603 117
14 0.412893 117
15 0.652001 117
16 1.433842 117
17 1.477670 117
18 0.646519 117
19 1.333475 117
20 1.404458 117
21 0.460576 117
22 1.108253 117
23 0.617079 117
24 0.950129 117
25 0.985402 117
26 0.914077 117
27 5.367344 117
28 0.812043 117
29 0.703257 117
30 1.451906 117
31 0.764659 117
32 0.444461 117
33 1.255083 117
34 1.301189 117
35 0.766856 117
36 1.266024 117
37 0.489836 117
38 0.999318 117
39 0.963823 117
40 1.159154 117
41 1.129893 117
42 0.904051 117
43 0.882034 117
44 1.519488 117
45 0.788341 117
46 1.366227 117
47 2.240048 117
48 3.821053 117
49 0.897797 117
50 0.464574 115
51 0.576776 115
52 0.660882 115
53 0.706388 115
54 0.314625 115
55 0.378132 115
56 0.570913 115
57 0.560264 115
58 0.426471 115
59 0.000000 115
60 0.044456 115
61 3.018080 115
62 0.470494 115
63 0.608527 115
64 0.583238 115
65 0.815961 115
66 0.479920 115
67 0.514118 115
68 2.039144 115
69 1.722970 115
70 3.944485 115
71 3.700891 115
72 3.634147 115
73 0.935087 115
74 2.110786 115
75 2.172169 115
76 2.937422 115
77 3.600789 115
78 2.881272 115
79 3.368491 115
80 2.799706 115
81 2.351514 115
82 1.961524 115
83 0.818783 115
84 0.992544 115
85 0.802773 115
86 1.678020 115
87 2.911277 115
88 1.590677 115
89 5.098697 115
90 0.000000 115
91 0.885345 115
92 2.418989 115
93 2.016248 115
94 6.916258 115
95 0.000000 115
96 0.246857 115
97 2.494606 115
98 5.090354 115
99 5.430175 115
100 2.160218 93
101 4.688451 93
102 3.961470 93
103 4.500083 93
104 1.326223 93
105 3.340014 93
106 3.582293 93
107 1.969552 93
108 4.200194 93
109 0.683815 93
110 4.061776 93
111 32.264500 93
112 33.022158 93
113 1.622538 93
114 3.786589 93
115 3.531819 93
116 1.258702 93
117 1.658393 93
118 3.762736 93
119 4.042911 93
120 1.984972 93
121 1.560474 93
122 21.814972 93
123 1.557290 93
124 0.931553 93
125 2.582374 93
126 5.869609 93
127 3.725106 93
128 1.652513 93
129 23.261066 93
130 1.003128 93
131 1.374397 93
132 1.583864 93
133 0.785273 93
134 2.318768 93
135 2.635836 93
136 8.874898 93
137 1.325966 93
138 1.920829 93
139 2.005308 93
140 20.503237 93
141 1.172120 93
142 2.310629 93
143 0.781527 93
144 0.552906 93
145 1.171764 93
146 3.472785 93
147 1.632900 93
148 0.751267 93
149 1.873916 93
150 0.841290 96
151 1.789827 96
152 1.251310 96
153 0.331036 96
154 0.793115 96
155 1.727836 96
156 2.126582 96
157 0.619545 96
158 0.956617 96
159 1.181817 96
160 26.329166 96
161 0.649161 96
162 0.692831 96
163 0.871821 96
164 3.684847 96
165 3.303463 96
166 3.582181 96
167 1.520952 96
168 3.447136 96
169 0.000000 96
170 0.000000 96
171 27.578501 96
172 2.165516 96
173 2.885055 96
174 3.938221 96
175 4.190395 96
176 4.581766 96
177 5.694205 96
178 4.979362 96
179 0.071146 96
180 1.418382 96
181 5.714161 96
182 5.989986 96
183 6.411884 96
184 6.738613 96
185 7.221301 96
186 7.322491 96
187 0.107570 96
188 1.723240 96
189 7.352163 96
190 7.419276 96
191 0.118861 96
192 2.134699 96
193 7.479353 96
194 8.217174 96
195 0.121640 96
196 1.802527 96
197 7.917531 96
198 7.491406 96
199 7.699723 96
200 0.126147 94
201 2.064411 94
202 2.467307 94
203 2.619582 94
204 2.737002 94
205 3.334765 94
206 3.969805 94
207 4.429112 94
208 0.144529 94
209 1.632294 94
210 5.110108 94
211 5.385134 94
212 5.312097 94
213 5.661022 94
214 6.175673 94
215 5.680403 94
216 6.526708 94
217 5.956763 94
218 6.816570 94
219 7.136490 94
220 7.134573 94
221 6.778931 94
222 7.093481 94
223 7.209057 94
224 7.460307 94
225 6.993242 94
226 7.455750 94
227 0.166914 94
228 2.353007 94
229 7.654661 94
230 7.281108 94
231 0.147158 94
232 2.323835 94
233 7.103252 94
234 7.542869 94
235 7.229655 94
236 7.637741 94
237 7.250917 94
238 7.491999 94
239 7.591086 94
240 7.278714 94
241 7.207815 94
242 7.407055 94
243 7.706995 94
244 7.285697 94
245 7.396132 94
246 7.740997 94
247 0.136626 94
248 2.264385 94
249 7.446022 94
250 0.115789 97
251 2.124056 97
252 2.941257 97
253 0.121585 97
254 1.638762 97
255 4.309504 97
256 3.890545 97
257 3.974035 97
258 4.101339 97
259 4.316772 97
260 4.176391 97
261 4.532220 97
262 5.173382 97
263 5.366051 97
264 6.679287 97
265 5.867149 97
266 6.071361 97
267 5.969684 97
268 6.447404 97
269 6.594268 97
270 6.477551 97
271 0.148932 97
272 0.139055 97
273 0.129623 97
274 0.135488 97
275 0.124334 97
276 1.905438 97
277 7.671088 97
278 7.126256 97
279 0.132932 97
280 1.928296 97
281 7.616471 97
282 7.373667 97
283 7.400049 97
284 7.511119 97
285 7.461826 97
286 7.503776 97
287 7.351619 97
288 7.532920 97
289 7.841934 97
290 7.318789 97
291 0.141307 97
292 1.850229 97
293 7.285610 97
294 7.335994 97
295 7.562787 97
296 7.642806 97
297 7.620767 97
298 7.535652 97
299 7.337465 97
300 0.107725 100
301 1.721515 100
302 2.026599 100
303 2.528532 100
304 3.519889 100
305 3.424266 100
306 3.598775 100
307 3.970890 100
308 3.958871 100
309 4.596410 100
310 4.768812 100
311 5.146475 100
312 5.281163 100
313 5.808291 100
314 5.923010 100
315 5.877330 100
316 6.258250 100
317 6.617733 100
318 7.064562 100
319 6.535375 100
320 7.480398 100
321 7.213979 100
322 7.384902 100
323 7.114907 100
324 6.877756 100
325 6.911922 100
326 7.545862 100
327 7.234680 100
328 7.416868 100
329 7.299196 100
330 7.738824 100
331 7.432491 100
332 7.058498 100
333 6.824331 100
334 7.296306 100
335 7.281817 100
336 7.155216 100
337 7.513948 100
338 0.156031 100
339 2.340075 100
340 7.101323 100
341 7.954543 100
342 7.602423 100
343 7.304849 100
344 7.489697 100
345 7.540746 100
346 7.565558 100
347 7.221870 100
348 7.049157 100
349 7.092741 100
350 0.055697 107
351 1.020499 107
352 1.599121 107
353 1.911869 107
354 2.067426 107
355 0.098627 107
356 0.079125 107
357 0.074671 107
358 0.069959 107
359 1.182299 107
360 4.089138 107
361 4.613804 107
362 0.079911 107
363 1.226978 107
364 0.085654 107
365 1.311045 107
366 0.093249 107
367 0.086556 107
368 1.780617 107
369 7.090016 107
370 0.111186 107
371 0.107198 107
372 0.106578 107
373 1.958544 107
374 0.112079 107
375 1.918612 107
376 6.989022 107
377 6.819790 107
378 0.120497 107
379 0.115992 107
380 1.847711 107
381 6.922311 107
382 6.947157 107
383 0.132009 107
384 0.127549 107
385 1.901388 107
386 7.634114 107
387 7.695090 107
388 0.140761 107
389 0.139830 107
390 0.145191 107
391 0.166082 107
392 2.565741 107
393 8.009123 107
394 0.190567 107
395 0.220619 107
396 2.689335 107
397 0.233833 107
398 0.264635 107
399 0.298095 107
400 0.146609 100
401 2.188108 100
402 3.160355 100
403 3.421854 100
404 0.128740 100
405 0.104396 100
406 0.093448 100
407 0.085277 100
408 1.275299 100
409 0.083472 100
410 0.000713 100
411 1.815449 100
412 3.981632 100
413 0.000000 100
414 0.000000 100
415 3.142243 100
416 0.000000 100
417 2.568291 100
418 0.000000 100
419 0.000000 100
420 2.510009 100
421 0.000000 100
422 0.000000 100
423 2.602337 100
424 7.606135 100
425 0.000000 100
426 3.111304 100
427 8.246087 100
428 0.000000 100
429 4.467985 100
430 8.825077 100
431 0.000000 100
432 0.000000 100
433 0.000000 100
434 4.871973 100
435 10.993371 100
436 10.974119 100
437 0.000754 100
438 5.525381 100
439 10.929782 100
440 10.939163 100
441 0.001789 100
442 5.512470 100
443 10.713863 100
444 11.203389 100
445 0.001640 100
446 6.101061 100
447 0.001876 100
448 5.793211 100
449 0.015526 100
450 0.011331 104
451 0.000000 104
452 4.748028 104
453 8.275174 104
454 0.000000 104
455 7.555042 104
456 0.000000 104
457 0.000000 104
458 7.559116 104
459 0.015429 104
460 13.640995 104
461 2.102355 104
462 5.124156 104
463 4.624438 104
464 5.121050 104
465 7.833335 104
466 1.509584 104
467 2.360203 104
468 5.097183 104
469 11.708232 104
470 1.735057 104
471 1.484193 104
472 1.354432 104
473 2.180136 104
474 3.207573 104
475 1.465744 104
476 1.397598 104
477 1.455548 104
478 1.652679 104
479 1.536689 104
480 4.245313 104
481 1.818326 104
482 0.002928 104
483 3.742527 104
484 7.933063 104
485 5.784579 104
486 3.327162 104
487 6.427364 104
488 6.648483 104
489 2.701511 104
490 3.818976 104
491 8.096478 104
492 8.891757 104
493 1.894646 104
494 3.716131 104
495 3.857437 104
496 1.573402 104
497 7.438055 104
498 3.854868 104
499 1.658316 104
500 0.996121 114
501 4.042405 114
502 12.326597 114
503 5.009782 114
504 1.098176 114
505 1.614856 114
506 1.559533 114
507 1.589465 114
508 0.364165 114
509 2.646311 114
510 17.314936 114
511 0.778336 114
512 1.797591 114
513 0.000000 114
514 0.906868 114
515 2.773843 114
516 1.218112 114
517 1.207332 114
518 2.638252 114
519 2.580246 114
520 2.308533 114
521 2.145902 114
522 3.185275 114
523 11.661937 114
524 1.591967 114
525 2.492996 114
526 0.000000 114
527 14.238127 114
528 1.103775 114
529 2.644098 114
530 0.942451 114
531 1.825379 114
532 1.502207 114
533 2.333020 114
534 5.484492 114
535 2.616834 114
536 3.960252 114
537 2.032228 114
538 1.359007 114
539 2.700190 114
540 2.794423 114
541 2.206120 114
542 2.031079 114
543 0.328864 114
544 0.502599 114
545 1.531924 114
546 0.000000 114
547 1.045331 114
548 0.862831 114
549 10.665145 114
550 11.003652 100
551 77.845306 100
552 15.285586 100
553 1.967344 100
554 1.246004 100
555 1.176746 100
556 1.388722 100
557 17.969678 100
558 1.296620 100
559 86.631224 100
560 1.139098 100
561 24.016760 100
562 6.061651 100
563 3.624631 100
564 1.502583 100
565 43.116575 100
566 1.633126 100
567 177.687798 100
568 2.622584 100
569 0.431117 100
570 1.036121 100
571 0.566277 100
572 1.214003 100
573 1.309286 100
574 1.244524 100
575 1.199918 100
576 1.197703 100
577 1.768223 100
578 1.034590 100
579 1.797360 100
580 1.542872 100
581 1.479420 100
582 1.436832 100
583 1.402479 100
584 1.498351 100
585 1.450479 100
586 0.636071 100
587 0.633443 100
588 0.651282 100
589 1.777450 100
590 1.046518 100
591 0.504459 100
592 0.000000 100
593 0.323274 100
594 0.832821 100
595 1.066484 100
596 1.003555 100
597 0.981402 100
598 0.325308 100
599 0.842351 100
600 0.418802 110
601 1.071841 110
602 0.968012 110
603 0.280474 110
604 0.873255 110
605 1.042094 110
606 0.964097 110
607 1.062157 110
608 3.187179 110
609 0.436573 110
610 0.925514 110
611 0.275716 110
612 0.836326 110
613 1.001978 110
614 1.067620 110
615 1.064885 110
616 2.905679 110
617 3.588327 110
618 0.230121 110
619 1.003181 110
620 0.837020 110
621 0.415340 110
622 21.500162 110
623 22.988681 110
624 0.000000 110
625 0.733036 110
626 0.131992 110
627 0.172014 110
628 0.165804 110
629 0.181697 110
630 0.570214 110
631 0.442807 110
632 2.975389 110
633 3.057717 110
634 0.756267 110
635 0.928280 110
636 0.606344 110
637 0.615428 110
638 0.482055 110
639 0.724706 110
640 0.448446 110
641 0.888893 110
642 0.512192 110
643 0.499403 110
644 0.338165 110
645 0.768530 110
646 0.576315 110
647 0.674984 110
648 0.608238 110
649 2.163302 110
650 0.182650 105
651 0.708370 105
652 1.617498 105
653 0.577878 105
654 0.333401 105
655 6.359689 105
656 1.166444 105
657 0.509966 105
658 0.514809 105
659 0.087606 105
660 0.819275 105
661 0.422964 105
662 0.999825 105
663 0.583030 105
664 0.605317 105
665 0.453491 105
666 0.398788 105
667 0.762506 105
668 1.791502 105
669 0.628377 105
670 1.331003 105
671 0.686039 105
672 0.431302 105
673 0.650997 105
674 0.428514 105
675 0.429805 105
676 0.000000 105
677 0.669565 105
678 2.700084 105
679 0.000000 105
680 0.379691 105
681 4.954601 105
682 2.128204 105
683 0.032268 105
684 0.534703 105
685 0.384582 105
686 0.343439 105
687 0.302171 105
688 0.562536 105
689 1.322894 105
690 0.785282 105
691 0.318657 105
692 0.205288 105
693 0.690280 105
694 0.621805 105
695 0.432195 105
696 0.582668 105
697 202.596295 105
698 0.298308 105
699 0.727863 105
700 0.567333 95
701 2.303401 95
702 0.394397 95
703 1.141266 95
704 0.621338 95
705 0.304637 95
706 0.340112 95
707 0.423033 95
708 0.405443 95
709 0.666751 95
710 0.585525 95
711 0.441694 95
712 0.750145 95
713 0.619006 95
714 12.249912 95
715 4.296307 95
716 12.591803 95
717 7.513160 95
718 0.718297 95
719 0.754500 95
720 0.397323 95
721 0.364058 95
722 0.562658 95
723 0.390863 95
724 0.568500 95
725 0.293758 95
726 0.000000 95
727 0.000000 95
728 0.000000 95
729 0.000000 95
730 0.000000 95
731 0.000000 95
732 0.000000 95
733 0.000000 95
734 0.000000 95
735 0.000000 95
736 3.092124 95
737 0.616768 95
738 39.633184 95
739 75.941704 95
740 77.864170 95
741 0.957974 95
742 1.885500 95
743 2.029275 95
744 1.640836 95
745 3.209635 95
746 1.030396 95
747 2.443092 95
748 2.999538 95
749 1.708604 95
750 8.276239 97
751 1.582208 97
752 1.137574 97
753 3.152563 97
754 1.342766 97
755 11.312649 97
756 8.924526 97
757 64.744877 97
758 0.998485 97
759 10.043839 97
760 1.221901 97
761 18.206605 97
762 0.550158 97
763 4.034856 97
764 5.025247 97
765 1.492040 97
766 0.766139 97
767 3.928418 97
768 1.520231 97
769 0.789496 97
770 4.785571 97
771 0.453369 97
772 0.273836 97
773 0.225210 97
774 0.859339 97
775 2.009952 97
776 0.000000 97
777 1.224342 97
778 0.855405 97
779 0.791201 97
780 1.175571 97
781 2.630114 97
782 4.871543 97
783 1.091358 97
784 1.174626 97
785 1.158572 97
786 3.122597 97
787 1.284508 97
788 2.679893 97
789 0.551570 97
790 0.751589 97
791 48.988938 97
792 1.963100 97
793 1.117985 97
794 0.993125 97
795 0.989530 97
796 0.981610 97
797 0.773677 97
798 0.788895 97
799 0.963810 97
800 37.638471 108
801 3.138054 108
802 1.303187 108
803 26.602453 108
804 3.212096 108
805 0.974593 108
806 18.204915 108
807 1.345865 108
808 1.424835 108
809 3.961767 108
810 6.790193 108
811 1.558485 108
812 1.435877 108
813 3.792636 108
814 1.968970 108
815 0.825338 108
816 8.615152 108
817 3.970214 108
818 2.959013 108
819 2.562949 108
820 2.240805 108
821 1.893030 108
822 1.616277 108
823 1.422117 108
824 0.056363 108
825 5.958043 108
826 1.154673 108
827 4.609438 108
828 1.894908 108
829 7.839518 108
830 18.076406 108
831 11.732044 108
832 71.571590 108
833 1.399066 108
834 1.592188 108
835 1.037299 108
836 1.202153 108
837 1.061758 108
838 1.547721 108
839 8.447009 108
840 18.530732 108
841 0.243445 108
842 3.126655 108
843 2.169617 108
844 1.533822 108
845 2.266982 108
846 182.654799 108
847 1.932567 108
848 2.408430 108
849 1.267443 108
850 19.311532 105
851 0.858919 105
852 2.169505 105
853 1.930714 105
854 2.132609 105
855 4.566337 105
856 3.845182 105
857 1.885715 105
858 4.682121 105
859 5.111077 105
860 3.236459 105
861 2.933819 105
862 1.219583 105
863 1.512794 105
864 1.716955 105
865 1.780528 105
866 0.000000 105
867 0.080271 105
868 0.000000 105
869 0.000000 105
870 0.041997 105
871 0.000000 105
872 0.040414 105
873 0.000000 105
874 0.000000 105
875 0.000000 105
876 0.000000 105
877 0.000000 105
878 0.000000 105
879 0.000000 105
880 0.000000 105
881 0.000000 105
882 0.000000 105
883 0.000000 105
884 0.000000 105
885 0.000000 105
886 0.000000 105
887 0.000000 105
888 0.000000 105
889 0.000000 105
890 0.000000 105
891 0.000000 105
892 0.158095 105
893 0.000816 105
894 0.136379 105
895 1.569209 105
896 5.122079 105
897 5.058422 105
898 2.666472 105
899 5.454662 105
900 1.273009 100
901 0.648664 100
902 10.160337 100
903 20.531732 100
904 19.270266 100
905 6.534334 100
906 2.842878 100
907 3.267416 100
908 7.629347 100
909 3.175998 100
910 3.054117 100
911 7.399274 100
912 2.812027 100
913 3.154685 100
914 1.362532 100
915 3.331423 100
916 2.178364 100
917 0.000000 100
918 0.000000 100
919 0.000000 100
920 0.000000 100
921 0.000000 100
922 0.000000 100
923 0.000000 100
924 0.000000 100
925 0.000000 100
926 0.000000 100
927 0.000000 100
928 0.000000 100
929 0.000000 100
930 0.000000 100
931 3.200231 100
932 2.360035 100
933 2.175839 100
934 3.568502 100
935 5.381890 100
936 8.572136 100
937 4.069519 100
938 3.304857 100
939 1.132911 100
940 3.636336 100
941 3.639966 100
942 3.710798 100
943 4.064507 100
944 2.172104 100
945 1.461001 100
946 2.229254 100
947 2.793668 100
948 2.284638 100
949 5.130710 100
950 2.038618 103
951 39.177046 103
952 1.703385 103
953 2.095382 103
954 1.860174 103
955 2.828991 103
956 1.519581 103
957 3.010964 103
958 4.246478 103
959 4.488359 103
960 1.501913 103
961 4.591189 103
962 3.269488 103
963 4.752906 103
964 1.579642 103
965 2.441004 103
966 3.357085 103
967 21.487965 103
968 32.641755 103
969 31.492794 103
970 31.113011 103
971 33.495671 103
972 1.932632 103
973 1.852583 103
974 2.403249 103
975 4.494330 103
976 1.407594 103
977 1.070444 103
978 2.139883 103
979 1.138221 103
980 1.049611 103
981 20.278672 103
982 2.414953 103
983 1.772711 103
984 2.051019 103
985 8.677037 103
986 1.572143 103
987 4.377262 103
988 1.651523 103
989 0.134334 103
990 1.966333 103
991 1.432234 103
992 1.641642 103
993 2.162457 103
994 0.823013 103
995 0.883328 103
996 1.470492 103
997 2.351746 103
998 3.378046 103
999 0.645408 103
1000 1.421246 81
1001 1.605164 81
1002 0.519532 81
1003 1.890906 81
1004 0.969885 81
1005 1.114986 81
1006 4.820987 81
1007 1.587253 81
1008 0.984525 81
1009 1.035537 81
1010 1.240151 81
1011 1.027277 81
1012 4.471460 81
1013 13.704607 81
1014 2.028708 81
1015 1.324491 81
1016 3.580024 81
1017 7.472160 81
1018 6.002211 81
1019 5.944083 81
1020 6.243967 81
1021 6.487780 81
1022 6.280361 81
1023 5.764513 81
1024 6.358731 81
1025 6.172526 81
1026 6.314259 81
1027 5.580164 81
1028 6.215488 81
1029 5.896800 81
1030 6.191930 81
1031 6.379205 81
1032 1.546230 81
1033 3.705529 81
1034 3.566694 81
1035 1.701539 81
1036 4.416027 81
1037 1.741428 81
1038 3.629152 81
1039 2.804660 81
1040 1.635373 81
1041 4.604758 81
1042 2.527775 81
1043 1.100916 81
1044 4.475868 81
1045 5.118375 81
1046 1.258035 81
1047 2.562493 81
1048 2.641697 81
1049 7.921115 81
1050 9.999965 102
1051 11.065663 102
1052 12.869961 102
1053 2.126587 102
1054 4.440065 102
1055 1.171510 102
1056 2.555213 102
1057 2.889449 102
1058 1.984141 102
1059 6.007054 102
1060 7.230147 102
1061 25.094039 102
1062 94.042419 102
1063 126.309786 102
1064 173.301623 102
1065 70.175567 102
1066 235.555888 102
1067 46.317524 102
1068 132.223954 102
1069 66.395449 102
1070 65.427187 102
1071 161.912501 102
1072 94.092415 102
1073 136.626102 102
1074 42.499803 102
1075 64.742352 102
1076 129.048345 102
1077 87.558622 102
1078 162.614446 102
1079 232.301818 102
1080 65.615077 102
1081 69.390062 102
1082 169.327359 102
1083 141.094081 102
1084 136.618004 102
1085 41.979214 102
1086 94.976451 102
1087 0.324631 102
1088 0.522068 102
1089 0.363162 102
1090 0.249369 102
1091 0.478574 102
1092 0.320191 102
1093 0.286906 102
1094 2.367449 102
1095 1.302493 102
1096 2.748566 102
1097 4.074066 102
1098 4.437606 102
1099 7.173124 102
1100 1.996981 116
1101 1.595679 116
1102 271.229783 116
1103 0.978802 116
1104 1.005246 116
1105 1.037261 116
1106 0.949731 116
1107 1.080352 116
1108 1.968797 116
1109 5.054065 116
1110 6.884752 116
1111 5.812162 116
1112 0.058736 116
1113 22.246555 116
1114 1.150906 116
1115 1.240810 116
1116 1.132353 116
1117 2.432464 116
1118 2.234907 116
1119 1.773401 116
1120 3.077152 116
1121 2.989111 116
1122 0.428378 116
1123 1.160173 116
1124 1.102767 116
1125 0.460704 116
1126 2.393746 116
1127 5.474667 116
1128 5.786394 116
1129 2.020186 116
1130 1.830425 116
1131 2.807464 116
1132 0.000000 116
1133 0.000000 116
1134 3.351640 116
1135 9.972434 116
1136 67.829697 116
1137 2.416064 116
1138 6.863098 116
1139 0.328264 116
1140 1.014412 116
1141 0.818324 116
1142 0.000000 116
1143 0.573268 116
1144 0.857532 116
1145 5.057584 116
1146 10.635910 116
1147 67.392656 116
1148 8.425419 116
1149 3.121627 116
1150 2.016235 106
1151 4.982818 106
1152 4.739757 103
1153 1.931321 106
1154 2.241494 106
1155 2.796570 106
1156 0.000000 106
1157 0.000000 106
1158 1.483691 106
1159 3.159955 106
1160 29.689914 106
1161 65.177894 106
1162 7.530893 106
1163 27.391634 106
1164 7.849046 106
1165 4.637502 106
1166 7.172479 106
1167 1.998950 106
1168 1.463464 106
1169 7.235610 106
1170 0.539765 106
1171 1.337570 106
1172 0.636611 106
1173 0.915461 106
1174 0.644892 106
1175 0.979746 106
1176 0.553982 106
1177 1.291959 106
1178 0.653898 106
1179 0.966371 106
1180 0.636651 106
1181 0.953971 106
1182 2.213164 106
1183 1.527244 106
1184 7.088981 106
1185 18.233732 106
1186 1.045713 106
1187 1.994616 106
1188 0.000000 106
1189 0.000000 106
1190 5.557065 106
1191 8.042167 106
1192 47.022685 106
1193 1.870794 106
1194 4.603725 106
1195 3.150964 106
1196 6.916379 106
1197 4.542467 106
1198 3.028004 106
1199 4.185640 106
1200 18.471081 106
1201 46.592157 106
1202 1.294137 106
1203 5.849040 106
1204 0.000000 106
1205 3.015876 106
1206 10.702254 106
1207 5.581288 106
1208 1.870961 106
1209 2.895034 106
1210 0.238914 106
1211 34.944694 106
1212 20.932157 106
1213 6.294241 106
1214 4.034641 106
1215 0.000000 106
1216 1.686022 106
1217 1.398624 106
1218 3.759115 106
1219 1.399022 106
1220 1.008085 106
1221 2.446971 106
1222 1.530869 106
1223 8.423455 106
1224 8.882242 106
1225 0.344085 106
1226 1.499103 106
1227 11.444188 106
1228 2.635212 106
1229 2.717130 106
1230 40.105750 106
1231 1.560270 106
1232 4.290216 106
1233 2.190656 106
1234 5.731591 106
1235 38.236931 106
1236 0.589189 106
1237 0.969200 106
1238 3.563815 106
1239 1.448741 106
1240 2.786330 106
1241 6.267483 106
1242 1.504081 106
1243 0.000000 106
1244 2.583307 106
1245 7.159220 106
1246 45.476528 106
1247 1.043195 106
1248 0.506771 106
1249 0.613722 106
1250 23.668166 106
1251 1.408378 106
1252 3.752232 106
1253 4.201995 106
1254 18.232069 106
1255 4.131397 106
1256 1.330924 106
1257 7.512882 106
1258 2.581938 106
1259 0.469012 106
1260 2.742432 106
1261 1.303423 106
1262 4.433809 106
1263 5.764826 106
1264 0.816622 106
1265 0.766999 106
1266 2.340782 106
1267 1.584422 106
1268 14.853560 106
1269 1.773861 106
1270 2.959114 106
1271 6.003557 106
1272 6.168900 106
1273 6.123685 106
1274 6.116082 106
1275 7.032426 106
1276 6.294522 106
1277 4.775091 106
1278 2.166619 106
1279 0.672264 106
1280 0.632305 106
1281 0.952893 106
1282 0.000000 106
1283 0.607053 106
1284 0.710554 106
1285 7.890927 106
1286 4.892280 106
1287 17.062973 106
1288 2.099673 106
1289 4.305693 106
1290 0.164917 106
1291 17.952174 106
1292 17.665499 106
1293 1.694103 106
1294 2.116663 106
1295 15.955899 106
1296 2.056050 106
1297 1.865219 106
1298 436.562300 106
1299 0.000000 106
1300 0.570649 108
1301 1.169863 108
1302 1.123843 108
1303 0.667580 108
1304 1.515619 108
1305 0.511737 108
1306 2.500697 108
1307 0.753130 108
1308 1.489967 108
1309 1.753259 108
1310 1.151263 108
1311 2.778550 108
1312 2.681595 108
1313 2.180486 108
1314 7.751326 108
1315 1.033249 108
1316 2.507560 108
1317 1.321373 108
1318 1.054409 108
1319 2.495121 108
1320 1.121622 108
1321 3.158097 108
1322 0.042989 108
1323 1.186036 108
1324 1.195424 108
1325 1.156583 108
1326 1.279116 108
1327 0.077072 108
1328 1.848323 108
1329 0.136995 108
1330 31.012858 108
1331 2.389572 108
1332 2.351957 108
1333 0.899831 108
1334 2.207975 108
1335 3.068323 108
1336 3.211504 108
1337 3.387107 108
1338 3.430611 108
1339 3.188943 108
1340 3.681217 108
1341 3.649796 108
1342 3.761326 108
1343 3.565157 108
1344 3.565929 108
1345 3.551675 108
1346 4.024103 108
1347 3.737591 108
1348 4.383795 108
1349 4.122183 108
1350 1.893649 99
1351 2.629130 99
1352 2.758698 99
1353 2.797279 99
1354 2.631589 99
1355 2.713082 99
1356 2.884630 99
1357 2.569150 99
1358 2.616573 99
1359 2.660087 99
1360 2.921555 99
1361 2.634989 99
1362 2.582137 99
1363 2.823120 99
1364 3.951489 99
1365 2.848871 99
1366 2.880646 99
1367 2.735429 99
1368 2.358291 99
1369 2.800959 99
1370 2.591622 99
1371 2.684176 99
1372 3.024068 99
1373 2.736250 99
1374 3.000114 99
1375 2.676583 99
1376 3.033095 99
1377 2.928312 99
1378 3.134798 99
1379 3.014094 99
1380 3.120094 99
1381 3.129522 99
1382 2.747723 99
1383 2.898344 99
1384 2.827183 99
1385 3.130904 99
1386 19.985505 99
1387 84.316590 99
1388 53.344807 99
1389 47.606256 99
1390 52.398226 99
1391 93.973701 99
1392 114.822506 99
1393 253.821987 99
1394 102.342166 99
1395 118.292529 99
1396 28.746854 99
1397 66.517077 99
1398 53.772399 99
1399 100.998790 99
1400 17.444473 93
1401 74.701462 93
1402 40.772797 93
1403 51.218605 93
1404 55.265801 93
1405 103.762851 93
1406 47.288737 93
1407 201.951865 93
1408 46.878238 93
1409 60.044519 93
1410 87.905657 93
1411 89.700531 93
1412 46.265242 93
1413 122.690271 93
1414 112.529716 93
1415 49.804132 93
1416 106.677826 93
1417 17.144903 93
1418 80.070265 93
1419 89.337601 93
1420 118.036537 93
1421 47.155676 93
1422 50.897153 93
1423 28.806235 93
1424 231.036511 93
1425 92.681632 93
1426 47.509449 93
1427 96.853945 93
1428 62.524043 93
1429 114.423963 93
1430 65.834554 93
1431 49.434380 93
1432 126.553316 93
1433 1.141030 93
1434 3.837244 93
1435 0.000000 93
1436 0.000000 93
1437 0.000000 93
1438 0.000000 93
1439 0.000000 93
1440 0.198111 93
1441 4.163195 93
1442 3.179055 93
1443 0.143246 93
1444 1.227334 93
1445 2.318057 93
1446 21.948102 93
1447 1.463269 93
1448 1.365156 93
1449 1.986470 93
1450 1.696030 90
1451 2.525544 90
1452 3.141434 90
1453 2.889031 90
1454 0.003666 90
1455 1.720361 90
1456 0.000000 90
1457 2.240249 90
1458 2.334112 90
1459 2.274669 90
1460 2.111987 90
1461 3.748802 90
1462 1.731437 90
1463 3.704011 90
1464 3.450988 90
1465 1.274457 90
1466 2.481278 90
1467 2.424227 90
1468 1.003252 90
1469 1.024935 90
1470 1.470688 90
1471 2.090751 90
1472 5.063380 90
1473 8.444685 90
1474 2.915265 90
1475 5.217322 90
1476 2.053541 90
1477 4.605978 90
1478 1.255004 90
1479 2.520296 90
1480 1.581261 90
1481 1.515058 90
1482 4.340105 90
1483 1.463506 90
1484 1.769078 90
1485 0.729216 90
1486 5.585104 90
1487 2.750937 90
1488 0.802135 90
1489 3.024426 90
1490 1.656283 90
1491 2.556079 90
1492 4.077936 90
1493 1.729044 90
1494 2.548902 90
1495 31.727751 90
1496 1.875852 90
1497 1.146739 90
1498 1.352118 90
1499 1.053276 90
1500 0.701973 102
1501 1.261928 102
1502 5.447122 102
1503 1.714712 102
1504 1.615572 102
1505 1.345001 102
1506 1.740393 102
1507 1.646615 102
1508 1.686681 102
1509 1.358781 102
1510 1.726025 102
1511 0.789530 102
1512 1.054745 102
1513 0.949315 102
1514 1.127846 102
1515 0.724757 102
1516 2.160647 102
1517 0.582531 102
1518 0.612293 102
1519 11.026669 102
1520 50.194695 102
1521 0.383808 102
1522 1.076719 102
1523 0.650796 102
1524 2.665997 102
1525 1.235598 102
1526 3.408321 102
1527 2.847136 102
1528 0.000000 102
1529 0.000000 102
1530 0.000000 102
1531 0.000000 102
1532 1.022738 102
1533 2.339677 102
1534 2.728049 102
1535 2.503971 102
1536 126.901763 102
1537 1.266364 102
1538 1.026915 102
1539 0.887758 102
1540 1.000881 102
1541 1.036367 102
1542 1.016556 102
1543 1.022488 102
1544 1.030412 102
1545 1.245549 102
1546 1.670773 102
1547 0.000000 102
1548 1.260263 102
1549 2.712432 102
1550 1.839265 118
1551 0.940919 118
1552 0.643923 118
1553 1.664126 118
1554 2.218761 118
1555 0.613051 118
1556 2.762275 118
1557 0.619439 118
1558 1.949576 118
1559 1.486888 118
1560 1.293734 118
1561 1.585814 118
1562 1.218402 118
1563 0.490990 118
1564 0.832196 118
1565 2.079696 118
1566 2.022923 118
1567 2.585547 118
1568 0.657238 118
1569 0.561751 118
1570 0.048978 118
1571 1.545925 118
1572 1.231352 118
1573 1.578546 118
1574 1.337503 118
1575 0.207404 118
1576 9.318921 118
1577 0.968677 118
1578 0.966873 118
1579 1.223119 118
1580 1.665798 118
1581 3.008632 118
1582 2.807075 118
1583 2.979484 118
1584 8.834490 118
1585 11.144282 118
1586 0.748295 118
1587 1.519216 118
1588 0.093273 118
1589 0.550853 118
1590 0.959474 118
1591 1.078156 118
1592 1.032959 118
1593 1.216032 118
1594 0.342504 118
1595 0.000000 118
1596 0.188383 118
1597 0.185138 118
1598 2.549933 118
1599 5.747465 118
1600 1.944602 110
1601 1.802897 110
1602 4.365133 110
1603 3.923003 110
1604 4.053397 110
1605 1.439150 110
1606 4.135010 110
1607 3.963762 110
1608 1.337507 110
1609 4.214448 110
1610 3.835224 110
1611 2.056551 110
1612 4.917466 110
1613 1.772550 110
1614 4.632614 110
1615 2.197186 110
1616 4.141660 110
1617 4.341734 110
1618 4.557226 110
1619 4.937332 110
1620 0.957314 110
1621 11.734481 110
1622 1.831191 110
1623 1.383406 110
1624 1.813232 110
1625 2.941484 110
1626 1.608798 110
1627 2.909020 110
1628 1.894041 110
1629 2.648332 110
1630 25.345129 110
1631 89.049342 110
1632 2.236594 110
1633 1.273530 110
1634 35.273601 110
1635 1.679432 110
1636 0.000000 110
1637 0.000000 110
1638 0.000000 110
1639 3.833959 110
1640 1.279091 110
1641 1.299923 110
1642 2.001533 110
1643 4.778370 110
1644 2.780428 110
1645 6.100643 110
1646 1.157888 110
1647 2.719919 110
1648 0.522326 110
1649 1.145668 110
1650 1.843365 95
1651 2.274543 95
1652 1.578975 95
1653 1.080586 95
1654 65.877421 95
1655 15.147042 95
1656 1.932921 95
1657 2.118216 95
1658 1.677287 95
1659 1.278378 95
1660 1.643659 95
1661 2.850710 95
1662 2.466603 95
1663 2.430985 95
1664 0.238684 95
1665 1.542964 95
1666 1.622511 95
1667 0.709671 95
1668 1.264203 95
1669 1.502504 95
1670 0.630936 95
1671 1.396887 95
1672 0.046568 95
1673 0.009469 95
1674 0.009780 95
1675 0.015095 95
1676 0.009535 95
1677 0.013958 95
1678 0.008996 95
1679 0.167670 95
1680 0.017342 95
1681 0.340845 95
1682 2.101619 95
1683 4.319537 95
1684 4.341116 95
1685 0.512377 95
1686 0.664265 95
1687 3.419253 95
1688 1.459025 95
1689 0.875055 95
1690 106.875860 95
1691 2.036693 95
1692 101.678061 95
1693 0.527390 95
1694 1.714686 95
1695 3.843629 95
1696 1.719721 95
1697 3.819877 95
1698 1.357898 95
1699 3.506643 95
1700 1.121000 95
1701 2.669533 95
1702 2.638406 95
1703 0.292321 95
1704 0.295003 95
1705 2.111018 95
1706 5.354036 95
1707 5.380557 95
1708 4.204880 95
1709 3.635643 95
1710 10.958856 95
1711 32.178099 95
1712 30.765863 95
1713 32.698758 95
1714 1.041021 95
1715 0.124569 95
1716 0.774173 95
1717 1.932225 95
1718 9.488043 95
1719 1.170103 95
1720 0.887277 95
1721 0.874896 95
1722 1.251690 95
1723 3.823127 95
1724 1.134673 95
1725 0.887574 95
1726 47.189360 95
1727 9.620869 95
1728 17.030355 95
1729 0.689008 95
1730 0.916197 95
1731 1.533003 95
1732 3.754535 95
1733 30.313073 95
1734 1.265655 95
1735 1.326818 95
1736 1.334237 95
1737 1.989275 95
1738 1.494340 95
1739 0.161426 95
1740 1.508000 95
1741 1.054355 95
1742 143.095952 95
1743 3.500852 95
1744 1.972641 95
1745 1.377625 95
1746 1.155503 95
1747 30.015193 95
1748 0.295130 95
1749 7.581313 95
1750 3.322250 119
1751 2.128306 119
1752 0.769589 119
1753 1.513118 119
1754 3.255985 119
1755 3.309208 119
1756 19.477187 119
1757 1.083441 119
1758 0.860669 119
1759 16.229666 119
1760 0.956717 119
1761 1.335908 119
1762 2.382017 119
1763 2.156737 119
1764 1.934634 119
1765 1.713710 119
1766 2.085856 119
1767 2.930266 119
1768 2.065112 119
1769 0.000000 119
1770 0.000000 119
1771 0.477118 119
1772 1.342428 119
1773 4.978348 119
1774 1.567231 119
1775 3.082568 119
1776 0.039276 119
1777 0.062124 119
1778 0.072601 119
1779 1.647056 119
1780 1.440992 119
1781 7.954710 119
1782 8.508038 119
1783 24.636189 119
1784 13.972675 119
1785 1.084077 119
1786 0.791776 119
1787 0.000000 119
1788 1.289087 119
1789 1.409466 119
1790 2.323142 119
1791 0.087911 119
1792 1.712448 119
1793 3.483160 119
1794 3.711393 119
1795 1.025018 119
1796 0.863474 119
1797 2.074198 119
1798 0.822077 119
1799 0.862320 119
1800 0.557773 115
1801 2.696140 115
1802 0.377216 115
1803 0.743680 115
1804 1.779606 115
1805 0.682101 115
1806 0.698408 115
1807 0.000000 115
1808 1.677077 115
1809 2.080191 115
1810 0.590415 115
1811 0.041499 115
1812 0.520362 115
1813 2.404049 115
1814 3.337152 115
1815 3.185194 115
1816 13.157738 115
1817 1.205419 115
1818 1.113677 115
1819 1.456648 115
1820 1.241425 115
1821 149.189201 115
1822 200.105296 115
1823 2.018117 115
1824 2.376092 115
1825 0.962669 115
1826 0.980368 115
1827 8.306416 115
1828 9.363695 115
1829 9.380532 115
1830 1.122460 115
1831 25.573019 115
1832 99.783837 115
1833 1.350149 115
1834 14.980602 115
1835 1.256111 115
1836 14.260256 115
1837 1.155027 115
1838 0.689398 115
1839 2.105506 115
1840 1.050975 115
1841 7.241381 115
1842 15.502399 115
1843 7.198165 115
1844 2.020747 115
1845 1.309446 115
1846 1.324503 115
1847 0.000152 115
1848 0.000662 115
1849 0.923629 115
1850 1.012856 106
1851 10.224377 106
1852 0.000000 106
1853 0.726236 106
1854 1.655629 106
1855 1.749412 106
1856 0.486515 106
1857 0.634013 106
1858 1.732667 106
1859 1.818164 106
1860 1.279704 106
1861 1.039337 106
1862 153.692871 106
1863 0.335436 106
1864 0.905986 106
1865 1.402917 106
1866 0.656159 106
1867 1.331868 106
1868 0.602268 106
1869 0.617724 106
1870 0.835121 106
1871 1.199927 106
1872 0.024479 106
1873 0.012614 106
1874 0.014867 106
1875 0.713327 106
1876 1.188952 106
1877 1.723844 106
1878 16.000235 106
1879 3.560838 106
1880 5.138812 106
1881 3.228626 106
1882 43.353794 106
1883 3.208881 106
1884 19.048618 106
1885 3.715766 106
1886 3.867244 106
1887 78.607535 106
1888 8.393284 106
1889 19.327086 106
1890 4.653942 106
1891 1.755162 106
1892 1.736127 106
1893 1.451332 106
1894 0.630309 106
1895 1.268416 106
1896 1.232017 106
1897 0.786200 106
1898 0.890419 106
1899 1.983000 106
1900 0.775229 108
1901 6.307590 108
1902 0.600165 108
1903 0.365128 108
1904 0.424995 108
1905 0.000000 108
1906 0.000000 108
1907 0.000000 108
1908 0.000000 108
1909 0.000000 108
1910 0.000000 108
1911 0.000000 108
1912 2.817581 108
1913 5.843971 108
1914 5.941478 107
1915 6.083109 108
1916 6.105480 108
1917 5.572694 108
1918 5.934440 108
1919 5.831855 108
1920 5.724350 108
1921 5.807378 108
1922 5.779426 108
1923 5.499170 108
1924 5.214466 108
1925 5.587298 108
1926 5.281806 108
1927 5.572447 108
1928 6.001909 108
1929 5.735244 108
1930 5.829198 108
1931 5.406420 108
1932 5.259961 107
1933 5.741496 108
1934 5.673824 108
1935 5.754187 108
1936 1.243163 108
1937 3.289324 108
1938 2.524986 108
1939 1.440774 108
1940 3.380817 108
1941 3.320417 108
1942 0.119588 108
1943 1.037606 108
1944 2.269298 108
1945 1.425104 108
1946 2.192765 108
1947 2.642136 108
1948 6.163837 106
1949 0.000000 108
1950 2.194298 102
1951 0.505338 102
1952 1.153595 102
1953 1.863725 102
1954 1.292466 102
1955 4.137703 102
1956 1.392553 102
1957 13.352186 102
1958 1.139511 102
1959 2.795137 102
1960 4.315830 102
1961 0.009707 102
1962 0.000000 102
1963 0.000000 102
1964 0.844324 102
1965 26.158411 102
1966 1.285100 102
1967 0.666835 102
1968 1.868013 102
1969 1.503345 102
1970 0.671347 102
1971 0.000000 102
1972 0.693043 102
1973 1.178391 102
1974 1.148374 102
1975 1.051076 102
1976 1.883535 102
1977 2.185777 102
1978 2.172659 102
1979 0.579128 102
1980 23.362337 102
1981 1.519993 102
1982 3.626388 102
1983 3.426572 102
1984 3.664731 102
1985 10.661636 102
1986 12.030264 102
1987 11.795945 102
1988 1.577947 102
1989 3.964631 102
1990 1.279444 102
1991 3.536433 102
1992 2.169460 102
1993 3.187280 102
1994 1.490976 102
1995 3.577462 102
1996 3.729577 102
1997 111.977201 102
1998 126.341414 102
1999 126.238342 102
2000 73.847342 115
2001 84.234199 115
2002 87.534096 115
2003 86.171892 115
2004 4.333294 115
2005 4.503711 115
2006 5.255906 115
2007 1.209893 115
2008 1.717260 115
2009 1.804221 115
2010 61.788457 115
2011 0.995369 115
2012 2.244314 115
2013 14.567312 115
2014 0.000000 115
2015 1.734848 115
2016 1.099894 115
2017 0.995900 115
2018 1.217077 115
2019 0.344061 115
2020 2.280304 115
2021 1.241075 115
2022 1.893886 115
2023 1.215556 115
2024 9.775913 115
2025 5.373026 115
2026 1.528382 115
2027 1.166417 115
2028 1.333112 115
2029 1.794915 115
2030 1.426239 115
2031 1.566967 115
2032 1.664922 115
2033 2.187302 115
2034 15.321010 115
2035 2.050415 115
2036 1.218876 115
2037 237.643030 115
2038 1.685335 115
2039 1.743587 115
2040 0.909547 115
2041 1.252929 115
2042 1.177019 115
2043 8.297193 115
2044 10.844594 115
2045 2.363358 115
2046 4.999299 115
2047 5.007568 115
2048 4.490389 115
2049 3.280734 115
2050 0.000176 115
2051 0.000000 115
2052 0.000367 115
2053 1.089225 115
2054 2.327044 115
2055 2.568428 115
2056 2.815250 115
2057 76.996129 115
2058 8.423811 115
2059 8.002018 115
2060 6.811133 115
2061 9.017117 115
2062 4.307056 115
2063 1.732096 115
2064 0.278660 115
2065 4.028849 115
2066 2.410062 115
2067 0.344570 115
2068 3.258368 115
2069 1.027499 115
2070 26.142407 115
2071 27.321115 115
2072 18.715632 115
2073 1.868251 115
2074 3.418645 115
2075 28.512104 115
2076 1.411630 115
2077 2.950468 115
2078 0.460183 115
2079 1.404591 115
2080 12.820520 115
2081 1.075297 115
2082 2.777192 115
2083 0.246919 115
2084 0.544281 115
2085 0.521653 115
2086 0.551932 115
2087 0.556941 115
2088 0.515035 115
2089 0.764789 115
2090 1.335323 115
2091 0.721255 115
2092 0.241770 115
2093 0.449730 115
2094 0.426889 115
2095 0.486609 115
2096 0.113108 115
2097 0.723677 115
2098 1.111059 115
2099 3.332307 115
2100 0.547649 106
2101 0.807207 106
2102 0.011082 106
2103 29.356226 106
2104 36.109598 106
2105 1.004169 106
2106 0.549662 106
2107 0.266276 106
2108 0.831968 106
2109 1.353087 106
2110 2.753851 106
2111 0.772505 106
2112 1.081619 106
2113 13.379187 106
2114 61.988565 106
2115 114.400027 106
2116 104.778052 106
2117 23.484955 106
2118 52.880305 106
2119 53.711087 106
2120 42.103706 106
2121 45.232185 106
2122 91.486885 106
2123 41.110402 106
2124 257.211724 106
2125 2.151534 106
2126 25.824778 106
2127 17.163565 106
2128 1.489343 106
2129 1.564713 106
2130 1.544527 106
2131 1.265386 106
2132 1.963185 106
2133 1.236879 106
2134 1.879313 106
2135 2.078794 106
2136 0.000000 106
2137 0.000000 106
2138 1.363087 106
2139 0.841834 106
2140 1.044925 106
2141 4.602432 106
2142 1.788505 106
2143 1.993749 106
2144 9.229383 106
2145 21.796362 106
2146 78.634899 106
2147 17.150867 106
2148 2.262140 106
2149 1.007863 106
2150 15.960491 99
2151 0.000000 99
2152 0.667815 99
2153 1.448794 99
2154 1.391106 99
2155 1.673785 99
2156 6.432230 99
2157 14.596714 99
2158 6.207627 99
2159 5.455494 99
2160 0.006309 99
2161 0.000000 99
2162 0.000000 99
2163 0.000000 99
2164 0.000000 99
2165 0.000000 99
2166 0.000000 99
2167 0.000000 99
2168 0.000000 99
2169 0.000000 99
2170 0.000000 99
2171 0.000000 99
2172 0.000000 99
2173 0.000000 99
2174 0.000000 99
2175 0.000000 99
2176 0.000000 99
2177 0.000000 99
2178 0.000000 99
2179 0.000000 99
2180 0.000000 99
2181 0.000000 99
2182 0.000000 99
2183 0.000000 99
2184 0.000000 99
2185 0.000000 99
2186 0.000000 99
2187 0.000000 99
2188 0.000000 99
2189 0.000000 99
2190 0.000000 99
2191 0.000000 99
2192 0.000000 99
2193 0.000000 99
2194 0.000000 99
2195 0.000000 99
2196 0.000000 99
2197 0.000000 99
2198 0.000000 99
2199 0.000000 99
2200 0.000000 99
2201 0.000000 99
2202 0.000000 99
2203 0.000000 99
2204 0.000000 99
2205 0.000000 99
2206 0.000000 99
2207 0.000000 99
2208 0.000000 99
2209 0.000000 99
2210 0.000000 99
2211 0.000000 99
2212 0.000000 99
2213 0.000000 99
2214 0.000000 99
2215 0.000000 99
2216 0.000000 99
2217 0.000000 99
2218 0.000000 99
2219 0.000000 99
2220 0.000000 99
2221 0.000000 99
2222 0.000000 99
2223 0.000000 99
2224 0.000000 99
2225 0.000000 99
2226 0.000000 99
2227 0.000000 99
2228 0.000000 99
2229 0.000000 99
2230 0.000000 99
2231 0.000000 99
2232 0.000000 99
2233 0.000000 99
2234 0.000000 99
2235 0.000000 99
2236 0.000000 99
2237 0.000000 99
2238 0.000000 99
2239 0.000000 99
2240 0.000000 99
2241 0.000000 99
2242 0.000000 99
2243 0.000000 99
2244 0.000000 99
2245 0.000000 99
2246 0.000000 99
2247 0.000000 99
2248 0.000000 99
2249 0.000000 99
2250 0.000000 98
2251 0.000000 98
2252 0.000000 98
2253 0.000000 98
2254 0.000000 98
2255 0.000000 98
2256 0.000000 98
2257 0.000000 98
2258 0.000000 98
2259 0.000000 98
2260 0.000000 98
2261 0.000000 98
2262 0.000000 98
2263 0.000000 98
2264 0.000000 98
2265 0.000000 98
2266 0.000000 98
2267 0.000000 98
2268 0.000000 98
2269 0.000000 98
2270 0.000000 98
2271 0.000000 98
2272 0.000000 98
2273 0.000000 98
2274 0.000000 98
2275 0.000000 98
2276 0.000000 98
2277 0.000000 98
2278 0.000000 98
2279 0.000000 98
2280 0.000000 98
2281 0.000000 98
2282 0.000000 98
2283 0.000000 98
2284 0.000000 98
2285 0.000000 98
2286 0.000000 98
2287 0.000000 98
2288 0.000000 98
2289 0.000000 98
2290 0.000000 98
2291 0.000000 98
2292 0.000000 98
2293 0.000000 98
2294 0.000000 98
2295 0.000000 98
2296 0.000000 98
2297 0.000000 98
2298 0.000000 98
2299 0.000000 98
2300 0.000000 96
2301 0.000000 96
2302 0.000000 96
2303 0.000000 96
2304 0.000000 96
2305 0.000000 96
2306 0.000000 96
2307 0.000000 96
2308 0.000000 96
2309 0.000000 96
2310 0.000000 96
2311 0.000000 96
2312 0.000000 96
2313 0.000000 96
2314 0.000000 96
2315 0.000000 96
2316 0.000000 96
2317 0.000000 96
2318 0.000000 96
2319 0.000000 96
2320 0.000000 96
2321 0.000000 96
2322 0.000000 96
2323 0.000000 96
2324 0.000000 96
2325 0.000000 96
2326 0.000000 96
2327 0.000000 96
2328 0.000000 96
2329 0.000000 96
2330 0.000000 96
2331 0.000000 96
2332 0.000000 96
2333 0.000000 96
2334 0.000000 96
2335 0.000000 96
2336 0.000000 96
2337 0.000000 96
2338 0.000000 96
2339 0.000000 96
2340 0.000000 96
2341 0.000000 96
2342 0.000000 96
2343 0.000000 96
2344 0.000000 96
2345 0.000000 96
2346 0.000000 96
2347 0.000000 96
2348 0.000000 96
2349 0.000000 96
2350 0.000000 84
2351 2.235677 84
2352 1.742921 84
2353 24.363207 84
2354 3.957320 84
2355 3.278464 84
2356 26.008325 84
2357 109.758899 84
2358 80.409375 84
2359 186.890280 84
2360 45.105675 84
2361 142.695313 84
2362 212.889676 84
2363 111.219689 84
2364 82.781591 84
2365 80.676408 84
2366 219.076650 84
2367 154.120146 84
2368 284.688078 84
2369 34.126026 84
2370 249.931221 84
2371 136.589721 84
2372 42.167693 84
2373 180.185555 84
2374 80.488016 84
2375 266.740796 84
2376 97.762798 84
2377 143.647283 84
2378 76.960368 84
2379 171.322927 84
2380 49.708791 84
2381 157.091634 84
2382 53.814134 84
2383 2.443203 84
2384 5.359947 84
2385 5.721283 84
2386 2.557936 84
2387 5.076829 84
2388 5.830524 84
2389 32.918349 83
2390 4.403551 84
2391 4.673362 84
2392 1.348819 84
2393 3.515792 84
2394 3.334286 84
2395 1.781452 84
2396 3.872772 84
2397 4.867062 84
2398 1.688838 84
2399 4.170233 84
2400 2.141503 114
2401 5.661882 114
2402 4.932188 114
2403 5.094312 114
2404 5.363145 114
2405 5.025507 114
2406 5.162997 114
2407 4.908624 114
2408 5.854441 114
2409 4.954605 114
2410 1.206099 114
2411 0.010885 114
2412 1.710383 114
2413 2.748933 114
2414 2.101102 114
2415 2.730272 114
2416 1.972183 114
2417 3.452673 114
2418 4.062623 114
2419 4.710610 114
2420 2.407176 114
2421 0.000000 114
2422 0.000000 114
2423 0.000000 114
2424 0.000000 114
2425 0.000000 114
2426 0.000000 114
2427 0.000000 114
2428 0.000000 114
2429 0.000000 114
2430 0.000000 114
2431 0.000000 114
2432 1.555150 114
2433 1.239688 114
2434 2.150881 114
2435 14.055798 114
2436 2.567404 114
2437 1.388545 114
2438 1.823938 114
2439 2.341467 114
2440 2.618923 114
2441 0.030049 114
2442 0.032515 114
2443 0.031201 114
2444 2.030009 114
2445 5.971368 114
2446 13.237108 114
2447 249.780298 114
2448 4.143708 114
2449 3.637705 114
2450 0.301425 112
2451 0.421392 112
2452 0.459092 112
2453 1.040902 112
2454 3.756795 112
2455 70.523519 112
2456 151.974845 112
2457 0.100050 112
2458 1.154140 112
2459 3.475753 112
2460 0.882351 112
2461 9.038236 112
2462 15.671824 112
2463 4.494407 112
2464 2.233350 112
2465 4.664248 112
2466 1.148075 112
2467 3.144397 112
2468 4.439307 112
2469 1.648889 112
2470 1.057036 112
2471 0.366435 112
2472 1.205144 112
2473 0.013237 112
2474 1.461478 112
2475 1.022199 112
2476 1.678147 112
2477 2.393567 112
2478 13.873351 112
2479 3.709870 112
2480 0.315094 112
2481 4.047778 112
2482 1.918484 112
2483 2.229095 112
2484 1.451542 112
2485 3.221690 112
2486 1.998641 112
2487 17.683915 112
2488 1.617853 112
2489 8.016475 112
2490 0.991692 112
2491 3.706698 112
2492 1.941020 112
2493 0.661758 112
2494 1.929898 112
2495 2.013557 112
2496 1.333645 112
2497 85.248397 112
2498 1.351526 112
2499 2.240141 112
2500 1.240956 107
2501 1.756413 107
2502 0.006726 107
2503 0.223863 107
2504 2.066804 107
2505 3.318097 107
2506 1.903366 107
2507 6.671105 107
2508 1.373385 107
2509 0.000430 107
2510 2.287122 107
2511 2.335639 107
2512 1.521065 107
2513 16.584396 107
2514 1.535512 107
2515 1.839319 107
2516 4.681936 107
2517 1.559913 107
2518 1.802232 107
2519 0.000000 107
2520 2.156756 107
2521 1.615389 107
2522 2.710168 107
2523 1.946265 107
2524 1.531691 107
2525 1.678945 107
2526 1.415070 107
2527 1.531439 107
2528 7.400326 107
2529 5.716433 107
2530 4.816140 107
2531 1.113910 107
2532 41.270641 107
2533 54.706759 107
2534 1.557840 107
2535 2.578815 107
2536 2.459960 107
2537 1.937532 107
2538 1.701495 107
2539 2.413083 107
2540 1.016090 107
2541 1.920243 107
2542 2.288563 107
2543 0.317232 107
2544 0.990231 107
2545 2.653792 107
2546 2.708005 107
2547 1.757072 107
2548 29.109006 107
2549 1.806703 107
2550 1.480439 101
2551 1.232988 101
2552 0.262726 101
2553 2.798226 101
2554 0.000000 101
2555 4.122367 101
2556 1.593976 101
2557 1.866866 101
2558 1.287468 101
2559 1.228575 101
2560 1.022233 101
2561 1.561830 101
2562 0.876267 101
2563 96.829829 101
2564 96.688824 101
2565 90.828274 101
2566 96.555510 101
2567 95.350267 101
2568 92.627074 101
2569 84.938589 101
2570 92.582255 101
2571 95.595422 101
2572 93.758093 101
2573 96.843630 101
2574 95.762735 101
2575 98.728578 101
2576 98.488484 101
2577 93.896288 101
2578 95.675975 101
2579 100.696676 101
2580 97.688343 101
2581 95.465469 101
2582 96.725104 101
2583 101.256444 101
2584 94.350842 101
2585 101.199126 101
2586 100.385746 101
2587 97.156338 101
2588 99.333346 101
2589 95.989915 101
2590 94.236809 101
2591 94.576009 101
2592 92.705733 101
2593 97.754004 101
2594 91.130885 101
2595 100.801195 101
2596 92.924658 101
2597 93.746581 101
2598 97.881449 101
2599 93.512875 101
2600 68.112356 101
2601 76.449415 101
2602 76.880439 101
2603 86.287720 101
2604 75.439310 101
2605 82.423907 101
2606 84.645491 101
2607 74.122757 101
2608 84.007771 101
2609 86.686665 101
2610 76.889692 101
2611 79.961354 101
2612 90.878413 101
2613 90.763137 101
2614 92.973989 101
2615 88.294472 101
2616 92.650616 101
2617 85.860108 101
2618 94.560691 101
2619 90.593566 101
2620 96.948137 101
2621 97.478541 101
2622 97.637286 101
2623 93.685953 101
2624 89.714052 101
2625 102.300290 101
2626 86.076761 101
2627 91.539620 101
2628 104.838056 101
2629 92.077878 101
2630 100.741614 101
2631 85.928679 101
2632 95.339442 101
2633 80.492564 101
2634 91.708517 101
2635 82.958972 101
2636 99.893611 101
2637 97.035241 101
2638 100.157993 101
2639 108.589277 101
2640 102.224777 101
2641 98.949945 101
2642 107.299594 101
2643 98.551185 101
2644 101.707260 101
2645 91.248533 101
2646 99.795177 101
2647 86.336694 101
2648 99.749494 101
2649 99.299236 101
2650 65.975470 102
2651 80.899335 102
2652 73.471339 102
2653 86.234421 102
2654 80.832532 102
2655 75.636958 102
2656 77.378124 102
2657 77.523725 102
2658 75.808207 102
2659 74.810379 102
2660 78.592078 102
2661 73.184078 102
2662 76.658273 102
2663 4.188714 102
2664 6.421350 102
2665 2.210229 102
2666 8.101224 102
2667 0.064470 102
2668 0.098489 102
2669 0.027617 102
2670 0.013049 102
2671 0.002579 102
2672 0.002165 102
2673 0.002153 102
2674 0.619264 102
2675 0.000552 102
2676 0.000000 102
2677 0.000000 102
2678 0.000000 102
2679 0.000000 102
2680 0.000000 102
2681 0.000000 102
2682 0.000000 102
2683 0.000000 102
2684 0.000000 102
2685 0.000000 102
2686 0.000000 102
2687 0.000000 102
2688 0.000000 102
2689 0.000000 102
2690 0.000000 102
2691 0.000000 102
2692 0.000000 102
2693 0.000000 102
2694 0.000000 102
2695 0.000000 102
2696 0.000000 102
2697 0.000000 102
2698 0.000000 102
2699 0.000000 102
2700 0.119786 99
2701 0.162204 99
2702 0.126253 99
2703 0.105524 99
2704 0.079933 99
2705 0.055084 99
2706 0.050111 99
2707 0.032980 99
2708 0.022783 99
2709 0.015406 99
2710 0.014468 99
2711 5.053120 99
2712 4.078819 99
2713 4.375631 98
2714 55.600260 99
2715 4.482127 99
2716 331.981081 99
2717 5.186491 99
2718 98.053791 99
2719 2.246435 99
2720 2.845848 99
2721 32.028673 99
2722 5.268054 99
2723 3.728578 99
2724 5.265302 99
2725 5.626397 99
2726 5.426147 99
2727 5.534759 99
2728 6.710162 99
2729 17.847006 99
2730 223.809282 99
2731 5.117276 99
2732 5.155001 99
2733 334.823536 99
2734 5.018626 99
2735 9.238369 99
2736 3.532373 99
2737 9.215108 99
2738 5.297690 99
2739 6.024144 99
2740 4.710948 99
2741 5.072140 99
2742 6.558506 99
2743 58.328439 99
2744 6.571965 99
2745 5.677155 99
2746 18.375363 99
2747 3.342177 99
2748 32.710235 99
2749 3.362633 99
2750 8.867734 95
2751 3.751984 95
2752 9.229695 95
2753 4.812735 95
2754 2.270339 95
2755 5.895847 95
2756 2.285607 95
2757 3.229363 95
2758 2.776236 95
2759 1.853700 95
2760 1.183871 95
2761 1.011894 95
2762 0.884506 95
2763 1.165144 95
2764 1.161892 95
2765 1.221202 95
2766 1.341073 95
2767 1.058026 95
2768 1.343342 95
2769 1.107988 95
2770 1.302972 95
2771 1.389073 95
2772 1.334826 95
2773 1.136157 95
2774 1.104561 95
2775 1.196283 95
2776 1.693751 95
2777 1.270431 95
2778 1.564364 95
2779 1.296803 95
2780 1.391288 95
2781 1.088788 95
2782 1.301599 95
2783 1.479617 95
2784 1.114378 95
2785 1.689853 95
2786 1.915064 95
2787 1.262216 95
2788 3.777794 95
2789 1.511390 95
2790 1.888899 95
2791 2.066745 95
2792 2.399234 95
2793 3.107533 95
2794 2.069189 95
2795 1.919303 95
2796 1.921007 95
2797 2.016619 95
2798 1.869239 95
2799 2.377194 95
2800 2.031238 98
2801 2.566392 98
2802 2.104689 98
2803 2.337847 98
2804 2.698087 98
2805 2.346984 98
2806 2.349703 98
2807 2.754100 98
2808 1.806244 98
2809 2.606233 98
2810 2.135943 98
2811 2.044181 98
2812 1.974256 98
2813 2.134208 98
2814 2.397849 98
2815 1.973614 98
2816 4.857853 98
2817 3.873909 98
2818 4.937238 98
2819 0.046846 98
2820 0.049104 98
2821 0.034196 98
2822 0.013703 98
2823 0.011972 98
2824 0.008790 98
2825 0.002534 98
2826 0.000349 98
2827 0.000000 98
2828 0.000000 98
2829 0.000000 98
2830 0.000000 98
2831 0.000000 98
2832 0.000000 98
2833 0.000000 98
2834 0.000000 98
2835 0.000000 98
2836 0.000000 98
2837 0.000000 98
2838 0.000000 98
2839 4.276566 98
2840 8.014853 98
2841 8.900280 98
2842 3.552965 98
2843 6.386150 98
2844 8.504321 98
2845 8.050942 98
2846 2.353531 98
2847 5.274706 98
2848 5.349952 98
2849 5.494651 98
2850 1.696958 103
2851 4.375316 103
2852 4.373253 103
2853 4.172146 103
2854 3.457995 103
2855 6.953016 103
2856 8.277457 103
2857 4.208530 103
2858 6.013663 103
2859 6.164871 103
2860 6.104422 103
2861 1.071292 103
2862 3.559307 103
2863 1.500705 103
2864 3.597274 103
2865 3.677333 103
2866 8.127554 103
2867 21.271544 103
2868 8.754742 103
2869 2.797994 103
2870 5.609501 103
2871 6.257473 103
2872 6.121909 103
2873 0.182426 103
2874 0.246285 103
2875 0.320331 103
2876 0.388426 103
2877 0.504772 103
2878 0.438361 103
2879 0.427545 103
2880 0.415174 103
2881 0.369178 103
2882 0.433087 103
2883 0.465162 103
2884 0.478888 103
2885 0.383820 103
2886 0.375837 103
2887 0.377155 103
2888 0.376900 103
2889 0.534219 103
2890 0.348998 103
2891 0.688235 103
2892 0.732844 103
2893 0.938419 103
2894 3.442338 103
2895 3.184253 103
2896 7.271210 103
2897 99.329255 103
2898 3.130931 103
2899 4.197240 103
2900 1.528406 84
2901 3.010589 84
2902 3.284283 84
2903 3.166520 84
2904 1.974535 84
2905 4.678829 84
2906 4.772903 84
2907 4.821519 84
2908 2.181936 84
2909 4.704451 84
2910 5.042678 84
2911 2.224760 84
2912 4.700938 84
2913 4.720465 84
2914 4.548908 84
2915 4.585223 84
2916 2.630168 84
2917 5.711639 84
2918 5.933247 84
2919 5.435841 84
2920 1.497923 84
2921 4.697577 84
2922 5.070025 84
2923 1.855565 84
2924 3.889833 84
2925 4.294589 84
2926 3.720240 84
2927 2.800028 84
2928 7.472582 84
2929 7.533761 84
2930 8.216254 84
2931 0.781696 84
2932 2.104079 84
2933 2.328639 84
2934 1.989877 84
2935 1.207697 84
2936 3.040740 84
2937 2.687780 84
2938 8.685168 84
2939 10.315838 84
2940 9.420216 84
2941 10.475993 84
2942 9.153123 84
2943 10.268398 84
2944 2.857141 84
2945 5.357137 84
2946 5.526561 84
2947 5.959252 84
2948 4.069151 84
2949 5.063628 84
2950 1.918783 96
2951 3.671008 96
2952 4.014180 96
2953 1.584287 96
2954 3.390385 96
2955 1.484503 96
2956 3.595368 96
2957 3.412814 96
2958 1.554265 96
2959 3.682221 96
2960 3.773409 96
2961 3.445302 96
2962 2.342301 96
2963 5.583091 96
2964 5.124879 96
2965 2.320909 96
2966 7.198986 96
2967 6.832043 96
2968 6.202762 96
2969 25.050028 96
2970 31.571057 96
2971 1.843329 96
2972 0.513822 96
2973 4.305321 96
2974 3.584934 96
2975 3.183799 96
2976 8.266576 96
2977 6.672849 96
2978 2.344745 96
2979 5.803135 96
2980 5.293466 96
2981 1.030299 96
2982 2.547930 96
2983 1.939203 96
2984 5.112258 96
2985 1.906857 96
2986 4.048212 96
2987 4.624677 96
2988 2.519040 96
2989 4.592195 96
2990 1.395472 96
2991 2.530703 96
2992 5.239509 96
2993 4.076355 96
2994 10.932249 96
2995 2.317229 96
2996 5.282912 96
2997 2.323859 96
2998 6.590736 96
2999 0.005173 96
3000 0.000000 100
3001 0.000000 100
3002 0.000000 100
3003 0.000000 100
3004 0.000519 100
3005 0.000773 100
3006 0.001375 100
3007 0.014341 100
3008 47.946971 100
3009 293.686840 100
3010 118.984075 100
3011 432.231644 100
3012 153.561099 100
3013 436.321600 100
3014 239.585902 100
3015 292.099245 100
3016 383.870400 100
3017 477.729514 100
3018 113.075921 100
3019 140.622921 100
3020 77.182810 100
3021 289.890503 100
3022 1.268102 100
3023 2.432270 100
3024 2.654589 100
3025 2.213203 100
3026 6.825867 100
3027 0.000000 100
3028 0.000000 100
3029 0.000000 100
3030 1.527997 100
3031 3.399449 100
3032 2.014641 100
3033 5.042462 100
3034 3.085431 100
3035 7.610201 100
3036 66.268845 100
3037 77.782526 100
3038 80.833733 100
3039 3.974657 100
3040 10.196561 100
3041 2.916588 100
3042 7.170223 100
3043 2.398064 100
3044 10.150804 100
3045 3.112748 100
3046 8.531325 100
3047 7.884756 100
3048 3.002958 100
3049 7.922326 100
3050 2.352501 91
3051 6.261101 91
3052 1.279428 91
3053 3.082910 91
3054 2.586489 91
3055 2.410976 91
3056 6.551992 91
3057 0.149486 91
3058 0.339217 91
3059 0.295611 91
3060 2.132705 91
3061 4.529251 91
3062 0.512841 91
3063 0.418799 91
3064 0.414389 91
3065 0.314856 91
3066 0.231312 91
3067 3.441883 91
3068 9.963759 91
3069 4.331932 91
3070 3.050153 91
3071 4.231659 91
3072 4.055483 91
3073 4.339563 91
3074 4.351327 91
3075 4.250588 91
3076 4.203344 91
3077 4.222172 91
3078 4.295875 91
3079 4.131510 91
3080 4.167626 91
3081 4.080769 91
3082 4.276420 91
3083 4.550842 91
3084 4.274569 91
3085 4.484512 91
3086 4.869390 91
3087 7.835498 91
3088 6.275496 91
3089 11.217249 91
3090 92.904809 91
3091 16.042523 91
3092 6.000495 91
3093 5.514692 91
3094 8.967260 91
3095 11.239049 91
3096 8.195163 91
3097 0.576777 91
3098 1.052439 91
3099 1.075375 91
3100 0.082484 97
3101 0.604762 97
3102 0.756019 97
3103 0.869370 97
3104 0.876335 97
3105 0.842932 97
3106 0.832481 97
3107 0.885362 97
3108 0.736826 97
3109 1.754118 97
3110 2.644243 97
3111 26.403732 97
3112 1.652064 97
3113 484.687632 97
3114 20.431402 97
3115 2.460814 97
3116 3.746671 97
3117 6.429507 97
3118 4.391419 97
3119 5.960375 97
3120 48.481168 97
3121 1.439842 97
3122 4.716503 97
3123 3.871266 97
3124 1.205611 97
3125 1.065365 97
3126 3.696596 97
3127 4.060565 97
3128 3.380281 97
3129 3.397005 97
3130 3.390275 97
3131 3.490795 97
3132 1.279397 97
3133 4.891743 97
3134 8.026449 97
3135 7.222372 97
3136 7.184388 97
3137 7.594728 97
3138 7.407917 97
3139 4.372775 97
3140 7.539508 97
3141 7.350842 97
3142 10.906674 97
3143 10.737831 97
3144 10.868771 97
3145 13.711380 97
3146 7.031295 97
3147 2.754314 97
3148 3.728066 97
3149 3.574259 97
3150 3.054177 103
3151 5.935654 103
3152 3.320559 103
3153 5.185201 103
3154 26.787021 103
3155 7.184042 103
3156 4.368782 103
3157 30.919123 103
3158 8.123108 103
3159 8.522493 103
3160 4.968925 103
3161 3.084355 103
3162 4.999710 103
3163 326.057094 103
3164 10.688997 103
3165 15.888156 103
3166 4.225250 103
3167 2.710372 103
3168 4.255426 103
3169 5.136944 103
3170 5.102455 103
3171 10.259594 103
3172 8.942701 103
3173 10.199024 103
3174 6.944441 103
3175 5.466945 103
3176 6.429104 103
3177 13.385489 103
3178 4.980964 103
3179 5.815766 103
3180 7.469229 103
3181 8.282537 103
3182 7.334726 103
3183 7.396930 103
3184 7.058181 103
3185 5.363332 103
3186 0.000000 103
3187 0.000000 103
3188 0.000000 103
3189 0.000000 103
3190 0.000000 103
3191 0.000000 103
3192 3.031943 103
3193 95.808381 103
3194 8.047660 103
3195 6.906538 103
3196 2.747232 103
3197 4.953896 103
3198 5.056298 103
3199 4.012857 103
3200 3.703486 108
3201 7.204756 108
3202 17.001236 108
3203 16.423359 108
3204 13.978955 108
3205 15.271395 108
3206 3.797851 108
3207 15.060179 108
3208 3.762176 108
3209 10.452510 108
3210 2.203922 108
3211 142.347192 108
3212 3.406445 108
3213 2.912818 107
3214 17.392484 108
3215 3.227761 108
3216 6.913325 108
3217 9.784696 108
3218 11.730691 108
3219 13.139686 105
3220 15.045607 108
3221 12.606108 108
3222 4.561030 108
3223 9.658056 108
3224 10.215321 108
3225 9.684509 108
3226 1.588282 108
3227 2.529412 108
3228 2.657008 108
3229 3.983215 108
3230 2.488469 108
3231 1.860846 108
3232 3.411341 108
3233 6.065537 108
3234 53.724593 108
3235 2.660510 108
3236 2.452493 108
3237 1.642618 108
3238 3.915899 108
3239 3.357033 108
3240 2.287047 108
3241 6.028455 108
3242 9.044515 108
3243 5.386240 107
3244 1.946480 108
3245 1.314386 108
3246 0.195862 108
3247 0.196302 108
3248 0.393466 108
3249 6.247352 108
3250 1.664938 107
3251 3.411685 107
3252 3.264740 107
3253 3.676174 107
3254 2.201856 107
3255 3.812647 107
3256 1.736369 107
3257 2.482771 107
3258 2.664193 107
3259 2.296870 107
3260 2.433448 107
3261 16.598289 107
3262 2.370923 107
3263 0.778119 107
3264 2.527670 107
3265 4.950706 107
3266 2.126228 107
3267 3.680594 107
3268 4.480384 107
3269 4.086289 107
3270 4.168185 107
3271 4.222302 107
3272 0.709661 107
3273 9.646061 107
3274 5.676620 107
3275 23.852654 107
3276 2.055537 107
3277 2.958029 107
3278 3.835328 107
3279 9.133492 107
3280 2.463219 107
3281 1.360472 107
3282 30.132962 107
3283 4.462668 107
3284 4.831822 107
3285 2.095754 107
3286 5.237227 107
3287 5.358785 107
3288 6.646082 107
3289 6.533128 107
3290 1.404259 107
3291 4.530943 107
3292 2.720589 107
3293 4.203953 107
3294 2.584003 107
3295 43.699585 107
3296 4.855980 107
3297 1.622497 107
3298 14.588585 107
3299 2.164722 107
3300 2.202400 116
3301 1.055590 116
3302 92.655884 116
3303 186.111486 116
3304 193.223979 116
3305 189.655382 116
3306 0.238846 116
3307 0.187716 116
3308 0.263068 116
3309 0.314235 116
3310 0.368621 116
3311 3.209328 116
3312 5.412817 116
3313 4.925809 116
3314 4.686433 116
3315 7.316104 116
3316 9.101895 116
3317 69.664518 116
3318 38.569361 116
3319 66.179591 116
3320 73.072541 116
3321 71.663858 116
3322 3.957735 116
3323 4.305166 116
3324 6.673038 116
3325 12.389109 116
3326 5.515948 116
3327 1.538799 116
3328 2.224067 116
3329 37.186732 116
3330 3.529364 116
3331 42.961354 116
3332 2.962050 116
3333 3.924055 116
3334 8.463203 116
3335 0.297365 116
3336 6.821013 116
3337 3.973664 116
3338 7.282318 116
3339 2.536206 116
3340 17.060518 116
3341 3.587797 116
3342 2.352274 116
3343 3.987505 116
3344 4.096389 116
3345 3.149780 116
3346 8.096168 116
3347 8.081743 116
3348 4.184370 116
3349 1.681417 116
3350 5.054820 82
3351 0.835531 82
3352 1.482895 82
3353 2.188606 82
3354 2.371573 82
3355 5.824376 82
3356 8.483351 82
3357 24.985908 82
3358 20.015099 82
3359 4.396502 82
3360 1.553897 82
3361 6.027783 82
3362 1.449481 82
3363 5.353057 82
3364 10.818160 82
3365 11.711830 82
3366 11.118512 82
3367 6.636656 82
3368 5.111514 82
3369 217.256132 82
3370 2.079787 82
3371 2.413031 82
3372 6.701730 82
3373 5.614765 82
3374 1.732089 82
3375 3.734857 82
3376 6.837157 82
3377 4.278623 82
3378 2.458822 82
3379 6.451665 82
3380 4.969240 82
3381 1.343507 82
3382 3.648964 82
3383 3.658209 82
3384 1.651100 82
3385 5.441872 82
3386 7.001767 82
3387 1.389687 82
3388 1.630392 82
3389 3.871355 82
3390 3.554109 82
3391 62.964947 82
3392 158.699253 82
3393 226.705573 82
3394 0.000000 82
3395 14.595721 82
3396 19.607762 82
3397 18.341685 82
3398 0.000000 82
3399 2.814112 82
3400 3.501601 92
3401 2.378282 92
3402 1.770164 92
3403 8.525602 92
3404 2.167498 92
3405 6.641775 92
3406 5.256217 92
3407 1.464273 92
3408 1.206635 92
3409 2.649899 92
3410 6.029418 92
3411 4.759336 92
3412 3.264528 92
3413 2.641153 92
3414 5.399659 92
3415 5.926637 92
3416 4.309200 92
3417 2.569963 92
3418 6.793823 92
3419 5.347498 92
3420 2.405167 92
3421 6.617760 92
3422 5.347164 92
3423 31.182734 92
3424 64.124900 92
3425 62.798361 92
3426 6.929606 92
3427 7.402935 92
3428 3.995707 92
3429 3.877495 92
3430 2.650005 92
3431 5.760847 92
3432 6.923654 92
3433 2.576347 92
3434 6.522335 92
3435 5.619328 92
3436 2.725530 92
3437 6.375154 92
3438 5.293611 92
3439 1.711668 92
3440 4.773056 92
3441 2.438693 92
3442 5.623569 92
3443 5.964762 92
3444 34.298731 92
3445 21.614129 92
3446 5.157111 92
3447 42.163996 92
3448 37.500673 92
3449 17.840150 92
3450 30.390924 113
3451 3.278668 113
3452 6.874769 113
3453 13.649018 113
3454 11.683802 113
3455 3.281813 113
3456 7.127229 113
3457 7.329784 113
3458 2.121752 113
3459 2.414420 113
3460 6.627720 113
3461 1.515455 113
3462 1.850494 113
3463 1.850943 113
3464 1.219419 113
3465 2.892094 113
3466 1.778646 113
3467 2.183082 113
3468 2.105538 113
3469 5.800256 113
3470 11.212807 113
3471 3.678456 113
3472 0.000000 113
3473 0.000000 113
3474 3.055252 113
3475 2.458719 113
3476 4.704351 113
3477 6.429304 113
3478 0.190815 113
3479 0.200983 113
3480 8.150319 113
3481 12.814037 113
3482 17.347980 113
3483 2.502456 113
3484 5.694888 113
3485 6.741903 113
3486 13.419334 113
3487 1.722822 113
3488 2.678582 113
3489 2.795708 113
3490 4.616022 113
3491 16.199145 113
3492 2.316508 113
3493 6.697161 113
3494 5.231283 113
3495 2.711129 113
3496 6.306293 113
3497 5.337684 113
3498 2.822078 113
3499 7.011666 113
3500 2.459427 94
3501 1.992293 94
3502 6.538510 94
3503 5.588821 94
3504 2.293383 94
3505 5.092029 94
3506 6.427432 94
3507 2.368915 94
3508 5.335938 94
3509 6.435027 94
3510 2.580749 94
3511 6.595170 94
3512 4.851013 94
3513 19.073803 94
3514 22.191374 94
3515 22.934640 94
3516 3.681935 94
3517 2.789360 94
3518 6.644086 94
3519 5.800757 94
3520 471.318116 94
3521 2.635946 94
3522 5.403037 94
3523 6.866597 94
3524 2.705694 94
3525 6.688574 94
3526 5.543220 94
3527 0.830407 94
3528 1.179188 94
3529 1.628343 94
3530 1.497490 94
3531 2.816322 94
3532 5.249454 94
3533 6.933440 94
3534 17.251282 94
3535 2.533291 94
3536 5.620278 94
3537 6.785992 94
3538 6.853579 94
3539 1.518656 94
3540 1.175595 94
3541 8.587561 94
3542 2.160652 94
3543 2.047344 94
3544 3.208496 94
3545 1.736267 94
3546 4.554854 94
3547 4.175897 94
3548 3.854123 94
3549 2.138124 94
3550 1.928084 104
3551 2.748542 104
3552 2.264939 104
3553 2.766677 104
3554 28.258959 104
3555 3.704927 104
3556 5.472899 104
3557 28.215024 104
3558 1.974781 104
3559 2.407370 104
3560 13.358024 104
3561 162.302218 104
3562 1.621228 104
3563 4.420644 104
3564 11.053641 104
3565 1.695773 104
3566 0.470039 104
3567 4.889480 104
3568 1.470321 104
3569 5.514999 104
3570 2.254882 104
3571 4.607534 104
3572 1.466866 104
3573 0.686588 104
3574 2.177520 104
3575 6.380696 104
3576 5.487823 104
3577 1.943568 104
3578 11.992141 104
3579 110.828546 104
3580 1.787538 104
3581 13.089583 104
3582 0.649030 104
3583 1.027533 104
3584 3.634375 104
3585 20.227839 104
3586 40.259834 104
3587 3.316135 104
3588 4.837497 104
3589 1.453136 104
3590 1.898294 104
3591 1.194857 104
3592 11.988928 104
3593 33.505167 104
3594 2.319384 104
3595 7.838041 104
3596 1.789113 104
3597 5.344368 104
3598 1.362300 104
3599 4.280971 104
3600 3.710695 93
3601 18.993934 93
3602 2.585499 93
3603 2.747289 93
3604 0.490765 93
3605 1.188104 93
3606 0.832249 93
3607 1.792520 93
3608 8.888873 93
3609 1.145269 93
3610 6.207554 93
3611 0.000000 93
3612 1.180262 93
3613 1.814351 93
3614 2.545364 93
3615 8.735271 93
3616 6.438950 93
3617 11.602577 93
3618 1.339563 93
3619 3.850031 93
3620 21.292708 93
3621 2.908761 93
3622 20.820532 93
3623 2.649989 93
3624 20.726668 93
3625 3.254049 93
3626 3.044035 93
3627 2.573415 93
3628 1.464120 93
3629 1.467256 93
3630 14.165075 93
3631 5.272681 93
3632 1.647721 93
3633 1.983768 93
3634 4.119097 93
3635 6.052146 93
3636 0.875533 93
3637 1.432025 93
3638 89.021417 93
3639 4.188004 93
3640 15.335428 93
3641 4.232893 93
3642 5.337595 93
3643 2.943323 93
3644 0.342128 93
3645 3.112291 93
3646 1.368703 93
3647 51.577733 93
3648 0.013001 93
3649 3.461469 93
3650 4.126299 112
3651 4.064362 112
3652 1.178835 112
3653 2.455886 112
3654 0.879432 112
3655 0.476789 112
3656 2.430256 112
3657 0.000000 112
3658 0.189218 112
3659 14.879193 112
3660 51.098782 112
3661 4.049686 112
3662 15.798341 112
3663 4.320790 112
3664 0.229956 112
3665 2.591979 112
3666 12.352732 112
3667 7.930654 112
3668 11.485001 112
3669 2.069865 112
3670 27.158696 112
3671 5.460542 112
3672 0.805639 112
3673 2.935572 112
3674 0.998080 112
3675 2.217454 112
3676 32.921456 112
3677 96.590524 112
3678 0.028351 112
3679 1.524938 112
3680 1.865557 112
3681 2.304466 112
3682 2.853658 112
3683 2.159905 112
3684 0.000000 112
3685 1.762050 112
3686 0.909126 112
3687 13.395648 112
3688 1.928159 112
3689 0.189668 112
3690 1.729274 112
3691 250.181249 112
3692 0.722756 112
3693 3.266622 112
3694 2.250946 112
3695 18.203580 112
3696 2.141231 112
3697 6.006305 112
3698 2.068006 112
3699 0.716832 112
3700 0.849479 98
3701 2.082390 98
3702 7.283267 98
3703 2.578478 98
3704 2.712413 98
3705 1.978194 98
3706 0.940710 98
3707 6.673229 98
3708 0.328343 98
3709 2.865158 98
3710 3.812832 98
3711 0.197105 98
3712 9.023917 98
3713 1.794885 98
3714 4.009612 98
3715 4.860940 98
3716 2.056391 98
3717 1.546091 98
3718 1.960058 98
3719 2.396157 98
3720 0.012210 98
3721 2.155864 98
3722 12.274583 98
3723 0.660698 98
3724 1.934523 98
3725 1.730560 98
3726 2.664949 98
3727 2.059303 98
3728 1.792716 98
3729 2.341088 98
3730 2.027488 98
3731 6.090223 98
3732 13.540704 98
3733 2.554657 98
3734 2.801883 98
3735 21.177097 98
3736 2.595960 98
3737 1.370037 98
3738 89.452269 98
3739 1.890129 98
3740 2.963394 98
3741 2.715778 97
3742 2.724970 98
3743 2.625286 98
3744 20.507772 98
3745 7.676154 98
3746 1.341636 98
3747 2.859396 98
3748 1.749669 98
3749 0.000000 98
3750 7.847216 110
3751 2.296852 110
3752 7.096508 110
3753 0.576572 110
3754 1.939733 110
3755 1.352851 110
3756 13.000457 110
3757 2.504844 110
3758 2.884528 110
3759 1.465877 110
3760 1.641190 110
3761 2.083297 110
3762 0.000478 110
3763 1.762215 110
3764 2.415856 110
3765 2.676972 110
3766 1.075020 110
3767 0.000000 110
3768 17.308093 110
3769 1.927906 110
3770 3.739171 110
3771 1.431560 110
3772 2.214140 110
3773 5.682034 110
3774 6.004540 110
3775 1.625021 110
3776 0.063148 110
3777 2.558083 110
3778 371.354065 110
3779 1.320312 110
3780 2.025327 110
3781 20.087383 110
3782 123.235711 110
3783 71.858878 110
3784 2.093647 110
3785 2.520903 110
3786 0.000000 110
3787 2.649174 110
3788 1.190897 110
3789 17.345495 110
3790 3.538713 110
3791 3.547905 110
3792 3.065673 110
3793 3.056117 110
3794 2.608724 110
3795 4.603292 110
3796 1.114954 110
3797 3.261053 110
3798 3.387899 110
3799 3.108061 110
3800 1.396017 106
3801 2.457628 106
3802 0.091400 106
3803 3.482900 106
3804 3.416650 106
3805 3.492482 106
3806 3.087850 106
3807 2.405100 106
3808 3.655450 106
3809 12.391437 106
3810 1.629792 106
3811 2.191232 106
3812 2.038142 106
3813 0.562343 106
3814 5.795025 106
3815 3.740300 106
3816 1.892369 106
3817 1.927354 106
3818 2.167159 106
3819 2.272382 106
3820 6.179365 105
3821 0.060196 106
3822 7.386146 106
3823 2.333161 106
3824 15.617566 106
3825 18.709559 106
3826 0.498672 106
3827 3.464081 106
3828 1.388033 106
3829 1.199264 106
3830 21.386715 106
3831 2.700378 106
3832 19.666271 106
3833 1.523586 106
3834 2.995068 106
3835 2.255397 106
3836 3.824265 106
3837 41.494222 106
3838 52.993745 106
3839 3.996226 106
3840 0.000000 106
3841 2.593265 106
3842 40.179976 106
3843 4.379588 106
3844 1.391048 106
3845 2.485826 106
3846 2.525897 106
3847 14.477275 106
3848 2.120126 106
3849 0.000000 106
3850 2.133712 104
3851 4.391404 104
3852 1.469576 104
3853 1.766530 104
3854 1.793789 104
3855 2.004892 104
3856 1.623440 104
3857 2.349778 104
3858 1.293695 104
3859 3.972903 104
3860 3.435193 104
3861 3.304071 104
3862 1.311467 104
3863 1.589931 104
3864 2.697223 104
3865 37.782414 104
3866 1.724992 104
3867 4.468418 104
3868 2.680648 104
3869 1.940225 104
3870 3.383857 104
3871 1.756876 104
3872 1.292438 104
3873 1.943280 104
3874 1.972726 104
3875 2.014317 104
3876 1.197536 104
3877 3.871647 104
3878 2.644425 104
3879 2.550902 104
3880 2.037976 104
3881 2.293491 104
3882 5.460987 104
3883 2.053482 104
3884 2.706809 104
3885 0.848505 104
3886 0.697179 104
3887 3.529139 104
3888 50.782984 104
3889 15.746269 104
3890 5.346238 104
3891 8.242640 104
3892 2.309988 104
3893 2.480663 104
3894 1.744514 104
3895 5.321720 104
3896 9.286287 104
3897 3.962104 104
3898 1.093436 104
3899 2.761856 104
3900 168.753614 109
3901 1.651747 109
3902 3.416346 109
3903 2.596054 109
3904 1.336078 109
3905 1.691336 109
3906 0.000000 109
3907 1.191791 109
3908 3.360388 109
3909 0.286647 109
3910 2.522726 109
3911 1.635764 109
3912 1.524333 109
3913 2.411654 109
3914 2.419879 109
3915 2.302549 109
3916 1.892894 109
3917 2.101830 109
3918 0.998162 109
3919 1.208876 109
3920 1.073348 109
3921 0.666685 109
3922 0.965198 109
3923 1.541651 109
3924 6.827655 109
3925 1.540871 109
3926 30.624816 109
3927 15.277582 109
3928 1.879208 109
3929 48.325076 109
3930 1.529912 109
3931 2.860596 109
3932 1.317667 109
3933 1.605285 109
3934 3.127483 109
3935 1.519972 109
3936 2.492337 109
3937 2.290282 109
3938 1.025494 109
3939 13.865230 109
3940 0.086416 109
3941 3.424341 109
3942 1.883928 109
3943 0.886736 109
3944 2.237045 109
3945 40.007685 109
3946 1.460141 109
3947 2.345436 109
3948 2.269640 109
3949 13.958490 109
3950 0.936891 117
3951 2.058884 117
3952 5.689882 117
3953 0.489572 117
3954 1.468725 117
3955 37.972676 117
3956 56.006636 117
3957 2.003611 117
3958 1.743097 117
3959 5.411363 117
3960 0.000000 117
3961 1.707475 117
3962 1.505105 117
3963 5.726138 117
3964 6.006871 117
3965 17.025621 117
3966 1.913432 117
3967 13.934952 116
3968 1.027947 117
3969 0.441790 117
3970 16.202143 117
3971 2.965558 117
3972 2.471413 117
3973 0.000000 117
3974 4.271694 117
3975 1.635565 117
3976 2.065590 117
3977 0.872918 117
3978 2.143192 117
3979 1.603444 117
3980 0.000000 117
3981 4.396184 117
3982 3.613370 117
3983 3.530642 117
3984 2.433602 117
3985 1.226612 117
3986 0.014579 117
3987 1.605905 117
3988 8.548083 117
3989 0.841863 117
3990 3.232239 117
3991 0.530011 117
3992 11.490235 117
3993 0.577549 117
3994 0.515375 117
3995 0.694557 117
3996 0.773756 117
3997 0.687690 117
3998 1.396784 117
3999 1.020271 117
4000 0.301212 112
4001 0.447892 112
4002 2.967001 112
4003 1.793830 112
4004 1.691883 112
4005 2.151974 112
4006 0.847307 112
4007 4.767891 112
4008 0.252653 112
4009 2.081994 112
4010 0.717348 112
4011 1.472588 112
4012 2.916733 112
4013 7.356411 112
4014 4.636531 112
4015 0.387708 112
4016 0.471691 112
4017 1.161360 112
4018 1.218101 112
4019 0.359427 112
4020 0.864947 112
4021 1.339649 112
4022 3.361146 112
4023 4.403560 112
4024 1.214718 112
4025 2.518346 112
4026 2.049529 112
4027 35.136589 112
4028 1.323211 112
4029 1.920678 112
4030 1.481509 112
4031 349.891118 112
4032 128.048324 112
4033 47.033000 112
4034 5.425120 112
4035 26.146277 112
4036 2.490316 112
4037 1.420542 112
4038 8.635710 112
4039 0.849751 112
4040 0.000000 112
4041 3.516836 112
4042 0.922596 112
4043 2.195705 112
4044 1.328072 112
4045 9.832756 112
4046 26.840338 112
4047 2.167295 112
4048 1.597620 112
4049 1.970200 112
4050 3.211704 120
4051 1.409121 120
4052 0.808985 120
4053 1.901328 120
4054 0.871098 120
4055 1.560421 120
4056 1.835197 120
4057 1.259788 120
4058 0.017035 120
4059 0.588963 120
4060 80.403660 120
4061 2.085153 120
4062 1.740846 120
4063 1.874968 120
4064 1.226573 120
4065 2.388202 120
4066 29.529328 120
4067 0.497514 120
4068 8.662730 120
4069 1.412590 120
4070 1.418324 120
4071 2.961814 120
4072 0.929776 120
4073 1.394949 120
4074 1.160187 120
4075 3.557810 120
4076 7.444164 120
4077 2.426374 120
4078 0.493513 120
4079 0.674906 120
4080 2.619622 120
4081 2.748366 120
4082 2.649634 120
4083 3.579213 120
4084 8.402490 120
4085 0.704329 120
4086 3.575971 120
4087 0.924500 120
4088 4.307147 120
4089 3.489176 120
4090 3.673380 120
4091 6.441236 120
4092 13.454447 120
4093 0.104027 120
4094 8.247742 120
4095 3.920772 120
4096 3.873973 120
4097 2.367436 120
4098 1.906977 120
4099 3.193898 120
4100 3.267646 114
4101 0.288872 114
4102 0.396244 114
4103 2.231544 114
4104 2.547456 114
4105 3.552815 114
4106 27.959510 114
4107 0.000000 114
4108 3.500597 114
4109 5.373459 114
4110 0.433134 114
4111 14.764458 114
4112 103.535948 114
4113 2.014300 114
4114 2.259801 114
4115 3.088697 114
4116 6.190422 114
4117 11.712866 114
4118 4.589366 114
4119 23.558809 114
4120 4.484328 114
4121 0.000000 114
4122 8.110898 114
4123 2.324410 114
4124 2.618294 114
4125 6.189238 114
4126 8.450923 114
4127 2.996568 114
4128 2.327424 114
4129 5.835118 114
4130 3.536625 114
4131 4.481257 114
4132 0.966919 114
4133 1.734516 114
4134 0.000000 114
4135 0.000000 114
4136 3.043696 114
4137 2.496915 114
4138 3.942182 114
4139 4.273098 114
4140 3.281042 114
4141 8.271586 114
4142 7.123693 114
4143 3.706939 114
4144 1.073358 114
4145 2.707716 114
4146 3.171199 114
4147 2.116580 114
4148 3.068280 114
4149 6.833859 114
4150 0.907570 112
4151 4.954976 112
4152 1.543024 112
4153 0.526580 112
4154 5.089110 112
4155 4.819687 112
4156 6.006874 112
4157 2.011411 112
4158 3.629516 112
4159 9.778346 112
4160 1.835745 112
4161 29.949064 112
4162 16.404419 112
4163 14.750509 112
4164 3.760263 112
4165 0.005825 112
4166 11.346108 112
4167 5.432282 112
4168 2.791926 112
4169 0.946127 112
4170 2.267170 112
4171 1.943821 112
4172 10.433982 112
4173 18.950387 112
4174 2.514304 112
4175 3.505198 112
4176 11.077175 112
4177 1.011708 112
4178 1.550288 112
4179 3.087231 112
4180 2.642010 112
4181 4.545239 112
4182 4.551954 112
4183 42.821259 112
4184 12.600108 112
4185 5.380378 112
4186 2.468683 112
4187 3.150512 112
4188 9.207828 112
4189 0.693080 112
4190 7.266898 112
4191 17.509380 112
4192 1.927155 112
4193 2.264190 112
4194 1.139074 112
4195 3.740973 112
4196 0.563327 112
4197 6.916675 112
4198 2.104565 112
4199 2.452272 112
4200 1.473207 116
4201 3.135031 116
4202 2.436944 116
4203 4.620503 116
4204 9.842523 116
4205 8.039254 116
4206 7.638317 116
4207 6.943310 116
4208 9.605402 116
4209 9.070832 116
4210 1.560957 116
4211 4.460089 116
4212 4.619491 116
4213 1.614275 116
4214 4.970410 116
4215 10.036297 116
4216 5.858082 116
4217 1.323905 116
4218 2.941866 116
4219 13.442515 116
4220 1.859923 116
4221 2.598283 116
4222 112.451060 116
4223 0.000000 116
4224 2.517013 116
4225 1.852516 116
4226 1.459199 116
4227 4.982545 116
4228 4.417472 116
4229 0.600116 116
4230 2.712826 116
4231 5.924562 116
4232 2.165599 116
4233 1.621711 116
4234 1.534652 116
4235 3.065277 116
4236 0.762582 116
4237 0.802772 116
4238 2.154429 116
4239 1.755171 116
4240 3.491538 116
4241 3.340113 116
4242 1.689522 116
4243 4.266519 116
4244 3.965746 116
4245 4.188294 116
4246 1.551313 116
4247 0.661761 116
4248 1.132763 116
4249 0.439228 116
4250 0.051741 101
4251 0.034700 101
4252 1.360907 101
4253 2.068506 101
4254 1.805324 101
4255 0.846640 101
4256 1.825565 101
4257 3.175443 101
4258 0.846763 101
4259 1.178630 101
4260 1.841447 101
4261 2.176078 101
4262 1.388393 101
4263 0.860787 101
4264 2.086227 101
4265 1.116304 101
4266 3.164557 101
4267 0.857335 101
4268 3.565926 101
4269 5.580534 101
4270 6.994308 101
4271 7.791877 101
4272 8.251867 101
4273 8.842189 101
4274 0.000000 101
4275 3.053250 101
4276 0.000000 101
4277 3.719855 101
4278 0.090692 101
4279 1.616219 101
4280 4.923975 101
4281 3.290638 101
4282 0.375414 101
4283 2.801766 101
4284 1.271988 101
4285 15.737747 101
4286 1.273577 101
4287 3.913013 101
4288 0.500859 101
4289 12.560320 101
4290 5.690463 101
4291 13.140360 101
4292 12.765292 101
4293 13.194047 101
4294 13.375451 101
4295 13.622303 101
4296 13.705357 101
4297 12.950579 101
4298 0.000000 101
4299 12.059044 101
4300 2.947489 105
4301 7.706849 105
4302 7.400746 105
4303 7.563059 105
4304 7.566031 105
4305 7.485553 105
4306 0.902349 105
4307 3.322079 105
4308 9.636372 105
4309 10.121167 105
4310 3.001890 105
4311 3.117037 105
4312 8.950697 105
4313 9.271532 105
4314 8.694946 105
4315 8.724373 105
4316 8.806427 105
4317 5.181048 105
4318 30.702491 105
4319 1.854274 105
4320 1.752428 105
4321 2.112891 105
4322 2.232040 105
4323 2.306215 105
4324 2.520599 105
4325 0.988351 105
4326 13.183220 105
4327 2.969495 105
4328 6.852294 105
4329 0.793809 105
4330 12.087812 105
4331 1.245777 105
4332 1.584649 105
4333 1.110190 105
4334 3.460492 105
4335 1.045083 105
4336 0.535222 105
4337 0.924871 105
4338 1.446798 105
4339 3.362171 105
4340 2.077002 105
4341 1.354003 105
4342 1.300339 105
4343 1.002293 105
4344 0.000000 105
4345 0.000000 105
4346 0.000000 105
4347 0.000000 105
4348 0.000000 105
4349 0.000000 105
4350 0.000000 104
4351 1.691907 104
4352 0.513211 104
4353 1.930233 104
4354 3.073488 104
4355 2.184909 104
4356 2.985281 104
4357 2.063773 104
4358 1.822939 104
4359 1.472425 104
4360 96.437174 104
4361 102.776094 104
4362 101.927871 104
4363 108.045062 104
4364 108.265151 104
4365 105.612102 104
4366 99.312239 104
4367 104.753919 104
4368 104.686346 104
4369 108.626230 104
4370 99.191065 104
4371 104.446108 104
4372 102.007804 104
4373 103.540573 104
4374 102.940314 104
4375 105.601704 104
4376 102.602610 104
4377 104.189957 104
4378 105.659473 104
4379 3.874430 104
4380 6.889486 104
4381 17.374470 104
4382 8.713194 104
4383 15.454931 104
4384 5.758406 104
4385 5.628877 104
4386 8.492999 104
4387 6.260790 104
4388 273.770454 104
4389 2.395586 104
4390 4.519265 104
4391 11.395491 103
4392 72.244110 104
4393 10.764987 104
4394 3.054011 104
4395 5.848875 104
4396 5.195979 104
4397 7.717178 104
4398 6.528117 104
4399 5.822273 104
4400 2.254389 87
4401 4.970245 87
4402 5.463839 87
4403 6.476574 87
4404 5.206333 87
4405 6.126029 87
4406 3.618489 87
4407 3.755991 87
4408 3.136886 87
4409 4.090297 87
4410 3.277331 87
4411 2.789820 87
4412 4.084943 87
4413 2.254696 87
4414 22.176558 87
4415 4.434774 87
4416 91.257331 87
4417 1.010628 87
4418 19.095844 87
4419 45.668530 87
4420 3.890733 87
4421 1.229980 87
4422 33.810732 87
4423 24.516173 87
4424 2.958879 87
4425 1.277826 87
4426 18.855982 87
4427 44.608022 87
4428 2.299236 87
4429 10.345724 87
4430 3.069440 87
4431 2.680312 87
4432 61.650656 87
4433 13.368900 87
4434 2.128172 87
4435 47.785495 87
4436 3.069888 87
4437 1.642448 87
4438 38.000674 87
4439 51.450366 87
4440 3.834776 87
4441 1.843749 87
4442 37.732129 87
4443 4.636947 87
4444 56.653116 87
4445 1.322905 87
4446 16.488146 87
4447 2.841138 87
4448 66.152596 87
4449 1.532228 87
4450 9.355494 101
4451 44.035490 101
4452 3.129194 101
4453 1.988386 101
4454 0.857411 101
4455 1.902236 101
4456 1.722336 101
4457 5.268744 101
4458 2.300857 101
4459 5.415971 101
4460 3.869526 101
4461 10.389620 101
4462 2.855208 101
4463 5.137378 101
4464 1.363789 101
4465 3.347541 101
4466 3.073645 101
4467 2.467284 101
4468 2.811756 101
4469 6.443196 101
4470 1.722018 101
4471 2.629854 101
4472 5.263983 101
4473 21.914919 101
4474 42.555235 101
4475 2.806900 101
4476 6.661390 101
4477 13.607009 101
4478 1.537405 101
4479 1.580987 101
4480 8.043647 101
4481 1.317873 101
4482 1.364875 101
4483 0.002629 101
4484 2.091848 101
4485 2.629798 101
4486 2.635963 101
4487 3.918322 101
4488 3.034555 101
4489 2.127245 101
4490 3.392601 101
4491 3.930751 101
4492 19.827508 101
4493 3.933928 101
4494 3.065321 101
4495 0.571920 101
4496 5.874899 101
4497 3.407140 101
4498 3.959162 101
4499 18.986129 101
