0 0.823944
1 0.823944
2 0.823944
3 0.823944
4 0.823944
5 0.823944
6 0.823944
7 0.816901
8 0.823944
9 0.823944
10 0.823944
11 0.823944
12 0.823944
13 0.823944
14 0.823944
15 0.823944
16 0.823944
17 0.823944
18 0.823944
19 0.823944
20 0.823944
21 0.823944
22 0.823944
23 0.823944
24 0.823944
25 0.823944
26 0.823944
27 0.823944
28 0.823944
29 0.823944
30 0.823944
31 0.823944
32 0.823944
33 0.823944
34 0.823944
35 0.823944
36 0.823944
37 0.823944
38 0.823944
39 0.823944
40 0.823944
41 0.823944
42 0.823944
43 0.823944
44 0.823944
45 0.823944
46 0.823944
47 0.823944
48 0.823944
49 0.823944
50 0.823944
51 0.823944
52 0.809859
53 0.823944
54 0.809859
55 0.823944
56 0.809859
57 0.823944
58 0.823944
59 0.823944
60 0.823944
61 0.823944
62 0.823944
63 0.823944
64 0.823944
65 0.823944
66 0.823944
67 0.823944
68 0.823944
69 0.823944
70 0.816901
71 0.816901
72 0.816901
73 0.823944
74 0.823944
75 0.823944
76 0.823944
77 0.823944
78 0.823944
79 0.823944
80 0.823944
81 0.823944
82 0.823944
83 0.823944
84 0.816901
85 0.823944
86 0.816901
87 0.816901
88 0.816901
89 0.823944
90 0.823944
91 0.823944
92 0.823944
93 0.823944
94 0.823944
95 0.823944
96 0.823944
97 0.823944
98 0.816901
99 0.809859
100 0.669014
101 0.669014
102 0.669014
103 0.669014
104 0.669014
105 0.661972
106 0.661972
107 0.669014
108 0.661972
109 0.669014
110 0.669014
111 0.669014
112 0.669014
113 0.669014
114 0.661972
115 0.669014
116 0.669014
117 0.669014
118 0.661972
119 0.661972
120 0.669014
121 0.669014
122 0.669014
123 0.669014
124 0.669014
125 0.669014
126 0.669014
127 0.669014
128 0.669014
129 0.669014
130 0.669014
131 0.669014
132 0.669014
133 0.669014
134 0.669014
135 0.669014
136 0.669014
137 0.669014
138 0.661972
139 0.661972
140 0.661972
141 0.669014
142 0.661972
143 0.669014
144 0.669014
145 0.669014
146 0.669014
147 0.669014
148 0.669014
149 0.669014
150 0.732394
151 0.732394
152 0.732394
153 0.732394
154 0.732394
155 0.732394
156 0.732394
157 0.732394
158 0.732394
159 0.732394
160 0.732394
161 0.732394
162 0.732394
163 0.732394
164 0.732394
165 0.725352
166 0.718310
167 0.732394
168 0.725352
169 0.732394
170 0.732394
171 0.732394
172 0.732394
173 0.732394
174 0.725352
175 0.732394
176 0.725352
177 0.725352
178 0.725352
179 0.725352
180 0.725352
181 0.725352
182 0.725352
183 0.725352
184 0.725352
185 0.725352
186 0.732394
187 0.725352
188 0.725352
189 0.725352
190 0.725352
191 0.725352
192 0.725352
193 0.725352
194 0.725352
195 0.725352
196 0.725352
197 0.725352
198 0.725352
199 0.725352
200 0.690141
201 0.690141
202 0.683099
203 0.676056
204 0.683099
205 0.676056
206 0.669014
207 0.676056
208 0.676056
209 0.676056
210 0.683099
211 0.683099
212 0.676056
213 0.676056
214 0.669014
215 0.683099
216 0.676056
217 0.676056
218 0.676056
219 0.676056
220 0.676056
221 0.676056
222 0.676056
223 0.676056
224 0.676056
225 0.676056
226 0.683099
227 0.683099
228 0.676056
229 0.676056
230 0.683099
231 0.676056
232 0.676056
233 0.683099
234 0.676056
235 0.683099
236 0.669014
237 0.683099
238 0.676056
239 0.669014
240 0.676056
241 0.683099
242 0.676056
243 0.676056
244 0.683099
245 0.683099
246 0.676056
247 0.683099
248 0.683099
249 0.676056
250 0.725352
251 0.725352
252 0.718310
253 0.711268
254 0.718310
255 0.718310
256 0.725352
257 0.711268
258 0.711268
259 0.711268
260 0.711268
261 0.704225
262 0.718310
263 0.718310
264 0.711268
265 0.704225
266 0.704225
267 0.718310
268 0.704225
269 0.725352
270 0.718310
271 0.711268
272 0.718310
273 0.711268
274 0.711268
275 0.725352
276 0.704225
277 0.704225
278 0.704225
279 0.711268
280 0.711268
281 0.711268
282 0.704225
283 0.704225
284 0.718310
285 0.711268
286 0.711268
287 0.711268
288 0.718310
289 0.711268
290 0.711268
291 0.718310
292 0.711268
293 0.704225
294 0.718310
295 0.711268
296 0.711268
297 0.711268
298 0.711268
299 0.718310
300 0.739437
301 0.739437
302 0.739437
303 0.732394
304 0.725352
305 0.725352
306 0.725352
307 0.725352
308 0.732394
309 0.725352
310 0.718310
311 0.718310
312 0.725352
313 0.725352
314 0.725352
315 0.725352
316 0.732394
317 0.725352
318 0.718310
319 0.725352
320 0.725352
321 0.718310
322 0.711268
323 0.725352
324 0.718310
325 0.725352
326 0.725352
327 0.725352
328 0.718310
329 0.718310
330 0.725352
331 0.718310
332 0.725352
333 0.718310
334 0.718310
335 0.718310
336 0.718310
337 0.725352
338 0.711268
339 0.718310
340 0.718310
341 0.711268
342 0.718310
343 0.718310
344 0.725352
345 0.725352
346 0.718310
347 0.718310
348 0.718310
349 0.725352
350 0.774648
351 0.774648
352 0.774648
353 0.753521
354 0.760563
355 0.760563
356 0.767606
357 0.767606
358 0.767606
359 0.760563
360 0.760563
361 0.760563
362 0.760563
363 0.767606
364 0.760563
365 0.760563
366 0.767606
367 0.753521
368 0.760563
369 0.760563
370 0.760563
371 0.760563
372 0.753521
373 0.767606
374 0.767606
375 0.774648
376 0.760563
377 0.760563
378 0.767606
379 0.760563
380 0.760563
381 0.760563
382 0.767606
383 0.760563
384 0.753521
385 0.767606
386 0.760563
387 0.767606
388 0.760563
389 0.767606
390 0.760563
391 0.760563
392 0.760563
393 0.760563
394 0.753521
395 0.760563
396 0.753521
397 0.760563
398 0.760563
399 0.760563
400 0.732394
401 0.732394
402 0.732394
403 0.725352
404 0.725352
405 0.725352
406 0.725352
407 0.725352
408 0.725352
409 0.725352
410 0.732394
411 0.725352
412 0.725352
413 0.725352
414 0.725352
415 0.725352
416 0.725352
417 0.725352
418 0.725352
419 0.725352
420 0.725352
421 0.718310
422 0.718310
423 0.725352
424 0.718310
425 0.718310
426 0.725352
427 0.718310
428 0.718310
429 0.732394
430 0.718310
431 0.725352
432 0.718310
433 0.725352
434 0.718310
435 0.711268
436 0.704225
437 0.711268
438 0.718310
439 0.704225
440 0.711268
441 0.704225
442 0.711268
443 0.704225
444 0.711268
445 0.704225
446 0.704225
447 0.697183
448 0.704225
449 0.718310
450 0.760563
451 0.760563
452 0.760563
453 0.753521
454 0.746479
455 0.746479
456 0.746479
457 0.746479
458 0.746479
459 0.753521
460 0.760563
461 0.760563
462 0.753521
463 0.760563
464 0.753521
465 0.760563
466 0.753521
467 0.753521
468 0.753521
469 0.760563
470 0.753521
471 0.753521
472 0.753521
473 0.753521
474 0.753521
475 0.753521
476 0.753521
477 0.753521
478 0.753521
479 0.753521
480 0.753521
481 0.753521
482 0.760563
483 0.760563
484 0.753521
485 0.753521
486 0.760563
487 0.753521
488 0.753521
489 0.760563
490 0.760563
491 0.753521
492 0.753521
493 0.760563
494 0.760563
495 0.760563
496 0.760563
497 0.753521
498 0.760563
499 0.760563
500 0.816901
501 0.816901
502 0.802817
503 0.816901
504 0.816901
505 0.802817
506 0.802817
507 0.802817
508 0.816901
509 0.802817
510 0.816901
511 0.816901
512 0.816901
513 0.816901
514 0.816901
515 0.816901
516 0.816901
517 0.816901
518 0.816901
519 0.816901
520 0.816901
521 0.816901
522 0.816901
523 0.816901
524 0.816901
525 0.816901
526 0.816901
527 0.816901
528 0.816901
529 0.816901
530 0.816901
531 0.809859
532 0.816901
533 0.816901
534 0.816901
535 0.816901
536 0.816901
537 0.816901
538 0.816901
539 0.809859
540 0.816901
541 0.809859
542 0.816901
543 0.816901
544 0.802817
545 0.816901
546 0.816901
547 0.816901
548 0.816901
549 0.816901
550 0.732394
551 0.732394
552 0.732394
553 0.732394
554 0.732394
555 0.732394
556 0.732394
557 0.732394
558 0.732394
559 0.732394
560 0.732394
561 0.732394
562 0.732394
563 0.732394
564 0.732394
565 0.732394
566 0.732394
567 0.732394
568 0.732394
569 0.732394
570 0.725352
571 0.732394
572 0.718310
573 0.718310
574 0.718310
575 0.718310
576 0.718310
577 0.718310
578 0.732394
579 0.732394
580 0.732394
581 0.732394
582 0.732394
583 0.732394
584 0.732394
585 0.732394
586 0.732394
587 0.732394
588 0.732394
589 0.725352
590 0.718310
591 0.732394
592 0.732394
593 0.732394
594 0.732394
595 0.732394
596 0.732394
597 0.732394
598 0.732394
599 0.732394
600 0.788732
601 0.788732
602 0.788732
603 0.788732
604 0.774648
605 0.774648
606 0.774648
607 0.774648
608 0.788732
609 0.788732
610 0.788732
611 0.788732
612 0.767606
613 0.767606
614 0.767606
615 0.774648
616 0.788732
617 0.781690
618 0.788732
619 0.661972
620 0.788732
621 0.788732
622 0.788732
623 0.781690
624 0.788732
625 0.781690
626 0.788732
627 0.767606
628 0.767606
629 0.767606
630 0.788732
631 0.781690
632 0.781690
633 0.781690
634 0.788732
635 0.767606
636 0.788732
637 0.788732
638 0.788732
639 0.788732
640 0.788732
641 0.788732
642 0.788732
643 0.788732
644 0.788732
645 0.788732
646 0.788732
647 0.788732
648 0.788732
649 0.788732
650 0.767606
651 0.767606
652 0.753521
653 0.767606
654 0.767606
655 0.767606
656 0.753521
657 0.767606
658 0.767606
659 0.767606
660 0.760563
661 0.767606
662 0.760563
663 0.767606
664 0.767606
665 0.767606
666 0.767606
667 0.767606
668 0.767606
669 0.767606
670 0.753521
671 0.767606
672 0.767606
673 0.753521
674 0.767606
675 0.767606
676 0.767606
677 0.767606
678 0.767606
679 0.767606
680 0.767606
681 0.767606
682 0.767606
683 0.767606
684 0.767606
685 0.767606
686 0.767606
687 0.767606
688 0.767606
689 0.767606
690 0.767606
691 0.767606
692 0.767606
693 0.767606
694 0.767606
695 0.767606
696 0.767606
697 0.767606
698 0.767606
699 0.767606
700 0.697183
701 0.697183
702 0.697183
703 0.697183
704 0.697183
705 0.697183
706 0.697183
707 0.697183
708 0.697183
709 0.697183
710 0.697183
711 0.697183
712 0.697183
713 0.697183
714 0.697183
715 0.697183
716 0.697183
717 0.697183
718 0.697183
719 0.697183
720 0.697183
721 0.697183
722 0.697183
723 0.697183
724 0.697183
725 0.697183
726 0.697183
727 0.690141
728 0.690141
729 0.690141
730 0.690141
731 0.690141
732 0.690141
733 0.690141
734 0.690141
735 0.690141
736 0.697183
737 0.697183
738 0.697183
739 0.697183
740 0.690141
741 0.697183
742 0.697183
743 0.697183
744 0.697183
745 0.697183
746 0.697183
747 0.697183
748 0.697183
749 0.697183
750 0.697183
751 0.697183
752 0.697183
753 0.683099
754 0.697183
755 0.697183
756 0.697183
757 0.697183
758 0.690141
759 0.697183
760 0.690141
761 0.690141
762 0.697183
763 0.690141
764 0.690141
765 0.697183
766 0.690141
767 0.683099
768 0.697183
769 0.690141
770 0.690141
771 0.697183
772 0.690141
773 0.697183
774 0.697183
775 0.697183
776 0.697183
777 0.697183
778 0.697183
779 0.697183
780 0.697183
781 0.697183
782 0.697183
783 0.697183
784 0.697183
785 0.697183
786 0.690141
787 0.697183
788 0.697183
789 0.697183
790 0.697183
791 0.697183
792 0.690141
793 0.697183
794 0.697183
795 0.697183
796 0.697183
797 0.697183
798 0.697183
799 0.697183
800 0.788732
801 0.788732
802 0.788732
803 0.788732
804 0.781690
805 0.788732
806 0.781690
807 0.788732
808 0.788732
809 0.788732
810 0.781690
811 0.788732
812 0.788732
813 0.788732
814 0.788732
815 0.788732
816 0.788732
817 0.788732
818 0.788732
819 0.788732
820 0.788732
821 0.788732
822 0.788732
823 0.788732
824 0.788732
825 0.788732
826 0.788732
827 0.788732
828 0.788732
829 0.788732
830 0.788732
831 0.788732
832 0.788732
833 0.788732
834 0.788732
835 0.788732
836 0.788732
837 0.788732
838 0.788732
839 0.788732
840 0.788732
841 0.788732
842 0.788732
843 0.788732
844 0.788732
845 0.788732
846 0.788732
847 0.788732
848 0.788732
849 0.788732
850 0.774648
851 0.774648
852 0.760563
853 0.774648
854 0.774648
855 0.760563
856 0.753521
857 0.774648
858 0.767606
859 0.767606
860 0.774648
861 0.774648
862 0.774648
863 0.774648
864 0.774648
865 0.774648
866 0.774648
867 0.767606
868 0.767606
869 0.767606
870 0.767606
871 0.767606
872 0.767606
873 0.767606
874 0.767606
875 0.767606
876 0.767606
877 0.767606
878 0.767606
879 0.767606
880 0.767606
881 0.767606
882 0.767606
883 0.767606
884 0.767606
885 0.767606
886 0.767606
887 0.767606
888 0.767606
889 0.767606
890 0.767606
891 0.774648
892 0.774648
893 0.767606
894 0.767606
895 0.774648
896 0.774648
897 0.767606
898 0.774648
899 0.767606
900 0.725352
901 0.725352
902 0.725352
903 0.711268
904 0.711268
905 0.725352
906 0.711268
907 0.711268
908 0.725352
909 0.711268
910 0.711268
911 0.725352
912 0.711268
913 0.711268
914 0.725352
915 0.718310
916 0.725352
917 0.725352
918 0.711268
919 0.711268
920 0.711268
921 0.711268
922 0.711268
923 0.711268
924 0.711268
925 0.711268
926 0.718310
927 0.711268
928 0.711268
929 0.725352
930 0.718310
931 0.725352
932 0.725352
933 0.718310
934 0.718310
935 0.718310
936 0.718310
937 0.718310
938 0.718310
939 0.725352
940 0.718310
941 0.725352
942 0.725352
943 0.718310
944 0.725352
945 0.725352
946 0.725352
947 0.718310
948 0.725352
949 0.718310
950 0.732394
951 0.732394
952 0.732394
953 0.718310
954 0.732394
955 0.718310
956 0.732394
957 0.725352
958 0.718310
959 0.718310
960 0.732394
961 0.718310
962 0.718310
963 0.732394
964 0.732394
965 0.732394
966 0.725352
967 0.732394
968 0.725352
969 0.725352
970 0.732394
971 0.725352
972 0.732394
973 0.732394
974 0.732394
975 0.725352
976 0.732394
977 0.732394
978 0.732394
979 0.732394
980 0.732394
981 0.732394
982 0.725352
983 0.732394
984 0.732394
985 0.732394
986 0.732394
987 0.732394
988 0.732394
989 0.732394
990 0.732394
991 0.732394
992 0.732394
993 0.732394
994 0.732394
995 0.732394
996 0.732394
997 0.732394
998 0.732394
999 0.732394
1000 0.598592
1001 0.598592
1002 0.598592
1003 0.598592
1004 0.598592
1005 0.598592
1006 0.598592
1007 0.598592
1008 0.598592
1009 0.598592
1010 0.598592
1011 0.598592
1012 0.598592
1013 0.598592
1014 0.598592
1015 0.598592
1016 0.598592
1017 0.598592
1018 0.598592
1019 0.598592
1020 0.598592
1021 0.598592
1022 0.598592
1023 0.598592
1024 0.598592
1025 0.598592
1026 0.598592
1027 0.598592
1028 0.598592
1029 0.598592
1030 0.598592
1031 0.598592
1032 0.598592
1033 0.584507
1034 0.584507
1035 0.598592
1036 0.591549
1037 0.598592
1038 0.591549
1039 0.591549
1040 0.598592
1041 0.584507
1042 0.598592
1043 0.598592
1044 0.591549
1045 0.591549
1046 0.598592
1047 0.598592
1048 0.591549
1049 0.598592
1050 0.746479
1051 0.746479
1052 0.739437
1053 0.746479
1054 0.746479
1055 0.746479
1056 0.739437
1057 0.739437
1058 0.746479
1059 0.739437
1060 0.739437
1061 0.746479
1062 0.732394
1063 0.732394
1064 0.739437
1065 0.739437
1066 0.732394
1067 0.739437
1068 0.732394
1069 0.732394
1070 0.732394
1071 0.739437
1072 0.732394
1073 0.732394
1074 0.746479
1075 0.739437
1076 0.739437
1077 0.739437
1078 0.739437
1079 0.739437
1080 0.739437
1081 0.739437
1082 0.739437
1083 0.739437
1084 0.739437
1085 0.739437
1086 0.739437
1087 0.746479
1088 0.739437
1089 0.739437
1090 0.746479
1091 0.746479
1092 0.739437
1093 0.746479
1094 0.746479
1095 0.746479
1096 0.746479
1097 0.739437
1098 0.739437
1099 0.739437
1100 0.830986
1101 0.830986
1102 0.823944
1103 0.830986
1104 0.830986
1105 0.830986
1106 0.830986
1107 0.830986
1108 0.830986
1109 0.830986
1110 0.823944
1111 0.823944
1112 0.830986
1113 0.823944
1114 0.830986
1115 0.830986
1116 0.830986
1117 0.830986
1118 0.830986
1119 0.830986
1120 0.823944
1121 0.816901
1122 0.830986
1123 0.830986
1124 0.823944
1125 0.830986
1126 0.830986
1127 0.823944
1128 0.823944
1129 0.830986
1130 0.830986
1131 0.830986
1132 0.830986
1133 0.823944
1134 0.830986
1135 0.830986
1136 0.823944
1137 0.830986
1138 0.823944
1139 0.830986
1140 0.830986
1141 0.823944
1142 0.830986
1143 0.830986
1144 0.830986
1145 0.830986
1146 0.830986
1147 0.823944
1148 0.830986
1149 0.830986
1150 0.774648
1151 0.774648
1152 0.774648
1153 0.774648
1154 0.760563
1155 0.760563
1156 0.774648
1157 0.760563
1158 0.774648
1159 0.767606
1160 0.774648
1161 0.760563
1162 0.774648
1163 0.767606
1164 0.767606
1165 0.774648
1166 0.774648
1167 0.774648
1168 0.774648
1169 0.774648
1170 0.774648
1171 0.767606
1172 0.774648
1173 0.767606
1174 0.774648
1175 0.767606
1176 0.774648
1177 0.767606
1178 0.774648
1179 0.767606
1180 0.774648
1181 0.767606
1182 0.774648
1183 0.774648
1184 0.774648
1185 0.767606
1186 0.774648
1187 0.774648
1188 0.774648
1189 0.767606
1190 0.774648
1191 0.774648
1192 0.774648
1193 0.767606
1194 0.760563
1195 0.767606
1196 0.753521
1197 0.767606
1198 0.767606
1199 0.760563
1200 0.781690
1201 0.781690
1202 0.781690
1203 0.774648
1204 0.781690
1205 0.774648
1206 0.781690
1207 0.781690
1208 0.781690
1209 0.781690
1210 0.781690
1211 0.781690
1212 0.781690
1213 0.781690
1214 0.781690
1215 0.781690
1216 0.781690
1217 0.781690
1218 0.781690
1219 0.781690
1220 0.781690
1221 0.781690
1222 0.781690
1223 0.781690
1224 0.781690
1225 0.781690
1226 0.781690
1227 0.781690
1228 0.781690
1229 0.781690
1230 0.781690
1231 0.781690
1232 0.781690
1233 0.781690
1234 0.781690
1235 0.781690
1236 0.781690
1237 0.781690
1238 0.781690
1239 0.781690
1240 0.781690
1241 0.781690
1242 0.781690
1243 0.781690
1244 0.781690
1245 0.781690
1246 0.781690
1247 0.781690
1248 0.781690
1249 0.781690
1250 0.788732
1251 0.788732
1252 0.774648
1253 0.774648
1254 0.788732
1255 0.788732
1256 0.774648
1257 0.788732
1258 0.788732
1259 0.788732
1260 0.788732
1261 0.788732
1262 0.788732
1263 0.788732
1264 0.788732
1265 0.788732
1266 0.781690
1267 0.788732
1268 0.788732
1269 0.788732
1270 0.788732
1271 0.788732
1272 0.788732
1273 0.788732
1274 0.788732
1275 0.788732
1276 0.788732
1277 0.788732
1278 0.788732
1279 0.788732
1280 0.788732
1281 0.788732
1282 0.788732
1283 0.788732
1284 0.788732
1285 0.788732
1286 0.781690
1287 0.781690
1288 0.788732
1289 0.788732
1290 0.788732
1291 0.788732
1292 0.788732
1293 0.788732
1294 0.788732
1295 0.788732
1296 0.788732
1297 0.788732
1298 0.788732
1299 0.788732
1300 0.767606
1301 0.760563
1302 0.767606
1303 0.767606
1304 0.760563
1305 0.767606
1306 0.767606
1307 0.767606
1308 0.760563
1309 0.760563
1310 0.767606
1311 0.760563
1312 0.767606
1313 0.760563
1314 0.767606
1315 0.767606
1316 0.760563
1317 0.767606
1318 0.767606
1319 0.760563
1320 0.767606
1321 0.760563
1322 0.767606
1323 0.753521
1324 0.767606
1325 0.767606
1326 0.767606
1327 0.767606
1328 0.767606
1329 0.767606
1330 0.767606
1331 0.767606
1332 0.767606
1333 0.767606
1334 0.767606
1335 0.767606
1336 0.760563
1337 0.760563
1338 0.767606
1339 0.760563
1340 0.760563
1341 0.760563
1342 0.760563
1343 0.767606
1344 0.760563
1345 0.760563
1346 0.760563
1347 0.760563
1348 0.760563
1349 0.760563
1350 0.697183
1351 0.697183
1352 0.697183
1353 0.697183
1354 0.697183
1355 0.697183
1356 0.697183
1357 0.697183
1358 0.697183
1359 0.697183
1360 0.697183
1361 0.697183
1362 0.697183
1363 0.697183
1364 0.697183
1365 0.697183
1366 0.697183
1367 0.697183
1368 0.697183
1369 0.697183
1370 0.697183
1371 0.697183
1372 0.697183
1373 0.697183
1374 0.697183
1375 0.697183
1376 0.697183
1377 0.697183
1378 0.697183
1379 0.697183
1380 0.697183
1381 0.697183
1382 0.697183
1383 0.697183
1384 0.697183
1385 0.697183
1386 0.697183
1387 0.697183
1388 0.697183
1389 0.697183
1390 0.697183
1391 0.697183
1392 0.697183
1393 0.697183
1394 0.697183
1395 0.697183
1396 0.697183
1397 0.697183
1398 0.697183
1399 0.697183
1400 0.676056
1401 0.676056
1402 0.676056
1403 0.669014
1404 0.669014
1405 0.669014
1406 0.669014
1407 0.669014
1408 0.669014
1409 0.669014
1410 0.669014
1411 0.669014
1412 0.669014
1413 0.669014
1414 0.669014
1415 0.669014
1416 0.669014
1417 0.676056
1418 0.669014
1419 0.669014
1420 0.676056
1421 0.669014
1422 0.676056
1423 0.669014
1424 0.669014
1425 0.669014
1426 0.669014
1427 0.669014
1428 0.669014
1429 0.669014
1430 0.669014
1431 0.669014
1432 0.669014
1433 0.676056
1434 0.661972
1435 0.676056
1436 0.669014
1437 0.669014
1438 0.669014
1439 0.669014
1440 0.676056
1441 0.669014
1442 0.676056
1443 0.676056
1444 0.676056
1445 0.669014
1446 0.669014
1447 0.669014
1448 0.669014
1449 0.676056
1450 0.640845
1451 0.640845
1452 0.640845
1453 0.640845
1454 0.640845
1455 0.640845
1456 0.640845
1457 0.640845
1458 0.626761
1459 0.640845
1460 0.640845
1461 0.633803
1462 0.640845
1463 0.633803
1464 0.640845
1465 0.640845
1466 0.633803
1467 0.633803
1468 0.640845
1469 0.640845
1470 0.640845
1471 0.640845
1472 0.633803
1473 0.626761
1474 0.640845
1475 0.640845
1476 0.640845
1477 0.633803
1478 0.640845
1479 0.640845
1480 0.640845
1481 0.640845
1482 0.640845
1483 0.640845
1484 0.640845
1485 0.640845
1486 0.640845
1487 0.640845
1488 0.640845
1489 0.640845
1490 0.640845
1491 0.640845
1492 0.640845
1493 0.640845
1494 0.640845
1495 0.640845
1496 0.640845
1497 0.640845
1498 0.640845
1499 0.640845
1500 0.746479
1501 0.746479
1502 0.746479
1503 0.746479
1504 0.746479
1505 0.746479
1506 0.746479
1507 0.746479
1508 0.746479
1509 0.746479
1510 0.746479
1511 0.746479
1512 0.746479
1513 0.746479
1514 0.746479
1515 0.746479
1516 0.739437
1517 0.746479
1518 0.739437
1519 0.739437
1520 0.739437
1521 0.746479
1522 0.739437
1523 0.739437
1524 0.739437
1525 0.739437
1526 0.739437
1527 0.739437
1528 0.746479
1529 0.746479
1530 0.746479
1531 0.746479
1532 0.746479
1533 0.739437
1534 0.739437
1535 0.739437
1536 0.746479
1537 0.739437
1538 0.739437
1539 0.739437
1540 0.746479
1541 0.739437
1542 0.739437
1543 0.739437
1544 0.739437
1545 0.746479
1546 0.746479
1547 0.746479
1548 0.746479
1549 0.732394
1550 0.845070
1551 0.845070
1552 0.845070
1553 0.845070
1554 0.845070
1555 0.845070
1556 0.845070
1557 0.845070
1558 0.845070
1559 0.845070
1560 0.845070
1561 0.845070
1562 0.845070
1563 0.845070
1564 0.845070
1565 0.845070
1566 0.838028
1567 0.845070
1568 0.845070
1569 0.838028
1570 0.838028
1571 0.845070
1572 0.830986
1573 0.845070
1574 0.845070
1575 0.845070
1576 0.845070
1577 0.845070
1578 0.845070
1579 0.845070
1580 0.845070
1581 0.838028
1582 0.838028
1583 0.838028
1584 0.845070
1585 0.838028
1586 0.845070
1587 0.823944
1588 0.830986
1589 0.823944
1590 0.830986
1591 0.830986
1592 0.830986
1593 0.823944
1594 0.830986
1595 0.830986
1596 0.838028
1597 0.823944
1598 0.845070
1599 0.845070
1600 0.788732
1601 0.788732
1602 0.781690
1603 0.781690
1604 0.781690
1605 0.788732
1606 0.781690
1607 0.781690
1608 0.788732
1609 0.788732
1610 0.781690
1611 0.788732
1612 0.781690
1613 0.788732
1614 0.788732
1615 0.788732
1616 0.781690
1617 0.788732
1618 0.781690
1619 0.781690
1620 0.788732
1621 0.788732
1622 0.788732
1623 0.788732
1624 0.788732
1625 0.788732
1626 0.788732
1627 0.788732
1628 0.788732
1629 0.788732
1630 0.788732
1631 0.788732
1632 0.788732
1633 0.788732
1634 0.788732
1635 0.788732
1636 0.788732
1637 0.788732
1638 0.788732
1639 0.788732
1640 0.788732
1641 0.788732
1642 0.788732
1643 0.788732
1644 0.788732
1645 0.788732
1646 0.788732
1647 0.781690
1648 0.788732
1649 0.788732
1650 0.683099
1651 0.683099
1652 0.683099
1653 0.683099
1654 0.683099
1655 0.683099
1656 0.683099
1657 0.683099
1658 0.683099
1659 0.683099
1660 0.683099
1661 0.683099
1662 0.683099
1663 0.683099
1664 0.683099
1665 0.676056
1666 0.676056
1667 0.683099
1668 0.669014
1669 0.676056
1670 0.683099
1671 0.676056
1672 0.683099
1673 0.676056
1674 0.676056
1675 0.683099
1676 0.676056
1677 0.676056
1678 0.676056
1679 0.676056
1680 0.676056
1681 0.683099
1682 0.683099
1683 0.676056
1684 0.676056
1685 0.683099
1686 0.676056
1687 0.683099
1688 0.683099
1689 0.683099
1690 0.683099
1691 0.683099
1692 0.683099
1693 0.683099
1694 0.683099
1695 0.676056
1696 0.683099
1697 0.683099
1698 0.683099
1699 0.676056
1700 0.669014
1701 0.669014
1702 0.669014
1703 0.669014
1704 0.654930
1705 0.669014
1706 0.661972
1707 0.654930
1708 0.654930
1709 0.654930
1710 0.669014
1711 0.654930
1712 0.654930
1713 0.654930
1714 0.669014
1715 0.669014
1716 0.669014
1717 0.661972
1718 0.661972
1719 0.669014
1720 0.669014
1721 0.669014
1722 0.669014
1723 0.669014
1724 0.669014
1725 0.669014
1726 0.669014
1727 0.669014
1728 0.669014
1729 0.669014
1730 0.669014
1731 0.669014
1732 0.669014
1733 0.669014
1734 0.669014
1735 0.669014
1736 0.669014
1737 0.669014
1738 0.669014
1739 0.669014
1740 0.669014
1741 0.669014
1742 0.669014
1743 0.669014
1744 0.669014
1745 0.669014
1746 0.669014
1747 0.669014
1748 0.669014
1749 0.669014
1750 0.845070
1751 0.845070
1752 0.845070
1753 0.845070
1754 0.838028
1755 0.838028
1756 0.845070
1757 0.845070
1758 0.845070
1759 0.845070
1760 0.838028
1761 0.845070
1762 0.838028
1763 0.838028
1764 0.838028
1765 0.838028
1766 0.838028
1767 0.838028
1768 0.838028
1769 0.845070
1770 0.845070
1771 0.845070
1772 0.845070
1773 0.845070
1774 0.845070
1775 0.845070
1776 0.845070
1777 0.845070
1778 0.845070
1779 0.845070
1780 0.845070
1781 0.845070
1782 0.845070
1783 0.845070
1784 0.845070
1785 0.845070
1786 0.845070
1787 0.845070
1788 0.845070
1789 0.845070
1790 0.845070
1791 0.845070
1792 0.845070
1793 0.830986
1794 0.845070
1795 0.845070
1796 0.845070
1797 0.830986
1798 0.845070
1799 0.845070
1800 0.809859
1801 0.809859
1802 0.809859
1803 0.809859
1804 0.795775
1805 0.809859
1806 0.809859
1807 0.809859
1808 0.809859
1809 0.809859
1810 0.809859
1811 0.809859
1812 0.809859
1813 0.809859
1814 0.802817
1815 0.802817
1816 0.809859
1817 0.809859
1818 0.809859
1819 0.809859
1820 0.809859
1821 0.802817
1822 0.802817
1823 0.802817
1824 0.802817
1825 0.809859
1826 0.809859
1827 0.809859
1828 0.802817
1829 0.809859
1830 0.809859
1831 0.809859
1832 0.802817
1833 0.809859
1834 0.809859
1835 0.809859
1836 0.802817
1837 0.809859
1838 0.809859
1839 0.809859
1840 0.809859
1841 0.809859
1842 0.809859
1843 0.809859
1844 0.809859
1845 0.809859
1846 0.809859
1847 0.809859
1848 0.809859
1849 0.809859
1850 0.753521
1851 0.753521
1852 0.753521
1853 0.753521
1854 0.739437
1855 0.739437
1856 0.753521
1857 0.753521
1858 0.753521
1859 0.753521
1860 0.753521
1861 0.753521
1862 0.753521
1863 0.753521
1864 0.746479
1865 0.746479
1866 0.753521
1867 0.739437
1868 0.753521
1869 0.746479
1870 0.753521
1871 0.753521
1872 0.753521
1873 0.753521
1874 0.753521
1875 0.753521
1876 0.753521
1877 0.753521
1878 0.746479
1879 0.746479
1880 0.753521
1881 0.753521
1882 0.753521
1883 0.753521
1884 0.753521
1885 0.746479
1886 0.746479
1887 0.753521
1888 0.753521
1889 0.739437
1890 0.753521
1891 0.753521
1892 0.753521
1893 0.753521
1894 0.753521
1895 0.753521
1896 0.753521
1897 0.753521
1898 0.753521
1899 0.753521
1900 0.767606
1901 0.767606
1902 0.767606
1903 0.767606
1904 0.767606
1905 0.767606
1906 0.760563
1907 0.760563
1908 0.760563
1909 0.760563
1910 0.760563
1911 0.760563
1912 0.767606
1913 0.753521
1914 0.746479
1915 0.746479
1916 0.753521
1917 0.753521
1918 0.746479
1919 0.753521
1920 0.746479
1921 0.753521
1922 0.760563
1923 0.753521
1924 0.753521
1925 0.746479
1926 0.746479
1927 0.753521
1928 0.746479
1929 0.753521
1930 0.753521
1931 0.746479
1932 0.753521
1933 0.746479
1934 0.746479
1935 0.760563
1936 0.767606
1937 0.760563
1938 0.760563
1939 0.767606
1940 0.760563
1941 0.760563
1942 0.767606
1943 0.767606
1944 0.760563
1945 0.760563
1946 0.760563
1947 0.767606
1948 0.760563
1949 0.760563
1950 0.739437
1951 0.739437
1952 0.739437
1953 0.739437
1954 0.739437
1955 0.725352
1956 0.739437
1957 0.739437
1958 0.739437
1959 0.732394
1960 0.739437
1961 0.739437
1962 0.739437
1963 0.739437
1964 0.739437
1965 0.739437
1966 0.739437
1967 0.739437
1968 0.739437
1969 0.739437
1970 0.739437
1971 0.739437
1972 0.739437
1973 0.739437
1974 0.739437
1975 0.739437
1976 0.739437
1977 0.739437
1978 0.739437
1979 0.739437
1980 0.739437
1981 0.739437
1982 0.725352
1983 0.732394
1984 0.725352
1985 0.739437
1986 0.725352
1987 0.739437
1988 0.739437
1989 0.732394
1990 0.739437
1991 0.739437
1992 0.732394
1993 0.739437
1994 0.739437
1995 0.732394
1996 0.725352
1997 0.739437
1998 0.732394
1999 0.732394
2000 0.809859
2001 0.809859
2002 0.809859
2003 0.809859
2004 0.809859
2005 0.809859
2006 0.802817
2007 0.809859
2008 0.809859
2009 0.809859
2010 0.795775
2011 0.809859
2012 0.802817
2013 0.802817
2014 0.809859
2015 0.809859
2016 0.809859
2017 0.809859
2018 0.809859
2019 0.809859
2020 0.802817
2021 0.809859
2022 0.809859
2023 0.809859
2024 0.809859
2025 0.809859
2026 0.809859
2027 0.809859
2028 0.809859
2029 0.809859
2030 0.809859
2031 0.809859
2032 0.809859
2033 0.809859
2034 0.809859
2035 0.809859
2036 0.809859
2037 0.809859
2038 0.809859
2039 0.809859
2040 0.809859
2041 0.802817
2042 0.802817
2043 0.809859
2044 0.802817
2045 0.809859
2046 0.809859
2047 0.802817
2048 0.802817
2049 0.809859
2050 0.816901
2051 0.816901
2052 0.816901
2053 0.816901
2054 0.795775
2055 0.802817
2056 0.816901
2057 0.802817
2058 0.802817
2059 0.802817
2060 0.802817
2061 0.802817
2062 0.816901
2063 0.816901
2064 0.809859
2065 0.809859
2066 0.816901
2067 0.816901
2068 0.816901
2069 0.816901
2070 0.816901
2071 0.816901
2072 0.816901
2073 0.816901
2074 0.816901
2075 0.816901
2076 0.816901
2077 0.816901
2078 0.816901
2079 0.809859
2080 0.802817
2081 0.816901
2082 0.816901
2083 0.816901
2084 0.816901
2085 0.816901
2086 0.816901
2087 0.816901
2088 0.816901
2089 0.816901
2090 0.816901
2091 0.816901
2092 0.816901
2093 0.802817
2094 0.816901
2095 0.809859
2096 0.816901
2097 0.809859
2098 0.816901
2099 0.809859
2100 0.753521
2101 0.753521
2102 0.753521
2103 0.753521
2104 0.732394
2105 0.732394
2106 0.753521
2107 0.753521
2108 0.753521
2109 0.753521
2110 0.753521
2111 0.753521
2112 0.753521
2113 0.753521
2114 0.739437
2115 0.732394
2116 0.732394
2117 0.739437
2118 0.739437
2119 0.739437
2120 0.739437
2121 0.739437
2122 0.739437
2123 0.732394
2124 0.732394
2125 0.732394
2126 0.753521
2127 0.753521
2128 0.753521
2129 0.746479
2130 0.753521
2131 0.753521
2132 0.753521
2133 0.753521
2134 0.753521
2135 0.732394
2136 0.753521
2137 0.746479
2138 0.753521
2139 0.753521
2140 0.753521
2141 0.753521
2142 0.753521
2143 0.753521
2144 0.753521
2145 0.753521
2146 0.746479
2147 0.753521
2148 0.753521
2149 0.753521
2150 0.711268
2151 0.711268
2152 0.711268
2153 0.697183
2154 0.697183
2155 0.711268
2156 0.711268
2157 0.704225
2158 0.711268
2159 0.711268
2160 0.711268
2161 0.711268
2162 0.711268
2163 0.711268
2164 0.711268
2165 0.711268
2166 0.704225
2167 0.704225
2168 0.704225
2169 0.704225
2170 0.704225
2171 0.704225
2172 0.704225
2173 0.704225
2174 0.704225
2175 0.704225
2176 0.704225
2177 0.704225
2178 0.704225
2179 0.704225
2180 0.704225
2181 0.704225
2182 0.711268
2183 0.704225
2184 0.704225
2185 0.704225
2186 0.704225
2187 0.704225
2188 0.704225
2189 0.704225
2190 0.711268
2191 0.711268
2192 0.704225
2193 0.704225
2194 0.704225
2195 0.704225
2196 0.697183
2197 0.697183
2198 0.697183
2199 0.697183
2200 0.704225
2201 0.704225
2202 0.704225
2203 0.683099
2204 0.690141
2205 0.690141
2206 0.690141
2207 0.690141
2208 0.683099
2209 0.683099
2210 0.683099
2211 0.683099
2212 0.683099
2213 0.690141
2214 0.697183
2215 0.683099
2216 0.683099
2217 0.690141
2218 0.690141
2219 0.690141
2220 0.690141
2221 0.683099
2222 0.697183
2223 0.683099
2224 0.690141
2225 0.697183
2226 0.683099
2227 0.683099
2228 0.683099
2229 0.683099
2230 0.683099
2231 0.683099
2232 0.697183
2233 0.697183
2234 0.683099
2235 0.683099
2236 0.683099
2237 0.676056
2238 0.690141
2239 0.683099
2240 0.683099
2241 0.683099
2242 0.690141
2243 0.690141
2244 0.690141
2245 0.683099
2246 0.676056
2247 0.683099
2248 0.690141
2249 0.683099
2250 0.711268
2251 0.711268
2252 0.704225
2253 0.690141
2254 0.690141
2255 0.697183
2256 0.690141
2257 0.690141
2258 0.697183
2259 0.690141
2260 0.690141
2261 0.690141
2262 0.704225
2263 0.690141
2264 0.690141
2265 0.697183
2266 0.697183
2267 0.697183
2268 0.690141
2269 0.704225
2270 0.697183
2271 0.690141
2272 0.697183
2273 0.690141
2274 0.697183
2275 0.697183
2276 0.704225
2277 0.690141
2278 0.697183
2279 0.690141
2280 0.697183
2281 0.690141
2282 0.697183
2283 0.683099
2284 0.690141
2285 0.704225
2286 0.683099
2287 0.690141
2288 0.697183
2289 0.683099
2290 0.690141
2291 0.690141
2292 0.683099
2293 0.697183
2294 0.683099
2295 0.683099
2296 0.697183
2297 0.690141
2298 0.683099
2299 0.697183
2300 0.690141
2301 0.690141
2302 0.676056
2303 0.683099
2304 0.676056
2305 0.669014
2306 0.669014
2307 0.676056
2308 0.669014
2309 0.683099
2310 0.669014
2311 0.669014
2312 0.669014
2313 0.669014
2314 0.676056
2315 0.669014
2316 0.676056
2317 0.676056
2318 0.683099
2319 0.676056
2320 0.669014
2321 0.669014
2322 0.669014
2323 0.669014
2324 0.669014
2325 0.676056
2326 0.669014
2327 0.669014
2328 0.669014
2329 0.669014
2330 0.676056
2331 0.669014
2332 0.669014
2333 0.669014
2334 0.661972
2335 0.661972
2336 0.669014
2337 0.661972
2338 0.669014
2339 0.676056
2340 0.661972
2341 0.661972
2342 0.661972
2343 0.661972
2344 0.661972
2345 0.669014
2346 0.669014
2347 0.661972
2348 0.676056
2349 0.669014
2350 0.598592
2351 0.598592
2352 0.598592
2353 0.598592
2354 0.598592
2355 0.598592
2356 0.598592
2357 0.584507
2358 0.584507
2359 0.584507
2360 0.584507
2361 0.584507
2362 0.584507
2363 0.584507
2364 0.584507
2365 0.584507
2366 0.584507
2367 0.591549
2368 0.584507
2369 0.584507
2370 0.584507
2371 0.584507
2372 0.584507
2373 0.584507
2374 0.591549
2375 0.584507
2376 0.584507
2377 0.591549
2378 0.584507
2379 0.584507
2380 0.584507
2381 0.584507
2382 0.591549
2383 0.598592
2384 0.591549
2385 0.591549
2386 0.598592
2387 0.591549
2388 0.591549
2389 0.598592
2390 0.598592
2391 0.591549
2392 0.598592
2393 0.591549
2394 0.591549
2395 0.598592
2396 0.591549
2397 0.598592
2398 0.598592
2399 0.591549
2400 0.816901
2401 0.816901
2402 0.816901
2403 0.816901
2404 0.816901
2405 0.816901
2406 0.816901
2407 0.816901
2408 0.816901
2409 0.816901
2410 0.816901
2411 0.802817
2412 0.802817
2413 0.802817
2414 0.816901
2415 0.816901
2416 0.802817
2417 0.802817
2418 0.809859
2419 0.802817
2420 0.816901
2421 0.816901
2422 0.802817
2423 0.809859
2424 0.802817
2425 0.802817
2426 0.802817
2427 0.802817
2428 0.802817
2429 0.802817
2430 0.809859
2431 0.816901
2432 0.809859
2433 0.809859
2434 0.816901
2435 0.816901
2436 0.816901
2437 0.816901
2438 0.809859
2439 0.816901
2440 0.809859
2441 0.816901
2442 0.809859
2443 0.809859
2444 0.816901
2445 0.809859
2446 0.816901
2447 0.816901
2448 0.816901
2449 0.809859
2450 0.795775
2451 0.795775
2452 0.795775
2453 0.795775
2454 0.781690
2455 0.795775
2456 0.781690
2457 0.781690
2458 0.795775
2459 0.795775
2460 0.795775
2461 0.795775
2462 0.788732
2463 0.795775
2464 0.795775
2465 0.788732
2466 0.795775
2467 0.795775
2468 0.788732
2469 0.795775
2470 0.795775
2471 0.795775
2472 0.795775
2473 0.774648
2474 0.795775
2475 0.795775
2476 0.795775
2477 0.795775
2478 0.795775
2479 0.795775
2480 0.788732
2481 0.795775
2482 0.795775
2483 0.795775
2484 0.795775
2485 0.788732
2486 0.795775
2487 0.795775
2488 0.795775
2489 0.795775
2490 0.795775
2491 0.781690
2492 0.795775
2493 0.795775
2494 0.795775
2495 0.795775
2496 0.795775
2497 0.795775
2498 0.795775
2499 0.795775
2500 0.760563
2501 0.760563
2502 0.760563
2503 0.760563
2504 0.760563
2505 0.760563
2506 0.760563
2507 0.760563
2508 0.760563
2509 0.760563
2510 0.760563
2511 0.760563
2512 0.760563
2513 0.760563
2514 0.760563
2515 0.760563
2516 0.753521
2517 0.760563
2518 0.760563
2519 0.760563
2520 0.760563
2521 0.760563
2522 0.760563
2523 0.760563
2524 0.760563
2525 0.760563
2526 0.760563
2527 0.760563
2528 0.760563
2529 0.760563
2530 0.760563
2531 0.760563
2532 0.760563
2533 0.760563
2534 0.760563
2535 0.760563
2536 0.760563
2537 0.760563
2538 0.760563
2539 0.760563
2540 0.760563
2541 0.760563
2542 0.760563
2543 0.760563
2544 0.760563
2545 0.760563
2546 0.760563
2547 0.760563
2548 0.760563
2549 0.760563
2550 0.711268
2551 0.711268
2552 0.711268
2553 0.711268
2554 0.711268
2555 0.711268
2556 0.711268
2557 0.711268
2558 0.711268
2559 0.711268
2560 0.711268
2561 0.711268
2562 0.711268
2563 0.711268
2564 0.711268
2565 0.711268
2566 0.711268
2567 0.711268
2568 0.711268
2569 0.711268
2570 0.711268
2571 0.711268
2572 0.711268
2573 0.711268
2574 0.711268
2575 0.711268
2576 0.711268
2577 0.711268
2578 0.711268
2579 0.711268
2580 0.711268
2581 0.711268
2582 0.711268
2583 0.711268
2584 0.711268
2585 0.711268
2586 0.711268
2587 0.711268
2588 0.711268
2589 0.711268
2590 0.711268
2591 0.711268
2592 0.711268
2593 0.711268
2594 0.711268
2595 0.711268
2596 0.711268
2597 0.711268
2598 0.711268
2599 0.711268
2600 0.746479
2601 0.746479
2602 0.746479
2603 0.739437
2604 0.739437
2605 0.739437
2606 0.739437
2607 0.739437
2608 0.739437
2609 0.739437
2610 0.739437
2611 0.746479
2612 0.746479
2613 0.739437
2614 0.739437
2615 0.739437
2616 0.739437
2617 0.746479
2618 0.739437
2619 0.732394
2620 0.732394
2621 0.732394
2622 0.732394
2623 0.732394
2624 0.732394
2625 0.732394
2626 0.732394
2627 0.732394
2628 0.739437
2629 0.739437
2630 0.732394
2631 0.732394
2632 0.739437
2633 0.739437
2634 0.732394
2635 0.732394
2636 0.739437
2637 0.732394
2638 0.739437
2639 0.732394
2640 0.739437
2641 0.732394
2642 0.732394
2643 0.732394
2644 0.739437
2645 0.739437
2646 0.732394
2647 0.732394
2648 0.739437
2649 0.732394
2650 0.739437
2651 0.739437
2652 0.739437
2653 0.732394
2654 0.739437
2655 0.732394
2656 0.732394
2657 0.732394
2658 0.732394
2659 0.732394
2660 0.732394
2661 0.732394
2662 0.732394
2663 0.739437
2664 0.732394
2665 0.739437
2666 0.739437
2667 0.732394
2668 0.725352
2669 0.725352
2670 0.732394
2671 0.725352
2672 0.725352
2673 0.725352
2674 0.725352
2675 0.725352
2676 0.725352
2677 0.725352
2678 0.725352
2679 0.725352
2680 0.725352
2681 0.725352
2682 0.725352
2683 0.732394
2684 0.725352
2685 0.732394
2686 0.725352
2687 0.725352
2688 0.732394
2689 0.732394
2690 0.725352
2691 0.725352
2692 0.725352
2693 0.732394
2694 0.718310
2695 0.718310
2696 0.732394
2697 0.718310
2698 0.711268
2699 0.718310
2700 0.725352
2701 0.725352
2702 0.725352
2703 0.711268
2704 0.711268
2705 0.711268
2706 0.711268
2707 0.718310
2708 0.718310
2709 0.711268
2710 0.711268
2711 0.725352
2712 0.718310
2713 0.718310
2714 0.718310
2715 0.718310
2716 0.718310
2717 0.718310
2718 0.718310
2719 0.718310
2720 0.725352
2721 0.718310
2722 0.718310
2723 0.718310
2724 0.718310
2725 0.718310
2726 0.718310
2727 0.718310
2728 0.718310
2729 0.718310
2730 0.718310
2731 0.718310
2732 0.718310
2733 0.718310
2734 0.718310
2735 0.718310
2736 0.718310
2737 0.718310
2738 0.718310
2739 0.718310
2740 0.718310
2741 0.718310
2742 0.718310
2743 0.718310
2744 0.725352
2745 0.718310
2746 0.718310
2747 0.718310
2748 0.718310
2749 0.718310
2750 0.669014
2751 0.669014
2752 0.669014
2753 0.669014
2754 0.669014
2755 0.661972
2756 0.669014
2757 0.669014
2758 0.669014
2759 0.669014
2760 0.661972
2761 0.661972
2762 0.654930
2763 0.661972
2764 0.654930
2765 0.654930
2766 0.654930
2767 0.661972
2768 0.654930
2769 0.654930
2770 0.654930
2771 0.654930
2772 0.654930
2773 0.661972
2774 0.661972
2775 0.661972
2776 0.654930
2777 0.654930
2778 0.654930
2779 0.654930
2780 0.661972
2781 0.654930
2782 0.654930
2783 0.669014
2784 0.654930
2785 0.669014
2786 0.661972
2787 0.661972
2788 0.669014
2789 0.669014
2790 0.661972
2791 0.661972
2792 0.661972
2793 0.661972
2794 0.661972
2795 0.661972
2796 0.661972
2797 0.661972
2798 0.661972
2799 0.661972
2800 0.711268
2801 0.711268
2802 0.711268
2803 0.711268
2804 0.711268
2805 0.711268
2806 0.711268
2807 0.711268
2808 0.711268
2809 0.711268
2810 0.711268
2811 0.711268
2812 0.711268
2813 0.711268
2814 0.711268
2815 0.711268
2816 0.697183
2817 0.704225
2818 0.697183
2819 0.711268
2820 0.704225
2821 0.697183
2822 0.697183
2823 0.704225
2824 0.704225
2825 0.697183
2826 0.697183
2827 0.704225
2828 0.697183
2829 0.697183
2830 0.704225
2831 0.697183
2832 0.697183
2833 0.697183
2834 0.704225
2835 0.704225
2836 0.704225
2837 0.697183
2838 0.704225
2839 0.711268
2840 0.697183
2841 0.697183
2842 0.711268
2843 0.697183
2844 0.697183
2845 0.697183
2846 0.711268
2847 0.690141
2848 0.690141
2849 0.690141
2850 0.746479
2851 0.746479
2852 0.746479
2853 0.746479
2854 0.746479
2855 0.732394
2856 0.732394
2857 0.746479
2858 0.732394
2859 0.732394
2860 0.739437
2861 0.746479
2862 0.732394
2863 0.746479
2864 0.732394
2865 0.732394
2866 0.746479
2867 0.746479
2868 0.746479
2869 0.746479
2870 0.739437
2871 0.739437
2872 0.739437
2873 0.746479
2874 0.746479
2875 0.746479
2876 0.746479
2877 0.746479
2878 0.746479
2879 0.746479
2880 0.746479
2881 0.746479
2882 0.746479
2883 0.746479
2884 0.746479
2885 0.746479
2886 0.746479
2887 0.746479
2888 0.746479
2889 0.746479
2890 0.746479
2891 0.746479
2892 0.746479
2893 0.746479
2894 0.739437
2895 0.732394
2896 0.746479
2897 0.739437
2898 0.739437
2899 0.739437
2900 0.598592
2901 0.598592
2902 0.598592
2903 0.598592
2904 0.598592
2905 0.591549
2906 0.591549
2907 0.591549
2908 0.598592
2909 0.591549
2910 0.591549
2911 0.598592
2912 0.584507
2913 0.591549
2914 0.584507
2915 0.584507
2916 0.598592
2917 0.591549
2918 0.591549
2919 0.591549
2920 0.598592
2921 0.591549
2922 0.598592
2923 0.598592
2924 0.591549
2925 0.591549
2926 0.591549
2927 0.598592
2928 0.598592
2929 0.598592
2930 0.598592
2931 0.598592
2932 0.591549
2933 0.591549
2934 0.591549
2935 0.598592
2936 0.598592
2937 0.591549
2938 0.598592
2939 0.591549
2940 0.598592
2941 0.591549
2942 0.598592
2943 0.591549
2944 0.598592
2945 0.598592
2946 0.598592
2947 0.598592
2948 0.598592
2949 0.591549
2950 0.683099
2951 0.683099
2952 0.683099
2953 0.683099
2954 0.669014
2955 0.683099
2956 0.676056
2957 0.683099
2958 0.683099
2959 0.669014
2960 0.669014
2961 0.669014
2962 0.683099
2963 0.676056
2964 0.676056
2965 0.683099
2966 0.676056
2967 0.676056
2968 0.676056
2969 0.683099
2970 0.676056
2971 0.683099
2972 0.683099
2973 0.683099
2974 0.676056
2975 0.683099
2976 0.676056
2977 0.676056
2978 0.683099
2979 0.676056
2980 0.676056
2981 0.683099
2982 0.676056
2983 0.683099
2984 0.676056
2985 0.683099
2986 0.676056
2987 0.676056
2988 0.683099
2989 0.676056
2990 0.683099
2991 0.683099
2992 0.683099
2993 0.683099
2994 0.676056
2995 0.683099
2996 0.676056
2997 0.683099
2998 0.683099
2999 0.683099
3000 0.718310
3001 0.718310
3002 0.718310
3003 0.704225
3004 0.704225
3005 0.704225
3006 0.704225
3007 0.704225
3008 0.718310
3009 0.711268
3010 0.711268
3011 0.711268
3012 0.711268
3013 0.711268
3014 0.711268
3015 0.711268
3016 0.711268
3017 0.711268
3018 0.711268
3019 0.711268
3020 0.711268
3021 0.711268
3022 0.718310
3023 0.711268
3024 0.711268
3025 0.718310
3026 0.711268
3027 0.718310
3028 0.711268
3029 0.711268
3030 0.718310
3031 0.711268
3032 0.718310
3033 0.718310
3034 0.718310
3035 0.711268
3036 0.718310
3037 0.711268
3038 0.711268
3039 0.718310
3040 0.711268
3041 0.718310
3042 0.718310
3043 0.718310
3044 0.711268
3045 0.718310
3046 0.718310
3047 0.718310
3048 0.718310
3049 0.711268
3050 0.654930
3051 0.654930
3052 0.654930
3053 0.654930
3054 0.654930
3055 0.654930
3056 0.654930
3057 0.654930
3058 0.654930
3059 0.654930
3060 0.654930
3061 0.654930
3062 0.654930
3063 0.654930
3064 0.654930
3065 0.654930
3066 0.654930
3067 0.654930
3068 0.654930
3069 0.654930
3070 0.654930
3071 0.647887
3072 0.654930
3073 0.647887
3074 0.654930
3075 0.647887
3076 0.647887
3077 0.647887
3078 0.647887
3079 0.647887
3080 0.647887
3081 0.647887
3082 0.654930
3083 0.647887
3084 0.647887
3085 0.647887
3086 0.654930
3087 0.654930
3088 0.654930
3089 0.654930
3090 0.654930
3091 0.654930
3092 0.654930
3093 0.654930
3094 0.654930
3095 0.654930
3096 0.654930
3097 0.654930
3098 0.647887
3099 0.647887
3100 0.690141
3101 0.690141
3102 0.690141
3103 0.690141
3104 0.690141
3105 0.690141
3106 0.690141
3107 0.690141
3108 0.690141
3109 0.690141
3110 0.690141
3111 0.683099
3112 0.690141
3113 0.690141
3114 0.683099
3115 0.690141
3116 0.690141
3117 0.690141
3118 0.683099
3119 0.690141
3120 0.690141
3121 0.690141
3122 0.683099
3123 0.683099
3124 0.690141
3125 0.690141
3126 0.683099
3127 0.683099
3128 0.683099
3129 0.683099
3130 0.683099
3131 0.690141
3132 0.690141
3133 0.690141
3134 0.690141
3135 0.690141
3136 0.690141
3137 0.690141
3138 0.690141
3139 0.690141
3140 0.690141
3141 0.690141
3142 0.690141
3143 0.690141
3144 0.690141
3145 0.690141
3146 0.690141
3147 0.690141
3148 0.690141
3149 0.690141
3150 0.725352
3151 0.725352
3152 0.725352
3153 0.725352
3154 0.718310
3155 0.718310
3156 0.718310
3157 0.718310
3158 0.718310
3159 0.718310
3160 0.718310
3161 0.718310
3162 0.718310
3163 0.725352
3164 0.718310
3165 0.725352
3166 0.725352
3167 0.725352
3168 0.725352
3169 0.725352
3170 0.725352
3171 0.725352
3172 0.725352
3173 0.725352
3174 0.725352
3175 0.725352
3176 0.725352
3177 0.725352
3178 0.725352
3179 0.725352
3180 0.725352
3181 0.725352
3182 0.725352
3183 0.725352
3184 0.725352
3185 0.725352
3186 0.725352
3187 0.725352
3188 0.725352
3189 0.725352
3190 0.725352
3191 0.725352
3192 0.725352
3193 0.725352
3194 0.725352
3195 0.725352
3196 0.725352
3197 0.725352
3198 0.725352
3199 0.725352
3200 0.767606
3201 0.767606
3202 0.753521
3203 0.753521
3204 0.753521
3205 0.753521
3206 0.767606
3207 0.753521
3208 0.767606
3209 0.753521
3210 0.767606
3211 0.753521
3212 0.767606
3213 0.767606
3214 0.760563
3215 0.767606
3216 0.767606
3217 0.767606
3218 0.760563
3219 0.760563
3220 0.760563
3221 0.760563
3222 0.767606
3223 0.767606
3224 0.760563
3225 0.767606
3226 0.767606
3227 0.760563
3228 0.760563
3229 0.760563
3230 0.760563
3231 0.767606
3232 0.767606
3233 0.760563
3234 0.760563
3235 0.767606
3236 0.760563
3237 0.767606
3238 0.760563
3239 0.760563
3240 0.767606
3241 0.767606
3242 0.767606
3243 0.767606
3244 0.767606
3245 0.767606
3246 0.760563
3247 0.760563
3248 0.760563
3249 0.767606
3250 0.760563
3251 0.760563
3252 0.760563
3253 0.760563
3254 0.760563
3255 0.760563
3256 0.760563
3257 0.746479
3258 0.753521
3259 0.746479
3260 0.753521
3261 0.753521
3262 0.753521
3263 0.760563
3264 0.760563
3265 0.760563
3266 0.760563
3267 0.760563
3268 0.760563
3269 0.760563
3270 0.760563
3271 0.760563
3272 0.760563
3273 0.760563
3274 0.753521
3275 0.760563
3276 0.753521
3277 0.753521
3278 0.760563
3279 0.753521
3280 0.760563
3281 0.760563
3282 0.760563
3283 0.760563
3284 0.760563
3285 0.760563
3286 0.753521
3287 0.753521
3288 0.753521
3289 0.760563
3290 0.760563
3291 0.760563
3292 0.753521
3293 0.753521
3294 0.753521
3295 0.760563
3296 0.760563
3297 0.760563
3298 0.760563
3299 0.753521
3300 0.830986
3301 0.830986
3302 0.830986
3303 0.816901
3304 0.816901
3305 0.816901
3306 0.830986
3307 0.816901
3308 0.830986
3309 0.823944
3310 0.823944
3311 0.830986
3312 0.816901
3313 0.816901
3314 0.830986
3315 0.830986
3316 0.830986
3317 0.830986
3318 0.830986
3319 0.823944
3320 0.823944
3321 0.823944
3322 0.830986
3323 0.823944
3324 0.830986
3325 0.830986
3326 0.830986
3327 0.830986
3328 0.830986
3329 0.830986
3330 0.830986
3331 0.830986
3332 0.830986
3333 0.830986
3334 0.823944
3335 0.830986
3336 0.830986
3337 0.823944
3338 0.830986
3339 0.830986
3340 0.830986
3341 0.830986
3342 0.816901
3343 0.830986
3344 0.830986
3345 0.830986
3346 0.816901
3347 0.823944
3348 0.830986
3349 0.830986
3350 0.591549
3351 0.591549
3352 0.591549
3353 0.591549
3354 0.591549
3355 0.584507
3356 0.591549
3357 0.584507
3358 0.584507
3359 0.591549
3360 0.591549
3361 0.591549
3362 0.591549
3363 0.591549
3364 0.591549
3365 0.591549
3366 0.591549
3367 0.591549
3368 0.584507
3369 0.584507
3370 0.591549
3371 0.591549
3372 0.584507
3373 0.584507
3374 0.591549
3375 0.584507
3376 0.591549
3377 0.591549
3378 0.591549
3379 0.584507
3380 0.584507
3381 0.591549
3382 0.591549
3383 0.591549
3384 0.591549
3385 0.584507
3386 0.584507
3387 0.591549
3388 0.591549
3389 0.591549
3390 0.591549
3391 0.591549
3392 0.591549
3393 0.591549
3394 0.591549
3395 0.591549
3396 0.584507
3397 0.584507
3398 0.591549
3399 0.591549
3400 0.654930
3401 0.654930
3402 0.654930
3403 0.654930
3404 0.654930
3405 0.647887
3406 0.647887
3407 0.654930
3408 0.654930
3409 0.654930
3410 0.647887
3411 0.647887
3412 0.654930
3413 0.654930
3414 0.647887
3415 0.654930
3416 0.654930
3417 0.654930
3418 0.647887
3419 0.647887
3420 0.654930
3421 0.647887
3422 0.647887
3423 0.654930
3424 0.647887
3425 0.647887
3426 0.654930
3427 0.654930
3428 0.654930
3429 0.654930
3430 0.654930
3431 0.654930
3432 0.647887
3433 0.654930
3434 0.647887
3435 0.647887
3436 0.654930
3437 0.647887
3438 0.647887
3439 0.654930
3440 0.654930
3441 0.654930
3442 0.654930
3443 0.654930
3444 0.654930
3445 0.647887
3446 0.654930
3447 0.647887
3448 0.654930
3449 0.647887
3450 0.802817
3451 0.802817
3452 0.802817
3453 0.795775
3454 0.788732
3455 0.802817
3456 0.781690
3457 0.781690
3458 0.802817
3459 0.802817
3460 0.795775
3461 0.802817
3462 0.802817
3463 0.795775
3464 0.802817
3465 0.795775
3466 0.802817
3467 0.795775
3468 0.795775
3469 0.802817
3470 0.795775
3471 0.802817
3472 0.802817
3473 0.802817
3474 0.802817
3475 0.802817
3476 0.795775
3477 0.795775
3478 0.802817
3479 0.795775
3480 0.802817
3481 0.802817
3482 0.795775
3483 0.802817
3484 0.795775
3485 0.795775
3486 0.802817
3487 0.802817
3488 0.795775
3489 0.795775
3490 0.802817
3491 0.802817
3492 0.802817
3493 0.802817
3494 0.802817
3495 0.802817
3496 0.802817
3497 0.802817
3498 0.802817
3499 0.802817
3500 0.683099
3501 0.683099
3502 0.683099
3503 0.676056
3504 0.683099
3505 0.676056
3506 0.676056
3507 0.683099
3508 0.676056
3509 0.683099
3510 0.683099
3511 0.683099
3512 0.676056
3513 0.683099
3514 0.683099
3515 0.683099
3516 0.683099
3517 0.683099
3518 0.683099
3519 0.683099
3520 0.683099
3521 0.683099
3522 0.676056
3523 0.676056
3524 0.683099
3525 0.676056
3526 0.676056
3527 0.683099
3528 0.683099
3529 0.683099
3530 0.676056
3531 0.683099
3532 0.676056
3533 0.676056
3534 0.683099
3535 0.683099
3536 0.676056
3537 0.676056
3538 0.683099
3539 0.683099
3540 0.683099
3541 0.683099
3542 0.683099
3543 0.683099
3544 0.683099
3545 0.683099
3546 0.661972
3547 0.683099
3548 0.683099
3549 0.683099
3550 0.739437
3551 0.739437
3552 0.739437
3553 0.739437
3554 0.732394
3555 0.739437
3556 0.739437
3557 0.739437
3558 0.739437
3559 0.739437
3560 0.739437
3561 0.732394
3562 0.739437
3563 0.732394
3564 0.739437
3565 0.739437
3566 0.739437
3567 0.732394
3568 0.739437
3569 0.739437
3570 0.739437
3571 0.732394
3572 0.739437
3573 0.739437
3574 0.739437
3575 0.732394
3576 0.739437
3577 0.739437
3578 0.739437
3579 0.739437
3580 0.739437
3581 0.739437
3582 0.739437
3583 0.739437
3584 0.739437
3585 0.739437
3586 0.725352
3587 0.739437
3588 0.725352
3589 0.739437
3590 0.732394
3591 0.739437
3592 0.739437
3593 0.718310
3594 0.739437
3595 0.739437
3596 0.739437
3597 0.739437
3598 0.739437
3599 0.718310
3600 0.661972
3601 0.661972
3602 0.661972
3603 0.661972
3604 0.661972
3605 0.661972
3606 0.661972
3607 0.661972
3608 0.661972
3609 0.661972
3610 0.661972
3611 0.661972
3612 0.661972
3613 0.661972
3614 0.661972
3615 0.661972
3616 0.661972
3617 0.654930
3618 0.661972
3619 0.661972
3620 0.661972
3621 0.661972
3622 0.661972
3623 0.661972
3624 0.661972
3625 0.661972
3626 0.661972
3627 0.661972
3628 0.661972
3629 0.661972
3630 0.661972
3631 0.661972
3632 0.661972
3633 0.661972
3634 0.661972
3635 0.661972
3636 0.661972
3637 0.661972
3638 0.661972
3639 0.661972
3640 0.661972
3641 0.661972
3642 0.661972
3643 0.661972
3644 0.661972
3645 0.661972
3646 0.661972
3647 0.661972
3648 0.661972
3649 0.661972
3650 0.795775
3651 0.795775
3652 0.795775
3653 0.795775
3654 0.795775
3655 0.795775
3656 0.795775
3657 0.795775
3658 0.795775
3659 0.795775
3660 0.795775
3661 0.795775
3662 0.795775
3663 0.795775
3664 0.795775
3665 0.795775
3666 0.795775
3667 0.795775
3668 0.795775
3669 0.795775
3670 0.795775
3671 0.795775
3672 0.795775
3673 0.795775
3674 0.795775
3675 0.795775
3676 0.795775
3677 0.795775
3678 0.795775
3679 0.795775
3680 0.795775
3681 0.795775
3682 0.795775
3683 0.795775
3684 0.795775
3685 0.795775
3686 0.795775
3687 0.795775
3688 0.795775
3689 0.795775
3690 0.795775
3691 0.795775
3692 0.795775
3693 0.795775
3694 0.795775
3695 0.795775
3696 0.795775
3697 0.795775
3698 0.795775
3699 0.795775
3700 0.711268
3701 0.711268
3702 0.711268
3703 0.711268
3704 0.711268
3705 0.711268
3706 0.711268
3707 0.711268
3708 0.711268
3709 0.711268
3710 0.711268
3711 0.711268
3712 0.711268
3713 0.711268
3714 0.711268
3715 0.711268
3716 0.711268
3717 0.711268
3718 0.711268
3719 0.711268
3720 0.711268
3721 0.711268
3722 0.711268
3723 0.711268
3724 0.711268
3725 0.711268
3726 0.711268
3727 0.711268
3728 0.711268
3729 0.711268
3730 0.711268
3731 0.711268
3732 0.711268
3733 0.711268
3734 0.711268
3735 0.711268
3736 0.711268
3737 0.711268
3738 0.711268
3739 0.711268
3740 0.711268
3741 0.711268
3742 0.711268
3743 0.711268
3744 0.711268
3745 0.711268
3746 0.711268
3747 0.711268
3748 0.711268
3749 0.711268
3750 0.788732
3751 0.788732
3752 0.788732
3753 0.788732
3754 0.788732
3755 0.788732
3756 0.788732
3757 0.788732
3758 0.788732
3759 0.788732
3760 0.788732
3761 0.788732
3762 0.788732
3763 0.788732
3764 0.788732
3765 0.788732
3766 0.788732
3767 0.788732
3768 0.788732
3769 0.788732
3770 0.788732
3771 0.788732
3772 0.788732
3773 0.788732
3774 0.788732
3775 0.788732
3776 0.788732
3777 0.788732
3778 0.788732
3779 0.788732
3780 0.788732
3781 0.788732
3782 0.788732
3783 0.788732
3784 0.788732
3785 0.788732
3786 0.788732
3787 0.788732
3788 0.788732
3789 0.788732
3790 0.788732
3791 0.788732
3792 0.788732
3793 0.788732
3794 0.788732
3795 0.788732
3796 0.788732
3797 0.788732
3798 0.788732
3799 0.788732
3800 0.753521
3801 0.753521
3802 0.753521
3803 0.753521
3804 0.753521
3805 0.753521
3806 0.753521
3807 0.753521
3808 0.753521
3809 0.753521
3810 0.753521
3811 0.753521
3812 0.753521
3813 0.753521
3814 0.753521
3815 0.753521
3816 0.753521
3817 0.753521
3818 0.753521
3819 0.753521
3820 0.753521
3821 0.753521
3822 0.753521
3823 0.753521
3824 0.753521
3825 0.753521
3826 0.753521
3827 0.753521
3828 0.753521
3829 0.753521
3830 0.753521
3831 0.753521
3832 0.753521
3833 0.753521
3834 0.753521
3835 0.753521
3836 0.753521
3837 0.753521
3838 0.753521
3839 0.753521
3840 0.753521
3841 0.753521
3842 0.753521
3843 0.753521
3844 0.753521
3845 0.753521
3846 0.753521
3847 0.753521
3848 0.753521
3849 0.753521
3850 0.739437
3851 0.739437
3852 0.739437
3853 0.739437
3854 0.739437
3855 0.739437
3856 0.739437
3857 0.739437
3858 0.739437
3859 0.739437
3860 0.739437
3861 0.739437
3862 0.739437
3863 0.739437
3864 0.739437
3865 0.739437
3866 0.739437
3867 0.739437
3868 0.739437
3869 0.739437
3870 0.739437
3871 0.739437
3872 0.739437
3873 0.739437
3874 0.739437
3875 0.739437
3876 0.739437
3877 0.739437
3878 0.739437
3879 0.739437
3880 0.739437
3881 0.739437
3882 0.739437
3883 0.739437
3884 0.739437
3885 0.739437
3886 0.739437
3887 0.739437
3888 0.739437
3889 0.739437
3890 0.739437
3891 0.739437
3892 0.739437
3893 0.739437
3894 0.739437
3895 0.739437
3896 0.725352
3897 0.739437
3898 0.739437
3899 0.739437
3900 0.795775
3901 0.795775
3902 0.795775
3903 0.795775
3904 0.795775
3905 0.795775
3906 0.795775
3907 0.795775
3908 0.795775
3909 0.795775
3910 0.795775
3911 0.795775
3912 0.795775
3913 0.795775
3914 0.795775
3915 0.795775
3916 0.795775
3917 0.795775
3918 0.795775
3919 0.795775
3920 0.795775
3921 0.795775
3922 0.795775
3923 0.795775
3924 0.795775
3925 0.795775
3926 0.795775
3927 0.795775
3928 0.795775
3929 0.795775
3930 0.795775
3931 0.795775
3932 0.795775
3933 0.795775
3934 0.795775
3935 0.795775
3936 0.795775
3937 0.795775
3938 0.795775
3939 0.795775
3940 0.795775
3941 0.795775
3942 0.795775
3943 0.795775
3944 0.795775
3945 0.795775
3946 0.795775
3947 0.795775
3948 0.795775
3949 0.795775
3950 0.845070
3951 0.845070
3952 0.845070
3953 0.845070
3954 0.845070
3955 0.845070
3956 0.845070
3957 0.845070
3958 0.845070
3959 0.845070
3960 0.845070
3961 0.845070
3962 0.845070
3963 0.845070
3964 0.845070
3965 0.845070
3966 0.845070
3967 0.845070
3968 0.845070
3969 0.845070
3970 0.845070
3971 0.845070
3972 0.845070
3973 0.845070
3974 0.845070
3975 0.845070
3976 0.845070
3977 0.845070
3978 0.845070
3979 0.845070
3980 0.845070
3981 0.845070
3982 0.845070
3983 0.845070
3984 0.845070
3985 0.845070
3986 0.845070
3987 0.845070
3988 0.845070
3989 0.845070
3990 0.845070
3991 0.845070
3992 0.845070
3993 0.845070
3994 0.845070
3995 0.845070
3996 0.845070
3997 0.845070
3998 0.845070
3999 0.845070
4000 0.802817
4001 0.802817
4002 0.802817
4003 0.802817
4004 0.802817
4005 0.802817
4006 0.802817
4007 0.802817
4008 0.802817
4009 0.802817
4010 0.802817
4011 0.802817
4012 0.802817
4013 0.802817
4014 0.802817
4015 0.802817
4016 0.802817
4017 0.802817
4018 0.802817
4019 0.802817
4020 0.802817
4021 0.802817
4022 0.802817
4023 0.802817
4024 0.802817
4025 0.802817
4026 0.802817
4027 0.802817
4028 0.802817
4029 0.802817
4030 0.802817
4031 0.802817
4032 0.802817
4033 0.802817
4034 0.802817
4035 0.802817
4036 0.802817
4037 0.802817
4038 0.802817
4039 0.802817
4040 0.802817
4041 0.802817
4042 0.802817
4043 0.802817
4044 0.802817
4045 0.802817
4046 0.802817
4047 0.802817
4048 0.802817
4049 0.802817
4050 0.852113
4051 0.852113
4052 0.852113
4053 0.852113
4054 0.852113
4055 0.852113
4056 0.852113
4057 0.852113
4058 0.852113
4059 0.852113
4060 0.852113
4061 0.852113
4062 0.852113
4063 0.852113
4064 0.845070
4065 0.852113
4066 0.852113
4067 0.845070
4068 0.852113
4069 0.852113
4070 0.852113
4071 0.852113
4072 0.852113
4073 0.852113
4074 0.852113
4075 0.852113
4076 0.852113
4077 0.852113
4078 0.852113
4079 0.852113
4080 0.852113
4081 0.852113
4082 0.852113
4083 0.852113
4084 0.852113
4085 0.852113
4086 0.852113
4087 0.852113
4088 0.852113
4089 0.852113
4090 0.852113
4091 0.852113
4092 0.852113
4093 0.852113
4094 0.852113
4095 0.852113
4096 0.852113
4097 0.852113
4098 0.852113
4099 0.852113
4100 0.809859
4101 0.809859
4102 0.795775
4103 0.809859
4104 0.809859
4105 0.802817
4106 0.809859
4107 0.809859
4108 0.809859
4109 0.809859
4110 0.809859
4111 0.809859
4112 0.809859
4113 0.809859
4114 0.809859
4115 0.809859
4116 0.802817
4117 0.809859
4118 0.809859
4119 0.809859
4120 0.809859
4121 0.809859
4122 0.809859
4123 0.809859
4124 0.809859
4125 0.802817
4126 0.809859
4127 0.809859
4128 0.809859
4129 0.809859
4130 0.809859
4131 0.802817
4132 0.809859
4133 0.809859
4134 0.809859
4135 0.809859
4136 0.809859
4137 0.809859
4138 0.809859
4139 0.809859
4140 0.809859
4141 0.809859
4142 0.809859
4143 0.809859
4144 0.809859
4145 0.809859
4146 0.809859
4147 0.809859
4148 0.809859
4149 0.802817
4150 0.795775
4151 0.795775
4152 0.795775
4153 0.795775
4154 0.795775
4155 0.795775
4156 0.795775
4157 0.795775
4158 0.795775
4159 0.788732
4160 0.795775
4161 0.795775
4162 0.788732
4163 0.795775
4164 0.795775
4165 0.795775
4166 0.795775
4167 0.795775
4168 0.795775
4169 0.795775
4170 0.795775
4171 0.795775
4172 0.795775
4173 0.795775
4174 0.795775
4175 0.795775
4176 0.795775
4177 0.795775
4178 0.795775
4179 0.795775
4180 0.795775
4181 0.795775
4182 0.795775
4183 0.795775
4184 0.781690
4185 0.795775
4186 0.795775
4187 0.795775
4188 0.795775
4189 0.795775
4190 0.795775
4191 0.795775
4192 0.795775
4193 0.795775
4194 0.795775
4195 0.795775
4196 0.795775
4197 0.795775
4198 0.795775
4199 0.795775
4200 0.838028
4201 0.838028
4202 0.838028
4203 0.838028
4204 0.838028
4205 0.838028
4206 0.830986
4207 0.838028
4208 0.830986
4209 0.838028
4210 0.838028
4211 0.838028
4212 0.838028
4213 0.838028
4214 0.830986
4215 0.838028
4216 0.838028
4217 0.838028
4218 0.830986
4219 0.838028
4220 0.838028
4221 0.838028
4222 0.838028
4223 0.838028
4224 0.838028
4225 0.838028
4226 0.838028
4227 0.838028
4228 0.838028
4229 0.838028
4230 0.838028
4231 0.838028
4232 0.838028
4233 0.838028
4234 0.838028
4235 0.838028
4236 0.838028
4237 0.838028
4238 0.838028
4239 0.838028
4240 0.838028
4241 0.830986
4242 0.838028
4243 0.830986
4244 0.830986
4245 0.838028
4246 0.838028
4247 0.838028
4248 0.838028
4249 0.838028
4250 0.725352
4251 0.725352
4252 0.718310
4253 0.711268
4254 0.725352
4255 0.725352
4256 0.725352
4257 0.725352
4258 0.725352
4259 0.718310
4260 0.718310
4261 0.718310
4262 0.725352
4263 0.718310
4264 0.718310
4265 0.725352
4266 0.725352
4267 0.718310
4268 0.718310
4269 0.718310
4270 0.718310
4271 0.718310
4272 0.725352
4273 0.718310
4274 0.725352
4275 0.718310
4276 0.718310
4277 0.718310
4278 0.725352
4279 0.725352
4280 0.718310
4281 0.725352
4282 0.725352
4283 0.725352
4284 0.725352
4285 0.725352
4286 0.725352
4287 0.725352
4288 0.725352
4289 0.725352
4290 0.725352
4291 0.718310
4292 0.718310
4293 0.718310
4294 0.718310
4295 0.718310
4296 0.718310
4297 0.718310
4298 0.725352
4299 0.725352
4300 0.739437
4301 0.739437
4302 0.739437
4303 0.739437
4304 0.739437
4305 0.739437
4306 0.739437
4307 0.739437
4308 0.725352
4309 0.725352
4310 0.739437
4311 0.739437
4312 0.732394
4313 0.725352
4314 0.725352
4315 0.732394
4316 0.725352
4317 0.739437
4318 0.739437
4319 0.739437
4320 0.739437
4321 0.732394
4322 0.732394
4323 0.732394
4324 0.732394
4325 0.739437
4326 0.739437
4327 0.725352
4328 0.725352
4329 0.739437
4330 0.732394
4331 0.732394
4332 0.739437
4333 0.739437
4334 0.739437
4335 0.739437
4336 0.739437
4337 0.739437
4338 0.739437
4339 0.732394
4340 0.739437
4341 0.739437
4342 0.739437
4343 0.739437
4344 0.739437
4345 0.739437
4346 0.739437
4347 0.739437
4348 0.739437
4349 0.739437
4350 0.739437
4351 0.739437
4352 0.739437
4353 0.739437
4354 0.739437
4355 0.739437
4356 0.739437
4357 0.739437
4358 0.739437
4359 0.739437
4360 0.739437
4361 0.732394
4362 0.732394
4363 0.732394
4364 0.732394
4365 0.732394
4366 0.732394
4367 0.732394
4368 0.732394
4369 0.732394
4370 0.732394
4371 0.732394
4372 0.732394
4373 0.732394
4374 0.732394
4375 0.732394
4376 0.732394
4377 0.732394
4378 0.732394
4379 0.739437
4380 0.732394
4381 0.732394
4382 0.732394
4383 0.732394
4384 0.732394
4385 0.732394
4386 0.732394
4387 0.739437
4388 0.739437
4389 0.739437
4390 0.739437
4391 0.732394
4392 0.732394
4393 0.732394
4394 0.739437
4395 0.739437
4396 0.739437
4397 0.739437
4398 0.739437
4399 0.739437
4400 0.619718
4401 0.619718
4402 0.619718
4403 0.619718
4404 0.619718
4405 0.619718
4406 0.619718
4407 0.612676
4408 0.612676
4409 0.612676
4410 0.612676
4411 0.612676
4412 0.619718
4413 0.619718
4414 0.619718
4415 0.612676
4416 0.612676
4417 0.619718
4418 0.612676
4419 0.612676
4420 0.612676
4421 0.619718
4422 0.612676
4423 0.612676
4424 0.612676
4425 0.619718
4426 0.612676
4427 0.612676
4428 0.612676
4429 0.619718
4430 0.619718
4431 0.619718
4432 0.619718
4433 0.619718
4434 0.605634
4435 0.605634
4436 0.612676
4437 0.619718
4438 0.612676
4439 0.612676
4440 0.612676
4441 0.619718
4442 0.612676
4443 0.612676
4444 0.612676
4445 0.619718
4446 0.612676
4447 0.612676
4448 0.612676
4449 0.619718
4450 0.711268
4451 0.711268
4452 0.711268
4453 0.711268
4454 0.711268
4455 0.704225
4456 0.711268
4457 0.697183
4458 0.711268
4459 0.704225
4460 0.711268
4461 0.697183
4462 0.711268
4463 0.697183
4464 0.711268
4465 0.711268
4466 0.711268
4467 0.711268
4468 0.711268
4469 0.704225
4470 0.711268
4471 0.711268
4472 0.704225
4473 0.711268
4474 0.704225
4475 0.711268
4476 0.711268
4477 0.697183
4478 0.711268
4479 0.711268
4480 0.711268
4481 0.711268
4482 0.704225
4483 0.711268
4484 0.711268
4485 0.711268
4486 0.711268
4487 0.711268
4488 0.711268
4489 0.711268
4490 0.711268
4491 0.711268
4492 0.711268
4493 0.711268
4494 0.711268
4495 0.711268
4496 0.711268
4497 0.711268
4498 0.711268
4499 0.711268
