0 2.024771 118
1 1.010432 118
2 0.868627 118
3 1.039076 118
4 0.733822 118
5 19.142593 118
6 1.592085 118
7 1.751653 118
8 1.744992 118
9 0.983322 118
10 1.912288 118
11 1.542364 118
12 6.021466 118
13 2.002915 118
14 5.677008 118
15 1.696449 118
16 1.747627 118
17 1.885517 118
18 1.437703 118
19 0.509786 117
20 0.470556 117
21 1.823466 118
22 0.699923 117
23 1.759322 118
24 0.861085 118
25 1.574322 118
26 2.009398 118
27 2.127492 118
28 1.832771 118
29 1.601737 118
30 0.684538 117
31 1.645169 118
32 1.385653 118
33 1.557814 118
34 0.993259 116
35 1.100284 116
36 1.157155 116
37 1.673076 118
38 0.586205 117
39 0.428795 117
40 0.468838 117
41 1.651568 118
42 1.536203 118
43 1.443992 118
44 0.557889 117
45 1.400492 118
46 0.472179 117
47 0.912280 118
48 0.326692 117
49 1.615102 118
50 1.365547 117
51 1.888966 117
52 1.187948 116
53 1.782291 117
54 2.807035 115
55 2.890291 117
56 1.233147 116
57 1.794863 117
58 2.554855 117
59 2.322855 117
60 13.341009 117
61 1.957735 117
62 1.634675 117
63 1.706889 117
64 1.913496 117
65 1.719949 117
66 1.723017 117
67 1.982359 117
68 2.680205 117
69 1.682658 117
70 0.374291 117
71 0.336302 116
72 0.350205 117
73 1.155231 117
74 1.079137 117
75 0.594802 116
76 0.444783 115
77 0.377500 116
78 0.439026 116
79 0.478870 115
80 0.403096 115
81 0.371974 115
82 1.158838 117
83 1.184111 117
84 0.449647 116
85 1.249017 117
86 0.402543 116
87 0.564612 116
88 0.611379 116
89 5.892248 117
90 1.155590 117
91 19.637179 117
92 1.108256 117
93 0.926444 117
94 1.162726 117
95 1.063615 117
96 2.251573 117
97 0.949547 117
98 0.345276 116
99 0.238647 116
100 0.502474 95
101 0.302453 95
102 0.296768 95
103 0.305095 95
104 2.006158 95
105 0.468298 94
106 0.387558 95
107 1.539389 95
108 0.394085 94
109 1.736663 95
110 1.731263 95
111 2.400632 95
112 4.912811 95
113 1.406116 95
114 0.397105 95
115 0.383330 94
116 1.422979 95
117 1.373021 95
118 0.417660 94
119 0.506862 94
120 2.159337 95
121 1.388684 95
122 11.716316 95
123 1.561758 95
124 1.400116 95
125 1.482116 95
126 1.240011 95
127 1.260695 95
128 1.157432 95
129 2.220084 95
130 1.446421 95
131 1.304747 95
132 1.453126 95
133 1.938053 95
134 0.368819 94
135 0.366894 94
136 1.486137 95
137 1.932505 95
138 0.585277 94
139 0.612043 94
140 1.004713 94
141 1.874474 95
142 0.541979 94
143 1.556874 95
144 2.006463 95
145 1.667811 95
146 2.462379 95
147 1.677305 95
148 1.826253 95
149 2.160095 95
150 1.224548 104
151 0.476606 104
152 1.854837 104
153 2.624952 104
154 2.152913 104
155 1.437933 104
156 3.319846 104
157 1.853173 104
158 2.071183 104
159 1.765202 104
160 14.746337 104
161 1.420404 104
162 2.453721 104
163 2.443529 104
164 1.524808 104
165 0.624716 102
166 0.521127 102
167 1.248606 104
168 0.361379 103
169 19.999942 104
170 19.999689 103
171 2.447865 104
172 17.381096 104
173 14.710481 104
174 12.723068 103
175 12.240398 103
176 10.798039 103
177 9.799427 103
178 8.498621 103
179 13.532641 103
180 7.657078 103
181 7.138359 103
182 6.138330 103
183 3.317301 103
184 2.690019 103
185 1.553680 103
186 1.073505 103
187 10.155808 104
188 1.718534 103
189 0.581612 103
190 0.245835 103
191 9.246951 103
192 0.630301 103
193 0.183808 104
194 0.207495 103
195 9.518204 103
196 0.769194 103
197 0.392214 103
198 0.185961 103
199 0.203466 103
200 16.416949 98
201 14.026612 98
202 12.718327 98
203 11.339735 98
204 11.144816 98
205 11.136622 98
206 10.807082 98
207 9.727571 98
208 13.269694 98
209 8.867786 98
210 8.326122 98
211 8.154622 98
212 6.652765 98
213 5.683449 98
214 5.279653 98
215 4.860622 98
216 4.113480 98
217 3.268051 98
218 2.651612 98
219 2.396337 98
220 2.276020 98
221 1.567031 98
222 0.826639 97
223 0.494825 97
224 0.276361 97
225 0.345711 97
226 0.276639 97
227 9.016763 97
228 0.852845 97
229 0.483639 97
230 0.670309 97
231 9.278866 97
232 0.807392 97
233 0.470876 97
234 0.557464 97
235 0.500402 97
236 0.283897 97
237 0.300938 97
238 0.252887 97
239 0.265825 97
240 0.263856 97
241 0.273330 97
242 0.300732 97
243 0.531237 97
244 0.566196 97
245 0.253278 97
246 0.354412 97
247 9.094124 97
248 0.783794 97
249 0.449113 97
250 16.432437 103
251 13.338573 103
252 12.713466 103
253 14.250728 103
254 10.925534 103
255 10.223874 103
256 9.820922 103
257 9.481592 103
258 9.323505 103
259 8.483272 103
260 8.070194 103
261 7.526699 103
262 7.356845 103
263 6.755398 103
264 6.153806 103
265 5.755447 103
266 4.645680 103
267 3.516864 103
268 2.792456 103
269 2.394534 103
270 1.845748 103
271 9.427379 103
272 9.727233 103
273 9.601757 103
274 9.524990 103
275 9.595320 103
276 0.744845 103
277 0.236282 103
278 0.244252 103
279 8.443466 103
280 0.780961 103
281 0.424835 103
282 0.658029 103
283 0.652117 103
284 0.511466 103
285 0.266728 103
286 0.251670 103
287 0.404282 103
288 0.283184 103
289 0.474068 103
290 0.356544 103
291 8.372398 103
292 0.737388 103
293 0.480573 103
294 0.354631 103
295 0.288214 103
296 0.248068 103
297 0.243340 103
298 0.235738 103
299 0.275621 103
300 16.449625 104
301 14.541394 104
302 13.356548 104
303 13.116904 104
304 13.008471 104
305 12.195883 103
306 11.369990 103
307 10.631272 103
308 10.320447 103
309 9.669301 103
310 9.240029 103
311 8.477854 103
312 7.928194 103
313 6.976767 103
314 6.208583 103
315 4.818577 104
316 3.896748 103
317 3.137893 103
318 2.713311 103
319 2.349631 103
320 1.593068 103
321 0.920981 103
322 0.907359 103
323 0.599155 103
324 0.432291 103
325 0.518806 103
326 0.575767 103
327 0.638592 103
328 0.368728 103
329 0.383951 103
330 0.363233 103
331 0.295660 103
332 0.461298 104
333 0.313680 103
334 0.317981 103
335 0.276602 103
336 0.300573 103
337 0.308673 104
338 8.661262 103
339 0.587183 104
340 0.270262 103
341 0.281728 103
342 0.290548 104
343 0.508481 104
344 0.501282 103
345 0.476835 103
346 0.536606 104
347 0.269621 103
348 0.364243 103
349 0.259214 103
350 17.702000 109
351 15.120450 109
352 13.984881 109
353 13.108055 109
354 12.726370 108
355 15.207306 108
356 15.326500 108
357 15.324843 108
358 15.188963 109
359 10.813639 108
360 9.758102 108
361 9.467761 109
362 14.004324 108
363 8.157028 108
364 13.374167 108
365 6.445963 109
366 11.838046 108
367 12.260741 108
368 4.330713 108
369 3.459807 109
370 10.311472 108
371 10.519213 108
372 10.294546 108
373 1.095296 108
374 9.698741 108
375 0.989565 108
376 0.398444 108
377 0.554259 108
378 8.995321 109
379 9.447139 108
380 0.617065 108
381 0.225731 108
382 0.233722 108
383 9.010083 108
384 9.564889 108
385 1.086343 108
386 0.487056 108
387 0.235128 109
388 8.880963 108
389 9.159880 108
390 8.828620 108
391 8.400185 108
392 0.521333 108
393 0.224361 108
394 7.833602 108
395 8.110435 108
396 0.545019 108
397 7.266861 108
398 7.318463 108
399 7.124546 108
400 16.437175 103
401 14.278621 103
402 13.647388 103
403 12.663480 102
404 14.409175 103
405 14.899500 102
406 14.991098 102
407 14.845010 103
408 11.252608 102
409 14.715539 102
410 14.587136 103
411 19.999853 102
412 19.999941 102
413 16.187373 102
414 14.712228 101
415 19.999812 101
416 15.960802 101
417 19.999792 101
418 17.099158 101
419 17.278307 101
420 19.999851 101
421 19.416396 101
422 18.779723 101
423 19.999782 101
424 19.999851 101
425 11.923108 102
426 19.999752 101
427 19.803804 102
428 15.151412 102
429 19.999822 101
430 19.999822 101
431 16.557912 102
432 17.244713 101
433 15.614980 101
434 19.999802 101
435 19.999812 101
436 19.999861 101
437 5.388703 101
438 19.999733 101
439 19.999802 101
440 19.999871 101
441 8.260149 101
442 19.999772 101
443 19.999812 101
444 19.999822 101
445 5.100294 102
446 19.999782 101
447 4.471931 101
448 19.803686 102
449 2.696901 101
450 19.999981 108
451 2.222407 108
452 19.999815 108
453 19.999917 108
454 17.532673 107
455 19.999792 106
456 2.312252 107
457 2.109626 107
458 19.812804 107
459 18.360598 107
460 1.307000 108
461 1.548269 108
462 0.498132 106
463 0.564519 108
464 0.244731 108
465 1.253963 108
466 0.711542 107
467 0.678972 107
468 0.600411 107
469 0.385271 107
470 0.631523 107
471 0.554280 107
472 0.560346 107
473 0.571523 107
474 0.606234 107
475 0.559916 107
476 0.527150 107
477 0.614561 107
478 0.638206 107
479 0.571019 107
480 0.582467 107
481 0.577720 107
482 19.651972 108
483 1.093056 108
484 0.394972 107
485 0.415579 107
486 0.853398 108
487 0.203318 107
488 0.240290 107
489 0.924694 108
490 0.731889 108
491 0.196103 107
492 0.182187 107
493 0.902787 108
494 0.197299 107
495 0.230766 107
496 1.752472 108
497 0.213925 107
498 0.900907 108
499 0.873685 108
500 1.122517 116
501 1.633405 116
502 0.421574 115
503 2.718810 116
504 1.681448 116
505 0.799148 115
506 0.815940 116
507 0.720974 115
508 1.545517 116
509 0.394461 115
510 3.555241 116
511 1.614147 116
512 2.467422 116
513 1.402250 116
514 1.508284 116
515 1.444845 116
516 2.193129 116
517 1.965034 116
518 1.146422 116
519 1.186284 116
520 1.301379 116
521 1.167802 116
522 1.106474 116
523 1.518034 116
524 1.833250 116
525 1.359052 116
526 1.623664 116
527 2.020603 116
528 1.211233 116
529 1.224922 116
530 2.693483 116
531 1.951661 115
532 1.396595 116
533 0.799397 116
534 0.650217 115
535 0.713845 116
536 0.641431 116
537 0.605474 116
538 2.088966 116
539 0.893774 115
540 1.545957 115
541 0.831887 115
542 1.238138 116
543 3.127095 116
544 1.009956 113
545 1.068147 116
546 19.900647 116
547 2.213569 116
548 1.566250 116
549 0.899491 116
550 2.149817 104
551 3.450692 104
552 0.662885 104
553 0.523837 104
554 0.502913 104
555 0.645154 104
556 0.483385 104
557 0.811788 104
558 0.710702 104
559 1.643077 104
560 0.541231 104
561 0.917231 104
562 0.588490 104
563 0.495596 104
564 0.523875 104
565 1.138010 104
566 0.532673 104
567 6.057010 104
568 1.544067 104
569 2.567231 104
570 0.698020 102
571 2.230673 104
572 0.727510 104
573 0.959291 103
574 0.893010 103
575 0.755515 103
576 0.675466 103
577 0.609243 103
578 1.733365 104
579 1.375788 104
580 1.058625 104
581 1.138048 104
582 1.106904 104
583 1.027702 104
584 1.011115 104
585 1.072856 104
586 2.336740 104
587 1.995683 104
588 1.769298 104
589 1.263183 104
590 0.801612 103
591 1.682519 104
592 1.979058 104
593 2.291587 104
594 1.628683 104
595 1.838413 104
596 1.583442 104
597 1.641625 104
598 2.583952 104
599 1.980163 104
600 1.877491 112
601 1.592732 112
602 1.576545 112
603 2.968179 112
604 1.659685 111
605 1.623405 111
606 1.447730 111
607 1.527541 111
608 2.542402 112
609 2.111768 112
610 1.008232 112
611 3.033071 112
612 1.551730 111
613 1.556261 111
614 1.768793 111
615 1.634117 111
616 4.224179 112
617 2.862495 111
618 3.599875 112
619 0.831730 100
620 2.920768 112
621 2.499607 112
622 8.559402 112
623 7.263486 111
624 2.402571 112
625 2.150495 111
626 1.910464 112
627 1.368559 111
628 1.513891 110
629 1.557400 110
630 2.071830 112
631 1.455099 111
632 0.666766 111
633 0.519324 111
634 1.911964 112
635 1.336505 111
636 1.547563 112
637 2.208482 112
638 2.095170 112
639 2.634714 112
640 2.375938 112
641 2.301196 107
642 2.911232 112
643 2.249187 112
644 2.187446 112
645 2.194384 112
646 1.612509 112
647 1.244795 112
648 1.184589 112
649 1.481125 112
650 17.969583 108
651 1.852259 108
652 0.627822 107
653 1.512667 108
654 1.964815 108
655 3.910694 108
656 1.438925 107
657 2.417556 108
658 1.671028 108
659 9.593796 108
660 0.873804 107
661 2.032815 108
662 0.923374 107
663 1.703824 108
664 1.348528 108
665 2.807259 108
666 2.713954 108
667 2.076861 108
668 0.713505 107
669 1.485898 108
670 0.570579 107
671 1.823713 108
672 1.582769 108
673 0.824009 108
674 2.699417 108
675 2.366630 108
676 3.316833 108
677 1.334472 108
678 2.058074 108
679 2.690611 108
680 2.162093 108
681 4.789963 108
682 3.025037 108
683 17.434861 108
684 1.471093 108
685 1.741269 108
686 1.512361 108
687 2.591991 108
688 2.148093 108
689 1.525769 108
690 1.280528 108
691 2.315620 108
692 2.746157 108
693 3.138815 108
694 2.184380 108
695 1.890667 108
696 1.073907 108
697 13.207074 108
698 2.842509 108
699 1.521241 108
700 3.846253 99
701 3.354010 99
702 3.176242 99
703 2.478970 99
704 2.338909 99
705 5.111222 99
706 3.149253 99
707 2.031929 99
708 1.983636 99
709 2.090020 99
710 4.067030 99
711 3.282424 99
712 3.769283 99
713 1.871545 99
714 5.041768 99
715 2.346838 99
716 6.999253 99
717 2.380121 99
718 2.729202 99
719 2.411525 99
720 3.085596 99
721 2.942061 99
722 1.379394 99
723 1.875424 99
724 1.805051 99
725 2.440889 99
726 13.029071 99
727 12.220010 98
728 13.996224 98
729 14.645133 98
730 17.322286 98
731 19.038388 98
732 18.764622 98
733 19.175031 98
734 19.240541 98
735 19.699469 98
736 0.996960 99
737 2.193202 99
738 1.329808 99
739 0.436245 98
740 0.447286 98
741 0.878424 99
742 0.230908 98
743 0.241010 98
744 0.848606 99
745 0.966455 99
746 0.880697 99
747 0.227490 98
748 0.237000 98
749 0.660354 99
750 1.931657 99
751 1.981657 99
752 1.723131 99
753 0.450551 98
754 1.378990 99
755 2.361586 99
756 2.473131 99
757 5.334697 99
758 0.845232 99
759 1.036388 98
760 0.848788 99
761 1.060765 98
762 2.965172 99
763 0.474408 98
764 0.542306 98
765 1.811273 99
766 1.603825 97
767 0.466173 98
768 1.613737 99
769 1.425980 98
770 0.444510 98
771 2.351485 99
772 4.096133 98
773 4.222040 99
774 1.826899 99
775 1.223101 99
776 1.776030 99
777 1.542394 99
778 3.929616 99
779 1.505859 99
780 1.106020 99
781 1.274697 99
782 1.123818 99
783 2.441707 99
784 1.353525 99
785 1.364717 99
786 0.336939 98
787 1.172697 99
788 0.395245 98
789 1.614949 99
790 1.299000 99
791 2.484000 98
792 0.342598 97
793 1.271586 99
794 1.185465 99
795 1.235848 99
796 1.071192 99
797 1.267485 99
798 1.258899 99
799 1.168010 99
800 4.872793 111
801 1.396342 111
802 1.457802 111
803 17.694090 111
804 1.330627 110
805 1.533757 111
806 1.311800 110
807 1.594117 111
808 1.455207 111
809 1.382991 111
810 0.455609 110
811 1.358396 111
812 1.777396 111
813 0.358355 110
814 1.274649 111
815 1.435586 111
816 2.276505 111
817 15.971315 111
818 17.303324 111
819 17.769739 111
820 18.241946 111
821 18.410135 111
822 1.077622 111
823 1.171631 111
824 9.113865 111
825 1.007135 111
826 1.049937 111
827 1.201117 111
828 0.881117 111
829 0.856486 111
830 1.706820 111
831 2.053432 111
832 1.521000 111
833 0.936234 111
834 0.883378 111
835 0.993027 111
836 1.009532 111
837 0.929676 111
838 0.839937 111
839 0.980306 111
840 1.946928 111
841 3.714450 111
842 0.674495 111
843 0.609811 111
844 0.854532 111
845 0.791748 111
846 1.912198 111
847 0.665757 111
848 0.649297 111
849 0.894730 111
850 12.000463 108
851 2.066750 108
852 0.534355 107
853 1.266556 108
854 1.501009 108
855 0.415355 107
856 0.491280 107
857 1.225907 108
858 0.379991 107
859 0.453561 107
860 1.224806 108
861 1.313787 108
862 1.513843 108
863 1.798130 108
864 1.337556 108
865 1.232333 108
866 2.883204 108
867 16.663897 107
868 4.207981 107
869 4.546343 108
870 18.028935 107
871 5.599019 107
872 18.051215 107
873 6.126720 107
874 6.192570 107
875 5.974888 107
876 5.783047 107
877 5.464776 107
878 5.121449 107
879 4.831495 107
880 4.495065 108
881 4.228495 107
882 3.857056 107
883 3.673196 107
884 3.329393 107
885 3.108598 107
886 2.793280 107
887 2.688430 107
888 2.346589 107
889 2.118280 107
890 1.883645 107
891 1.707500 108
892 17.311907 108
893 18.397252 107
894 16.764280 107
895 1.560093 108
896 0.558729 107
897 0.314009 107
898 0.830333 108
899 0.242074 108
900 0.867990 102
901 1.482706 102
902 3.285784 102
903 1.584426 101
904 1.397119 101
905 1.778529 102
906 0.465713 101
907 0.398545 101
908 1.584833 102
909 0.522584 101
910 0.513373 102
911 1.601863 102
912 0.483545 101
913 0.402931 101
914 1.450716 102
915 0.409743 101
916 1.430324 102
917 19.999922 102
918 19.999733 101
919 19.999950 101
920 19.999780 100
921 19.999920 100
922 19.999810 100
923 19.999950 100
924 19.801743 101
925 19.999950 100
926 19.801743 101
927 19.999910 100
928 19.801673 101
929 19.999930 100
930 19.999750 100
931 1.111618 102
932 1.192333 102
933 0.318653 101
934 0.276157 102
935 0.241069 101
936 0.990525 101
937 0.282267 101
938 0.269475 101
939 1.439333 102
940 0.267752 101
941 0.277277 101
942 0.370832 101
943 0.234535 101
944 1.493902 102
945 0.924167 102
946 0.411743 101
947 0.252436 101
948 0.692314 102
949 0.232000 101
950 0.734490 104
951 0.476577 104
952 1.539721 104
953 0.876981 103
954 1.972769 104
955 0.855583 103
956 1.303904 104
957 0.426068 103
958 0.371476 103
959 0.470330 103
960 1.307183 104
961 0.509087 103
962 0.534816 103
963 0.552515 103
964 1.316731 104
965 1.586913 104
966 0.717049 103
967 4.313048 104
968 3.402204 103
969 3.292505 103
970 3.184117 103
971 3.056490 104
972 1.910808 104
973 1.095519 104
974 1.450856 104
975 0.451097 103
976 1.299356 104
977 1.475933 104
978 1.088644 104
979 1.056894 104
980 1.319971 104
981 12.203298 104
982 0.789942 103
983 1.415096 104
984 1.067740 104
985 2.200750 104
986 1.549423 104
987 1.297337 104
988 1.087644 104
989 3.492058 104
990 0.951019 104
991 1.227913 104
992 0.984837 104
993 0.878490 104
994 1.429683 104
995 0.940817 104
996 0.888837 104
997 1.720096 104
998 0.733490 104
999 1.140000 104
1000 1.031429 84
1001 1.414048 84
1002 2.899345 84
1003 1.366155 84
1004 1.306167 84
1005 1.425333 84
1006 1.198131 84
1007 1.164583 84
1008 2.277631 84
1009 1.493226 84
1010 1.179119 84
1011 1.235429 84
1012 1.150929 84
1013 1.395595 84
1014 1.495476 84
1015 1.595714 84
1016 1.243881 84
1017 0.399470 83
1018 0.413048 83
1019 0.386446 83
1020 0.369687 83
1021 0.374627 83
1022 0.382964 83
1023 0.385928 83
1024 0.440193 83
1025 0.421892 83
1026 0.434446 83
1027 0.411916 83
1028 0.475518 83
1029 0.405265 83
1030 0.357663 83
1031 0.375506 83
1032 1.120155 84
1033 0.283843 83
1034 0.494916 83
1035 1.300500 84
1036 0.302390 82
1037 1.021048 84
1038 0.264434 83
1039 0.317512 84
1040 0.957810 84
1041 0.306000 84
1042 1.011774 84
1043 0.699548 84
1044 0.300651 83
1045 0.296627 83
1046 1.019964 84
1047 0.265530 83
1048 0.300831 83
1049 6.037440 84
1050 7.050283 106
1051 6.829698 106
1052 5.384952 105
1053 1.204302 106
1054 0.332286 105
1055 1.288283 106
1056 0.384971 105
1057 0.331010 105
1058 1.318868 106
1059 0.434887 106
1060 0.316781 105
1061 1.801142 106
1062 1.191067 105
1063 0.958800 105
1064 0.929762 105
1065 0.619800 105
1066 1.872305 105
1067 0.479114 105
1068 0.959867 105
1069 0.518610 105
1070 0.543476 105
1071 0.897848 105
1072 0.664895 105
1073 0.659708 106
1074 2.011972 106
1075 0.589210 105
1076 0.668219 105
1077 0.447105 105
1078 0.673505 105
1079 1.340377 106
1080 0.527410 105
1081 0.493752 105
1082 0.768457 105
1083 0.530219 105
1084 0.714714 105
1085 0.351590 105
1086 0.396905 105
1087 2.013858 106
1088 1.106817 104
1089 1.256519 104
1090 1.940217 106
1091 1.674600 105
1092 1.248846 104
1093 1.269019 105
1094 1.602358 106
1095 1.041906 106
1096 1.073604 106
1097 0.274190 105
1098 0.287495 105
1099 0.386533 105
1100 0.855280 118
1101 1.314636 118
1102 7.769077 117
1103 1.505076 118
1104 1.402136 118
1105 1.423025 118
1106 1.253059 118
1107 1.239093 118
1108 1.757331 118
1109 0.480983 117
1110 0.300632 117
1111 0.326880 117
1112 6.614203 118
1113 1.844733 116
1114 1.426551 118
1115 1.167432 118
1116 1.063322 118
1117 1.128839 118
1118 1.134212 118
1119 1.232720 118
1120 0.795797 118
1121 0.608675 117
1122 1.049678 118
1123 0.550188 117
1124 0.374795 117
1125 10.537076 118
1126 1.204466 118
1127 0.331716 116
1128 0.472231 117
1129 1.128949 118
1130 1.104059 118
1131 1.000924 118
1132 19.999924 118
1133 19.999650 117
1134 0.983246 118
1135 0.940627 118
1136 1.211627 118
1137 1.251458 118
1138 0.276784 116
1139 3.097864 118
1140 1.049068 118
1141 1.178669 118
1142 0.809542 118
1143 1.638686 118
1144 0.807188 117
1145 1.042390 118
1146 0.779178 118
1147 0.886726 117
1148 0.982093 118
1149 0.739390 118
1150 0.770596 109
1151 0.379752 109
1152 0.422706 109
1153 2.084055 109
1154 0.672505 107
1155 0.681308 107
1156 19.999935 108
1157 19.812832 107
1158 1.740685 108
1159 0.650963 107
1160 1.668185 108
1161 0.870523 107
1162 1.211713 108
1163 0.684710 107
1164 0.332178 107
1165 1.115889 108
1166 1.224009 108
1167 1.276204 108
1168 0.823852 108
1169 0.393870 108
1170 2.028352 108
1171 0.827561 107
1172 2.091630 108
1173 1.266389 108
1174 1.775556 108
1175 0.852888 107
1176 1.776222 108
1177 0.761748 107
1178 1.627241 108
1179 0.722607 107
1180 1.382417 108
1181 0.671215 107
1182 1.089167 108
1183 0.917546 108
1184 1.169083 108
1185 0.367813 107
1186 1.129176 108
1187 1.185620 108
1188 1.735185 108
1189 1.191676 108
1190 3.235426 108
1191 1.081583 108
1192 1.720676 108
1193 1.048861 108
1194 0.244561 107
1195 0.926954 108
1196 0.325981 107
1197 1.074509 108
1198 1.243556 108
1199 0.305673 107
1200 2.008773 110
1201 1.143600 110
1202 1.364927 110
1203 0.403182 110
1204 1.404073 110
1205 0.405718 110
1206 2.367573 110
1207 0.909009 110
1208 0.883300 110
1209 1.005736 110
1210 11.559364 110
1211 3.117836 110
1212 9.351755 110
1213 1.608427 110
1214 3.127964 110
1215 2.025518 110
1216 1.222000 110
1217 1.183873 110
1218 0.950455 110
1219 1.315209 110
1220 1.429200 110
1221 19.202164 110
1222 1.483600 110
1223 0.891882 110
1224 1.151309 110
1225 10.179373 110
1226 0.999282 110
1227 9.530673 110
1228 0.967955 110
1229 0.911636 110
1230 2.240218 110
1231 1.069091 110
1232 0.970973 110
1233 0.894000 110
1234 1.036745 110
1235 2.310855 110
1236 0.840373 110
1237 1.144845 110
1238 0.976927 110
1239 0.999982 110
1240 0.500018 110
1241 1.489482 110
1242 1.487082 110
1243 17.346227 110
1244 1.745018 110
1245 1.002236 110
1246 0.962264 110
1247 1.028473 110
1248 1.462727 110
1249 1.444682 110
1250 3.619366 112
1251 1.697589 112
1252 0.417712 111
1253 0.548162 111
1254 2.051357 112
1255 1.577991 112
1256 0.595423 111
1257 3.234884 112
1258 0.587205 112
1259 1.630902 112
1260 1.538696 112
1261 1.619071 112
1262 2.115937 112
1263 1.639080 112
1264 1.832116 112
1265 1.853071 112
1266 0.443500 110
1267 1.741786 112
1268 2.455652 112
1269 1.313045 112
1270 0.442162 111
1271 0.369536 112
1272 0.440081 111
1273 0.368509 112
1274 0.351396 111
1275 0.314856 111
1276 0.301171 111
1277 3.348188 112
1278 20.000000 112
1279 0.983688 112
1280 1.286232 112
1281 1.195679 112
1282 1.329080 112
1283 1.257000 112
1284 1.439616 112
1285 0.973893 112
1286 0.301694 111
1287 0.289847 111
1288 0.471312 112
1289 0.195214 112
1290 5.427455 112
1291 1.221420 112
1292 1.233232 112
1293 0.851875 112
1294 1.014705 112
1295 5.027054 112
1296 0.665759 112
1297 0.675607 112
1298 1.775286 112
1299 0.759607 112
1300 1.472560 109
1301 0.755633 109
1302 0.616183 109
1303 2.255725 109
1304 0.945694 108
1305 2.660917 109
1306 4.898174 109
1307 2.410963 109
1308 0.856156 109
1309 0.849602 108
1310 1.580367 109
1311 0.331074 108
1312 0.455509 108
1313 0.452444 108
1314 2.684798 109
1315 1.981101 109
1316 0.636833 108
1317 1.801431 109
1318 1.990642 109
1319 0.552661 109
1320 1.236459 109
1321 0.357417 108
1322 8.837752 109
1323 6.696676 108
1324 1.073312 109
1325 1.531385 109
1326 1.363541 109
1327 6.660569 109
1328 1.299569 109
1329 3.963789 109
1330 1.922266 109
1331 1.410037 109
1332 1.290376 109
1333 1.289725 109
1334 1.576046 109
1335 0.671963 108
1336 0.489556 108
1337 0.517750 108
1338 0.614407 108
1339 0.530361 108
1340 0.441120 108
1341 0.456176 108
1342 0.302611 108
1343 0.388852 108
1344 0.609685 108
1345 0.611315 108
1346 0.374602 108
1347 0.474796 108
1348 0.441093 108
1349 0.487194 108
1350 1.370192 99
1351 0.974111 99
1352 1.118545 99
1353 1.065960 99
1354 0.892162 99
1355 0.926172 99
1356 1.220798 99
1357 0.749354 99
1358 0.931040 99
1359 0.629747 99
1360 0.731909 99
1361 0.533333 99
1362 0.535131 99
1363 0.650768 99
1364 0.701889 99
1365 0.801313 99
1366 0.666949 99
1367 1.020010 99
1368 0.744677 99
1369 0.826020 99
1370 0.826798 99
1371 0.883010 99
1372 0.913980 99
1373 0.781051 99
1374 0.655980 99
1375 0.575828 99
1376 0.638626 99
1377 0.851808 99
1378 0.823061 99
1379 0.653263 99
1380 0.846192 99
1381 0.897970 99
1382 0.643273 99
1383 0.659202 99
1384 0.550869 99
1385 0.455253 99
1386 1.501929 99
1387 1.125778 99
1388 0.532798 99
1389 0.451192 99
1390 0.464737 99
1391 0.592465 99
1392 0.693798 99
1393 1.550364 99
1394 0.744374 99
1395 0.920697 99
1396 0.480677 99
1397 0.723778 99
1398 0.705434 99
1399 0.697010 99
1400 1.357760 96
1401 1.044375 96
1402 2.520240 96
1403 0.429463 95
1404 0.644789 95
1405 0.632653 95
1406 0.544779 95
1407 1.335274 95
1408 0.472156 96
1409 0.630505 95
1410 0.862200 95
1411 0.717474 95
1412 0.551347 95
1413 0.741895 95
1414 0.889705 95
1415 0.489326 95
1416 0.825716 95
1417 1.647656 96
1418 1.285600 95
1419 0.766084 95
1420 0.929379 95
1421 0.556552 96
1422 0.430158 95
1423 0.401116 95
1424 1.340011 95
1425 0.767411 95
1426 0.562084 95
1427 0.576389 95
1428 0.603011 95
1429 0.624284 95
1430 0.475958 95
1431 0.632295 95
1432 0.795358 95
1433 1.444021 96
1434 0.452358 95
1435 20.000000 96
1436 19.791646 96
1437 19.999947 95
1438 19.999663 95
1439 19.999968 95
1440 3.835073 96
1441 0.253811 95
1442 1.030635 96
1443 8.709177 96
1444 0.606389 95
1445 0.447189 95
1446 0.262021 95
1447 0.424874 95
1448 0.463989 95
1449 1.013406 96
1450 0.979143 91
1451 0.527538 91
1452 0.436319 91
1453 0.490484 91
1454 19.588044 91
1455 11.688615 91
1456 9.930297 91
1457 1.707220 91
1458 0.905416 89
1459 1.611231 91
1460 1.674560 91
1461 0.548500 90
1462 1.398077 91
1463 0.454044 90
1464 2.144055 91
1465 1.133722 90
1466 0.519756 90
1467 0.507600 90
1468 1.427396 91
1469 1.530209 91
1470 1.387319 91
1471 1.414692 91
1472 0.393267 90
1473 0.595067 90
1474 0.831747 91
1475 0.369462 91
1476 1.251286 91
1477 0.433322 90
1478 1.326363 91
1479 1.579330 91
1480 1.389725 91
1481 1.443088 91
1482 1.531440 91
1483 1.580989 91
1484 1.207692 91
1485 1.919945 91
1486 1.045297 91
1487 1.545890 91
1488 1.405011 91
1489 1.464846 91
1490 1.680505 91
1491 1.299495 91
1492 1.292363 91
1493 1.039462 91
1494 1.422429 91
1495 3.230429 91
1496 1.056637 91
1497 1.458242 91
1498 1.254363 91
1499 1.204703 91
1500 2.398377 106
1501 1.575962 106
1502 2.630755 106
1503 1.551783 106
1504 1.349566 106
1505 1.270066 106
1506 1.582642 106
1507 1.438377 106
1508 1.294028 106
1509 1.358708 106
1510 1.433047 106
1511 2.672453 106
1512 1.901198 106
1513 2.000755 106
1514 2.076028 106
1515 1.496830 106
1516 0.562029 105
1517 2.098528 106
1518 5.746810 105
1519 7.008048 105
1520 20.000000 105
1521 1.344726 106
1522 0.397781 105
1523 0.507057 105
1524 0.290238 105
1525 0.385895 105
1526 1.034905 105
1527 0.353724 105
1528 0.671736 106
1529 0.653349 106
1530 0.776085 106
1531 0.721642 106
1532 1.011160 106
1533 0.324934 106
1534 0.322895 105
1535 0.295886 105
1536 5.169604 106
1537 0.545648 105
1538 0.502467 105
1539 0.519190 105
1540 1.519679 106
1541 1.295238 105
1542 1.177010 105
1543 1.164981 105
1544 1.292971 105
1545 1.269755 106
1546 1.217953 106
1547 1.147075 106
1548 1.693274 106
1549 0.365371 105
1550 1.157000 120
1551 1.695017 120
1552 1.837167 120
1553 1.996542 120
1554 1.316733 120
1555 1.907600 120
1556 3.755175 120
1557 0.963108 120
1558 1.408083 120
1559 1.445750 120
1560 1.281742 120
1561 1.423242 120
1562 1.110975 120
1563 2.229242 120
1564 2.369025 120
1565 0.873636 118
1566 0.886832 119
1567 0.707398 118
1568 6.567109 119
1569 6.556822 118
1570 7.450763 118
1571 1.121160 119
1572 0.767559 118
1573 2.465891 119
1574 0.817303 119
1575 13.885126 119
1576 1.462782 119
1577 1.381042 119
1578 1.446773 119
1579 1.070176 119
1580 1.107000 119
1581 0.393737 118
1582 0.450831 118
1583 0.622246 118
1584 2.472496 119
1585 1.869373 118
1586 20.000000 119
1587 19.997492 118
1588 19.830602 118
1589 19.830314 118
1590 19.999923 117
1591 19.999863 117
1592 19.622898 118
1593 19.828906 117
1594 19.661008 118
1595 19.829000 117
1596 19.661025 118
1597 19.829000 117
1598 0.949908 119
1599 0.183345 119
1600 0.753536 112
1601 1.196607 112
1602 0.414009 112
1603 0.364946 112
1604 0.355732 112
1605 1.180616 112
1606 0.384625 112
1607 0.329482 112
1608 1.090696 112
1609 0.365420 112
1610 0.373839 112
1611 0.999687 112
1612 0.360723 112
1613 0.997580 112
1614 0.351911 112
1615 1.276821 112
1616 0.552000 112
1617 0.480009 112
1618 0.606964 112
1619 0.603679 112
1620 1.054304 112
1621 0.406152 112
1622 0.367848 112
1623 1.190714 112
1624 0.957420 112
1625 0.511670 112
1626 1.007259 112
1627 0.353107 112
1628 0.947277 112
1629 0.417313 112
1630 1.878045 112
1631 1.018589 112
1632 1.377723 112
1633 0.958223 112
1634 0.967786 112
1635 1.679821 112
1636 1.130223 112
1637 0.849946 112
1638 0.593732 112
1639 1.021018 112
1640 0.814652 112
1641 0.952580 112
1642 0.970223 112
1643 0.357589 112
1644 0.999946 112
1645 0.302295 112
1646 0.833509 112
1647 0.316732 112
1648 1.239696 112
1649 0.976232 112
1650 0.827825 97
1651 1.558649 97
1652 1.473876 97
1653 2.505866 97
1654 19.280876 97
1655 1.590701 97
1656 0.942701 97
1657 1.577113 97
1658 1.698928 97
1659 1.494505 97
1660 1.229258 97
1661 1.150691 97
1662 1.422093 97
1663 1.003608 97
1664 2.701175 97
1665 0.385583 96
1666 0.514216 97
1667 1.740351 97
1668 0.570958 96
1669 0.460453 95
1670 1.557784 97
1671 0.399442 95
1672 18.205557 97
1673 17.643260 96
1674 17.899594 96
1675 18.295906 96
1676 18.556281 96
1677 19.443063 96
1678 18.561656 96
1679 15.515010 96
1680 18.353427 96
1681 2.055093 97
1682 0.759031 97
1683 0.192573 96
1684 0.164115 96
1685 1.347155 97
1686 0.706229 96
1687 2.224103 97
1688 1.224278 97
1689 1.112598 97
1690 3.953196 97
1691 1.095948 97
1692 3.730144 97
1693 1.995227 97
1694 0.923320 97
1695 0.372625 96
1696 0.964433 97
1697 0.383406 96
1698 1.082093 97
1699 0.395073 96
1700 1.159684 95
1701 0.532832 95
1702 0.578821 95
1703 1.286884 95
1704 0.977330 94
1705 1.694105 95
1706 0.436713 94
1707 0.452298 94
1708 0.325894 94
1709 0.398691 94
1710 1.956242 95
1711 0.488558 95
1712 0.584862 94
1713 0.882319 94
1714 1.792400 95
1715 1.528042 95
1716 1.651495 95
1717 0.445330 94
1718 0.400234 94
1719 1.610874 95
1720 2.339905 95
1721 1.559253 95
1722 1.955779 95
1723 1.721274 95
1724 1.730126 95
1725 1.824989 95
1726 9.647789 95
1727 2.559663 95
1728 1.487649 94
1729 1.945021 95
1730 1.485947 95
1731 1.750547 95
1732 1.464642 95
1733 2.437516 95
1734 1.114063 95
1735 1.451474 95
1736 1.092884 95
1737 1.179274 95
1738 1.183821 95
1739 1.743495 95
1740 2.108326 95
1741 1.868232 95
1742 5.861095 95
1743 2.212958 95
1744 0.891526 95
1745 0.935463 95
1746 0.935621 95
1747 2.656116 95
1748 3.782284 95
1749 1.676358 95
1750 1.774100 120
1751 1.403375 120
1752 1.245658 120
1753 1.108500 120
1754 0.372317 120
1755 0.437767 120
1756 2.066900 120
1757 1.173850 120
1758 1.434508 120
1759 2.656392 120
1760 1.264608 120
1761 1.336125 120
1762 1.123192 120
1763 0.856583 120
1764 0.991275 120
1765 0.908017 120
1766 0.874825 120
1767 0.522083 120
1768 0.656908 120
1769 1.685842 120
1770 1.184225 120
1771 2.247383 120
1772 2.427267 120
1773 0.967625 120
1774 1.509525 120
1775 1.496775 120
1776 10.495925 120
1777 5.556833 120
1778 3.117333 120
1779 1.454158 120
1780 0.973592 120
1781 1.604008 120
1782 1.608267 120
1783 0.422874 119
1784 1.211158 120
1785 1.582367 120
1786 4.307275 120
1787 11.718367 120
1788 1.021208 120
1789 1.006500 120
1790 0.848008 120
1791 15.913408 120
1792 0.780708 120
1793 0.311083 120
1794 0.263292 120
1795 0.963458 120
1796 1.001992 120
1797 0.367000 120
1798 1.371342 120
1799 1.152967 120
1800 1.369417 115
1801 0.673322 115
1802 2.550591 115
1803 1.803791 115
1804 0.874009 114
1805 2.197939 115
1806 2.063783 115
1807 1.840443 115
1808 1.814070 115
1809 2.059017 115
1810 1.859357 115
1811 16.612878 115
1812 1.743191 115
1813 2.138548 115
1814 0.435763 114
1815 0.531798 114
1816 1.840870 115
1817 0.730174 115
1818 1.363991 115
1819 1.062678 115
1820 1.311713 115
1821 4.508877 114
1822 2.660842 114
1823 0.484816 114
1824 0.393123 114
1825 1.401687 115
1826 1.215417 115
1827 9.863930 115
1828 10.216009 114
1829 10.178412 114
1830 1.230443 115
1831 1.761391 115
1832 1.010588 114
1833 1.143983 115
1834 1.506365 115
1835 1.161757 115
1836 0.381965 115
1837 1.138513 115
1838 1.549252 115
1839 0.996757 115
1840 1.071400 115
1841 1.184122 115
1842 1.383122 115
1843 1.106522 115
1844 1.030043 115
1845 1.016409 115
1846 1.145052 115
1847 19.290296 115
1848 19.336565 115
1849 1.230913 115
1850 1.218505 107
1851 2.065477 107
1852 19.142280 107
1853 1.773523 107
1854 0.612095 105
1855 0.476095 105
1856 1.804402 107
1857 1.966607 107
1858 2.121897 107
1859 0.759879 107
1860 1.497813 107
1861 1.318477 107
1862 10.523374 107
1863 2.452421 107
1864 0.583377 106
1865 0.494104 106
1866 1.427495 107
1867 0.473717 106
1868 2.038290 107
1869 1.755708 106
1870 1.623075 107
1871 1.524037 107
1872 16.671813 107
1873 16.927411 107
1874 17.280056 107
1875 1.233776 107
1876 1.160467 107
1877 1.063308 107
1878 0.421142 106
1879 0.302057 106
1880 1.060832 107
1881 0.532645 107
1882 0.629566 106
1883 0.291264 106
1884 1.304411 107
1885 0.256701 107
1886 0.388972 106
1887 2.997271 107
1888 2.276308 107
1889 0.953838 105
1890 2.154467 107
1891 0.868047 107
1892 0.741888 107
1893 0.741832 107
1894 1.094692 107
1895 0.366523 107
1896 0.368925 106
1897 1.136907 107
1898 1.036701 107
1899 16.694879 107
1900 1.936028 109
1901 1.333550 109
1902 1.548385 109
1903 3.948156 109
1904 2.431826 109
1905 2.688615 109
1906 2.071556 108
1907 2.006333 108
1908 2.035426 108
1909 2.053769 108
1910 1.939954 108
1911 1.710306 108
1912 1.161266 109
1913 0.349860 107
1914 0.506259 108
1915 0.489850 107
1916 0.333167 108
1917 0.310380 108
1918 0.453380 108
1919 0.343121 107
1920 0.372551 107
1921 0.396222 108
1922 0.359009 107
1923 0.420593 108
1924 0.289907 108
1925 0.470393 107
1926 0.402417 108
1927 0.317528 108
1928 0.399519 108
1929 0.401598 107
1930 0.385879 107
1931 0.388174 109
1932 0.373278 108
1933 0.356776 107
1934 0.318439 107
1935 0.365841 107
1936 1.288716 109
1937 0.369165 109
1938 0.267833 108
1939 1.120257 109
1940 0.636694 108
1941 0.425185 108
1942 8.678037 109
1943 1.359890 109
1944 0.370657 108
1945 0.485676 108
1946 0.371491 108
1947 1.085661 109
1948 0.323435 108
1949 9.728193 109
1950 0.820654 104
1951 15.190048 104
1952 1.222433 104
1953 1.147010 104
1954 1.330635 104
1955 0.368039 103
1956 1.194077 104
1957 1.945462 104
1958 1.372683 104
1959 0.368346 104
1960 0.672779 104
1961 0.755615 104
1962 19.999740 104
1963 19.999712 104
1964 1.301192 104
1965 2.992962 104
1966 1.587096 104
1967 1.388625 104
1968 1.097442 104
1969 0.957577 104
1970 1.371615 104
1971 19.752596 104
1972 1.922904 104
1973 1.488808 104
1974 1.371750 104
1975 1.110452 104
1976 1.003471 104
1977 1.403577 104
1978 1.010798 104
1979 2.809106 104
1980 1.757923 104
1981 0.955654 104
1982 0.263757 103
1983 0.281650 103
1984 0.286078 103
1985 1.807192 104
1986 1.276767 103
1987 1.166615 104
1988 1.132962 104
1989 0.284583 103
1990 1.039260 104
1991 0.237049 102
1992 0.332127 102
1993 0.304049 103
1994 1.104202 104
1995 0.400735 102
1996 0.242843 102
1997 2.966298 104
1998 2.227835 103
1999 2.218204 103
2000 4.491487 115
2001 4.213426 115
2002 4.259748 115
2003 3.923939 115
2004 1.474826 115
2005 1.498330 115
2006 1.119983 115
2007 1.302870 115
2008 0.599070 115
2009 1.569913 115
2010 2.001798 114
2011 1.523713 115
2012 0.392456 114
2013 0.430684 114
2014 1.151583 115
2015 1.151574 115
2016 2.100235 115
2017 2.490878 115
2018 1.239852 115
2019 4.690652 115
2020 7.069307 114
2021 1.421809 115
2022 1.128835 115
2023 1.545530 115
2024 1.882739 115
2025 1.869061 115
2026 1.116078 115
2027 1.343504 115
2028 1.429296 115
2029 9.996183 115
2030 1.424070 115
2031 1.484200 115
2032 1.214800 115
2033 1.192000 115
2034 2.426443 115
2035 1.496878 115
2036 1.411426 115
2037 5.674739 115
2038 1.193104 115
2039 0.940157 115
2040 1.132070 115
2041 0.484342 114
2042 0.467061 114
2043 2.458704 115
2044 1.355447 114
2045 0.750243 115
2046 0.236670 115
2047 0.239140 114
2048 0.196704 115
2049 0.758304 115
2050 0.933845 116
2051 0.496767 116
2052 0.363552 116
2053 1.654991 116
2054 0.403009 116
2055 0.553684 114
2056 1.269379 116
2057 1.169704 115
2058 0.357800 115
2059 0.435826 115
2060 0.446304 115
2061 0.360261 115
2062 1.846621 116
2063 1.652733 116
2064 1.404496 115
2065 0.424548 115
2066 1.347690 116
2067 5.351534 116
2068 1.256319 116
2069 1.472784 116
2070 2.207414 116
2071 2.227172 116
2072 1.375767 116
2073 1.470750 116
2074 1.439207 116
2075 2.983931 116
2076 1.504267 116
2077 0.449148 115
2078 2.094759 116
2079 0.584513 115
2080 1.153635 115
2081 1.448612 116
2082 1.691207 116
2083 1.820362 116
2084 4.702517 116
2085 2.076655 116
2086 2.111759 116
2087 1.986319 116
2088 1.945560 116
2089 1.766181 116
2090 1.230690 116
2091 1.520681 116
2092 4.296241 116
2093 1.133078 115
2094 1.507638 116
2095 1.504147 116
2096 18.808336 116
2097 17.919191 115
2098 17.093939 115
2099 15.521670 115
2100 7.853991 107
2101 11.076196 107
2102 19.702411 107
2103 10.698766 107
2104 5.512302 106
2105 0.802990 105
2106 1.768103 107
2107 2.216178 107
2108 1.693720 107
2109 2.230850 107
2110 1.482393 107
2111 1.550589 107
2112 1.156813 107
2113 2.058280 107
2114 0.943840 106
2115 0.708179 106
2116 0.717962 106
2117 0.488509 106
2118 0.443377 106
2119 0.493387 106
2120 0.521245 106
2121 0.464972 106
2122 0.619673 107
2123 0.449972 106
2124 1.011877 106
2125 0.353670 106
2126 4.040206 107
2127 2.351131 107
2128 1.372140 107
2129 0.833802 106
2130 0.814453 106
2131 1.114075 107
2132 0.770075 107
2133 1.195963 107
2134 1.285336 107
2135 0.280660 106
2136 1.712318 107
2137 0.396160 106
2138 1.605598 107
2139 1.399402 107
2140 1.290224 107
2141 1.040589 107
2142 3.164178 107
2143 1.049121 107
2144 4.144617 107
2145 1.911364 107
2146 1.055094 106
2147 1.645140 107
2148 0.633065 107
2149 1.123280 107
2150 2.546802 101
2151 1.958030 101
2152 1.629980 101
2153 0.457690 100
2154 0.468570 100
2155 2.754564 101
2156 1.899782 101
2157 1.048720 100
2158 2.040079 101
2159 2.131119 101
2160 19.848307 101
2161 19.659327 101
2162 19.577760 100
2163 19.715880 100
2164 19.703420 100
2165 19.526100 100
2166 19.253230 100
2167 19.560230 100
2168 19.433850 100
2169 19.392300 100
2170 19.305490 100
2171 19.070620 100
2172 18.998150 100
2173 18.643584 101
2174 19.244420 100
2175 19.227120 100
2176 19.350780 100
2177 19.489485 99
2178 19.357859 99
2179 19.562838 99
2180 19.634111 99
2181 19.744273 99
2182 19.447707 99
2183 19.542727 99
2184 19.551495 99
2185 19.617626 99
2186 19.510222 99
2187 19.585717 99
2188 19.429263 99
2189 19.562455 99
2190 19.672293 99
2191 19.798626 99
2192 19.622220 100
2193 19.684838 99
2194 19.873242 99
2195 19.912293 99
2196 19.844404 99
2197 19.841697 99
2198 19.664120 100
2199 19.719404 99
2200 19.402160 100
2201 19.359630 100
2202 19.063040 100
2203 19.347150 100
2204 19.577400 100
2205 19.489141 99
2206 19.291172 99
2207 19.182566 99
2208 19.666717 99
2209 19.675747 99
2210 19.653091 99
2211 19.390242 99
2212 18.892060 100
2213 18.969949 99
2214 19.236576 99
2215 19.154616 99
2216 19.185636 99
2217 19.417162 99
2218 19.590545 99
2219 19.692556 99
2220 19.950556 99
2221 19.636101 99
2222 19.689828 99
2223 19.246520 100
2224 19.391566 99
2225 19.374131 99
2226 19.365270 100
2227 19.568848 99
2228 19.404010 99
2229 19.713475 99
2230 19.673303 99
2231 19.770788 99
2232 19.570980 99
2233 19.299730 100
2234 19.608202 99
2235 19.770919 99
2236 19.807293 99
2237 19.583808 99
2238 19.618626 99
2239 19.530768 99
2240 19.864121 99
2241 19.920848 99
2242 19.900364 99
2243 19.901313 99
2244 19.783010 99
2245 19.665545 99
2246 19.574929 99
2247 19.732404 99
2248 19.831253 99
2249 19.897869 99
2250 19.413374 99
2251 19.264323 99
2252 18.938879 99
2253 19.238242 99
2254 19.135714 98
2255 19.283531 98
2256 19.516184 98
2257 19.444990 98
2258 19.705480 98
2259 19.779133 98
2260 19.285990 98
2261 19.223867 98
2262 18.995082 98
2263 18.863296 98
2264 19.230857 98
2265 19.390439 98
2266 19.339969 98
2267 19.617306 98
2268 19.516163 98
2269 19.544612 98
2270 19.771408 98
2271 19.676265 98
2272 19.482347 98
2273 19.440459 98
2274 19.386469 98
2275 19.583490 98
2276 19.270551 98
2277 19.412459 98
2278 19.563265 98
2279 19.608816 98
2280 19.666398 98
2281 19.438051 98
2282 19.642031 98
2283 19.563520 98
2284 19.746316 98
2285 19.769082 98
2286 19.690286 98
2287 19.717255 98
2288 19.582697 99
2289 19.764633 98
2290 19.646889 99
2291 19.776429 98
2292 19.729969 98
2293 19.729286 98
2294 19.695745 98
2295 19.723949 98
2296 19.706857 98
2297 19.675490 98
2298 19.948990 98
2299 19.999694 98
2300 19.343443 97
2301 19.383412 97
2302 19.206918 97
2303 19.355258 97
2304 19.535656 96
2305 19.417458 96
2306 19.309667 96
2307 19.190490 96
2308 19.755417 96
2309 19.539309 97
2310 19.347896 96
2311 19.138021 96
2312 19.030583 96
2313 19.037938 96
2314 18.900959 97
2315 19.137625 96
2316 19.096227 97
2317 19.632865 96
2318 19.329454 97
2319 19.735969 96
2320 19.630115 96
2321 19.575918 97
2322 19.842458 96
2323 19.736813 96
2324 19.279897 97
2325 19.501083 96
2326 19.590979 96
2327 19.403510 96
2328 19.580302 96
2329 19.574344 96
2330 19.277897 97
2331 19.662948 96
2332 19.632469 96
2333 19.584125 96
2334 19.586760 96
2335 19.466918 97
2336 19.677469 96
2337 19.705042 96
2338 19.875719 96
2339 19.674041 97
2340 19.540629 97
2341 19.897292 96
2342 19.880042 96
2343 19.536876 97
2344 19.755135 96
2345 19.670948 96
2346 19.894927 96
2347 19.999760 96
2348 19.999750 96
2349 19.980000 96
2350 19.488476 84
2351 1.229048 84
2352 0.729774 84
2353 0.812833 84
2354 0.387881 84
2355 0.377095 84
2356 1.169214 84
2357 1.370298 84
2358 0.531012 84
2359 1.400452 84
2360 0.523095 84
2361 0.975810 84
2362 2.106833 84
2363 0.786345 84
2364 0.653048 84
2365 0.527357 84
2366 1.222167 84
2367 0.937512 84
2368 1.747167 84
2369 0.324488 84
2370 2.004571 84
2371 0.944024 84
2372 0.402274 84
2373 0.928095 84
2374 0.527250 84
2375 1.422119 84
2376 0.470226 84
2377 0.549119 84
2378 0.531524 84
2379 0.841381 84
2380 0.358405 84
2381 0.733798 84
2382 0.354440 84
2383 0.823262 84
2384 0.271655 84
2385 0.289321 84
2386 1.119798 84
2387 0.263560 84
2388 0.282843 83
2389 2.004893 84
2390 0.264905 84
2391 0.286238 84
2392 1.233024 84
2393 0.455417 84
2394 0.309000 84
2395 0.921667 84
2396 0.272988 84
2397 0.260583 84
2398 0.699583 84
2399 0.247119 84
2400 1.014466 116
2401 0.514716 116
2402 0.375293 116
2403 0.366647 116
2404 0.450983 116
2405 0.452491 116
2406 0.448681 116
2407 0.486448 116
2408 0.356578 116
2409 0.374207 116
2410 1.503802 116
2411 1.705861 115
2412 0.764148 115
2413 0.447000 115
2414 1.477991 116
2415 1.346862 116
2416 0.754461 115
2417 0.356026 116
2418 0.523417 115
2419 0.370930 115
2420 1.174353 116
2421 20.000000 116
2422 19.827336 116
2423 19.999939 115
2424 19.999687 115
2425 19.999913 115
2426 19.999783 115
2427 19.999904 115
2428 19.825826 115
2429 19.825983 115
2430 19.825878 115
2431 1.286914 116
2432 0.802791 115
2433 0.755530 115
2434 0.921483 116
2435 0.868112 116
2436 0.736983 116
2437 1.104526 116
2438 0.397452 115
2439 0.762517 116
2440 0.382235 115
2441 18.428405 116
2442 17.986052 115
2443 17.498887 115
2444 1.098353 116
2445 0.180235 115
2446 0.230586 116
2447 4.028819 116
2448 0.202217 115
2449 0.239409 115
2450 4.600779 113
2451 2.273053 113
2452 2.290221 113
2453 1.706743 113
2454 0.430741 112
2455 3.494115 113
2456 2.035661 112
2457 1.198000 112
2458 0.979044 113
2459 0.358159 113
2460 0.720991 113
2461 2.490044 113
2462 1.707679 112
2463 1.068894 113
2464 1.419920 113
2465 0.322097 113
2466 3.627097 113
2467 1.921699 113
2468 1.104679 112
2469 1.394106 113
2470 1.542903 113
2471 0.992723 112
2472 1.288566 113
2473 1.446531 113
2474 1.224265 113
2475 1.306062 113
2476 1.033133 113
2477 16.470903 113
2478 4.194416 113
2479 0.908973 113
2480 5.620777 112
2481 1.205637 113
2482 1.127752 113
2483 0.289893 112
2484 1.067929 113
2485 0.325411 112
2486 0.994195 113
2487 1.203531 113
2488 1.083504 113
2489 0.279009 112
2490 1.421124 113
2491 0.508277 112
2492 1.031442 113
2493 1.234035 113
2494 0.593611 113
2495 0.961195 113
2496 0.565850 113
2497 2.732177 113
2498 0.799186 113
2499 0.825363 113
2500 1.290194 108
2501 1.261426 108
2502 18.986917 108
2503 1.777315 108
2504 1.379528 108
2505 2.383102 108
2506 1.310389 108
2507 7.347037 108
2508 2.243843 108
2509 20.000000 108
2510 1.494852 108
2511 1.065648 108
2512 1.084000 108
2513 2.720167 108
2514 1.256944 108
2515 1.218139 108
2516 0.250491 108
2517 1.024324 108
2518 1.804546 108
2519 1.003000 108
2520 0.853926 108
2521 1.202731 108
2522 1.015639 108
2523 0.928056 108
2524 1.063750 108
2525 1.025380 108
2526 1.044176 108
2527 1.252972 108
2528 7.846806 108
2529 0.855491 108
2530 0.993343 108
2531 1.057963 108
2532 2.127278 108
2533 3.194731 108
2534 1.505778 108
2535 0.953611 108
2536 1.646843 108
2537 0.741000 108
2538 1.108148 108
2539 1.044389 108
2540 1.173796 108
2541 0.950750 108
2542 0.941602 108
2543 0.813963 108
2544 0.879241 108
2545 0.649148 108
2546 0.718667 108
2547 1.066546 108
2548 0.900407 108
2549 0.888315 108
2550 1.524475 101
2551 1.320554 101
2552 4.872762 101
2553 1.381396 101
2554 20.000000 101
2555 1.086109 101
2556 1.272495 101
2557 1.368703 101
2558 2.042475 101
2559 1.396030 101
2560 2.632554 101
2561 1.384267 101
2562 1.582762 101
2563 9.248770 100
2564 4.748310 100
2565 4.167525 101
2566 3.826210 100
2567 4.723620 100
2568 4.681810 100
2569 3.365960 100
2570 2.831020 100
2571 2.988100 100
2572 2.515760 100
2573 2.352670 100
2574 2.259710 100
2575 2.017720 100
2576 2.314280 100
2577 2.619350 100
2578 2.299530 100
2579 2.057660 100
2580 1.651129 101
2581 1.567000 101
2582 1.449220 100
2583 1.098040 100
2584 1.608120 100
2585 1.936430 100
2586 1.130270 100
2587 1.183178 101
2588 1.849850 100
2589 1.498500 100
2590 1.184760 100
2591 1.692210 100
2592 1.302900 100
2593 0.871760 100
2594 1.875020 100
2595 1.783750 100
2596 1.519750 100
2597 1.639630 100
2598 1.242800 100
2599 1.201198 101
2600 8.642067 104
2601 6.921202 104
2602 3.612173 104
2603 3.155096 104
2604 2.770096 104
2605 2.770692 104
2606 3.158913 104
2607 3.886913 104
2608 4.054683 104
2609 2.985932 103
2610 3.335894 104
2611 2.569466 103
2612 3.026558 104
2613 2.784505 103
2614 2.550135 104
2615 2.965340 103
2616 2.379019 103
2617 1.814365 104
2618 1.551262 103
2619 1.985029 103
2620 2.175835 103
2621 1.588398 103
2622 1.560923 104
2623 1.385144 104
2624 1.919874 103
2625 1.806893 103
2626 2.008068 103
2627 1.873019 103
2628 1.804058 103
2629 1.960615 104
2630 1.979670 103
2631 2.025194 103
2632 2.036816 103
2633 1.523311 103
2634 1.074718 103
2635 1.509534 103
2636 1.555942 103
2637 1.779563 103
2638 1.837932 103
2639 1.181932 103
2640 1.274904 104
2641 1.535835 103
2642 1.729856 104
2643 1.312689 103
2644 1.187442 104
2645 1.144495 103
2646 1.012029 104
2647 0.962524 103
2648 1.151240 104
2649 1.274951 103
2650 8.280423 104
2651 7.049808 104
2652 4.106712 104
2653 3.765327 104
2654 3.294846 104
2655 4.521577 104
2656 3.429731 104
2657 3.651942 104
2658 2.885298 104
2659 3.922625 104
2660 2.351702 104
2661 2.702990 103
2662 2.762981 103
2663 1.280952 104
2664 0.269379 103
2665 1.318394 104
2666 1.065837 104
2667 16.569913 104
2668 17.283058 103
2669 17.770204 103
2670 17.192903 103
2671 16.638275 102
2672 15.448343 102
2673 14.849765 102
2674 9.741757 103
2675 7.839255 102
2676 4.006216 102
2677 3.768107 103
2678 1.661833 102
2679 0.932757 103
2680 0.889490 102
2681 1.087990 102
2682 0.590000 102
2683 1.120618 102
2684 0.995314 102
2685 1.855000 103
2686 1.079588 102
2687 0.988324 102
2688 0.916716 102
2689 0.397363 102
2690 1.367843 102
2691 0.921137 102
2692 1.613375 104
2693 1.081167 102
2694 1.529147 102
2695 1.367147 102
2696 0.956382 102
2697 1.097738 103
2698 1.613294 102
2699 1.078206 102
2700 14.102382 102
2701 15.751539 102
2702 18.472000 102
2703 19.804863 102
2704 19.609265 102
2705 19.605248 101
2706 19.407307 101
2707 19.037843 102
2708 18.537970 101
2709 12.124853 102
2710 7.869657 102
2711 1.171676 102
2712 0.677922 102
2713 0.661118 102
2714 1.636559 102
2715 0.684676 102
2716 4.625892 102
2717 0.810578 102
2718 1.791343 102
2719 0.802167 102
2720 0.811088 102
2721 2.227343 102
2722 0.740520 102
2723 0.672559 102
2724 0.702304 102
2725 0.456520 102
2726 0.534735 102
2727 0.500255 102
2728 0.644500 102
2729 0.814324 102
2730 2.002343 102
2731 0.590882 102
2732 0.502706 102
2733 2.722363 102
2734 0.590588 102
2735 0.545069 102
2736 0.496461 102
2737 0.409010 102
2738 0.504578 102
2739 0.463441 102
2740 0.547431 102
2741 0.419088 102
2742 0.623490 102
2743 0.768578 102
2744 0.450304 102
2745 0.377363 102
2746 0.697520 102
2747 0.380892 102
2748 1.646961 102
2749 0.405245 102
2750 2.057000 95
2751 0.899432 95
2752 0.985347 95
2753 1.054895 95
2754 1.433147 95
2755 0.316596 94
2756 1.519979 95
2757 2.065558 95
2758 1.785358 95
2759 2.201211 95
2760 1.472170 94
2761 1.833989 94
2762 1.843830 94
2763 1.864000 94
2764 1.305330 94
2765 1.456809 94
2766 1.260128 94
2767 1.377702 94
2768 1.249862 94
2769 1.371777 94
2770 1.503000 94
2771 1.603713 94
2772 1.339723 94
2773 1.225181 94
2774 1.196989 94
2775 1.409809 94
2776 1.464691 94
2777 1.615000 94
2778 1.739532 94
2779 1.448894 94
2780 1.281830 94
2781 1.202862 94
2782 0.984351 94
2783 1.326553 94
2784 1.293500 94
2785 1.341421 95
2786 2.072516 95
2787 1.268628 94
2788 0.889968 95
2789 1.296874 95
2790 0.509149 94
2791 0.590894 94
2792 0.420213 94
2793 0.472840 94
2794 0.511053 94
2795 0.554160 94
2796 0.693755 94
2797 0.575277 94
2798 0.476170 94
2799 0.636695 95
2800 1.292851 101
2801 0.731406 101
2802 0.705921 101
2803 0.754950 101
2804 0.685723 101
2805 0.667545 101
2806 0.656158 101
2807 0.693614 101
2808 0.681218 101
2809 0.739099 101
2810 0.659495 101
2811 0.629703 101
2812 0.733059 101
2813 0.704277 101
2814 0.695158 101
2815 1.369743 101
2816 0.381810 100
2817 0.370910 100
2818 0.327250 100
2819 16.411802 101
2820 18.114220 100
2821 19.580673 101
2822 19.745060 100
2823 19.661170 100
2824 19.285931 101
2825 18.962430 100
2826 18.234280 100
2827 16.469920 100
2828 8.724960 100
2829 5.732970 100
2830 2.809780 100
2831 1.375290 100
2832 1.159190 100
2833 1.216700 100
2834 1.593366 101
2835 1.234240 100
2836 1.804070 100
2837 1.267270 100
2838 0.736630 100
2839 0.713000 101
2840 0.267010 100
2841 0.229510 100
2842 1.176307 101
2843 0.189030 100
2844 0.213630 100
2845 0.235743 101
2846 1.008050 101
2847 0.215010 100
2848 0.375250 100
2849 0.203141 99
2850 0.984358 106
2851 0.458481 106
2852 0.347368 106
2853 0.391066 106
2854 1.315557 106
2855 0.442695 105
2856 0.363724 105
2857 2.406123 106
2858 1.211667 105
2859 1.306476 105
2860 1.229476 105
2861 2.100717 106
2862 0.366792 106
2863 1.392764 106
2864 0.359067 105
2865 0.336838 105
2866 1.192934 106
2867 3.073443 106
2868 0.868434 106
2869 1.148500 106
2870 0.413057 106
2871 0.296343 105
2872 0.437509 106
2873 6.747538 106
2874 7.027698 106
2875 6.868075 106
2876 5.865330 106
2877 4.526057 106
2878 3.990311 106
2879 3.917613 106
2880 3.679491 106
2881 4.402472 106
2882 4.889368 106
2883 4.752642 106
2884 5.133538 106
2885 5.036368 106
2886 4.564387 106
2887 4.293028 106
2888 4.830113 106
2889 4.258396 106
2890 3.784991 106
2891 3.266019 106
2892 3.206425 106
2893 1.946113 106
2894 0.492769 104
2895 0.296796 103
2896 3.881811 106
2897 7.446638 105
2898 3.502972 106
2899 2.521990 105
2900 1.091059 85
2901 0.553365 85
2902 0.371376 85
2903 0.356365 85
2904 1.964518 85
2905 0.359084 83
2906 0.345108 83
2907 0.413373 83
2908 1.385588 85
2909 0.407917 84
2910 0.548857 84
2911 1.928600 85
2912 0.746143 84
2913 0.807241 83
2914 0.560084 83
2915 0.820651 83
2916 1.521812 85
2917 0.361929 84
2918 0.358298 84
2919 0.375976 84
2920 1.667871 85
2921 0.582774 84
2922 0.490274 84
2923 1.488988 85
2924 0.520655 84
2925 0.369798 84
2926 0.396541 85
2927 1.524106 85
2928 0.421631 84
2929 0.403512 84
2930 0.389821 84
2931 2.215682 85
2932 0.522595 84
2933 0.474333 84
2934 0.319488 84
2935 1.939247 85
2936 0.644036 84
2937 1.056143 84
2938 1.185306 85
2939 0.337643 84
2940 0.355798 84
2941 0.536595 84
2942 0.360857 84
2943 0.637286 84
2944 1.302565 85
2945 0.657071 84
2946 0.585071 84
2947 0.515059 85
2948 1.347824 85
2949 0.571345 84
2950 1.250412 97
2951 0.711845 97
2952 0.570175 97
2953 1.422216 97
2954 0.389188 96
2955 1.460062 97
2956 0.408292 96
2957 1.262165 97
2958 1.585485 97
2959 0.471729 96
2960 0.511773 97
2961 0.420979 96
2962 1.483526 97
2963 0.355646 96
2964 0.411619 97
2965 1.256959 97
2966 0.451708 96
2967 0.398490 96
2968 0.339187 96
2969 3.331361 97
2970 2.612625 96
2971 1.434186 97
2972 1.590041 97
2973 0.624505 97
2974 0.353333 96
2975 1.429876 97
2976 0.324577 97
2977 0.322198 96
2978 1.049794 97
2979 0.390271 96
2980 0.304313 96
2981 1.306742 97
2982 0.399719 96
2983 1.070701 97
2984 0.528031 96
2985 1.300928 97
2986 0.670979 96
2987 0.536781 96
2988 1.105938 97
2989 0.336010 96
2990 1.106433 97
2991 1.199423 97
2992 0.509073 96
2993 1.119124 97
2994 0.776719 96
2995 1.272928 97
2996 0.391740 96
2997 1.440082 97
2998 0.319474 95
2999 19.989412 97
3000 20.000000 102
3001 20.000000 102
3002 20.000000 102
3003 20.000000 101
3004 20.000000 101
3005 20.000000 101
3006 20.000000 101
3007 19.802040 101
3008 2.015343 102
3009 1.189310 100
3010 0.633071 99
3011 0.766824 102
3012 0.499283 99
3013 1.153660 100
3014 0.579901 101
3015 0.633737 99
3016 0.772848 99
3017 0.947697 99
3018 0.312950 100
3019 0.336354 99
3020 0.300137 102
3021 0.565919 99
3022 0.923931 102
3023 0.283594 101
3024 0.287703 101
3025 1.213794 102
3026 0.221505 101
3027 0.934706 102
3028 0.463248 101
3029 0.553255 102
3030 1.103971 102
3031 0.270782 101
3032 1.027618 102
3033 0.219594 101
3034 0.991176 102
3035 0.215842 101
3036 2.516176 102
3037 1.996842 101
3038 1.945030 101
3039 0.643059 102
3040 0.266515 101
3041 1.163784 102
3042 0.369775 102
3043 1.372569 102
3044 0.178901 101
3045 1.058598 102
3046 0.167366 101
3047 0.172455 101
3048 0.966794 102
3049 0.187653 101
3050 0.985065 93
3051 0.278129 93
3052 1.145731 93
3053 0.271570 93
3054 0.347591 93
3055 0.992581 93
3056 0.233817 93
3057 1.329430 93
3058 0.447559 93
3059 0.379140 93
3060 1.069011 93
3061 0.279699 93
3062 1.172935 93
3063 0.676054 93
3064 1.032591 93
3065 1.020645 93
3066 0.995860 93
3067 1.104667 93
3068 0.425054 93
3069 2.206086 93
3070 1.542032 93
3071 0.733366 93
3072 0.473419 93
3073 0.853828 93
3074 0.882710 93
3075 0.972333 93
3076 0.690645 93
3077 0.526882 93
3078 0.784591 93
3079 0.555645 93
3080 0.520527 93
3081 0.669602 93
3082 0.601355 93
3083 0.603796 93
3084 0.476269 93
3085 0.517935 93
3086 0.897677 93
3087 0.210871 93
3088 0.459860 93
3089 0.425355 93
3090 0.441366 93
3091 0.473043 93
3092 0.317516 93
3093 0.259419 93
3094 0.241871 93
3095 0.402731 93
3096 0.205591 93
3097 2.045731 93
3098 0.581000 93
3099 0.400527 93
3100 3.777143 98
3101 0.682010 98
3102 0.686418 98
3103 0.632153 98
3104 0.601398 98
3105 0.679276 98
3106 0.576041 98
3107 0.529378 98
3108 0.608388 98
3109 1.058724 98
3110 1.367112 98
3111 0.236969 98
3112 1.015316 98
3113 5.684500 98
3114 0.377459 98
3115 1.007714 98
3116 0.606714 98
3117 0.531990 98
3118 0.408990 98
3119 1.180898 98
3120 0.377643 98
3121 1.317643 98
3122 0.406306 98
3123 0.452510 98
3124 1.153827 98
3125 1.079418 98
3126 0.337235 98
3127 0.341286 98
3128 0.303551 98
3129 0.321653 98
3130 0.473582 98
3131 0.336969 98
3132 0.992939 98
3133 1.255112 98
3134 0.688122 98
3135 0.698806 98
3136 0.759214 98
3137 0.861969 98
3138 0.828622 98
3139 1.056286 98
3140 0.408371 97
3141 0.297402 97
3142 0.256694 98
3143 0.384186 97
3144 0.248124 97
3145 0.343103 97
3146 0.248763 97
3147 0.704735 98
3148 0.762571 98
3149 0.572327 98
3150 1.005078 103
3151 1.473117 103
3152 0.630544 103
3153 2.358398 103
3154 0.512757 103
3155 0.416990 103
3156 0.313816 103
3157 1.083262 103
3158 0.387476 103
3159 0.368903 103
3160 0.394117 103
3161 0.415000 103
3162 0.330680 103
3163 6.937816 103
3164 0.410214 103
3165 0.928515 103
3166 0.810019 103
3167 0.861262 103
3168 1.075495 103
3169 0.354883 103
3170 0.765165 103
3171 0.324854 103
3172 0.397650 103
3173 0.279000 103
3174 0.491476 103
3175 0.291544 103
3176 0.320796 103
3177 0.555214 103
3178 1.065456 103
3179 1.041136 103
3180 0.800825 103
3181 1.105748 103
3182 0.602583 103
3183 0.523641 103
3184 0.555194 103
3185 0.756194 103
3186 19.999942 103
3187 19.999786 103
3188 19.999806 103
3189 19.999680 103
3190 19.999922 103
3191 19.999806 103
3192 0.663573 103
3193 0.706738 103
3194 0.523291 103
3195 0.262408 103
3196 0.498097 103
3197 0.207825 103
3198 0.210641 103
3199 0.307748 103
3200 0.787872 109
3201 1.350550 109
3202 0.304222 108
3203 0.338537 108
3204 0.295019 108
3205 0.296491 108
3206 1.257101 109
3207 0.355945 109
3208 1.196587 109
3209 0.416917 108
3210 1.521899 109
3211 6.366028 108
3212 1.669303 109
3213 1.211578 109
3214 0.354574 108
3215 1.218523 109
3216 0.422257 109
3217 0.475422 109
3218 0.401991 109
3219 0.286349 109
3220 0.301917 109
3221 0.291982 109
3222 1.100073 109
3223 0.441213 108
3224 0.328361 108
3225 0.286917 108
3226 1.085927 109
3227 0.813491 108
3228 0.827688 109
3229 0.331833 108
3230 0.716278 108
3231 1.054339 109
3232 0.976761 109
3233 0.386578 109
3234 2.471509 108
3235 1.008688 109
3236 0.875266 109
3237 1.140780 109
3238 0.340602 108
3239 0.331694 108
3240 1.119550 109
3241 0.275287 108
3242 0.385778 108
3243 0.271602 108
3244 1.705211 109
3245 14.179890 109
3246 14.339898 108
3247 12.449787 108
3248 7.524343 108
3249 5.373679 109
3250 1.331472 108
3251 0.481364 107
3252 0.327888 107
3253 0.509449 107
3254 1.556972 108
3255 1.852787 108
3256 1.910407 108
3257 1.287047 107
3258 1.338336 107
3259 1.142393 107
3260 1.304000 107
3261 4.317121 107
3262 1.291505 107
3263 2.442611 108
3264 1.928676 108
3265 1.190250 108
3266 1.129639 108
3267 0.305000 107
3268 0.454374 107
3269 0.351112 107
3270 0.386187 107
3271 0.270327 107
3272 2.512241 108
3273 1.593426 108
3274 0.636626 107
3275 2.026120 108
3276 0.442009 107
3277 0.510308 107
3278 1.095296 108
3279 0.349704 108
3280 1.021537 108
3281 1.062704 108
3282 1.051355 107
3283 0.333000 107
3284 0.357121 107
3285 1.257343 108
3286 0.256421 107
3287 0.350421 107
3288 0.239047 107
3289 1.094074 108
3290 1.758750 108
3291 0.293888 107
3292 0.281841 107
3293 0.335991 107
3294 0.363869 107
3295 2.457426 108
3296 1.023954 108
3297 1.140500 108
3298 0.998954 108
3299 0.936093 107
3300 1.039034 118
3301 1.587025 118
3302 4.731322 118
3303 3.428419 117
3304 3.130752 117
3305 3.136991 117
3306 5.893339 118
3307 7.892350 117
3308 7.730402 117
3309 4.500188 117
3310 4.833513 117
3311 1.224898 118
3312 0.417718 117
3313 0.570008 118
3314 1.422297 118
3315 0.354034 118
3316 1.347195 118
3317 2.238847 118
3318 3.269314 118
3319 1.901701 117
3320 1.895983 117
3321 2.078299 117
3322 1.266941 118
3323 0.818612 116
3324 1.150356 118
3325 0.290308 117
3326 1.209949 118
3327 1.232169 118
3328 1.008381 118
3329 3.652000 118
3330 0.409856 118
3331 5.335695 118
3332 1.134805 118
3333 0.929890 118
3334 0.244111 117
3335 4.634551 118
3336 1.073263 118
3337 0.414043 117
3338 0.914500 118
3339 0.645009 117
3340 0.758009 117
3341 7.990424 118
3342 3.112112 116
3343 0.730034 118
3344 0.739822 118
3345 0.936483 118
3346 0.413690 116
3347 0.423129 116
3348 0.661246 118
3349 0.868246 118
3350 1.100155 84
3351 1.895393 84
3352 1.618202 84
3353 1.244250 84
3354 1.338869 84
3355 0.325928 83
3356 1.626774 84
3357 0.537277 83
3358 0.423759 83
3359 1.277548 84
3360 1.478583 84
3361 0.336917 84
3362 1.706750 84
3363 1.268167 84
3364 0.259470 83
3365 0.342867 83
3366 0.293867 83
3367 1.217667 84
3368 0.354855 83
3369 2.614470 83
3370 1.265893 84
3371 1.465869 84
3372 0.311012 83
3373 0.322843 83
3374 1.424238 84
3375 0.369494 83
3376 1.716762 84
3377 1.178619 84
3378 1.301857 84
3379 0.291554 83
3380 0.317494 83
3381 1.051738 84
3382 0.496386 83
3383 0.295651 83
3384 1.091929 84
3385 0.344536 84
3386 0.285500 84
3387 1.385429 84
3388 0.600410 83
3389 1.115952 84
3390 1.360893 84
3391 2.050893 84
3392 1.422108 83
3393 1.845560 84
3394 1.499976 84
3395 2.472810 84
3396 1.447120 83
3397 1.445410 83
3398 19.759133 83
3399 0.945155 84
3400 1.067161 93
3401 1.278344 93
3402 2.403226 93
3403 0.396326 92
3404 1.732419 93
3405 0.364130 92
3406 0.563174 92
3407 1.860978 93
3408 0.701308 91
3409 1.396742 93
3410 0.523337 92
3411 0.333152 92
3412 2.136473 93
3413 1.327022 93
3414 0.747731 93
3415 0.289247 93
3416 1.206215 93
3417 1.166280 93
3418 0.342011 92
3419 0.310538 93
3420 1.061108 93
3421 0.515326 92
3422 0.385467 92
3423 2.447280 93
3424 1.284935 92
3425 1.418685 92
3426 4.442548 93
3427 3.478489 92
3428 1.097269 93
3429 1.170505 93
3430 1.189065 93
3431 0.250141 92
3432 0.251108 93
3433 0.970323 93
3434 0.343815 92
3435 0.288793 92
3436 1.124108 93
3437 0.270609 92
3438 0.291108 93
3439 1.105570 93
3440 0.296087 92
3441 1.013419 93
3442 0.318174 92
3443 0.252228 92
3444 2.840151 93
3445 0.354228 92
3446 1.325011 93
3447 2.004054 92
3448 2.658441 93
3449 0.482533 92
3450 3.633035 114
3451 1.947018 114
3452 5.887904 114
3453 4.208442 113
3454 2.835938 113
3455 1.331105 114
3456 0.389717 113
3457 0.556675 114
3458 2.232535 114
3459 1.297579 114
3460 0.359071 113
3461 1.824386 114
3462 1.601281 114
3463 1.126522 113
3464 1.761140 114
3465 0.845283 113
3466 1.317105 114
3467 0.757248 113
3468 0.816867 113
3469 1.512211 114
3470 0.402611 113
3471 1.063588 114
3472 0.886833 114
3473 0.384904 114
3474 0.974912 114
3475 1.145158 114
3476 0.320619 113
3477 0.363673 113
3478 6.530667 114
3479 5.742168 113
3480 1.127211 114
3481 1.601105 114
3482 0.979177 113
3483 1.475982 114
3484 0.308389 113
3485 0.303170 112
3486 2.113404 114
3487 1.690658 114
3488 1.059531 113
3489 1.116053 113
3490 1.483360 114
3491 0.568027 113
3492 1.327667 114
3493 0.280434 113
3494 0.256133 113
3495 1.038412 114
3496 0.283903 113
3497 0.306451 113
3498 1.063053 114
3499 0.402425 113
3500 1.138918 97
3501 1.556660 97
3502 0.548302 96
3503 0.712010 96
3504 1.955732 97
3505 0.404573 96
3506 0.385115 96
3507 1.852907 97
3508 0.473479 96
3509 0.400208 96
3510 1.516371 97
3511 0.425635 96
3512 0.505385 96
3513 17.311371 97
3514 17.106835 97
3515 17.260052 96
3516 1.254577 97
3517 1.224474 97
3518 0.506938 97
3519 0.351876 97
3520 6.345258 97
3521 1.293753 97
3522 0.286135 96
3523 0.314385 96
3524 1.055536 97
3525 0.295552 96
3526 0.310134 97
3527 1.362567 97
3528 1.456072 97
3529 0.610302 96
3530 0.571833 96
3531 1.130340 97
3532 0.293958 96
3533 0.340312 96
3534 3.446711 97
3535 1.273825 97
3536 0.263052 96
3537 0.276802 96
3538 0.753454 97
3539 1.298309 97
3540 1.041680 97
3541 1.298454 97
3542 1.048010 97
3543 1.012165 97
3544 1.203701 97
3545 1.602649 97
3546 0.335742 97
3547 1.065186 97
3548 1.233577 97
3549 1.183330 97
3550 1.328714 105
3551 1.392790 105
3552 1.889905 105
3553 1.444657 105
3554 0.436183 104
3555 1.274476 105
3556 1.558867 105
3557 2.176248 105
3558 1.463771 105
3559 1.879448 105
3560 1.544781 105
3561 3.085019 104
3562 1.533000 105
3563 0.335712 104
3564 1.382933 105
3565 1.287752 105
3566 4.103600 105
3567 0.941394 104
3568 1.170943 105
3569 1.873381 105
3570 1.289029 105
3571 0.465837 104
3572 1.598667 105
3573 2.005000 105
3574 1.759895 105
3575 0.299462 104
3576 1.220886 105
3577 1.159448 105
3578 2.232105 105
3579 13.915419 105
3580 1.424229 105
3581 1.055343 105
3582 1.446105 105
3583 1.681314 105
3584 1.139171 105
3585 1.159714 105
3586 1.728629 105
3587 0.937305 105
3588 0.221894 104
3589 1.409829 105
3590 0.568240 104
3591 1.618410 105
3592 0.985895 105
3593 0.866788 104
3594 0.928057 105
3595 0.862619 105
3596 1.123743 105
3597 0.983514 105
3598 0.964410 105
3599 0.210596 104
3600 3.932968 94
3601 1.633628 94
3602 1.146234 94
3603 1.306883 94
3604 14.140489 94
3605 1.645702 94
3606 1.945394 94
3607 1.629468 94
3608 0.588915 94
3609 1.120011 94
3610 0.876021 94
3611 1.168213 94
3612 1.478628 94
3613 1.651330 94
3614 1.089202 94
3615 0.293149 94
3616 0.901915 94
3617 0.423043 94
3618 1.356074 94
3619 0.901309 94
3620 0.356585 94
3621 0.963691 94
3622 0.349681 94
3623 1.055245 94
3624 0.393564 94
3625 1.051447 94
3626 1.124223 94
3627 1.106926 94
3628 1.478819 94
3629 1.609670 94
3630 1.885351 94
3631 1.004862 94
3632 1.411053 94
3633 1.744787 94
3634 1.072170 94
3635 0.271362 94
3636 1.429085 94
3637 1.778734 94
3638 2.185085 94
3639 0.639223 94
3640 0.740085 94
3641 0.524489 94
3642 1.059798 94
3643 0.712798 94
3644 2.110351 94
3645 0.494362 94
3646 0.804681 94
3647 1.182032 94
3648 18.626096 94
3649 0.630457 94
3650 0.957920 113
3651 2.564088 113
3652 0.763903 113
3653 1.430708 113
3654 2.013779 113
3655 2.066159 113
3656 1.676212 113
3657 20.000000 113
3658 2.535150 113
3659 4.091681 113
3660 1.968035 113
3661 1.539301 113
3662 2.292540 113
3663 1.178071 113
3664 19.874681 113
3665 0.897080 113
3666 2.531097 113
3667 1.214009 113
3668 1.582460 113
3669 0.612947 113
3670 2.756770 113
3671 0.552035 113
3672 1.072549 113
3673 1.008602 113
3674 2.318133 113
3675 0.905982 113
3676 1.737115 113
3677 1.871106 113
3678 0.785973 113
3679 1.209425 113
3680 0.958496 113
3681 0.983956 113
3682 0.586133 113
3683 0.564133 113
3684 0.511876 113
3685 1.562150 113
3686 1.125018 113
3687 0.957991 113
3688 0.586973 113
3689 2.279124 113
3690 0.815708 113
3691 2.816186 113
3692 0.692168 113
3693 0.520150 113
3694 1.112743 113
3695 0.488221 113
3696 0.715973 113
3697 0.674858 113
3698 1.557133 113
3699 0.891602 113
3700 1.508307 101
3701 1.575772 101
3702 1.881109 101
3703 1.397356 101
3704 1.897238 101
3705 1.501149 101
3706 1.719545 101
3707 2.195604 101
3708 5.793436 101
3709 1.448257 101
3710 1.662149 101
3711 7.011347 101
3712 1.477792 101
3713 1.562624 101
3714 1.535614 101
3715 2.436960 101
3716 1.931455 101
3717 1.944109 101
3718 1.980307 101
3719 1.572644 101
3720 18.629020 101
3721 1.393485 101
3722 2.838980 101
3723 1.686396 101
3724 1.478436 101
3725 1.135000 101
3726 1.088525 101
3727 1.346059 101
3728 2.375713 101
3729 1.732960 101
3730 1.671307 101
3731 1.460198 101
3732 2.469911 101
3733 0.964347 101
3734 1.214495 101
3735 1.429842 101
3736 1.154020 101
3737 1.330941 101
3738 2.034218 101
3739 0.969416 101
3740 1.121673 101
3741 0.927653 101
3742 0.971178 101
3743 0.937208 101
3744 1.830980 101
3745 0.833178 101
3746 1.218663 101
3747 1.095000 101
3748 1.034069 101
3749 1.187485 101
3750 1.172405 111
3751 1.637523 111
3752 2.159459 111
3753 2.165108 111
3754 1.210189 111
3755 1.673468 111
3756 1.814982 111
3757 1.169676 111
3758 1.272018 111
3759 1.237757 111
3760 1.043964 111
3761 1.238649 111
3762 11.582045 111
3763 1.556315 111
3764 1.011261 111
3765 1.046207 111
3766 8.222856 111
3767 19.531054 111
3768 2.774135 111
3769 1.519622 111
3770 1.241928 111
3771 1.602892 111
3772 1.173874 111
3773 0.841658 111
3774 1.030189 111
3775 0.904739 111
3776 9.797135 111
3777 0.727072 111
3778 4.808955 111
3779 5.957342 111
3780 0.762162 111
3781 2.830414 111
3782 16.756297 111
3783 2.162901 111
3784 0.771793 111
3785 0.556198 111
3786 20.000000 111
3787 0.437595 111
3788 0.846649 111
3789 0.579486 111
3790 0.474856 111
3791 0.526072 111
3792 0.560450 111
3793 0.870468 111
3794 0.691315 111
3795 0.793180 111
3796 0.772667 111
3797 1.063622 111
3798 0.449261 111
3799 0.386036 111
3800 1.248916 107
3801 1.613000 107
3802 13.690000 107
3803 1.038037 107
3804 1.748168 107
3805 1.293935 107
3806 1.863701 107
3807 1.542084 107
3808 1.324037 107
3809 3.468794 107
3810 1.399533 107
3811 1.530879 107
3812 1.406738 107
3813 1.560346 107
3814 1.443280 107
3815 1.294243 107
3816 1.302383 107
3817 1.328860 107
3818 1.274439 107
3819 1.160953 107
3820 1.153486 107
3821 13.719776 107
3822 1.036009 107
3823 0.983589 107
3824 1.436224 107
3825 2.629935 107
3826 2.303636 107
3827 1.161393 107
3828 1.578467 107
3829 1.485673 107
3830 1.085486 107
3831 1.125336 107
3832 1.434589 107
3833 1.118290 107
3834 1.221327 107
3835 1.167841 107
3836 1.028673 107
3837 2.622187 107
3838 2.910617 107
3839 1.282935 107
3840 1.394589 107
3841 1.030963 107
3842 1.291449 107
3843 0.935841 107
3844 1.205140 107
3845 1.055355 107
3846 0.967075 107
3847 0.992860 107
3848 0.980234 107
3849 1.089907 107
3850 1.366837 104
3851 3.919894 104
3852 1.530913 104
3853 1.531981 104
3854 1.402663 104
3855 1.537087 104
3856 1.151375 104
3857 1.217692 104
3858 3.826231 104
3859 1.521817 104
3860 2.138837 104
3861 1.268981 104
3862 1.521096 104
3863 1.556596 104
3864 1.257096 104
3865 3.358154 104
3866 1.580096 104
3867 1.061904 104
3868 1.234692 104
3869 1.396808 104
3870 1.383240 104
3871 1.182375 104
3872 1.463750 104
3873 3.492567 104
3874 1.059462 104
3875 0.996510 104
3876 1.281394 104
3877 1.646433 104
3878 1.046596 104
3879 1.046298 104
3880 1.062635 104
3881 1.363500 104
3882 1.201221 104
3883 1.033760 104
3884 0.929577 104
3885 1.288413 104
3886 2.317529 104
3887 1.049221 104
3888 1.791500 104
3889 1.696442 104
3890 1.001298 104
3891 0.867587 104
3892 1.054250 104
3893 0.721596 104
3894 16.874519 104
3895 1.306779 104
3896 0.341279 104
3897 0.840269 104
3898 0.669567 104
3899 0.679923 104
3900 6.254788 113
3901 1.274451 113
3902 1.234257 113
3903 1.109345 113
3904 1.278283 113
3905 1.207195 113
3906 6.053381 113
3907 1.397832 113
3908 1.045814 113
3909 2.032460 113
3910 1.011310 113
3911 19.602867 113
3912 1.436381 113
3913 1.471097 113
3914 1.085858 113
3915 0.916115 113
3916 1.042956 113
3917 0.853912 113
3918 0.995230 113
3919 1.723124 113
3920 16.913814 113
3921 17.411327 113
3922 1.083611 113
3923 1.156735 113
3924 0.708973 113
3925 2.582903 113
3926 1.735186 113
3927 1.523602 113
3928 1.075584 113
3929 1.948752 113
3930 0.969584 113
3931 0.725487 113
3932 1.196867 113
3933 0.654770 113
3934 0.603053 113
3935 0.594504 113
3936 0.542168 113
3937 0.593912 113
3938 0.744761 113
3939 0.967867 113
3940 12.724336 113
3941 0.716796 113
3942 0.882035 113
3943 0.677053 113
3944 0.537460 113
3945 1.930398 113
3946 0.385752 113
3947 0.264425 113
3948 0.758283 113
3949 1.201646 113
3950 1.223217 120
3951 1.344692 120
3952 1.288808 120
3953 3.718417 120
3954 1.673967 120
3955 7.534583 120
3956 2.634683 120
3957 1.435775 120
3958 1.362183 120
3959 2.076842 120
3960 2.209075 120
3961 1.236383 120
3962 1.382283 120
3963 1.485167 120
3964 1.291842 120
3965 2.229442 120
3966 1.000192 120
3967 1.451150 120
3968 1.381442 120
3969 2.070183 120
3970 1.476592 120
3971 1.387800 120
3972 1.079408 120
3973 1.138108 120
3974 0.838792 120
3975 1.576983 120
3976 1.268442 120
3977 1.491075 120
3978 1.366242 120
3979 1.211683 120
3980 19.999892 120
3981 1.904617 120
3982 0.991758 120
3983 0.884392 120
3984 1.437625 120
3985 2.347925 120
3986 15.730450 120
3987 1.183083 120
3988 4.083250 120
3989 1.577742 120
3990 1.327617 120
3991 1.644575 120
3992 2.358850 120
3993 1.636358 120
3994 1.167342 120
3995 1.263458 120
3996 1.895558 120
3997 1.054983 120
3998 1.016050 120
3999 1.442292 120
4000 4.491772 114
4001 1.720781 114
4002 1.848860 114
4003 1.155044 114
4004 18.257377 114
4005 1.152079 114
4006 1.727316 114
4007 1.889658 114
4008 2.706816 114
4009 0.744000 114
4010 2.012702 114
4011 1.265939 114
4012 1.014912 114
4013 1.837456 114
4014 1.681781 114
4015 3.193228 114
4016 1.363167 114
4017 2.766570 114
4018 1.335772 114
4019 1.577263 114
4020 1.353175 114
4021 0.909605 114
4022 1.185781 114
4023 0.774842 114
4024 1.285430 114
4025 1.210439 114
4026 0.791088 114
4027 3.403544 114
4028 0.879307 114
4029 0.852026 114
4030 1.478430 114
4031 5.263939 114
4032 1.925175 114
4033 1.139728 114
4034 1.143956 114
4035 6.777482 114
4036 0.523342 114
4037 0.719421 114
4038 0.652904 114
4039 0.598430 114
4040 20.000000 114
4041 0.511482 114
4042 0.681061 114
4043 0.499070 114
4044 1.115754 114
4045 1.369360 114
4046 0.787149 114
4047 0.387939 114
4048 0.767053 114
4049 0.377825 114
4050 1.102843 121
4051 0.893364 121
4052 2.490066 121
4053 2.111603 121
4054 1.396818 121
4055 1.460521 121
4056 1.298157 121
4057 2.572636 121
4058 18.269868 121
4059 1.595273 121
4060 4.233785 121
4061 0.998942 121
4062 1.065653 121
4063 1.136066 121
4064 2.291587 121
4065 0.939818 121
4066 1.700124 121
4067 1.742430 121
4068 1.682628 121
4069 1.877240 121
4070 1.006678 121
4071 0.294075 120
4072 1.232041 121
4073 1.354430 121
4074 9.182017 121
4075 0.871066 121
4076 0.240733 120
4077 0.876488 121
4078 2.189331 121
4079 0.640074 121
4080 0.972636 121
4081 1.115190 121
4082 0.896446 121
4083 0.837066 121
4084 0.838207 121
4085 1.240901 121
4086 1.870835 121
4087 1.964719 121
4088 1.770562 121
4089 0.701636 121
4090 0.759587 121
4091 1.618851 121
4092 1.033562 121
4093 14.234876 121
4094 0.830430 121
4095 0.740223 121
4096 0.844545 121
4097 1.148058 121
4098 1.102967 121
4099 0.659174 121
4100 1.178435 115
4101 5.979557 115
4102 6.174009 115
4103 0.942443 115
4104 1.098270 115
4105 0.344632 114
4106 3.196878 115
4107 20.000000 115
4108 1.616835 115
4109 1.196348 115
4110 3.902548 115
4111 1.505383 115
4112 2.456417 115
4113 1.209852 115
4114 1.146348 115
4115 0.807678 115
4116 0.298114 114
4117 1.681157 115
4118 0.999878 115
4119 1.399104 115
4120 1.019930 115
4121 19.999861 115
4122 1.082174 115
4123 1.111452 115
4124 0.956661 115
4125 0.223211 114
4126 1.057600 115
4127 1.101452 115
4128 1.320365 115
4129 0.849661 115
4130 0.825817 115
4131 0.216377 114
4132 1.137670 115
4133 0.941052 115
4134 0.857191 115
4135 1.174383 115
4136 0.647130 115
4137 0.845061 115
4138 0.795722 115
4139 0.961583 115
4140 8.326504 115
4141 8.342211 114
4142 8.572833 114
4143 0.717974 115
4144 0.859583 115
4145 1.099974 115
4146 0.739443 115
4147 0.639817 115
4148 0.664757 115
4149 0.211202 114
4150 2.453442 113
4151 2.030885 113
4152 1.723788 113
4153 1.652902 112
4154 1.122558 113
4155 2.610708 113
4156 4.852513 113
4157 1.451133 113
4158 1.110673 113
4159 0.264884 112
4160 1.313611 113
4161 3.584646 113
4162 0.408455 112
4163 1.321416 113
4164 1.257752 113
4165 1.047832 113
4166 2.585558 113
4167 2.364018 113
4168 1.336204 113
4169 1.536681 113
4170 1.252708 113
4171 1.263973 113
4172 0.634938 113
4173 0.289929 113
4174 1.285655 113
4175 1.366142 113
4176 1.373212 113
4177 1.188655 113
4178 0.620125 112
4179 1.286159 113
4180 1.364389 113
4181 1.234681 113
4182 0.676125 112
4183 2.445664 113
4184 0.352214 112
4185 1.204221 113
4186 1.016106 113
4187 1.129168 113
4188 0.451554 112
4189 1.463531 113
4190 0.971850 113
4191 0.369786 112
4192 1.130637 113
4193 1.065097 113
4194 1.176584 113
4195 0.374955 112
4196 1.797301 113
4197 0.956274 113
4198 1.000398 113
4199 1.020770 113
4200 1.218525 118
4201 1.291898 118
4202 1.362669 118
4203 1.279653 118
4204 1.762441 118
4205 1.337636 118
4206 1.042239 117
4207 1.339788 118
4208 0.825915 117
4209 2.579864 118
4210 1.141017 118
4211 0.384248 117
4212 1.553153 118
4213 1.689941 118
4214 0.461538 117
4215 1.336907 118
4216 0.556051 118
4217 1.841754 118
4218 0.754615 117
4219 1.890042 118
4220 1.327178 118
4221 1.146356 118
4222 2.493008 118
4223 1.378085 118
4224 0.719093 118
4225 1.199525 118
4226 1.163025 118
4227 1.736195 118
4228 1.243025 118
4229 1.219610 118
4230 1.038195 118
4231 0.991415 118
4232 1.239831 118
4233 1.117102 118
4234 1.432432 118
4235 1.664602 118
4236 1.259797 118
4237 1.500195 118
4238 0.639889 117
4239 1.009169 118
4240 0.276932 117
4241 0.290521 117
4242 1.859542 118
4243 0.339274 117
4244 0.330162 117
4245 0.325171 117
4246 1.246907 118
4247 1.355814 118
4248 1.500034 118
4249 16.690102 118
4250 16.683176 102
4251 18.612265 102
4252 17.255248 101
4253 16.461376 101
4254 16.496176 102
4255 17.858667 102
4256 15.723088 102
4257 13.002235 102
4258 17.668765 102
4259 16.682088 102
4260 16.061673 101
4261 15.271465 101
4262 17.021343 102
4263 17.663598 102
4264 16.769079 101
4265 14.469529 102
4266 11.528168 101
4267 16.513304 102
4268 12.959861 101
4269 9.294079 101
4270 6.025812 101
4271 3.932050 101
4272 1.705059 101
4273 0.653832 101
4274 18.048118 102
4275 19.999693 101
4276 16.596802 101
4277 19.999653 101
4278 10.353255 102
4279 1.037020 102
4280 0.398109 101
4281 0.612088 102
4282 1.671882 102
4283 0.701743 101
4284 0.607980 101
4285 0.572277 101
4286 0.586324 102
4287 3.153186 102
4288 1.378422 102
4289 1.257510 102
4290 0.545431 102
4291 0.337608 102
4292 0.360941 102
4293 0.345598 102
4294 0.333696 102
4295 0.344961 102
4296 0.338833 102
4297 0.341578 102
4298 1.612775 102
4299 0.544500 102
4300 1.218819 105
4301 0.357543 105
4302 0.396337 104
4303 0.475587 104
4304 0.505486 105
4305 0.468529 104
4306 1.258143 105
4307 1.486533 105
4308 0.332529 104
4309 0.363548 104
4310 1.198562 105
4311 2.077819 105
4312 0.680529 104
4313 0.492087 104
4314 0.365885 104
4315 0.543087 104
4316 0.539567 104
4317 1.818943 105
4318 3.548048 105
4319 1.106829 105
4320 1.346257 105
4321 1.202404 104
4322 1.013865 104
4323 1.098913 104
4324 0.733635 104
4325 0.998143 105
4326 2.315981 105
4327 0.629481 104
4328 0.506981 105
4329 1.216514 105
4330 1.209448 105
4331 0.867943 105
4332 1.379457 105
4333 1.139238 105
4334 1.271410 105
4335 1.926962 105
4336 1.797952 105
4337 1.904886 105
4338 0.994495 105
4339 0.495183 104
4340 1.004571 105
4341 1.175295 105
4342 1.131743 105
4343 0.996057 105
4344 19.683219 105
4345 19.481381 105
4346 19.372981 104
4347 19.560356 104
4348 19.239990 105
4349 19.352442 104
4350 19.572837 104
4351 1.051423 104
4352 1.429683 104
4353 1.213596 104
4354 12.884231 104
4355 15.539933 104
4356 1.270596 104
4357 1.038654 104
4358 16.066760 104
4359 17.347962 104
4360 9.222913 104
4361 6.442010 103
4362 3.657538 104
4363 2.621699 103
4364 2.599885 104
4365 1.935903 103
4366 2.065490 104
4367 1.866231 104
4368 1.907592 103
4369 1.680663 104
4370 2.245981 103
4371 1.792262 103
4372 1.656029 103
4373 1.515854 103
4374 1.707117 103
4375 1.730942 103
4376 1.608029 103
4377 1.627650 103
4378 1.370330 103
4379 0.810712 104
4380 0.373553 103
4381 0.222534 103
4382 0.197544 103
4383 0.171068 103
4384 0.193981 103
4385 0.178990 103
4386 0.185194 103
4387 0.178398 103
4388 10.997769 104
4389 0.829692 104
4390 0.883529 104
4391 0.142216 102
4392 0.291147 102
4393 0.131549 102
4394 0.593106 104
4395 0.147592 103
4396 0.162068 103
4397 0.174019 103
4398 0.163471 104
4399 0.154117 103
4400 1.131102 88
4401 0.371580 88
4402 0.399261 88
4403 0.469398 88
4404 0.390648 88
4405 0.370500 88
4406 1.453341 88
4407 0.714563 87
4408 0.677761 88
4409 0.711954 87
4410 0.668705 88
4411 0.759069 87
4412 1.340966 88
4413 1.580216 88
4414 0.876782 87
4415 0.609057 87
4416 0.829295 88
4417 1.878227 88
4418 1.165046 87
4419 0.921839 87
4420 0.510609 87
4421 1.482920 88
4422 1.192795 88
4423 0.705759 87
4424 0.506517 87
4425 1.808364 88
4426 0.912115 87
4427 0.720414 87
4428 0.516126 87
4429 2.303386 88
4430 0.490966 87
4431 0.391209 86
4432 0.602837 86
4433 1.745148 88
4434 0.500862 87
4435 0.733184 87
4436 0.474046 87
4437 1.297170 88
4438 0.877552 87
4439 0.781609 87
4440 0.523632 87
4441 1.344409 88
4442 1.013793 87
4443 0.303667 87
4444 0.614368 87
4445 1.462273 88
4446 0.902011 87
4447 0.529724 87
4448 0.761011 87
4449 1.402386 88
4450 1.878921 101
4451 0.767337 101
4452 0.481040 101
4453 1.644109 101
4454 1.288624 101
4455 0.430310 100
4456 1.597941 101
4457 0.362230 100
4458 1.244960 101
4459 0.385800 100
4460 1.369109 101
4461 0.365931 101
4462 1.206317 101
4463 0.372200 100
4464 1.365693 101
4465 0.462570 100
4466 1.382624 101
4467 1.167525 101
4468 1.151050 101
4469 0.240850 100
4470 1.898614 101
4471 1.183762 101
4472 0.319010 100
4473 2.090277 101
4474 2.650940 100
4475 1.585109 101
4476 1.408564 101
4477 0.308470 100
4478 1.160574 101
4479 1.083525 101
4480 1.758455 101
4481 1.206545 101
4482 0.893380 100
4483 19.653119 101
4484 1.270376 101
4485 1.119267 101
4486 1.135545 101
4487 0.935238 101
4488 1.817277 101
4489 1.178564 101
4490 0.929802 101
4491 0.888604 101
4492 1.325851 101
4493 0.944614 101
4494 0.926436 101
4495 1.090584 101
4496 1.220832 101
4497 1.052307 101
4498 0.766842 101
4499 1.407109 101
