0 0.403283 118
1 1.732419 118
2 2.053995 118
3 0.989078 118
4 0.999155 118
5 0.000000 118
6 0.528742 118
7 12.621492 118
8 0.585080 118
9 0.577968 118
10 0.567750 118
11 0.607226 118
12 15.724831 118
13 1.716154 118
14 0.241270 118
15 0.631279 118
16 1.436832 118
17 1.510769 118
18 0.667074 118
19 1.362557 118
20 1.450008 118
21 0.454101 118
22 1.106317 118
23 0.565880 118
24 0.901611 118
25 0.980135 118
26 0.954930 118
27 5.541440 118
28 0.798870 118
29 0.585383 118
30 1.252329 118
31 0.665651 118
32 0.430643 118
33 1.207278 118
34 1.257790 118
35 0.732444 118
36 1.225890 118
37 0.500143 118
38 1.033137 118
39 1.028288 118
40 1.238272 118
41 1.054422 118
42 0.887346 118
43 0.862956 118
44 1.561341 118
45 0.782335 118
46 1.369093 118
47 2.064821 118
48 3.950645 118
49 0.778225 118
50 0.464421 116
51 0.575319 116
52 0.616581 116
53 0.677447 116
54 0.295964 116
55 0.331834 116
56 0.570110 116
57 0.534980 116
58 0.419421 116
59 0.000000 116
60 0.047303 116
61 3.009446 116
62 0.528764 116
63 0.562267 116
64 0.579115 116
65 0.792055 116
66 0.457250 116
67 0.478937 116
68 1.969490 116
69 1.563074 116
70 3.663153 116
71 3.563182 116
72 3.792517 116
73 1.264760 116
74 1.383158 116
75 1.873784 116
76 2.231811 116
77 2.705020 116
78 2.738001 116
79 2.708188 116
80 2.327869 116
81 1.732618 116
82 2.041866 116
83 0.784705 116
84 1.010855 116
85 1.017973 116
86 1.989640 116
87 3.064387 116
88 1.637293 116
89 4.350852 116
90 0.000000 116
91 0.773135 116
92 2.638490 116
93 1.866714 116
94 4.509950 116
95 0.000000 116
96 0.242497 116
97 2.339619 116
98 5.019860 116
99 5.316413 116
100 2.173973 93
101 4.549641 93
102 4.216402 93
103 4.486230 93
104 1.493217 93
105 3.041002 93
106 3.173652 93
107 1.995815 93
108 4.359355 92
109 0.724867 93
110 3.894064 93
111 29.923819 93
112 37.176781 93
113 1.561695 93
114 3.347666 93
115 3.858431 93
116 1.354979 93
117 1.634681 93
118 3.652062 93
119 4.326323 93
120 2.063603 93
121 1.846871 93
122 1.214300 93
123 1.511216 93
124 0.992930 93
125 2.860624 93
126 6.873085 93
127 4.153206 93
128 1.892695 93
129 25.132065 93
130 1.124926 93
131 1.321997 93
132 1.428220 93
133 0.830962 93
134 2.457531 93
135 3.055556 93
136 8.995816 93
137 1.242934 93
138 1.958136 93
139 2.034483 93
140 20.650079 93
141 1.111300 93
142 2.639315 93
143 0.823794 93
144 0.517179 93
145 0.983066 93
146 3.153372 93
147 1.505062 93
148 0.801030 93
149 1.841790 93
150 0.913545 99
151 1.879248 99
152 1.263185 99
153 0.335805 99
154 0.809799 99
155 1.794686 99
156 2.217204 99
157 0.597109 99
158 0.966259 99
159 1.377607 99
160 26.072642 99
161 0.623751 99
162 0.672518 99
163 0.879764 99
164 3.846138 99
165 3.194857 99
166 3.342467 99
167 1.626165 99
168 3.592620 99
169 0.000000 99
170 0.000000 99
171 26.544653 99
172 2.118004 99
173 2.842281 99
174 3.470075 99
175 3.904529 99
176 4.480188 99
177 6.728579 99
178 5.807930 99
179 0.087368 99
180 1.224993 99
181 6.458195 99
182 6.954422 99
183 7.552547 99
184 7.649941 99
185 7.754009 99
186 7.541994 99
187 0.107046 99
188 1.604590 99
189 7.669415 99
190 7.614830 99
191 0.125718 99
192 1.822413 99
193 8.116572 99
194 7.894381 99
195 0.130318 99
196 1.839044 99
197 7.682744 99
198 7.861764 99
199 7.487150 99
200 0.186379 96
201 2.543626 96
202 2.797318 96
203 3.601687 96
204 3.687422 96
205 3.830227 96
206 3.999615 96
207 3.803815 96
208 0.134697 96
209 1.734994 96
210 5.170754 96
211 5.458610 96
212 5.426853 96
213 5.814844 96
214 6.186803 96
215 6.209661 96
216 6.801260 96
217 6.439739 96
218 7.203697 96
219 6.930928 96
220 7.179286 96
221 7.140154 96
222 7.068347 96
223 7.060806 96
224 7.281604 96
225 7.170079 96
226 6.989065 96
227 0.157887 96
228 2.226844 96
229 7.299730 96
230 7.043797 96
231 0.147250 96
232 1.960046 96
233 7.613204 96
234 7.070610 96
235 7.098853 96
236 7.731578 96
237 7.304301 96
238 7.873922 96
239 7.244387 96
240 7.290787 96
241 7.279559 96
242 7.083854 96
243 7.242986 96
244 7.329399 96
245 7.546745 96
246 7.590937 96
247 0.148580 96
248 2.053503 96
249 7.390966 96
250 0.171918 98
251 2.042102 98
252 3.246455 98
253 0.132386 98
254 2.157492 98
255 4.849065 98
256 3.943122 98
257 4.293601 98
258 4.471688 98
259 4.669030 98
260 5.192183 98
261 5.082017 98
262 4.957749 98
263 5.279985 98
264 6.883373 98
265 5.912490 98
266 6.031159 98
267 6.513584 98
268 6.410274 98
269 7.257948 98
270 6.695170 98
271 0.157024 98
272 0.135373 98
273 0.138034 98
274 0.137028 98
275 0.133189 98
276 2.242038 98
277 7.560693 98
278 7.632919 98
279 0.135033 98
280 1.951922 98
281 7.580909 98
282 7.215565 98
283 7.559894 98
284 7.474628 98
285 7.432081 98
286 7.306714 98
287 7.228237 98
288 7.358807 98
289 7.237685 98
290 7.336103 98
291 0.164887 98
292 2.042244 98
293 7.283052 98
294 7.398171 98
295 7.597008 98
296 7.472116 98
297 7.381610 98
298 7.070440 98
299 7.084598 98
300 0.135541 101
301 2.015454 101
302 2.009854 101
303 2.123630 101
304 3.715443 101
305 2.760468 101
306 3.242609 101
307 3.607974 101
308 4.183658 101
309 4.658125 101
310 4.554292 101
311 4.916699 101
312 4.898058 101
313 5.648808 101
314 5.666915 101
315 5.829164 101
316 6.400030 101
317 6.793715 101
318 6.933580 101
319 6.758034 101
320 7.360934 101
321 7.145503 101
322 7.168070 101
323 7.172392 101
324 7.060253 101
325 7.044656 101
326 7.179699 101
327 7.052756 101
328 7.050161 101
329 7.190238 101
330 7.086526 101
331 6.988878 101
332 6.829112 101
333 7.277390 101
334 7.386569 101
335 6.859101 101
336 7.095169 101
337 6.954863 101
338 0.153080 101
339 2.030428 101
340 7.568000 101
341 7.457896 101
342 7.384754 101
343 6.731852 101
344 7.525897 101
345 7.161819 101
346 7.240401 101
347 6.799883 101
348 7.179604 101
349 7.024776 101
350 0.052856 108
351 0.996711 108
352 1.798871 108
353 2.752942 108
354 2.658876 108
355 0.096180 108
356 0.078027 108
357 0.070452 108
358 0.065852 108
359 1.157527 108
360 4.595553 108
361 4.836024 108
362 0.073055 108
363 1.320974 108
364 0.088763 108
365 1.937840 108
366 0.100692 108
367 0.090150 108
368 1.689055 108
369 7.033735 108
370 0.105797 108
371 0.103999 108
372 0.109084 108
373 1.763133 108
374 0.112812 108
375 1.958291 108
376 7.076847 108
377 7.053382 108
378 0.128106 108
379 0.125854 108
380 2.034096 108
381 7.075268 108
382 6.947455 108
383 0.134501 108
384 0.127881 108
385 1.902499 108
386 7.380704 108
387 7.304119 108
388 0.169799 108
389 0.169968 108
390 0.191313 108
391 0.190879 108
392 2.042212 108
393 7.389229 108
394 0.224782 108
395 0.227570 108
396 2.202733 108
397 0.268939 108
398 0.267073 108
399 0.293706 108
400 0.156230 101
401 2.249449 101
402 2.549286 101
403 3.231607 101
404 0.120876 101
405 0.110963 101
406 0.090333 101
407 0.081716 101
408 1.403485 101
409 0.080065 101
410 0.000000 101
411 0.000000 101
412 0.000000 101
413 0.000000 101
414 0.000000 101
415 0.000000 101
416 0.000000 101
417 0.000000 101
418 0.000000 101
419 0.000000 101
420 0.000000 101
421 0.000000 101
422 0.000000 101
423 0.000000 101
424 0.000000 101
425 0.000000 101
426 0.000000 101
427 0.000000 101
428 0.000000 101
429 0.000000 101
430 0.000000 101
431 0.000000 101
432 0.000000 101
433 0.000000 101
434 0.000000 101
435 0.000000 101
436 0.000000 101
437 0.000000 101
438 0.000000 101
439 0.000000 101
440 0.000000 101
441 0.000000 101
442 0.000000 101
443 0.000000 101
444 0.000000 101
445 0.000000 101
446 0.000000 101
447 0.000000 101
448 0.000000 101
449 0.000000 101
450 0.000000 106
451 0.000000 106
452 0.000000 106
453 0.000000 106
454 0.000000 105
455 0.000000 105
456 0.000000 105
457 0.000000 105
458 0.000000 105
459 0.009755 105
460 14.421845 105
461 2.170552 105
462 5.034196 105
463 4.900024 105
464 5.236545 105
465 8.147995 105
466 1.485958 105
467 2.334111 105
468 5.093417 105
469 11.848352 105
470 1.756575 105
471 1.512387 105
472 1.355254 105
473 2.155896 105
474 3.289302 105
475 1.471000 105
476 1.432704 105
477 1.448036 105
478 1.638772 105
479 1.541847 105
480 4.256810 105
481 1.798596 105
482 0.004236 105
483 3.597641 105
484 7.647274 105
485 5.545129 105
486 3.276576 105
487 6.240699 105
488 6.682020 105
489 2.890158 105
490 4.147543 105
491 8.254240 105
492 8.287744 105
493 1.905828 105
494 3.770861 105
495 3.955108 105
496 1.567859 105
497 7.279722 105
498 4.597128 105
499 1.466681 105
500 1.251673 115
501 3.815827 115
502 12.236745 115
503 5.202264 115
504 1.065928 115
505 1.481434 115
506 1.593581 115
507 1.574306 115
508 0.359974 115
509 2.452765 115
510 15.821648 115
511 0.712831 115
512 1.527071 115
513 0.000000 115
514 0.909823 115
515 3.073641 115
516 1.265551 115
517 1.638196 115
518 1.743115 115
519 1.858272 115
520 2.382727 115
521 2.362974 115
522 2.944345 115
523 10.643789 115
524 1.772808 115
525 2.473797 115
526 0.000000 115
527 14.536072 115
528 1.116411 115
529 2.613871 115
530 0.848113 115
531 1.788607 115
532 1.594909 115
533 2.286117 115
534 5.006785 115
535 2.578910 115
536 3.825656 115
537 2.021550 115
538 2.215948 115
539 5.066694 115
540 5.714802 115
541 3.505895 115
542 1.847641 115
543 0.289821 115
544 0.474707 115
545 1.722895 115
546 0.000000 115
547 1.193673 115
548 0.835979 115
549 10.407133 115
550 11.335713 102
551 72.636635 102
552 14.574012 102
553 1.939293 102
554 1.233551 102
555 1.200941 102
556 1.385226 102
557 17.966722 102
558 1.406989 102
559 82.516597 102
560 1.247719 102
561 23.320678 102
562 6.157365 102
563 3.660987 102
564 1.500666 102
565 41.152742 102
566 1.613461 102
567 159.505749 102
568 2.562983 102
569 0.469574 102
570 1.169028 102
571 0.577809 102
572 1.365075 102
573 1.441789 102
574 1.316119 102
575 1.293926 102
576 1.260397 102
577 1.831708 102
578 1.131586 102
579 1.975192 102
580 1.687389 102
581 1.637612 102
582 1.663074 102
583 1.505037 102
584 1.678325 102
585 1.601346 102
586 0.627639 102
587 0.694945 102
588 0.681442 102
589 1.915562 102
590 1.102878 102
591 0.596413 102
592 0.000000 102
593 0.434700 102
594 0.876681 102
595 1.097805 102
596 1.058284 102
597 0.972929 102
598 0.431748 102
599 0.829085 102
600 0.545516 111
601 1.093294 111
602 0.968039 111
603 0.351435 111
604 0.857734 111
605 1.092976 111
606 0.962209 111
607 1.083236 111
608 3.176489 111
609 0.450739 111
610 0.941667 111
611 0.368551 111
612 0.890010 111
613 0.984514 111
614 1.079466 111
615 1.092038 111
616 2.915032 111
617 3.786752 111
618 0.331699 111
619 1.538586 111
620 0.868745 111
621 0.454843 111
622 25.890966 111
623 29.419057 111
624 0.000000 111
625 0.793872 111
626 0.115919 111
627 0.166207 111
628 0.160528 111
629 0.156264 111
630 0.527203 111
631 0.415582 111
632 2.802572 111
633 2.925925 111
634 0.804393 111
635 0.987704 111
636 0.604577 111
637 0.602953 111
638 0.558907 111
639 0.737742 111
640 0.503241 111
641 0.948821 111
642 0.526493 111
643 0.515868 111
644 0.354996 111
645 0.868691 111
646 0.571315 111
647 0.625389 111
648 0.586324 111
649 2.265046 111
650 0.258922 107
651 0.734842 107
652 1.690327 107
653 0.554738 107
654 0.343053 107
655 7.361855 107
656 1.296380 107
657 0.536946 107
658 0.523367 107
659 0.124237 107
660 1.195668 107
661 0.465469 107
662 1.019699 107
663 0.594235 107
664 0.597975 107
665 0.531602 107
666 0.449401 107
667 0.829081 107
668 1.954062 107
669 0.692632 107
670 1.450516 107
671 0.841227 107
672 0.446379 107
673 0.687121 107
674 0.484296 107
675 0.504714 107
676 0.000000 107
677 0.739053 107
678 3.031970 107
679 0.000000 107
680 0.445064 107
681 5.270230 107
682 2.443545 107
683 0.031965 107
684 0.572670 107
685 1.038033 107
686 0.389488 107
687 0.340545 107
688 0.586733 107
689 1.543909 107
690 0.885187 107
691 0.362855 107
692 0.287890 107
693 0.673540 107
694 0.683188 107
695 0.438679 107
696 0.596961 107
697 218.486506 107
698 0.308983 107
699 0.763643 107
700 0.612896 95
701 2.454026 95
702 0.429675 95
703 1.249842 95
704 0.696992 95
705 0.360277 95
706 0.352298 95
707 0.450936 95
708 0.442320 95
709 0.677811 95
710 0.600286 95
711 0.460852 95
712 0.751514 95
713 0.636296 95
714 14.028434 95
715 5.260982 95
716 13.428803 95
717 8.348956 95
718 0.816029 95
719 0.829379 95
720 0.479531 95
721 0.441600 95
722 0.719840 95
723 0.596562 95
724 0.560159 95
725 0.328997 95
726 0.000000 95
727 0.000000 95
728 0.000000 95
729 0.000000 95
730 0.000000 95
731 0.000000 95
732 0.000000 95
733 0.000000 95
734 0.000000 95
735 0.000000 95
736 3.049909 95
737 0.160584 95
738 38.266372 95
739 73.942283 95
740 79.770561 95
741 0.877514 95
742 1.895419 95
743 2.054817 95
744 1.669065 95
745 3.285787 95
746 1.028739 95
747 2.398039 95
748 2.809631 95
749 1.642444 95
750 8.254254 97
751 1.602453 97
752 1.039444 97
753 2.683322 97
754 1.265036 97
755 16.918548 97
756 8.585024 97
757 68.026284 97
758 1.133716 97
759 10.790726 97
760 1.138119 97
761 18.544061 97
762 0.539603 97
763 3.827662 97
764 4.204071 97
765 1.372851 97
766 0.751316 97
767 3.925232 97
768 1.474439 97
769 0.777667 97
770 4.553609 97
771 0.555700 97
772 0.396651 97
773 0.284799 97
774 0.725968 97
775 2.177207 97
776 0.000000 97
777 1.574741 97
778 1.034491 97
779 0.778195 97
780 1.288635 97
781 2.776178 97
782 4.697561 97
783 0.978909 97
784 1.669982 97
785 1.270523 97
786 3.081084 97
787 1.160412 97
788 2.626089 97
789 0.552735 97
790 0.721829 97
791 48.111410 97
792 1.918557 97
793 1.204494 97
794 0.947794 97
795 0.925958 97
796 0.944334 97
797 0.693871 97
798 0.682707 97
799 0.873892 97
800 44.592908 108
801 3.540156 108
802 1.196348 108
803 23.405666 108
804 2.812669 108
805 1.075837 108
806 19.504914 108
807 1.375308 108
808 1.464245 108
809 4.187855 108
810 6.697373 108
811 1.415156 108
812 1.253368 108
813 4.212988 108
814 2.162884 108
815 0.834557 108
816 8.101237 108
817 5.237699 108
818 3.960383 108
819 3.128893 108
820 2.838059 108
821 2.781833 108
822 1.149629 108
823 1.322582 108
824 0.057578 108
825 5.637687 108
826 1.184159 108
827 3.646497 108
828 1.834189 108
829 6.090448 108
830 17.825215 108
831 12.723127 108
832 68.548108 108
833 1.485009 108
834 1.633197 108
835 1.116389 108
836 1.168820 108
837 1.030314 108
838 1.568359 108
839 7.509024 108
840 17.788726 108
841 0.246506 108
842 2.992838 108
843 2.193839 108
844 1.473273 108
845 2.240824 108
846 172.287685 108
847 1.879444 108
848 2.312480 108
849 0.968686 108
850 29.356490 105
851 0.807940 105
852 2.009712 105
853 1.874042 105
854 1.705385 105
855 6.118660 105
856 4.732959 105
857 1.970444 105
858 5.051977 105
859 5.208802 105
860 3.213992 105
861 3.045170 105
862 1.288429 105
863 1.464997 105
864 1.436491 105
865 1.550117 105
866 0.000000 105
867 0.063214 105
868 0.000000 105
869 0.000000 105
870 0.040619 105
871 0.000000 105
872 0.034886 105
873 0.000000 105
874 0.000000 105
875 0.000000 105
876 0.000000 105
877 0.000000 105
878 0.000000 105
879 0.000000 105
880 0.000000 105
881 0.000000 105
882 0.000000 105
883 0.000000 105
884 0.000000 105
885 0.000000 105
886 0.000000 105
887 0.000000 105
888 0.000000 105
889 0.000000 105
890 0.000000 105
891 0.000000 105
892 0.155413 105
893 0.001308 105
894 0.163743 105
895 1.468089 105
896 5.242909 105
897 4.722487 105
898 2.172479 105
899 5.066051 105
900 1.583690 100
901 0.563060 100
902 8.872156 100
903 18.311915 100
904 18.001313 100
905 6.383391 100
906 3.009159 100
907 3.135985 100
908 6.852021 100
909 2.788491 100
910 2.840580 100
911 7.161188 100
912 2.849236 100
913 2.994960 100
914 1.239935 100
915 2.948862 100
916 2.419783 100
917 0.000000 100
918 0.000000 100
919 0.000000 100
920 0.000000 100
921 0.000000 100
922 0.000000 100
923 0.000000 100
924 0.000000 100
925 0.000000 100
926 0.000000 100
927 0.000000 100
928 0.000000 100
929 0.000000 100
930 0.000000 100
931 3.034761 100
932 2.431120 100
933 2.162399 100
934 4.387782 100
935 4.968125 100
936 10.889364 100
937 4.123217 100
938 3.642615 100
939 1.029703 100
940 3.522822 100
941 3.710640 100
942 3.601926 100
943 3.898725 100
944 2.090744 100
945 1.467629 100
946 2.062381 100
947 2.788159 100
948 2.055682 100
949 4.822613 99
950 2.091957 103
951 36.873901 103
952 1.737926 103
953 2.248167 103
954 1.842465 103
955 2.686588 103
956 1.409077 103
957 3.008125 103
958 4.452830 103
959 4.238296 103
960 1.193630 103
961 3.968055 103
962 2.936679 103
963 4.015749 103
964 1.451371 103
965 2.617526 103
966 3.751485 103
967 23.191213 103
968 32.832335 103
969 35.343999 103
970 34.171150 103
971 34.448858 103
972 1.920547 103
973 1.640481 103
974 2.298399 103
975 4.407832 103
976 1.505491 103
977 1.031614 103
978 1.901584 103
979 0.980642 103
980 1.179327 103
981 16.397074 103
982 2.631421 103
983 1.555509 103
984 1.987399 103
985 7.891198 103
986 1.497715 103
987 3.499430 103
988 1.647034 103
989 0.126597 103
990 2.020207 103
991 1.266067 103
992 1.644858 103
993 1.948146 103
994 0.830980 103
995 0.836914 103
996 1.455853 103
997 2.505489 103
998 3.021824 103
999 0.629149 103
1000 1.185116 81
1001 1.534103 81
1002 0.704205 81
1003 2.524802 81
1004 0.916508 81
1005 1.013083 81
1006 4.692837 81
1007 1.456576 81
1008 0.841175 81
1009 1.301146 81
1010 1.376202 81
1011 1.149576 81
1012 4.876253 81
1013 13.892791 81
1014 1.748235 81
1015 1.324100 81
1016 4.367690 81
1017 6.818974 81
1018 7.314864 81
1019 6.064986 81
1020 6.721817 81
1021 6.154414 81
1022 5.917187 81
1023 5.559606 81
1024 6.272685 81
1025 6.376686 81
1026 6.430886 81
1027 6.056724 81
1028 6.325759 81
1029 6.051391 81
1030 6.179348 81
1031 6.161810 81
1032 1.410333 81
1033 3.465025 81
1034 3.665083 81
1035 1.712683 81
1036 4.356575 81
1037 1.536137 81
1038 3.454862 81
1039 3.010492 81
1040 1.655417 81
1041 4.492848 81
1042 2.687780 81
1043 1.111765 81
1044 4.436314 81
1045 5.244358 81
1046 1.245178 81
1047 2.420204 81
1048 2.439025 81
1049 7.940878 81
1050 10.420266 102
1051 11.989951 102
1052 12.575437 102
1053 2.034918 102
1054 4.275605 102
1055 2.621158 102
1056 5.453660 102
1057 5.709075 102
1058 2.250288 102
1059 6.072765 102
1060 6.623740 102
1061 24.059749 102
1062 87.238227 102
1063 129.661645 102
1064 160.743320 102
1065 62.633895 102
1066 220.419452 102
1067 38.005724 102
1068 132.512318 102
1069 72.090680 102
1070 60.866739 102
1071 159.230108 102
1072 84.684300 102
1073 149.110966 102
1074 46.192804 102
1075 70.512429 102
1076 135.156085 102
1077 98.258858 102
1078 164.640739 102
1079 234.436940 102
1080 68.786222 102
1081 68.191307 102
1082 182.808678 102
1083 139.786468 102
1084 127.998939 102
1085 45.154495 102
1086 83.827305 102
1087 0.682414 102
1088 1.487609 102
1089 1.134691 102
1090 0.724128 102
1091 1.387195 102
1092 0.979676 102
1093 0.811831 102
1094 1.940447 102
1095 1.222487 102
1096 2.884795 102
1097 4.210743 102
1098 3.972956 102
1099 7.370177 102
1100 2.613838 116
1101 1.673927 116
1102 253.090145 116
1103 1.016303 116
1104 0.918616 116
1105 1.075657 116
1106 1.019358 116
1107 1.155465 116
1108 1.852234 116
1109 5.499165 116
1110 6.903187 116
1111 5.596252 116
1112 0.056751 116
1113 21.424942 116
1114 1.159107 116
1115 1.184577 116
1116 1.207909 116
1117 2.450662 116
1118 2.007524 116
1119 1.586431 116
1120 2.787194 116
1121 2.876665 116
1122 0.438661 116
1123 1.033475 116
1124 1.127310 116
1125 0.457175 116
1126 2.623791 116
1127 5.486737 116
1128 5.645190 116
1129 2.095515 116
1130 1.980229 116
1131 2.787311 116
1132 0.000000 116
1133 0.000000 116
1134 3.521660 116
1135 10.707892 116
1136 68.279731 116
1137 2.197283 116
1138 6.240886 116
1139 0.185731 116
1140 0.989657 116
1141 0.791183 116
1142 0.000000 116
1143 0.542318 116
1144 0.829389 116
1145 5.587246 116
1146 10.527121 116
1147 67.366707 116
1148 7.032955 116
1149 2.971863 116
1150 2.032088 106
1151 4.960935 106
1152 4.695506 104
1153 2.180792 106
1154 2.461636 106
1155 2.464520 106
1156 0.000000 106
1157 0.000000 106
1158 1.472093 106
1159 3.027027 106
1160 27.587028 106
1161 69.571611 106
1162 7.875569 106
1163 25.996229 106
1164 7.680076 106
1165 4.740840 106
1166 6.672756 106
1167 1.962015 106
1168 1.728812 106
1169 7.034960 106
1170 0.503631 106
1171 1.339603 106
1172 0.653068 106
1173 1.063624 106
1174 0.661606 106
1175 0.965332 106
1176 0.526754 106
1177 1.296757 106
1178 0.631926 106
1179 1.019841 106
1180 0.663530 106
1181 1.043130 106
1182 2.244222 106
1183 1.391770 106
1184 6.420045 106
1185 17.622681 106
1186 1.021959 106
1187 2.179183 106
1188 0.000000 106
1189 0.000000 106
1190 5.759475 106
1191 8.607674 106
1192 45.321190 106
1193 2.086438 106
1194 4.463009 106
1195 3.266495 106
1196 6.998087 106
1197 4.533694 106
1198 3.146151 106
1199 4.277746 106
1200 18.388676 107
1201 41.356301 107
1202 1.342126 107
1203 6.451684 107
1204 0.000000 107
1205 3.176661 107
1206 10.837761 107
1207 5.212050 107
1208 1.846797 107
1209 2.971831 107
1210 0.236848 107
1211 32.088105 107
1212 17.885546 107
1213 7.110619 107
1214 4.359868 107
1215 0.424512 107
1216 1.293932 107
1217 1.306647 107
1218 3.498235 107
1219 1.373046 107
1220 0.990391 107
1221 1.216374 107
1222 1.576809 107
1223 7.239414 107
1224 9.033985 107
1225 0.235555 107
1226 1.453970 107
1227 9.183149 107
1228 2.610145 107
1229 2.615049 107
1230 38.421037 107
1231 1.536489 107
1232 4.239700 107
1233 2.072553 107
1234 5.076688 107
1235 35.549391 107
1236 0.536158 107
1237 1.025729 107
1238 2.883917 107
1239 1.423256 107
1240 2.593702 107
1241 5.760044 107
1242 1.549307 107
1243 0.000000 107
1244 2.505206 107
1245 8.174538 107
1246 54.030334 107
1247 1.151409 107
1248 0.555881 107
1249 0.672713 107
1250 24.792950 107
1251 1.589766 107
1252 4.022761 107
1253 5.051924 107
1254 17.840303 107
1255 4.363815 107
1256 1.308123 107
1257 7.624432 107
1258 2.480838 107
1259 0.508901 107
1260 2.579843 107
1261 1.342412 107
1262 5.694290 107
1263 5.672907 107
1264 0.889635 107
1265 0.770437 107
1266 2.334778 107
1267 1.744726 107
1268 15.254662 107
1269 2.125258 107
1270 3.153286 107
1271 6.373004 107
1272 6.413790 107
1273 7.076960 107
1274 6.402693 107
1275 6.678827 107
1276 6.702213 107
1277 4.866673 107
1278 2.482667 107
1279 0.620768 107
1280 0.671592 107
1281 0.934496 107
1282 0.000000 107
1283 0.575278 107
1284 0.672671 107
1285 7.747879 107
1286 4.879463 107
1287 16.638787 107
1288 2.118252 107
1289 4.408172 107
1290 0.162206 107
1291 17.298802 107
1292 17.801917 107
1293 1.566274 107
1294 1.872551 107
1295 16.757793 107
1296 1.784147 107
1297 1.657613 107
1298 406.258157 107
1299 0.000000 107
1300 0.570105 108
1301 1.205637 108
1302 1.092603 108
1303 0.694567 108
1304 1.421119 108
1305 0.484061 108
1306 2.873763 108
1307 0.680427 108
1308 1.767005 108
1309 2.000469 108
1310 1.157563 108
1311 2.693469 108
1312 2.881206 108
1313 2.174985 108
1314 7.991611 108
1315 0.806744 108
1316 1.883603 108
1317 1.360209 108
1318 0.823243 108
1319 1.990734 108
1320 1.110672 108
1321 3.051888 108
1322 0.078654 108
1323 0.613738 108
1324 1.289648 108
1325 1.197057 108
1326 1.325468 108
1327 0.022654 108
1328 2.015556 108
1329 0.103083 108
1330 30.471854 108
1331 1.759283 108
1332 2.064913 108
1333 0.940023 108
1334 1.441865 108
1335 2.145490 108
1336 2.117158 108
1337 2.203359 108
1338 2.100557 108
1339 2.082166 108
1340 2.048624 108
1341 2.216388 108
1342 2.157544 108
1343 2.170755 108
1344 2.541145 108
1345 2.196474 108
1346 2.289796 108
1347 2.259621 108
1348 2.218444 108
1349 2.359400 108
1350 1.401641 99
1351 2.244993 99
1352 2.092764 99
1353 2.259908 99
1354 1.974279 99
1355 2.247569 99
1356 2.357486 99
1357 2.194523 99
1358 2.204214 99
1359 2.059773 99
1360 2.263984 99
1361 2.224862 99
1362 2.334174 99
1363 2.217315 99
1364 3.302764 99
1365 2.140307 99
1366 2.236949 99
1367 2.253257 99
1368 2.173324 99
1369 2.475896 99
1370 2.384596 99
1371 2.451328 99
1372 2.688276 99
1373 2.339390 99
1374 2.401055 99
1375 2.203795 99
1376 2.397869 99
1377 2.376687 99
1378 2.250116 99
1379 2.466166 99
1380 2.428057 99
1381 2.607823 99
1382 2.468745 99
1383 2.480260 99
1384 2.571669 99
1385 2.406810 99
1386 23.448968 99
1387 105.477816 99
1388 58.150403 99
1389 53.559277 99
1390 57.406620 99
1391 110.340015 99
1392 133.864700 99
1393 281.244070 99
1394 116.480400 99
1395 146.939793 99
1396 33.080940 99
1397 77.198047 99
1398 57.721488 99
1399 123.366682 99
1400 16.698298 96
1401 74.791322 96
1402 39.261592 96
1403 43.698283 96
1404 57.664401 96
1405 89.547642 96
1406 48.114232 96
1407 192.874391 96
1408 39.660898 96
1409 58.717132 96
1410 86.792353 96
1411 86.834982 96
1412 43.102165 96
1413 109.647836 96
1414 113.628158 96
1415 45.542760 96
1416 103.113203 96
1417 16.860389 96
1418 76.595190 96
1419 86.126933 96
1420 114.627650 96
1421 41.882456 96
1422 46.716967 96
1423 25.689509 96
1424 210.996774 96
1425 90.269459 96
1426 43.727556 95
1427 89.728329 95
1428 52.657671 95
1429 102.761363 95
1430 60.964665 95
1431 51.982219 95
1432 118.866551 95
1433 1.261084 95
1434 3.731625 95
1435 0.000000 95
1436 0.001817 95
1437 0.000000 95
1438 0.000000 95
1439 0.000000 95
1440 0.196528 95
1441 4.039270 95
1442 3.118112 95
1443 0.271556 95
1444 1.308069 95
1445 2.429894 95
1446 21.701687 95
1447 1.480190 95
1448 1.430974 95
1449 1.855910 95
1450 1.312502 90
1451 1.963291 90
1452 2.836032 90
1453 2.588861 90
1454 0.001040 90
1455 1.225956 90
1456 0.000000 90
1457 2.130779 90
1458 2.232434 90
1459 2.210792 90
1460 2.109348 90
1461 3.604680 90
1462 1.793020 90
1463 3.224418 90
1464 2.634634 90
1465 1.015028 90
1466 2.326272 90
1467 2.253874 90
1468 2.455650 90
1469 2.408473 90
1470 1.764616 90
1471 1.987351 90
1472 4.723158 90
1473 7.764246 88
1474 2.804471 90
1475 5.005721 90
1476 2.009658 90
1477 4.233214 90
1478 1.263755 90
1479 2.278853 90
1480 1.332710 90
1481 1.211855 90
1482 4.575744 90
1483 0.881831 90
1484 1.729679 90
1485 0.827587 90
1486 5.057833 90
1487 2.542223 90
1488 0.825608 90
1489 2.576993 90
1490 1.110711 90
1491 2.024512 90
1492 3.081291 90
1493 1.536705 90
1494 1.825572 90
1495 29.939519 90
1496 1.774155 90
1497 1.204019 90
1498 1.517019 90
1499 1.124364 90
1500 0.674962 103
1501 1.296480 103
1502 5.049772 103
1503 1.528501 103
1504 1.398206 103
1505 1.318071 103
1506 1.357210 103
1507 1.491019 103
1508 1.396345 103
1509 1.195023 103
1510 1.415968 103
1511 0.666303 103
1512 0.862793 103
1513 0.922768 103
1514 1.629970 103
1515 1.340766 103
1516 1.820678 103
1517 0.636983 103
1518 0.501501 103
1519 8.989895 103
1520 60.822295 103
1521 0.386293 103
1522 1.496903 103
1523 0.675148 103
1524 2.799902 103
1525 1.373854 103
1526 3.337582 103
1527 2.856247 103
1528 0.000000 103
1529 0.000000 103
1530 0.000000 103
1531 0.000000 103
1532 1.263618 103
1533 2.075662 103
1534 2.489553 103
1535 2.209053 103
1536 120.752696 103
1537 1.132687 103
1538 0.992885 103
1539 0.852006 103
1540 0.981530 103
1541 0.995579 103
1542 0.981659 103
1543 1.010481 103
1544 1.002252 103
1545 1.229203 103
1546 1.634398 103
1547 0.000000 103
1548 1.197932 103
1549 2.649354 103
1550 2.118113 118
1551 0.969626 118
1552 0.675405 118
1553 2.304203 118
1554 5.296226 118
1555 0.625183 118
1556 1.261884 118
1557 0.606560 118
1558 2.049340 118
1559 1.625178 118
1560 1.292123 118
1561 1.523154 118
1562 1.331699 118
1563 0.538968 118
1564 1.118154 118
1565 2.471326 118
1566 2.291941 118
1567 2.709430 118
1568 0.574275 118
1569 0.559896 118
1570 0.041473 118
1571 1.491075 118
1572 1.237854 118
1573 1.592174 118
1574 1.176872 118
1575 0.193710 118
1576 8.962592 118
1577 0.945241 118
1578 0.870125 118
1579 1.117937 118
1580 1.714078 118
1581 3.075624 118
1582 2.885380 118
1583 3.195639 118
1584 8.139903 118
1585 10.902484 118
1586 0.000000 118
1587 0.000000 118
1588 0.000000 118
1589 0.000000 118
1590 0.000000 118
1591 0.000000 118
1592 0.000000 118
1593 0.000000 118
1594 0.000000 118
1595 0.000000 118
1596 0.000000 118
1597 0.000000 118
1598 2.602075 118
1599 4.797975 118
1600 1.957512 110
1601 1.928765 110
1602 4.250708 110
1603 3.922216 110
1604 4.027214 110
1605 1.402379 110
1606 3.894290 110
1607 3.809370 110
1608 1.116441 110
1609 3.362985 110
1610 3.778061 110
1611 1.522638 110
1612 4.432482 110
1613 1.552606 110
1614 4.126934 110
1615 1.890623 110
1616 4.377725 110
1617 3.994863 110
1618 4.501078 110
1619 5.044922 110
1620 0.892985 110
1621 11.536214 110
1622 1.834144 110
1623 1.061676 110
1624 1.912449 110
1625 3.066779 110
1626 1.890099 110
1627 3.062716 110
1628 1.858004 110
1629 2.899822 110
1630 26.737467 110
1631 92.901827 110
1632 2.375694 110
1633 1.201333 110
1634 35.057188 110
1635 1.476645 110
1636 0.000000 110
1637 0.000000 110
1638 0.000000 110
1639 3.859784 110
1640 1.346956 110
1641 1.359980 110
1642 1.888323 110
1643 4.912303 110
1644 2.509840 110
1645 6.472132 110
1646 1.217456 110
1647 2.616259 110
1648 0.509496 110
1649 1.200430 110
1650 1.896373 96
1651 2.561244 96
1652 2.534709 96
1653 1.170421 96
1654 60.721278 96
1655 12.745684 96
1656 1.721892 96
1657 1.663749 96
1658 1.193415 96
1659 1.139324 96
1660 1.507869 96
1661 2.492592 96
1662 2.029689 96
1663 2.175424 96
1664 0.240421 96
1665 1.507003 96
1666 1.597857 96
1667 0.640217 96
1668 1.234457 96
1669 1.490322 96
1670 0.570818 96
1671 1.352795 96
1672 0.041335 96
1673 0.016630 96
1674 0.017786 96
1675 0.017885 96
1676 0.015126 96
1677 0.009908 96
1678 0.015527 96
1679 0.256323 96
1680 0.018569 96
1681 0.345426 96
1682 1.952227 96
1683 4.409696 96
1684 4.367079 96
1685 0.495054 96
1686 0.691033 96
1687 3.289643 96
1688 1.748342 96
1689 0.915106 96
1690 100.516839 96
1691 2.007330 96
1692 95.553140 96
1693 0.493101 96
1694 1.668701 96
1695 3.690929 96
1696 1.650801 96
1697 3.600502 96
1698 1.304989 96
1699 3.460154 96
1700 1.123222 95
1701 2.716875 95
1702 2.508311 95
1703 0.622885 95
1704 0.633444 95
1705 2.007964 95
1706 5.155201 95
1707 4.837189 95
1708 4.058029 95
1709 4.050778 95
1710 10.560263 95
1711 30.961991 95
1712 30.803821 95
1713 30.401724 95
1714 0.952873 95
1715 1.330136 95
1716 0.712785 95
1717 1.834451 95
1718 8.665172 95
1719 1.121200 95
1720 0.843931 95
1721 0.835447 95
1722 1.173902 95
1723 4.196469 95
1724 1.259135 95
1725 0.806747 95
1726 46.679313 95
1727 9.929446 95
1728 17.579756 95
1729 0.620089 95
1730 0.822529 95
1731 1.498510 95
1732 3.542186 95
1733 26.140717 95
1734 1.454952 95
1735 1.224664 95
1736 1.424464 95
1737 2.095756 95
1738 1.398637 95
1739 0.157806 95
1740 1.214546 95
1741 1.019135 95
1742 148.678870 95
1743 3.480985 95
1744 2.042774 95
1745 1.291285 95
1746 0.914086 95
1747 26.424784 95
1748 0.315893 95
1749 7.220325 95
1750 3.306088 119
1751 2.017258 119
1752 0.725811 119
1753 1.403578 119
1754 3.405206 119
1755 3.364982 119
1756 20.959712 119
1757 1.187899 119
1758 1.005555 119
1759 32.613194 119
1760 2.395939 119
1761 1.598231 119
1762 2.029249 119
1763 2.177102 119
1764 1.712769 119
1765 1.900255 119
1766 2.354322 119
1767 3.173474 119
1768 1.779736 119
1769 0.000000 119
1770 0.000000 119
1771 0.364447 119
1772 1.216384 119
1773 5.250647 119
1774 1.599801 119
1775 3.788735 119
1776 0.202562 119
1777 0.321143 119
1778 0.342370 119
1779 1.905959 119
1780 1.021719 119
1781 6.140451 119
1782 7.861860 119
1783 23.116822 119
1784 13.336663 119
1785 1.125436 119
1786 2.184778 119
1787 0.000000 119
1788 1.233028 119
1789 1.426268 119
1790 2.442586 119
1791 0.113752 119
1792 1.662813 119
1793 3.456507 119
1794 3.645962 119
1795 0.983636 119
1796 0.938841 119
1797 2.219515 119
1798 0.961537 119
1799 0.981335 119
1800 0.564329 115
1801 2.788381 115
1802 0.530603 115
1803 0.731921 115
1804 1.688637 115
1805 0.717156 115
1806 0.716191 115
1807 0.000000 115
1808 1.678747 115
1809 2.231643 115
1810 0.611451 115
1811 0.053644 115
1812 0.574898 115
1813 2.315492 115
1814 2.857980 115
1815 2.787247 115
1816 13.635625 115
1817 1.255689 115
1818 1.098996 115
1819 1.350236 115
1820 1.238319 115
1821 149.045700 115
1822 190.099956 115
1823 1.944895 115
1824 2.317008 115
1825 0.924448 115
1826 1.006285 115
1827 8.132654 115
1828 8.689016 115
1829 8.380746 115
1830 1.150025 115
1831 22.123652 115
1832 87.667719 115
1833 1.349348 115
1834 14.109794 115
1835 1.215900 115
1836 13.625112 115
1837 1.086851 115
1838 0.653869 115
1839 1.931221 115
1840 1.040116 115
1841 7.225200 115
1842 15.115716 115
1843 6.848967 115
1844 1.994137 115
1845 1.242579 115
1846 1.147392 115
1847 0.007916 115
1848 0.011195 115
1849 0.825212 115
1850 1.015746 107
1851 9.919407 107
1852 0.023133 107
1853 0.795837 107
1854 1.676879 107
1855 1.792012 107
1856 0.524190 107
1857 0.630686 107
1858 1.736437 107
1859 1.801566 107
1860 1.255971 107
1861 1.086155 107
1862 182.784251 107
1863 0.296950 107
1864 0.895061 107
1865 1.313725 107
1866 0.674688 107
1867 1.286935 107
1868 0.547132 107
1869 0.568199 107
1870 0.780714 107
1871 1.221154 107
1872 0.066998 107
1873 0.107705 107
1874 0.038151 107
1875 0.699961 107
1876 0.776301 107
1877 1.700328 107
1878 15.973374 107
1879 3.491633 107
1880 5.022853 107
1881 3.148458 107
1882 41.111306 107
1883 3.209333 107
1884 16.063016 107
1885 2.775090 107
1886 2.891050 107
1887 74.106653 107
1888 7.962270 107
1889 17.715238 107
1890 4.685327 107
1891 1.661269 107
1892 1.649663 107
1893 1.400027 107
1894 0.632201 107
1895 1.250974 107
1896 1.189665 107
1897 0.743797 107
1898 0.867601 107
1899 1.970857 107
1900 0.792531 108
1901 3.020303 108
1902 0.482185 108
1903 0.245242 108
1904 0.415352 108
1905 0.000000 108
1906 0.000000 108
1907 0.000000 108
1908 0.000000 108
1909 0.000000 108
1910 0.000000 108
1911 0.000000 108
1912 2.966862 108
1913 6.360185 108
1914 6.475279 108
1915 6.377210 108
1916 6.425096 108
1917 6.284765 108
1918 6.290252 108
1919 6.228578 108
1920 5.879960 108
1921 6.352041 108
1922 6.198149 108
1923 6.381760 108
1924 6.098079 108
1925 6.042284 108
1926 5.772921 108
1927 6.190423 108
1928 6.456567 108
1929 6.188488 108
1930 6.028061 108
1931 6.107342 108
1932 5.995564 108
1933 6.179663 108
1934 6.167058 108
1935 6.366290 108
1936 1.470013 108
1937 3.709414 108
1938 2.927117 108
1939 1.694894 108
1940 3.662274 108
1941 3.529940 108
1942 0.067200 108
1943 1.059933 108
1944 2.273989 108
1945 1.427808 108
1946 2.215994 108
1947 2.643967 108
1948 6.482919 103
1949 0.000000 108
1950 2.072257 103
1951 0.563486 103
1952 1.201388 103
1953 1.906497 103
1954 1.535266 103
1955 4.082009 103
1956 1.404028 103
1957 13.059318 103
1958 1.145444 103
1959 2.635744 103
1960 4.499623 103
1961 1.240867 103
1962 0.000000 103
1963 0.000000 103
1964 1.282596 103
1965 25.233904 103
1966 1.262880 103
1967 0.525639 103
1968 1.836423 103
1969 1.459492 103
1970 0.599339 103
1971 0.000000 103
1972 0.647895 103
1973 1.212796 103
1974 1.107526 103
1975 1.180374 103
1976 1.758529 103
1977 2.013943 103
1978 1.998977 103
1979 0.556313 102
1980 21.436944 102
1981 1.642188 102
1982 3.693595 102
1983 3.616140 102
1984 3.826868 102
1985 10.468567 102
1986 10.930631 102
1987 10.715543 102
1988 1.463473 102
1989 3.827749 102
1990 1.222115 102
1991 3.343209 102
1992 1.954361 102
1993 3.205445 102
1994 1.742326 102
1995 3.411904 102
1996 3.717255 102
1997 100.742047 102
1998 114.428742 102
1999 116.052547 102
2000 74.760216 115
2001 84.089365 115
2002 82.652118 115
2003 90.502300 115
2004 4.090663 115
2005 3.229365 115
2006 4.811893 115
2007 1.053422 115
2008 1.622107 115
2009 1.725696 115
2010 60.409964 115
2011 0.963656 115
2012 2.178095 115
2013 14.912612 115
2014 0.000000 115
2015 1.985040 115
2016 0.961347 115
2017 1.012221 115
2018 1.281671 115
2019 1.057336 115
2020 3.134235 115
2021 1.244478 115
2022 1.685392 115
2023 1.191132 115
2024 11.840854 115
2025 5.218281 115
2026 1.414683 115
2027 1.151706 115
2028 1.146182 115
2029 0.089216 115
2030 1.281489 115
2031 1.415074 115
2032 1.582098 115
2033 2.045535 115
2034 12.806732 115
2035 1.948596 115
2036 1.070407 115
2037 250.802092 115
2038 1.577996 115
2039 1.581701 115
2040 1.073137 115
2041 1.230156 115
2042 1.180086 115
2043 7.758487 115
2044 9.944509 115
2045 2.485510 115
2046 5.034602 115
2047 5.230013 115
2048 4.963860 115
2049 3.152891 115
2050 2.707515 115
2051 6.834281 115
2052 7.073838 115
2053 1.395584 115
2054 3.004471 115
2055 3.082182 115
2056 2.141178 115
2057 56.813397 115
2058 8.839104 115
2059 7.528052 115
2060 7.213039 115
2061 7.926245 115
2062 0.139487 115
2063 1.888836 115
2064 0.247545 115
2065 3.160212 115
2066 2.239546 115
2067 0.280122 115
2068 3.649942 115
2069 1.026901 115
2070 30.840215 115
2071 28.624217 115
2072 13.239461 115
2073 1.364991 115
2074 3.181002 115
2075 26.574159 115
2076 1.452557 115
2077 3.052128 115
2078 0.520544 115
2079 1.401751 115
2080 12.808903 115
2081 1.038963 115
2082 2.506692 115
2083 0.236539 115
2084 0.561967 115
2085 0.550152 115
2086 0.608356 115
2087 0.544982 115
2088 0.509437 115
2089 0.802686 115
2090 1.235105 115
2091 0.816100 115
2092 0.159414 115
2093 0.429324 115
2094 0.361606 115
2095 0.469351 115
2096 0.055415 115
2097 0.470434 115
2098 0.639888 115
2099 1.148466 115
2100 0.574769 106
2101 0.689470 106
2102 0.007310 106
2103 29.612103 106
2104 37.360182 106
2105 0.926816 106
2106 0.520112 106
2107 0.274387 106
2108 0.808316 106
2109 1.356212 106
2110 2.853231 106
2111 0.703007 106
2112 0.812461 106
2113 12.956956 106
2114 59.663370 106
2115 107.801795 106
2116 100.186068 106
2117 22.610449 106
2118 49.519544 106
2119 51.104465 106
2120 40.896272 106
2121 42.237384 106
2122 88.729923 106
2123 39.502457 106
2124 247.360235 106
2125 2.039740 106
2126 25.989486 106
2127 16.356167 106
2128 1.419365 106
2129 1.564735 106
2130 1.532019 106
2131 1.304010 106
2132 2.079627 106
2133 0.942862 106
2134 1.552138 106
2135 1.607513 106
2136 0.000000 106
2137 0.000000 106
2138 1.182680 106
2139 0.823200 106
2140 0.815600 106
2141 4.608871 106
2142 1.757551 106
2143 1.802997 106
2144 10.072360 106
2145 21.338326 106
2146 75.696666 106
2147 17.084726 106
2148 2.250387 106
2149 1.078816 106
2150 16.021449 99
2151 4.889127 99
2152 0.650970 99
2153 1.369933 99
2154 1.339908 99
2155 1.592513 99
2156 6.515882 99
2157 15.216325 99
2158 5.954265 99
2159 5.707198 99
2160 0.001783 99
2161 0.000000 99
2162 0.000000 99
2163 0.000000 99
2164 0.000000 99
2165 0.000000 99
2166 0.000000 99
2167 0.000000 99
2168 0.000000 99
2169 0.000000 99
2170 0.000000 99
2171 0.000000 99
2172 0.000000 99
2173 0.000000 99
2174 0.000000 99
2175 0.000000 99
2176 0.000000 99
2177 0.000000 99
2178 0.000000 99
2179 0.000000 99
2180 0.000000 99
2181 0.000000 99
2182 0.000000 99
2183 0.000000 99
2184 0.000000 99
2185 0.000000 99
2186 0.000000 99
2187 0.000000 99
2188 0.000000 99
2189 0.000000 99
2190 0.000000 99
2191 0.000000 99
2192 0.000000 99
2193 0.000000 99
2194 0.000000 99
2195 0.000000 99
2196 0.000000 99
2197 0.000000 99
2198 0.000000 99
2199 0.000000 99
2200 0.000000 99
2201 0.000000 99
2202 0.000000 99
2203 0.000000 99
2204 0.000000 99
2205 0.000000 99
2206 0.000000 99
2207 0.000000 99
2208 0.000000 99
2209 0.000000 99
2210 0.000000 99
2211 0.000000 99
2212 0.000000 99
2213 0.000000 99
2214 0.000000 99
2215 0.000000 99
2216 0.000000 99
2217 0.000000 99
2218 0.000000 99
2219 0.000000 99
2220 0.000000 99
2221 0.000000 99
2222 0.000000 99
2223 0.000000 99
2224 0.000000 99
2225 0.000000 99
2226 0.000000 99
2227 0.000000 99
2228 0.000000 99
2229 0.000000 99
2230 0.000000 99
2231 0.000000 99
2232 0.000000 99
2233 0.000000 99
2234 0.000000 99
2235 0.000000 99
2236 0.000000 99
2237 0.000000 99
2238 0.000000 99
2239 0.000000 99
2240 0.000000 99
2241 0.000000 99
2242 0.000000 99
2243 0.000000 99
2244 0.000000 99
2245 0.000000 99
2246 0.000000 99
2247 0.000000 99
2248 0.000000 99
2249 0.000000 99
2250 0.000000 98
2251 0.000000 98
2252 0.000000 98
2253 0.000000 98
2254 0.000000 98
2255 0.000000 98
2256 0.000000 98
2257 0.000000 98
2258 0.000000 98
2259 0.000000 98
2260 0.000000 98
2261 0.000000 98
2262 0.000000 98
2263 0.000000 98
2264 0.000000 98
2265 0.000000 98
2266 0.000000 98
2267 0.000000 98
2268 0.000000 98
2269 0.000000 98
2270 0.000000 98
2271 0.000000 98
2272 0.000000 98
2273 0.000000 98
2274 0.000000 98
2275 0.000000 98
2276 0.000000 98
2277 0.000000 98
2278 0.000000 98
2279 0.000000 98
2280 0.000000 98
2281 0.000000 98
2282 0.000000 98
2283 0.000000 98
2284 0.000000 98
2285 0.000000 98
2286 0.000000 98
2287 0.000000 98
2288 0.000000 98
2289 0.000000 98
2290 0.000000 98
2291 0.000000 98
2292 0.000000 98
2293 0.000000 98
2294 0.000000 98
2295 0.000000 98
2296 0.000000 98
2297 0.000000 98
2298 0.000000 98
2299 0.000000 98
2300 0.000000 96
2301 0.000000 96
2302 0.000000 96
2303 0.000000 96
2304 0.000000 96
2305 0.000000 96
2306 0.000000 96
2307 0.000000 96
2308 0.000000 96
2309 0.000000 96
2310 0.000000 96
2311 0.000000 96
2312 0.000000 96
2313 0.000000 96
2314 0.000000 96
2315 0.000000 96
2316 0.000000 96
2317 0.000000 96
2318 0.000000 96
2319 0.000000 96
2320 0.000000 96
2321 0.000000 96
2322 0.000000 96
2323 0.000000 96
2324 0.000000 96
2325 0.000000 96
2326 0.000000 96
2327 0.000000 96
2328 0.000000 96
2329 0.000000 96
2330 0.000000 96
2331 0.000000 96
2332 0.000000 96
2333 0.000000 96
2334 0.000000 96
2335 0.000000 96
2336 0.000000 96
2337 0.000000 96
2338 0.000000 96
2339 0.000000 96
2340 0.000000 96
2341 0.000000 96
2342 0.000000 96
2343 0.000000 96
2344 0.000000 96
2345 0.000000 96
2346 0.000000 96
2347 0.000000 96
2348 0.000000 96
2349 0.000000 96
2350 0.000000 83
2351 2.200779 83
2352 1.663517 83
2353 23.916581 83
2354 3.955350 83
2355 3.275180 83
2356 28.730340 83
2357 112.819703 83
2358 87.904284 83
2359 186.138398 83
2360 50.850776 83
2361 139.236333 83
2362 212.848105 83
2363 111.285261 83
2364 87.677416 83
2365 81.944903 83
2366 234.026417 83
2367 147.481088 83
2368 262.576408 83
2369 43.255939 83
2370 239.369166 83
2371 132.496625 83
2372 41.504137 83
2373 181.314844 83
2374 82.438461 83
2375 263.332072 83
2376 95.431939 83
2377 140.475030 83
2378 82.003443 83
2379 187.071624 83
2380 52.096864 83
2381 162.955062 83
2382 50.034724 83
2383 2.191630 83
2384 4.930664 83
2385 5.250141 83
2386 2.336832 83
2387 5.226786 83
2388 5.387202 83
2389 33.833860 83
2390 4.299860 83
2391 4.961123 83
2392 1.286754 83
2393 3.673210 83
2394 3.466147 83
2395 1.954953 83
2396 3.979671 83
2397 4.683833 83
2398 1.858191 83
2399 4.078894 83
2400 2.253424 114
2401 5.147159 114
2402 4.684997 114
2403 5.054662 114
2404 5.541814 114
2405 5.149442 114
2406 5.169212 114
2407 5.045833 114
2408 5.942831 114
2409 5.596795 114
2410 1.115528 114
2411 0.010529 114
2412 1.584075 114
2413 2.553704 114
2414 1.912921 114
2415 2.526557 114
2416 2.183863 114
2417 3.492768 114
2418 3.784016 114
2419 5.315558 114
2420 2.528627 114
2421 0.000000 114
2422 0.000000 114
2423 0.000000 114
2424 0.000000 114
2425 0.000000 114
2426 0.000000 114
2427 0.000000 114
2428 0.000000 114
2429 0.000000 114
2430 0.000000 114
2431 0.000000 114
2432 1.095946 114
2433 0.881780 114
2434 2.247102 114
2435 12.033935 114
2436 3.043094 114
2437 1.623365 114
2438 1.907776 114
2439 2.579873 114
2440 2.824697 114
2441 0.023107 114
2442 0.027072 114
2443 0.030554 114
2444 2.356414 114
2445 5.992349 114
2446 14.284111 114
2447 228.260928 114
2448 3.588235 114
2449 3.308912 114
2450 0.335235 112
2451 0.419636 112
2452 0.431217 112
2453 1.133699 112
2454 4.116749 112
2455 68.457641 112
2456 140.329036 112
2457 0.105443 112
2458 1.149661 112
2459 3.347640 112
2460 0.889308 112
2461 10.268281 112
2462 16.715540 112
2463 4.162063 112
2464 1.533143 112
2465 3.892603 112
2466 1.823106 112
2467 2.808255 112
2468 4.639229 112
2469 1.602225 112
2470 1.083116 112
2471 0.425546 112
2472 1.116830 112
2473 0.013498 112
2474 1.540720 112
2475 1.131139 112
2476 1.892742 112
2477 2.713372 112
2478 17.162717 112
2479 4.140909 112
2480 0.319250 112
2481 3.786060 112
2482 1.528432 112
2483 1.906042 112
2484 1.270289 112
2485 3.240957 112
2486 1.923782 112
2487 17.370583 112
2488 1.428663 112
2489 7.350791 112
2490 0.995072 112
2491 3.580336 112
2492 1.684162 112
2493 0.816078 112
2494 1.990031 112
2495 2.100107 112
2496 1.309588 112
2497 78.282687 112
2498 1.333308 112
2499 1.869809 112
2500 1.263945 107
2501 1.660099 107
2502 0.007125 107
2503 0.220867 107
2504 2.152568 107
2505 4.966697 107
2506 1.892228 107
2507 3.122359 107
2508 1.248521 107
2509 1.991858 107
2510 2.198179 107
2511 2.268051 107
2512 1.564389 107
2513 16.601367 107
2514 1.391965 107
2515 1.777582 107
2516 4.290489 107
2517 1.253815 107
2518 2.271215 107
2519 0.000000 107
2520 1.816493 107
2521 1.853704 107
2522 2.386443 107
2523 1.818235 107
2524 1.475837 107
2525 1.572510 107
2526 1.669443 107
2527 1.423382 107
2528 11.057275 107
2529 5.483484 107
2530 4.340173 107
2531 1.121675 107
2532 42.042509 107
2533 48.154227 107
2534 1.428304 107
2535 2.197846 107
2536 2.468984 107
2537 1.714578 107
2538 1.552041 107
2539 2.157588 107
2540 2.227887 107
2541 1.842512 107
2542 2.105356 107
2543 0.645322 107
2544 0.914322 107
2545 2.269899 107
2546 2.215522 107
2547 1.869355 107
2548 24.278765 107
2549 1.883776 107
2550 1.428400 101
2551 1.364302 101
2552 0.211929 101
2553 2.454850 101
2554 0.000000 101
2555 4.185506 101
2556 1.650961 101
2557 1.942249 101
2558 1.396928 101
2559 1.168853 101
2560 1.091961 101
2561 1.473835 101
2562 1.066255 101
2563 0.000000 101
2564 0.000000 101
2565 0.000000 101
2566 0.000000 101
2567 0.000000 101
2568 0.000000 101
2569 0.000000 101
2570 0.000000 101
2571 0.000000 101
2572 0.000000 101
2573 0.000000 101
2574 0.000000 101
2575 0.000000 101
2576 0.000000 101
2577 0.000000 101
2578 0.000000 101
2579 0.000000 101
2580 0.000000 101
2581 0.000000 101
2582 0.000000 101
2583 0.000000 101
2584 0.000000 101
2585 0.000000 101
2586 0.000000 101
2587 0.000000 101
2588 0.000000 101
2589 0.000000 101
2590 0.000000 101
2591 0.000000 101
2592 0.000000 101
2593 0.000000 101
2594 0.000000 101
2595 0.000000 101
2596 0.000000 101
2597 0.000000 101
2598 0.000000 101
2599 0.000000 101
2600 0.000000 101
2601 0.000000 101
2602 0.000000 101
2603 0.000000 101
2604 0.000000 101
2605 0.000000 101
2606 0.000000 101
2607 0.000000 101
2608 0.000000 101
2609 0.000000 101
2610 0.000000 101
2611 0.000000 101
2612 0.000000 101
2613 0.000000 101
2614 0.000000 101
2615 0.000000 101
2616 0.000000 101
2617 0.000000 101
2618 0.000000 101
2619 0.000000 101
2620 0.000000 101
2621 0.000000 101
2622 0.000000 101
2623 0.000000 101
2624 0.000000 101
2625 0.000000 101
2626 0.000000 101
2627 0.000000 101
2628 0.000000 101
2629 0.000000 101
2630 0.000000 101
2631 0.000000 101
2632 0.000000 101
2633 0.000000 101
2634 0.000000 101
2635 0.000000 101
2636 0.000000 101
2637 0.000000 101
2638 0.000000 101
2639 0.000000 101
2640 0.000000 101
2641 0.000000 101
2642 0.000000 101
2643 0.000000 101
2644 0.000000 101
2645 0.000000 101
2646 0.000000 101
2647 0.000000 101
2648 0.000000 101
2649 0.000000 101
2650 0.000000 102
2651 0.000000 102
2652 0.000000 102
2653 0.000000 102
2654 0.000000 102
2655 0.000000 102
2656 0.000000 102
2657 0.000000 102
2658 0.000000 102
2659 0.000000 102
2660 0.000000 102
2661 0.000000 102
2662 0.000000 102
2663 4.589329 102
2664 6.769804 102
2665 2.569898 102
2666 8.306789 102
2667 0.000000 102
2668 0.000000 102
2669 0.000000 102
2670 0.000000 102
2671 0.000000 102
2672 0.000000 102
2673 0.000000 102
2674 0.000000 102
2675 0.000000 102
2676 0.000000 102
2677 0.000000 102
2678 0.000000 102
2679 0.000000 102
2680 0.000000 102
2681 0.000000 102
2682 0.000000 102
2683 0.000000 102
2684 0.000000 102
2685 0.000000 102
2686 0.000000 102
2687 0.000747 102
2688 0.001738 102
2689 0.002290 102
2690 0.003675 102
2691 0.004579 102
2692 0.004300 102
2693 0.004993 102
2694 0.005102 102
2695 0.004756 102
2696 0.006248 102
2697 0.007842 102
2698 0.009135 102
2699 0.008747 102
2700 0.000000 100
2701 0.000000 100
2702 0.000000 100
2703 0.000000 100
2704 0.000000 100
2705 0.000000 100
2706 0.000000 100
2707 0.000000 100
2708 0.000000 100
2709 0.000000 100
2710 0.000000 100
2711 4.044325 100
2712 2.978046 100
2713 3.109897 100
2714 43.683000 100
2715 2.893050 100
2716 219.341717 100
2717 3.321312 100
2718 58.507758 100
2719 1.760750 100
2720 1.664987 100
2721 21.711287 100
2722 3.432485 100
2723 2.220690 100
2724 3.088112 100
2725 3.417463 100
2726 3.723247 100
2727 3.930029 100
2728 3.924521 100
2729 12.723476 100
2730 143.106794 100
2731 3.690530 100
2732 3.701999 100
2733 222.436291 100
2734 3.227281 100
2735 7.056367 100
2736 2.234653 100
2737 6.584524 100
2738 4.968310 100
2739 4.308576 100
2740 3.598484 100
2741 3.770056 100
2742 4.908154 100
2743 39.629392 100
2744 4.313754 100
2745 3.875379 100
2746 13.743231 100
2747 2.403023 100
2748 25.462066 100
2749 2.484176 100
2750 7.158284 95
2751 3.568797 95
2752 7.311513 95
2753 3.472887 95
2754 2.527140 95
2755 5.127888 95
2756 2.399685 95
2757 2.772362 95
2758 2.792987 95
2759 1.850560 95
2760 0.955823 95
2761 0.976237 95
2762 0.805356 95
2763 1.046309 95
2764 0.974417 95
2765 1.030889 95
2766 1.033194 95
2767 1.077770 95
2768 1.123673 95
2769 1.119976 95
2770 1.338834 95
2771 1.208178 95
2772 1.305151 95
2773 1.164113 95
2774 1.037025 95
2775 1.070478 95
2776 1.455198 95
2777 1.043184 95
2778 1.408298 95
2779 1.256977 95
2780 1.323179 95
2781 1.193764 95
2782 1.330126 95
2783 1.127231 95
2784 1.143827 95
2785 2.016593 95
2786 1.686208 95
2787 1.239224 95
2788 3.771345 95
2789 1.342071 95
2790 1.917644 95
2791 2.109750 95
2792 2.172955 95
2793 2.273234 95
2794 1.897242 95
2795 1.927213 95
2796 1.920649 95
2797 1.951829 95
2798 1.894348 95
2799 2.052417 95
2800 1.689595 99
2801 2.337268 99
2802 1.960506 99
2803 2.367568 99
2804 2.309444 99
2805 2.078286 99
2806 2.224133 99
2807 2.527214 99
2808 1.705664 99
2809 2.253597 99
2810 2.108564 99
2811 1.916625 99
2812 1.769768 99
2813 1.915963 99
2814 1.963499 99
2815 1.868801 99
2816 4.247211 99
2817 3.624943 99
2818 4.390767 99
2819 0.000000 99
2820 0.000000 99
2821 0.000000 99
2822 0.000000 99
2823 0.000000 99
2824 0.000000 99
2825 0.000000 99
2826 0.000000 99
2827 0.000000 99
2828 0.000000 99
2829 0.000000 99
2830 0.000000 99
2831 0.000000 99
2832 0.000000 99
2833 0.000000 99
2834 0.000000 99
2835 0.000000 99
2836 0.000000 99
2837 0.000000 99
2838 0.000000 99
2839 3.876256 99
2840 7.619165 99
2841 8.348147 99
2842 3.348075 99
2843 5.983499 99
2844 8.045099 99
2845 7.613404 99
2846 2.279911 99
2847 4.445474 99
2848 4.765443 99
2849 4.686610 99
2850 1.411203 103
2851 4.217170 103
2852 3.842542 103
2853 4.204781 103
2854 3.824499 103
2855 8.765703 103
2856 8.903102 103
2857 3.584704 103
2858 5.420721 103
2859 5.590606 103
2860 5.579463 103
2861 0.939667 103
2862 3.342872 103
2863 1.385125 103
2864 3.526576 103
2865 3.682249 103
2866 6.571934 103
2867 20.445219 103
2868 8.503488 103
2869 3.125850 103
2870 5.725708 103
2871 6.066842 103
2872 6.735959 103
2873 1.556571 103
2874 1.479790 103
2875 1.665104 103
2876 1.604009 103
2877 1.925153 103
2878 1.558287 103
2879 1.536085 103
2880 1.472269 103
2881 1.846183 103
2882 1.920642 103
2883 2.000309 103
2884 1.846109 103
2885 1.850228 103
2886 1.788793 103
2887 1.498697 103
2888 1.758071 103
2889 2.045542 103
2890 1.402615 103
2891 2.067044 102
2892 2.134718 103
2893 0.898995 103
2894 3.338969 103
2895 3.074983 103
2896 6.164515 103
2897 69.854803 103
2898 3.629028 103
2899 3.568826 103
2900 1.444076 84
2901 3.060511 84
2902 3.288291 84
2903 3.227476 84
2904 2.029471 84
2905 4.944486 84
2906 4.845765 84
2907 4.500837 84
2908 2.009251 84
2909 3.571212 84
2910 4.104195 84
2911 2.220963 84
2912 4.434739 84
2913 4.438276 84
2914 4.353647 84
2915 4.698957 84
2916 3.059271 84
2917 6.705568 84
2918 6.981568 84
2919 6.832758 84
2920 1.358182 84
2921 4.760481 84
2922 5.381196 84
2923 1.549915 84
2924 3.754236 84
2925 3.571817 84
2926 3.355670 84
2927 2.790485 84
2928 8.313925 84
2929 7.445992 84
2930 8.124258 84
2931 1.187257 84
2932 3.920512 84
2933 3.885591 84
2934 3.654098 84
2935 1.059197 84
2936 3.154311 84
2937 2.663934 84
2938 9.390038 84
2939 9.790373 84
2940 9.294485 84
2941 9.087927 84
2942 9.912895 84
2943 10.385445 84
2944 3.043984 84
2945 5.409873 84
2946 5.376849 84
2947 5.348860 84
2948 3.286882 84
2949 4.908404 84
2950 1.801292 96
2951 3.542432 96
2952 4.143819 96
2953 1.375276 96
2954 3.215381 96
2955 1.528976 96
2956 3.925947 96
2957 3.140592 96
2958 1.500869 96
2959 4.008347 96
2960 4.056069 96
2961 3.555523 96
2962 2.475840 96
2963 6.102949 96
2964 5.417385 96
2965 2.316373 96
2966 6.661392 96
2967 6.556385 96
2968 6.818803 96
2969 26.276298 96
2970 31.645713 96
2971 1.808956 96
2972 0.515159 96
2973 4.445765 96
2974 3.485403 96
2975 2.982150 96
2976 6.880822 96
2977 9.414406 96
2978 2.391437 96
2979 5.735619 96
2980 5.362694 96
2981 1.001468 96
2982 2.435561 96
2983 1.766075 96
2984 5.171028 96
2985 1.723842 96
2986 4.126621 96
2987 4.643780 96
2988 2.324660 96
2989 5.223125 96
2990 1.431914 96
2991 2.497042 96
2992 5.444500 96
2993 4.019595 96
2994 11.161758 96
2995 2.266131 96
2996 6.290739 96
2997 2.326014 96
2998 6.383601 96
2999 0.000000 96
3000 0.000000 100
3001 0.000000 100
3002 0.000000 100
3003 0.000000 100
3004 0.000000 100
3005 0.000000 100
3006 0.000000 100
3007 0.000000 100
3008 41.459192 100
3009 295.649198 100
3010 109.366629 100
3011 488.354375 100
3012 163.861475 100
3013 457.731370 100
3014 219.270360 100
3015 260.553311 100
3016 385.611303 100
3017 469.978783 100
3018 116.712951 100
3019 140.244785 100
3020 72.568567 100
3021 280.948040 100
3022 1.234933 100
3023 2.436452 100
3024 2.620399 100
3025 2.321087 100
3026 7.113842 100
3027 0.000000 100
3028 0.000000 100
3029 0.000000 100
3030 1.577995 100
3031 3.410122 100
3032 1.995808 100
3033 5.047619 100
3034 2.703769 100
3035 7.062102 100
3036 72.340626 100
3037 76.246143 100
3038 76.329002 100
3039 3.755802 100
3040 9.698841 100
3041 2.405090 100
3042 5.753402 100
3043 2.377194 100
3044 9.657186 100
3045 3.079938 100
3046 8.316804 100
3047 7.776317 100
3048 2.595530 100
3049 6.985348 100
3050 2.321432 91
3051 6.604075 91
3052 1.767860 91
3053 3.481928 91
3054 3.586574 91
3055 2.305424 91
3056 6.350644 91
3057 1.209333 91
3058 2.842424 91
3059 2.263632 91
3060 1.630822 91
3061 3.788375 91
3062 0.000000 91
3063 0.000000 91
3064 0.000000 91
3065 0.000000 91
3066 0.000000 91
3067 3.020486 91
3068 8.848803 91
3069 3.436394 91
3070 2.623500 91
3071 4.256439 91
3072 4.358130 91
3073 4.428597 91
3074 4.444287 91
3075 4.332499 91
3076 4.381085 91
3077 4.402480 91
3078 4.403633 91
3079 4.401427 91
3080 4.298909 91
3081 4.294295 91
3082 4.444578 91
3083 4.610255 91
3084 4.424515 91
3085 4.558439 91
3086 4.343129 91
3087 7.870441 91
3088 6.693684 91
3089 12.481354 91
3090 105.065513 91
3091 18.165666 91
3092 8.096089 91
3093 7.904142 91
3094 11.494834 91
3095 13.906558 91
3096 9.756174 91
3097 0.653182 91
3098 0.978041 91
3099 1.020692 91
3100 0.311192 97
3101 0.944572 97
3102 0.903663 97
3103 0.906519 97
3104 0.945650 97
3105 0.906015 97
3106 0.910986 97
3107 0.926762 97
3108 0.789787 97
3109 1.690426 97
3110 2.263715 97
3111 25.556277 97
3112 1.550082 97
3113 439.369639 97
3114 18.280057 97
3115 2.222833 97
3116 3.661866 97
3117 6.513109 97
3118 4.340366 97
3119 5.653812 97
3120 44.139630 97
3121 1.506892 97
3122 4.468821 97
3123 3.852993 97
3124 1.204149 97
3125 1.079329 97
3126 3.779717 97
3127 3.953183 97
3128 3.159209 97
3129 3.305548 97
3130 3.321095 97
3131 3.853475 97
3132 1.277699 97
3133 4.760628 97
3134 7.776314 97
3135 7.405866 97
3136 7.414999 97
3137 6.815072 97
3138 7.727283 97
3139 3.823146 97
3140 7.407040 97
3141 6.903155 97
3142 10.546106 97
3143 9.976639 97
3144 10.857006 97
3145 13.372570 97
3146 6.404033 97
3147 2.728299 97
3148 3.772893 97
3149 3.803027 97
3150 2.942812 103
3151 5.785392 103
3152 2.876506 103
3153 5.528997 103
3154 25.452959 103
3155 7.214969 103
3156 4.432867 103
3157 30.089486 103
3158 8.670827 103
3159 8.672736 103
3160 4.520277 103
3161 3.301623 103
3162 5.159239 103
3163 291.180634 103
3164 11.212205 103
3165 17.190116 103
3166 3.637692 103
3167 2.587632 103
3168 4.103519 103
3169 4.565746 103
3170 5.085856 103
3171 10.066551 103
3172 8.411984 103
3173 10.607771 103
3174 6.652258 103
3175 5.158862 103
3176 5.778547 103
3177 12.771471 103
3178 5.043110 103
3179 5.700012 103
3180 7.505968 103
3181 8.099415 103
3182 7.261040 103
3183 7.503703 103
3184 7.227388 103
3185 5.457068 103
3186 0.000000 103
3187 0.000000 103
3188 0.000000 103
3189 0.000000 103
3190 0.000000 103
3191 0.000000 103
3192 3.134269 103
3193 100.119775 103
3194 8.649465 103
3195 6.635867 102
3196 2.617436 103
3197 4.913197 103
3198 5.144462 103
3199 3.765821 103
3200 3.392582 108
3201 5.935120 108
3202 13.330174 108
3203 15.148995 108
3204 14.069082 108
3205 12.282474 108
3206 3.502158 108
3207 12.053622 108
3208 3.350338 108
3209 8.412404 108
3210 2.038375 108
3211 151.349331 108
3212 3.067098 108
3213 2.881280 108
3214 16.982387 108
3215 2.926129 108
3216 6.470969 108
3217 9.640259 108
3218 10.748624 108
3219 12.094862 106
3220 16.031911 108
3221 12.469796 108
3222 4.554920 108
3223 10.231361 108
3224 9.871069 108
3225 9.407770 108
3226 1.475373 108
3227 2.467109 108
3228 2.528474 108
3229 4.075879 108
3230 2.422848 108
3231 1.586169 108
3232 3.274615 108
3233 5.951508 108
3234 52.527148 108
3235 2.496377 108
3236 2.445338 108
3237 1.503384 108
3238 4.080272 108
3239 3.033165 108
3240 2.078736 108
3241 6.034236 108
3242 9.159950 108
3243 5.310995 107
3244 2.003180 108
3245 1.492730 108
3246 0.217894 108
3247 0.375869 108
3248 0.548312 108
3249 5.163174 108
3250 1.557592 107
3251 3.259962 107
3252 3.157128 107
3253 3.588733 107
3254 1.997767 107
3255 3.374294 107
3256 1.206770 107
3257 2.219462 107
3258 2.009754 107
3259 1.879042 107
3260 1.941228 107
3261 10.659692 107
3262 1.549965 107
3263 0.775912 107
3264 1.821714 107
3265 5.666404 107
3266 2.196784 107
3267 4.063494 107
3268 4.331773 107
3269 4.069560 107
3270 4.837274 107
3271 4.677884 107
3272 0.687871 107
3273 9.825652 107
3274 5.648701 107
3275 27.640470 107
3276 2.082185 107
3277 3.043175 107
3278 3.665621 107
3279 9.517622 107
3280 2.617458 107
3281 2.061129 107
3282 35.120939 107
3283 4.687158 107
3284 5.077630 107
3285 2.068277 107
3286 4.907856 107
3287 5.225190 107
3288 5.132566 107
3289 5.498522 107
3290 1.424550 107
3291 4.729762 107
3292 2.807038 107
3293 4.382941 107
3294 2.692903 107
3295 38.335861 107
3296 4.187294 107
3297 1.664713 107
3298 14.507434 107
3299 2.169462 107
3300 2.254880 117
3301 0.854176 117
3302 97.679633 117
3303 168.643525 117
3304 191.158113 117
3305 184.913994 117
3306 0.236946 117
3307 0.229052 117
3308 0.271996 117
3309 0.390458 117
3310 0.423217 117
3311 3.174308 117
3312 5.359151 117
3313 5.422423 117
3314 4.724140 117
3315 7.205209 117
3316 9.469375 117
3317 67.314558 117
3318 37.833767 117
3319 65.487297 117
3320 67.579108 117
3321 71.517671 117
3322 3.896850 117
3323 4.212146 117
3324 5.883399 117
3325 11.025972 117
3326 5.360545 117
3327 1.648985 117
3328 2.099591 117
3329 36.788086 117
3330 3.417342 117
3331 42.556359 117
3332 3.003983 117
3333 3.720502 117
3334 8.080963 117
3335 0.164343 117
3336 6.752149 117
3337 3.940643 117
3338 7.085823 117
3339 2.568021 117
3340 17.148257 117
3341 1.790523 117
3342 1.285116 117
3343 4.629840 117
3344 4.643935 117
3345 3.382952 117
3346 8.542285 117
3347 8.560699 117
3348 3.912895 117
3349 1.422876 117
3350 4.200709 82
3351 1.094110 82
3352 1.449512 82
3353 1.963633 82
3354 2.072433 82
3355 5.784223 82
3356 9.158157 82
3357 20.712482 82
3358 22.110618 82
3359 4.131260 82
3360 1.452573 82
3361 5.991634 82
3362 1.366749 82
3363 5.137288 82
3364 11.831406 82
3365 11.847958 82
3366 11.085716 82
3367 5.652254 82
3368 5.260433 82
3369 198.760473 82
3370 1.965494 82
3371 2.288767 82
3372 5.817845 82
3373 5.218422 82
3374 1.434344 82
3375 3.804298 82
3376 6.643347 82
3377 4.059463 82
3378 2.165405 82
3379 6.269283 82
3380 5.015179 82
3381 1.531385 82
3382 3.491145 82
3383 3.721918 82
3384 2.647765 82
3385 5.479495 82
3386 6.566380 82
3387 1.285529 82
3388 1.577128 82
3389 3.303776 82
3390 3.246529 82
3391 66.842190 82
3392 160.491297 82
3393 234.985875 82
3394 0.000000 82
3395 12.295019 82
3396 19.879289 82
3397 18.692427 82
3398 0.000000 82
3399 2.692508 82
3400 3.070379 93
3401 2.129378 93
3402 1.922388 93
3403 8.698721 93
3404 2.007802 93
3405 5.326706 93
3406 4.527963 93
3407 1.455850 93
3408 1.244904 93
3409 2.374001 93
3410 5.987688 93
3411 4.465170 93
3412 3.107104 93
3413 2.447404 93
3414 5.011274 93
3415 6.372558 93
3416 4.076977 93
3417 2.345542 93
3418 6.714497 93
3419 4.648805 93
3420 2.265914 93
3421 6.542400 93
3422 4.465006 93
3423 31.788383 93
3424 64.995844 93
3425 63.811524 93
3426 5.289065 93
3427 5.470156 93
3428 4.173700 93
3429 4.209522 93
3430 2.559984 93
3431 5.259415 93
3432 6.243595 93
3433 2.483378 93
3434 6.485872 93
3435 5.311673 93
3436 2.458299 93
3437 6.554742 93
3438 5.567948 93
3439 1.522276 93
3440 4.340162 93
3441 2.475075 93
3442 5.686725 93
3443 5.812212 93
3444 37.399412 93
3445 22.863851 93
3446 5.792528 93
3447 43.051386 93
3448 34.480303 93
3449 18.355694 93
3450 33.272753 113
3451 3.082929 113
3452 6.658917 113
3453 12.009138 113
3454 11.481279 113
3455 3.099240 113
3456 7.104159 113
3457 7.984650 113
3458 1.951177 113
3459 2.419225 113
3460 5.674006 113
3461 1.181808 113
3462 1.415647 113
3463 1.848734 113
3464 1.377768 113
3465 2.753014 113
3466 1.660962 113
3467 2.155839 113
3468 2.085654 113
3469 4.455018 113
3470 13.018822 113
3471 3.628541 113
3472 0.000000 113
3473 0.000000 113
3474 2.887063 113
3475 2.326288 113
3476 4.993658 113
3477 6.332413 113
3478 0.498346 113
3479 0.738304 113
3480 9.228797 113
3481 16.275298 113
3482 17.519068 113
3483 2.387745 113
3484 5.410920 113
3485 6.255086 113
3486 13.736027 113
3487 2.001403 113
3488 2.657858 113
3489 2.793175 113
3490 5.238698 113
3491 15.692418 113
3492 2.570985 113
3493 6.559128 113
3494 5.489825 113
3495 2.574510 113
3496 6.574052 113
3497 5.464513 113
3498 2.638173 113
3499 6.281859 113
3500 2.107418 94
3501 1.924386 94
3502 6.028486 94
3503 5.165618 94
3504 2.192715 94
3505 5.102226 94
3506 5.868288 94
3507 2.211769 94
3508 4.939632 94
3509 6.071362 94
3510 2.118346 94
3511 6.020702 94
3512 5.238791 94
3513 16.202161 94
3514 20.207402 94
3515 21.579180 94
3516 3.897662 94
3517 2.464877 94
3518 6.416941 94
3519 5.255052 94
3520 300.210442 94
3521 2.590676 94
3522 5.117955 94
3523 6.379894 94
3524 2.531113 94
3525 6.072771 94
3526 5.107612 94
3527 0.770645 94
3528 1.137185 94
3529 1.535667 94
3530 1.671515 94
3531 2.800455 94
3532 5.369603 94
3533 6.815772 94
3534 16.409749 94
3535 2.533880 94
3536 5.803472 94
3537 6.895101 94
3538 6.396984 94
3539 1.421108 94
3540 1.291741 94
3541 7.776284 94
3542 2.102022 94
3543 2.078402 94
3544 3.143191 94
3545 1.726725 94
3546 5.176879 94
3547 4.135819 94
3548 3.172360 94
3549 2.174081 94
3550 1.799137 104
3551 3.946450 104
3552 2.175230 104
3553 2.568406 104
3554 31.462159 104
3555 3.851233 104
3556 5.678556 104
3557 28.250024 104
3558 1.699646 104
3559 2.323564 104
3560 12.441809 104
3561 154.704559 104
3562 1.597373 104
3563 4.469085 104
3564 11.217537 104
3565 1.498212 104
3566 0.393350 104
3567 5.017473 104
3568 1.665356 104
3569 5.059252 104
3570 2.346440 104
3571 4.843410 104
3572 1.871959 104
3573 0.675861 104
3574 1.000742 104
3575 3.035522 104
3576 4.566469 104
3577 2.037287 104
3578 12.507551 104
3579 122.066530 104
3580 1.776840 104
3581 14.145637 103
3582 0.646384 104
3583 0.975900 104
3584 3.402445 104
3585 20.994478 104
3586 41.641449 104
3587 3.359243 104
3588 4.951236 104
3589 1.602246 104
3590 2.109989 104
3591 1.147976 104
3592 12.190062 104
3593 34.034804 104
3594 2.077459 104
3595 7.987475 104
3596 1.518589 104
3597 5.137596 104
3598 1.209888 104
3599 4.357424 104
3600 5.796264 93
3601 18.771443 93
3602 2.385398 93
3603 2.582516 93
3604 0.537344 93
3605 1.046517 93
3606 0.833103 93
3607 1.683227 93
3608 8.927581 93
3609 1.646009 93
3610 6.312150 93
3611 0.000000 93
3612 1.667208 93
3613 1.801872 93
3614 2.630674 93
3615 8.287945 93
3616 6.291233 93
3617 11.325421 93
3618 1.384240 93
3619 3.656136 93
3620 21.657521 93
3621 2.744952 93
3622 20.829831 93
3623 2.444401 93
3624 21.080567 93
3625 3.368173 93
3626 2.615062 93
3627 2.513236 93
3628 1.409099 93
3629 1.439346 93
3630 13.311635 93
3631 5.513751 93
3632 1.368677 93
3633 1.541897 93
3634 4.035149 93
3635 5.724083 93
3636 0.838513 93
3637 2.031202 93
3638 95.972341 93
3639 3.686106 93
3640 13.347969 93
3641 4.324928 93
3642 5.173353 93
3643 2.873051 93
3644 0.212705 93
3645 3.305165 93
3646 1.317646 93
3647 52.347474 93
3648 0.302904 93
3649 3.322266 93
3650 3.721079 112
3651 4.106559 112
3652 1.066584 112
3653 2.515399 112
3654 0.807757 112
3655 0.553730 112
3656 2.314501 112
3657 0.000000 112
3658 0.231493 112
3659 16.236637 112
3660 48.053565 112
3661 4.210252 112
3662 16.082065 112
3663 5.111770 112
3664 4.212704 112
3665 1.867328 112
3666 12.131497 112
3667 7.714425 112
3668 12.610778 112
3669 2.117244 112
3670 13.433180 112
3671 5.126253 112
3672 0.791047 112
3673 3.607060 112
3674 2.689260 112
3675 2.963588 112
3676 34.726270 112
3677 96.792576 112
3678 0.019504 112
3679 1.472059 112
3680 1.752219 112
3681 2.273203 112
3682 2.692880 112
3683 2.218090 112
3684 0.000000 112
3685 1.637265 112
3686 0.892557 112
3687 14.565832 112
3688 2.242463 112
3689 0.237021 112
3690 2.770293 112
3691 230.538464 112
3692 0.749428 112
3693 2.411520 112
3694 2.165052 112
3695 19.232066 112
3696 2.108093 112
3697 6.486361 112
3698 2.216189 112
3699 0.714467 112
3700 0.523331 99
3701 1.982416 99
3702 7.063947 99
3703 2.516360 99
3704 2.109565 99
3705 1.994988 99
3706 0.940263 99
3707 7.395684 99
3708 0.310420 99
3709 2.728336 99
3710 2.778690 99
3711 0.149259 99
3712 7.992310 99
3713 1.610395 99
3714 4.041386 99
3715 4.351492 99
3716 2.168995 99
3717 1.819518 99
3718 1.938931 99
3719 2.326036 99
3720 0.015783 99
3721 2.320266 99
3722 11.745349 99
3723 0.702707 99
3724 2.221276 99
3725 1.888460 99
3726 2.440371 99
3727 2.094915 99
3728 1.949267 99
3729 2.027382 99
3730 2.108561 99
3731 6.426994 99
3732 13.464627 99
3733 2.595944 99
3734 2.602952 99
3735 16.382784 99
3736 2.189129 99
3737 1.237047 99
3738 99.489750 99
3739 1.659674 99
3740 2.868879 99
3741 2.636365 97
3742 2.139790 99
3743 2.620764 99
3744 22.174923 99
3745 8.032204 99
3746 1.366735 99
3747 3.050016 99
3748 1.792464 99
3749 0.000000 99
3750 5.795386 110
3751 1.885208 110
3752 7.204740 110
3753 0.687455 110
3754 1.840447 110
3755 1.335791 110
3756 12.647511 110
3757 2.039253 110
3758 2.770387 110
3759 1.288386 110
3760 1.504121 110
3761 1.997022 110
3762 0.007204 110
3763 1.728566 110
3764 2.098445 110
3765 2.415269 110
3766 0.981001 110
3767 0.000000 110
3768 16.915380 110
3769 1.947109 110
3770 3.715030 110
3771 1.519418 110
3772 2.143619 110
3773 5.437474 110
3774 6.204500 110
3775 1.375153 110
3776 0.028643 110
3777 2.670903 110
3778 368.515948 110
3779 1.782150 110
3780 2.467014 110
3781 15.849906 110
3782 92.372860 110
3783 53.914150 110
3784 1.874652 110
3785 2.547922 110
3786 0.000000 110
3787 2.471431 110
3788 1.406931 110
3789 16.966477 110
3790 2.641379 110
3791 2.770610 110
3792 2.212808 110
3793 1.595886 110
3794 2.618332 110
3795 4.453348 110
3796 1.115474 110
3797 2.798569 110
3798 3.388765 110
3799 3.117027 110
3800 1.338811 107
3801 2.400655 107
3802 0.095151 107
3803 3.649931 107
3804 3.213416 107
3805 3.699682 107
3806 2.580097 107
3807 2.289310 107
3808 3.463947 107
3809 11.259375 107
3810 1.479194 107
3811 1.994124 107
3812 1.929501 107
3813 0.589229 107
3814 5.567740 107
3815 3.778295 107
3816 1.977614 107
3817 1.943512 107
3818 2.299366 107
3819 2.632435 107
3820 6.111435 107
3821 0.416258 107
3822 6.490697 107
3823 2.359784 107
3824 14.527959 107
3825 19.010938 107
3826 0.565417 107
3827 3.260721 107
3828 1.349016 107
3829 1.134928 107
3830 18.269296 107
3831 2.514269 107
3832 19.654482 107
3833 1.521179 107
3834 2.936209 107
3835 2.351376 107
3836 2.892528 107
3837 38.688269 107
3838 52.134388 107
3839 3.495315 107
3840 0.000000 107
3841 2.540381 107
3842 35.951801 107
3843 3.550118 107
3844 1.430561 107
3845 2.476466 107
3846 2.461386 107
3847 15.241253 107
3848 1.984160 107
3849 0.000000 107
3850 2.120109 104
3851 4.280473 104
3852 1.503405 104
3853 1.752524 104
3854 1.711863 104
3855 1.714739 104
3856 1.513808 104
3857 2.290771 104
3858 0.454517 104
3859 4.209200 104
3860 2.750494 104
3861 3.977220 104
3862 1.406468 104
3863 1.881548 104
3864 2.900188 104
3865 36.057738 104
3866 1.654692 104
3867 4.919222 104
3868 2.707914 104
3869 2.243761 104
3870 3.534230 104
3871 1.762001 104
3872 0.029845 104
3873 2.065395 104
3874 2.100825 104
3875 2.098868 104
3876 1.078453 104
3877 4.279967 104
3878 3.588963 104
3879 2.511100 104
3880 2.204984 104
3881 2.099798 104
3882 8.010997 104
3883 3.164885 104
3884 3.247221 104
3885 0.920655 104
3886 0.572075 104
3887 3.623229 104
3888 50.987298 104
3889 19.379260 104
3890 6.610268 104
3891 8.299326 104
3892 2.248708 104
3893 2.483194 104
3894 1.338844 104
3895 5.995055 104
3896 9.257892 104
3897 3.276033 104
3898 1.622269 104
3899 3.152323 104
3900 129.213418 111
3901 1.650916 111
3902 2.860787 111
3903 2.137456 111
3904 1.460378 111
3905 1.577819 111
3906 0.000000 111
3907 1.019483 111
3908 3.278930 111
3909 0.278301 111
3910 2.588495 111
3911 1.600025 111
3912 1.344051 111
3913 2.620476 111
3914 2.621823 111
3915 2.339367 111
3916 2.119778 111
3917 2.193943 111
3918 1.009679 111
3919 1.179214 111
3920 1.914320 111
3921 0.983263 111
3922 0.959602 111
3923 1.731120 111
3924 7.326357 111
3925 1.536700 111
3926 31.656240 111
3927 12.613473 111
3928 1.996014 111
3929 48.779343 111
3930 1.579137 111
3931 2.825964 111
3932 1.194947 111
3933 1.591754 111
3934 2.892783 111
3935 2.074340 111
3936 2.438498 111
3937 2.387958 111
3938 0.981397 111
3939 14.072697 111
3940 0.046076 111
3941 3.465521 111
3942 2.463121 111
3943 0.897370 111
3944 1.864473 111
3945 37.740721 111
3946 1.354228 111
3947 2.230878 111
3948 2.170118 111
3949 12.773482 111
3950 0.909534 118
3951 2.044165 118
3952 5.431741 118
3953 0.399589 118
3954 1.493930 118
3955 41.881517 118
3956 54.487062 118
3957 2.018405 118
3958 1.635432 118
3959 5.274873 118
3960 0.000000 118
3961 1.639913 118
3962 1.632289 118
3963 5.171241 118
3964 5.607131 118
3965 17.315887 118
3966 2.833177 118
3967 13.724304 118
3968 0.846104 118
3969 0.445292 118
3970 16.787428 118
3971 3.086976 118
3972 2.648938 118
3973 0.000000 118
3974 4.209058 118
3975 2.184456 118
3976 1.946870 118
3977 0.875090 118
3978 3.008519 118
3979 1.820884 118
3980 0.000000 118
3981 3.521437 118
3982 3.494871 118
3983 3.630545 118
3984 2.487037 118
3985 1.222516 118
3986 0.058666 118
3987 1.000988 118
3988 5.119807 118
3989 0.389271 118
3990 3.332625 118
3991 0.485215 118
3992 11.530804 118
3993 0.553629 118
3994 0.477904 118
3995 0.685072 118
3996 0.707888 118
3997 0.652345 118
3998 1.697162 118
3999 1.011247 118
4000 0.219457 112
4001 0.436045 112
4002 2.880975 112
4003 1.679751 112
4004 1.869660 112
4005 1.853835 112
4006 8.794444 112
4007 4.788113 112
4008 0.523613 112
4009 2.068904 112
4010 0.705582 112
4011 1.531055 112
4012 2.823392 112
4013 5.523277 112
4014 4.639562 112
4015 0.375891 112
4016 0.492010 112
4017 1.206106 112
4018 1.150224 112
4019 0.386678 112
4020 3.037920 112
4021 1.373995 112
4022 3.289089 112
4023 4.350714 112
4024 1.404546 112
4025 2.943424 112
4026 1.954753 112
4027 33.501457 112
4028 1.663670 112
4029 1.461421 112
4030 1.675314 112
4031 335.709813 112
4032 134.743692 112
4033 44.343194 112
4034 5.294337 112
4035 16.228709 112
4036 2.476049 112
4037 1.425694 112
4038 8.593587 112
4039 0.856347 112
4040 0.000090 112
4041 3.387870 112
4042 0.830810 112
4043 2.217864 112
4044 1.090523 112
4045 9.379960 112
4046 23.870540 112
4047 1.887967 112
4048 1.514342 112
4049 1.587850 112
4050 3.224430 120
4051 1.374454 120
4052 0.593081 120
4053 2.376970 120
4054 0.881284 120
4055 1.592369 120
4056 1.809539 120
4057 1.206087 120
4058 0.015226 120
4059 0.591378 120
4060 114.580187 120
4061 1.971663 120
4062 1.792390 120
4063 1.747632 120
4064 1.668631 120
4065 2.741572 120
4066 28.854111 120
4067 0.430056 120
4068 7.649652 120
4069 1.967449 120
4070 1.283466 120
4071 2.851163 120
4072 0.920550 120
4073 1.322535 120
4074 0.055993 120
4075 3.405524 120
4076 6.567077 120
4077 2.293868 120
4078 0.339012 120
4079 0.649634 120
4080 2.433845 120
4081 2.648827 120
4082 2.707394 120
4083 3.194413 120
4084 5.486256 120
4085 0.669147 120
4086 2.669338 120
4087 0.730962 120
4088 4.307976 120
4089 3.460365 120
4090 3.490224 120
4091 4.445124 120
4092 13.264464 120
4093 0.045800 120
4094 8.156660 120
4095 3.446948 120
4096 3.635032 120
4097 2.370058 120
4098 1.747077 120
4099 3.465348 120
4100 2.854983 114
4101 1.276901 114
4102 2.461381 114
4103 2.035762 114
4104 2.104573 114
4105 3.469946 114
4106 25.786114 114
4107 0.000000 114
4108 3.699079 114
4109 5.295920 114
4110 0.393417 114
4111 14.785397 114
4112 104.493316 114
4113 2.036988 114
4114 2.218427 114
4115 3.265970 114
4116 6.443560 114
4117 11.874863 114
4118 4.586321 114
4119 24.302843 114
4120 5.268131 114
4121 0.000000 114
4122 7.618752 114
4123 2.126883 114
4124 2.562383 114
4125 6.124879 114
4126 8.512679 114
4127 2.939906 114
4128 2.048801 114
4129 6.186928 114
4130 3.183894 114
4131 3.931442 114
4132 0.812376 114
4133 0.346526 114
4134 0.000000 114
4135 0.000000 114
4136 3.337311 114
4137 2.324325 114
4138 3.688825 114
4139 4.169089 114
4140 2.885142 114
4141 7.720133 114
4142 6.790846 114
4143 3.330670 114
4144 1.080973 114
4145 2.493961 114
4146 2.722615 114
4147 2.404959 114
4148 2.801783 114
4149 6.998211 114
4150 0.950752 112
4151 5.161059 112
4152 1.495580 112
4153 1.236343 112
4154 4.747998 112
4155 3.653621 112
4156 4.260182 112
4157 2.028388 112
4158 3.738843 112
4159 9.961496 112
4160 1.592180 112
4161 32.200166 112
4162 15.440306 112
4163 12.898571 112
4164 3.308664 112
4165 0.000000 112
4166 10.881069 112
4167 4.759009 112
4168 2.630934 112
4169 0.871182 112
4170 2.314838 112
4171 1.693298 112
4172 8.130967 112
4173 15.725602 112
4174 2.652191 112
4175 3.581336 112
4176 11.375593 112
4177 0.710573 112
4178 1.345693 112
4179 2.905368 112
4180 2.765607 112
4181 3.731086 112
4182 3.928793 112
4183 42.514371 112
4184 12.652404 112
4185 5.449820 112
4186 2.486146 112
4187 3.408161 112
4188 8.405612 112
4189 0.746294 112
4190 7.140323 112
4191 16.882375 112
4192 1.994818 112
4193 2.151912 112
4194 1.150471 112
4195 3.701634 112
4196 0.539017 112
4197 7.259933 112
4198 2.765697 112
4199 3.111508 112
4200 1.351340 116
4201 2.811734 116
4202 2.311692 116
4203 4.433390 116
4204 11.540343 116
4205 5.740862 116
4206 5.217467 116
4207 4.833642 116
4208 6.281820 116
4209 10.113178 116
4210 1.245565 116
4211 3.872664 116
4212 4.460446 116
4213 1.666055 116
4214 5.052135 116
4215 8.571185 116
4216 5.729459 116
4217 1.250435 116
4218 3.186289 116
4219 8.566948 116
4220 1.175877 116
4221 2.265297 116
4222 94.975117 116
4223 0.000000 116
4224 2.511184 116
4225 1.912632 116
4226 1.410644 116
4227 4.718034 116
4228 4.340724 115
4229 2.316872 116
4230 3.333058 116
4231 5.258833 116
4232 2.267253 116
4233 1.684127 116
4234 1.935755 116
4235 3.059282 116
4236 0.741862 116
4237 0.794798 116
4238 1.930156 116
4239 1.736570 116
4240 3.630393 116
4241 3.389956 116
4242 1.956005 116
4243 4.223132 116
4244 3.938876 116
4245 4.289222 116
4246 1.612918 116
4247 0.547434 116
4248 0.971655 116
4249 0.734117 116
4250 0.119633 101
4251 0.133208 101
4252 2.082225 101
4253 1.968802 101
4254 1.044644 101
4255 1.011967 101
4256 2.267288 101
4257 3.579003 101
4258 1.027134 101
4259 1.378130 101
4260 1.619101 101
4261 2.376202 101
4262 1.688737 101
4263 1.617281 101
4264 2.259659 101
4265 2.255880 101
4266 3.718030 101
4267 1.457808 101
4268 3.304600 101
4269 5.391770 101
4270 6.738941 101
4271 7.543330 101
4272 8.428076 101
4273 9.589378 101
4274 0.000000 101
4275 0.000000 101
4276 0.000000 101
4277 0.000000 101
4278 0.498302 101
4279 1.578679 101
4280 4.490718 101
4281 3.165269 101
4282 0.376791 101
4283 2.647217 101
4284 1.278033 101
4285 16.653157 101
4286 1.284619 101
4287 3.842959 101
4288 0.516524 101
4289 11.238976 101
4290 5.540381 101
4291 12.732584 101
4292 11.959175 101
4293 12.769622 101
4294 12.597142 101
4295 13.053548 101
4296 12.978396 101
4297 12.542412 101
4298 0.000000 101
4299 11.651600 101
4300 3.176714 105
4301 7.695854 105
4302 7.397527 105
4303 8.440884 105
4304 7.595668 105
4305 7.618112 105
4306 0.949872 105
4307 2.666073 105
4308 9.558895 105
4309 9.112543 105
4310 3.148749 105
4311 2.296784 105
4312 5.862100 105
4313 6.212522 105
4314 5.810011 105
4315 6.325428 105
4316 6.781040 105
4317 4.044096 105
4318 28.933000 105
4319 1.668048 105
4320 1.446527 105
4321 1.876118 105
4322 2.106582 105
4323 1.783687 105
4324 1.975219 105
4325 1.033801 105
4326 14.647773 105
4327 3.125969 105
4328 7.771264 105
4329 0.809983 105
4330 12.250020 105
4331 1.206107 105
4332 1.743607 105
4333 1.217179 105
4334 3.720466 105
4335 1.414961 105
4336 0.614820 105
4337 1.014333 105
4338 1.378320 105
4339 3.483339 105
4340 2.194222 105
4341 1.416855 105
4342 1.685577 105
4343 1.148989 105
4344 0.000000 105
4345 0.000000 105
4346 0.000000 105
4347 0.000000 105
4348 0.000000 105
4349 0.000000 105
4350 0.000000 104
4351 1.810740 104
4352 0.533918 104
4353 1.937074 104
4354 1.864531 104
4355 1.422073 104
4356 2.961140 104
4357 2.182471 104
4358 0.909918 104
4359 0.564473 104
4360 0.000000 104
4361 0.000000 104
4362 0.000000 104
4363 0.000000 104
4364 0.000000 104
4365 0.000000 104
4366 0.000000 104
4367 0.000000 104
4368 0.000000 104
4369 0.000000 104
4370 0.000000 104
4371 0.000000 104
4372 0.000000 104
4373 0.000000 104
4374 0.000000 104
4375 0.000000 104
4376 0.000000 104
4377 0.000000 104
4378 0.000000 104
4379 3.957994 104
4380 7.061449 104
4381 17.820956 104
4382 8.795838 104
4383 15.516440 104
4384 5.705464 104
4385 5.487396 104
4386 8.576344 104
4387 6.474007 104
4388 413.289368 104
4389 2.291937 104
4390 3.861210 104
4391 10.241835 100
4392 65.669121 104
4393 9.682317 104
4394 2.958477 104
4395 6.092409 104
4396 5.110797 104
4397 7.536572 104
4398 6.462597 104
4399 5.961286 104
4400 2.061375 87
4401 4.290952 87
4402 4.684347 87
4403 6.737722 87
4404 5.055814 87
4405 5.937861 87
4406 3.638767 87
4407 3.631786 87
4408 3.408384 87
4409 4.166955 87
4410 3.245014 87
4411 2.620740 87
4412 2.956550 87
4413 2.118159 87
4414 22.426592 87
4415 4.534468 87
4416 93.954356 87
4417 1.396137 87
4418 21.198911 87
4419 59.740469 87
4420 4.081286 87
4421 1.491143 87
4422 40.016772 87
4423 36.340771 87
4424 4.076426 87
4425 1.781860 87
4426 22.895234 87
4427 61.051089 87
4428 3.542208 87
4429 12.814595 87
4430 3.804627 87
4431 3.580409 87
4432 78.095029 87
4433 13.962206 87
4434 4.105798 87
4435 97.022062 87
4436 5.151869 87
4437 1.968949 87
4438 43.026987 87
4439 55.117877 87
4440 4.632695 87
4441 1.812474 87
4442 44.405426 87
4443 5.284884 87
4444 62.966902 87
4445 2.055484 87
4446 26.119050 87
4447 5.124584 87
4448 101.497751 87
4449 2.880727 87
4450 11.439626 101
4451 67.909120 101
4452 4.127079 101
4453 1.807375 101
4454 0.975259 101
4455 2.032450 101
4456 1.714761 101
4457 4.791081 101
4458 1.815392 101
4459 3.726463 101
4460 5.007774 101
4461 10.584867 101
4462 2.653452 101
4463 5.206767 101
4464 1.229469 101
4465 3.239955 101
4466 3.275553 101
4467 1.899262 101
4468 2.539055 101
4469 6.355378 101
4470 1.388098 101
4471 2.668891 101
4472 4.706407 101
4473 21.293817 101
4474 44.974874 101
4475 2.474168 101
4476 6.279540 101
4477 13.817826 101
4478 1.492071 101
4479 1.588870 101
4480 7.200295 101
4481 1.385021 101
4482 1.459933 101
4483 0.002449 101
4484 1.674155 101
4485 2.205091 101
4486 2.455886 101
4487 3.324132 101
4488 3.354794 101
4489 1.949675 101
4490 3.303894 101
4491 3.739556 101
4492 17.927233 101
4493 3.834004 101
4494 3.085036 101
4495 0.578147 101
4496 5.653638 101
4497 3.303432 101
4498 3.542896 101
4499 16.253854 101
