0 0.838028
1 0.830986
2 0.838028
3 0.823944
4 0.823944
5 0.838028
6 0.838028
7 0.823944
8 0.838028
9 0.838028
10 0.838028
11 0.838028
12 0.838028
13 0.838028
14 0.838028
15 0.838028
16 0.838028
17 0.838028
18 0.838028
19 0.830986
20 0.830986
21 0.838028
22 0.830986
23 0.838028
24 0.830986
25 0.838028
26 0.838028
27 0.838028
28 0.838028
29 0.838028
30 0.838028
31 0.838028
32 0.838028
33 0.838028
34 0.830986
35 0.838028
36 0.830986
37 0.838028
38 0.830986
39 0.830986
40 0.830986
41 0.838028
42 0.838028
43 0.838028
44 0.830986
45 0.838028
46 0.838028
47 0.838028
48 0.830986
49 0.838028
50 0.830986
51 0.830986
52 0.823944
53 0.830986
54 0.823944
55 0.830986
56 0.830986
57 0.830986
58 0.830986
59 0.830986
60 0.830986
61 0.830986
62 0.830986
63 0.830986
64 0.830986
65 0.830986
66 0.830986
67 0.830986
68 0.830986
69 0.830986
70 0.823944
71 0.823944
72 0.823944
73 0.830986
74 0.830986
75 0.823944
76 0.823944
77 0.830986
78 0.823944
79 0.823944
80 0.823944
81 0.823944
82 0.830986
83 0.830986
84 0.823944
85 0.830986
86 0.823944
87 0.823944
88 0.823944
89 0.830986
90 0.830986
91 0.830986
92 0.830986
93 0.830986
94 0.830986
95 0.830986
96 0.830986
97 0.830986
98 0.823944
99 0.823944
100 0.676056
101 0.676056
102 0.676056
103 0.676056
104 0.676056
105 0.676056
106 0.661972
107 0.676056
108 0.669014
109 0.676056
110 0.676056
111 0.676056
112 0.676056
113 0.676056
114 0.661972
115 0.661972
116 0.676056
117 0.676056
118 0.676056
119 0.676056
120 0.676056
121 0.676056
122 0.676056
123 0.676056
124 0.676056
125 0.676056
126 0.676056
127 0.676056
128 0.676056
129 0.676056
130 0.676056
131 0.676056
132 0.676056
133 0.676056
134 0.669014
135 0.669014
136 0.676056
137 0.676056
138 0.669014
139 0.669014
140 0.669014
141 0.676056
142 0.676056
143 0.676056
144 0.676056
145 0.676056
146 0.676056
147 0.676056
148 0.676056
149 0.676056
150 0.760563
151 0.753521
152 0.760563
153 0.760563
154 0.760563
155 0.760563
156 0.760563
157 0.760563
158 0.760563
159 0.760563
160 0.760563
161 0.760563
162 0.760563
163 0.760563
164 0.760563
165 0.746479
166 0.746479
167 0.760563
168 0.753521
169 0.760563
170 0.760563
171 0.760563
172 0.760563
173 0.753521
174 0.753521
175 0.753521
176 0.753521
177 0.760563
178 0.753521
179 0.753521
180 0.753521
181 0.760563
182 0.753521
183 0.753521
184 0.760563
185 0.753521
186 0.753521
187 0.753521
188 0.753521
189 0.753521
190 0.753521
191 0.753521
192 0.753521
193 0.753521
194 0.753521
195 0.753521
196 0.753521
197 0.760563
198 0.753521
199 0.753521
200 0.732394
201 0.725352
202 0.718310
203 0.718310
204 0.718310
205 0.725352
206 0.725352
207 0.711268
208 0.711268
209 0.711268
210 0.711268
211 0.725352
212 0.711268
213 0.711268
214 0.718310
215 0.711268
216 0.711268
217 0.704225
218 0.704225
219 0.704225
220 0.704225
221 0.704225
222 0.711268
223 0.711268
224 0.704225
225 0.711268
226 0.711268
227 0.704225
228 0.704225
229 0.711268
230 0.711268
231 0.704225
232 0.711268
233 0.704225
234 0.704225
235 0.704225
236 0.704225
237 0.704225
238 0.711268
239 0.711268
240 0.704225
241 0.711268
242 0.711268
243 0.704225
244 0.711268
245 0.704225
246 0.711268
247 0.711268
248 0.704225
249 0.704225
250 0.760563
251 0.753521
252 0.746479
253 0.746479
254 0.746479
255 0.746479
256 0.760563
257 0.739437
258 0.746479
259 0.739437
260 0.746479
261 0.739437
262 0.739437
263 0.753521
264 0.746479
265 0.746479
266 0.746479
267 0.753521
268 0.739437
269 0.746479
270 0.746479
271 0.753521
272 0.739437
273 0.746479
274 0.746479
275 0.739437
276 0.739437
277 0.739437
278 0.746479
279 0.739437
280 0.739437
281 0.739437
282 0.746479
283 0.746479
284 0.746479
285 0.746479
286 0.746479
287 0.746479
288 0.753521
289 0.746479
290 0.753521
291 0.753521
292 0.753521
293 0.746479
294 0.753521
295 0.753521
296 0.746479
297 0.753521
298 0.746479
299 0.746479
300 0.767606
301 0.760563
302 0.760563
303 0.753521
304 0.760563
305 0.760563
306 0.760563
307 0.746479
308 0.753521
309 0.746479
310 0.753521
311 0.753521
312 0.746479
313 0.753521
314 0.760563
315 0.753521
316 0.753521
317 0.753521
318 0.753521
319 0.753521
320 0.746479
321 0.746479
322 0.753521
323 0.760563
324 0.753521
325 0.760563
326 0.767606
327 0.753521
328 0.753521
329 0.760563
330 0.753521
331 0.753521
332 0.753521
333 0.767606
334 0.753521
335 0.760563
336 0.767606
337 0.760563
338 0.753521
339 0.753521
340 0.753521
341 0.753521
342 0.753521
343 0.753521
344 0.760563
345 0.760563
346 0.760563
347 0.760563
348 0.767606
349 0.760563
350 0.809859
351 0.802817
352 0.802817
353 0.802817
354 0.802817
355 0.795775
356 0.795775
357 0.788732
358 0.795775
359 0.795775
360 0.788732
361 0.795775
362 0.788732
363 0.788732
364 0.788732
365 0.802817
366 0.788732
367 0.788732
368 0.788732
369 0.795775
370 0.788732
371 0.788732
372 0.795775
373 0.788732
374 0.788732
375 0.802817
376 0.795775
377 0.795775
378 0.802817
379 0.788732
380 0.788732
381 0.795775
382 0.788732
383 0.788732
384 0.788732
385 0.795775
386 0.795775
387 0.802817
388 0.795775
389 0.802817
390 0.802817
391 0.795775
392 0.802817
393 0.802817
394 0.795775
395 0.802817
396 0.802817
397 0.795775
398 0.802817
399 0.795775
400 0.767606
401 0.760563
402 0.760563
403 0.760563
404 0.760563
405 0.760563
406 0.753521
407 0.760563
408 0.760563
409 0.753521
410 0.767606
411 0.760563
412 0.760563
413 0.760563
414 0.760563
415 0.760563
416 0.753521
417 0.753521
418 0.760563
419 0.760563
420 0.753521
421 0.753521
422 0.760563
423 0.746479
424 0.746479
425 0.753521
426 0.746479
427 0.746479
428 0.760563
429 0.760563
430 0.746479
431 0.746479
432 0.760563
433 0.753521
434 0.746479
435 0.746479
436 0.753521
437 0.746479
438 0.746479
439 0.746479
440 0.753521
441 0.753521
442 0.746479
443 0.746479
444 0.746479
445 0.753521
446 0.746479
447 0.746479
448 0.753521
449 0.746479
450 0.781690
451 0.781690
452 0.781690
453 0.781690
454 0.767606
455 0.767606
456 0.767606
457 0.767606
458 0.767606
459 0.781690
460 0.781690
461 0.781690
462 0.781690
463 0.781690
464 0.774648
465 0.781690
466 0.774648
467 0.774648
468 0.774648
469 0.774648
470 0.781690
471 0.774648
472 0.774648
473 0.774648
474 0.774648
475 0.774648
476 0.774648
477 0.774648
478 0.781690
479 0.774648
480 0.774648
481 0.774648
482 0.781690
483 0.781690
484 0.774648
485 0.774648
486 0.781690
487 0.767606
488 0.774648
489 0.781690
490 0.781690
491 0.781690
492 0.774648
493 0.781690
494 0.774648
495 0.774648
496 0.781690
497 0.774648
498 0.781690
499 0.781690
500 0.816901
501 0.816901
502 0.816901
503 0.816901
504 0.816901
505 0.816901
506 0.816901
507 0.816901
508 0.816901
509 0.816901
510 0.816901
511 0.816901
512 0.816901
513 0.816901
514 0.816901
515 0.816901
516 0.816901
517 0.816901
518 0.816901
519 0.816901
520 0.816901
521 0.816901
522 0.816901
523 0.816901
524 0.816901
525 0.816901
526 0.816901
527 0.816901
528 0.816901
529 0.816901
530 0.816901
531 0.816901
532 0.816901
533 0.816901
534 0.816901
535 0.816901
536 0.816901
537 0.816901
538 0.816901
539 0.816901
540 0.816901
541 0.816901
542 0.816901
543 0.816901
544 0.809859
545 0.816901
546 0.816901
547 0.816901
548 0.816901
549 0.816901
550 0.739437
551 0.732394
552 0.732394
553 0.732394
554 0.732394
555 0.732394
556 0.732394
557 0.732394
558 0.732394
559 0.732394
560 0.732394
561 0.739437
562 0.732394
563 0.732394
564 0.732394
565 0.732394
566 0.732394
567 0.732394
568 0.739437
569 0.739437
570 0.739437
571 0.739437
572 0.732394
573 0.732394
574 0.732394
575 0.732394
576 0.732394
577 0.739437
578 0.739437
579 0.739437
580 0.739437
581 0.739437
582 0.739437
583 0.739437
584 0.739437
585 0.739437
586 0.739437
587 0.739437
588 0.739437
589 0.739437
590 0.732394
591 0.739437
592 0.739437
593 0.739437
594 0.739437
595 0.739437
596 0.739437
597 0.739437
598 0.739437
599 0.739437
600 0.816901
601 0.816901
602 0.816901
603 0.816901
604 0.809859
605 0.809859
606 0.809859
607 0.809859
608 0.816901
609 0.816901
610 0.816901
611 0.816901
612 0.795775
613 0.802817
614 0.809859
615 0.795775
616 0.816901
617 0.809859
618 0.816901
619 0.760563
620 0.816901
621 0.816901
622 0.816901
623 0.809859
624 0.816901
625 0.809859
626 0.816901
627 0.809859
628 0.809859
629 0.809859
630 0.816901
631 0.802817
632 0.809859
633 0.809859
634 0.816901
635 0.809859
636 0.816901
637 0.816901
638 0.816901
639 0.816901
640 0.816901
641 0.802817
642 0.816901
643 0.816901
644 0.816901
645 0.816901
646 0.816901
647 0.816901
648 0.816901
649 0.816901
650 0.788732
651 0.788732
652 0.781690
653 0.788732
654 0.788732
655 0.788732
656 0.781690
657 0.788732
658 0.788732
659 0.788732
660 0.781690
661 0.788732
662 0.788732
663 0.788732
664 0.788732
665 0.788732
666 0.788732
667 0.788732
668 0.781690
669 0.788732
670 0.781690
671 0.788732
672 0.788732
673 0.781690
674 0.788732
675 0.788732
676 0.788732
677 0.788732
678 0.788732
679 0.788732
680 0.788732
681 0.788732
682 0.788732
683 0.788732
684 0.788732
685 0.788732
686 0.788732
687 0.788732
688 0.788732
689 0.788732
690 0.788732
691 0.788732
692 0.788732
693 0.788732
694 0.788732
695 0.788732
696 0.788732
697 0.788732
698 0.788732
699 0.788732
700 0.732394
701 0.732394
702 0.732394
703 0.732394
704 0.732394
705 0.732394
706 0.732394
707 0.732394
708 0.732394
709 0.732394
710 0.732394
711 0.732394
712 0.732394
713 0.732394
714 0.732394
715 0.732394
716 0.732394
717 0.732394
718 0.732394
719 0.732394
720 0.732394
721 0.732394
722 0.732394
723 0.732394
724 0.732394
725 0.732394
726 0.732394
727 0.725352
728 0.725352
729 0.725352
730 0.725352
731 0.725352
732 0.725352
733 0.732394
734 0.725352
735 0.725352
736 0.732394
737 0.732394
738 0.732394
739 0.718310
740 0.718310
741 0.732394
742 0.725352
743 0.725352
744 0.732394
745 0.732394
746 0.732394
747 0.725352
748 0.725352
749 0.732394
750 0.718310
751 0.718310
752 0.718310
753 0.718310
754 0.718310
755 0.718310
756 0.718310
757 0.718310
758 0.711268
759 0.711268
760 0.711268
761 0.711268
762 0.718310
763 0.704225
764 0.704225
765 0.718310
766 0.718310
767 0.711268
768 0.718310
769 0.711268
770 0.718310
771 0.718310
772 0.704225
773 0.718310
774 0.718310
775 0.718310
776 0.718310
777 0.718310
778 0.718310
779 0.718310
780 0.718310
781 0.718310
782 0.718310
783 0.718310
784 0.718310
785 0.718310
786 0.711268
787 0.718310
788 0.711268
789 0.718310
790 0.718310
791 0.718310
792 0.718310
793 0.718310
794 0.718310
795 0.718310
796 0.718310
797 0.718310
798 0.718310
799 0.718310
800 0.809859
801 0.809859
802 0.809859
803 0.809859
804 0.809859
805 0.809859
806 0.795775
807 0.809859
808 0.809859
809 0.809859
810 0.802817
811 0.809859
812 0.809859
813 0.802817
814 0.809859
815 0.809859
816 0.809859
817 0.809859
818 0.809859
819 0.809859
820 0.809859
821 0.809859
822 0.809859
823 0.809859
824 0.809859
825 0.809859
826 0.809859
827 0.809859
828 0.809859
829 0.809859
830 0.809859
831 0.809859
832 0.809859
833 0.809859
834 0.809859
835 0.809859
836 0.809859
837 0.809859
838 0.809859
839 0.809859
840 0.809859
841 0.809859
842 0.809859
843 0.809859
844 0.809859
845 0.809859
846 0.809859
847 0.809859
848 0.809859
849 0.809859
850 0.802817
851 0.802817
852 0.795775
853 0.802817
854 0.802817
855 0.802817
856 0.795775
857 0.802817
858 0.802817
859 0.795775
860 0.802817
861 0.802817
862 0.802817
863 0.802817
864 0.802817
865 0.802817
866 0.802817
867 0.802817
868 0.802817
869 0.795775
870 0.795775
871 0.802817
872 0.795775
873 0.795775
874 0.795775
875 0.795775
876 0.795775
877 0.802817
878 0.795775
879 0.795775
880 0.802817
881 0.795775
882 0.795775
883 0.795775
884 0.795775
885 0.795775
886 0.795775
887 0.795775
888 0.795775
889 0.795775
890 0.802817
891 0.795775
892 0.802817
893 0.795775
894 0.795775
895 0.802817
896 0.788732
897 0.795775
898 0.802817
899 0.795775
900 0.767606
901 0.767606
902 0.767606
903 0.760563
904 0.760563
905 0.767606
906 0.767606
907 0.767606
908 0.767606
909 0.760563
910 0.767606
911 0.767606
912 0.760563
913 0.760563
914 0.767606
915 0.760563
916 0.767606
917 0.767606
918 0.760563
919 0.760563
920 0.760563
921 0.753521
922 0.739437
923 0.739437
924 0.739437
925 0.746479
926 0.739437
927 0.739437
928 0.739437
929 0.739437
930 0.739437
931 0.767606
932 0.767606
933 0.760563
934 0.760563
935 0.760563
936 0.760563
937 0.760563
938 0.767606
939 0.767606
940 0.767606
941 0.760563
942 0.760563
943 0.760563
944 0.767606
945 0.767606
946 0.767606
947 0.760563
948 0.767606
949 0.767606
950 0.753521
951 0.753521
952 0.753521
953 0.746479
954 0.753521
955 0.746479
956 0.753521
957 0.746479
958 0.746479
959 0.753521
960 0.753521
961 0.746479
962 0.753521
963 0.753521
964 0.753521
965 0.753521
966 0.746479
967 0.753521
968 0.746479
969 0.746479
970 0.746479
971 0.746479
972 0.753521
973 0.753521
974 0.753521
975 0.746479
976 0.753521
977 0.753521
978 0.753521
979 0.753521
980 0.753521
981 0.753521
982 0.746479
983 0.753521
984 0.753521
985 0.753521
986 0.753521
987 0.753521
988 0.753521
989 0.753521
990 0.753521
991 0.753521
992 0.753521
993 0.753521
994 0.753521
995 0.753521
996 0.753521
997 0.753521
998 0.753521
999 0.753521
1000 0.612676
1001 0.612676
1002 0.612676
1003 0.612676
1004 0.612676
1005 0.612676
1006 0.612676
1007 0.612676
1008 0.612676
1009 0.612676
1010 0.612676
1011 0.612676
1012 0.612676
1013 0.612676
1014 0.612676
1015 0.612676
1016 0.612676
1017 0.605634
1018 0.605634
1019 0.605634
1020 0.605634
1021 0.612676
1022 0.612676
1023 0.605634
1024 0.605634
1025 0.605634
1026 0.605634
1027 0.605634
1028 0.605634
1029 0.605634
1030 0.605634
1031 0.605634
1032 0.612676
1033 0.612676
1034 0.605634
1035 0.612676
1036 0.605634
1037 0.612676
1038 0.605634
1039 0.605634
1040 0.612676
1041 0.605634
1042 0.612676
1043 0.612676
1044 0.598592
1045 0.605634
1046 0.612676
1047 0.605634
1048 0.605634
1049 0.612676
1050 0.746479
1051 0.746479
1052 0.746479
1053 0.746479
1054 0.739437
1055 0.746479
1056 0.739437
1057 0.739437
1058 0.746479
1059 0.739437
1060 0.739437
1061 0.746479
1062 0.739437
1063 0.739437
1064 0.739437
1065 0.739437
1066 0.739437
1067 0.739437
1068 0.739437
1069 0.739437
1070 0.739437
1071 0.739437
1072 0.739437
1073 0.739437
1074 0.746479
1075 0.732394
1076 0.732394
1077 0.732394
1078 0.732394
1079 0.746479
1080 0.739437
1081 0.739437
1082 0.732394
1083 0.732394
1084 0.732394
1085 0.732394
1086 0.739437
1087 0.746479
1088 0.746479
1089 0.739437
1090 0.746479
1091 0.746479
1092 0.739437
1093 0.739437
1094 0.746479
1095 0.746479
1096 0.746479
1097 0.739437
1098 0.739437
1099 0.739437
1100 0.859155
1101 0.859155
1102 0.852113
1103 0.859155
1104 0.859155
1105 0.859155
1106 0.859155
1107 0.859155
1108 0.859155
1109 0.852113
1110 0.852113
1111 0.845070
1112 0.859155
1113 0.852113
1114 0.859155
1115 0.859155
1116 0.859155
1117 0.859155
1118 0.859155
1119 0.859155
1120 0.859155
1121 0.852113
1122 0.859155
1123 0.852113
1124 0.852113
1125 0.859155
1126 0.859155
1127 0.852113
1128 0.852113
1129 0.859155
1130 0.859155
1131 0.859155
1132 0.859155
1133 0.852113
1134 0.859155
1135 0.859155
1136 0.852113
1137 0.859155
1138 0.859155
1139 0.859155
1140 0.859155
1141 0.852113
1142 0.859155
1143 0.859155
1144 0.852113
1145 0.859155
1146 0.859155
1147 0.852113
1148 0.859155
1149 0.859155
1150 0.781690
1151 0.781690
1152 0.781690
1153 0.781690
1154 0.774648
1155 0.774648
1156 0.781690
1157 0.774648
1158 0.781690
1159 0.774648
1160 0.781690
1161 0.774648
1162 0.781690
1163 0.781690
1164 0.774648
1165 0.781690
1166 0.781690
1167 0.781690
1168 0.781690
1169 0.781690
1170 0.781690
1171 0.781690
1172 0.781690
1173 0.781690
1174 0.781690
1175 0.774648
1176 0.781690
1177 0.781690
1178 0.781690
1179 0.774648
1180 0.781690
1181 0.767606
1182 0.781690
1183 0.781690
1184 0.781690
1185 0.774648
1186 0.781690
1187 0.781690
1188 0.781690
1189 0.781690
1190 0.781690
1191 0.781690
1192 0.781690
1193 0.781690
1194 0.774648
1195 0.781690
1196 0.774648
1197 0.781690
1198 0.781690
1199 0.774648
1200 0.795775
1201 0.795775
1202 0.795775
1203 0.795775
1204 0.795775
1205 0.795775
1206 0.795775
1207 0.795775
1208 0.795775
1209 0.795775
1210 0.795775
1211 0.795775
1212 0.795775
1213 0.795775
1214 0.795775
1215 0.795775
1216 0.795775
1217 0.795775
1218 0.795775
1219 0.795775
1220 0.795775
1221 0.795775
1222 0.795775
1223 0.795775
1224 0.795775
1225 0.795775
1226 0.795775
1227 0.795775
1228 0.795775
1229 0.795775
1230 0.795775
1231 0.795775
1232 0.795775
1233 0.795775
1234 0.795775
1235 0.795775
1236 0.795775
1237 0.795775
1238 0.795775
1239 0.795775
1240 0.788732
1241 0.795775
1242 0.795775
1243 0.795775
1244 0.795775
1245 0.795775
1246 0.795775
1247 0.795775
1248 0.795775
1249 0.795775
1250 0.802817
1251 0.802817
1252 0.802817
1253 0.802817
1254 0.802817
1255 0.802817
1256 0.795775
1257 0.802817
1258 0.802817
1259 0.802817
1260 0.802817
1261 0.802817
1262 0.802817
1263 0.802817
1264 0.802817
1265 0.802817
1266 0.795775
1267 0.802817
1268 0.802817
1269 0.802817
1270 0.795775
1271 0.795775
1272 0.795775
1273 0.795775
1274 0.795775
1275 0.795775
1276 0.795775
1277 0.802817
1278 0.802817
1279 0.802817
1280 0.802817
1281 0.802817
1282 0.802817
1283 0.802817
1284 0.802817
1285 0.802817
1286 0.795775
1287 0.795775
1288 0.802817
1289 0.802817
1290 0.802817
1291 0.802817
1292 0.802817
1293 0.802817
1294 0.802817
1295 0.802817
1296 0.802817
1297 0.802817
1298 0.802817
1299 0.802817
1300 0.774648
1301 0.767606
1302 0.774648
1303 0.774648
1304 0.760563
1305 0.774648
1306 0.774648
1307 0.774648
1308 0.774648
1309 0.767606
1310 0.774648
1311 0.760563
1312 0.760563
1313 0.760563
1314 0.774648
1315 0.774648
1316 0.767606
1317 0.774648
1318 0.774648
1319 0.774648
1320 0.774648
1321 0.767606
1322 0.774648
1323 0.767606
1324 0.774648
1325 0.774648
1326 0.774648
1327 0.774648
1328 0.774648
1329 0.774648
1330 0.774648
1331 0.774648
1332 0.774648
1333 0.774648
1334 0.774648
1335 0.767606
1336 0.760563
1337 0.760563
1338 0.767606
1339 0.760563
1340 0.760563
1341 0.767606
1342 0.767606
1343 0.767606
1344 0.767606
1345 0.767606
1346 0.767606
1347 0.767606
1348 0.760563
1349 0.760563
1350 0.704225
1351 0.704225
1352 0.697183
1353 0.697183
1354 0.697183
1355 0.697183
1356 0.697183
1357 0.697183
1358 0.697183
1359 0.697183
1360 0.697183
1361 0.697183
1362 0.697183
1363 0.697183
1364 0.697183
1365 0.697183
1366 0.697183
1367 0.697183
1368 0.697183
1369 0.704225
1370 0.697183
1371 0.697183
1372 0.697183
1373 0.697183
1374 0.697183
1375 0.697183
1376 0.697183
1377 0.697183
1378 0.697183
1379 0.704225
1380 0.697183
1381 0.697183
1382 0.697183
1383 0.697183
1384 0.697183
1385 0.697183
1386 0.704225
1387 0.704225
1388 0.704225
1389 0.704225
1390 0.704225
1391 0.704225
1392 0.704225
1393 0.704225
1394 0.704225
1395 0.704225
1396 0.704225
1397 0.704225
1398 0.704225
1399 0.704225
1400 0.697183
1401 0.697183
1402 0.697183
1403 0.683099
1404 0.683099
1405 0.690141
1406 0.683099
1407 0.683099
1408 0.683099
1409 0.683099
1410 0.690141
1411 0.690141
1412 0.690141
1413 0.683099
1414 0.690141
1415 0.690141
1416 0.690141
1417 0.697183
1418 0.683099
1419 0.683099
1420 0.683099
1421 0.676056
1422 0.676056
1423 0.683099
1424 0.676056
1425 0.676056
1426 0.676056
1427 0.683099
1428 0.676056
1429 0.683099
1430 0.690141
1431 0.683099
1432 0.676056
1433 0.690141
1434 0.683099
1435 0.690141
1436 0.690141
1437 0.683099
1438 0.683099
1439 0.683099
1440 0.690141
1441 0.683099
1442 0.690141
1443 0.690141
1444 0.683099
1445 0.683099
1446 0.690141
1447 0.683099
1448 0.683099
1449 0.690141
1450 0.647887
1451 0.647887
1452 0.647887
1453 0.647887
1454 0.647887
1455 0.647887
1456 0.647887
1457 0.647887
1458 0.626761
1459 0.647887
1460 0.647887
1461 0.640845
1462 0.647887
1463 0.640845
1464 0.647887
1465 0.633803
1466 0.633803
1467 0.640845
1468 0.647887
1469 0.647887
1470 0.647887
1471 0.647887
1472 0.640845
1473 0.640845
1474 0.647887
1475 0.647887
1476 0.647887
1477 0.640845
1478 0.647887
1479 0.647887
1480 0.647887
1481 0.647887
1482 0.647887
1483 0.647887
1484 0.647887
1485 0.647887
1486 0.647887
1487 0.647887
1488 0.647887
1489 0.647887
1490 0.647887
1491 0.647887
1492 0.647887
1493 0.647887
1494 0.647887
1495 0.647887
1496 0.647887
1497 0.647887
1498 0.647887
1499 0.647887
1500 0.767606
1501 0.767606
1502 0.767606
1503 0.767606
1504 0.767606
1505 0.767606
1506 0.767606
1507 0.767606
1508 0.767606
1509 0.767606
1510 0.767606
1511 0.767606
1512 0.767606
1513 0.767606
1514 0.767606
1515 0.767606
1516 0.767606
1517 0.767606
1518 0.760563
1519 0.767606
1520 0.760563
1521 0.767606
1522 0.760563
1523 0.760563
1524 0.760563
1525 0.760563
1526 0.760563
1527 0.760563
1528 0.767606
1529 0.767606
1530 0.767606
1531 0.767606
1532 0.767606
1533 0.760563
1534 0.760563
1535 0.760563
1536 0.767606
1537 0.760563
1538 0.760563
1539 0.760563
1540 0.767606
1541 0.760563
1542 0.760563
1543 0.760563
1544 0.760563
1545 0.767606
1546 0.767606
1547 0.767606
1548 0.767606
1549 0.767606
1550 0.859155
1551 0.859155
1552 0.859155
1553 0.859155
1554 0.859155
1555 0.859155
1556 0.859155
1557 0.859155
1558 0.859155
1559 0.859155
1560 0.859155
1561 0.859155
1562 0.859155
1563 0.859155
1564 0.859155
1565 0.852113
1566 0.852113
1567 0.859155
1568 0.859155
1569 0.852113
1570 0.859155
1571 0.859155
1572 0.852113
1573 0.859155
1574 0.859155
1575 0.859155
1576 0.859155
1577 0.859155
1578 0.859155
1579 0.859155
1580 0.859155
1581 0.852113
1582 0.859155
1583 0.852113
1584 0.859155
1585 0.845070
1586 0.859155
1587 0.852113
1588 0.852113
1589 0.859155
1590 0.859155
1591 0.859155
1592 0.859155
1593 0.859155
1594 0.859155
1595 0.852113
1596 0.852113
1597 0.852113
1598 0.859155
1599 0.852113
1600 0.802817
1601 0.802817
1602 0.795775
1603 0.795775
1604 0.795775
1605 0.802817
1606 0.795775
1607 0.795775
1608 0.802817
1609 0.802817
1610 0.802817
1611 0.802817
1612 0.795775
1613 0.802817
1614 0.795775
1615 0.802817
1616 0.788732
1617 0.788732
1618 0.788732
1619 0.788732
1620 0.802817
1621 0.795775
1622 0.802817
1623 0.802817
1624 0.802817
1625 0.795775
1626 0.802817
1627 0.795775
1628 0.802817
1629 0.795775
1630 0.802817
1631 0.795775
1632 0.802817
1633 0.802817
1634 0.802817
1635 0.802817
1636 0.802817
1637 0.788732
1638 0.788732
1639 0.802817
1640 0.802817
1641 0.802817
1642 0.802817
1643 0.795775
1644 0.802817
1645 0.802817
1646 0.802817
1647 0.795775
1648 0.802817
1649 0.802817
1650 0.732394
1651 0.732394
1652 0.732394
1653 0.732394
1654 0.732394
1655 0.732394
1656 0.732394
1657 0.732394
1658 0.732394
1659 0.732394
1660 0.732394
1661 0.732394
1662 0.732394
1663 0.732394
1664 0.732394
1665 0.725352
1666 0.725352
1667 0.732394
1668 0.725352
1669 0.725352
1670 0.732394
1671 0.718310
1672 0.732394
1673 0.732394
1674 0.725352
1675 0.725352
1676 0.732394
1677 0.725352
1678 0.725352
1679 0.725352
1680 0.725352
1681 0.732394
1682 0.732394
1683 0.725352
1684 0.725352
1685 0.732394
1686 0.725352
1687 0.732394
1688 0.732394
1689 0.732394
1690 0.732394
1691 0.732394
1692 0.732394
1693 0.732394
1694 0.732394
1695 0.732394
1696 0.732394
1697 0.725352
1698 0.732394
1699 0.725352
1700 0.690141
1701 0.683099
1702 0.683099
1703 0.690141
1704 0.683099
1705 0.690141
1706 0.690141
1707 0.690141
1708 0.690141
1709 0.690141
1710 0.690141
1711 0.683099
1712 0.690141
1713 0.690141
1714 0.690141
1715 0.690141
1716 0.690141
1717 0.683099
1718 0.683099
1719 0.690141
1720 0.690141
1721 0.690141
1722 0.690141
1723 0.690141
1724 0.690141
1725 0.690141
1726 0.690141
1727 0.690141
1728 0.683099
1729 0.690141
1730 0.690141
1731 0.690141
1732 0.690141
1733 0.690141
1734 0.690141
1735 0.690141
1736 0.690141
1737 0.690141
1738 0.690141
1739 0.690141
1740 0.690141
1741 0.690141
1742 0.690141
1743 0.690141
1744 0.690141
1745 0.690141
1746 0.690141
1747 0.690141
1748 0.690141
1749 0.690141
1750 0.866197
1751 0.866197
1752 0.866197
1753 0.866197
1754 0.866197
1755 0.866197
1756 0.866197
1757 0.866197
1758 0.866197
1759 0.866197
1760 0.866197
1761 0.866197
1762 0.866197
1763 0.866197
1764 0.866197
1765 0.866197
1766 0.866197
1767 0.866197
1768 0.866197
1769 0.866197
1770 0.859155
1771 0.866197
1772 0.866197
1773 0.866197
1774 0.866197
1775 0.866197
1776 0.866197
1777 0.866197
1778 0.859155
1779 0.866197
1780 0.866197
1781 0.866197
1782 0.866197
1783 0.866197
1784 0.866197
1785 0.866197
1786 0.866197
1787 0.866197
1788 0.866197
1789 0.866197
1790 0.866197
1791 0.866197
1792 0.866197
1793 0.866197
1794 0.866197
1795 0.866197
1796 0.866197
1797 0.866197
1798 0.866197
1799 0.866197
1800 0.823944
1801 0.823944
1802 0.823944
1803 0.823944
1804 0.809859
1805 0.823944
1806 0.823944
1807 0.823944
1808 0.823944
1809 0.823944
1810 0.823944
1811 0.823944
1812 0.823944
1813 0.823944
1814 0.809859
1815 0.809859
1816 0.823944
1817 0.823944
1818 0.823944
1819 0.823944
1820 0.823944
1821 0.816901
1822 0.816901
1823 0.816901
1824 0.816901
1825 0.823944
1826 0.823944
1827 0.823944
1828 0.816901
1829 0.823944
1830 0.823944
1831 0.823944
1832 0.816901
1833 0.823944
1834 0.823944
1835 0.823944
1836 0.816901
1837 0.823944
1838 0.823944
1839 0.823944
1840 0.823944
1841 0.823944
1842 0.823944
1843 0.823944
1844 0.823944
1845 0.823944
1846 0.823944
1847 0.823944
1848 0.823944
1849 0.823944
1850 0.781690
1851 0.781690
1852 0.781690
1853 0.781690
1854 0.774648
1855 0.774648
1856 0.781690
1857 0.781690
1858 0.781690
1859 0.781690
1860 0.781690
1861 0.781690
1862 0.781690
1863 0.781690
1864 0.774648
1865 0.767606
1866 0.781690
1867 0.774648
1868 0.781690
1869 0.774648
1870 0.774648
1871 0.774648
1872 0.774648
1873 0.774648
1874 0.774648
1875 0.774648
1876 0.774648
1877 0.774648
1878 0.774648
1879 0.767606
1880 0.774648
1881 0.774648
1882 0.767606
1883 0.767606
1884 0.774648
1885 0.767606
1886 0.774648
1887 0.774648
1888 0.774648
1889 0.767606
1890 0.774648
1891 0.774648
1892 0.774648
1893 0.774648
1894 0.774648
1895 0.767606
1896 0.767606
1897 0.774648
1898 0.774648
1899 0.774648
1900 0.781690
1901 0.781690
1902 0.781690
1903 0.781690
1904 0.781690
1905 0.781690
1906 0.774648
1907 0.774648
1908 0.774648
1909 0.774648
1910 0.767606
1911 0.767606
1912 0.781690
1913 0.781690
1914 0.767606
1915 0.767606
1916 0.767606
1917 0.767606
1918 0.774648
1919 0.774648
1920 0.767606
1921 0.767606
1922 0.767606
1923 0.774648
1924 0.767606
1925 0.767606
1926 0.774648
1927 0.774648
1928 0.767606
1929 0.767606
1930 0.767606
1931 0.767606
1932 0.767606
1933 0.767606
1934 0.774648
1935 0.774648
1936 0.781690
1937 0.774648
1938 0.774648
1939 0.781690
1940 0.774648
1941 0.774648
1942 0.781690
1943 0.781690
1944 0.774648
1945 0.774648
1946 0.774648
1947 0.781690
1948 0.774648
1949 0.774648
1950 0.746479
1951 0.746479
1952 0.746479
1953 0.746479
1954 0.746479
1955 0.739437
1956 0.746479
1957 0.746479
1958 0.746479
1959 0.739437
1960 0.746479
1961 0.746479
1962 0.746479
1963 0.746479
1964 0.746479
1965 0.746479
1966 0.746479
1967 0.746479
1968 0.746479
1969 0.746479
1970 0.746479
1971 0.746479
1972 0.746479
1973 0.746479
1974 0.746479
1975 0.746479
1976 0.746479
1977 0.746479
1978 0.746479
1979 0.746479
1980 0.746479
1981 0.746479
1982 0.739437
1983 0.739437
1984 0.739437
1985 0.746479
1986 0.739437
1987 0.739437
1988 0.746479
1989 0.739437
1990 0.746479
1991 0.746479
1992 0.739437
1993 0.739437
1994 0.746479
1995 0.739437
1996 0.732394
1997 0.746479
1998 0.739437
1999 0.739437
2000 0.830986
2001 0.830986
2002 0.830986
2003 0.830986
2004 0.830986
2005 0.830986
2006 0.830986
2007 0.830986
2008 0.816901
2009 0.830986
2010 0.830986
2011 0.830986
2012 0.830986
2013 0.823944
2014 0.830986
2015 0.830986
2016 0.830986
2017 0.830986
2018 0.830986
2019 0.830986
2020 0.830986
2021 0.830986
2022 0.830986
2023 0.830986
2024 0.830986
2025 0.830986
2026 0.830986
2027 0.830986
2028 0.830986
2029 0.830986
2030 0.830986
2031 0.830986
2032 0.830986
2033 0.830986
2034 0.830986
2035 0.830986
2036 0.830986
2037 0.830986
2038 0.830986
2039 0.830986
2040 0.830986
2041 0.830986
2042 0.830986
2043 0.830986
2044 0.823944
2045 0.830986
2046 0.830986
2047 0.823944
2048 0.823944
2049 0.830986
2050 0.845070
2051 0.845070
2052 0.845070
2053 0.845070
2054 0.830986
2055 0.838028
2056 0.845070
2057 0.845070
2058 0.838028
2059 0.838028
2060 0.838028
2061 0.845070
2062 0.845070
2063 0.845070
2064 0.823944
2065 0.830986
2066 0.845070
2067 0.845070
2068 0.845070
2069 0.845070
2070 0.845070
2071 0.845070
2072 0.845070
2073 0.845070
2074 0.845070
2075 0.845070
2076 0.845070
2077 0.838028
2078 0.845070
2079 0.838028
2080 0.838028
2081 0.845070
2082 0.845070
2083 0.845070
2084 0.845070
2085 0.845070
2086 0.845070
2087 0.845070
2088 0.845070
2089 0.845070
2090 0.845070
2091 0.845070
2092 0.845070
2093 0.830986
2094 0.845070
2095 0.838028
2096 0.845070
2097 0.838028
2098 0.845070
2099 0.838028
2100 0.767606
2101 0.767606
2102 0.760563
2103 0.767606
2104 0.767606
2105 0.753521
2106 0.767606
2107 0.767606
2108 0.767606
2109 0.767606
2110 0.767606
2111 0.767606
2112 0.767606
2113 0.767606
2114 0.760563
2115 0.760563
2116 0.760563
2117 0.753521
2118 0.753521
2119 0.753521
2120 0.753521
2121 0.760563
2122 0.753521
2123 0.753521
2124 0.753521
2125 0.753521
2126 0.767606
2127 0.767606
2128 0.767606
2129 0.760563
2130 0.753521
2131 0.767606
2132 0.767606
2133 0.767606
2134 0.767606
2135 0.767606
2136 0.767606
2137 0.760563
2138 0.767606
2139 0.767606
2140 0.767606
2141 0.767606
2142 0.767606
2143 0.767606
2144 0.767606
2145 0.767606
2146 0.760563
2147 0.767606
2148 0.767606
2149 0.767606
2150 0.746479
2151 0.746479
2152 0.746479
2153 0.739437
2154 0.739437
2155 0.746479
2156 0.746479
2157 0.739437
2158 0.746479
2159 0.746479
2160 0.746479
2161 0.746479
2162 0.739437
2163 0.739437
2164 0.739437
2165 0.739437
2166 0.739437
2167 0.732394
2168 0.732394
2169 0.739437
2170 0.739437
2171 0.739437
2172 0.739437
2173 0.739437
2174 0.746479
2175 0.739437
2176 0.739437
2177 0.739437
2178 0.739437
2179 0.739437
2180 0.739437
2181 0.739437
2182 0.746479
2183 0.739437
2184 0.739437
2185 0.739437
2186 0.739437
2187 0.739437
2188 0.746479
2189 0.739437
2190 0.739437
2191 0.739437
2192 0.739437
2193 0.739437
2194 0.739437
2195 0.739437
2196 0.739437
2197 0.746479
2198 0.739437
2199 0.739437
2200 0.732394
2201 0.732394
2202 0.732394
2203 0.732394
2204 0.732394
2205 0.732394
2206 0.732394
2207 0.732394
2208 0.732394
2209 0.732394
2210 0.732394
2211 0.732394
2212 0.725352
2213 0.732394
2214 0.725352
2215 0.725352
2216 0.725352
2217 0.725352
2218 0.718310
2219 0.718310
2220 0.718310
2221 0.725352
2222 0.718310
2223 0.718310
2224 0.725352
2225 0.725352
2226 0.725352
2227 0.725352
2228 0.725352
2229 0.725352
2230 0.725352
2231 0.725352
2232 0.725352
2233 0.725352
2234 0.725352
2235 0.725352
2236 0.725352
2237 0.725352
2238 0.725352
2239 0.725352
2240 0.725352
2241 0.725352
2242 0.725352
2243 0.725352
2244 0.725352
2245 0.725352
2246 0.725352
2247 0.725352
2248 0.725352
2249 0.725352
2250 0.725352
2251 0.725352
2252 0.725352
2253 0.725352
2254 0.725352
2255 0.725352
2256 0.725352
2257 0.725352
2258 0.725352
2259 0.725352
2260 0.725352
2261 0.725352
2262 0.725352
2263 0.725352
2264 0.718310
2265 0.718310
2266 0.718310
2267 0.718310
2268 0.718310
2269 0.718310
2270 0.718310
2271 0.725352
2272 0.718310
2273 0.718310
2274 0.718310
2275 0.725352
2276 0.725352
2277 0.725352
2278 0.725352
2279 0.725352
2280 0.725352
2281 0.725352
2282 0.725352
2283 0.725352
2284 0.725352
2285 0.725352
2286 0.725352
2287 0.725352
2288 0.725352
2289 0.725352
2290 0.725352
2291 0.725352
2292 0.725352
2293 0.725352
2294 0.725352
2295 0.725352
2296 0.725352
2297 0.725352
2298 0.725352
2299 0.725352
2300 0.718310
2301 0.718310
2302 0.718310
2303 0.718310
2304 0.718310
2305 0.718310
2306 0.718310
2307 0.718310
2308 0.718310
2309 0.718310
2310 0.718310
2311 0.718310
2312 0.718310
2313 0.718310
2314 0.711268
2315 0.711268
2316 0.718310
2317 0.711268
2318 0.711268
2319 0.711268
2320 0.711268
2321 0.711268
2322 0.711268
2323 0.711268
2324 0.711268
2325 0.711268
2326 0.711268
2327 0.711268
2328 0.711268
2329 0.711268
2330 0.711268
2331 0.711268
2332 0.711268
2333 0.711268
2334 0.711268
2335 0.718310
2336 0.711268
2337 0.711268
2338 0.718310
2339 0.711268
2340 0.711268
2341 0.711268
2342 0.718310
2343 0.711268
2344 0.711268
2345 0.711268
2346 0.718310
2347 0.711268
2348 0.718310
2349 0.711268
2350 0.612676
2351 0.612676
2352 0.598592
2353 0.598592
2354 0.598592
2355 0.598592
2356 0.612676
2357 0.605634
2358 0.605634
2359 0.605634
2360 0.605634
2361 0.612676
2362 0.605634
2363 0.605634
2364 0.605634
2365 0.605634
2366 0.605634
2367 0.612676
2368 0.605634
2369 0.605634
2370 0.605634
2371 0.605634
2372 0.605634
2373 0.605634
2374 0.612676
2375 0.605634
2376 0.605634
2377 0.605634
2378 0.605634
2379 0.605634
2380 0.605634
2381 0.605634
2382 0.605634
2383 0.612676
2384 0.605634
2385 0.612676
2386 0.612676
2387 0.605634
2388 0.605634
2389 0.612676
2390 0.598592
2391 0.598592
2392 0.612676
2393 0.612676
2394 0.605634
2395 0.612676
2396 0.605634
2397 0.612676
2398 0.612676
2399 0.605634
2400 0.830986
2401 0.823944
2402 0.823944
2403 0.823944
2404 0.823944
2405 0.823944
2406 0.830986
2407 0.830986
2408 0.823944
2409 0.823944
2410 0.830986
2411 0.830986
2412 0.830986
2413 0.823944
2414 0.830986
2415 0.830986
2416 0.823944
2417 0.823944
2418 0.830986
2419 0.830986
2420 0.830986
2421 0.830986
2422 0.823944
2423 0.823944
2424 0.823944
2425 0.823944
2426 0.830986
2427 0.823944
2428 0.823944
2429 0.823944
2430 0.830986
2431 0.830986
2432 0.823944
2433 0.823944
2434 0.830986
2435 0.830986
2436 0.830986
2437 0.830986
2438 0.830986
2439 0.830986
2440 0.830986
2441 0.823944
2442 0.830986
2443 0.816901
2444 0.830986
2445 0.823944
2446 0.823944
2447 0.830986
2448 0.823944
2449 0.823944
2450 0.816901
2451 0.816901
2452 0.816901
2453 0.816901
2454 0.809859
2455 0.816901
2456 0.802817
2457 0.802817
2458 0.816901
2459 0.816901
2460 0.816901
2461 0.816901
2462 0.816901
2463 0.816901
2464 0.816901
2465 0.802817
2466 0.816901
2467 0.816901
2468 0.809859
2469 0.816901
2470 0.816901
2471 0.816901
2472 0.816901
2473 0.809859
2474 0.816901
2475 0.816901
2476 0.816901
2477 0.816901
2478 0.816901
2479 0.816901
2480 0.809859
2481 0.816901
2482 0.816901
2483 0.809859
2484 0.816901
2485 0.809859
2486 0.816901
2487 0.816901
2488 0.816901
2489 0.809859
2490 0.816901
2491 0.809859
2492 0.816901
2493 0.816901
2494 0.816901
2495 0.816901
2496 0.816901
2497 0.816901
2498 0.816901
2499 0.816901
2500 0.774648
2501 0.774648
2502 0.774648
2503 0.774648
2504 0.774648
2505 0.774648
2506 0.774648
2507 0.774648
2508 0.774648
2509 0.774648
2510 0.774648
2511 0.774648
2512 0.774648
2513 0.774648
2514 0.774648
2515 0.774648
2516 0.767606
2517 0.774648
2518 0.774648
2519 0.774648
2520 0.774648
2521 0.774648
2522 0.774648
2523 0.774648
2524 0.774648
2525 0.774648
2526 0.774648
2527 0.774648
2528 0.774648
2529 0.774648
2530 0.774648
2531 0.774648
2532 0.774648
2533 0.774648
2534 0.774648
2535 0.774648
2536 0.774648
2537 0.774648
2538 0.774648
2539 0.774648
2540 0.774648
2541 0.774648
2542 0.774648
2543 0.774648
2544 0.774648
2545 0.774648
2546 0.774648
2547 0.774648
2548 0.774648
2549 0.774648
2550 0.732394
2551 0.732394
2552 0.732394
2553 0.732394
2554 0.732394
2555 0.732394
2556 0.732394
2557 0.732394
2558 0.732394
2559 0.732394
2560 0.732394
2561 0.732394
2562 0.732394
2563 0.725352
2564 0.718310
2565 0.718310
2566 0.711268
2567 0.725352
2568 0.718310
2569 0.718310
2570 0.711268
2571 0.725352
2572 0.725352
2573 0.718310
2574 0.718310
2575 0.725352
2576 0.704225
2577 0.711268
2578 0.718310
2579 0.711268
2580 0.718310
2581 0.732394
2582 0.718310
2583 0.725352
2584 0.718310
2585 0.725352
2586 0.711268
2587 0.725352
2588 0.725352
2589 0.725352
2590 0.725352
2591 0.725352
2592 0.725352
2593 0.711268
2594 0.718310
2595 0.725352
2596 0.725352
2597 0.725352
2598 0.718310
2599 0.725352
2600 0.767606
2601 0.767606
2602 0.767606
2603 0.767606
2604 0.767606
2605 0.760563
2606 0.760563
2607 0.760563
2608 0.760563
2609 0.760563
2610 0.746479
2611 0.753521
2612 0.753521
2613 0.753521
2614 0.753521
2615 0.746479
2616 0.753521
2617 0.746479
2618 0.753521
2619 0.746479
2620 0.753521
2621 0.746479
2622 0.753521
2623 0.760563
2624 0.753521
2625 0.746479
2626 0.746479
2627 0.753521
2628 0.753521
2629 0.746479
2630 0.760563
2631 0.753521
2632 0.753521
2633 0.753521
2634 0.753521
2635 0.746479
2636 0.753521
2637 0.753521
2638 0.760563
2639 0.753521
2640 0.746479
2641 0.753521
2642 0.753521
2643 0.746479
2644 0.760563
2645 0.760563
2646 0.739437
2647 0.746479
2648 0.746479
2649 0.753521
2650 0.788732
2651 0.788732
2652 0.788732
2653 0.781690
2654 0.781690
2655 0.774648
2656 0.774648
2657 0.774648
2658 0.781690
2659 0.774648
2660 0.760563
2661 0.774648
2662 0.774648
2663 0.781690
2664 0.774648
2665 0.781690
2666 0.781690
2667 0.781690
2668 0.774648
2669 0.781690
2670 0.774648
2671 0.774648
2672 0.774648
2673 0.774648
2674 0.774648
2675 0.774648
2676 0.781690
2677 0.774648
2678 0.774648
2679 0.774648
2680 0.774648
2681 0.774648
2682 0.774648
2683 0.774648
2684 0.774648
2685 0.781690
2686 0.781690
2687 0.774648
2688 0.774648
2689 0.774648
2690 0.774648
2691 0.774648
2692 0.774648
2693 0.774648
2694 0.774648
2695 0.781690
2696 0.781690
2697 0.774648
2698 0.774648
2699 0.774648
2700 0.760563
2701 0.753521
2702 0.753521
2703 0.739437
2704 0.739437
2705 0.739437
2706 0.746479
2707 0.746479
2708 0.746479
2709 0.746479
2710 0.739437
2711 0.760563
2712 0.753521
2713 0.753521
2714 0.753521
2715 0.760563
2716 0.753521
2717 0.753521
2718 0.753521
2719 0.753521
2720 0.753521
2721 0.753521
2722 0.760563
2723 0.753521
2724 0.753521
2725 0.753521
2726 0.760563
2727 0.753521
2728 0.760563
2729 0.753521
2730 0.753521
2731 0.753521
2732 0.753521
2733 0.760563
2734 0.753521
2735 0.753521
2736 0.753521
2737 0.753521
2738 0.753521
2739 0.753521
2740 0.753521
2741 0.753521
2742 0.753521
2743 0.760563
2744 0.753521
2745 0.753521
2746 0.753521
2747 0.753521
2748 0.753521
2749 0.753521
2750 0.669014
2751 0.661972
2752 0.661972
2753 0.661972
2754 0.669014
2755 0.661972
2756 0.669014
2757 0.669014
2758 0.669014
2759 0.669014
2760 0.661972
2761 0.661972
2762 0.661972
2763 0.669014
2764 0.661972
2765 0.661972
2766 0.661972
2767 0.661972
2768 0.669014
2769 0.661972
2770 0.661972
2771 0.654930
2772 0.654930
2773 0.654930
2774 0.654930
2775 0.661972
2776 0.661972
2777 0.654930
2778 0.654930
2779 0.661972
2780 0.669014
2781 0.654930
2782 0.661972
2783 0.654930
2784 0.654930
2785 0.669014
2786 0.661972
2787 0.654930
2788 0.669014
2789 0.669014
2790 0.661972
2791 0.661972
2792 0.661972
2793 0.661972
2794 0.661972
2795 0.669014
2796 0.661972
2797 0.661972
2798 0.661972
2799 0.669014
2800 0.767606
2801 0.767606
2802 0.767606
2803 0.767606
2804 0.767606
2805 0.767606
2806 0.767606
2807 0.767606
2808 0.767606
2809 0.767606
2810 0.767606
2811 0.767606
2812 0.767606
2813 0.767606
2814 0.767606
2815 0.767606
2816 0.760563
2817 0.760563
2818 0.760563
2819 0.767606
2820 0.760563
2821 0.767606
2822 0.753521
2823 0.753521
2824 0.753521
2825 0.753521
2826 0.760563
2827 0.760563
2828 0.753521
2829 0.753521
2830 0.760563
2831 0.760563
2832 0.760563
2833 0.753521
2834 0.753521
2835 0.753521
2836 0.760563
2837 0.753521
2838 0.753521
2839 0.767606
2840 0.753521
2841 0.753521
2842 0.767606
2843 0.760563
2844 0.767606
2845 0.760563
2846 0.767606
2847 0.753521
2848 0.753521
2849 0.753521
2850 0.767606
2851 0.760563
2852 0.760563
2853 0.760563
2854 0.767606
2855 0.753521
2856 0.753521
2857 0.767606
2858 0.760563
2859 0.760563
2860 0.760563
2861 0.767606
2862 0.760563
2863 0.767606
2864 0.760563
2865 0.767606
2866 0.767606
2867 0.767606
2868 0.767606
2869 0.767606
2870 0.760563
2871 0.753521
2872 0.753521
2873 0.767606
2874 0.760563
2875 0.767606
2876 0.760563
2877 0.760563
2878 0.760563
2879 0.753521
2880 0.753521
2881 0.760563
2882 0.760563
2883 0.753521
2884 0.753521
2885 0.753521
2886 0.760563
2887 0.753521
2888 0.753521
2889 0.767606
2890 0.753521
2891 0.753521
2892 0.753521
2893 0.767606
2894 0.753521
2895 0.760563
2896 0.767606
2897 0.760563
2898 0.760563
2899 0.760563
2900 0.612676
2901 0.605634
2902 0.605634
2903 0.612676
2904 0.612676
2905 0.605634
2906 0.598592
2907 0.598592
2908 0.612676
2909 0.605634
2910 0.598592
2911 0.612676
2912 0.605634
2913 0.605634
2914 0.605634
2915 0.605634
2916 0.612676
2917 0.605634
2918 0.612676
2919 0.605634
2920 0.612676
2921 0.605634
2922 0.605634
2923 0.612676
2924 0.605634
2925 0.605634
2926 0.605634
2927 0.612676
2928 0.605634
2929 0.605634
2930 0.605634
2931 0.612676
2932 0.605634
2933 0.605634
2934 0.605634
2935 0.612676
2936 0.605634
2937 0.605634
2938 0.612676
2939 0.605634
2940 0.612676
2941 0.605634
2942 0.605634
2943 0.612676
2944 0.612676
2945 0.612676
2946 0.605634
2947 0.605634
2948 0.612676
2949 0.605634
2950 0.697183
2951 0.683099
2952 0.697183
2953 0.697183
2954 0.690141
2955 0.697183
2956 0.697183
2957 0.697183
2958 0.697183
2959 0.690141
2960 0.690141
2961 0.690141
2962 0.697183
2963 0.697183
2964 0.697183
2965 0.697183
2966 0.690141
2967 0.690141
2968 0.690141
2969 0.697183
2970 0.690141
2971 0.697183
2972 0.697183
2973 0.697183
2974 0.697183
2975 0.697183
2976 0.690141
2977 0.690141
2978 0.697183
2979 0.697183
2980 0.690141
2981 0.697183
2982 0.690141
2983 0.697183
2984 0.690141
2985 0.697183
2986 0.690141
2987 0.690141
2988 0.697183
2989 0.697183
2990 0.697183
2991 0.697183
2992 0.690141
2993 0.697183
2994 0.697183
2995 0.697183
2996 0.514085
2997 0.697183
2998 0.690141
2999 0.697183
3000 0.746479
3001 0.739437
3002 0.732394
3003 0.739437
3004 0.732394
3005 0.725352
3006 0.739437
3007 0.725352
3008 0.746479
3009 0.739437
3010 0.732394
3011 0.732394
3012 0.732394
3013 0.739437
3014 0.732394
3015 0.732394
3016 0.732394
3017 0.739437
3018 0.732394
3019 0.732394
3020 0.732394
3021 0.732394
3022 0.746479
3023 0.746479
3024 0.746479
3025 0.746479
3026 0.739437
3027 0.746479
3028 0.739437
3029 0.739437
3030 0.746479
3031 0.746479
3032 0.746479
3033 0.746479
3034 0.746479
3035 0.739437
3036 0.746479
3037 0.739437
3038 0.739437
3039 0.746479
3040 0.739437
3041 0.746479
3042 0.739437
3043 0.746479
3044 0.739437
3045 0.746479
3046 0.739437
3047 0.739437
3048 0.746479
3049 0.739437
3050 0.669014
3051 0.669014
3052 0.669014
3053 0.669014
3054 0.669014
3055 0.669014
3056 0.669014
3057 0.669014
3058 0.669014
3059 0.669014
3060 0.669014
3061 0.669014
3062 0.669014
3063 0.669014
3064 0.669014
3065 0.669014
3066 0.669014
3067 0.669014
3068 0.669014
3069 0.669014
3070 0.669014
3071 0.669014
3072 0.661972
3073 0.661972
3074 0.669014
3075 0.669014
3076 0.661972
3077 0.669014
3078 0.661972
3079 0.669014
3080 0.661972
3081 0.661972
3082 0.661972
3083 0.661972
3084 0.661972
3085 0.661972
3086 0.669014
3087 0.669014
3088 0.669014
3089 0.669014
3090 0.669014
3091 0.669014
3092 0.669014
3093 0.669014
3094 0.669014
3095 0.669014
3096 0.669014
3097 0.669014
3098 0.669014
3099 0.669014
3100 0.697183
3101 0.697183
3102 0.697183
3103 0.697183
3104 0.697183
3105 0.697183
3106 0.697183
3107 0.697183
3108 0.697183
3109 0.697183
3110 0.697183
3111 0.690141
3112 0.697183
3113 0.697183
3114 0.697183
3115 0.697183
3116 0.697183
3117 0.697183
3118 0.697183
3119 0.697183
3120 0.697183
3121 0.697183
3122 0.690141
3123 0.690141
3124 0.697183
3125 0.697183
3126 0.697183
3127 0.697183
3128 0.697183
3129 0.697183
3130 0.697183
3131 0.697183
3132 0.697183
3133 0.697183
3134 0.697183
3135 0.697183
3136 0.697183
3137 0.697183
3138 0.697183
3139 0.697183
3140 0.697183
3141 0.697183
3142 0.697183
3143 0.697183
3144 0.697183
3145 0.697183
3146 0.697183
3147 0.697183
3148 0.697183
3149 0.697183
3150 0.767606
3151 0.767606
3152 0.767606
3153 0.767606
3154 0.767606
3155 0.767606
3156 0.767606
3157 0.767606
3158 0.767606
3159 0.767606
3160 0.767606
3161 0.767606
3162 0.767606
3163 0.767606
3164 0.767606
3165 0.767606
3166 0.767606
3167 0.767606
3168 0.767606
3169 0.767606
3170 0.767606
3171 0.767606
3172 0.767606
3173 0.767606
3174 0.767606
3175 0.767606
3176 0.767606
3177 0.767606
3178 0.767606
3179 0.767606
3180 0.767606
3181 0.767606
3182 0.767606
3183 0.767606
3184 0.767606
3185 0.767606
3186 0.767606
3187 0.767606
3188 0.760563
3189 0.760563
3190 0.760563
3191 0.760563
3192 0.767606
3193 0.767606
3194 0.767606
3195 0.767606
3196 0.767606
3197 0.767606
3198 0.767606
3199 0.767606
3200 0.774648
3201 0.774648
3202 0.760563
3203 0.760563
3204 0.767606
3205 0.760563
3206 0.774648
3207 0.767606
3208 0.774648
3209 0.774648
3210 0.774648
3211 0.767606
3212 0.774648
3213 0.774648
3214 0.767606
3215 0.774648
3216 0.774648
3217 0.767606
3218 0.767606
3219 0.767606
3220 0.767606
3221 0.767606
3222 0.774648
3223 0.767606
3224 0.767606
3225 0.767606
3226 0.774648
3227 0.767606
3228 0.767606
3229 0.767606
3230 0.767606
3231 0.774648
3232 0.774648
3233 0.767606
3234 0.767606
3235 0.774648
3236 0.774648
3237 0.774648
3238 0.767606
3239 0.767606
3240 0.774648
3241 0.774648
3242 0.774648
3243 0.774648
3244 0.774648
3245 0.774648
3246 0.767606
3247 0.767606
3248 0.767606
3249 0.774648
3250 0.767606
3251 0.760563
3252 0.760563
3253 0.760563
3254 0.767606
3255 0.767606
3256 0.767606
3257 0.760563
3258 0.760563
3259 0.760563
3260 0.760563
3261 0.760563
3262 0.767606
3263 0.767606
3264 0.767606
3265 0.767606
3266 0.767606
3267 0.760563
3268 0.760563
3269 0.760563
3270 0.760563
3271 0.767606
3272 0.767606
3273 0.767606
3274 0.753521
3275 0.767606
3276 0.760563
3277 0.753521
3278 0.767606
3279 0.760563
3280 0.767606
3281 0.767606
3282 0.760563
3283 0.767606
3284 0.760563
3285 0.767606
3286 0.760563
3287 0.760563
3288 0.760563
3289 0.767606
3290 0.767606
3291 0.760563
3292 0.760563
3293 0.760563
3294 0.760563
3295 0.767606
3296 0.767606
3297 0.767606
3298 0.767606
3299 0.760563
3300 0.838028
3301 0.838028
3302 0.838028
3303 0.838028
3304 0.830986
3305 0.830986
3306 0.838028
3307 0.830986
3308 0.830986
3309 0.830986
3310 0.838028
3311 0.838028
3312 0.830986
3313 0.830986
3314 0.838028
3315 0.830986
3316 0.838028
3317 0.838028
3318 0.838028
3319 0.830986
3320 0.830986
3321 0.838028
3322 0.838028
3323 0.830986
3324 0.838028
3325 0.838028
3326 0.838028
3327 0.838028
3328 0.838028
3329 0.838028
3330 0.830986
3331 0.838028
3332 0.838028
3333 0.838028
3334 0.830986
3335 0.838028
3336 0.838028
3337 0.830986
3338 0.838028
3339 0.830986
3340 0.830986
3341 0.838028
3342 0.838028
3343 0.838028
3344 0.838028
3345 0.838028
3346 0.830986
3347 0.838028
3348 0.838028
3349 0.838028
3350 0.605634
3351 0.605634
3352 0.605634
3353 0.605634
3354 0.605634
3355 0.598592
3356 0.605634
3357 0.605634
3358 0.598592
3359 0.605634
3360 0.605634
3361 0.598592
3362 0.605634
3363 0.605634
3364 0.598592
3365 0.598592
3366 0.598592
3367 0.605634
3368 0.598592
3369 0.598592
3370 0.605634
3371 0.605634
3372 0.598592
3373 0.598592
3374 0.605634
3375 0.591549
3376 0.605634
3377 0.605634
3378 0.605634
3379 0.598592
3380 0.598592
3381 0.605634
3382 0.598592
3383 0.598592
3384 0.605634
3385 0.598592
3386 0.598592
3387 0.605634
3388 0.605634
3389 0.605634
3390 0.605634
3391 0.605634
3392 0.598592
3393 0.598592
3394 0.605634
3395 0.605634
3396 0.598592
3397 0.598592
3398 0.598592
3399 0.605634
3400 0.683099
3401 0.683099
3402 0.683099
3403 0.683099
3404 0.683099
3405 0.669014
3406 0.683099
3407 0.683099
3408 0.676056
3409 0.683099
3410 0.683099
3411 0.683099
3412 0.683099
3413 0.683099
3414 0.683099
3415 0.683099
3416 0.683099
3417 0.683099
3418 0.676056
3419 0.676056
3420 0.683099
3421 0.676056
3422 0.676056
3423 0.683099
3424 0.676056
3425 0.676056
3426 0.683099
3427 0.676056
3428 0.683099
3429 0.683099
3430 0.683099
3431 0.676056
3432 0.676056
3433 0.683099
3434 0.676056
3435 0.676056
3436 0.683099
3437 0.676056
3438 0.676056
3439 0.683099
3440 0.676056
3441 0.683099
3442 0.683099
3443 0.676056
3444 0.683099
3445 0.676056
3446 0.683099
3447 0.676056
3448 0.683099
3449 0.676056
3450 0.816901
3451 0.816901
3452 0.816901
3453 0.809859
3454 0.809859
3455 0.816901
3456 0.809859
3457 0.809859
3458 0.816901
3459 0.816901
3460 0.809859
3461 0.816901
3462 0.816901
3463 0.816901
3464 0.816901
3465 0.816901
3466 0.816901
3467 0.809859
3468 0.809859
3469 0.816901
3470 0.809859
3471 0.816901
3472 0.816901
3473 0.809859
3474 0.816901
3475 0.816901
3476 0.816901
3477 0.809859
3478 0.816901
3479 0.809859
3480 0.816901
3481 0.816901
3482 0.816901
3483 0.816901
3484 0.809859
3485 0.809859
3486 0.816901
3487 0.816901
3488 0.809859
3489 0.809859
3490 0.816901
3491 0.816901
3492 0.816901
3493 0.809859
3494 0.809859
3495 0.816901
3496 0.816901
3497 0.809859
3498 0.816901
3499 0.816901
3500 0.683099
3501 0.683099
3502 0.676056
3503 0.676056
3504 0.683099
3505 0.676056
3506 0.676056
3507 0.683099
3508 0.676056
3509 0.676056
3510 0.683099
3511 0.676056
3512 0.676056
3513 0.683099
3514 0.669014
3515 0.676056
3516 0.683099
3517 0.683099
3518 0.683099
3519 0.683099
3520 0.683099
3521 0.683099
3522 0.676056
3523 0.676056
3524 0.683099
3525 0.683099
3526 0.676056
3527 0.683099
3528 0.683099
3529 0.676056
3530 0.676056
3531 0.683099
3532 0.683099
3533 0.676056
3534 0.683099
3535 0.683099
3536 0.676056
3537 0.676056
3538 0.683099
3539 0.683099
3540 0.683099
3541 0.683099
3542 0.683099
3543 0.683099
3544 0.683099
3545 0.683099
3546 0.676056
3547 0.683099
3548 0.683099
3549 0.683099
3550 0.753521
3551 0.753521
3552 0.753521
3553 0.753521
3554 0.746479
3555 0.753521
3556 0.753521
3557 0.753521
3558 0.753521
3559 0.753521
3560 0.753521
3561 0.746479
3562 0.753521
3563 0.739437
3564 0.753521
3565 0.753521
3566 0.753521
3567 0.746479
3568 0.753521
3569 0.753521
3570 0.753521
3571 0.746479
3572 0.753521
3573 0.753521
3574 0.753521
3575 0.746479
3576 0.753521
3577 0.753521
3578 0.753521
3579 0.753521
3580 0.753521
3581 0.753521
3582 0.753521
3583 0.753521
3584 0.753521
3585 0.753521
3586 0.746479
3587 0.753521
3588 0.739437
3589 0.753521
3590 0.753521
3591 0.753521
3592 0.753521
3593 0.746479
3594 0.753521
3595 0.753521
3596 0.753521
3597 0.753521
3598 0.753521
3599 0.746479
3600 0.669014
3601 0.661972
3602 0.669014
3603 0.669014
3604 0.669014
3605 0.669014
3606 0.669014
3607 0.669014
3608 0.669014
3609 0.669014
3610 0.669014
3611 0.669014
3612 0.669014
3613 0.669014
3614 0.669014
3615 0.669014
3616 0.669014
3617 0.669014
3618 0.669014
3619 0.669014
3620 0.669014
3621 0.669014
3622 0.669014
3623 0.669014
3624 0.669014
3625 0.669014
3626 0.669014
3627 0.669014
3628 0.669014
3629 0.669014
3630 0.669014
3631 0.669014
3632 0.669014
3633 0.669014
3634 0.669014
3635 0.669014
3636 0.669014
3637 0.669014
3638 0.669014
3639 0.669014
3640 0.669014
3641 0.669014
3642 0.669014
3643 0.669014
3644 0.669014
3645 0.669014
3646 0.669014
3647 0.669014
3648 0.669014
3649 0.669014
3650 0.809859
3651 0.809859
3652 0.809859
3653 0.809859
3654 0.809859
3655 0.809859
3656 0.809859
3657 0.809859
3658 0.809859
3659 0.809859
3660 0.809859
3661 0.809859
3662 0.809859
3663 0.809859
3664 0.809859
3665 0.809859
3666 0.809859
3667 0.809859
3668 0.809859
3669 0.809859
3670 0.809859
3671 0.809859
3672 0.809859
3673 0.809859
3674 0.809859
3675 0.809859
3676 0.809859
3677 0.809859
3678 0.809859
3679 0.809859
3680 0.802817
3681 0.802817
3682 0.809859
3683 0.809859
3684 0.809859
3685 0.809859
3686 0.809859
3687 0.809859
3688 0.809859
3689 0.809859
3690 0.809859
3691 0.809859
3692 0.809859
3693 0.809859
3694 0.809859
3695 0.809859
3696 0.809859
3697 0.809859
3698 0.809859
3699 0.809859
3700 0.718310
3701 0.718310
3702 0.718310
3703 0.718310
3704 0.718310
3705 0.718310
3706 0.718310
3707 0.718310
3708 0.718310
3709 0.718310
3710 0.718310
3711 0.718310
3712 0.718310
3713 0.718310
3714 0.718310
3715 0.718310
3716 0.718310
3717 0.718310
3718 0.718310
3719 0.718310
3720 0.718310
3721 0.718310
3722 0.718310
3723 0.718310
3724 0.718310
3725 0.718310
3726 0.718310
3727 0.718310
3728 0.718310
3729 0.718310
3730 0.718310
3731 0.718310
3732 0.718310
3733 0.718310
3734 0.718310
3735 0.718310
3736 0.718310
3737 0.718310
3738 0.718310
3739 0.718310
3740 0.718310
3741 0.718310
3742 0.718310
3743 0.718310
3744 0.718310
3745 0.718310
3746 0.718310
3747 0.718310
3748 0.718310
3749 0.718310
3750 0.816901
3751 0.816901
3752 0.816901
3753 0.816901
3754 0.816901
3755 0.816901
3756 0.816901
3757 0.816901
3758 0.816901
3759 0.816901
3760 0.816901
3761 0.816901
3762 0.816901
3763 0.816901
3764 0.816901
3765 0.816901
3766 0.816901
3767 0.816901
3768 0.816901
3769 0.816901
3770 0.816901
3771 0.816901
3772 0.816901
3773 0.816901
3774 0.816901
3775 0.816901
3776 0.816901
3777 0.816901
3778 0.816901
3779 0.816901
3780 0.816901
3781 0.816901
3782 0.816901
3783 0.816901
3784 0.816901
3785 0.816901
3786 0.816901
3787 0.816901
3788 0.816901
3789 0.816901
3790 0.816901
3791 0.816901
3792 0.816901
3793 0.816901
3794 0.816901
3795 0.816901
3796 0.816901
3797 0.816901
3798 0.816901
3799 0.816901
3800 0.760563
3801 0.760563
3802 0.760563
3803 0.760563
3804 0.760563
3805 0.760563
3806 0.760563
3807 0.760563
3808 0.760563
3809 0.760563
3810 0.760563
3811 0.760563
3812 0.760563
3813 0.760563
3814 0.760563
3815 0.760563
3816 0.760563
3817 0.760563
3818 0.760563
3819 0.760563
3820 0.760563
3821 0.760563
3822 0.760563
3823 0.760563
3824 0.760563
3825 0.760563
3826 0.760563
3827 0.760563
3828 0.760563
3829 0.760563
3830 0.760563
3831 0.760563
3832 0.760563
3833 0.760563
3834 0.760563
3835 0.760563
3836 0.760563
3837 0.760563
3838 0.760563
3839 0.760563
3840 0.760563
3841 0.760563
3842 0.760563
3843 0.760563
3844 0.760563
3845 0.760563
3846 0.760563
3847 0.760563
3848 0.760563
3849 0.760563
3850 0.767606
3851 0.767606
3852 0.767606
3853 0.767606
3854 0.767606
3855 0.767606
3856 0.767606
3857 0.767606
3858 0.767606
3859 0.767606
3860 0.767606
3861 0.767606
3862 0.767606
3863 0.767606
3864 0.767606
3865 0.767606
3866 0.767606
3867 0.767606
3868 0.767606
3869 0.767606
3870 0.767606
3871 0.767606
3872 0.767606
3873 0.767606
3874 0.767606
3875 0.767606
3876 0.767606
3877 0.767606
3878 0.767606
3879 0.767606
3880 0.767606
3881 0.767606
3882 0.767606
3883 0.767606
3884 0.767606
3885 0.767606
3886 0.767606
3887 0.767606
3888 0.767606
3889 0.767606
3890 0.767606
3891 0.767606
3892 0.767606
3893 0.767606
3894 0.767606
3895 0.767606
3896 0.760563
3897 0.767606
3898 0.767606
3899 0.767606
3900 0.802817
3901 0.802817
3902 0.802817
3903 0.802817
3904 0.802817
3905 0.802817
3906 0.802817
3907 0.802817
3908 0.802817
3909 0.802817
3910 0.802817
3911 0.802817
3912 0.802817
3913 0.802817
3914 0.802817
3915 0.802817
3916 0.802817
3917 0.802817
3918 0.802817
3919 0.802817
3920 0.802817
3921 0.802817
3922 0.802817
3923 0.802817
3924 0.802817
3925 0.802817
3926 0.802817
3927 0.802817
3928 0.802817
3929 0.802817
3930 0.802817
3931 0.802817
3932 0.802817
3933 0.802817
3934 0.802817
3935 0.802817
3936 0.802817
3937 0.802817
3938 0.802817
3939 0.802817
3940 0.802817
3941 0.802817
3942 0.802817
3943 0.802817
3944 0.802817
3945 0.802817
3946 0.802817
3947 0.802817
3948 0.802817
3949 0.802817
3950 0.852113
3951 0.852113
3952 0.852113
3953 0.852113
3954 0.852113
3955 0.852113
3956 0.852113
3957 0.852113
3958 0.852113
3959 0.852113
3960 0.852113
3961 0.852113
3962 0.852113
3963 0.852113
3964 0.852113
3965 0.852113
3966 0.852113
3967 0.852113
3968 0.852113
3969 0.852113
3970 0.852113
3971 0.852113
3972 0.852113
3973 0.852113
3974 0.852113
3975 0.852113
3976 0.852113
3977 0.852113
3978 0.852113
3979 0.852113
3980 0.852113
3981 0.852113
3982 0.852113
3983 0.852113
3984 0.852113
3985 0.852113
3986 0.852113
3987 0.852113
3988 0.852113
3989 0.852113
3990 0.852113
3991 0.852113
3992 0.852113
3993 0.852113
3994 0.852113
3995 0.852113
3996 0.852113
3997 0.852113
3998 0.852113
3999 0.852113
4000 0.838028
4001 0.838028
4002 0.838028
4003 0.838028
4004 0.838028
4005 0.838028
4006 0.838028
4007 0.838028
4008 0.838028
4009 0.838028
4010 0.838028
4011 0.838028
4012 0.838028
4013 0.838028
4014 0.838028
4015 0.838028
4016 0.838028
4017 0.838028
4018 0.838028
4019 0.838028
4020 0.838028
4021 0.838028
4022 0.838028
4023 0.838028
4024 0.838028
4025 0.838028
4026 0.838028
4027 0.838028
4028 0.838028
4029 0.838028
4030 0.838028
4031 0.838028
4032 0.838028
4033 0.838028
4034 0.838028
4035 0.838028
4036 0.830986
4037 0.830986
4038 0.830986
4039 0.830986
4040 0.830986
4041 0.830986
4042 0.830986
4043 0.830986
4044 0.830986
4045 0.830986
4046 0.830986
4047 0.830986
4048 0.830986
4049 0.830986
4050 0.859155
4051 0.859155
4052 0.859155
4053 0.859155
4054 0.859155
4055 0.859155
4056 0.859155
4057 0.859155
4058 0.859155
4059 0.859155
4060 0.859155
4061 0.859155
4062 0.859155
4063 0.859155
4064 0.859155
4065 0.859155
4066 0.859155
4067 0.859155
4068 0.859155
4069 0.859155
4070 0.859155
4071 0.852113
4072 0.859155
4073 0.859155
4074 0.859155
4075 0.859155
4076 0.845070
4077 0.859155
4078 0.859155
4079 0.859155
4080 0.859155
4081 0.859155
4082 0.859155
4083 0.859155
4084 0.859155
4085 0.859155
4086 0.859155
4087 0.859155
4088 0.859155
4089 0.859155
4090 0.859155
4091 0.859155
4092 0.859155
4093 0.859155
4094 0.859155
4095 0.859155
4096 0.859155
4097 0.859155
4098 0.859155
4099 0.859155
4100 0.830986
4101 0.830986
4102 0.816901
4103 0.830986
4104 0.830986
4105 0.823944
4106 0.830986
4107 0.830986
4108 0.830986
4109 0.830986
4110 0.830986
4111 0.830986
4112 0.830986
4113 0.830986
4114 0.830986
4115 0.830986
4116 0.823944
4117 0.830986
4118 0.830986
4119 0.830986
4120 0.830986
4121 0.830986
4122 0.830986
4123 0.830986
4124 0.830986
4125 0.823944
4126 0.830986
4127 0.830986
4128 0.830986
4129 0.830986
4130 0.830986
4131 0.823944
4132 0.830986
4133 0.830986
4134 0.830986
4135 0.830986
4136 0.830986
4137 0.830986
4138 0.830986
4139 0.830986
4140 0.830986
4141 0.823944
4142 0.823944
4143 0.830986
4144 0.830986
4145 0.823944
4146 0.830986
4147 0.830986
4148 0.830986
4149 0.830986
4150 0.809859
4151 0.809859
4152 0.809859
4153 0.809859
4154 0.809859
4155 0.809859
4156 0.809859
4157 0.809859
4158 0.809859
4159 0.809859
4160 0.809859
4161 0.809859
4162 0.802817
4163 0.809859
4164 0.809859
4165 0.809859
4166 0.802817
4167 0.809859
4168 0.809859
4169 0.809859
4170 0.809859
4171 0.809859
4172 0.809859
4173 0.809859
4174 0.809859
4175 0.809859
4176 0.809859
4177 0.809859
4178 0.802817
4179 0.809859
4180 0.809859
4181 0.809859
4182 0.809859
4183 0.809859
4184 0.802817
4185 0.809859
4186 0.809859
4187 0.809859
4188 0.802817
4189 0.809859
4190 0.809859
4191 0.802817
4192 0.809859
4193 0.809859
4194 0.809859
4195 0.802817
4196 0.809859
4197 0.809859
4198 0.809859
4199 0.809859
4200 0.852113
4201 0.852113
4202 0.852113
4203 0.852113
4204 0.852113
4205 0.852113
4206 0.845070
4207 0.852113
4208 0.845070
4209 0.852113
4210 0.852113
4211 0.852113
4212 0.852113
4213 0.852113
4214 0.838028
4215 0.852113
4216 0.845070
4217 0.852113
4218 0.852113
4219 0.852113
4220 0.852113
4221 0.852113
4222 0.852113
4223 0.852113
4224 0.852113
4225 0.852113
4226 0.852113
4227 0.852113
4228 0.852113
4229 0.852113
4230 0.852113
4231 0.852113
4232 0.852113
4233 0.852113
4234 0.852113
4235 0.852113
4236 0.852113
4237 0.852113
4238 0.845070
4239 0.852113
4240 0.845070
4241 0.845070
4242 0.852113
4243 0.852113
4244 0.845070
4245 0.845070
4246 0.852113
4247 0.852113
4248 0.852113
4249 0.852113
4250 0.760563
4251 0.760563
4252 0.753521
4253 0.753521
4254 0.760563
4255 0.760563
4256 0.760563
4257 0.753521
4258 0.753521
4259 0.746479
4260 0.746479
4261 0.746479
4262 0.746479
4263 0.746479
4264 0.746479
4265 0.746479
4266 0.746479
4267 0.746479
4268 0.739437
4269 0.739437
4270 0.746479
4271 0.746479
4272 0.739437
4273 0.739437
4274 0.753521
4275 0.746479
4276 0.746479
4277 0.746479
4278 0.753521
4279 0.753521
4280 0.746479
4281 0.753521
4282 0.753521
4283 0.746479
4284 0.746479
4285 0.746479
4286 0.753521
4287 0.753521
4288 0.753521
4289 0.753521
4290 0.746479
4291 0.746479
4292 0.746479
4293 0.746479
4294 0.746479
4295 0.746479
4296 0.753521
4297 0.746479
4298 0.753521
4299 0.753521
4300 0.746479
4301 0.746479
4302 0.746479
4303 0.746479
4304 0.739437
4305 0.739437
4306 0.746479
4307 0.746479
4308 0.739437
4309 0.739437
4310 0.746479
4311 0.746479
4312 0.746479
4313 0.746479
4314 0.739437
4315 0.739437
4316 0.739437
4317 0.746479
4318 0.746479
4319 0.746479
4320 0.746479
4321 0.732394
4322 0.739437
4323 0.732394
4324 0.732394
4325 0.746479
4326 0.746479
4327 0.739437
4328 0.739437
4329 0.746479
4330 0.746479
4331 0.739437
4332 0.746479
4333 0.746479
4334 0.746479
4335 0.746479
4336 0.746479
4337 0.746479
4338 0.746479
4339 0.739437
4340 0.746479
4341 0.746479
4342 0.746479
4343 0.746479
4344 0.746479
4345 0.746479
4346 0.739437
4347 0.739437
4348 0.739437
4349 0.739437
4350 0.767606
4351 0.767606
4352 0.767606
4353 0.767606
4354 0.767606
4355 0.767606
4356 0.767606
4357 0.767606
4358 0.767606
4359 0.767606
4360 0.760563
4361 0.767606
4362 0.753521
4363 0.753521
4364 0.760563
4365 0.753521
4366 0.753521
4367 0.753521
4368 0.753521
4369 0.753521
4370 0.753521
4371 0.739437
4372 0.746479
4373 0.746479
4374 0.760563
4375 0.760563
4376 0.753521
4377 0.746479
4378 0.746479
4379 0.760563
4380 0.760563
4381 0.753521
4382 0.753521
4383 0.753521
4384 0.753521
4385 0.753521
4386 0.753521
4387 0.753521
4388 0.760563
4389 0.760563
4390 0.760563
4391 0.760563
4392 0.753521
4393 0.753521
4394 0.760563
4395 0.753521
4396 0.753521
4397 0.753521
4398 0.753521
4399 0.753521
4400 0.633803
4401 0.633803
4402 0.633803
4403 0.633803
4404 0.633803
4405 0.633803
4406 0.633803
4407 0.633803
4408 0.633803
4409 0.626761
4410 0.626761
4411 0.626761
4412 0.633803
4413 0.633803
4414 0.626761
4415 0.626761
4416 0.626761
4417 0.633803
4418 0.633803
4419 0.626761
4420 0.626761
4421 0.633803
4422 0.626761
4423 0.626761
4424 0.626761
4425 0.633803
4426 0.619718
4427 0.619718
4428 0.626761
4429 0.633803
4430 0.626761
4431 0.626761
4432 0.626761
4433 0.633803
4434 0.633803
4435 0.626761
4436 0.626761
4437 0.633803
4438 0.619718
4439 0.619718
4440 0.626761
4441 0.633803
4442 0.633803
4443 0.633803
4444 0.633803
4445 0.633803
4446 0.626761
4447 0.626761
4448 0.633803
4449 0.633803
4450 0.732394
4451 0.732394
4452 0.732394
4453 0.732394
4454 0.732394
4455 0.725352
4456 0.732394
4457 0.725352
4458 0.732394
4459 0.718310
4460 0.732394
4461 0.725352
4462 0.732394
4463 0.725352
4464 0.732394
4465 0.725352
4466 0.732394
4467 0.732394
4468 0.732394
4469 0.725352
4470 0.732394
4471 0.732394
4472 0.725352
4473 0.732394
4474 0.725352
4475 0.732394
4476 0.732394
4477 0.725352
4478 0.732394
4479 0.732394
4480 0.732394
4481 0.732394
4482 0.725352
4483 0.732394
4484 0.732394
4485 0.732394
4486 0.732394
4487 0.732394
4488 0.732394
4489 0.732394
4490 0.732394
4491 0.732394
4492 0.732394
4493 0.732394
4494 0.732394
4495 0.732394
4496 0.732394
4497 0.732394
4498 0.732394
4499 0.732394
