0 2.103161 118
1 0.651093 118
2 0.707449 118
3 0.711424 118
4 0.713102 118
5 19.832093 118
6 1.755381 118
7 1.901051 117
8 1.792686 118
9 1.109720 118
10 2.371907 118
11 1.754195 118
12 6.127585 118
13 2.316534 118
14 5.675424 118
15 1.658441 118
16 1.565085 118
17 1.639178 118
18 1.585686 118
19 0.841607 117
20 0.955479 117
21 1.707856 118
22 0.687188 117
23 1.861754 118
24 0.873162 117
25 1.513542 118
26 2.149136 118
27 1.980246 118
28 1.951992 118
29 2.228102 118
30 1.153641 117
31 2.376254 118
32 1.704314 118
33 1.392407 118
34 1.103658 117
35 1.217051 117
36 1.252838 117
37 1.270373 118
38 0.554265 117
39 0.622889 117
40 0.451231 117
41 1.440059 118
42 1.477034 118
43 1.319975 118
44 0.505632 117
45 1.507737 118
46 0.438190 116
47 0.830619 118
48 0.258085 117
49 1.460966 118
50 1.701379 116
51 1.649991 116
52 1.359878 115
53 1.816448 116
54 2.752741 116
55 2.542474 116
56 1.517739 115
57 1.856552 116
58 2.860103 116
59 2.010259 116
60 11.732707 116
61 2.180586 116
62 1.776716 116
63 1.622612 116
64 1.665655 116
65 1.670552 116
66 1.605224 116
67 2.577121 116
68 2.526931 116
69 1.394621 116
70 0.535948 116
71 0.341191 115
72 0.416478 115
73 1.781095 116
74 1.134897 116
75 0.788843 115
76 0.457409 115
77 0.394200 115
78 0.477591 115
79 0.409887 115
80 0.411431 116
81 0.408400 115
82 1.054474 116
83 1.085000 116
84 0.517035 115
85 1.230543 116
86 0.598826 115
87 0.426887 115
88 0.409583 115
89 5.038957 116
90 1.142948 116
91 19.893724 116
92 1.324224 116
93 0.876069 116
94 0.916009 116
95 1.022741 116
96 2.251172 116
97 1.024672 116
98 0.674878 115
99 0.409878 115
100 0.550806 93
101 0.455548 93
102 0.321495 93
103 0.352849 93
104 1.470742 93
105 0.416538 93
106 0.352634 93
107 1.374323 93
108 0.622839 93
109 1.773925 93
110 1.200828 93
111 2.119043 93
112 4.651011 93
113 1.073839 93
114 0.340957 93
115 0.333753 93
116 1.428634 93
117 1.063677 93
118 0.357527 93
119 0.381387 93
120 1.729398 93
121 1.125806 93
122 13.297677 93
123 1.501774 93
124 1.218774 93
125 1.009882 93
126 1.058645 93
127 1.233731 93
128 1.508022 93
129 2.004774 93
130 1.262763 93
131 1.366946 93
132 0.980710 93
133 2.038925 93
134 0.405538 93
135 0.399435 92
136 1.653591 93
137 1.831204 93
138 0.784033 92
139 0.806828 93
140 1.373902 92
141 1.723903 93
142 0.835624 93
143 1.441000 93
144 1.531484 93
145 1.104022 93
146 1.724742 93
147 1.524398 93
148 1.799957 93
149 2.160871 93
150 1.457680 97
151 0.859794 97
152 1.812773 97
153 2.348340 97
154 1.486309 97
155 1.245959 97
156 2.884990 97
157 1.351289 97
158 2.062866 97
159 1.915381 97
160 15.204701 97
161 1.501010 97
162 2.436825 97
163 2.579289 97
164 1.387639 97
165 0.336773 97
166 0.510052 97
167 0.848814 97
168 0.323495 97
169 19.793773 97
170 19.793423 97
171 2.549948 97
172 16.226918 97
173 13.517835 97
174 12.471495 97
175 11.267794 97
176 10.272680 97
177 9.490165 97
178 8.079639 97
179 13.313237 97
180 6.628392 97
181 5.702990 97
182 4.571041 97
183 3.482495 97
184 3.042639 97
185 2.764794 97
186 1.431021 97
187 10.333660 97
188 1.507340 97
189 0.469227 97
190 0.291887 97
191 9.565072 97
192 0.643227 97
193 0.281392 97
194 0.229928 97
195 9.645320 97
196 0.645258 97
197 0.237866 97
198 0.206454 97
199 0.205979 97
200 16.149219 96
201 13.832240 96
202 12.864646 96
203 12.078521 96
204 11.868073 96
205 10.895406 96
206 9.667937 96
207 9.454010 96
208 13.222573 96
209 8.611208 96
210 8.248313 96
211 7.631438 96
212 6.963344 96
213 5.738604 96
214 5.395219 96
215 4.291198 96
216 3.894792 96
217 3.759812 96
218 2.831958 96
219 1.861479 96
220 1.046135 96
221 0.655323 96
222 0.261198 96
223 0.437969 96
224 0.281198 96
225 0.237469 96
226 0.275219 96
227 9.142844 96
228 0.768052 96
229 0.431615 96
230 0.512469 96
231 9.433344 96
232 0.651125 96
233 0.232031 96
234 0.271094 96
235 0.258417 96
236 0.333667 96
237 0.247865 96
238 0.513688 96
239 0.221479 96
240 0.457698 96
241 0.241854 96
242 0.222323 96
243 0.232448 96
244 0.302781 96
245 0.215010 96
246 0.234896 96
247 9.282510 96
248 0.571885 96
249 0.250823 96
250 16.170918 98
251 13.952000 98
252 13.143561 98
253 14.795347 98
254 12.172684 98
255 10.741163 98
256 10.536449 98
257 9.365663 98
258 9.174602 98
259 8.934806 98
260 8.566092 98
261 7.962673 98
262 6.901153 98
263 6.296184 98
264 5.497765 98
265 5.111357 98
266 3.302337 98
267 2.508714 98
268 2.069867 98
269 1.826082 98
270 1.027316 98
271 9.284827 98
272 9.775724 98
273 9.922449 98
274 9.796041 98
275 9.980541 98
276 0.837469 98
277 0.272306 98
278 0.511133 98
279 8.692000 98
280 1.002327 98
281 0.651041 98
282 0.620776 98
283 0.247939 98
284 0.329939 98
285 0.411469 98
286 0.324265 98
287 0.240337 98
288 0.258265 98
289 0.295418 98
290 0.457133 98
291 8.569388 98
292 0.763296 98
293 0.659469 98
294 0.413633 98
295 0.243714 98
296 0.226745 98
297 0.305031 98
298 0.220735 98
299 0.226010 98
300 16.173901 101
301 14.335644 101
302 14.262099 101
303 13.936881 101
304 13.569901 101
305 12.959139 101
306 12.359762 101
307 11.988683 101
308 11.757119 101
309 11.153030 101
310 10.338238 101
311 8.410535 101
312 7.652337 101
313 7.044366 101
314 6.262505 101
315 5.511624 101
316 4.487703 101
317 3.392901 101
318 2.169188 101
319 1.233683 101
320 0.472683 101
321 0.544109 101
322 0.245129 101
323 0.251089 101
324 0.257386 101
325 0.298584 101
326 0.259356 101
327 0.340703 101
328 0.269653 101
329 0.261970 101
330 0.549990 101
331 0.441337 101
332 0.242871 101
333 0.229287 101
334 0.254129 101
335 0.328525 101
336 0.376168 101
337 0.249238 101
338 8.876851 101
339 0.619050 101
340 0.285178 101
341 0.325386 101
342 0.372317 101
343 0.260970 101
344 0.394792 101
345 0.424257 101
346 0.447861 101
347 0.408832 101
348 0.222505 101
349 0.233416 101
350 17.609102 108
351 15.604111 108
352 14.625500 108
353 13.232074 108
354 13.034843 108
355 15.274120 108
356 15.404565 108
357 15.587926 108
358 15.371750 108
359 10.789528 108
360 10.073889 108
361 8.804611 108
362 13.801111 108
363 7.949769 108
364 13.639296 108
365 6.897056 108
366 12.905620 108
367 12.561426 108
368 4.267889 108
369 2.548750 108
370 10.004796 108
371 10.239889 108
372 9.959861 108
373 0.963704 108
374 9.435194 108
375 0.915852 108
376 0.393065 108
377 0.392639 108
378 9.143148 108
379 9.499028 108
380 0.571491 108
381 0.221287 108
382 0.381296 108
383 9.013815 108
384 9.291157 108
385 0.757361 108
386 0.218926 108
387 0.210306 108
388 8.485009 108
389 8.592046 108
390 8.487639 108
391 8.031870 108
392 0.456352 108
393 0.341463 108
394 7.626750 108
395 7.515167 108
396 0.652806 108
397 6.877037 108
398 6.977611 108
399 6.758963 108
400 16.574723 101
401 14.318406 101
402 14.212109 101
403 12.972386 101
404 14.734050 101
405 15.096307 101
406 15.083376 101
407 15.097129 101
408 11.117337 101
409 14.609198 101
410 13.056218 101
411 14.460772 101
412 9.059770 100
413 16.197303 99
414 15.915879 99
415 5.578263 99
416 13.930444 99
417 2.267960 99
418 11.185061 99
419 10.674838 99
420 1.438646 99
421 10.553980 99
422 10.555667 99
423 10.072030 99
424 9.606778 99
425 10.645500 100
426 1.780364 99
427 0.580545 99
428 10.754788 99
429 0.508242 99
430 0.227660 100
431 10.647850 100
432 10.754697 99
433 10.645690 100
434 0.850505 99
435 0.620899 99
436 0.457990 99
437 10.953848 99
438 0.744360 100
439 0.467990 99
440 0.503111 99
441 10.965250 100
442 0.796323 99
443 0.389273 99
444 0.413830 100
445 11.040687 99
446 0.872434 99
447 11.013455 99
448 0.615030 99
449 10.936414 99
450 19.999913 104
451 19.999740 104
452 19.999846 104
453 19.999777 103
454 19.999806 103
455 19.999680 103
456 19.807301 103
457 19.322587 104
458 13.775825 103
459 19.084010 104
460 0.839981 104
461 1.121308 104
462 0.325641 103
463 0.537817 104
464 0.277971 104
465 1.121481 104
466 0.609231 104
467 0.659221 104
468 0.650269 104
469 0.428173 104
470 0.602231 104
471 0.674452 104
472 0.669173 104
473 0.596596 104
474 0.487404 104
475 0.483000 104
476 0.479779 104
477 0.504048 104
478 0.506221 104
479 0.507558 104
480 0.502077 104
481 0.494048 104
482 19.449019 104
483 0.625606 104
484 0.211087 104
485 0.195288 104
486 0.674173 104
487 0.206577 104
488 0.229798 104
489 0.653798 104
490 0.705221 104
491 0.202356 104
492 0.194702 104
493 0.601971 104
494 0.210077 104
495 0.283077 104
496 1.527596 104
497 0.216327 104
498 0.730702 104
499 0.793990 104
500 1.094878 115
501 1.277461 115
502 0.368386 114
503 2.193835 115
504 1.791739 115
505 1.102322 115
506 0.962868 114
507 0.934482 114
508 1.766730 115
509 0.457368 114
510 3.381217 115
511 1.697696 115
512 1.417348 115
513 1.246765 115
514 1.543887 115
515 1.326817 115
516 2.106983 115
517 1.316557 115
518 1.436270 115
519 1.525817 115
520 1.323713 115
521 1.229765 115
522 1.180035 115
523 1.231130 115
524 1.760365 115
525 1.514348 115
526 1.250270 115
527 1.886243 115
528 1.357974 115
529 1.395348 115
530 2.649139 115
531 1.651330 115
532 1.532843 115
533 0.581713 115
534 0.664807 114
535 0.976193 114
536 0.703461 115
537 0.731851 114
538 1.619313 115
539 0.710912 114
540 1.091711 114
541 0.680105 114
542 1.213670 115
543 3.235939 115
544 1.250089 112
545 0.978243 115
546 20.000000 115
547 2.964139 115
548 1.878991 115
549 1.021307 114
550 2.513059 101
551 3.407139 101
552 0.867337 101
553 0.697673 101
554 0.760911 101
555 0.746040 101
556 0.740624 101
557 1.033941 101
558 0.840644 101
559 1.905733 101
560 0.891079 101
561 1.148792 101
562 0.788386 101
563 0.783634 101
564 0.831515 101
565 1.411644 101
566 0.693891 101
567 7.192713 101
568 2.002545 101
569 2.405446 101
570 0.748260 100
571 1.800822 101
572 0.791560 100
573 0.740230 100
574 0.793168 101
575 0.861770 100
576 0.690743 101
577 0.686840 100
578 1.637713 101
579 1.161772 101
580 1.055386 101
581 1.206733 101
582 1.299931 101
583 1.203842 101
584 1.113485 101
585 1.304376 101
586 2.259505 101
587 2.266832 101
588 1.839832 101
589 1.088178 101
590 0.905842 101
591 1.698020 101
592 2.314990 101
593 2.501881 101
594 1.771970 101
595 1.861950 101
596 2.408772 101
597 2.284485 101
598 2.637564 101
599 1.952099 101
600 2.087108 111
601 1.761928 111
602 1.944288 111
603 3.121640 111
604 1.639064 110
605 1.764109 110
606 1.533655 110
607 1.773264 110
608 2.941712 111
609 2.607694 111
610 1.501514 111
611 3.450117 111
612 1.743391 110
613 1.761755 110
614 1.455045 110
615 1.449655 110
616 3.220748 111
617 2.266009 110
618 3.456766 111
619 0.916705 105
620 2.989432 111
621 2.125162 111
622 9.283586 111
623 8.299318 110
624 3.109685 111
625 2.850618 110
626 1.691982 111
627 1.403900 110
628 1.246645 110
629 1.444718 110
630 2.359919 111
631 1.618853 109
632 0.526266 109
633 0.499165 109
634 1.664973 111
635 0.986400 110
636 1.348261 111
637 1.777252 111
638 1.694640 111
639 3.278360 111
640 2.981703 111
641 3.054009 111
642 3.319892 111
643 2.758892 111
644 2.314216 111
645 2.100252 111
646 1.551892 111
647 1.334577 111
648 1.251279 111
649 1.262117 111
650 17.882009 106
651 1.776038 106
652 0.623000 105
653 1.518906 106
654 1.894434 106
655 3.924047 106
656 1.111867 105
657 2.853311 106
658 1.556764 106
659 10.201151 106
660 0.909371 105
661 1.990566 106
662 0.764619 105
663 1.677066 106
664 1.569887 106
665 2.783179 106
666 2.917491 106
667 1.813613 106
668 0.611990 105
669 1.463075 106
670 0.536295 105
671 1.676321 106
672 1.646330 106
673 1.069067 105
674 2.822604 106
675 2.803651 106
676 3.514302 106
677 0.907255 106
678 1.867802 106
679 2.831623 106
680 1.561547 106
681 4.949726 106
682 2.348877 106
683 15.651340 106
684 1.151406 106
685 1.212462 106
686 1.317972 106
687 2.406245 106
688 2.624113 106
689 1.411075 106
690 1.221000 106
691 2.177406 106
692 2.737934 106
693 3.330094 106
694 2.756236 106
695 1.509962 106
696 1.083075 106
697 13.208311 106
698 2.959217 106
699 1.177189 106
700 3.726232 95
701 3.733358 95
702 3.255168 95
703 2.103947 95
704 1.939000 95
705 4.303232 95
706 3.081074 95
707 2.401084 95
708 1.960189 95
709 2.138505 95
710 4.520937 95
711 3.579758 95
712 3.502168 95
713 1.665295 95
714 5.653674 95
715 2.160505 95
716 7.339274 95
717 2.477484 95
718 2.770147 95
719 2.293863 95
720 3.153411 95
721 3.376284 95
722 1.489642 95
723 1.871800 95
724 1.532211 95
725 2.405095 95
726 20.000000 95
727 19.999862 94
728 19.999936 94
729 19.999691 94
730 19.999957 94
731 19.999713 94
732 19.999957 94
733 19.999745 94
734 19.999926 94
735 19.999713 94
736 1.121547 95
737 2.018358 95
738 1.884958 95
739 0.475096 94
740 0.495096 94
741 0.923063 95
742 0.413351 94
743 0.275617 94
744 0.901800 95
745 1.198558 95
746 1.059011 95
747 0.430787 94
748 0.446766 94
749 0.714926 95
750 1.959557 97
751 1.855897 97
752 1.292866 97
753 0.489604 96
754 1.331299 97
755 2.338031 97
756 2.462784 97
757 5.621423 97
758 1.089958 96
759 1.366156 96
760 1.066969 96
761 1.378687 96
762 3.282948 97
763 0.617719 96
764 0.564990 96
765 2.079175 97
766 1.572917 96
767 0.751649 97
768 1.619134 97
769 1.422438 96
770 0.485155 97
771 3.220835 97
772 4.206423 97
773 4.967918 97
774 1.641144 97
775 1.630515 97
776 1.808320 97
777 1.482856 97
778 3.258485 97
779 1.487763 97
780 1.255454 97
781 1.231505 97
782 1.213186 97
783 1.992979 97
784 1.056959 97
785 1.171732 97
786 0.410458 96
787 1.127330 97
788 0.399073 96
789 1.601485 97
790 1.407227 97
791 2.324660 97
792 0.533562 96
793 1.202969 97
794 1.039722 97
795 1.017979 97
796 1.019155 97
797 1.093969 97
798 1.020526 97
799 1.161577 97
800 3.069815 108
801 1.219815 108
802 1.378065 108
803 17.049833 108
804 1.110084 107
805 1.809750 108
806 1.153726 106
807 1.781111 108
808 1.473472 108
809 1.443046 108
810 0.425336 107
811 1.313769 108
812 1.874157 108
813 0.407150 107
814 1.379787 108
815 1.325176 108
816 2.417963 108
817 11.241657 108
818 13.768296 108
819 15.460250 108
820 15.698111 108
821 15.889519 108
822 0.982815 108
823 1.058806 108
824 6.448269 108
825 0.971231 108
826 1.295713 108
827 1.162472 108
828 0.930194 108
829 1.158444 108
830 1.754463 108
831 2.449296 108
832 1.602944 108
833 1.094620 108
834 0.915296 108
835 1.060361 108
836 0.919852 108
837 1.054565 108
838 1.160435 108
839 0.788019 108
840 1.865176 108
841 3.773731 108
842 0.725407 108
843 0.806991 108
844 1.037602 108
845 0.904463 108
846 2.055454 108
847 0.829519 108
848 0.764556 108
849 1.709889 108
850 10.938590 105
851 2.182029 105
852 0.796733 105
853 1.418505 105
854 1.277400 105
855 0.559558 104
856 0.403462 104
857 1.362533 105
858 0.547019 104
859 0.663365 104
860 1.403533 105
861 1.103305 105
862 1.307381 105
863 1.893790 105
864 1.242000 105
865 1.106390 105
866 3.554533 105
867 17.152673 104
868 4.806154 104
869 5.052135 104
870 18.371212 104
871 7.188298 104
872 19.148835 103
873 7.559301 103
874 7.373078 103
875 6.910757 103
876 6.614252 103
877 6.209078 103
878 5.773388 103
879 4.924269 104
880 4.570573 103
881 4.197126 103
882 3.897340 103
883 3.695654 104
884 3.374087 103
885 3.403252 103
886 2.896126 103
887 2.832519 104
888 2.596194 103
889 2.279544 103
890 2.170423 104
891 2.136000 103
892 16.200867 105
893 18.309212 104
894 16.788933 104
895 1.727829 105
896 0.574683 104
897 0.456894 104
898 1.053143 105
899 0.202951 103
900 0.974170 100
901 1.610120 100
902 3.029460 100
903 1.466300 100
904 1.627283 99
905 1.883300 100
906 0.562232 99
907 0.466687 99
908 1.299100 100
909 0.422899 99
910 0.528950 100
911 1.734400 100
912 0.716806 98
913 0.435857 98
914 1.637950 100
915 0.415232 99
916 1.374730 100
917 19.999950 100
918 19.999768 99
919 19.999970 99
920 19.999707 99
921 19.999970 99
922 19.999717 99
923 19.999929 99
924 19.999717 99
925 19.999919 99
926 19.999646 99
927 19.799940 100
928 19.999677 99
929 19.999909 99
930 19.999667 99
931 0.927440 100
932 1.650030 100
933 0.977899 99
934 0.587677 99
935 0.424495 99
936 1.563909 99
937 0.766232 99
938 0.645242 99
939 1.417860 100
940 0.194330 100
941 0.231545 99
942 0.200950 100
943 0.233909 99
944 1.215940 100
945 0.901090 100
946 0.300566 99
947 0.220030 100
948 0.767090 100
949 0.211586 99
950 0.692350 103
951 0.373029 103
952 1.276408 103
953 0.796784 102
954 1.654126 103
955 0.741706 102
956 1.341485 103
957 0.399961 102
958 0.532510 102
959 0.462471 102
960 1.308320 103
961 0.434824 102
962 0.396480 102
963 0.303902 102
964 1.436777 103
965 1.475427 103
966 0.371598 102
967 4.868359 103
968 3.441725 102
969 3.601686 102
970 3.540529 102
971 3.311275 102
972 1.927379 103
973 1.112097 103
974 0.997883 103
975 0.254451 102
976 1.080146 103
977 1.133427 103
978 1.064718 103
979 1.185447 103
980 1.033796 103
981 10.460019 103
982 2.204049 102
983 1.905505 103
984 1.190447 103
985 2.350214 103
986 0.965175 103
987 1.191204 103
988 1.341728 103
989 2.850738 103
990 0.801184 103
991 1.279019 103
992 1.229029 103
993 1.240670 103
994 1.437107 103
995 1.391592 103
996 1.035019 103
997 1.059942 103
998 1.135689 103
999 0.894262 103
1000 0.678864 81
1001 1.113691 81
1002 2.372333 81
1003 1.671827 81
1004 1.469395 81
1005 1.615148 81
1006 1.227259 81
1007 1.318222 81
1008 2.045617 81
1009 1.286778 81
1010 1.550481 81
1011 1.382691 81
1012 1.139025 81
1013 1.584000 81
1014 1.263617 81
1015 1.744667 81
1016 1.397370 81
1017 0.407562 80
1018 0.367198 81
1019 0.322112 80
1020 0.337425 80
1021 0.401725 80
1022 0.356363 80
1023 0.352875 80
1024 0.436213 80
1025 0.392400 80
1026 0.439737 80
1027 0.417075 80
1028 0.400925 80
1029 0.367850 80
1030 0.455862 80
1031 0.406432 81
1032 1.519099 81
1033 0.591987 79
1034 0.611772 79
1035 1.088136 81
1036 0.325333 81
1037 1.392321 81
1038 0.576525 80
1039 0.674950 80
1040 1.179679 81
1041 0.311288 80
1042 1.040531 81
1043 1.433099 81
1044 0.410213 80
1045 0.391013 80
1046 1.229741 81
1047 0.332911 79
1048 0.309177 79
1049 6.545519 81
1050 6.706725 102
1051 6.842216 102
1052 5.512186 102
1053 1.052490 102
1054 0.512029 102
1055 1.186500 102
1056 0.769431 102
1057 0.707873 102
1058 1.097284 102
1059 0.306931 101
1060 0.712196 102
1061 1.668353 102
1062 1.190755 102
1063 0.806392 102
1064 1.090951 102
1065 0.786245 102
1066 1.784255 102
1067 0.402931 102
1068 0.819971 102
1069 0.671588 102
1070 0.616500 102
1071 0.692765 102
1072 0.602353 102
1073 0.917618 102
1074 1.855510 102
1075 0.492725 102
1076 0.784176 102
1077 0.737755 102
1078 0.973784 102
1079 1.728196 102
1080 0.464382 102
1081 0.546804 102
1082 0.750000 102
1083 0.764216 102
1084 0.681569 102
1085 0.365569 102
1086 0.540010 102
1087 1.230745 102
1088 0.804235 102
1089 0.842725 102
1090 1.327520 102
1091 1.079520 102
1092 0.918716 102
1093 0.983059 102
1094 1.308402 102
1095 0.749588 102
1096 0.704912 102
1097 0.272225 102
1098 0.296627 102
1099 0.213814 102
1100 0.858095 116
1101 1.248043 116
1102 8.202757 115
1103 1.292603 116
1104 1.379241 116
1105 1.323845 116
1106 1.390034 116
1107 1.290707 116
1108 1.156759 116
1109 0.427843 115
1110 0.473948 116
1111 0.490009 115
1112 6.567810 116
1113 1.712887 115
1114 1.275716 116
1115 1.115095 116
1116 1.072052 116
1117 1.254328 116
1118 1.400276 116
1119 1.370422 116
1120 0.962198 116
1121 0.837426 115
1122 1.205931 116
1123 0.333113 115
1124 0.527017 115
1125 10.358638 116
1126 1.162853 116
1127 0.305664 116
1128 0.258148 115
1129 0.868483 116
1130 1.111517 116
1131 1.280862 116
1132 19.827526 116
1133 19.654853 116
1134 0.940034 116
1135 1.072147 116
1136 1.194096 115
1137 1.048026 116
1138 0.379079 114
1139 2.220845 116
1140 1.342543 116
1141 1.525348 115
1142 1.029414 116
1143 1.707664 116
1144 0.836930 115
1145 0.956052 116
1146 0.872698 116
1147 0.752293 116
1148 0.915586 116
1149 0.653560 116
1150 0.771038 106
1151 0.314264 106
1152 0.501679 106
1153 1.790104 106
1154 0.713505 105
1155 0.678086 105
1156 19.814349 106
1157 19.809295 105
1158 1.524038 106
1159 0.592343 105
1160 2.050528 106
1161 0.899581 105
1162 1.292009 106
1163 0.536151 106
1164 0.547238 105
1165 1.477028 106
1166 1.294453 106
1167 1.578302 106
1168 0.950123 106
1169 0.284623 106
1170 1.597877 106
1171 0.543274 106
1172 1.461377 106
1173 0.525333 105
1174 1.560925 106
1175 0.659990 105
1176 1.587443 106
1177 0.466543 105
1178 1.528783 106
1179 0.488124 105
1180 1.412123 106
1181 0.701495 105
1182 1.180387 106
1183 1.139670 106
1184 1.425915 106
1185 0.385800 105
1186 1.222075 106
1187 0.932113 106
1188 1.976434 106
1189 1.578810 105
1190 2.028170 106
1191 1.023991 106
1192 2.354302 106
1193 0.954472 106
1194 0.464610 105
1195 0.865142 106
1196 0.385638 105
1197 0.879472 106
1198 1.085189 106
1199 0.262600 105
1200 1.437916 107
1201 0.636131 107
1202 1.064009 107
1203 0.301093 107
1204 1.273439 107
1205 0.497991 107
1206 1.869308 107
1207 0.769804 107
1208 0.622037 107
1209 0.917869 107
1210 12.214000 107
1211 2.972794 107
1212 10.671056 107
1213 1.027458 107
1214 2.879383 107
1215 1.793626 107
1216 1.057308 107
1217 0.925991 107
1218 0.872271 107
1219 1.073123 106
1220 1.120292 106
1221 15.197028 106
1222 1.489047 106
1223 0.657123 106
1224 1.030434 106
1225 8.293764 106
1226 0.840972 106
1227 8.553943 106
1228 0.887783 106
1229 0.762736 106
1230 2.085660 106
1231 1.847491 106
1232 0.559726 106
1233 0.893387 106
1234 1.055283 106
1235 1.989670 106
1236 0.698868 106
1237 0.803349 106
1238 0.651415 106
1239 0.617726 106
1240 0.233123 106
1241 1.238972 106
1242 0.757557 106
1243 15.450283 106
1244 0.735208 106
1245 2.004858 106
1246 1.992330 106
1247 0.971387 106
1248 1.123943 106
1249 1.168651 106
1250 3.221093 107
1251 1.618047 107
1252 0.446943 105
1253 0.338219 105
1254 2.082764 106
1255 1.584198 106
1256 0.661143 105
1257 2.893981 106
1258 0.934132 106
1259 1.743302 106
1260 1.471189 106
1261 1.582783 106
1262 1.832406 106
1263 1.422245 106
1264 2.179972 106
1265 1.805472 106
1266 0.457695 105
1267 1.997057 106
1268 2.396792 106
1269 1.413330 106
1270 0.366838 105
1271 0.344755 106
1272 0.381752 105
1273 0.368514 105
1274 0.348476 105
1275 0.356686 105
1276 0.452295 105
1277 3.756264 106
1278 19.905689 106
1279 0.864821 106
1280 1.805226 106
1281 1.122330 106
1282 1.732594 106
1283 1.477877 106
1284 1.227500 106
1285 1.042783 106
1286 0.170010 105
1287 0.221724 105
1288 0.463226 106
1289 0.196604 106
1290 5.404142 106
1291 1.155811 106
1292 1.047925 106
1293 0.910783 106
1294 0.922415 106
1295 7.562623 106
1296 0.733943 106
1297 0.880708 106
1298 1.614387 106
1299 0.892123 106
1300 1.159935 108
1301 0.508343 108
1302 0.445991 108
1303 1.788611 108
1304 0.778252 107
1305 2.174278 108
1306 3.147565 108
1307 1.723583 108
1308 0.696850 107
1309 0.591708 106
1310 1.247185 108
1311 0.377150 107
1312 0.378421 107
1313 0.330917 108
1314 2.802870 108
1315 1.530963 108
1316 0.363439 107
1317 1.336722 108
1318 1.195565 108
1319 0.359139 108
1320 1.402120 108
1321 0.515217 106
1322 12.580306 108
1323 7.253439 107
1324 1.331491 108
1325 1.311296 108
1326 1.421602 108
1327 15.244000 108
1328 1.185667 108
1329 5.615907 108
1330 1.784861 108
1331 1.703185 108
1332 0.982593 108
1333 1.158056 108
1334 1.152046 108
1335 0.644486 107
1336 0.659981 107
1337 0.608682 107
1338 0.578159 107
1339 0.542047 107
1340 0.725327 107
1341 0.643093 107
1342 0.588222 108
1343 0.470280 107
1344 0.554981 107
1345 0.530402 107
1346 0.475296 108
1347 0.526467 107
1348 0.483822 107
1349 0.492935 107
1350 1.073586 99
1351 1.090082 98
1352 0.915878 98
1353 1.276071 98
1354 0.934357 98
1355 0.859551 98
1356 1.124020 98
1357 1.075755 98
1358 1.258908 98
1359 1.151010 98
1360 0.691561 98
1361 0.982816 98
1362 1.091388 98
1363 0.884184 98
1364 0.932867 98
1365 0.673082 98
1366 0.923531 98
1367 1.054663 98
1368 0.836449 98
1369 0.833918 98
1370 1.035092 98
1371 0.926367 98
1372 0.879827 98
1373 0.746724 98
1374 0.850112 98
1375 0.766653 98
1376 0.708786 98
1377 0.921153 98
1378 0.685755 98
1379 0.983122 98
1380 0.931469 98
1381 1.061561 98
1382 0.711602 98
1383 0.966745 98
1384 0.820163 98
1385 0.791265 98
1386 1.641091 99
1387 1.499626 99
1388 0.849434 99
1389 0.729404 99
1390 0.789768 99
1391 1.233545 99
1392 1.132949 99
1393 1.899646 99
1394 1.042212 99
1395 1.038475 99
1396 0.661182 99
1397 0.929131 99
1398 1.015616 99
1399 1.132424 99
1400 1.013106 94
1401 0.790170 94
1402 2.170138 94
1403 0.461376 93
1404 0.469830 94
1405 0.644742 93
1406 0.472383 94
1407 1.667419 93
1408 0.542387 93
1409 0.776828 93
1410 0.825871 93
1411 1.068419 93
1412 0.555355 93
1413 0.926570 93
1414 0.996344 93
1415 0.541903 93
1416 0.821000 93
1417 1.627670 94
1418 1.293892 93
1419 0.830892 93
1420 0.952462 93
1421 0.661742 93
1422 0.589731 93
1423 0.416785 93
1424 1.577194 93
1425 0.813086 93
1426 0.725839 93
1427 0.785968 93
1428 0.475581 93
1429 0.900935 93
1430 0.625000 93
1431 0.443032 93
1432 0.838398 93
1433 1.492372 94
1434 0.347161 93
1435 20.000000 94
1436 19.803011 93
1437 19.999914 93
1438 19.999720 93
1439 19.999935 93
1440 3.784436 94
1441 0.214613 93
1442 1.156521 94
1443 9.495309 94
1444 0.503763 93
1445 0.415204 93
1446 0.227516 93
1447 0.431333 93
1448 0.415301 93
1449 0.927287 94
1450 1.455056 90
1451 0.826506 89
1452 0.765045 89
1453 0.680854 89
1454 19.618967 90
1455 7.245867 90
1456 18.283867 90
1457 1.749344 90
1458 0.987056 89
1459 7.990189 90
1460 1.830867 90
1461 0.567011 88
1462 1.336211 90
1463 0.732506 89
1464 1.985189 90
1465 1.429427 89
1466 0.624270 89
1467 0.443169 89
1468 1.466878 90
1469 1.494733 90
1470 1.623489 90
1471 1.370833 90
1472 0.769202 89
1473 1.006820 89
1474 1.029522 90
1475 0.710700 90
1476 1.491200 90
1477 0.411844 90
1478 1.499611 90
1479 1.961267 90
1480 1.463656 90
1481 1.428933 90
1482 1.385078 90
1483 1.434678 90
1484 1.457256 90
1485 1.984811 90
1486 1.188433 90
1487 1.251844 90
1488 4.871478 90
1489 1.156244 90
1490 1.793756 90
1491 1.198533 90
1492 1.127844 90
1493 1.177467 90
1494 1.351100 90
1495 2.740267 90
1496 1.207967 90
1497 1.545089 90
1498 1.085456 90
1499 1.314633 90
1500 2.469089 101
1501 1.280416 101
1502 2.289347 101
1503 0.964762 101
1504 1.294832 101
1505 1.288960 101
1506 1.085089 101
1507 1.281535 101
1508 1.419911 101
1509 1.071782 101
1510 1.420347 101
1511 2.241277 101
1512 1.639475 101
1513 1.796208 101
1514 1.677337 101
1515 1.397752 101
1516 0.497178 101
1517 1.860059 101
1518 4.255911 101
1519 6.692426 101
1520 20.000000 101
1521 1.685436 101
1522 1.094950 101
1523 1.182218 101
1524 0.828535 101
1525 1.044129 101
1526 1.088386 101
1527 0.338356 101
1528 0.630644 101
1529 0.746307 101
1530 0.601297 101
1531 0.606079 101
1532 1.147653 101
1533 0.415822 101
1534 0.281327 101
1535 0.336960 101
1536 5.246059 101
1537 0.570436 101
1538 0.546604 101
1539 0.639485 101
1540 1.394317 101
1541 1.269020 101
1542 1.263525 101
1543 1.360921 101
1544 1.335911 101
1545 1.018109 101
1546 1.047495 101
1547 0.873099 101
1548 1.741782 101
1549 0.483109 101
1550 0.935786 117
1551 1.481521 117
1552 1.347547 117
1553 1.569607 117
1554 1.579795 117
1555 1.640299 117
1556 3.609376 117
1557 1.844333 117
1558 1.314607 117
1559 1.254410 117
1560 1.281769 117
1561 1.785496 117
1562 0.911991 117
1563 1.997957 117
1564 1.604316 117
1565 0.627803 117
1566 0.697744 117
1567 0.464427 117
1568 7.799333 117
1569 7.091239 117
1570 8.072829 117
1571 1.067137 117
1572 0.740188 117
1573 1.284291 117
1574 0.751598 117
1575 12.230427 117
1576 1.208094 117
1577 1.568855 117
1578 1.432855 117
1579 1.275265 117
1580 0.858291 117
1581 0.414239 117
1582 0.318256 117
1583 0.368547 117
1584 2.693470 117
1585 1.827291 117
1586 19.962000 117
1587 19.998216 116
1588 19.999966 116
1589 19.913534 116
1590 19.465846 117
1591 19.753371 116
1592 19.541440 116
1593 19.732741 116
1594 19.662810 116
1595 19.521716 116
1596 19.268474 116
1597 18.923957 116
1598 0.393239 117
1599 0.148299 117
1600 0.603764 110
1601 1.114700 110
1602 0.486845 110
1603 0.471955 110
1604 0.465964 110
1605 0.992164 110
1606 0.307936 110
1607 0.298200 110
1608 1.061564 110
1609 0.369545 110
1610 0.614182 110
1611 1.208136 110
1612 0.329309 110
1613 1.054545 110
1614 0.337718 110
1615 1.305091 110
1616 0.499536 110
1617 0.509082 110
1618 0.474236 110
1619 0.486927 110
1620 1.228245 110
1621 0.608564 110
1622 0.562109 110
1623 1.330391 110
1624 1.324082 110
1625 0.355645 110
1626 1.211309 110
1627 0.288174 109
1628 0.981127 110
1629 0.347473 110
1630 1.844973 110
1631 0.920564 110
1632 1.391091 110
1633 0.727073 110
1634 0.813709 110
1635 1.625882 110
1636 1.478309 110
1637 0.816636 110
1638 0.596136 110
1639 1.094209 110
1640 0.998227 110
1641 1.094127 110
1642 0.811536 110
1643 0.300873 110
1644 0.828736 110
1645 0.296891 110
1646 0.890045 110
1647 0.323809 110
1648 0.986227 110
1649 1.020536 110
1650 0.886729 96
1651 1.574406 96
1652 1.460760 96
1653 1.685635 96
1654 19.092792 96
1655 2.028281 96
1656 1.112344 96
1657 1.316615 96
1658 1.160313 96
1659 1.418542 96
1660 1.016281 96
1661 1.194135 96
1662 0.892323 96
1663 1.030698 96
1664 2.823313 96
1665 0.731389 95
1666 0.585821 95
1667 1.923604 96
1668 0.546883 94
1669 0.468011 95
1670 1.499729 96
1671 0.386189 95
1672 17.713021 96
1673 17.477484 95
1674 17.461274 95
1675 18.122632 95
1676 18.642368 95
1677 19.259168 95
1678 19.155716 95
1679 14.990938 96
1680 18.167116 95
1681 2.274969 96
1682 0.859042 96
1683 0.189895 95
1684 0.210084 95
1685 1.463052 96
1686 0.666611 95
1687 2.066531 96
1688 1.485583 96
1689 1.176042 96
1690 3.793875 96
1691 1.266635 96
1692 4.541396 96
1693 1.801427 96
1694 0.985448 96
1695 0.425663 95
1696 1.081760 96
1697 0.395158 95
1698 1.171177 96
1699 0.639411 95
1700 1.102505 95
1701 0.537442 95
1702 0.406547 95
1703 3.247095 95
1704 2.598426 94
1705 1.704379 95
1706 0.727894 94
1707 0.640344 93
1708 0.612570 93
1709 0.689763 93
1710 2.154589 95
1711 0.683319 94
1712 0.784266 94
1713 1.026362 94
1714 1.826537 95
1715 1.417884 95
1716 1.666979 95
1717 0.602362 94
1718 0.628074 94
1719 2.145516 95
1720 1.869137 95
1721 1.677916 95
1722 1.913516 95
1723 1.460842 95
1724 1.948053 95
1725 1.551895 95
1726 10.335263 95
1727 2.806232 95
1728 1.891000 94
1729 1.923705 95
1730 1.781811 95
1731 1.426453 95
1732 1.400821 95
1733 2.386811 95
1734 1.427874 95
1735 1.142432 95
1736 1.163642 95
1737 1.275095 95
1738 1.141411 95
1739 1.837379 95
1740 1.348947 95
1741 0.951453 95
1742 5.646326 95
1743 1.966821 95
1744 0.901537 95
1745 0.936189 95
1746 0.908547 95
1747 2.616295 95
1748 3.589105 95
1749 2.011358 95
1750 1.709445 119
1751 1.246134 119
1752 1.118571 119
1753 1.000723 119
1754 0.373605 119
1755 0.358487 119
1756 2.075605 119
1757 1.199706 119
1758 1.277202 119
1759 2.812168 119
1760 1.545840 119
1761 1.189118 119
1762 1.200832 119
1763 1.713681 119
1764 1.012042 119
1765 1.111672 119
1766 1.114857 119
1767 0.822025 119
1768 0.770908 119
1769 1.425597 119
1770 0.698254 118
1771 1.131303 119
1772 2.280546 119
1773 1.352311 119
1774 1.643244 119
1775 1.511639 119
1776 16.516471 119
1777 16.165756 119
1778 15.934807 119
1779 1.112689 119
1780 1.080185 119
1781 1.965571 119
1782 2.092403 119
1783 2.398864 118
1784 2.914580 119
1785 1.567504 119
1786 4.370462 119
1787 9.833420 119
1788 1.054597 119
1789 0.687454 119
1790 0.663723 119
1791 11.886462 119
1792 0.752933 119
1793 0.376975 119
1794 0.238924 119
1795 0.835664 119
1796 0.928983 119
1797 0.380840 119
1798 1.395529 119
1799 0.806126 119
1800 1.265391 115
1801 0.718983 115
1802 1.803452 115
1803 1.726374 115
1804 0.446316 114
1805 1.983626 115
1806 1.956461 115
1807 1.669661 115
1808 1.980061 115
1809 1.971426 115
1810 2.034783 115
1811 16.888583 115
1812 2.088174 115
1813 1.727383 115
1814 0.439447 114
1815 0.386088 114
1816 1.718043 115
1817 0.823922 115
1818 1.217148 115
1819 1.165965 115
1820 1.449800 115
1821 5.067841 113
1822 2.637956 114
1823 0.388513 113
1824 0.412722 115
1825 1.528348 115
1826 1.370000 115
1827 7.804200 115
1828 7.434974 114
1829 7.368518 114
1830 1.271904 115
1831 2.089983 115
1832 0.958080 113
1833 1.406983 115
1834 1.675339 115
1835 1.062765 115
1836 0.341000 114
1837 1.146348 115
1838 1.149574 115
1839 1.215948 115
1840 1.105287 115
1841 1.395748 115
1842 1.259017 115
1843 1.155913 115
1844 1.319852 115
1845 1.038296 115
1846 1.112783 115
1847 18.428974 115
1848 17.914548 115
1849 1.258478 115
1850 1.368804 107
1851 1.727037 107
1852 18.804636 107
1853 1.853944 107
1854 0.511415 106
1855 0.599415 106
1856 1.913776 107
1857 1.745411 107
1858 1.339159 107
1859 0.873879 107
1860 1.296897 107
1861 1.282439 107
1862 8.153467 107
1863 2.525925 107
1864 0.900236 106
1865 0.771547 106
1866 1.567860 107
1867 0.551226 106
1868 1.686832 107
1869 1.096879 107
1870 1.304972 107
1871 1.389495 107
1872 18.030271 107
1873 17.654467 107
1874 17.376103 107
1875 1.492093 107
1876 1.287720 107
1877 1.063327 107
1878 0.463708 106
1879 0.477358 106
1880 1.097355 107
1881 0.561888 107
1882 0.735538 106
1883 0.260585 106
1884 1.350467 107
1885 0.426434 106
1886 0.288689 106
1887 3.136290 107
1888 2.146009 107
1889 0.908726 106
1890 2.012178 107
1891 0.812430 107
1892 0.935159 107
1893 0.858299 107
1894 1.288776 107
1895 0.374962 106
1896 0.410660 106
1897 1.213290 107
1898 1.054150 107
1899 0.887944 107
1900 1.571306 108
1901 1.029704 108
1902 1.532324 108
1903 3.741972 108
1904 2.492176 108
1905 3.009981 108
1906 2.687047 107
1907 2.474075 107
1908 2.152486 107
1909 2.217234 107
1910 2.283533 107
1911 1.902925 107
1912 1.305306 108
1913 0.395179 106
1914 0.363673 107
1915 0.365057 106
1916 0.359849 106
1917 0.366047 106
1918 0.432393 107
1919 0.298217 106
1920 0.335411 107
1921 0.393575 106
1922 0.345292 106
1923 0.331252 107
1924 0.359868 106
1925 0.381745 106
1926 0.366528 106
1927 0.322769 108
1928 0.512406 106
1929 0.374766 107
1930 0.281528 106
1931 0.435679 106
1932 0.305991 106
1933 0.345717 106
1934 0.361198 106
1935 0.380443 106
1936 1.484009 108
1937 0.442673 107
1938 0.380570 107
1939 1.203241 108
1940 0.361120 108
1941 0.395421 107
1942 10.353074 108
1943 1.767676 108
1944 0.596255 106
1945 0.494604 106
1946 0.402349 106
1947 1.235204 108
1948 0.265000 107
1949 16.262243 107
1950 1.048275 102
1951 14.888059 102
1952 1.534588 102
1953 1.584755 102
1954 1.274912 102
1955 0.353723 101
1956 1.255588 102
1957 2.394902 102
1958 1.505020 102
1959 0.567762 101
1960 0.824971 102
1961 1.059833 102
1962 19.999696 102
1963 19.999696 102
1964 1.370971 102
1965 3.260814 102
1966 1.775637 102
1967 1.715951 102
1968 1.322294 102
1969 1.317225 102
1970 1.620598 102
1971 1.990686 102
1972 2.135480 102
1973 1.591412 102
1974 1.711647 102
1975 1.540618 102
1976 0.853167 102
1977 1.082814 102
1978 1.227637 102
1979 3.502941 102
1980 1.395039 102
1981 1.000480 102
1982 0.267901 101
1983 0.234287 101
1984 0.253762 101
1985 1.793304 102
1986 1.007406 101
1987 0.927446 101
1988 0.791020 102
1989 0.260436 101
1990 1.126647 102
1991 0.243590 100
1992 0.432020 100
1993 0.284220 100
1994 0.857353 102
1995 0.320772 101
1996 0.208961 102
1997 2.912588 102
1998 2.586206 102
1999 2.144010 102
2000 4.339852 115
2001 4.285322 115
2002 4.688017 115
2003 4.381722 115
2004 1.834391 115
2005 1.791348 115
2006 1.154912 113
2007 1.315687 115
2008 0.554535 114
2009 1.497739 115
2010 1.912667 114
2011 1.641113 115
2012 0.381623 114
2013 0.547211 114
2014 1.249035 115
2015 1.247487 115
2016 2.525409 115
2017 2.497252 115
2018 1.064661 115
2019 1.836400 115
2020 1.766509 114
2021 1.621765 115
2022 1.446157 115
2023 1.537226 115
2024 2.354548 115
2025 1.984243 115
2026 1.486748 115
2027 1.407365 115
2028 1.219800 115
2029 12.511974 115
2030 1.332522 115
2031 1.271704 115
2032 1.056026 115
2033 1.758539 115
2034 2.737513 115
2035 1.508870 115
2036 1.424696 115
2037 5.151104 115
2038 1.461539 115
2039 0.958000 115
2040 1.187217 115
2041 0.578289 114
2042 0.508140 114
2043 2.300487 115
2044 1.591193 114
2045 0.913357 115
2046 0.280661 115
2047 0.333342 114
2048 0.357687 115
2049 0.707652 115
2050 0.950426 115
2051 0.417530 115
2052 0.326670 115
2053 1.855861 115
2054 0.498496 113
2055 0.494637 113
2056 1.138061 115
2057 1.128526 114
2058 0.456202 114
2059 0.505491 114
2060 0.456649 114
2061 0.523183 115
2062 1.675852 115
2063 1.489565 115
2064 1.388886 114
2065 0.483395 114
2066 1.346139 115
2067 5.614443 115
2068 1.309339 115
2069 1.570252 115
2070 2.528452 115
2071 2.131443 115
2072 1.427591 115
2073 1.412722 115
2074 1.466130 115
2075 2.990765 115
2076 1.495252 115
2077 0.472605 114
2078 2.262504 115
2079 0.600877 114
2080 1.387570 114
2081 1.486652 115
2082 1.601887 115
2083 1.618191 115
2084 1.400791 115
2085 1.354052 115
2086 1.267374 115
2087 1.429435 115
2088 1.342435 115
2089 1.899757 115
2090 1.551974 115
2091 1.245930 115
2092 3.884739 115
2093 1.438826 115
2094 1.735235 115
2095 1.410617 115
2096 18.568148 115
2097 17.385261 115
2098 16.764530 115
2099 15.753948 115
2100 8.449151 106
2101 9.985443 106
2102 19.576972 106
2103 10.779038 106
2104 5.173423 104
2105 0.878769 104
2106 1.707670 106
2107 2.191028 106
2108 1.401745 106
2109 1.861425 106
2110 1.489717 106
2111 1.451434 106
2112 1.281528 106
2113 1.940189 106
2114 1.028019 105
2115 0.917783 106
2116 0.754905 105
2117 0.600381 105
2118 0.638495 105
2119 0.492362 105
2120 0.451505 105
2121 0.481638 105
2122 0.572429 105
2123 0.458771 105
2124 1.034533 105
2125 0.758495 105
2126 3.747368 106
2127 1.736821 106
2128 1.194736 106
2129 0.660750 104
2130 0.654375 104
2131 1.014925 106
2132 0.705340 106
2133 1.364472 106
2134 1.119849 106
2135 0.355876 105
2136 5.135236 106
2137 4.565600 105
2138 1.426406 106
2139 1.457830 106
2140 0.966019 106
2141 0.939547 106
2142 2.896887 106
2143 0.900594 106
2144 3.851755 106
2145 1.662047 106
2146 0.536581 105
2147 1.579415 106
2148 0.594255 106
2149 0.948113 106
2150 1.836092 98
2151 16.868798 99
2152 1.479182 99
2153 0.509101 99
2154 0.580384 99
2155 2.603192 99
2156 2.369121 99
2157 0.923103 97
2158 2.351838 99
2159 2.225434 99
2160 19.108657 99
2161 19.999727 99
2162 19.999684 98
2163 19.999653 98
2164 19.999735 98
2165 19.999714 98
2166 19.999643 98
2167 19.999684 98
2168 19.999643 98
2169 19.999673 98
2170 19.999541 98
2171 19.999633 98
2172 19.797657 99
2173 19.999694 98
2174 19.999561 98
2175 19.999704 98
2176 19.999643 98
2177 19.999633 98
2178 19.999582 98
2179 19.999612 98
2180 19.999602 98
2181 19.999633 98
2182 19.999531 98
2183 19.999633 98
2184 19.999592 98
2185 19.999633 98
2186 19.999592 98
2187 19.999643 98
2188 19.999663 98
2189 19.999653 98
2190 19.999592 98
2191 19.999714 98
2192 19.999561 98
2193 19.999633 98
2194 19.999571 98
2195 19.999633 98
2196 19.999694 98
2197 19.999622 98
2198 19.999653 98
2199 19.797717 99
2200 19.999929 99
2201 19.999818 99
2202 19.999758 99
2203 19.999798 99
2204 19.999717 99
2205 19.999717 99
2206 19.999707 99
2207 19.999727 99
2208 19.999758 99
2209 19.999747 99
2210 19.999758 99
2211 19.999747 99
2212 19.999737 99
2213 19.999673 98
2214 19.999755 98
2215 19.999714 98
2216 19.999755 98
2217 19.797697 99
2218 19.999735 98
2219 19.797768 99
2220 19.999714 98
2221 19.999724 98
2222 19.999776 98
2223 19.999684 98
2224 19.999745 98
2225 19.999765 98
2226 19.999694 98
2227 19.797838 99
2228 19.999755 98
2229 19.999724 98
2230 19.999755 98
2231 19.999704 98
2232 19.999806 98
2233 19.999724 98
2234 19.999776 98
2235 19.999653 98
2236 19.999745 98
2237 19.999704 98
2238 19.999724 98
2239 19.999673 98
2240 19.999796 98
2241 19.999684 98
2242 19.999776 98
2243 19.999684 98
2244 19.999827 98
2245 19.999857 98
2246 19.999765 98
2247 19.999704 98
2248 19.996602 98
2249 19.999660 97
2250 19.999898 98
2251 19.999745 98
2252 19.999755 98
2253 19.999694 98
2254 19.999704 98
2255 19.999643 98
2256 19.999673 98
2257 19.999714 98
2258 19.999776 98
2259 19.999673 98
2260 19.999735 98
2261 19.999643 98
2262 19.999742 97
2263 19.795561 98
2264 19.999701 97
2265 19.999649 97
2266 19.999763 97
2267 19.999649 97
2268 19.999732 97
2269 19.999639 97
2270 19.999732 97
2271 19.999680 97
2272 19.999711 97
2273 19.999588 97
2274 19.999732 97
2275 19.999732 97
2276 19.795622 98
2277 19.999639 97
2278 19.999742 97
2279 19.999639 97
2280 19.999732 97
2281 19.999608 97
2282 19.999722 97
2283 19.999691 97
2284 19.999722 97
2285 19.999711 97
2286 19.999732 97
2287 19.999639 97
2288 19.999701 97
2289 19.999711 97
2290 19.999835 97
2291 19.999649 97
2292 19.999742 97
2293 19.999608 97
2294 19.999773 97
2295 19.999814 97
2296 19.999773 97
2297 19.999691 97
2298 19.996433 97
2299 19.793454 97
2300 19.999896 96
2301 19.999802 96
2302 19.999771 96
2303 19.999698 96
2304 19.999740 96
2305 19.999698 96
2306 19.999813 96
2307 19.999719 96
2308 19.999740 96
2309 19.999698 96
2310 19.999698 96
2311 19.999656 96
2312 19.999695 95
2313 19.999653 95
2314 19.999663 95
2315 19.999705 95
2316 19.999684 95
2317 19.999684 95
2318 19.999758 95
2319 19.999684 95
2320 19.999716 95
2321 19.999726 95
2322 19.999716 95
2323 19.999589 95
2324 19.999674 95
2325 19.791323 96
2326 19.999663 95
2327 19.999642 95
2328 19.999674 95
2329 19.999737 95
2330 19.999695 95
2331 19.999705 95
2332 19.999684 95
2333 19.999747 95
2334 19.999695 95
2335 19.999716 95
2336 19.999695 95
2337 19.999663 95
2338 19.999768 95
2339 19.999716 95
2340 19.999779 95
2341 19.999726 95
2342 19.999768 95
2343 19.999716 95
2344 19.999768 95
2345 19.999789 95
2346 19.999863 95
2347 19.999726 95
2348 19.996463 95
2349 19.999702 94
2350 19.999964 84
2351 1.164940 84
2352 0.686143 84
2353 0.559095 84
2354 0.604667 84
2355 0.394238 84
2356 1.467631 84
2357 1.562048 83
2358 0.944120 83
2359 2.151976 83
2360 0.662542 83
2361 1.047771 83
2362 2.573060 83
2363 0.879349 83
2364 0.982482 83
2365 0.849905 84
2366 1.416904 83
2367 0.695843 83
2368 1.840843 83
2369 0.583422 83
2370 2.235120 83
2371 1.058084 83
2372 0.473687 83
2373 0.975349 83
2374 0.488145 83
2375 1.635940 83
2376 0.402349 83
2377 0.700687 83
2378 0.610506 83
2379 0.942928 83
2380 0.555506 83
2381 0.614807 83
2382 0.476530 83
2383 1.384381 84
2384 0.463622 82
2385 0.492073 82
2386 0.873012 84
2387 0.210313 83
2388 0.263723 83
2389 1.961060 84
2390 0.284940 83
2391 0.490627 83
2392 1.506821 84
2393 0.313072 83
2394 0.315622 82
2395 1.145524 84
2396 0.301470 83
2397 0.226880 83
2398 1.320786 84
2399 0.532542 83
2400 0.745254 114
2401 0.330535 114
2402 0.577535 114
2403 0.318070 114
2404 0.333974 114
2405 0.350991 114
2406 0.371596 114
2407 0.349316 114
2408 0.495877 114
2409 0.305605 114
2410 1.210702 114
2411 1.910079 114
2412 1.380974 114
2413 0.768430 114
2414 0.933158 114
2415 0.994175 114
2416 0.790561 114
2417 0.384675 114
2418 0.617167 114
2419 0.363675 114
2420 1.029912 114
2421 1.024351 114
2422 0.776886 114
2423 0.880982 114
2424 0.926842 114
2425 0.717904 114
2426 0.843421 114
2427 0.773719 114
2428 0.850535 114
2429 0.666281 114
2430 0.683123 114
2431 1.233684 114
2432 0.898447 114
2433 0.947518 114
2434 1.256035 114
2435 1.088965 114
2436 1.353316 114
2437 1.708877 114
2438 0.529605 114
2439 0.901895 114
2440 0.706132 114
2441 17.991465 114
2442 17.396482 114
2443 17.232316 114
2444 0.815781 114
2445 0.223789 114
2446 0.294500 114
2447 4.870342 114
2448 0.266781 114
2449 0.392237 114
2450 4.018018 112
2451 2.693045 111
2452 2.454856 111
2453 1.677536 112
2454 0.394613 111
2455 3.261714 112
2456 2.470714 112
2457 1.491634 112
2458 1.182598 112
2459 0.614643 112
2460 0.954455 112
2461 2.706089 112
2462 1.548766 111
2463 1.718286 112
2464 1.922679 112
2465 0.406090 111
2466 1.415759 112
2467 2.307652 112
2468 1.044946 111
2469 1.304607 112
2470 1.670804 112
2471 0.957577 111
2472 1.552866 112
2473 1.498649 111
2474 1.635679 112
2475 1.591804 112
2476 0.976821 112
2477 16.253607 112
2478 2.931009 112
2479 0.977732 112
2480 3.669009 111
2481 0.964116 112
2482 0.958554 112
2483 0.395441 111
2484 1.001054 112
2485 0.275563 112
2486 0.969545 112
2487 1.026732 112
2488 1.057804 112
2489 0.533568 111
2490 1.165571 112
2491 0.363117 111
2492 0.830652 112
2493 3.268786 112
2494 0.757929 112
2495 1.005187 112
2496 0.582884 112
2497 2.585125 112
2498 0.881036 112
2499 0.793768 112
2500 1.202766 107
2501 1.280963 107
2502 19.065701 107
2503 1.892318 107
2504 1.211804 107
2505 1.170766 107
2506 1.315280 107
2507 2.524925 107
2508 2.036645 107
2509 20.000000 107
2510 1.402439 107
2511 1.029589 107
2512 1.180981 107
2513 2.700196 107
2514 1.358542 107
2515 1.238710 107
2516 0.481538 106
2517 1.069617 107
2518 1.194523 107
2519 1.072009 107
2520 0.972692 107
2521 1.311626 107
2522 1.240121 107
2523 0.979495 107
2524 3.379467 107
2525 1.259308 107
2526 0.920822 107
2527 1.387178 107
2528 13.289636 107
2529 0.884916 107
2530 0.944589 107
2531 1.527065 107
2532 1.623664 107
2533 3.111159 107
2534 1.307682 107
2535 0.845121 107
2536 0.836411 107
2537 0.706598 107
2538 0.953645 107
2539 0.969664 107
2540 1.159467 107
2541 0.885682 107
2542 0.866766 107
2543 0.793701 107
2544 0.892243 107
2545 0.699234 107
2546 0.890252 107
2547 0.943019 107
2548 1.389140 107
2549 0.740084 107
2550 1.466723 101
2551 1.205782 101
2552 3.455287 101
2553 1.133030 101
2554 20.000000 101
2555 1.472446 101
2556 1.253614 101
2557 1.262089 101
2558 2.287950 101
2559 1.529000 101
2560 2.190069 101
2561 1.609218 101
2562 1.161663 101
2563 9.823921 101
2564 7.175703 101
2565 5.669376 101
2566 4.890910 100
2567 3.847911 101
2568 3.929560 100
2569 3.167570 100
2570 3.199740 100
2571 3.089790 100
2572 2.885160 100
2573 3.035320 100
2574 2.052800 100
2575 1.598307 101
2576 1.807270 100
2577 1.518190 100
2578 1.708580 100
2579 1.277860 100
2580 1.884990 100
2581 1.339430 100
2582 1.299420 100
2583 1.476386 101
2584 1.571890 100
2585 1.396170 100
2586 1.465360 100
2587 1.598170 100
2588 2.196900 100
2589 2.300931 101
2590 1.846740 100
2591 2.152440 100
2592 1.687830 100
2593 1.585350 100
2594 1.916730 100
2595 1.357970 101
2596 1.790130 100
2597 1.593060 100
2598 1.307860 100
2599 1.013376 101
2600 8.761030 101
2601 5.092000 101
2602 5.264812 101
2603 5.191693 101
2604 4.720150 100
2605 4.079090 100
2606 3.482140 100
2607 3.206380 100
2608 3.718620 100
2609 3.809490 100
2610 3.568450 100
2611 3.318330 100
2612 3.180030 100
2613 2.101660 100
2614 2.691170 100
2615 2.459178 101
2616 1.561713 101
2617 1.614110 100
2618 1.277238 101
2619 1.614750 100
2620 1.791970 100
2621 2.775090 100
2622 2.269310 100
2623 1.670693 101
2624 2.019410 100
2625 1.629290 100
2626 1.501180 100
2627 1.489910 100
2628 1.463091 99
2629 1.600889 99
2630 1.694250 100
2631 1.617172 99
2632 1.189540 100
2633 1.237404 99
2634 1.427550 100
2635 2.159131 99
2636 2.353646 99
2637 1.647919 99
2638 1.662510 100
2639 1.628061 99
2640 1.713500 100
2641 1.985929 99
2642 1.755929 99
2643 1.370434 99
2644 1.565424 99
2645 1.522515 99
2646 1.569475 99
2647 1.319838 99
2648 1.519626 99
2649 1.054560 100
2650 8.870118 102
2651 5.897618 102
2652 5.855373 102
2653 5.234802 101
2654 4.923554 101
2655 4.184248 101
2656 3.220782 101
2657 3.951505 101
2658 3.946743 101
2659 3.908941 101
2660 3.991030 101
2661 3.342287 101
2662 3.552515 101
2663 1.543520 102
2664 0.309485 101
2665 1.516667 102
2666 1.227147 102
2667 1.736294 102
2668 1.544129 101
2669 1.092574 101
2670 1.688198 101
2671 1.261158 101
2672 1.329673 101
2673 1.805802 101
2674 1.193535 101
2675 0.618455 101
2676 1.690901 101
2677 2.027267 101
2678 2.115564 101
2679 1.462337 101
2680 1.797624 101
2681 1.192188 101
2682 1.027812 101
2683 0.768529 102
2684 2.361139 101
2685 0.960216 102
2686 1.123010 101
2687 1.071525 101
2688 1.763099 101
2689 0.557683 101
2690 0.870832 101
2691 1.636931 101
2692 2.362010 101
2693 1.387634 101
2694 0.686099 101
2695 1.525119 101
2696 2.104792 101
2697 1.139782 101
2698 1.068206 102
2699 1.677653 101
2700 1.357253 99
2701 1.103889 99
2702 1.043273 99
2703 0.857212 99
2704 1.308242 99
2705 1.025424 99
2706 1.325515 99
2707 2.201242 99
2708 1.839556 99
2709 0.892859 99
2710 1.010242 99
2711 1.151293 99
2712 0.861758 99
2713 0.733596 99
2714 2.182343 99
2715 0.760556 99
2716 5.976283 99
2717 1.155020 99
2718 2.585364 99
2719 1.115724 98
2720 0.810020 98
2721 2.696806 98
2722 1.007020 98
2723 0.809735 98
2724 0.694592 98
2725 0.786939 98
2726 0.651827 98
2727 0.756551 98
2728 0.728071 98
2729 1.100020 98
2730 3.247704 98
2731 0.836163 98
2732 0.875755 98
2733 4.149969 98
2734 0.751286 98
2735 0.810071 98
2736 0.588082 98
2737 0.621765 98
2738 0.584827 98
2739 0.738041 98
2740 0.565694 98
2741 0.716776 98
2742 0.785245 98
2743 1.198224 98
2744 0.749010 98
2745 0.624612 98
2746 0.805316 98
2747 0.552673 98
2748 1.854939 98
2749 0.600224 98
2750 2.693695 95
2751 0.961095 95
2752 1.001326 95
2753 1.397926 95
2754 1.515474 95
2755 0.623968 94
2756 1.745295 95
2757 1.843484 95
2758 1.414284 95
2759 1.697442 95
2760 1.445330 94
2761 1.834394 94
2762 1.601862 94
2763 1.431915 94
2764 1.598979 94
2765 1.291170 94
2766 1.386191 94
2767 1.497543 94
2768 1.525936 94
2769 1.489362 94
2770 1.588372 94
2771 0.898426 94
2772 1.634223 94
2773 1.580479 94
2774 1.645394 94
2775 1.417574 94
2776 1.373713 94
2777 1.075213 94
2778 1.275766 94
2779 0.972053 94
2780 1.121160 94
2781 1.385702 94
2782 1.469021 94
2783 1.370447 94
2784 1.197702 94
2785 1.468916 95
2786 1.391274 95
2787 1.391670 94
2788 0.944905 95
2789 1.317463 95
2790 0.720809 94
2791 0.732649 94
2792 0.568543 94
2793 0.666074 94
2794 0.653617 94
2795 0.547894 94
2796 0.547053 94
2797 0.461777 94
2798 0.476905 95
2799 0.503319 94
2800 1.271212 99
2801 0.678889 99
2802 0.739970 99
2803 0.667909 99
2804 0.602798 99
2805 0.639909 99
2806 0.765889 99
2807 0.796000 99
2808 0.649091 99
2809 0.711838 99
2810 0.671505 99
2811 0.634646 99
2812 0.692374 99
2813 0.640747 99
2814 0.692333 99
2815 1.232051 99
2816 0.347429 98
2817 0.400796 98
2818 0.324786 98
2819 1.412485 99
2820 1.817184 98
2821 1.488133 98
2822 1.369408 98
2823 1.452459 98
2824 1.374531 98
2825 1.066694 98
2826 1.007408 98
2827 1.194510 98
2828 1.216031 98
2829 1.321847 98
2830 1.497796 98
2831 1.613143 98
2832 1.136408 98
2833 1.304576 99
2834 1.612163 98
2835 0.888616 99
2836 1.492694 98
2837 1.581000 98
2838 1.051112 98
2839 1.526505 99
2840 0.290979 97
2841 0.323969 97
2842 1.124717 99
2843 0.429714 98
2844 0.316806 98
2845 0.264224 98
2846 0.988616 99
2847 0.318857 98
2848 0.371980 98
2849 0.342465 99
2850 1.477029 103
2851 0.502689 103
2852 0.316456 103
2853 0.614854 103
2854 1.268748 103
2855 0.391863 102
2856 0.502366 101
2857 2.545495 103
2858 1.478262 103
2859 1.532891 101
2860 1.411950 101
2861 2.031282 103
2862 0.403333 102
2863 1.397476 103
2864 0.377833 102
2865 0.466748 103
2866 1.363864 103
2867 3.106796 103
2868 0.997660 103
2869 1.471223 103
2870 0.316637 102
2871 0.439882 102
2872 0.335598 102
2873 1.032657 102
2874 0.507431 102
2875 0.351922 102
2876 0.364863 102
2877 0.460796 103
2878 0.411941 102
2879 0.405137 102
2880 0.333864 103
2881 0.349578 102
2882 0.372529 102
2883 0.394265 102
2884 0.565696 102
2885 0.469412 102
2886 0.360314 102
2887 0.371049 102
2888 0.349088 102
2889 0.372786 103
2890 0.557431 102
2891 0.430010 102
2892 0.399127 102
2893 2.489417 103
2894 0.382099 101
2895 0.405297 101
2896 1.528816 103
2897 3.991578 102
2898 0.350039 102
2899 0.374039 102
2900 1.176786 84
2901 0.379452 84
2902 0.317119 84
2903 0.381464 84
2904 1.616107 84
2905 0.450841 82
2906 0.935573 82
2907 0.329390 82
2908 1.386298 84
2909 0.581310 84
2910 0.476892 83
2911 1.657810 84
2912 0.641855 83
2913 0.926193 83
2914 0.700060 83
2915 0.575627 83
2916 1.399976 84
2917 0.372867 83
2918 0.376193 83
2919 0.391795 83
2920 1.787607 84
2921 0.354220 82
2922 0.356451 82
2923 1.306226 84
2924 0.501393 84
2925 0.378627 83
2926 0.315566 83
2927 1.189952 84
2928 0.438506 83
2929 0.387289 83
2930 0.388108 83
2931 1.887929 84
2932 0.790843 83
2933 0.455036 83
2934 0.405831 83
2935 2.278369 84
2936 0.826819 83
2937 0.859807 83
2938 1.148464 84
2939 0.441214 84
2940 0.493714 84
2941 0.430964 83
2942 0.474881 84
2943 0.383952 83
2944 1.667571 84
2945 0.651024 83
2946 0.717976 83
2947 0.790819 83
2948 1.885310 84
2949 0.578241 83
2950 1.302094 96
2951 0.709156 96
2952 0.529917 96
2953 1.539271 96
2954 0.521926 95
2955 1.453260 96
2956 0.622821 95
2957 1.373083 96
2958 2.951271 96
2959 1.204000 95
2960 0.656611 95
2961 0.655516 95
2962 1.358281 96
2963 0.438083 96
2964 0.532484 95
2965 1.540823 96
2966 0.550042 95
2967 0.819000 95
2968 0.760146 96
2969 3.281906 96
2970 2.913147 95
2971 1.501698 96
2972 1.718250 96
2973 0.892656 96
2974 0.502063 95
2975 1.282760 96
2976 0.314779 95
2977 0.423789 95
2978 1.011708 96
2979 0.534895 95
2980 0.440021 95
2981 1.755219 96
2982 0.448505 95
2983 1.753302 96
2984 0.569811 95
2985 1.866677 96
2986 0.313802 96
2987 0.405484 95
2988 1.740615 96
2989 0.291916 95
2990 1.204844 96
2991 1.073396 96
2992 0.287421 95
2993 1.121448 96
2994 0.370200 95
2995 1.325052 96
2996 0.307447 94
2997 1.475615 96
2998 0.452263 95
2999 19.791698 96
3000 19.800100 100
3001 19.800020 100
3002 19.800100 100
3003 19.798000 99
3004 19.798000 99
3005 19.798000 99
3006 19.600040 100
3007 19.797990 99
3008 1.751040 100
3009 1.141919 99
3010 0.328101 99
3011 0.815616 99
3012 0.506202 99
3013 0.994061 99
3014 0.533586 99
3015 0.546394 99
3016 0.585182 99
3017 0.844313 99
3018 0.425141 99
3019 0.403778 99
3020 0.323303 99
3021 0.535580 100
3022 1.111790 100
3023 0.374030 99
3024 0.353404 99
3025 1.387290 100
3026 0.404206 97
3027 1.086220 100
3028 0.405222 99
3029 0.368263 99
3030 0.872520 100
3031 0.329657 99
3032 0.958780 100
3033 0.235830 100
3034 0.885330 100
3035 0.232333 99
3036 2.598370 100
3037 1.999404 99
3038 1.909879 99
3039 0.660660 100
3040 0.175828 99
3041 0.697300 100
3042 0.190384 99
3043 1.507420 100
3044 0.177657 99
3045 0.783930 100
3046 0.185111 99
3047 0.291192 99
3048 0.972910 100
3049 0.188818 99
3050 0.857242 91
3051 0.431231 91
3052 1.157341 91
3053 0.483593 91
3054 0.477352 91
3055 1.050330 91
3056 0.400110 91
3057 1.257615 91
3058 0.518033 91
3059 0.469374 91
3060 1.229846 91
3061 0.684505 91
3062 1.250934 91
3063 0.882253 91
3064 1.172297 91
3065 1.137484 91
3066 1.098747 91
3067 0.784165 91
3068 0.329110 91
3069 2.247560 91
3070 1.064593 91
3071 0.968143 91
3072 0.749571 91
3073 0.579813 91
3074 0.586495 91
3075 0.953319 91
3076 0.614626 91
3077 0.735505 91
3078 0.857714 91
3079 1.043813 91
3080 0.864418 91
3081 0.732055 91
3082 0.789066 91
3083 0.575824 91
3084 0.615637 91
3085 0.535956 91
3086 0.791758 91
3087 0.200176 91
3088 0.381165 91
3089 0.215044 91
3090 0.259978 91
3091 0.232615 91
3092 0.204132 91
3093 0.224044 91
3094 0.207549 91
3095 0.183626 91
3096 0.219220 91
3097 1.619780 91
3098 0.310956 91
3099 0.344319 91
3100 4.018289 97
3101 0.477680 97
3102 0.439742 97
3103 0.422062 97
3104 0.387454 97
3105 0.581938 97
3106 0.516845 97
3107 0.557639 97
3108 0.735969 97
3109 1.326546 97
3110 1.735052 97
3111 0.398515 97
3112 1.136495 97
3113 6.538031 97
3114 0.441103 97
3115 0.921268 97
3116 0.456732 97
3117 0.354526 97
3118 0.525412 97
3119 0.880722 97
3120 0.339557 97
3121 1.141918 97
3122 0.461546 97
3123 0.325134 97
3124 1.073814 97
3125 1.365186 97
3126 0.299427 96
3127 0.302104 96
3128 0.321320 97
3129 0.270906 96
3130 0.328469 96
3131 0.364615 96
3132 1.279052 97
3133 1.453557 97
3134 0.761309 97
3135 0.856237 97
3136 1.021247 97
3137 0.916588 97
3138 0.821753 97
3139 0.992598 97
3140 0.273753 97
3141 0.337577 97
3142 0.294711 97
3143 0.425918 97
3144 0.382969 97
3145 0.319742 97
3146 0.395979 97
3147 0.934237 97
3148 0.560165 97
3149 0.789330 97
3150 1.139437 103
3151 1.128320 103
3152 0.625214 103
3153 3.350485 103
3154 0.678981 103
3155 0.363573 103
3156 0.344282 103
3157 1.283262 103
3158 0.439505 103
3159 0.357553 103
3160 0.421155 103
3161 0.471029 103
3162 0.363699 103
3163 7.650311 103
3164 0.368204 103
3165 0.876553 103
3166 0.733777 103
3167 0.924825 103
3168 0.871243 103
3169 0.489126 103
3170 0.758981 103
3171 0.310777 103
3172 0.332388 103
3173 0.302961 103
3174 0.317320 103
3175 0.328650 103
3176 0.353466 103
3177 0.340932 103
3178 0.937107 103
3179 0.951039 103
3180 0.801398 103
3181 0.893981 103
3182 0.563107 103
3183 0.548485 103
3184 0.737223 103
3185 1.003039 103
3186 19.805971 103
3187 19.803667 102
3188 19.803824 102
3189 19.803775 102
3190 19.803902 102
3191 19.803765 102
3192 0.469641 103
3193 0.618311 103
3194 0.577301 103
3195 0.224243 103
3196 0.669728 103
3197 0.210155 103
3198 0.194417 103
3199 0.183971 103
3200 1.013287 108
3201 1.221602 108
3202 0.560991 107
3203 0.455841 107
3204 0.482318 107
3205 0.531729 107
3206 1.352148 108
3207 0.609523 107
3208 1.500389 108
3209 0.613879 107
3210 1.093667 108
3211 5.174430 107
3212 1.192454 108
3213 1.171259 108
3214 0.514935 107
3215 1.307333 108
3216 0.698259 108
3217 0.299778 108
3218 0.283972 107
3219 0.286898 108
3220 0.399636 107
3221 0.317206 107
3222 1.409972 108
3223 0.520583 108
3224 0.697664 107
3225 0.680953 107
3226 1.419565 108
3227 0.577426 108
3228 0.650430 107
3229 0.494561 107
3230 0.758664 107
3231 1.124056 108
3232 1.295667 108
3233 0.277598 107
3234 3.069710 107
3235 1.307046 108
3236 0.876361 108
3237 1.353185 108
3238 0.351327 107
3239 0.443383 107
3240 1.145748 107
3241 0.294481 106
3242 0.280370 108
3243 0.292453 106
3244 1.698926 108
3245 14.459444 108
3246 14.447542 107
3247 12.384196 107
3248 7.645393 107
3249 5.787657 108
3250 1.379832 107
3251 0.541495 107
3252 0.570972 107
3253 0.536907 107
3254 1.253206 107
3255 1.653215 107
3256 1.303009 107
3257 1.035302 106
3258 1.012368 106
3259 1.163292 106
3260 1.279654 107
3261 3.005660 106
3262 0.965019 106
3263 2.740150 107
3264 1.697140 107
3265 1.332178 107
3266 1.240682 107
3267 0.530274 106
3268 0.448689 106
3269 0.477802 106
3270 0.347217 106
3271 0.400000 106
3272 3.565729 107
3273 1.927710 107
3274 0.516533 105
3275 2.499019 107
3276 0.514009 106
3277 0.447340 106
3278 1.098224 107
3279 0.455858 106
3280 1.335963 107
3281 1.463963 107
3282 1.850925 106
3283 0.578123 106
3284 0.548660 106
3285 1.157290 107
3286 0.312651 106
3287 0.285509 106
3288 0.286283 106
3289 1.001168 107
3290 2.064224 107
3291 0.334755 106
3292 0.398000 106
3293 0.315255 106
3294 0.359283 106
3295 2.650374 107
3296 1.164093 107
3297 3.914355 107
3298 1.547355 107
3299 2.153619 105
3300 1.190111 117
3301 1.843333 117
3302 4.570906 117
3303 3.648310 116
3304 3.507560 116
3305 3.671595 116
3306 5.900325 117
3307 7.207615 117
3308 6.327265 117
3309 4.803621 116
3310 3.728207 116
3311 1.226573 117
3312 0.592319 116
3313 0.457913 115
3314 1.221821 117
3315 0.576216 116
3316 1.634692 117
3317 2.402267 116
3318 3.071291 117
3319 2.002966 116
3320 2.055198 116
3321 1.855690 116
3322 1.204479 117
3323 0.595939 115
3324 1.282197 117
3325 0.302500 116
3326 1.165128 117
3327 1.305795 117
3328 0.942846 117
3329 4.173897 117
3330 0.646905 116
3331 1.703991 117
3332 1.132000 117
3333 1.091983 117
3334 0.232586 116
3335 3.750880 117
3336 0.898538 117
3337 0.232940 117
3338 0.957863 117
3339 0.608112 116
3340 0.891784 116
3341 1.227761 117
3342 0.927043 116
3343 0.785043 117
3344 0.708667 117
3345 1.015316 117
3346 0.598328 116
3347 0.407750 116
3348 0.919795 117
3349 0.752761 117
3350 1.107171 82
3351 1.289146 82
3352 1.264854 82
3353 1.104341 82
3354 1.478134 82
3355 0.520160 81
3356 1.328268 82
3357 0.410827 81
3358 0.579432 81
3359 1.095841 82
3360 1.707756 82
3361 0.343188 80
3362 1.769171 82
3363 1.170220 82
3364 0.282420 81
3365 0.306395 81
3366 0.267432 81
3367 1.299720 82
3368 0.464111 81
3369 2.498556 81
3370 1.259878 82
3371 1.205646 82
3372 0.324000 81
3373 0.347457 81
3374 1.371537 82
3375 0.502000 81
3376 1.583817 82
3377 1.171085 82
3378 1.431744 82
3379 0.329407 81
3380 0.312487 80
3381 1.607171 82
3382 0.432268 82
3383 0.408420 81
3384 1.300598 82
3385 0.268914 81
3386 0.308185 81
3387 1.599732 82
3388 0.698173 81
3389 1.377024 82
3390 1.206402 82
3391 2.183207 82
3392 1.547605 81
3393 1.736852 81
3394 19.999915 82
3395 2.108488 82
3396 1.165086 81
3397 1.081864 81
3398 19.756122 82
3399 1.119024 82
3400 1.279570 93
3401 1.597505 93
3402 1.765806 93
3403 0.344152 92
3404 1.959108 93
3405 0.567250 92
3406 0.592109 92
3407 1.284441 93
3408 0.786489 92
3409 1.446086 93
3410 0.543457 92
3411 0.604011 92
3412 0.855978 93
3413 1.316839 93
3414 0.555022 92
3415 0.548837 92
3416 1.353323 93
3417 1.514129 93
3418 0.554890 91
3419 0.478978 91
3420 1.551667 93
3421 0.685011 92
3422 0.591663 92
3423 3.201882 93
3424 1.538033 92
3425 1.583011 92
3426 4.785731 93
3427 4.215402 92
3428 1.171419 93
3429 1.057226 93
3430 1.246925 93
3431 0.478710 93
3432 0.468587 92
3433 1.160667 93
3434 0.526783 92
3435 0.490707 92
3436 1.337516 93
3437 0.564000 92
3438 0.513750 92
3439 1.503731 93
3440 0.488261 92
3441 0.861151 93
3442 0.227237 93
3443 0.465478 92
3444 2.863710 93
3445 0.338879 91
3446 1.289333 93
3447 1.994641 92
3448 2.985634 93
3449 0.870891 92
3450 3.402327 113
3451 1.572796 113
3452 2.605894 113
3453 1.699438 112
3454 1.529348 112
3455 1.205823 113
3456 0.335125 112
3457 0.339339 112
3458 2.219531 113
3459 1.648858 113
3460 0.564830 112
3461 1.523858 113
3462 1.513460 113
3463 1.294929 112
3464 2.022336 113
3465 0.772330 112
3466 1.336354 113
3467 0.744637 113
3468 0.967661 112
3469 1.691894 113
3470 0.547357 112
3471 1.274027 113
3472 0.976416 113
3473 0.315214 112
3474 1.239761 113
3475 1.598071 113
3476 0.602584 113
3477 0.547393 112
3478 3.544115 113
3479 2.403661 112
3480 1.426451 113
3481 1.603929 113
3482 0.714170 112
3483 1.430168 113
3484 0.546518 112
3485 0.461491 112
3486 2.253646 113
3487 1.107628 113
3488 0.830973 112
3489 0.971628 113
3490 1.382885 113
3491 0.724375 112
3492 1.502053 113
3493 0.583795 112
3494 0.475071 112
3495 1.126655 113
3496 0.583607 112
3497 0.582411 112
3498 1.291531 113
3499 0.479884 112
3500 1.156543 94
3501 1.499011 94
3502 0.601511 94
3503 0.580430 93
3504 1.613670 94
3505 0.600280 93
3506 0.716330 94
3507 1.966894 94
3508 0.551326 92
3509 0.760645 93
3510 1.756415 94
3511 0.560312 93
3512 0.538613 93
3513 4.552128 94
3514 3.740344 93
3515 3.694075 93
3516 1.539553 94
3517 1.802064 94
3518 0.709505 93
3519 0.647484 93
3520 7.567074 94
3521 1.995266 94
3522 0.665763 93
3523 0.532032 93
3524 1.273149 94
3525 0.571570 93
3526 0.536532 94
3527 1.529213 94
3528 1.609872 94
3529 0.928777 94
3530 0.952032 93
3531 1.308011 94
3532 0.666645 93
3533 0.637624 93
3534 3.063138 94
3535 1.379617 94
3536 0.494452 93
3537 0.682527 93
3538 0.994043 94
3539 1.112553 94
3540 1.933947 94
3541 0.999979 94
3542 0.939245 94
3543 0.951521 94
3544 0.983936 94
3545 1.635947 94
3546 0.463849 93
3547 0.696436 94
3548 0.942734 94
3549 1.105266 94
3550 1.323563 103
3551 1.451673 104
3552 1.993115 104
3553 1.353606 104
3554 0.357641 103
3555 1.482221 104
3556 1.428471 104
3557 2.101413 104
3558 1.564644 104
3559 2.227971 104
3560 1.653029 104
3561 3.253709 103
3562 1.534077 104
3563 0.378175 103
3564 1.681635 104
3565 1.614106 104
3566 2.341135 104
3567 0.831144 104
3568 1.364019 104
3569 1.773029 104
3570 1.468692 104
3571 0.639282 103
3572 1.420404 104
3573 2.162433 104
3574 2.099115 104
3575 0.658019 103
3576 1.369154 104
3577 1.184115 104
3578 2.630837 104
3579 14.295058 104
3580 1.300308 104
3581 0.982673 104
3582 1.371875 104
3583 1.451798 104
3584 0.876356 104
3585 1.543317 104
3586 1.810515 103
3587 0.797125 104
3588 0.208553 103
3589 1.925173 104
3590 0.826718 103
3591 1.411885 104
3592 0.991942 104
3593 0.855388 103
3594 1.312413 104
3595 0.775971 104
3596 0.990337 104
3597 1.035942 104
3598 1.019115 104
3599 0.354272 103
3600 3.757806 93
3601 1.415839 93
3602 0.960387 93
3603 1.233258 93
3604 13.483742 93
3605 1.513430 93
3606 1.534968 93
3607 1.199763 93
3608 0.539591 93
3609 1.888495 93
3610 0.965806 93
3611 1.694796 93
3612 1.454022 93
3613 1.116419 93
3614 1.048452 93
3615 0.331172 93
3616 1.197989 93
3617 0.326925 93
3618 1.287183 93
3619 1.110462 93
3620 0.497032 93
3621 1.458065 93
3622 0.443742 93
3623 1.318839 93
3624 0.465882 93
3625 1.470333 93
3626 1.318398 93
3627 1.261387 93
3628 1.764570 93
3629 1.437237 93
3630 2.009419 93
3631 0.855108 93
3632 1.493118 93
3633 1.871516 93
3634 2.746957 93
3635 2.749677 93
3636 0.990968 93
3637 0.994290 93
3638 1.657817 93
3639 0.515989 93
3640 0.592376 93
3641 0.478000 93
3642 0.638806 93
3643 0.553226 93
3644 1.448957 93
3645 0.436215 93
3646 1.222118 93
3647 1.104280 93
3648 12.921516 93
3649 0.555484 93
3650 0.991643 112
3651 2.692732 112
3652 1.142116 112
3653 1.266357 112
3654 1.814268 112
3655 1.427536 112
3656 1.699098 112
3657 20.000000 112
3658 6.431741 112
3659 3.860241 112
3660 2.513679 112
3661 1.636643 112
3662 2.210393 112
3663 1.333304 112
3664 19.644438 112
3665 1.160527 112
3666 2.783545 112
3667 1.197937 112
3668 1.790384 112
3669 0.718429 112
3670 3.499955 112
3671 0.678384 112
3672 0.962143 112
3673 1.055643 112
3674 1.300562 112
3675 1.041188 112
3676 1.833759 112
3677 1.937554 112
3678 0.609366 112
3679 1.124607 112
3680 0.900643 112
3681 0.976991 112
3682 0.949973 112
3683 0.672857 112
3684 0.795509 112
3685 1.224071 112
3686 0.950902 112
3687 1.227866 112
3688 0.745723 112
3689 1.832804 112
3690 0.658598 112
3691 2.512536 112
3692 0.921196 112
3693 0.489536 112
3694 0.883446 112
3695 0.600455 112
3696 0.783437 112
3697 0.852946 112
3698 1.343580 112
3699 0.949143 112
3700 1.973384 99
3701 1.643354 99
3702 1.911818 99
3703 1.322949 99
3704 1.775354 99
3705 1.518434 99
3706 1.781990 99
3707 1.943424 99
3708 1.889323 99
3709 1.239111 99
3710 1.667687 99
3711 3.367162 99
3712 1.366636 99
3713 1.689374 99
3714 1.318131 99
3715 2.361081 99
3716 1.698141 99
3717 1.779657 99
3718 1.615242 99
3719 1.155444 99
3720 18.492283 99
3721 1.660980 99
3722 1.826556 99
3723 2.740091 99
3724 1.668152 99
3725 1.410939 99
3726 1.257475 99
3727 1.411364 99
3728 2.048737 99
3729 1.180970 99
3730 1.455949 99
3731 1.145222 99
3732 2.706313 99
3733 1.039970 99
3734 1.004111 99
3735 1.175677 99
3736 0.941929 99
3737 1.568838 99
3738 3.472717 99
3739 1.064566 99
3740 1.050960 99
3741 0.839687 99
3742 0.893556 99
3743 0.889808 99
3744 1.514707 99
3745 0.951939 99
3746 1.270576 99
3747 0.866222 99
3748 0.883263 99
3749 1.474465 99
3750 1.265127 110
3751 1.428209 110
3752 2.212536 110
3753 2.663127 110
3754 1.444200 110
3755 1.266655 110
3756 1.796873 110
3757 1.060455 110
3758 1.477818 110
3759 1.523573 110
3760 1.009973 110
3761 1.095109 110
3762 19.832455 110
3763 1.184255 110
3764 0.840900 110
3765 1.190400 110
3766 1.433873 110
3767 19.364027 110
3768 3.229173 110
3769 1.189255 110
3770 1.389427 110
3771 1.167927 110
3772 0.973000 110
3773 0.894400 110
3774 1.003227 110
3775 0.911055 110
3776 9.938673 110
3777 0.788664 110
3778 4.297118 110
3779 4.210009 110
3780 0.677018 110
3781 2.105982 110
3782 13.299927 110
3783 1.830791 110
3784 0.980009 110
3785 0.596982 110
3786 20.000000 110
3787 0.900755 110
3788 1.145709 110
3789 0.881900 110
3790 0.641564 110
3791 0.522509 110
3792 0.632618 110
3793 0.772473 110
3794 0.778791 110
3795 0.644255 110
3796 0.728973 110
3797 0.801382 110
3798 0.497645 110
3799 0.453427 110
3800 1.254439 107
3801 1.334589 107
3802 13.852514 107
3803 1.530738 107
3804 1.611000 107
3805 1.856336 107
3806 1.428402 107
3807 1.484682 107
3808 1.596056 107
3809 2.088271 107
3810 1.647776 107
3811 1.214748 107
3812 1.910336 107
3813 1.406757 107
3814 1.378131 107
3815 1.224860 107
3816 1.346907 107
3817 1.428692 107
3818 1.405776 107
3819 1.714944 107
3820 1.653645 107
3821 14.441832 107
3822 1.305542 107
3823 1.141551 107
3824 1.591626 107
3825 2.035411 107
3826 2.980654 107
3827 0.991364 107
3828 1.777710 107
3829 1.592645 107
3830 1.114888 107
3831 1.137776 107
3832 1.385748 107
3833 1.101178 107
3834 1.071131 107
3835 1.264748 107
3836 1.195159 107
3837 2.659542 107
3838 3.080682 107
3839 1.038056 107
3840 1.144832 107
3841 0.894327 107
3842 1.116626 107
3843 0.657963 107
3844 1.193103 107
3845 1.032477 107
3846 0.821178 107
3847 0.884514 107
3848 1.012495 107
3849 1.171804 107
3850 1.438837 104
3851 3.911510 104
3852 1.806587 104
3853 1.883192 104
3854 1.712596 104
3855 1.471375 104
3856 1.677356 104
3857 1.425779 104
3858 19.391452 104
3859 1.451644 104
3860 2.052183 104
3861 1.325971 104
3862 1.507413 104
3863 1.793702 104
3864 1.458577 104
3865 3.341788 104
3866 1.465933 104
3867 0.971240 104
3868 0.842163 104
3869 1.595952 104
3870 1.506067 104
3871 1.094029 104
3872 2.148115 104
3873 1.907846 104
3874 0.776808 104
3875 1.251615 104
3876 1.580750 104
3877 1.619808 104
3878 0.916212 104
3879 1.344837 104
3880 0.969962 104
3881 1.207154 104
3882 0.886577 104
3883 1.189923 104
3884 0.914500 104
3885 1.307010 104
3886 1.805683 104
3887 0.841413 104
3888 1.796673 104
3889 1.445048 104
3890 0.994202 104
3891 0.717442 104
3892 0.809760 104
3893 0.849356 104
3894 1.404933 104
3895 0.937481 104
3896 0.372231 104
3897 0.761856 104
3898 1.025538 104
3899 0.726077 104
3900 4.994135 111
3901 1.407523 111
3902 1.242667 111
3903 1.159982 111
3904 1.124829 111
3905 1.135117 111
3906 8.217054 111
3907 1.284874 111
3908 1.565757 111
3909 2.260838 111
3910 0.906595 111
3911 2.113378 111
3912 1.226775 111
3913 1.687477 111
3914 0.925315 111
3915 1.058216 111
3916 1.213883 111
3917 0.934414 111
3918 1.122099 111
3919 2.022847 111
3920 1.338180 111
3921 1.730468 111
3922 0.922577 111
3923 1.438820 111
3924 0.887063 111
3925 2.763036 111
3926 2.271198 111
3927 1.948856 111
3928 1.101054 111
3929 2.559153 111
3930 0.984351 111
3931 1.125730 111
3932 1.295009 111
3933 0.784162 111
3934 1.063391 110
3935 0.837236 110
3936 0.818027 110
3937 0.887800 110
3938 1.085255 110
3939 1.192545 110
3940 18.573955 110
3941 0.897973 110
3942 1.104518 110
3943 0.861064 110
3944 0.589436 110
3945 2.285236 110
3946 0.603745 110
3947 0.596691 110
3948 0.760964 110
3949 1.394155 110
3950 1.358110 118
3951 1.467119 118
3952 1.459415 118
3953 3.468983 118
3954 2.319788 118
3955 4.834195 118
3956 2.710212 118
3957 1.294508 118
3958 1.426822 118
3959 2.202669 118
3960 2.738653 118
3961 1.362924 118
3962 1.274831 118
3963 1.497805 118
3964 1.419746 118
3965 2.142042 118
3966 1.209280 118
3967 1.565178 118
3968 1.387102 118
3969 1.555203 118
3970 1.458627 118
3971 1.387932 118
3972 1.304136 118
3973 1.010771 118
3974 1.217119 118
3975 2.249508 118
3976 1.195254 118
3977 1.423602 118
3978 1.112466 118
3979 1.327619 118
3980 19.999966 118
3981 1.192432 118
3982 0.824169 118
3983 0.833754 118
3984 1.368636 118
3985 2.302042 118
3986 13.056475 118
3987 1.183966 118
3988 4.359077 117
3989 1.731432 118
3990 1.544975 118
3991 1.490593 118
3992 2.254347 118
3993 1.580729 118
3994 1.278907 118
3995 1.142856 118
3996 1.733051 118
3997 1.025568 118
3998 1.043525 118
3999 1.782915 118
4000 4.643312 112
4001 1.490902 112
4002 1.982384 112
4003 1.461643 112
4004 16.403830 112
4005 1.145125 112
4006 1.525536 112
4007 2.229598 112
4008 3.707607 112
4009 0.796196 112
4010 2.014393 112
4011 1.380455 112
4012 1.009536 112
4013 1.634455 112
4014 1.104464 112
4015 3.499063 112
4016 1.833161 112
4017 2.583312 112
4018 1.871330 112
4019 1.708187 112
4020 1.089214 112
4021 1.121839 112
4022 0.809795 112
4023 0.800062 112
4024 1.290473 112
4025 1.183268 112
4026 0.890250 112
4027 3.391313 112
4028 0.844348 112
4029 0.999795 112
4030 1.120536 112
4031 5.383286 112
4032 2.057223 112
4033 1.271071 112
4034 1.301375 112
4035 6.763402 112
4036 0.613286 112
4037 0.803214 112
4038 0.624107 112
4039 0.583116 112
4040 20.000000 112
4041 0.667571 112
4042 0.596679 112
4043 0.578536 112
4044 0.871482 112
4045 1.405509 112
4046 0.900750 112
4047 0.535723 112
4048 0.853705 112
4049 0.620161 112
4050 1.446175 120
4051 1.008217 120
4052 2.826492 120
4053 2.254792 120
4054 1.166100 120
4055 1.272142 120
4056 1.296492 120
4057 2.154533 120
4058 18.138517 120
4059 1.798925 120
4060 4.754242 120
4061 1.290367 120
4062 0.979383 120
4063 0.999900 120
4064 4.229250 120
4065 0.893958 120
4066 1.963633 120
4067 2.154267 120
4068 1.919283 120
4069 2.065633 120
4070 1.033617 120
4071 0.439336 119
4072 1.216458 120
4073 1.263700 120
4074 5.734642 120
4075 0.801250 120
4076 0.259882 119
4077 0.859867 120
4078 1.581067 120
4079 0.971375 120
4080 1.221092 120
4081 1.298658 120
4082 1.137667 120
4083 0.893933 120
4084 1.097842 120
4085 1.324500 120
4086 1.839292 120
4087 1.168633 120
4088 0.925975 120
4089 0.758300 120
4090 0.765967 120
4091 1.006825 120
4092 0.984350 120
4093 16.196408 120
4094 0.889650 120
4095 0.646150 120
4096 0.802958 120
4097 0.976867 120
4098 0.565742 120
4099 0.645425 120
4100 1.494702 114
4101 1.434658 114
4102 0.406133 113
4103 1.135035 114
4104 1.244368 114
4105 0.546540 113
4106 3.581588 114
4107 19.824570 114
4108 1.743149 114
4109 1.194526 114
4110 3.646211 114
4111 1.342193 114
4112 2.657711 114
4113 1.315614 114
4114 1.558667 114
4115 1.119263 114
4116 0.287947 113
4117 1.805763 114
4118 1.150526 114
4119 1.317105 114
4120 0.887289 114
4121 19.824368 114
4122 1.082070 114
4123 1.312772 114
4124 1.306623 114
4125 0.357509 112
4126 0.884719 114
4127 1.133158 114
4128 0.979544 114
4129 0.798781 114
4130 1.161421 114
4131 0.462779 113
4132 1.070395 114
4133 7.009070 114
4134 1.017553 114
4135 1.060675 114
4136 0.742588 114
4137 1.573325 114
4138 0.801368 114
4139 1.013632 114
4140 1.057447 114
4141 0.355372 113
4142 0.420646 113
4143 0.804684 114
4144 1.138579 114
4145 0.843175 114
4146 1.297605 114
4147 1.065202 114
4148 1.023842 114
4149 0.421956 113
4150 2.426411 112
4151 2.030482 112
4152 1.271634 112
4153 1.500759 112
4154 1.296643 112
4155 1.536348 112
4156 5.850759 112
4157 1.519768 112
4158 0.936250 112
4159 0.333848 112
4160 1.373429 112
4161 3.639911 112
4162 0.429523 111
4163 1.349054 112
4164 1.208652 112
4165 0.807920 112
4166 2.042161 112
4167 2.395652 112
4168 1.489402 112
4169 1.445688 112
4170 1.287393 112
4171 1.233348 112
4172 0.449759 112
4173 0.362536 112
4174 1.310938 112
4175 1.114437 112
4176 1.076884 112
4177 1.617589 112
4178 0.447631 111
4179 1.170205 112
4180 1.071384 112
4181 1.344670 112
4182 0.622000 111
4183 2.785098 112
4184 0.390721 111
4185 1.344339 112
4186 1.029938 112
4187 1.047991 112
4188 0.248171 111
4189 1.903063 112
4190 1.047991 112
4191 0.237793 111
4192 1.189473 112
4193 0.848643 112
4194 1.180759 112
4195 0.308225 111
4196 1.891420 112
4197 0.989143 112
4198 1.113670 112
4199 1.125027 112
4200 1.718052 116
4201 1.310224 116
4202 1.390871 116
4203 1.183595 116
4204 2.007759 116
4205 1.541603 116
4206 1.116270 115
4207 1.489914 116
4208 1.162330 115
4209 2.483586 116
4210 1.398474 116
4211 0.332635 115
4212 1.306940 116
4213 1.506922 116
4214 0.527513 115
4215 1.511491 116
4216 0.439053 114
4217 2.358336 116
4218 0.881518 114
4219 2.148802 116
4220 1.561647 116
4221 1.063414 116
4222 2.996181 116
4223 1.302655 116
4224 0.641172 116
4225 1.171302 116
4226 1.290940 116
4227 1.237112 116
4228 1.113629 116
4229 1.082405 116
4230 1.258655 116
4231 0.877207 116
4232 1.100914 116
4233 0.950448 116
4234 0.992310 116
4235 1.688526 116
4236 1.390940 116
4237 1.542819 116
4238 0.623130 115
4239 1.010879 116
4240 0.334670 115
4241 0.325435 115
4242 1.840569 116
4243 0.693157 115
4244 0.340974 115
4245 0.267957 115
4246 1.071914 116
4247 1.771103 116
4248 1.309724 116
4249 18.112500 116
4250 16.993832 101
4251 18.308356 101
4252 17.416740 100
4253 16.732250 100
4254 16.869515 101
4255 17.634762 101
4256 14.480475 101
4257 13.311129 101
4258 17.595080 100
4259 16.991590 100
4260 15.655430 100
4261 14.857020 100
4262 16.372010 101
4263 16.956980 100
4264 14.582370 100
4265 14.422000 101
4266 11.884901 101
4267 16.360190 100
4268 13.756680 100
4269 9.194300 100
4270 5.635000 100
4271 3.458320 100
4272 2.161590 100
4273 0.763030 100
4274 19.720614 101
4275 10.874059 101
4276 19.756782 101
4277 6.887530 100
4278 13.711416 101
4279 0.812089 101
4280 0.337630 100
4281 0.554703 101
4282 2.241871 101
4283 0.961860 100
4284 0.965090 100
4285 0.920670 100
4286 1.118730 100
4287 3.213693 101
4288 1.259653 101
4289 1.156723 101
4290 0.772257 101
4291 0.345000 100
4292 0.350150 100
4293 0.359800 100
4294 0.396350 100
4295 0.339940 100
4296 0.355580 100
4297 0.344910 100
4298 1.609139 101
4299 0.550297 101
4300 1.171819 105
4301 0.637990 105
4302 0.548219 105
4303 0.643333 105
4304 0.608533 105
4305 0.560038 105
4306 1.214286 105
4307 1.671314 105
4308 0.481683 104
4309 0.451709 103
4310 1.428067 105
4311 1.563181 105
4312 0.611500 104
4313 0.524712 104
4314 0.524673 104
4315 0.546000 104
4316 0.510481 104
4317 1.558105 105
4318 3.635038 105
4319 1.223600 105
4320 1.237429 105
4321 1.050548 104
4322 0.765981 104
4323 0.875663 104
4324 0.844808 104
4325 1.197905 105
4326 2.417410 105
4327 0.512096 104
4328 0.766019 104
4329 1.337133 105
4330 1.195657 105
4331 0.875619 105
4332 1.282571 105
4333 1.121276 105
4334 1.485914 105
4335 1.243857 105
4336 1.664914 105
4337 1.943686 105
4338 1.131162 105
4339 0.343740 104
4340 1.071286 105
4341 0.959562 105
4342 1.077971 105
4343 1.026629 105
4344 19.999790 105
4345 19.999762 105
4346 19.999714 105
4347 19.999724 105
4348 19.999714 105
4349 19.999762 105
4350 19.999904 104
4351 1.551644 104
4352 1.568106 104
4353 1.176337 104
4354 12.577615 104
4355 15.298625 104
4356 1.216856 104
4357 1.055000 104
4358 16.914750 104
4359 17.310298 104
4360 9.851375 104
4361 6.983544 103
4362 5.073573 103
4363 4.767126 103
4364 3.169874 103
4365 2.512233 103
4366 2.457117 103
4367 2.014107 103
4368 1.919466 103
4369 1.823048 104
4370 1.183515 103
4371 1.041534 103
4372 1.238777 103
4373 1.350272 103
4374 1.378874 103
4375 1.141894 104
4376 1.171233 103
4377 1.648631 103
4378 1.742573 103
4379 0.736952 104
4380 0.214942 103
4381 0.233447 103
4382 0.220408 103
4383 0.199068 103
4384 0.192447 103
4385 0.206233 103
4386 0.269544 103
4387 0.243000 103
4388 8.724298 104
4389 0.946663 104
4390 0.965635 104
4391 0.188437 103
4392 0.430563 103
4393 0.160233 103
4394 0.657779 104
4395 0.185806 103
4396 0.176350 103
4397 0.173913 103
4398 0.165204 103
4399 0.171883 103
4400 1.314690 87
4401 0.358793 87
4402 0.337552 87
4403 0.487460 87
4404 0.476736 87
4405 0.375632 87
4406 1.111839 87
4407 0.657105 86
4408 0.657779 86
4409 1.039372 86
4410 0.868965 86
4411 0.674291 86
4412 1.233655 87
4413 1.328368 87
4414 0.849860 86
4415 0.505302 86
4416 0.732407 86
4417 1.217218 87
4418 0.986907 86
4419 0.770686 86
4420 0.391767 86
4421 1.532874 87
4422 1.029698 86
4423 0.534447 85
4424 0.453918 85
4425 1.340069 87
4426 0.901326 86
4427 0.820849 86
4428 0.334616 86
4429 1.794736 87
4430 0.419453 86
4431 0.460047 86
4432 0.646345 87
4433 1.879943 87
4434 0.488929 85
4435 0.782106 85
4436 0.465706 85
4437 1.356356 87
4438 0.860605 86
4439 0.590581 86
4440 0.391151 86
4441 1.244977 87
4442 0.796628 86
4443 0.300058 86
4444 0.510816 87
4445 1.306770 87
4446 0.821425 87
4447 0.338337 86
4448 0.489907 86
4449 1.289713 87
4450 1.892178 101
4451 0.848614 101
4452 0.411634 101
4453 1.586010 101
4454 1.292614 101
4455 0.609590 100
4456 1.421129 101
4457 0.456440 100
4458 1.889208 101
4459 1.054380 100
4460 1.209238 101
4461 0.337070 100
4462 1.260762 101
4463 0.683100 100
4464 1.540119 101
4465 0.471400 100
4466 1.201030 101
4467 1.112782 101
4468 1.409901 101
4469 0.529070 100
4470 1.136693 101
4471 1.582752 101
4472 0.581919 99
4473 1.935188 101
4474 2.805130 100
4475 1.495683 101
4476 1.348475 101
4477 0.286564 101
4478 1.154386 101
4479 1.075792 101
4480 1.580921 101
4481 1.201842 101
4482 0.688110 100
4483 19.634010 101
4484 1.092376 101
4485 0.984762 101
4486 1.037990 101
4487 1.020020 101
4488 1.444406 101
4489 1.053792 101
4490 0.987931 101
4491 0.886248 101
4492 1.321198 101
4493 0.759426 101
4494 0.801663 101
4495 0.959851 101
4496 1.255594 101
4497 0.797455 101
4498 1.100287 101
4499 1.323594 101
