3606 
715 
1712 
2959 
1570 
639 
4459 
834 
1998 
890 
2763 
2210 
1515 
2911 
2300 
141 
1442 
2382 
2611 
1372 
2928 
3745 
698 
2000 
75 
2745 
3225 
4231 
1324 
2007 
1183 
4353 
3426 
349 
4351 
1843 
3946 
2365 
2783 
4277 
456 
2014 
2741 
1541 
1272 
2246 
391 
282 
3239 
4338 
981 
2379 
381 
2890 
2238 
512 
1993 
1403 
3042 
2323 
3293 
4480 
3128 
1950 
4132 
1593 
1516 
2022 
1835 
1986 
158 
919 
2378 
3230 
3516 
3482 
3000 
1770 
3267 
721 
3606 715 
1712 3606 
3606 2959 
1570 3606 
3606 639 
3606 4459 
834 3606 
3606 1998 
3606 890 
3606 2763 
2210 3606 
3606 1515 
3606 2911 
3606 2300 
3606 141 
1442 3606 
3606 2382 
2611 3606 
3606 1372 
2928 3606 
3745 3606 
3606 698 
2000 3606 
3606 75 
3606 2745 
3606 3225 
3606 4231 
3606 1324 
3606 2007 
3606 1183 
4353 3606 
3426 3606 
3606 349 
3606 4351 
1843 3606 
3606 3946 
3606 2365 
3606 2783 
4277 3606 
3606 456 
3606 2014 
2741 3606 
1541 3606 
3606 1272 
3606 2246 
3606 391 
3606 282 
3606 3239 
4338 3606 
981 3606 
3606 2379 
3606 381 
3606 2890 
3606 2238 
512 3606 
3606 1993 
3606 1403 
3042 3606 
2323 3606 
3606 3293 
4480 3606 
3606 3128 
3606 1950 
4132 3606 
3606 1593 
3606 1516 
3606 2022 
3606 1835 
1986 3606 
3606 158 
3606 919 
3606 2378 
3606 3230 
3606 3516 
3606 3482 
3606 3000 
3606 1770 
3267 3606 
721 3606 
1712 715 
715 2959 
1570 715 
715 639 
715 4459 
834 715 
715 1998 
890 715 
715 2763 
2210 715 
715 1515 
715 2911 
715 2300 
715 141 
1442 715 
715 2382 
2611 715 
715 1372 
2928 715 
3745 715 
698 715 
2000 715 
715 75 
2745 715 
3225 715 
4231 715 
715 1324 
2007 715 
715 1183 
4353 715 
3426 715 
715 349 
715 4351 
1843 715 
3946 715 
715 2365 
715 2783 
4277 715 
456 715 
715 2014 
2741 715 
1541 715 
1272 715 
2246 715 
391 715 
282 715 
3239 715 
4338 715 
981 715 
715 2379 
715 381 
2890 715 
715 2238 
512 715 
1993 715 
715 1403 
3042 715 
2323 715 
715 3293 
4480 715 
3128 715 
715 1950 
4132 715 
1593 715 
715 1516 
2022 715 
715 1835 
1986 715 
715 158 
919 715 
2378 715 
715 3230 
715 3516 
3482 715 
3000 715 
1770 715 
3267 715 
721 715 
1712 2959 
1712 1570 
1712 639 
1712 4459 
1712 834 
1712 1998 
1712 890 
1712 2763 
1712 2210 
1712 1515 
1712 2911 
1712 2300 
1712 141 
1712 1442 
1712 2382 
1712 2611 
1712 1372 
1712 2928 
1712 3745 
1712 698 
1712 2000 
1712 75 
1712 2745 
1712 3225 
1712 4231 
1712 1324 
1712 2007 
1712 1183 
1712 4353 
1712 3426 
1712 349 
1712 4351 
1712 1843 
1712 3946 
1712 2365 
1712 2783 
1712 4277 
1712 456 
1712 2014 
1712 2741 
1712 1541 
1712 1272 
1712 2246 
1712 391 
1712 282 
1712 3239 
1712 4338 
1712 981 
1712 2379 
1712 381 
1712 2890 
1712 2238 
1712 512 
1712 1993 
1712 1403 
1712 3042 
1712 2323 
1712 3293 
1712 4480 
1712 3128 
1712 1950 
1712 4132 
1712 1593 
1712 1516 
1712 2022 
1712 1835 
1712 1986 
1712 158 
1712 919 
1712 2378 
1712 3230 
1712 3516 
1712 3482 
1712 3000 
1712 1770 
1712 3267 
1712 721 
1570 2959 
2959 639 
4459 2959 
834 2959 
1998 2959 
890 2959 
2763 2959 
2210 2959 
1515 2959 
2959 2911 
2300 2959 
141 2959 
1442 2959 
2382 2959 
2611 2959 
1372 2959 
2928 2959 
3745 2959 
698 2959 
2000 2959 
75 2959 
2745 2959 
3225 2959 
4231 2959 
1324 2959 
2007 2959 
2959 1183 
4353 2959 
3426 2959 
349 2959 
2959 4351 
1843 2959 
3946 2959 
2365 2959 
2959 2783 
4277 2959 
456 2959 
2014 2959 
2741 2959 
1541 2959 
1272 2959 
2246 2959 
391 2959 
282 2959 
3239 2959 
4338 2959 
981 2959 
2379 2959 
381 2959 
2890 2959 
2238 2959 
512 2959 
1993 2959 
1403 2959 
3042 2959 
2323 2959 
3293 2959 
4480 2959 
3128 2959 
1950 2959 
4132 2959 
1593 2959 
1516 2959 
2022 2959 
1835 2959 
1986 2959 
158 2959 
919 2959 
2378 2959 
3230 2959 
3516 2959 
3482 2959 
3000 2959 
1770 2959 
3267 2959 
721 2959 
1570 639 
1570 4459 
1570 834 
1570 1998 
1570 890 
1570 2763 
1570 2210 
1570 1515 
1570 2911 
1570 2300 
1570 141 
1570 1442 
1570 2382 
1570 2611 
1570 1372 
2928 1570 
3745 1570 
1570 698 
2000 1570 
1570 75 
1570 2745 
1570 3225 
1570 4231 
1570 1324 
1570 2007 
1570 1183 
4353 1570 
1570 3426 
1570 349 
1570 4351 
1570 1843 
1570 3946 
1570 2365 
1570 2783 
1570 4277 
1570 456 
1570 2014 
1570 2741 
1570 1541 
1570 1272 
1570 2246 
1570 391 
1570 282 
1570 3239 
1570 4338 
1570 981 
1570 2379 
1570 381 
1570 2890 
1570 2238 
512 1570 
1570 1993 
1570 1403 
1570 3042 
1570 2323 
1570 3293 
4480 1570 
1570 3128 
1570 1950 
1570 4132 
1570 1593 
1570 1516 
1570 2022 
1570 1835 
1570 1986 
1570 158 
1570 919 
1570 2378 
1570 3230 
1570 3516 
1570 3482 
1570 3000 
1570 1770 
1570 3267 
721 1570 
4459 639 
834 639 
1998 639 
890 639 
2763 639 
2210 639 
1515 639 
639 2911 
2300 639 
141 639 
1442 639 
2382 639 
2611 639 
1372 639 
2928 639 
3745 639 
698 639 
2000 639 
75 639 
2745 639 
3225 639 
4231 639 
1324 639 
2007 639 
639 1183 
4353 639 
3426 639 
349 639 
639 4351 
1843 639 
3946 639 
2365 639 
639 2783 
4277 639 
456 639 
2014 639 
2741 639 
1541 639 
1272 639 
2246 639 
391 639 
282 639 
3239 639 
4338 639 
981 639 
2379 639 
381 639 
2890 639 
2238 639 
512 639 
1993 639 
1403 639 
3042 639 
2323 639 
3293 639 
4480 639 
3128 639 
1950 639 
4132 639 
1593 639 
1516 639 
2022 639 
1835 639 
1986 639 
158 639 
919 639 
2378 639 
3230 639 
3516 639 
3482 639 
3000 639 
1770 639 
3267 639 
721 639 
834 4459 
4459 1998 
890 4459 
4459 2763 
2210 4459 
4459 1515 
4459 2911 
4459 2300 
4459 141 
1442 4459 
4459 2382 
2611 4459 
4459 1372 
2928 4459 
3745 4459 
698 4459 
2000 4459 
4459 75 
2745 4459 
3225 4459 
4231 4459 
4459 1324 
2007 4459 
4459 1183 
4353 4459 
3426 4459 
4459 349 
4459 4351 
1843 4459 
3946 4459 
4459 2365 
4459 2783 
4277 4459 
456 4459 
4459 2014 
2741 4459 
1541 4459 
1272 4459 
2246 4459 
391 4459 
282 4459 
3239 4459 
4338 4459 
981 4459 
4459 2379 
4459 381 
2890 4459 
4459 2238 
512 4459 
1993 4459 
4459 1403 
3042 4459 
2323 4459 
4459 3293 
4480 4459 
3128 4459 
4459 1950 
4132 4459 
1593 4459 
4459 1516 
2022 4459 
4459 1835 
1986 4459 
4459 158 
919 4459 
2378 4459 
4459 3230 
4459 3516 
3482 4459 
3000 4459 
1770 4459 
3267 4459 
721 4459 
834 1998 
834 890 
834 2763 
834 2210 
834 1515 
834 2911 
834 2300 
834 141 
834 1442 
834 2382 
834 2611 
834 1372 
2928 834 
3745 834 
834 698 
2000 834 
834 75 
834 2745 
834 3225 
834 4231 
834 1324 
834 2007 
834 1183 
4353 834 
834 3426 
834 349 
834 4351 
834 1843 
834 3946 
834 2365 
834 2783 
834 4277 
834 456 
834 2014 
834 2741 
834 1541 
834 1272 
834 2246 
834 391 
834 282 
834 3239 
834 4338 
834 981 
834 2379 
834 381 
834 2890 
834 2238 
512 834 
834 1993 
834 1403 
834 3042 
834 2323 
834 3293 
4480 834 
834 3128 
834 1950 
834 4132 
834 1593 
834 1516 
834 2022 
834 1835 
834 1986 
834 158 
834 919 
834 2378 
834 3230 
834 3516 
834 3482 
834 3000 
834 1770 
834 3267 
721 834 
890 1998 
2763 1998 
2210 1998 
1515 1998 
1998 2911 
2300 1998 
141 1998 
1442 1998 
1998 2382 
2611 1998 
1372 1998 
2928 1998 
3745 1998 
698 1998 
2000 1998 
75 1998 
2745 1998 
3225 1998 
4231 1998 
1324 1998 
2007 1998 
1998 1183 
4353 1998 
3426 1998 
349 1998 
1998 4351 
1843 1998 
3946 1998 
2365 1998 
1998 2783 
4277 1998 
456 1998 
1998 2014 
2741 1998 
1541 1998 
1272 1998 
2246 1998 
391 1998 
282 1998 
3239 1998 
4338 1998 
981 1998 
2379 1998 
381 1998 
2890 1998 
1998 2238 
512 1998 
1993 1998 
1403 1998 
3042 1998 
2323 1998 
3293 1998 
4480 1998 
3128 1998 
1998 1950 
4132 1998 
1593 1998 
1516 1998 
2022 1998 
1835 1998 
1986 1998 
1998 158 
919 1998 
2378 1998 
1998 3230 
3516 1998 
3482 1998 
3000 1998 
1770 1998 
3267 1998 
721 1998 
890 2763 
2210 890 
890 1515 
890 2911 
890 2300 
890 141 
1442 890 
890 2382 
2611 890 
890 1372 
2928 890 
3745 890 
890 698 
2000 890 
890 75 
2745 890 
3225 890 
4231 890 
890 1324 
2007 890 
890 1183 
4353 890 
3426 890 
890 349 
890 4351 
1843 890 
890 3946 
890 2365 
890 2783 
4277 890 
456 890 
890 2014 
2741 890 
1541 890 
1272 890 
2246 890 
391 890 
890 282 
3239 890 
4338 890 
981 890 
890 2379 
890 381 
890 2890 
890 2238 
512 890 
1993 890 
890 1403 
3042 890 
2323 890 
890 3293 
4480 890 
3128 890 
890 1950 
4132 890 
1593 890 
890 1516 
2022 890 
890 1835 
1986 890 
890 158 
919 890 
890 2378 
890 3230 
890 3516 
890 3482 
3000 890 
890 1770 
3267 890 
721 890 
2210 2763 
2763 1515 
2763 2911 
2763 2300 
2763 141 
1442 2763 
2763 2382 
2611 2763 
2763 1372 
2928 2763 
3745 2763 
698 2763 
2000 2763 
2763 75 
2745 2763 
3225 2763 
4231 2763 
2763 1324 
2007 2763 
2763 1183 
4353 2763 
3426 2763 
2763 349 
2763 4351 
1843 2763 
3946 2763 
2763 2365 
2763 2783 
4277 2763 
456 2763 
2763 2014 
2741 2763 
1541 2763 
1272 2763 
2246 2763 
391 2763 
282 2763 
3239 2763 
4338 2763 
981 2763 
2763 2379 
2763 381 
2890 2763 
2763 2238 
512 2763 
1993 2763 
2763 1403 
3042 2763 
2323 2763 
2763 3293 
4480 2763 
3128 2763 
2763 1950 
4132 2763 
1593 2763 
2763 1516 
2022 2763 
2763 1835 
1986 2763 
2763 158 
919 2763 
2378 2763 
2763 3230 
2763 3516 
3482 2763 
3000 2763 
1770 2763 
3267 2763 
721 2763 
2210 1515 
2210 2911 
2210 2300 
2210 141 
2210 1442 
2210 2382 
2210 2611 
2210 1372 
2928 2210 
3745 2210 
2210 698 
2000 2210 
2210 75 
2210 2745 
2210 3225 
2210 4231 
2210 1324 
2210 2007 
2210 1183 
4353 2210 
2210 3426 
2210 349 
2210 4351 
2210 1843 
2210 3946 
2210 2365 
2210 2783 
2210 4277 
2210 456 
2210 2014 
2210 2741 
2210 1541 
2210 1272 
2210 2246 
2210 391 
2210 282 
2210 3239 
2210 4338 
2210 981 
2210 2379 
2210 381 
2210 2890 
2210 2238 
512 2210 
2210 1993 
2210 1403 
2210 3042 
2210 2323 
2210 3293 
4480 2210 
2210 3128 
2210 1950 
2210 4132 
2210 1593 
2210 1516 
2210 2022 
2210 1835 
2210 1986 
2210 158 
2210 919 
2210 2378 
2210 3230 
2210 3516 
2210 3482 
2210 3000 
2210 1770 
2210 3267 
721 2210 
1515 2911 
1515 2300 
1515 141 
1442 1515 
1515 2382 
2611 1515 
1515 1372 
2928 1515 
3745 1515 
698 1515 
2000 1515 
1515 75 
2745 1515 
3225 1515 
4231 1515 
1515 1324 
2007 1515 
1515 1183 
4353 1515 
3426 1515 
1515 349 
1515 4351 
1843 1515 
3946 1515 
1515 2365 
1515 2783 
4277 1515 
456 1515 
1515 2014 
2741 1515 
1541 1515 
1272 1515 
2246 1515 
391 1515 
282 1515 
3239 1515 
4338 1515 
981 1515 
1515 2379 
1515 381 
2890 1515 
1515 2238 
512 1515 
1993 1515 
1515 1403 
3042 1515 
2323 1515 
1515 3293 
4480 1515 
3128 1515 
1515 1950 
4132 1515 
1593 1515 
1515 1516 
2022 1515 
1515 1835 
1986 1515 
1515 158 
919 1515 
2378 1515 
1515 3230 
1515 3516 
3482 1515 
3000 1515 
1770 1515 
3267 1515 
721 1515 
2300 2911 
141 2911 
1442 2911 
2382 2911 
2611 2911 
1372 2911 
2928 2911 
3745 2911 
698 2911 
2000 2911 
75 2911 
2745 2911 
3225 2911 
4231 2911 
1324 2911 
2007 2911 
2911 1183 
4353 2911 
3426 2911 
349 2911 
2911 4351 
1843 2911 
3946 2911 
2365 2911 
2911 2783 
4277 2911 
456 2911 
2014 2911 
2741 2911 
1541 2911 
1272 2911 
2246 2911 
391 2911 
282 2911 
3239 2911 
4338 2911 
981 2911 
2379 2911 
381 2911 
2890 2911 
2238 2911 
512 2911 
1993 2911 
1403 2911 
3042 2911 
2323 2911 
3293 2911 
4480 2911 
3128 2911 
1950 2911 
4132 2911 
1593 2911 
1516 2911 
2022 2911 
1835 2911 
1986 2911 
158 2911 
919 2911 
2378 2911 
3230 2911 
3516 2911 
3482 2911 
3000 2911 
1770 2911 
3267 2911 
721 2911 
2300 141 
1442 2300 
2300 2382 
2611 2300 
2300 1372 
2928 2300 
3745 2300 
698 2300 
2000 2300 
75 2300 
2745 2300 
3225 2300 
4231 2300 
2300 1324 
2007 2300 
2300 1183 
4353 2300 
3426 2300 
2300 349 
2300 4351 
1843 2300 
3946 2300 
2300 2365 
2300 2783 
4277 2300 
456 2300 
2300 2014 
2741 2300 
1541 2300 
1272 2300 
2246 2300 
391 2300 
282 2300 
3239 2300 
4338 2300 
981 2300 
2379 2300 
2300 381 
2890 2300 
2300 2238 
512 2300 
1993 2300 
1403 2300 
3042 2300 
2323 2300 
2300 3293 
4480 2300 
3128 2300 
2300 1950 
4132 2300 
1593 2300 
2300 1516 
2022 2300 
1835 2300 
1986 2300 
2300 158 
919 2300 
2378 2300 
2300 3230 
2300 3516 
3482 2300 
3000 2300 
1770 2300 
3267 2300 
721 2300 
1442 141 
141 2382 
2611 141 
1372 141 
2928 141 
3745 141 
698 141 
2000 141 
75 141 
2745 141 
3225 141 
4231 141 
1324 141 
2007 141 
141 1183 
4353 141 
3426 141 
141 349 
141 4351 
1843 141 
3946 141 
141 2365 
141 2783 
4277 141 
456 141 
141 2014 
2741 141 
1541 141 
1272 141 
2246 141 
391 141 
282 141 
3239 141 
4338 141 
981 141 
2379 141 
141 381 
2890 141 
141 2238 
512 141 
1993 141 
1403 141 
3042 141 
2323 141 
141 3293 
4480 141 
3128 141 
141 1950 
4132 141 
1593 141 
1516 141 
2022 141 
1835 141 
1986 141 
141 158 
919 141 
2378 141 
141 3230 
3516 141 
3482 141 
3000 141 
1770 141 
3267 141 
721 141 
1442 2382 
1442 2611 
1442 1372 
2928 1442 
3745 1442 
1442 698 
2000 1442 
1442 75 
1442 2745 
1442 3225 
1442 4231 
1442 1324 
1442 2007 
1442 1183 
4353 1442 
1442 3426 
1442 349 
1442 4351 
1442 1843 
1442 3946 
1442 2365 
1442 2783 
1442 4277 
1442 456 
1442 2014 
1442 2741 
1442 1541 
1442 1272 
1442 2246 
1442 391 
1442 282 
1442 3239 
1442 4338 
1442 981 
1442 2379 
1442 381 
1442 2890 
1442 2238 
512 1442 
1442 1993 
1442 1403 
1442 3042 
1442 2323 
1442 3293 
4480 1442 
1442 3128 
1442 1950 
1442 4132 
1442 1593 
1442 1516 
1442 2022 
1442 1835 
1442 1986 
1442 158 
1442 919 
1442 2378 
1442 3230 
1442 3516 
1442 3482 
1442 3000 
1442 1770 
1442 3267 
721 1442 
2611 2382 
1372 2382 
2928 2382 
3745 2382 
698 2382 
2000 2382 
75 2382 
2745 2382 
3225 2382 
4231 2382 
1324 2382 
2007 2382 
2382 1183 
4353 2382 
3426 2382 
349 2382 
2382 4351 
1843 2382 
3946 2382 
2365 2382 
2382 2783 
4277 2382 
456 2382 
2382 2014 
2741 2382 
1541 2382 
1272 2382 
2246 2382 
391 2382 
282 2382 
3239 2382 
4338 2382 
981 2382 
2379 2382 
381 2382 
2890 2382 
2382 2238 
512 2382 
1993 2382 
1403 2382 
3042 2382 
2323 2382 
3293 2382 
4480 2382 
3128 2382 
2382 1950 
4132 2382 
1593 2382 
1516 2382 
2022 2382 
1835 2382 
1986 2382 
2382 158 
919 2382 
2378 2382 
2382 3230 
3516 2382 
3482 2382 
3000 2382 
1770 2382 
3267 2382 
721 2382 
2611 1372 
2928 2611 
3745 2611 
2611 698 
2000 2611 
2611 75 
2611 2745 
2611 3225 
2611 4231 
2611 1324 
2611 2007 
2611 1183 
4353 2611 
3426 2611 
2611 349 
2611 4351 
2611 1843 
2611 3946 
2611 2365 
2611 2783 
2611 4277 
2611 456 
2611 2014 
2611 2741 
2611 1541 
2611 1272 
2611 2246 
2611 391 
2611 282 
2611 3239 
4338 2611 
2611 981 
2611 2379 
2611 381 
2611 2890 
2611 2238 
512 2611 
2611 1993 
2611 1403 
3042 2611 
2611 2323 
2611 3293 
4480 2611 
2611 3128 
2611 1950 
2611 4132 
2611 1593 
2611 1516 
2611 2022 
2611 1835 
1986 2611 
2611 158 
2611 919 
2611 2378 
2611 3230 
2611 3516 
2611 3482 
2611 3000 
2611 1770 
2611 3267 
721 2611 
2928 1372 
3745 1372 
698 1372 
2000 1372 
75 1372 
2745 1372 
3225 1372 
4231 1372 
1372 1324 
2007 1372 
1372 1183 
4353 1372 
3426 1372 
1372 349 
1372 4351 
1843 1372 
3946 1372 
1372 2365 
1372 2783 
4277 1372 
456 1372 
1372 2014 
2741 1372 
1541 1372 
1272 1372 
2246 1372 
391 1372 
282 1372 
3239 1372 
4338 1372 
981 1372 
2379 1372 
1372 381 
2890 1372 
1372 2238 
512 1372 
1993 1372 
1403 1372 
3042 1372 
2323 1372 
1372 3293 
4480 1372 
3128 1372 
1372 1950 
4132 1372 
1593 1372 
1372 1516 
2022 1372 
1835 1372 
1986 1372 
1372 158 
919 1372 
2378 1372 
1372 3230 
1372 3516 
3482 1372 
3000 1372 
1770 1372 
3267 1372 
721 1372 
2928 3745 
2928 698 
2928 2000 
2928 75 
2928 2745 
2928 3225 
2928 4231 
2928 1324 
2928 2007 
2928 1183 
2928 4353 
2928 3426 
2928 349 
2928 4351 
2928 1843 
2928 3946 
2928 2365 
2928 2783 
2928 4277 
2928 456 
2928 2014 
2928 2741 
2928 1541 
2928 1272 
2928 2246 
2928 391 
2928 282 
2928 3239 
2928 4338 
2928 981 
2928 2379 
2928 381 
2928 2890 
2928 2238 
2928 512 
2928 1993 
2928 1403 
2928 3042 
2928 2323 
2928 3293 
2928 4480 
2928 3128 
2928 1950 
2928 4132 
2928 1593 
2928 1516 
2928 2022 
2928 1835 
2928 1986 
2928 158 
2928 919 
2928 2378 
2928 3230 
2928 3516 
2928 3482 
2928 3000 
2928 1770 
2928 3267 
2928 721 
3745 698 
2000 3745 
3745 75 
3745 2745 
3745 3225 
3745 4231 
3745 1324 
3745 2007 
3745 1183 
3745 4353 
3745 3426 
3745 349 
3745 4351 
3745 1843 
3745 3946 
3745 2365 
3745 2783 
3745 4277 
3745 456 
3745 2014 
3745 2741 
3745 1541 
3745 1272 
3745 2246 
3745 391 
3745 282 
3745 3239 
3745 4338 
3745 981 
3745 2379 
3745 381 
3745 2890 
3745 2238 
512 3745 
3745 1993 
3745 1403 
3745 3042 
3745 2323 
3745 3293 
4480 3745 
3745 3128 
3745 1950 
3745 4132 
3745 1593 
3745 1516 
3745 2022 
3745 1835 
3745 1986 
3745 158 
3745 919 
3745 2378 
3745 3230 
3745 3516 
3745 3482 
3745 3000 
3745 1770 
3745 3267 
3745 721 
2000 698 
698 75 
2745 698 
3225 698 
4231 698 
698 1324 
2007 698 
698 1183 
4353 698 
3426 698 
698 349 
698 4351 
1843 698 
698 3946 
698 2365 
698 2783 
4277 698 
456 698 
698 2014 
2741 698 
1541 698 
1272 698 
2246 698 
391 698 
698 282 
3239 698 
4338 698 
981 698 
698 2379 
698 381 
698 2890 
698 2238 
512 698 
1993 698 
698 1403 
3042 698 
2323 698 
698 3293 
4480 698 
3128 698 
698 1950 
4132 698 
1593 698 
698 1516 
2022 698 
698 1835 
1986 698 
698 158 
919 698 
698 2378 
698 3230 
698 3516 
698 3482 
3000 698 
698 1770 
3267 698 
721 698 
2000 75 
2000 2745 
2000 3225 
2000 4231 
2000 1324 
2000 2007 
2000 1183 
2000 4353 
2000 3426 
2000 349 
2000 4351 
2000 1843 
2000 3946 
2000 2365 
2000 2783 
2000 4277 
2000 456 
2000 2014 
2000 2741 
2000 1541 
2000 1272 
2000 2246 
2000 391 
2000 282 
2000 3239 
2000 4338 
2000 981 
2000 2379 
2000 381 
2000 2890 
2000 2238 
2000 512 
2000 1993 
2000 1403 
2000 3042 
2000 2323 
2000 3293 
2000 4480 
2000 3128 
2000 1950 
2000 4132 
2000 1593 
2000 1516 
2000 2022 
2000 1835 
2000 1986 
2000 158 
2000 919 
2000 2378 
2000 3230 
2000 3516 
2000 3482 
2000 3000 
2000 1770 
2000 3267 
2000 721 
2745 75 
3225 75 
4231 75 
75 1324 
2007 75 
75 1183 
4353 75 
3426 75 
75 349 
75 4351 
1843 75 
3946 75 
75 2365 
75 2783 
4277 75 
456 75 
75 2014 
2741 75 
1541 75 
1272 75 
2246 75 
391 75 
282 75 
3239 75 
4338 75 
981 75 
75 2379 
75 381 
2890 75 
75 2238 
512 75 
1993 75 
75 1403 
3042 75 
2323 75 
75 3293 
4480 75 
3128 75 
75 1950 
4132 75 
1593 75 
75 1516 
2022 75 
75 1835 
1986 75 
75 158 
919 75 
2378 75 
75 3230 
75 3516 
3482 75 
3000 75 
1770 75 
3267 75 
721 75 
2745 3225 
4231 2745 
2745 1324 
2007 2745 
2745 1183 
4353 2745 
3426 2745 
2745 349 
2745 4351 
1843 2745 
2745 3946 
2745 2365 
2745 2783 
4277 2745 
456 2745 
2745 2014 
2741 2745 
1541 2745 
1272 2745 
2246 2745 
391 2745 
2745 282 
3239 2745 
4338 2745 
981 2745 
2745 2379 
2745 381 
2745 2890 
2745 2238 
512 2745 
2745 1993 
2745 1403 
3042 2745 
2323 2745 
2745 3293 
4480 2745 
3128 2745 
2745 1950 
4132 2745 
2745 1593 
2745 1516 
2022 2745 
2745 1835 
1986 2745 
2745 158 
919 2745 
2745 2378 
2745 3230 
2745 3516 
2745 3482 
3000 2745 
2745 1770 
3267 2745 
721 2745 
4231 3225 
3225 1324 
2007 3225 
3225 1183 
4353 3225 
3426 3225 
3225 349 
3225 4351 
1843 3225 
3225 3946 
3225 2365 
3225 2783 
4277 3225 
456 3225 
3225 2014 
2741 3225 
1541 3225 
1272 3225 
2246 3225 
391 3225 
3225 282 
3239 3225 
4338 3225 
981 3225 
3225 2379 
3225 381 
3225 2890 
3225 2238 
512 3225 
3225 1993 
3225 1403 
3042 3225 
2323 3225 
3225 3293 
4480 3225 
3128 3225 
3225 1950 
4132 3225 
3225 1593 
3225 1516 
2022 3225 
3225 1835 
1986 3225 
3225 158 
919 3225 
3225 2378 
3225 3230 
3225 3516 
3225 3482 
3000 3225 
3225 1770 
3267 3225 
721 3225 
4231 1324 
4231 2007 
4231 1183 
4353 4231 
3426 4231 
4231 349 
4231 4351 
1843 4231 
4231 3946 
4231 2365 
4231 2783 
4277 4231 
4231 456 
4231 2014 
2741 4231 
1541 4231 
4231 1272 
2246 4231 
4231 391 
4231 282 
4231 3239 
4338 4231 
981 4231 
4231 2379 
4231 381 
4231 2890 
4231 2238 
512 4231 
4231 1993 
4231 1403 
3042 4231 
2323 4231 
4231 3293 
4480 4231 
4231 3128 
4231 1950 
4132 4231 
4231 1593 
4231 1516 
2022 4231 
4231 1835 
1986 4231 
4231 158 
4231 919 
4231 2378 
4231 3230 
4231 3516 
4231 3482 
4231 3000 
4231 1770 
3267 4231 
721 4231 
2007 1324 
1324 1183 
4353 1324 
3426 1324 
1324 349 
1324 4351 
1843 1324 
3946 1324 
1324 2365 
1324 2783 
4277 1324 
456 1324 
1324 2014 
2741 1324 
1541 1324 
1272 1324 
2246 1324 
391 1324 
282 1324 
3239 1324 
4338 1324 
981 1324 
2379 1324 
1324 381 
2890 1324 
1324 2238 
512 1324 
1993 1324 
1403 1324 
3042 1324 
2323 1324 
1324 3293 
4480 1324 
3128 1324 
1324 1950 
4132 1324 
1593 1324 
1324 1516 
2022 1324 
1835 1324 
1986 1324 
1324 158 
919 1324 
2378 1324 
1324 3230 
1324 3516 
3482 1324 
3000 1324 
1770 1324 
3267 1324 
721 1324 
2007 1183 
4353 2007 
3426 2007 
2007 349 
2007 4351 
1843 2007 
2007 3946 
2007 2365 
2007 2783 
4277 2007 
2007 456 
2007 2014 
2741 2007 
1541 2007 
2007 1272 
2246 2007 
2007 391 
2007 282 
2007 3239 
4338 2007 
981 2007 
2007 2379 
2007 381 
2007 2890 
2007 2238 
512 2007 
2007 1993 
2007 1403 
3042 2007 
2323 2007 
2007 3293 
4480 2007 
2007 3128 
2007 1950 
4132 2007 
2007 1593 
2007 1516 
2022 2007 
2007 1835 
1986 2007 
2007 158 
2007 919 
2007 2378 
2007 3230 
2007 3516 
2007 3482 
2007 3000 
2007 1770 
3267 2007 
721 2007 
4353 1183 
3426 1183 
349 1183 
1183 4351 
1843 1183 
3946 1183 
2365 1183 
1183 2783 
4277 1183 
456 1183 
2014 1183 
2741 1183 
1541 1183 
1272 1183 
2246 1183 
391 1183 
282 1183 
3239 1183 
4338 1183 
981 1183 
2379 1183 
381 1183 
2890 1183 
2238 1183 
512 1183 
1993 1183 
1403 1183 
3042 1183 
2323 1183 
3293 1183 
4480 1183 
3128 1183 
1950 1183 
4132 1183 
1593 1183 
1516 1183 
2022 1183 
1835 1183 
1986 1183 
158 1183 
919 1183 
2378 1183 
3230 1183 
3516 1183 
3482 1183 
3000 1183 
1770 1183 
3267 1183 
721 1183 
4353 3426 
4353 349 
4353 4351 
4353 1843 
4353 3946 
4353 2365 
4353 2783 
4353 4277 
4353 456 
4353 2014 
4353 2741 
4353 1541 
4353 1272 
4353 2246 
4353 391 
4353 282 
4353 3239 
4353 4338 
4353 981 
4353 2379 
4353 381 
4353 2890 
4353 2238 
512 4353 
4353 1993 
4353 1403 
4353 3042 
4353 2323 
4353 3293 
4480 4353 
4353 3128 
4353 1950 
4353 4132 
4353 1593 
4353 1516 
4353 2022 
4353 1835 
4353 1986 
4353 158 
4353 919 
4353 2378 
4353 3230 
4353 3516 
4353 3482 
4353 3000 
4353 1770 
4353 3267 
4353 721 
3426 349 
3426 4351 
3426 1843 
3426 3946 
3426 2365 
3426 2783 
3426 4277 
3426 456 
3426 2014 
3426 2741 
3426 1541 
3426 1272 
3426 2246 
3426 391 
3426 282 
3426 3239 
3426 4338 
3426 981 
3426 2379 
3426 381 
3426 2890 
3426 2238 
512 3426 
3426 1993 
3426 1403 
3426 3042 
3426 2323 
3426 3293 
4480 3426 
3426 3128 
3426 1950 
3426 4132 
3426 1593 
3426 1516 
3426 2022 
3426 1835 
3426 1986 
3426 158 
3426 919 
3426 2378 
3426 3230 
3426 3516 
3426 3482 
3426 3000 
3426 1770 
3426 3267 
721 3426 
349 4351 
1843 349 
3946 349 
349 2365 
349 2783 
4277 349 
456 349 
349 2014 
2741 349 
1541 349 
1272 349 
2246 349 
391 349 
282 349 
3239 349 
4338 349 
981 349 
2379 349 
349 381 
2890 349 
349 2238 
512 349 
1993 349 
1403 349 
3042 349 
2323 349 
349 3293 
4480 349 
3128 349 
349 1950 
4132 349 
1593 349 
1516 349 
2022 349 
1835 349 
1986 349 
349 158 
919 349 
2378 349 
349 3230 
3516 349 
3482 349 
3000 349 
1770 349 
3267 349 
721 349 
1843 4351 
3946 4351 
2365 4351 
4351 2783 
4277 4351 
456 4351 
2014 4351 
2741 4351 
1541 4351 
1272 4351 
2246 4351 
391 4351 
282 4351 
3239 4351 
4338 4351 
981 4351 
2379 4351 
381 4351 
2890 4351 
2238 4351 
512 4351 
1993 4351 
1403 4351 
3042 4351 
2323 4351 
3293 4351 
4480 4351 
3128 4351 
1950 4351 
4132 4351 
1593 4351 
1516 4351 
2022 4351 
1835 4351 
1986 4351 
158 4351 
919 4351 
2378 4351 
3230 4351 
3516 4351 
3482 4351 
3000 4351 
1770 4351 
3267 4351 
721 4351 
1843 3946 
1843 2365 
1843 2783 
1843 4277 
1843 456 
1843 2014 
1843 2741 
1843 1541 
1843 1272 
1843 2246 
1843 391 
1843 282 
1843 3239 
4338 1843 
1843 981 
1843 2379 
1843 381 
1843 2890 
1843 2238 
512 1843 
1843 1993 
1843 1403 
3042 1843 
1843 2323 
1843 3293 
4480 1843 
1843 3128 
1843 1950 
1843 4132 
1843 1593 
1843 1516 
1843 2022 
1843 1835 
1986 1843 
1843 158 
1843 919 
1843 2378 
1843 3230 
1843 3516 
1843 3482 
1843 3000 
1843 1770 
1843 3267 
721 1843 
3946 2365 
3946 2783 
4277 3946 
456 3946 
3946 2014 
2741 3946 
1541 3946 
1272 3946 
2246 3946 
391 3946 
3946 282 
3239 3946 
4338 3946 
981 3946 
3946 2379 
3946 381 
3946 2890 
3946 2238 
512 3946 
1993 3946 
3946 1403 
3042 3946 
2323 3946 
3946 3293 
4480 3946 
3128 3946 
3946 1950 
4132 3946 
1593 3946 
3946 1516 
2022 3946 
3946 1835 
1986 3946 
3946 158 
919 3946 
3946 2378 
3946 3230 
3946 3516 
3946 3482 
3000 3946 
3946 1770 
3267 3946 
721 3946 
2365 2783 
4277 2365 
456 2365 
2365 2014 
2741 2365 
1541 2365 
1272 2365 
2246 2365 
391 2365 
282 2365 
3239 2365 
4338 2365 
981 2365 
2379 2365 
2365 381 
2890 2365 
2365 2238 
512 2365 
1993 2365 
1403 2365 
3042 2365 
2323 2365 
2365 3293 
4480 2365 
3128 2365 
2365 1950 
4132 2365 
1593 2365 
1516 2365 
2022 2365 
1835 2365 
1986 2365 
2365 158 
919 2365 
2378 2365 
2365 3230 
3516 2365 
3482 2365 
3000 2365 
1770 2365 
3267 2365 
721 2365 
4277 2783 
456 2783 
2014 2783 
2741 2783 
1541 2783 
1272 2783 
2246 2783 
391 2783 
282 2783 
3239 2783 
4338 2783 
981 2783 
2379 2783 
381 2783 
2890 2783 
2238 2783 
512 2783 
1993 2783 
1403 2783 
3042 2783 
2323 2783 
3293 2783 
4480 2783 
3128 2783 
1950 2783 
4132 2783 
1593 2783 
1516 2783 
2022 2783 
1835 2783 
1986 2783 
158 2783 
919 2783 
2378 2783 
3230 2783 
3516 2783 
3482 2783 
3000 2783 
1770 2783 
3267 2783 
721 2783 
4277 456 
4277 2014 
4277 2741 
4277 1541 
4277 1272 
4277 2246 
4277 391 
4277 282 
4277 3239 
4338 4277 
4277 981 
4277 2379 
4277 381 
4277 2890 
4277 2238 
512 4277 
4277 1993 
4277 1403 
3042 4277 
2323 4277 
4277 3293 
4480 4277 
4277 3128 
4277 1950 
4132 4277 
4277 1593 
4277 1516 
4277 2022 
4277 1835 
1986 4277 
4277 158 
4277 919 
4277 2378 
4277 3230 
4277 3516 
4277 3482 
4277 3000 
4277 1770 
3267 4277 
721 4277 
456 2014 
2741 456 
1541 456 
456 1272 
2246 456 
391 456 
456 282 
3239 456 
4338 456 
981 456 
456 2379 
456 381 
456 2890 
456 2238 
512 456 
456 1993 
456 1403 
3042 456 
2323 456 
456 3293 
4480 456 
456 3128 
456 1950 
4132 456 
456 1593 
456 1516 
2022 456 
456 1835 
1986 456 
456 158 
919 456 
456 2378 
456 3230 
456 3516 
456 3482 
456 3000 
456 1770 
3267 456 
721 456 
2741 2014 
1541 2014 
1272 2014 
2246 2014 
391 2014 
282 2014 
3239 2014 
4338 2014 
981 2014 
2379 2014 
381 2014 
2890 2014 
2014 2238 
512 2014 
1993 2014 
1403 2014 
3042 2014 
2323 2014 
3293 2014 
4480 2014 
3128 2014 
2014 1950 
4132 2014 
1593 2014 
1516 2014 
2022 2014 
1835 2014 
1986 2014 
2014 158 
919 2014 
2378 2014 
2014 3230 
3516 2014 
3482 2014 
3000 2014 
1770 2014 
3267 2014 
721 2014 
2741 1541 
2741 1272 
2741 2246 
2741 391 
2741 282 
2741 3239 
4338 2741 
2741 981 
2741 2379 
2741 381 
2741 2890 
2741 2238 
512 2741 
2741 1993 
2741 1403 
3042 2741 
2323 2741 
2741 3293 
4480 2741 
2741 3128 
2741 1950 
4132 2741 
2741 1593 
2741 1516 
2741 2022 
2741 1835 
1986 2741 
2741 158 
2741 919 
2741 2378 
2741 3230 
2741 3516 
2741 3482 
2741 3000 
2741 1770 
3267 2741 
721 2741 
1541 1272 
1541 2246 
1541 391 
1541 282 
1541 3239 
4338 1541 
1541 981 
1541 2379 
1541 381 
1541 2890 
1541 2238 
512 1541 
1541 1993 
1541 1403 
3042 1541 
2323 1541 
1541 3293 
4480 1541 
1541 3128 
1541 1950 
4132 1541 
1541 1593 
1541 1516 
1541 2022 
1541 1835 
1986 1541 
1541 158 
1541 919 
1541 2378 
1541 3230 
1541 3516 
1541 3482 
1541 3000 
1541 1770 
3267 1541 
721 1541 
2246 1272 
391 1272 
1272 282 
3239 1272 
4338 1272 
981 1272 
1272 2379 
1272 381 
1272 2890 
1272 2238 
512 1272 
1272 1993 
1272 1403 
3042 1272 
2323 1272 
1272 3293 
4480 1272 
1272 3128 
1272 1950 
4132 1272 
1272 1593 
1272 1516 
2022 1272 
1272 1835 
1986 1272 
1272 158 
919 1272 
1272 2378 
1272 3230 
1272 3516 
1272 3482 
1272 3000 
1272 1770 
3267 1272 
721 1272 
2246 391 
2246 282 
2246 3239 
4338 2246 
981 2246 
2246 2379 
2246 381 
2246 2890 
2246 2238 
512 2246 
2246 1993 
2246 1403 
3042 2246 
2323 2246 
2246 3293 
4480 2246 
2246 3128 
2246 1950 
4132 2246 
2246 1593 
2246 1516 
2246 2022 
2246 1835 
1986 2246 
2246 158 
2246 919 
2246 2378 
2246 3230 
2246 3516 
2246 3482 
2246 3000 
2246 1770 
3267 2246 
721 2246 
391 282 
391 3239 
4338 391 
981 391 
391 2379 
391 381 
391 2890 
391 2238 
512 391 
391 1993 
391 1403 
3042 391 
2323 391 
391 3293 
4480 391 
391 3128 
391 1950 
4132 391 
391 1593 
391 1516 
2022 391 
391 1835 
1986 391 
391 158 
391 919 
391 2378 
391 3230 
391 3516 
391 3482 
391 3000 
391 1770 
3267 391 
721 391 
3239 282 
4338 282 
981 282 
282 2379 
282 381 
282 2890 
282 2238 
512 282 
1993 282 
282 1403 
3042 282 
2323 282 
282 3293 
4480 282 
3128 282 
282 1950 
4132 282 
1593 282 
282 1516 
2022 282 
282 1835 
1986 282 
282 158 
919 282 
282 2378 
282 3230 
282 3516 
282 3482 
3000 282 
282 1770 
3267 282 
721 282 
4338 3239 
981 3239 
3239 2379 
3239 381 
3239 2890 
3239 2238 
512 3239 
3239 1993 
3239 1403 
3042 3239 
2323 3239 
3239 3293 
4480 3239 
3239 3128 
3239 1950 
4132 3239 
3239 1593 
3239 1516 
2022 3239 
3239 1835 
1986 3239 
3239 158 
3239 919 
3239 2378 
3239 3230 
3239 3516 
3239 3482 
3239 3000 
3239 1770 
3267 3239 
721 3239 
4338 981 
4338 2379 
4338 381 
4338 2890 
4338 2238 
512 4338 
4338 1993 
4338 1403 
4338 3042 
4338 2323 
4338 3293 
4480 4338 
4338 3128 
4338 1950 
4338 4132 
4338 1593 
4338 1516 
4338 2022 
4338 1835 
4338 1986 
4338 158 
4338 919 
4338 2378 
4338 3230 
4338 3516 
4338 3482 
4338 3000 
4338 1770 
4338 3267 
721 4338 
981 2379 
981 381 
981 2890 
981 2238 
512 981 
981 1993 
981 1403 
3042 981 
2323 981 
981 3293 
4480 981 
981 3128 
981 1950 
4132 981 
981 1593 
981 1516 
981 2022 
981 1835 
1986 981 
981 158 
981 919 
981 2378 
981 3230 
981 3516 
981 3482 
981 3000 
981 1770 
3267 981 
721 981 
2379 381 
2890 2379 
2379 2238 
512 2379 
1993 2379 
2379 1403 
3042 2379 
2323 2379 
2379 3293 
4480 2379 
3128 2379 
2379 1950 
4132 2379 
1593 2379 
2379 1516 
2022 2379 
2379 1835 
1986 2379 
2379 158 
919 2379 
2378 2379 
2379 3230 
2379 3516 
3482 2379 
3000 2379 
1770 2379 
3267 2379 
721 2379 
2890 381 
381 2238 
512 381 
1993 381 
1403 381 
3042 381 
2323 381 
381 3293 
4480 381 
3128 381 
381 1950 
4132 381 
1593 381 
1516 381 
2022 381 
1835 381 
1986 381 
381 158 
919 381 
2378 381 
381 3230 
3516 381 
3482 381 
3000 381 
1770 381 
3267 381 
721 381 
2890 2238 
512 2890 
1993 2890 
2890 1403 
3042 2890 
2323 2890 
2890 3293 
4480 2890 
3128 2890 
2890 1950 
4132 2890 
1593 2890 
2890 1516 
2022 2890 
2890 1835 
1986 2890 
2890 158 
919 2890 
2890 2378 
2890 3230 
2890 3516 
2890 3482 
3000 2890 
2890 1770 
3267 2890 
721 2890 
512 2238 
1993 2238 
1403 2238 
3042 2238 
2323 2238 
3293 2238 
4480 2238 
3128 2238 
2238 1950 
4132 2238 
1593 2238 
1516 2238 
2022 2238 
1835 2238 
1986 2238 
2238 158 
919 2238 
2378 2238 
2238 3230 
3516 2238 
3482 2238 
3000 2238 
1770 2238 
3267 2238 
721 2238 
512 1993 
512 1403 
512 3042 
512 2323 
512 3293 
512 4480 
512 3128 
512 1950 
512 4132 
512 1593 
512 1516 
512 2022 
512 1835 
512 1986 
512 158 
512 919 
512 2378 
512 3230 
512 3516 
512 3482 
512 3000 
512 1770 
512 3267 
512 721 
1993 1403 
3042 1993 
2323 1993 
1993 3293 
4480 1993 
3128 1993 
1993 1950 
4132 1993 
1993 1593 
1993 1516 
2022 1993 
1993 1835 
1986 1993 
1993 158 
919 1993 
1993 2378 
1993 3230 
1993 3516 
1993 3482 
3000 1993 
1993 1770 
3267 1993 
721 1993 
3042 1403 
2323 1403 
1403 3293 
4480 1403 
3128 1403 
1403 1950 
4132 1403 
1593 1403 
1403 1516 
2022 1403 
1403 1835 
1986 1403 
1403 158 
919 1403 
2378 1403 
1403 3230 
1403 3516 
3482 1403 
3000 1403 
1770 1403 
3267 1403 
721 1403 
3042 2323 
3042 3293 
4480 3042 
3042 3128 
3042 1950 
3042 4132 
3042 1593 
3042 1516 
3042 2022 
3042 1835 
3042 1986 
3042 158 
3042 919 
3042 2378 
3042 3230 
3042 3516 
3042 3482 
3042 3000 
3042 1770 
3042 3267 
721 3042 
2323 3293 
4480 2323 
2323 3128 
2323 1950 
2323 4132 
2323 1593 
2323 1516 
2323 2022 
2323 1835 
1986 2323 
2323 158 
2323 919 
2323 2378 
2323 3230 
2323 3516 
2323 3482 
2323 3000 
2323 1770 
2323 3267 
721 2323 
4480 3293 
3128 3293 
3293 1950 
4132 3293 
1593 3293 
1516 3293 
2022 3293 
1835 3293 
1986 3293 
3293 158 
919 3293 
2378 3293 
3293 3230 
3516 3293 
3482 3293 
3000 3293 
1770 3293 
3267 3293 
721 3293 
4480 3128 
4480 1950 
4480 4132 
4480 1593 
4480 1516 
4480 2022 
4480 1835 
4480 1986 
4480 158 
4480 919 
4480 2378 
4480 3230 
4480 3516 
4480 3482 
4480 3000 
4480 1770 
4480 3267 
4480 721 
3128 1950 
4132 3128 
3128 1593 
3128 1516 
2022 3128 
3128 1835 
1986 3128 
3128 158 
919 3128 
3128 2378 
3128 3230 
3128 3516 
3128 3482 
3128 3000 
3128 1770 
3267 3128 
721 3128 
4132 1950 
1593 1950 
1516 1950 
2022 1950 
1835 1950 
1986 1950 
1950 158 
919 1950 
2378 1950 
1950 3230 
3516 1950 
3482 1950 
3000 1950 
1770 1950 
3267 1950 
721 1950 
4132 1593 
4132 1516 
4132 2022 
4132 1835 
1986 4132 
4132 158 
4132 919 
4132 2378 
4132 3230 
4132 3516 
4132 3482 
4132 3000 
4132 1770 
3267 4132 
721 4132 
1593 1516 
2022 1593 
1593 1835 
1986 1593 
1593 158 
919 1593 
1593 2378 
1593 3230 
1593 3516 
1593 3482 
3000 1593 
1593 1770 
3267 1593 
721 1593 
2022 1516 
1835 1516 
1986 1516 
1516 158 
919 1516 
2378 1516 
1516 3230 
1516 3516 
3482 1516 
3000 1516 
1770 1516 
3267 1516 
721 1516 
2022 1835 
1986 2022 
2022 158 
2022 919 
2022 2378 
2022 3230 
2022 3516 
2022 3482 
2022 3000 
2022 1770 
3267 2022 
721 2022 
1986 1835 
1835 158 
919 1835 
2378 1835 
1835 3230 
1835 3516 
3482 1835 
3000 1835 
1770 1835 
3267 1835 
721 1835 
1986 158 
1986 919 
1986 2378 
1986 3230 
1986 3516 
1986 3482 
1986 3000 
1986 1770 
1986 3267 
721 1986 
919 158 
2378 158 
158 3230 
3516 158 
3482 158 
3000 158 
1770 158 
3267 158 
721 158 
919 2378 
919 3230 
919 3516 
919 3482 
919 3000 
919 1770 
3267 919 
721 919 
2378 3230 
2378 3516 
2378 3482 
3000 2378 
2378 1770 
3267 2378 
721 2378 
3516 3230 
3482 3230 
3000 3230 
1770 3230 
3267 3230 
721 3230 
3482 3516 
3000 3516 
1770 3516 
3267 3516 
721 3516 
3000 3482 
3482 1770 
3267 3482 
721 3482 
3000 1770 
3267 3000 
721 3000 
3267 1770 
721 1770 
721 3267 
381 1998 2911 
1998 2238 2911 
1541 1998 2911 
512 1998 2911 
2210 1998 2911 
1593 1998 2911 
4132 1998 2911 
715 1998 2911 
456 1998 2911 
141 1998 2911 
1516 1998 2911 
1998 2911 4351 
2928 1998 2911 
1993 1998 2911 
1712 1998 2911 
3128 1998 2911 
2323 1998 2911 
4480 1998 2911 
1324 1998 2911 
3239 1998 2911 
381 2238 2911 
1541 381 2911 
512 381 2911 
2210 381 2911 
1593 381 2911 
4132 381 2911 
715 381 2911 
456 381 2911 
381 141 2911 
1516 381 2911 
381 2911 4351 
2928 381 2911 
1993 381 2911 
1712 381 2911 
3128 381 2911 
2323 381 2911 
4480 381 2911 
1324 381 2911 
3239 381 2911 
1541 2238 2911 
512 2238 2911 
2210 2238 2911 
1593 2238 2911 
4132 2238 2911 
715 2238 2911 
456 2238 2911 
141 2238 2911 
1516 2238 2911 
2238 2911 4351 
2928 2238 2911 
1993 2238 2911 
1712 2238 2911 
3128 2238 2911 
2323 2238 2911 
4480 2238 2911 
1324 2238 2911 
3239 2238 2911 
512 1541 2911 
2210 1541 2911 
1541 1593 2911 
4132 1541 2911 
1541 715 2911 
1541 456 2911 
1541 141 2911 
1541 1516 2911 
1541 2911 4351 
2928 1541 2911 
1541 1993 2911 
1712 1541 2911 
1541 3128 2911 
2323 1541 2911 
4480 1541 2911 
1541 1324 2911 
1541 3239 2911 
512 2210 2911 
512 1593 2911 
512 4132 2911 
512 715 2911 
512 456 2911 
512 141 2911 
512 1516 2911 
512 2911 4351 
512 2928 2911 
512 1993 2911 
512 1712 2911 
512 3128 2911 
512 2323 2911 
512 4480 2911 
512 1324 2911 
512 3239 2911 
2210 1593 2911 
2210 4132 2911 
2210 715 2911 
2210 456 2911 
2210 141 2911 
2210 1516 2911 
2210 2911 4351 
2928 2210 2911 
2210 1993 2911 
1712 2210 2911 
2210 3128 2911 
2210 2323 2911 
4480 2210 2911 
2210 1324 2911 
2210 3239 2911 
4132 1593 2911 
1593 715 2911 
456 1593 2911 
1593 141 2911 
1593 1516 2911 
1593 2911 4351 
2928 1593 2911 
1593 1993 2911 
1712 1593 2911 
3128 1593 2911 
2323 1593 2911 
4480 1593 2911 
1593 1324 2911 
3239 1593 2911 
4132 715 2911 
4132 456 2911 
4132 141 2911 
4132 1516 2911 
4132 2911 4351 
2928 4132 2911 
4132 1993 2911 
1712 4132 2911 
4132 3128 2911 
2323 4132 2911 
4480 4132 2911 
4132 1324 2911 
4132 3239 2911 
456 715 2911 
715 141 2911 
715 1516 2911 
715 2911 4351 
2928 715 2911 
1993 715 2911 
1712 715 2911 
3128 715 2911 
2323 715 2911 
4480 715 2911 
715 1324 2911 
3239 715 2911 
456 141 2911 
456 1516 2911 
456 2911 4351 
2928 456 2911 
456 1993 2911 
1712 456 2911 
456 3128 2911 
2323 456 2911 
4480 456 2911 
456 1324 2911 
3239 456 2911 
1516 141 2911 
141 2911 4351 
2928 141 2911 
1993 141 2911 
1712 141 2911 
3128 141 2911 
2323 141 2911 
4480 141 2911 
1324 141 2911 
3239 141 2911 
1516 2911 4351 
2928 1516 2911 
1993 1516 2911 
1712 1516 2911 
3128 1516 2911 
2323 1516 2911 
4480 1516 2911 
1516 1324 2911 
3239 1516 2911 
2928 2911 4351 
1993 2911 4351 
1712 2911 4351 
3128 2911 4351 
2323 2911 4351 
4480 2911 4351 
1324 2911 4351 
3239 2911 4351 
2928 1993 2911 
2928 1712 2911 
2928 3128 2911 
2928 2323 2911 
2928 4480 2911 
2928 1324 2911 
2928 3239 2911 
1712 1993 2911 
3128 1993 2911 
2323 1993 2911 
4480 1993 2911 
1993 1324 2911 
3239 1993 2911 
1712 3128 2911 
1712 2323 2911 
1712 4480 2911 
1712 1324 2911 
1712 3239 2911 
2323 3128 2911 
4480 3128 2911 
3128 1324 2911 
3239 3128 2911 
4480 2323 2911 
2323 1324 2911 
2323 3239 2911 
4480 1324 2911 
4480 3239 2911 
3239 1324 2911 
381 1998 2238 
1541 381 1998 
512 381 1998 
2210 381 1998 
1593 381 1998 
4132 381 1998 
715 381 1998 
456 381 1998 
381 141 1998 
1516 381 1998 
381 1998 4351 
2928 381 1998 
1993 381 1998 
1712 381 1998 
3128 381 1998 
2323 381 1998 
4480 381 1998 
1324 381 1998 
3239 381 1998 
1541 1998 2238 
512 1998 2238 
2210 1998 2238 
1593 1998 2238 
4132 1998 2238 
715 1998 2238 
456 1998 2238 
141 1998 2238 
1516 1998 2238 
1998 2238 4351 
2928 1998 2238 
1993 1998 2238 
1712 1998 2238 
3128 1998 2238 
2323 1998 2238 
4480 1998 2238 
1324 1998 2238 
3239 1998 2238 
512 1541 1998 
2210 1541 1998 
1541 1593 1998 
4132 1541 1998 
1541 715 1998 
1541 456 1998 
1541 141 1998 
1541 1516 1998 
1541 1998 4351 
2928 1541 1998 
1541 1993 1998 
1712 1541 1998 
1541 3128 1998 
2323 1541 1998 
4480 1541 1998 
1541 1324 1998 
1541 3239 1998 
512 2210 1998 
512 1593 1998 
512 4132 1998 
512 715 1998 
512 456 1998 
512 141 1998 
512 1516 1998 
512 1998 4351 
512 2928 1998 
512 1993 1998 
512 1712 1998 
512 3128 1998 
512 2323 1998 
512 4480 1998 
512 1324 1998 
512 3239 1998 
2210 1593 1998 
2210 4132 1998 
2210 715 1998 
2210 456 1998 
2210 141 1998 
2210 1516 1998 
2210 1998 4351 
2928 2210 1998 
2210 1993 1998 
1712 2210 1998 
2210 3128 1998 
2210 2323 1998 
4480 2210 1998 
2210 1324 1998 
2210 3239 1998 
4132 1593 1998 
1593 715 1998 
456 1593 1998 
1593 141 1998 
1593 1516 1998 
1593 1998 4351 
2928 1593 1998 
1593 1993 1998 
1712 1593 1998 
3128 1593 1998 
2323 1593 1998 
4480 1593 1998 
1593 1324 1998 
3239 1593 1998 
4132 715 1998 
4132 456 1998 
4132 141 1998 
4132 1516 1998 
4132 1998 4351 
2928 4132 1998 
4132 1993 1998 
1712 4132 1998 
4132 3128 1998 
2323 4132 1998 
4480 4132 1998 
4132 1324 1998 
4132 3239 1998 
456 715 1998 
715 141 1998 
715 1516 1998 
715 1998 4351 
2928 715 1998 
1993 715 1998 
1712 715 1998 
3128 715 1998 
2323 715 1998 
4480 715 1998 
715 1324 1998 
3239 715 1998 
456 141 1998 
456 1516 1998 
456 1998 4351 
2928 456 1998 
456 1993 1998 
1712 456 1998 
456 3128 1998 
2323 456 1998 
4480 456 1998 
456 1324 1998 
3239 456 1998 
1516 141 1998 
141 1998 4351 
2928 141 1998 
1993 141 1998 
1712 141 1998 
3128 141 1998 
2323 141 1998 
4480 141 1998 
1324 141 1998 
3239 141 1998 
1516 1998 4351 
2928 1516 1998 
1993 1516 1998 
1712 1516 1998 
3128 1516 1998 
2323 1516 1998 
4480 1516 1998 
1516 1324 1998 
3239 1516 1998 
2928 1998 4351 
1993 1998 4351 
1712 1998 4351 
3128 1998 4351 
2323 1998 4351 
4480 1998 4351 
1324 1998 4351 
3239 1998 4351 
2928 1993 1998 
2928 1712 1998 
2928 3128 1998 
2928 2323 1998 
2928 4480 1998 
2928 1324 1998 
2928 3239 1998 
1712 1993 1998 
3128 1993 1998 
2323 1993 1998 
4480 1993 1998 
1993 1324 1998 
3239 1993 1998 
1712 3128 1998 
1712 2323 1998 
1712 4480 1998 
1712 1324 1998 
1712 3239 1998 
2323 3128 1998 
4480 3128 1998 
3128 1324 1998 
3239 3128 1998 
4480 2323 1998 
2323 1324 1998 
2323 3239 1998 
4480 1324 1998 
4480 3239 1998 
3239 1324 1998 
1541 381 2238 
512 381 2238 
2210 381 2238 
1593 381 2238 
4132 381 2238 
715 381 2238 
456 381 2238 
381 141 2238 
1516 381 2238 
381 2238 4351 
2928 381 2238 
1993 381 2238 
1712 381 2238 
3128 381 2238 
2323 381 2238 
4480 381 2238 
1324 381 2238 
3239 381 2238 
512 1541 381 
2210 1541 381 
1541 1593 381 
4132 1541 381 
1541 715 381 
1541 456 381 
1541 381 141 
1541 1516 381 
1541 381 4351 
2928 1541 381 
1541 1993 381 
1712 1541 381 
1541 3128 381 
2323 1541 381 
4480 1541 381 
1541 1324 381 
1541 3239 381 
512 2210 381 
512 1593 381 
512 4132 381 
512 715 381 
512 456 381 
512 381 141 
512 1516 381 
512 381 4351 
512 2928 381 
512 1993 381 
512 1712 381 
512 3128 381 
512 2323 381 
512 4480 381 
512 1324 381 
512 3239 381 
2210 1593 381 
2210 4132 381 
2210 715 381 
2210 456 381 
2210 381 141 
2210 1516 381 
2210 381 4351 
2928 2210 381 
2210 1993 381 
1712 2210 381 
2210 3128 381 
2210 2323 381 
4480 2210 381 
2210 1324 381 
2210 3239 381 
4132 1593 381 
1593 715 381 
456 1593 381 
1593 381 141 
1593 1516 381 
1593 381 4351 
2928 1593 381 
1593 1993 381 
1712 1593 381 
3128 1593 381 
2323 1593 381 
4480 1593 381 
1593 1324 381 
3239 1593 381 
4132 715 381 
4132 456 381 
4132 381 141 
4132 1516 381 
4132 381 4351 
2928 4132 381 
4132 1993 381 
1712 4132 381 
4132 3128 381 
2323 4132 381 
4480 4132 381 
4132 1324 381 
4132 3239 381 
456 715 381 
715 381 141 
715 1516 381 
715 381 4351 
2928 715 381 
1993 715 381 
1712 715 381 
3128 715 381 
2323 715 381 
4480 715 381 
715 1324 381 
3239 715 381 
456 381 141 
456 1516 381 
456 381 4351 
2928 456 381 
456 1993 381 
1712 456 381 
456 3128 381 
2323 456 381 
4480 456 381 
456 1324 381 
3239 456 381 
1516 381 141 
381 141 4351 
2928 381 141 
1993 381 141 
1712 381 141 
3128 381 141 
2323 381 141 
4480 381 141 
1324 381 141 
3239 381 141 
1516 381 4351 
2928 1516 381 
1993 1516 381 
1712 1516 381 
3128 1516 381 
2323 1516 381 
4480 1516 381 
1516 1324 381 
3239 1516 381 
2928 381 4351 
1993 381 4351 
1712 381 4351 
3128 381 4351 
2323 381 4351 
4480 381 4351 
1324 381 4351 
3239 381 4351 
2928 1993 381 
2928 1712 381 
2928 3128 381 
2928 2323 381 
2928 4480 381 
2928 1324 381 
2928 3239 381 
1712 1993 381 
3128 1993 381 
2323 1993 381 
4480 1993 381 
1993 1324 381 
3239 1993 381 
1712 3128 381 
1712 2323 381 
1712 4480 381 
1712 1324 381 
1712 3239 381 
2323 3128 381 
4480 3128 381 
3128 1324 381 
3239 3128 381 
4480 2323 381 
2323 1324 381 
2323 3239 381 
4480 1324 381 
4480 3239 381 
3239 1324 381 
512 1541 2238 
2210 1541 2238 
1541 1593 2238 
4132 1541 2238 
1541 715 2238 
1541 456 2238 
1541 141 2238 
1541 1516 2238 
1541 2238 4351 
2928 1541 2238 
1541 1993 2238 
1712 1541 2238 
1541 3128 2238 
2323 1541 2238 
4480 1541 2238 
1541 1324 2238 
1541 3239 2238 
512 2210 2238 
512 1593 2238 
512 4132 2238 
512 715 2238 
512 456 2238 
512 141 2238 
512 1516 2238 
512 2238 4351 
512 2928 2238 
512 1993 2238 
512 1712 2238 
512 3128 2238 
512 2323 2238 
512 4480 2238 
512 1324 2238 
512 3239 2238 
2210 1593 2238 
2210 4132 2238 
2210 715 2238 
2210 456 2238 
2210 141 2238 
2210 1516 2238 
2210 2238 4351 
2928 2210 2238 
2210 1993 2238 
1712 2210 2238 
2210 3128 2238 
2210 2323 2238 
4480 2210 2238 
2210 1324 2238 
2210 3239 2238 
4132 1593 2238 
1593 715 2238 
456 1593 2238 
1593 141 2238 
1593 1516 2238 
1593 2238 4351 
2928 1593 2238 
1593 1993 2238 
1712 1593 2238 
3128 1593 2238 
2323 1593 2238 
4480 1593 2238 
1593 1324 2238 
3239 1593 2238 
4132 715 2238 
4132 456 2238 
4132 141 2238 
4132 1516 2238 
4132 2238 4351 
2928 4132 2238 
4132 1993 2238 
1712 4132 2238 
4132 3128 2238 
2323 4132 2238 
4480 4132 2238 
4132 1324 2238 
4132 3239 2238 
456 715 2238 
715 141 2238 
715 1516 2238 
715 2238 4351 
2928 715 2238 
1993 715 2238 
1712 715 2238 
3128 715 2238 
2323 715 2238 
4480 715 2238 
715 1324 2238 
3239 715 2238 
456 141 2238 
456 1516 2238 
456 2238 4351 
2928 456 2238 
456 1993 2238 
1712 456 2238 
456 3128 2238 
2323 456 2238 
4480 456 2238 
456 1324 2238 
3239 456 2238 
1516 141 2238 
141 2238 4351 
2928 141 2238 
1993 141 2238 
1712 141 2238 
3128 141 2238 
2323 141 2238 
4480 141 2238 
1324 141 2238 
3239 141 2238 
1516 2238 4351 
2928 1516 2238 
1993 1516 2238 
1712 1516 2238 
3128 1516 2238 
2323 1516 2238 
4480 1516 2238 
1516 1324 2238 
3239 1516 2238 
2928 2238 4351 
1993 2238 4351 
1712 2238 4351 
3128 2238 4351 
2323 2238 4351 
4480 2238 4351 
1324 2238 4351 
3239 2238 4351 
2928 1993 2238 
2928 1712 2238 
2928 3128 2238 
2928 2323 2238 
2928 4480 2238 
2928 1324 2238 
2928 3239 2238 
1712 1993 2238 
3128 1993 2238 
2323 1993 2238 
4480 1993 2238 
1993 1324 2238 
3239 1993 2238 
1712 3128 2238 
1712 2323 2238 
1712 4480 2238 
1712 1324 2238 
1712 3239 2238 
2323 3128 2238 
4480 3128 2238 
3128 1324 2238 
3239 3128 2238 
4480 2323 2238 
2323 1324 2238 
2323 3239 2238 
4480 1324 2238 
4480 3239 2238 
3239 1324 2238 
512 2210 1541 
512 1541 1593 
512 4132 1541 
512 1541 715 
512 1541 456 
512 1541 141 
512 1541 1516 
512 1541 4351 
512 2928 1541 
512 1541 1993 
512 1712 1541 
512 1541 3128 
512 2323 1541 
512 4480 1541 
512 1541 1324 
512 1541 3239 
2210 1541 1593 
2210 4132 1541 
2210 1541 715 
2210 1541 456 
2210 1541 141 
2210 1541 1516 
2210 1541 4351 
2928 2210 1541 
2210 1541 1993 
1712 2210 1541 
2210 1541 3128 
2210 2323 1541 
4480 2210 1541 
2210 1541 1324 
2210 1541 3239 
4132 1541 1593 
1541 1593 715 
1541 456 1593 
1541 1593 141 
1541 1593 1516 
1541 1593 4351 
2928 1541 1593 
1541 1593 1993 
1712 1541 1593 
1541 3128 1593 
2323 1541 1593 
4480 1541 1593 
1541 1593 1324 
1541 3239 1593 
4132 1541 715 
4132 1541 456 
4132 1541 141 
4132 1541 1516 
4132 1541 4351 
2928 4132 1541 
4132 1541 1993 
1712 4132 1541 
4132 1541 3128 
2323 4132 1541 
4480 4132 1541 
4132 1541 1324 
4132 1541 3239 
1541 456 715 
1541 715 141 
1541 715 1516 
1541 715 4351 
2928 1541 715 
1541 1993 715 
1712 1541 715 
1541 3128 715 
2323 1541 715 
4480 1541 715 
1541 715 1324 
1541 3239 715 
1541 456 141 
1541 456 1516 
1541 456 4351 
2928 1541 456 
1541 456 1993 
1712 1541 456 
1541 456 3128 
2323 1541 456 
4480 1541 456 
1541 456 1324 
1541 3239 456 
1541 1516 141 
1541 141 4351 
2928 1541 141 
1541 1993 141 
1712 1541 141 
1541 3128 141 
2323 1541 141 
4480 1541 141 
1541 1324 141 
1541 3239 141 
1541 1516 4351 
2928 1541 1516 
1541 1993 1516 
1712 1541 1516 
1541 3128 1516 
2323 1541 1516 
4480 1541 1516 
1541 1516 1324 
1541 3239 1516 
2928 1541 4351 
1541 1993 4351 
1712 1541 4351 
1541 3128 4351 
2323 1541 4351 
4480 1541 4351 
1541 1324 4351 
1541 3239 4351 
2928 1541 1993 
2928 1712 1541 
2928 1541 3128 
2928 2323 1541 
2928 4480 1541 
2928 1541 1324 
2928 1541 3239 
1712 1541 1993 
1541 3128 1993 
2323 1541 1993 
4480 1541 1993 
1541 1993 1324 
1541 3239 1993 
1712 1541 3128 
1712 2323 1541 
1712 4480 1541 
1712 1541 1324 
1712 1541 3239 
2323 1541 3128 
4480 1541 3128 
1541 3128 1324 
1541 3239 3128 
4480 2323 1541 
2323 1541 1324 
2323 1541 3239 
4480 1541 1324 
4480 1541 3239 
1541 3239 1324 
512 2210 1593 
512 2210 4132 
512 2210 715 
512 2210 456 
512 2210 141 
512 2210 1516 
512 2210 4351 
512 2928 2210 
512 2210 1993 
512 1712 2210 
512 2210 3128 
512 2210 2323 
512 4480 2210 
512 2210 1324 
512 2210 3239 
512 4132 1593 
512 1593 715 
512 456 1593 
512 1593 141 
512 1593 1516 
512 1593 4351 
512 2928 1593 
512 1593 1993 
512 1712 1593 
512 3128 1593 
512 2323 1593 
512 4480 1593 
512 1593 1324 
512 3239 1593 
512 4132 715 
512 4132 456 
512 4132 141 
512 4132 1516 
512 4132 4351 
512 2928 4132 
512 4132 1993 
512 1712 4132 
512 4132 3128 
512 2323 4132 
512 4480 4132 
512 4132 1324 
512 4132 3239 
512 456 715 
512 715 141 
512 715 1516 
512 715 4351 
512 2928 715 
512 1993 715 
512 1712 715 
512 3128 715 
512 2323 715 
512 4480 715 
512 715 1324 
512 3239 715 
512 456 141 
512 456 1516 
512 456 4351 
512 2928 456 
512 456 1993 
512 1712 456 
512 456 3128 
512 2323 456 
512 4480 456 
512 456 1324 
512 3239 456 
512 1516 141 
512 141 4351 
512 2928 141 
512 1993 141 
512 1712 141 
512 3128 141 
512 2323 141 
512 4480 141 
512 1324 141 
512 3239 141 
512 1516 4351 
512 2928 1516 
512 1993 1516 
512 1712 1516 
512 3128 1516 
512 2323 1516 
512 4480 1516 
512 1516 1324 
512 3239 1516 
512 2928 4351 
512 1993 4351 
512 1712 4351 
512 3128 4351 
512 2323 4351 
512 4480 4351 
512 1324 4351 
512 3239 4351 
512 2928 1993 
512 2928 1712 
512 2928 3128 
512 2928 2323 
512 2928 4480 
512 2928 1324 
512 2928 3239 
512 1712 1993 
512 3128 1993 
512 2323 1993 
512 4480 1993 
512 1993 1324 
512 3239 1993 
512 1712 3128 
512 1712 2323 
512 1712 4480 
512 1712 1324 
512 1712 3239 
512 2323 3128 
512 4480 3128 
512 3128 1324 
512 3239 3128 
512 4480 2323 
512 2323 1324 
512 2323 3239 
512 4480 1324 
512 4480 3239 
512 3239 1324 
2210 4132 1593 
2210 1593 715 
2210 456 1593 
2210 1593 141 
2210 1593 1516 
2210 1593 4351 
2928 2210 1593 
2210 1593 1993 
1712 2210 1593 
2210 3128 1593 
2210 2323 1593 
4480 2210 1593 
2210 1593 1324 
2210 3239 1593 
2210 4132 715 
2210 4132 456 
2210 4132 141 
2210 4132 1516 
2210 4132 4351 
2928 2210 4132 
2210 4132 1993 
1712 2210 4132 
2210 4132 3128 
2210 2323 4132 
4480 2210 4132 
2210 4132 1324 
2210 4132 3239 
2210 456 715 
2210 715 141 
2210 715 1516 
2210 715 4351 
2928 2210 715 
2210 1993 715 
1712 2210 715 
2210 3128 715 
2210 2323 715 
4480 2210 715 
2210 715 1324 
2210 3239 715 
2210 456 141 
2210 456 1516 
2210 456 4351 
2928 2210 456 
2210 456 1993 
1712 2210 456 
2210 456 3128 
2210 2323 456 
4480 2210 456 
2210 456 1324 
2210 3239 456 
2210 1516 141 
2210 141 4351 
2928 2210 141 
2210 1993 141 
1712 2210 141 
2210 3128 141 
2210 2323 141 
4480 2210 141 
2210 1324 141 
2210 3239 141 
2210 1516 4351 
2928 2210 1516 
2210 1993 1516 
1712 2210 1516 
2210 3128 1516 
2210 2323 1516 
4480 2210 1516 
2210 1516 1324 
2210 3239 1516 
2928 2210 4351 
2210 1993 4351 
1712 2210 4351 
2210 3128 4351 
2210 2323 4351 
4480 2210 4351 
2210 1324 4351 
2210 3239 4351 
2928 2210 1993 
2928 1712 2210 
2928 2210 3128 
2928 2210 2323 
2928 4480 2210 
2928 2210 1324 
2928 2210 3239 
1712 2210 1993 
2210 3128 1993 
2210 2323 1993 
4480 2210 1993 
2210 1993 1324 
2210 3239 1993 
1712 2210 3128 
1712 2210 2323 
1712 4480 2210 
1712 2210 1324 
1712 2210 3239 
2210 2323 3128 
4480 2210 3128 
2210 3128 1324 
2210 3239 3128 
4480 2210 2323 
2210 2323 1324 
2210 2323 3239 
4480 2210 1324 
4480 2210 3239 
2210 3239 1324 
4132 1593 715 
4132 456 1593 
4132 1593 141 
4132 1593 1516 
4132 1593 4351 
2928 4132 1593 
4132 1593 1993 
1712 4132 1593 
4132 3128 1593 
2323 4132 1593 
4480 4132 1593 
4132 1593 1324 
4132 3239 1593 
456 1593 715 
1593 715 141 
1593 715 1516 
1593 715 4351 
2928 1593 715 
1593 1993 715 
1712 1593 715 
3128 1593 715 
2323 1593 715 
4480 1593 715 
1593 715 1324 
3239 1593 715 
456 1593 141 
456 1593 1516 
456 1593 4351 
2928 456 1593 
456 1593 1993 
1712 456 1593 
456 3128 1593 
2323 456 1593 
4480 456 1593 
456 1593 1324 
3239 456 1593 
1593 1516 141 
1593 141 4351 
2928 1593 141 
1593 1993 141 
1712 1593 141 
3128 1593 141 
2323 1593 141 
4480 1593 141 
1593 1324 141 
3239 1593 141 
1593 1516 4351 
2928 1593 1516 
1593 1993 1516 
1712 1593 1516 
3128 1593 1516 
2323 1593 1516 
4480 1593 1516 
1593 1516 1324 
3239 1593 1516 
2928 1593 4351 
1593 1993 4351 
1712 1593 4351 
3128 1593 4351 
2323 1593 4351 
4480 1593 4351 
1593 1324 4351 
3239 1593 4351 
2928 1593 1993 
2928 1712 1593 
2928 3128 1593 
2928 2323 1593 
2928 4480 1593 
2928 1593 1324 
2928 3239 1593 
1712 1593 1993 
3128 1593 1993 
2323 1593 1993 
4480 1593 1993 
1593 1993 1324 
3239 1593 1993 
1712 3128 1593 
1712 2323 1593 
1712 4480 1593 
1712 1593 1324 
1712 3239 1593 
2323 3128 1593 
4480 3128 1593 
3128 1593 1324 
3239 3128 1593 
4480 2323 1593 
2323 1593 1324 
2323 3239 1593 
4480 1593 1324 
4480 3239 1593 
3239 1593 1324 
4132 456 715 
4132 715 141 
4132 715 1516 
4132 715 4351 
2928 4132 715 
4132 1993 715 
1712 4132 715 
4132 3128 715 
2323 4132 715 
4480 4132 715 
4132 715 1324 
4132 3239 715 
4132 456 141 
4132 456 1516 
4132 456 4351 
2928 4132 456 
4132 456 1993 
1712 4132 456 
4132 456 3128 
2323 4132 456 
4480 4132 456 
4132 456 1324 
4132 3239 456 
4132 1516 141 
4132 141 4351 
2928 4132 141 
4132 1993 141 
1712 4132 141 
4132 3128 141 
2323 4132 141 
4480 4132 141 
4132 1324 141 
4132 3239 141 
4132 1516 4351 
2928 4132 1516 
4132 1993 1516 
1712 4132 1516 
4132 3128 1516 
2323 4132 1516 
4480 4132 1516 
4132 1516 1324 
4132 3239 1516 
2928 4132 4351 
4132 1993 4351 
1712 4132 4351 
4132 3128 4351 
2323 4132 4351 
4480 4132 4351 
4132 1324 4351 
4132 3239 4351 
2928 4132 1993 
2928 1712 4132 
2928 4132 3128 
2928 2323 4132 
2928 4480 4132 
2928 4132 1324 
2928 4132 3239 
1712 4132 1993 
4132 3128 1993 
2323 4132 1993 
4480 4132 1993 
4132 1993 1324 
4132 3239 1993 
1712 4132 3128 
1712 2323 4132 
1712 4480 4132 
1712 4132 1324 
1712 4132 3239 
2323 4132 3128 
4480 4132 3128 
4132 3128 1324 
4132 3239 3128 
4480 2323 4132 
2323 4132 1324 
2323 4132 3239 
4480 4132 1324 
4480 4132 3239 
4132 3239 1324 
456 715 141 
456 715 1516 
456 715 4351 
2928 456 715 
456 1993 715 
1712 456 715 
456 3128 715 
2323 456 715 
4480 456 715 
456 715 1324 
3239 456 715 
715 1516 141 
715 141 4351 
2928 715 141 
1993 715 141 
1712 715 141 
3128 715 141 
2323 715 141 
4480 715 141 
715 1324 141 
3239 715 141 
715 1516 4351 
2928 715 1516 
1993 715 1516 
1712 715 1516 
3128 715 1516 
2323 715 1516 
4480 715 1516 
715 1516 1324 
3239 715 1516 
2928 715 4351 
1993 715 4351 
1712 715 4351 
3128 715 4351 
2323 715 4351 
4480 715 4351 
715 1324 4351 
3239 715 4351 
2928 1993 715 
2928 1712 715 
2928 3128 715 
2928 2323 715 
2928 4480 715 
2928 715 1324 
2928 3239 715 
1712 1993 715 
3128 1993 715 
2323 1993 715 
4480 1993 715 
1993 715 1324 
3239 1993 715 
1712 3128 715 
1712 2323 715 
1712 4480 715 
1712 715 1324 
1712 3239 715 
2323 3128 715 
4480 3128 715 
3128 715 1324 
3239 3128 715 
4480 2323 715 
2323 715 1324 
2323 3239 715 
4480 715 1324 
4480 3239 715 
3239 715 1324 
456 1516 141 
456 141 4351 
2928 456 141 
456 1993 141 
1712 456 141 
456 3128 141 
2323 456 141 
4480 456 141 
456 1324 141 
3239 456 141 
456 1516 4351 
2928 456 1516 
456 1993 1516 
1712 456 1516 
456 3128 1516 
2323 456 1516 
4480 456 1516 
456 1516 1324 
3239 456 1516 
2928 456 4351 
456 1993 4351 
1712 456 4351 
456 3128 4351 
2323 456 4351 
4480 456 4351 
456 1324 4351 
3239 456 4351 
2928 456 1993 
2928 1712 456 
2928 456 3128 
2928 2323 456 
2928 4480 456 
2928 456 1324 
2928 3239 456 
1712 456 1993 
456 3128 1993 
2323 456 1993 
4480 456 1993 
456 1993 1324 
3239 456 1993 
1712 456 3128 
1712 2323 456 
1712 4480 456 
1712 456 1324 
1712 3239 456 
2323 456 3128 
4480 456 3128 
456 3128 1324 
3239 456 3128 
4480 2323 456 
2323 456 1324 
2323 3239 456 
4480 456 1324 
4480 3239 456 
3239 456 1324 
1516 141 4351 
2928 1516 141 
1993 1516 141 
1712 1516 141 
3128 1516 141 
2323 1516 141 
4480 1516 141 
1516 1324 141 
3239 1516 141 
2928 141 4351 
1993 141 4351 
1712 141 4351 
3128 141 4351 
2323 141 4351 
4480 141 4351 
1324 141 4351 
3239 141 4351 
2928 1993 141 
2928 1712 141 
2928 3128 141 
2928 2323 141 
2928 4480 141 
2928 1324 141 
2928 3239 141 
1712 1993 141 
3128 1993 141 
2323 1993 141 
4480 1993 141 
1993 1324 141 
3239 1993 141 
1712 3128 141 
1712 2323 141 
1712 4480 141 
1712 1324 141 
1712 3239 141 
2323 3128 141 
4480 3128 141 
3128 1324 141 
3239 3128 141 
4480 2323 141 
2323 1324 141 
2323 3239 141 
4480 1324 141 
4480 3239 141 
3239 1324 141 
2928 1516 4351 
1993 1516 4351 
1712 1516 4351 
3128 1516 4351 
2323 1516 4351 
4480 1516 4351 
1516 1324 4351 
3239 1516 4351 
2928 1993 1516 
2928 1712 1516 
2928 3128 1516 
2928 2323 1516 
2928 4480 1516 
2928 1516 1324 
2928 3239 1516 
1712 1993 1516 
3128 1993 1516 
2323 1993 1516 
4480 1993 1516 
1993 1516 1324 
3239 1993 1516 
1712 3128 1516 
1712 2323 1516 
1712 4480 1516 
1712 1516 1324 
1712 3239 1516 
2323 3128 1516 
4480 3128 1516 
3128 1516 1324 
3239 3128 1516 
4480 2323 1516 
2323 1516 1324 
2323 3239 1516 
4480 1516 1324 
4480 3239 1516 
3239 1516 1324 
2928 1993 4351 
2928 1712 4351 
2928 3128 4351 
2928 2323 4351 
2928 4480 4351 
2928 1324 4351 
2928 3239 4351 
1712 1993 4351 
3128 1993 4351 
2323 1993 4351 
4480 1993 4351 
1993 1324 4351 
3239 1993 4351 
1712 3128 4351 
1712 2323 4351 
1712 4480 4351 
1712 1324 4351 
1712 3239 4351 
2323 3128 4351 
4480 3128 4351 
3128 1324 4351 
3239 3128 4351 
4480 2323 4351 
2323 1324 4351 
2323 3239 4351 
4480 1324 4351 
4480 3239 4351 
3239 1324 4351 
2928 1712 1993 
2928 3128 1993 
2928 2323 1993 
2928 4480 1993 
2928 1993 1324 
2928 3239 1993 
2928 1712 3128 
2928 1712 2323 
2928 1712 4480 
2928 1712 1324 
2928 1712 3239 
2928 2323 3128 
2928 4480 3128 
2928 3128 1324 
2928 3239 3128 
2928 4480 2323 
2928 2323 1324 
2928 2323 3239 
2928 4480 1324 
2928 4480 3239 
2928 3239 1324 
1712 3128 1993 
1712 2323 1993 
1712 4480 1993 
1712 1993 1324 
1712 3239 1993 
2323 3128 1993 
4480 3128 1993 
3128 1993 1324 
3239 3128 1993 
4480 2323 1993 
2323 1993 1324 
2323 3239 1993 
4480 1993 1324 
4480 3239 1993 
3239 1993 1324 
1712 2323 3128 
1712 4480 3128 
1712 3128 1324 
1712 3239 3128 
1712 4480 2323 
1712 2323 1324 
1712 2323 3239 
1712 4480 1324 
1712 4480 3239 
1712 3239 1324 
4480 2323 3128 
2323 3128 1324 
2323 3239 3128 
4480 3128 1324 
4480 3239 3128 
3239 3128 1324 
4480 2323 1324 
4480 2323 3239 
2323 3239 1324 
4480 3239 1324 
4480 1541 1516 141 
2928 1541 1516 141 
1541 1516 141 4351 
512 1541 1516 141 
1541 1516 141 2911 
1541 1516 141 1998 
1541 715 1516 141 
2210 1541 1516 141 
4132 1541 1516 141 
2323 1541 1516 141 
4480 2928 1541 1516 
4480 1541 1516 4351 
4480 512 1541 1516 
4480 1541 1516 2911 
4480 1541 1516 1998 
4480 1541 715 1516 
4480 2210 1541 1516 
4480 4132 1541 1516 
4480 2323 1541 1516 
2928 1541 1516 4351 
2928 512 1541 1516 
2928 1541 1516 2911 
2928 1541 1516 1998 
2928 1541 715 1516 
2928 2210 1541 1516 
2928 4132 1541 1516 
2928 2323 1541 1516 
512 1541 1516 4351 
1541 1516 4351 2911 
1541 1516 1998 4351 
1541 715 1516 4351 
2210 1541 1516 4351 
4132 1541 1516 4351 
2323 1541 1516 4351 
512 1541 1516 2911 
512 1541 1516 1998 
512 1541 715 1516 
512 2210 1541 1516 
512 4132 1541 1516 
512 2323 1541 1516 
1541 1516 1998 2911 
1541 715 1516 2911 
2210 1541 1516 2911 
4132 1541 1516 2911 
2323 1541 1516 2911 
1541 715 1516 1998 
2210 1541 1516 1998 
4132 1541 1516 1998 
2323 1541 1516 1998 
2210 1541 715 1516 
4132 1541 715 1516 
2323 1541 715 1516 
2210 4132 1541 1516 
2210 2323 1541 1516 
2323 4132 1541 1516 
4480 2928 1516 141 
4480 1516 141 4351 
4480 512 1516 141 
4480 1516 141 2911 
4480 1516 141 1998 
4480 715 1516 141 
4480 2210 1516 141 
4480 4132 1516 141 
4480 2323 1516 141 
2928 1516 141 4351 
2928 512 1516 141 
2928 1516 141 2911 
2928 1516 141 1998 
2928 715 1516 141 
2928 2210 1516 141 
2928 4132 1516 141 
2928 2323 1516 141 
512 1516 141 4351 
1516 141 4351 2911 
1516 141 1998 4351 
715 1516 141 4351 
2210 1516 141 4351 
4132 1516 141 4351 
2323 1516 141 4351 
512 1516 141 2911 
512 1516 141 1998 
512 715 1516 141 
512 2210 1516 141 
512 4132 1516 141 
512 2323 1516 141 
1516 141 1998 2911 
715 1516 141 2911 
2210 1516 141 2911 
4132 1516 141 2911 
2323 1516 141 2911 
715 1516 141 1998 
2210 1516 141 1998 
4132 1516 141 1998 
2323 1516 141 1998 
2210 715 1516 141 
4132 715 1516 141 
2323 715 1516 141 
2210 4132 1516 141 
2210 2323 1516 141 
2323 4132 1516 141 
4480 2928 1516 4351 
4480 2928 512 1516 
4480 2928 1516 2911 
4480 2928 1516 1998 
4480 2928 715 1516 
4480 2928 2210 1516 
4480 2928 4132 1516 
4480 2928 2323 1516 
4480 512 1516 4351 
4480 1516 4351 2911 
4480 1516 1998 4351 
4480 715 1516 4351 
4480 2210 1516 4351 
4480 4132 1516 4351 
4480 2323 1516 4351 
4480 512 1516 2911 
4480 512 1516 1998 
4480 512 715 1516 
4480 512 2210 1516 
4480 512 4132 1516 
4480 512 2323 1516 
4480 1516 1998 2911 
4480 715 1516 2911 
4480 2210 1516 2911 
4480 4132 1516 2911 
4480 2323 1516 2911 
4480 715 1516 1998 
4480 2210 1516 1998 
4480 4132 1516 1998 
4480 2323 1516 1998 
4480 2210 715 1516 
4480 4132 715 1516 
4480 2323 715 1516 
4480 2210 4132 1516 
4480 2210 2323 1516 
4480 2323 4132 1516 
2928 512 1516 4351 
2928 1516 4351 2911 
2928 1516 1998 4351 
2928 715 1516 4351 
2928 2210 1516 4351 
2928 4132 1516 4351 
2928 2323 1516 4351 
2928 512 1516 2911 
2928 512 1516 1998 
2928 512 715 1516 
2928 512 2210 1516 
2928 512 4132 1516 
2928 512 2323 1516 
2928 1516 1998 2911 
2928 715 1516 2911 
2928 2210 1516 2911 
2928 4132 1516 2911 
2928 2323 1516 2911 
2928 715 1516 1998 
2928 2210 1516 1998 
2928 4132 1516 1998 
2928 2323 1516 1998 
2928 2210 715 1516 
2928 4132 715 1516 
2928 2323 715 1516 
2928 2210 4132 1516 
2928 2210 2323 1516 
2928 2323 4132 1516 
512 1516 4351 2911 
512 1516 1998 4351 
512 715 1516 4351 
512 2210 1516 4351 
512 4132 1516 4351 
512 2323 1516 4351 
1516 1998 4351 2911 
715 1516 4351 2911 
2210 1516 4351 2911 
4132 1516 4351 2911 
2323 1516 4351 2911 
715 1516 1998 4351 
2210 1516 1998 4351 
4132 1516 1998 4351 
2323 1516 1998 4351 
2210 715 1516 4351 
4132 715 1516 4351 
2323 715 1516 4351 
2210 4132 1516 4351 
2210 2323 1516 4351 
2323 4132 1516 4351 
512 1516 1998 2911 
512 715 1516 2911 
512 2210 1516 2911 
512 4132 1516 2911 
512 2323 1516 2911 
512 715 1516 1998 
512 2210 1516 1998 
512 4132 1516 1998 
512 2323 1516 1998 
512 2210 715 1516 
512 4132 715 1516 
512 2323 715 1516 
512 2210 4132 1516 
512 2210 2323 1516 
512 2323 4132 1516 
715 1516 1998 2911 
2210 1516 1998 2911 
4132 1516 1998 2911 
2323 1516 1998 2911 
2210 715 1516 2911 
4132 715 1516 2911 
2323 715 1516 2911 
2210 4132 1516 2911 
2210 2323 1516 2911 
2323 4132 1516 2911 
2210 715 1516 1998 
4132 715 1516 1998 
2323 715 1516 1998 
2210 4132 1516 1998 
2210 2323 1516 1998 
2323 4132 1516 1998 
2210 4132 715 1516 
2210 2323 715 1516 
2323 4132 715 1516 
2210 2323 4132 1516 
4480 2928 1541 141 
4480 1541 141 4351 
4480 512 1541 141 
4480 1541 141 2911 
4480 1541 141 1998 
4480 1541 715 141 
4480 2210 1541 141 
4480 4132 1541 141 
4480 2323 1541 141 
2928 1541 141 4351 
2928 512 1541 141 
2928 1541 141 2911 
2928 1541 141 1998 
2928 1541 715 141 
2928 2210 1541 141 
2928 4132 1541 141 
2928 2323 1541 141 
512 1541 141 4351 
1541 141 4351 2911 
1541 141 1998 4351 
1541 715 141 4351 
2210 1541 141 4351 
4132 1541 141 4351 
2323 1541 141 4351 
512 1541 141 2911 
512 1541 141 1998 
512 1541 715 141 
512 2210 1541 141 
512 4132 1541 141 
512 2323 1541 141 
1541 141 1998 2911 
1541 715 141 2911 
2210 1541 141 2911 
4132 1541 141 2911 
2323 1541 141 2911 
1541 715 141 1998 
2210 1541 141 1998 
4132 1541 141 1998 
2323 1541 141 1998 
2210 1541 715 141 
4132 1541 715 141 
2323 1541 715 141 
2210 4132 1541 141 
2210 2323 1541 141 
2323 4132 1541 141 
4480 2928 1541 4351 
4480 2928 512 1541 
4480 2928 1541 2911 
4480 2928 1541 1998 
4480 2928 1541 715 
4480 2928 2210 1541 
4480 2928 4132 1541 
4480 2928 2323 1541 
4480 512 1541 4351 
4480 1541 4351 2911 
4480 1541 1998 4351 
4480 1541 715 4351 
4480 2210 1541 4351 
4480 4132 1541 4351 
4480 2323 1541 4351 
4480 512 1541 2911 
4480 512 1541 1998 
4480 512 1541 715 
4480 512 2210 1541 
4480 512 4132 1541 
4480 512 2323 1541 
4480 1541 1998 2911 
4480 1541 715 2911 
4480 2210 1541 2911 
4480 4132 1541 2911 
4480 2323 1541 2911 
4480 1541 715 1998 
4480 2210 1541 1998 
4480 4132 1541 1998 
4480 2323 1541 1998 
4480 2210 1541 715 
4480 4132 1541 715 
4480 2323 1541 715 
4480 2210 4132 1541 
4480 2210 2323 1541 
4480 2323 4132 1541 
2928 512 1541 4351 
2928 1541 4351 2911 
2928 1541 1998 4351 
2928 1541 715 4351 
2928 2210 1541 4351 
2928 4132 1541 4351 
2928 2323 1541 4351 
2928 512 1541 2911 
2928 512 1541 1998 
2928 512 1541 715 
2928 512 2210 1541 
2928 512 4132 1541 
2928 512 2323 1541 
2928 1541 1998 2911 
2928 1541 715 2911 
2928 2210 1541 2911 
2928 4132 1541 2911 
2928 2323 1541 2911 
2928 1541 715 1998 
2928 2210 1541 1998 
2928 4132 1541 1998 
2928 2323 1541 1998 
2928 2210 1541 715 
2928 4132 1541 715 
2928 2323 1541 715 
2928 2210 4132 1541 
2928 2210 2323 1541 
2928 2323 4132 1541 
512 1541 4351 2911 
512 1541 1998 4351 
512 1541 715 4351 
512 2210 1541 4351 
512 4132 1541 4351 
512 2323 1541 4351 
1541 1998 4351 2911 
1541 715 4351 2911 
2210 1541 4351 2911 
4132 1541 4351 2911 
2323 1541 4351 2911 
1541 715 1998 4351 
2210 1541 1998 4351 
4132 1541 1998 4351 
2323 1541 1998 4351 
2210 1541 715 4351 
4132 1541 715 4351 
2323 1541 715 4351 
2210 4132 1541 4351 
2210 2323 1541 4351 
2323 4132 1541 4351 
512 1541 1998 2911 
512 1541 715 2911 
512 2210 1541 2911 
512 4132 1541 2911 
512 2323 1541 2911 
512 1541 715 1998 
512 2210 1541 1998 
512 4132 1541 1998 
512 2323 1541 1998 
512 2210 1541 715 
512 4132 1541 715 
512 2323 1541 715 
512 2210 4132 1541 
512 2210 2323 1541 
512 2323 4132 1541 
1541 715 1998 2911 
2210 1541 1998 2911 
4132 1541 1998 2911 
2323 1541 1998 2911 
2210 1541 715 2911 
4132 1541 715 2911 
2323 1541 715 2911 
2210 4132 1541 2911 
2210 2323 1541 2911 
2323 4132 1541 2911 
2210 1541 715 1998 
4132 1541 715 1998 
2323 1541 715 1998 
2210 4132 1541 1998 
2210 2323 1541 1998 
2323 4132 1541 1998 
2210 4132 1541 715 
2210 2323 1541 715 
2323 4132 1541 715 
2210 2323 4132 1541 
4480 2928 141 4351 
4480 2928 512 141 
4480 2928 141 2911 
4480 2928 141 1998 
4480 2928 715 141 
4480 2928 2210 141 
4480 2928 4132 141 
4480 2928 2323 141 
4480 512 141 4351 
4480 141 4351 2911 
4480 141 1998 4351 
4480 715 141 4351 
4480 2210 141 4351 
4480 4132 141 4351 
4480 2323 141 4351 
4480 512 141 2911 
4480 512 141 1998 
4480 512 715 141 
4480 512 2210 141 
4480 512 4132 141 
4480 512 2323 141 
4480 141 1998 2911 
4480 715 141 2911 
4480 2210 141 2911 
4480 4132 141 2911 
4480 2323 141 2911 
4480 715 141 1998 
4480 2210 141 1998 
4480 4132 141 1998 
4480 2323 141 1998 
4480 2210 715 141 
4480 4132 715 141 
4480 2323 715 141 
4480 2210 4132 141 
4480 2210 2323 141 
4480 2323 4132 141 
2928 512 141 4351 
2928 141 4351 2911 
2928 141 1998 4351 
2928 715 141 4351 
2928 2210 141 4351 
2928 4132 141 4351 
2928 2323 141 4351 
2928 512 141 2911 
2928 512 141 1998 
2928 512 715 141 
2928 512 2210 141 
2928 512 4132 141 
2928 512 2323 141 
2928 141 1998 2911 
2928 715 141 2911 
2928 2210 141 2911 
2928 4132 141 2911 
2928 2323 141 2911 
2928 715 141 1998 
2928 2210 141 1998 
2928 4132 141 1998 
2928 2323 141 1998 
2928 2210 715 141 
2928 4132 715 141 
2928 2323 715 141 
2928 2210 4132 141 
2928 2210 2323 141 
2928 2323 4132 141 
512 141 4351 2911 
512 141 1998 4351 
512 715 141 4351 
512 2210 141 4351 
512 4132 141 4351 
512 2323 141 4351 
141 1998 4351 2911 
715 141 4351 2911 
2210 141 4351 2911 
4132 141 4351 2911 
2323 141 4351 2911 
715 141 1998 4351 
2210 141 1998 4351 
4132 141 1998 4351 
2323 141 1998 4351 
2210 715 141 4351 
4132 715 141 4351 
2323 715 141 4351 
2210 4132 141 4351 
2210 2323 141 4351 
2323 4132 141 4351 
512 141 1998 2911 
512 715 141 2911 
512 2210 141 2911 
512 4132 141 2911 
512 2323 141 2911 
512 715 141 1998 
512 2210 141 1998 
512 4132 141 1998 
512 2323 141 1998 
512 2210 715 141 
512 4132 715 141 
512 2323 715 141 
512 2210 4132 141 
512 2210 2323 141 
512 2323 4132 141 
715 141 1998 2911 
2210 141 1998 2911 
4132 141 1998 2911 
2323 141 1998 2911 
2210 715 141 2911 
4132 715 141 2911 
2323 715 141 2911 
2210 4132 141 2911 
2210 2323 141 2911 
2323 4132 141 2911 
2210 715 141 1998 
4132 715 141 1998 
2323 715 141 1998 
2210 4132 141 1998 
2210 2323 141 1998 
2323 4132 141 1998 
2210 4132 715 141 
2210 2323 715 141 
2323 4132 715 141 
2210 2323 4132 141 
4480 2928 512 4351 
4480 2928 4351 2911 
4480 2928 1998 4351 
4480 2928 715 4351 
4480 2928 2210 4351 
4480 2928 4132 4351 
4480 2928 2323 4351 
4480 2928 512 2911 
4480 2928 512 1998 
4480 2928 512 715 
4480 2928 512 2210 
4480 2928 512 4132 
4480 2928 512 2323 
4480 2928 1998 2911 
4480 2928 715 2911 
4480 2928 2210 2911 
4480 2928 4132 2911 
4480 2928 2323 2911 
4480 2928 715 1998 
4480 2928 2210 1998 
4480 2928 4132 1998 
4480 2928 2323 1998 
4480 2928 2210 715 
4480 2928 4132 715 
4480 2928 2323 715 
4480 2928 2210 4132 
4480 2928 2210 2323 
4480 2928 2323 4132 
4480 512 4351 2911 
4480 512 1998 4351 
4480 512 715 4351 
4480 512 2210 4351 
4480 512 4132 4351 
4480 512 2323 4351 
4480 1998 4351 2911 
4480 715 4351 2911 
4480 2210 4351 2911 
4480 4132 4351 2911 
4480 2323 4351 2911 
4480 715 1998 4351 
4480 2210 1998 4351 
4480 4132 1998 4351 
4480 2323 1998 4351 
4480 2210 715 4351 
4480 4132 715 4351 
4480 2323 715 4351 
4480 2210 4132 4351 
4480 2210 2323 4351 
4480 2323 4132 4351 
4480 512 1998 2911 
4480 512 715 2911 
4480 512 2210 2911 
4480 512 4132 2911 
4480 512 2323 2911 
4480 512 715 1998 
4480 512 2210 1998 
4480 512 4132 1998 
4480 512 2323 1998 
4480 512 2210 715 
4480 512 4132 715 
4480 512 2323 715 
4480 512 2210 4132 
4480 512 2210 2323 
4480 512 2323 4132 
4480 715 1998 2911 
4480 2210 1998 2911 
4480 4132 1998 2911 
4480 2323 1998 2911 
4480 2210 715 2911 
4480 4132 715 2911 
4480 2323 715 2911 
4480 2210 4132 2911 
4480 2210 2323 2911 
4480 2323 4132 2911 
4480 2210 715 1998 
4480 4132 715 1998 
4480 2323 715 1998 
4480 2210 4132 1998 
4480 2210 2323 1998 
4480 2323 4132 1998 
4480 2210 4132 715 
4480 2210 2323 715 
4480 2323 4132 715 
4480 2210 2323 4132 
2928 512 4351 2911 
2928 512 1998 4351 
2928 512 715 4351 
2928 512 2210 4351 
2928 512 4132 4351 
2928 512 2323 4351 
2928 1998 4351 2911 
2928 715 4351 2911 
2928 2210 4351 2911 
2928 4132 4351 2911 
2928 2323 4351 2911 
2928 715 1998 4351 
2928 2210 1998 4351 
2928 4132 1998 4351 
2928 2323 1998 4351 
2928 2210 715 4351 
2928 4132 715 4351 
2928 2323 715 4351 
2928 2210 4132 4351 
2928 2210 2323 4351 
2928 2323 4132 4351 
2928 512 1998 2911 
2928 512 715 2911 
2928 512 2210 2911 
2928 512 4132 2911 
2928 512 2323 2911 
2928 512 715 1998 
2928 512 2210 1998 
2928 512 4132 1998 
2928 512 2323 1998 
2928 512 2210 715 
2928 512 4132 715 
2928 512 2323 715 
2928 512 2210 4132 
2928 512 2210 2323 
2928 512 2323 4132 
2928 715 1998 2911 
2928 2210 1998 2911 
2928 4132 1998 2911 
2928 2323 1998 2911 
2928 2210 715 2911 
2928 4132 715 2911 
2928 2323 715 2911 
2928 2210 4132 2911 
2928 2210 2323 2911 
2928 2323 4132 2911 
2928 2210 715 1998 
2928 4132 715 1998 
2928 2323 715 1998 
2928 2210 4132 1998 
2928 2210 2323 1998 
2928 2323 4132 1998 
2928 2210 4132 715 
2928 2210 2323 715 
2928 2323 4132 715 
2928 2210 2323 4132 
512 1998 4351 2911 
512 715 4351 2911 
512 2210 4351 2911 
512 4132 4351 2911 
512 2323 4351 2911 
512 715 1998 4351 
512 2210 1998 4351 
512 4132 1998 4351 
512 2323 1998 4351 
512 2210 715 4351 
512 4132 715 4351 
512 2323 715 4351 
512 2210 4132 4351 
512 2210 2323 4351 
512 2323 4132 4351 
715 1998 4351 2911 
2210 1998 4351 2911 
4132 1998 4351 2911 
2323 1998 4351 2911 
2210 715 4351 2911 
4132 715 4351 2911 
2323 715 4351 2911 
2210 4132 4351 2911 
2210 2323 4351 2911 
2323 4132 4351 2911 
2210 715 1998 4351 
4132 715 1998 4351 
2323 715 1998 4351 
2210 4132 1998 4351 
2210 2323 1998 4351 
2323 4132 1998 4351 
2210 4132 715 4351 
2210 2323 715 4351 
2323 4132 715 4351 
2210 2323 4132 4351 
512 715 1998 2911 
512 2210 1998 2911 
512 4132 1998 2911 
512 2323 1998 2911 
512 2210 715 2911 
512 4132 715 2911 
512 2323 715 2911 
512 2210 4132 2911 
512 2210 2323 2911 
512 2323 4132 2911 
512 2210 715 1998 
512 4132 715 1998 
512 2323 715 1998 
512 2210 4132 1998 
512 2210 2323 1998 
512 2323 4132 1998 
512 2210 4132 715 
512 2210 2323 715 
512 2323 4132 715 
512 2210 2323 4132 
2210 715 1998 2911 
4132 715 1998 2911 
2323 715 1998 2911 
2210 4132 1998 2911 
2210 2323 1998 2911 
2323 4132 1998 2911 
2210 4132 715 2911 
2210 2323 715 2911 
2323 4132 715 2911 
2210 2323 4132 2911 
2210 4132 715 1998 
2210 2323 715 1998 
2323 4132 715 1998 
2210 2323 4132 1998 
2210 2323 4132 715 
