3993 
4369 
2755 
2261 
3158 
150 
675 
1371 
330 
4308 
2117 
1345 
3584 
771 
1560 
216 
4067 
3864 
1677 
692 
1943 
723 
348 
1002 
4452 
1804 
2723 
4272 
426 
3785 
2073 
687 
2954 
3001 
3505 
4271 
4036 
49 
4400 
158 
4464 
1685 
3782 
282 
2 
474 
3175 
1265 
1626 
2849 
869 
3359 
3540 
93 
4214 
3534 
4065 
2370 
3220 
3435 
1911 
1934 
128 
3570 
2914 
2688 
2461 
4114 
148 
112 
1060 
1273 
1749 
908 
1734 
994 
2116 
2354 
350 
2730 
4369 3993 
2755 3993 
2261 3993 
3158 3993 
150 3993 
675 3993 
3993 1371 
3993 330 
4308 3993 
2117 3993 
1345 3993 
3584 3993 
771 3993 
1560 3993 
216 3993 
4067 3993 
3864 3993 
3993 1677 
692 3993 
1943 3993 
723 3993 
3993 348 
3993 1002 
4452 3993 
3993 1804 
2723 3993 
4272 3993 
3993 426 
3993 3785 
3993 2073 
3993 687 
3993 2954 
3993 3001 
3505 3993 
3993 4271 
4036 3993 
49 3993 
4400 3993 
3993 158 
4464 3993 
1685 3993 
3782 3993 
3993 282 
2 3993 
3993 474 
3175 3993 
1265 3993 
3993 1626 
2849 3993 
869 3993 
3993 3359 
3540 3993 
3993 93 
4214 3993 
3993 3534 
4065 3993 
2370 3993 
3220 3993 
3993 3435 
1911 3993 
3993 1934 
128 3993 
3570 3993 
2914 3993 
2688 3993 
3993 2461 
4114 3993 
148 3993 
112 3993 
1060 3993 
3993 1273 
1749 3993 
3993 908 
1734 3993 
994 3993 
2116 3993 
2354 3993 
3993 350 
3993 2730 
4369 2755 
4369 2261 
4369 3158 
4369 150 
4369 675 
4369 1371 
4369 330 
4369 4308 
4369 2117 
4369 1345 
3584 4369 
4369 771 
4369 1560 
4369 216 
4369 4067 
4369 3864 
4369 1677 
4369 692 
4369 1943 
4369 723 
4369 348 
4369 1002 
4369 4452 
4369 1804 
4369 2723 
4272 4369 
4369 426 
4369 3785 
4369 2073 
4369 687 
4369 2954 
4369 3001 
4369 3505 
4369 4271 
4369 4036 
4369 49 
4400 4369 
4369 158 
4464 4369 
4369 1685 
4369 3782 
4369 282 
4369 2 
4369 474 
4369 3175 
4369 1265 
4369 1626 
4369 2849 
4369 869 
4369 3359 
4369 3540 
4369 93 
4369 4214 
4369 3534 
4369 4065 
4369 2370 
4369 3220 
4369 3435 
4369 1911 
4369 1934 
128 4369 
4369 3570 
4369 2914 
2688 4369 
4369 2461 
4369 4114 
4369 148 
112 4369 
4369 1060 
4369 1273 
4369 1749 
4369 908 
4369 1734 
4369 994 
4369 2116 
4369 2354 
4369 350 
4369 2730 
2755 2261 
2755 3158 
2755 150 
2755 675 
2755 1371 
2755 330 
2755 4308 
2755 2117 
1345 2755 
3584 2755 
2755 771 
2755 1560 
2755 216 
2755 4067 
2755 3864 
2755 1677 
2755 692 
2755 1943 
2755 723 
2755 348 
2755 1002 
2755 4452 
2755 1804 
2755 2723 
4272 2755 
2755 426 
2755 3785 
2755 2073 
2755 687 
2755 2954 
2755 3001 
3505 2755 
2755 4271 
2755 4036 
49 2755 
4400 2755 
2755 158 
4464 2755 
2755 1685 
2755 3782 
2755 282 
2 2755 
2755 474 
2755 3175 
1265 2755 
2755 1626 
2849 2755 
2755 869 
2755 3359 
2755 3540 
2755 93 
2755 4214 
2755 3534 
4065 2755 
2370 2755 
2755 3220 
2755 3435 
2755 1911 
2755 1934 
128 2755 
3570 2755 
2914 2755 
2688 2755 
2755 2461 
4114 2755 
2755 148 
112 2755 
2755 1060 
2755 1273 
2755 1749 
2755 908 
2755 1734 
994 2755 
2755 2116 
2354 2755 
2755 350 
2755 2730 
2261 3158 
2261 150 
675 2261 
2261 1371 
2261 330 
4308 2261 
2261 2117 
1345 2261 
3584 2261 
771 2261 
2261 1560 
2261 216 
4067 2261 
2261 3864 
2261 1677 
692 2261 
2261 1943 
723 2261 
2261 348 
2261 1002 
4452 2261 
2261 1804 
2723 2261 
4272 2261 
2261 426 
2261 3785 
2261 2073 
2261 687 
2261 2954 
2261 3001 
3505 2261 
2261 4271 
4036 2261 
49 2261 
4400 2261 
2261 158 
4464 2261 
2261 1685 
2261 3782 
2261 282 
2 2261 
2261 474 
2261 3175 
1265 2261 
2261 1626 
2849 2261 
2261 869 
2261 3359 
3540 2261 
2261 93 
2261 4214 
2261 3534 
4065 2261 
2370 2261 
3220 2261 
2261 3435 
2261 1911 
2261 1934 
128 2261 
3570 2261 
2914 2261 
2688 2261 
2261 2461 
4114 2261 
148 2261 
112 2261 
1060 2261 
2261 1273 
2261 1749 
2261 908 
2261 1734 
994 2261 
2116 2261 
2354 2261 
2261 350 
2261 2730 
3158 150 
675 3158 
3158 1371 
3158 330 
4308 3158 
2117 3158 
1345 3158 
3584 3158 
771 3158 
3158 1560 
3158 216 
4067 3158 
3158 3864 
3158 1677 
692 3158 
3158 1943 
723 3158 
3158 348 
3158 1002 
4452 3158 
3158 1804 
2723 3158 
4272 3158 
3158 426 
3158 3785 
3158 2073 
3158 687 
3158 2954 
3158 3001 
3505 3158 
3158 4271 
4036 3158 
49 3158 
4400 3158 
3158 158 
4464 3158 
1685 3158 
3158 3782 
3158 282 
2 3158 
3158 474 
3158 3175 
1265 3158 
3158 1626 
2849 3158 
869 3158 
3158 3359 
3540 3158 
3158 93 
3158 4214 
3158 3534 
4065 3158 
2370 3158 
3220 3158 
3158 3435 
3158 1911 
3158 1934 
128 3158 
3570 3158 
2914 3158 
2688 3158 
3158 2461 
4114 3158 
148 3158 
112 3158 
1060 3158 
3158 1273 
1749 3158 
3158 908 
3158 1734 
994 3158 
2116 3158 
2354 3158 
3158 350 
3158 2730 
675 150 
150 1371 
150 330 
4308 150 
2117 150 
1345 150 
3584 150 
771 150 
150 1560 
150 216 
4067 150 
150 3864 
150 1677 
692 150 
150 1943 
723 150 
150 348 
150 1002 
4452 150 
150 1804 
2723 150 
4272 150 
150 426 
150 3785 
150 2073 
150 687 
150 2954 
150 3001 
3505 150 
150 4271 
4036 150 
49 150 
4400 150 
150 158 
4464 150 
1685 150 
150 3782 
150 282 
2 150 
150 474 
150 3175 
1265 150 
150 1626 
2849 150 
869 150 
150 3359 
3540 150 
150 93 
150 4214 
150 3534 
4065 150 
2370 150 
3220 150 
150 3435 
150 1911 
150 1934 
128 150 
3570 150 
2914 150 
2688 150 
150 2461 
4114 150 
148 150 
112 150 
1060 150 
150 1273 
1749 150 
150 908 
150 1734 
994 150 
2116 150 
2354 150 
150 350 
150 2730 
675 1371 
675 330 
675 4308 
675 2117 
1345 675 
3584 675 
675 771 
675 1560 
675 216 
675 4067 
675 3864 
675 1677 
675 692 
675 1943 
675 723 
675 348 
675 1002 
675 4452 
675 1804 
675 2723 
4272 675 
675 426 
675 3785 
675 2073 
675 687 
675 2954 
675 3001 
3505 675 
675 4271 
675 4036 
49 675 
4400 675 
675 158 
4464 675 
675 1685 
675 3782 
675 282 
2 675 
675 474 
675 3175 
1265 675 
675 1626 
2849 675 
675 869 
675 3359 
675 3540 
675 93 
675 4214 
675 3534 
4065 675 
2370 675 
675 3220 
675 3435 
675 1911 
675 1934 
128 675 
3570 675 
2914 675 
2688 675 
675 2461 
4114 675 
675 148 
112 675 
675 1060 
675 1273 
675 1749 
675 908 
675 1734 
994 675 
675 2116 
2354 675 
675 350 
675 2730 
330 1371 
4308 1371 
2117 1371 
1345 1371 
3584 1371 
771 1371 
1560 1371 
216 1371 
4067 1371 
3864 1371 
1371 1677 
692 1371 
1943 1371 
723 1371 
1371 348 
1002 1371 
4452 1371 
1371 1804 
2723 1371 
4272 1371 
426 1371 
3785 1371 
2073 1371 
1371 687 
2954 1371 
3001 1371 
3505 1371 
1371 4271 
4036 1371 
49 1371 
4400 1371 
1371 158 
4464 1371 
1685 1371 
3782 1371 
282 1371 
2 1371 
474 1371 
3175 1371 
1265 1371 
1626 1371 
2849 1371 
869 1371 
1371 3359 
3540 1371 
1371 93 
4214 1371 
1371 3534 
4065 1371 
2370 1371 
3220 1371 
1371 3435 
1911 1371 
1371 1934 
128 1371 
3570 1371 
2914 1371 
2688 1371 
1371 2461 
4114 1371 
148 1371 
112 1371 
1060 1371 
1273 1371 
1749 1371 
1371 908 
1734 1371 
994 1371 
2116 1371 
2354 1371 
1371 350 
2730 1371 
4308 330 
2117 330 
1345 330 
3584 330 
771 330 
1560 330 
216 330 
4067 330 
3864 330 
330 1677 
692 330 
1943 330 
723 330 
330 348 
330 1002 
4452 330 
330 1804 
2723 330 
4272 330 
330 426 
3785 330 
2073 330 
330 687 
330 2954 
3001 330 
3505 330 
330 4271 
4036 330 
49 330 
4400 330 
330 158 
4464 330 
1685 330 
3782 330 
330 282 
2 330 
330 474 
3175 330 
1265 330 
330 1626 
2849 330 
869 330 
330 3359 
3540 330 
330 93 
4214 330 
330 3534 
4065 330 
2370 330 
3220 330 
330 3435 
1911 330 
330 1934 
128 330 
3570 330 
2914 330 
2688 330 
330 2461 
4114 330 
148 330 
112 330 
1060 330 
1273 330 
1749 330 
330 908 
1734 330 
994 330 
2116 330 
2354 330 
330 350 
330 2730 
4308 2117 
1345 4308 
3584 4308 
771 4308 
4308 1560 
4308 216 
4067 4308 
4308 3864 
4308 1677 
4308 692 
4308 1943 
723 4308 
4308 348 
4308 1002 
4308 4452 
4308 1804 
2723 4308 
4272 4308 
4308 426 
4308 3785 
4308 2073 
4308 687 
4308 2954 
4308 3001 
3505 4308 
4308 4271 
4308 4036 
49 4308 
4400 4308 
4308 158 
4464 4308 
4308 1685 
4308 3782 
4308 282 
2 4308 
4308 474 
4308 3175 
1265 4308 
4308 1626 
2849 4308 
4308 869 
4308 3359 
4308 3540 
4308 93 
4308 4214 
4308 3534 
4065 4308 
2370 4308 
4308 3220 
4308 3435 
4308 1911 
4308 1934 
128 4308 
3570 4308 
2914 4308 
2688 4308 
4308 2461 
4114 4308 
4308 148 
112 4308 
4308 1060 
4308 1273 
4308 1749 
4308 908 
4308 1734 
994 4308 
4308 2116 
2354 4308 
4308 350 
4308 2730 
1345 2117 
3584 2117 
771 2117 
2117 1560 
2117 216 
4067 2117 
2117 3864 
2117 1677 
692 2117 
2117 1943 
723 2117 
2117 348 
2117 1002 
4452 2117 
2117 1804 
2723 2117 
4272 2117 
2117 426 
2117 3785 
2117 2073 
2117 687 
2117 2954 
2117 3001 
3505 2117 
2117 4271 
4036 2117 
49 2117 
4400 2117 
2117 158 
4464 2117 
2117 1685 
2117 3782 
2117 282 
2 2117 
2117 474 
2117 3175 
1265 2117 
2117 1626 
2849 2117 
2117 869 
2117 3359 
3540 2117 
2117 93 
2117 4214 
2117 3534 
4065 2117 
2370 2117 
3220 2117 
2117 3435 
2117 1911 
2117 1934 
128 2117 
3570 2117 
2914 2117 
2688 2117 
2117 2461 
4114 2117 
148 2117 
112 2117 
1060 2117 
2117 1273 
2117 1749 
2117 908 
2117 1734 
994 2117 
2116 2117 
2354 2117 
2117 350 
2117 2730 
3584 1345 
1345 771 
1345 1560 
1345 216 
1345 4067 
1345 3864 
1345 1677 
1345 692 
1345 1943 
1345 723 
1345 348 
1345 1002 
1345 4452 
1345 1804 
1345 2723 
4272 1345 
1345 426 
1345 3785 
1345 2073 
1345 687 
1345 2954 
1345 3001 
1345 3505 
1345 4271 
1345 4036 
1345 49 
4400 1345 
1345 158 
4464 1345 
1345 1685 
1345 3782 
1345 282 
1345 2 
1345 474 
1345 3175 
1345 1265 
1345 1626 
1345 2849 
1345 869 
1345 3359 
1345 3540 
1345 93 
1345 4214 
1345 3534 
1345 4065 
1345 2370 
1345 3220 
1345 3435 
1345 1911 
1345 1934 
128 1345 
1345 3570 
1345 2914 
2688 1345 
1345 2461 
1345 4114 
1345 148 
112 1345 
1345 1060 
1345 1273 
1345 1749 
1345 908 
1345 1734 
1345 994 
1345 2116 
1345 2354 
1345 350 
1345 2730 
3584 771 
3584 1560 
3584 216 
3584 4067 
3584 3864 
3584 1677 
3584 692 
3584 1943 
3584 723 
3584 348 
3584 1002 
3584 4452 
3584 1804 
3584 2723 
3584 4272 
3584 426 
3584 3785 
3584 2073 
3584 687 
3584 2954 
3584 3001 
3584 3505 
3584 4271 
3584 4036 
3584 49 
3584 4400 
3584 158 
3584 4464 
3584 1685 
3584 3782 
3584 282 
3584 2 
3584 474 
3584 3175 
3584 1265 
3584 1626 
3584 2849 
3584 869 
3584 3359 
3584 3540 
3584 93 
3584 4214 
3584 3534 
3584 4065 
3584 2370 
3584 3220 
3584 3435 
3584 1911 
3584 1934 
3584 128 
3584 3570 
3584 2914 
3584 2688 
3584 2461 
3584 4114 
3584 148 
3584 112 
3584 1060 
3584 1273 
3584 1749 
3584 908 
3584 1734 
3584 994 
3584 2116 
3584 2354 
3584 350 
3584 2730 
771 1560 
771 216 
771 4067 
771 3864 
771 1677 
771 692 
771 1943 
771 723 
771 348 
771 1002 
771 4452 
771 1804 
771 2723 
4272 771 
771 426 
771 3785 
771 2073 
771 687 
771 2954 
771 3001 
3505 771 
771 4271 
771 4036 
49 771 
4400 771 
771 158 
4464 771 
771 1685 
771 3782 
771 282 
2 771 
771 474 
771 3175 
1265 771 
771 1626 
2849 771 
771 869 
771 3359 
771 3540 
771 93 
771 4214 
771 3534 
4065 771 
2370 771 
771 3220 
771 3435 
771 1911 
771 1934 
128 771 
3570 771 
2914 771 
2688 771 
771 2461 
4114 771 
771 148 
112 771 
771 1060 
771 1273 
771 1749 
771 908 
771 1734 
994 771 
771 2116 
2354 771 
771 350 
771 2730 
1560 216 
4067 1560 
1560 3864 
1560 1677 
692 1560 
1943 1560 
723 1560 
1560 348 
1560 1002 
4452 1560 
1560 1804 
2723 1560 
4272 1560 
1560 426 
1560 3785 
1560 2073 
1560 687 
1560 2954 
1560 3001 
3505 1560 
1560 4271 
4036 1560 
49 1560 
4400 1560 
1560 158 
4464 1560 
1685 1560 
3782 1560 
1560 282 
2 1560 
1560 474 
3175 1560 
1265 1560 
1560 1626 
2849 1560 
869 1560 
1560 3359 
3540 1560 
1560 93 
4214 1560 
1560 3534 
4065 1560 
2370 1560 
3220 1560 
1560 3435 
1911 1560 
1560 1934 
128 1560 
3570 1560 
2914 1560 
2688 1560 
1560 2461 
4114 1560 
148 1560 
112 1560 
1060 1560 
1560 1273 
1749 1560 
1560 908 
1734 1560 
994 1560 
2116 1560 
2354 1560 
1560 350 
1560 2730 
4067 216 
216 3864 
216 1677 
692 216 
1943 216 
723 216 
216 348 
216 1002 
4452 216 
216 1804 
2723 216 
4272 216 
216 426 
216 3785 
216 2073 
216 687 
216 2954 
216 3001 
3505 216 
216 4271 
4036 216 
49 216 
4400 216 
216 158 
4464 216 
1685 216 
3782 216 
216 282 
2 216 
216 474 
3175 216 
1265 216 
216 1626 
2849 216 
869 216 
216 3359 
3540 216 
216 93 
4214 216 
216 3534 
4065 216 
2370 216 
3220 216 
216 3435 
1911 216 
216 1934 
128 216 
3570 216 
2914 216 
2688 216 
216 2461 
4114 216 
148 216 
112 216 
1060 216 
216 1273 
1749 216 
216 908 
1734 216 
994 216 
2116 216 
2354 216 
216 350 
216 2730 
4067 3864 
4067 1677 
4067 692 
4067 1943 
4067 723 
4067 348 
4067 1002 
4067 4452 
4067 1804 
4067 2723 
4272 4067 
4067 426 
4067 3785 
4067 2073 
4067 687 
4067 2954 
4067 3001 
3505 4067 
4067 4271 
4067 4036 
49 4067 
4400 4067 
4067 158 
4464 4067 
4067 1685 
4067 3782 
4067 282 
2 4067 
4067 474 
4067 3175 
1265 4067 
4067 1626 
2849 4067 
4067 869 
4067 3359 
4067 3540 
4067 93 
4067 4214 
4067 3534 
4065 4067 
2370 4067 
4067 3220 
4067 3435 
4067 1911 
4067 1934 
128 4067 
3570 4067 
2914 4067 
2688 4067 
4067 2461 
4114 4067 
4067 148 
112 4067 
4067 1060 
4067 1273 
4067 1749 
4067 908 
4067 1734 
994 4067 
4067 2116 
2354 4067 
4067 350 
4067 2730 
3864 1677 
692 3864 
1943 3864 
723 3864 
3864 348 
3864 1002 
4452 3864 
3864 1804 
2723 3864 
4272 3864 
3864 426 
3864 3785 
3864 2073 
3864 687 
3864 2954 
3864 3001 
3505 3864 
3864 4271 
4036 3864 
49 3864 
4400 3864 
3864 158 
4464 3864 
1685 3864 
3782 3864 
3864 282 
2 3864 
3864 474 
3175 3864 
1265 3864 
3864 1626 
2849 3864 
869 3864 
3864 3359 
3540 3864 
3864 93 
4214 3864 
3864 3534 
4065 3864 
2370 3864 
3220 3864 
3864 3435 
1911 3864 
3864 1934 
128 3864 
3570 3864 
2914 3864 
2688 3864 
3864 2461 
4114 3864 
148 3864 
112 3864 
1060 3864 
3864 1273 
1749 3864 
3864 908 
1734 3864 
994 3864 
2116 3864 
2354 3864 
3864 350 
3864 2730 
692 1677 
1943 1677 
723 1677 
348 1677 
1002 1677 
4452 1677 
1804 1677 
2723 1677 
4272 1677 
426 1677 
3785 1677 
2073 1677 
1677 687 
2954 1677 
3001 1677 
3505 1677 
1677 4271 
4036 1677 
49 1677 
4400 1677 
1677 158 
4464 1677 
1685 1677 
3782 1677 
282 1677 
2 1677 
474 1677 
3175 1677 
1265 1677 
1626 1677 
2849 1677 
869 1677 
1677 3359 
3540 1677 
1677 93 
4214 1677 
1677 3534 
4065 1677 
2370 1677 
3220 1677 
3435 1677 
1911 1677 
1677 1934 
128 1677 
3570 1677 
2914 1677 
2688 1677 
1677 2461 
4114 1677 
148 1677 
112 1677 
1060 1677 
1273 1677 
1749 1677 
908 1677 
1734 1677 
994 1677 
2116 1677 
2354 1677 
1677 350 
2730 1677 
692 1943 
723 692 
692 348 
692 1002 
692 4452 
692 1804 
2723 692 
4272 692 
692 426 
692 3785 
692 2073 
692 687 
692 2954 
692 3001 
3505 692 
692 4271 
692 4036 
49 692 
4400 692 
692 158 
4464 692 
692 1685 
692 3782 
692 282 
2 692 
692 474 
692 3175 
1265 692 
692 1626 
2849 692 
692 869 
692 3359 
692 3540 
692 93 
692 4214 
692 3534 
4065 692 
2370 692 
692 3220 
692 3435 
692 1911 
692 1934 
128 692 
3570 692 
2914 692 
2688 692 
692 2461 
4114 692 
692 148 
112 692 
692 1060 
692 1273 
692 1749 
692 908 
692 1734 
994 692 
692 2116 
2354 692 
692 350 
692 2730 
723 1943 
1943 348 
1943 1002 
4452 1943 
1943 1804 
2723 1943 
4272 1943 
1943 426 
1943 3785 
1943 2073 
1943 687 
1943 2954 
1943 3001 
3505 1943 
1943 4271 
4036 1943 
49 1943 
4400 1943 
1943 158 
4464 1943 
1685 1943 
3782 1943 
1943 282 
2 1943 
1943 474 
1943 3175 
1265 1943 
1943 1626 
2849 1943 
869 1943 
1943 3359 
3540 1943 
1943 93 
4214 1943 
1943 3534 
4065 1943 
2370 1943 
3220 1943 
1943 3435 
1943 1911 
1943 1934 
128 1943 
3570 1943 
2914 1943 
2688 1943 
1943 2461 
4114 1943 
148 1943 
112 1943 
1060 1943 
1943 1273 
1749 1943 
1943 908 
1734 1943 
994 1943 
2116 1943 
2354 1943 
1943 350 
1943 2730 
723 348 
723 1002 
723 4452 
723 1804 
723 2723 
4272 723 
723 426 
723 3785 
723 2073 
723 687 
723 2954 
723 3001 
3505 723 
723 4271 
723 4036 
49 723 
4400 723 
723 158 
4464 723 
723 1685 
723 3782 
723 282 
2 723 
723 474 
723 3175 
1265 723 
723 1626 
2849 723 
723 869 
723 3359 
723 3540 
723 93 
723 4214 
723 3534 
4065 723 
2370 723 
723 3220 
723 3435 
723 1911 
723 1934 
128 723 
3570 723 
2914 723 
2688 723 
723 2461 
4114 723 
723 148 
112 723 
723 1060 
723 1273 
723 1749 
723 908 
723 1734 
994 723 
723 2116 
2354 723 
723 350 
723 2730 
1002 348 
4452 348 
348 1804 
2723 348 
4272 348 
426 348 
3785 348 
2073 348 
348 687 
2954 348 
3001 348 
3505 348 
348 4271 
4036 348 
49 348 
4400 348 
348 158 
4464 348 
1685 348 
3782 348 
282 348 
2 348 
474 348 
3175 348 
1265 348 
1626 348 
2849 348 
869 348 
348 3359 
3540 348 
348 93 
4214 348 
348 3534 
4065 348 
2370 348 
3220 348 
3435 348 
1911 348 
348 1934 
128 348 
3570 348 
2914 348 
2688 348 
348 2461 
4114 348 
148 348 
112 348 
1060 348 
1273 348 
1749 348 
348 908 
1734 348 
994 348 
2116 348 
2354 348 
348 350 
2730 348 
4452 1002 
1002 1804 
2723 1002 
4272 1002 
1002 426 
3785 1002 
2073 1002 
1002 687 
1002 2954 
3001 1002 
3505 1002 
1002 4271 
4036 1002 
49 1002 
4400 1002 
1002 158 
4464 1002 
1685 1002 
3782 1002 
1002 282 
2 1002 
1002 474 
3175 1002 
1265 1002 
1002 1626 
2849 1002 
869 1002 
1002 3359 
3540 1002 
1002 93 
4214 1002 
1002 3534 
4065 1002 
2370 1002 
3220 1002 
1002 3435 
1911 1002 
1002 1934 
128 1002 
3570 1002 
2914 1002 
2688 1002 
1002 2461 
4114 1002 
148 1002 
112 1002 
1060 1002 
1273 1002 
1749 1002 
1002 908 
1734 1002 
994 1002 
2116 1002 
2354 1002 
1002 350 
1002 2730 
4452 1804 
2723 4452 
4272 4452 
4452 426 
4452 3785 
4452 2073 
4452 687 
4452 2954 
4452 3001 
3505 4452 
4452 4271 
4452 4036 
49 4452 
4400 4452 
4452 158 
4464 4452 
4452 1685 
4452 3782 
4452 282 
2 4452 
4452 474 
4452 3175 
1265 4452 
4452 1626 
2849 4452 
4452 869 
4452 3359 
4452 3540 
4452 93 
4452 4214 
4452 3534 
4065 4452 
2370 4452 
4452 3220 
4452 3435 
4452 1911 
4452 1934 
128 4452 
3570 4452 
2914 4452 
2688 4452 
4452 2461 
4114 4452 
4452 148 
112 4452 
4452 1060 
4452 1273 
4452 1749 
4452 908 
4452 1734 
994 4452 
4452 2116 
2354 4452 
4452 350 
4452 2730 
2723 1804 
4272 1804 
426 1804 
3785 1804 
2073 1804 
1804 687 
2954 1804 
3001 1804 
3505 1804 
1804 4271 
4036 1804 
49 1804 
4400 1804 
1804 158 
4464 1804 
1685 1804 
3782 1804 
282 1804 
2 1804 
474 1804 
3175 1804 
1265 1804 
1626 1804 
2849 1804 
869 1804 
1804 3359 
3540 1804 
1804 93 
4214 1804 
1804 3534 
4065 1804 
2370 1804 
3220 1804 
3435 1804 
1911 1804 
1804 1934 
128 1804 
3570 1804 
2914 1804 
2688 1804 
1804 2461 
4114 1804 
148 1804 
112 1804 
1060 1804 
1273 1804 
1749 1804 
1804 908 
1734 1804 
994 1804 
2116 1804 
2354 1804 
1804 350 
2730 1804 
4272 2723 
2723 426 
2723 3785 
2723 2073 
2723 687 
2723 2954 
2723 3001 
3505 2723 
2723 4271 
2723 4036 
49 2723 
4400 2723 
2723 158 
4464 2723 
2723 1685 
2723 3782 
2723 282 
2 2723 
2723 474 
2723 3175 
1265 2723 
2723 1626 
2849 2723 
2723 869 
2723 3359 
2723 3540 
2723 93 
2723 4214 
2723 3534 
4065 2723 
2370 2723 
2723 3220 
2723 3435 
2723 1911 
2723 1934 
128 2723 
3570 2723 
2914 2723 
2688 2723 
2723 2461 
4114 2723 
2723 148 
112 2723 
2723 1060 
2723 1273 
2723 1749 
2723 908 
2723 1734 
994 2723 
2723 2116 
2354 2723 
2723 350 
2723 2730 
4272 426 
4272 3785 
4272 2073 
4272 687 
4272 2954 
4272 3001 
4272 3505 
4272 4271 
4272 4036 
4272 49 
4272 4400 
4272 158 
4272 4464 
4272 1685 
4272 3782 
4272 282 
4272 2 
4272 474 
4272 3175 
4272 1265 
4272 1626 
4272 2849 
4272 869 
4272 3359 
4272 3540 
4272 93 
4272 4214 
4272 3534 
4272 4065 
4272 2370 
4272 3220 
4272 3435 
4272 1911 
4272 1934 
4272 128 
4272 3570 
4272 2914 
4272 2688 
4272 2461 
4272 4114 
4272 148 
4272 112 
4272 1060 
4272 1273 
4272 1749 
4272 908 
4272 1734 
4272 994 
4272 2116 
4272 2354 
4272 350 
4272 2730 
3785 426 
2073 426 
426 687 
426 2954 
3001 426 
3505 426 
426 4271 
4036 426 
49 426 
4400 426 
426 158 
4464 426 
1685 426 
3782 426 
426 282 
2 426 
426 474 
3175 426 
1265 426 
426 1626 
2849 426 
869 426 
426 3359 
3540 426 
426 93 
4214 426 
426 3534 
4065 426 
2370 426 
3220 426 
426 3435 
1911 426 
426 1934 
128 426 
3570 426 
2914 426 
2688 426 
426 2461 
4114 426 
148 426 
112 426 
1060 426 
1273 426 
1749 426 
426 908 
1734 426 
994 426 
2116 426 
2354 426 
426 350 
426 2730 
3785 2073 
3785 687 
3785 2954 
3785 3001 
3505 3785 
3785 4271 
4036 3785 
49 3785 
4400 3785 
3785 158 
4464 3785 
1685 3785 
3782 3785 
3785 282 
2 3785 
3785 474 
3175 3785 
1265 3785 
3785 1626 
2849 3785 
869 3785 
3785 3359 
3540 3785 
3785 93 
4214 3785 
3785 3534 
4065 3785 
2370 3785 
3220 3785 
3785 3435 
1911 3785 
3785 1934 
128 3785 
3570 3785 
2914 3785 
2688 3785 
3785 2461 
4114 3785 
148 3785 
112 3785 
1060 3785 
3785 1273 
1749 3785 
3785 908 
1734 3785 
994 3785 
2116 3785 
2354 3785 
3785 350 
3785 2730 
2073 687 
2073 2954 
2073 3001 
3505 2073 
2073 4271 
4036 2073 
49 2073 
4400 2073 
2073 158 
4464 2073 
1685 2073 
3782 2073 
2073 282 
2 2073 
2073 474 
3175 2073 
1265 2073 
2073 1626 
2849 2073 
869 2073 
2073 3359 
3540 2073 
2073 93 
4214 2073 
2073 3534 
4065 2073 
2370 2073 
3220 2073 
2073 3435 
1911 2073 
2073 1934 
128 2073 
3570 2073 
2914 2073 
2688 2073 
2073 2461 
4114 2073 
148 2073 
112 2073 
1060 2073 
2073 1273 
1749 2073 
2073 908 
1734 2073 
994 2073 
2116 2073 
2354 2073 
2073 350 
2073 2730 
2954 687 
3001 687 
3505 687 
687 4271 
4036 687 
49 687 
4400 687 
158 687 
4464 687 
1685 687 
3782 687 
282 687 
2 687 
474 687 
3175 687 
1265 687 
1626 687 
2849 687 
869 687 
687 3359 
3540 687 
93 687 
4214 687 
3534 687 
4065 687 
2370 687 
3220 687 
3435 687 
1911 687 
1934 687 
128 687 
3570 687 
2914 687 
2688 687 
2461 687 
4114 687 
148 687 
112 687 
1060 687 
1273 687 
1749 687 
908 687 
1734 687 
994 687 
2116 687 
2354 687 
350 687 
2730 687 
3001 2954 
3505 2954 
2954 4271 
4036 2954 
49 2954 
4400 2954 
2954 158 
4464 2954 
1685 2954 
3782 2954 
2954 282 
2 2954 
2954 474 
3175 2954 
1265 2954 
2954 1626 
2849 2954 
869 2954 
2954 3359 
3540 2954 
2954 93 
4214 2954 
2954 3534 
4065 2954 
2370 2954 
3220 2954 
2954 3435 
1911 2954 
2954 1934 
128 2954 
3570 2954 
2914 2954 
2688 2954 
2954 2461 
4114 2954 
148 2954 
112 2954 
1060 2954 
1273 2954 
1749 2954 
2954 908 
1734 2954 
994 2954 
2116 2954 
2354 2954 
2954 350 
2954 2730 
3505 3001 
3001 4271 
4036 3001 
49 3001 
4400 3001 
3001 158 
4464 3001 
1685 3001 
3782 3001 
3001 282 
2 3001 
3001 474 
3175 3001 
1265 3001 
3001 1626 
2849 3001 
869 3001 
3001 3359 
3540 3001 
3001 93 
4214 3001 
3001 3534 
4065 3001 
2370 3001 
3220 3001 
3001 3435 
1911 3001 
3001 1934 
128 3001 
3570 3001 
2914 3001 
2688 3001 
3001 2461 
4114 3001 
148 3001 
112 3001 
1060 3001 
3001 1273 
1749 3001 
3001 908 
1734 3001 
994 3001 
2116 3001 
2354 3001 
3001 350 
3001 2730 
3505 4271 
3505 4036 
3505 49 
4400 3505 
3505 158 
4464 3505 
3505 1685 
3505 3782 
3505 282 
3505 2 
3505 474 
3505 3175 
3505 1265 
3505 1626 
3505 2849 
3505 869 
3505 3359 
3505 3540 
3505 93 
3505 4214 
3505 3534 
3505 4065 
3505 2370 
3505 3220 
3505 3435 
3505 1911 
3505 1934 
128 3505 
3505 3570 
3505 2914 
2688 3505 
3505 2461 
3505 4114 
3505 148 
112 3505 
3505 1060 
3505 1273 
3505 1749 
3505 908 
3505 1734 
3505 994 
3505 2116 
3505 2354 
3505 350 
3505 2730 
4036 4271 
49 4271 
4400 4271 
158 4271 
4464 4271 
1685 4271 
3782 4271 
282 4271 
2 4271 
474 4271 
3175 4271 
1265 4271 
1626 4271 
2849 4271 
869 4271 
4271 3359 
3540 4271 
93 4271 
4214 4271 
3534 4271 
4065 4271 
2370 4271 
3220 4271 
3435 4271 
1911 4271 
1934 4271 
128 4271 
3570 4271 
2914 4271 
2688 4271 
2461 4271 
4114 4271 
148 4271 
112 4271 
1060 4271 
1273 4271 
1749 4271 
908 4271 
1734 4271 
994 4271 
2116 4271 
2354 4271 
350 4271 
2730 4271 
49 4036 
4400 4036 
4036 158 
4464 4036 
4036 1685 
4036 3782 
4036 282 
2 4036 
4036 474 
4036 3175 
1265 4036 
4036 1626 
2849 4036 
4036 869 
4036 3359 
4036 3540 
4036 93 
4036 4214 
4036 3534 
4065 4036 
2370 4036 
4036 3220 
4036 3435 
4036 1911 
4036 1934 
128 4036 
3570 4036 
2914 4036 
2688 4036 
4036 2461 
4114 4036 
4036 148 
112 4036 
4036 1060 
4036 1273 
4036 1749 
4036 908 
4036 1734 
994 4036 
4036 2116 
2354 4036 
4036 350 
4036 2730 
4400 49 
49 158 
4464 49 
49 1685 
49 3782 
49 282 
49 2 
49 474 
49 3175 
49 1265 
49 1626 
49 2849 
49 869 
49 3359 
49 3540 
49 93 
49 4214 
49 3534 
49 4065 
49 2370 
49 3220 
49 3435 
49 1911 
49 1934 
128 49 
49 3570 
49 2914 
2688 49 
49 2461 
49 4114 
49 148 
112 49 
49 1060 
49 1273 
49 1749 
49 908 
49 1734 
49 994 
49 2116 
49 2354 
49 350 
49 2730 
4400 158 
4400 4464 
4400 1685 
4400 3782 
4400 282 
4400 2 
4400 474 
4400 3175 
4400 1265 
4400 1626 
4400 2849 
4400 869 
4400 3359 
4400 3540 
4400 93 
4400 4214 
4400 3534 
4400 4065 
4400 2370 
4400 3220 
4400 3435 
4400 1911 
4400 1934 
4400 128 
4400 3570 
4400 2914 
4400 2688 
4400 2461 
4400 4114 
4400 148 
4400 112 
4400 1060 
4400 1273 
4400 1749 
4400 908 
4400 1734 
4400 994 
4400 2116 
4400 2354 
4400 350 
4400 2730 
4464 158 
1685 158 
3782 158 
282 158 
2 158 
474 158 
3175 158 
1265 158 
1626 158 
2849 158 
869 158 
158 3359 
3540 158 
93 158 
4214 158 
158 3534 
4065 158 
2370 158 
3220 158 
3435 158 
1911 158 
158 1934 
128 158 
3570 158 
2914 158 
2688 158 
2461 158 
4114 158 
148 158 
112 158 
1060 158 
1273 158 
1749 158 
908 158 
1734 158 
994 158 
2116 158 
2354 158 
158 350 
2730 158 
4464 1685 
4464 3782 
4464 282 
4464 2 
4464 474 
4464 3175 
4464 1265 
4464 1626 
4464 2849 
4464 869 
4464 3359 
4464 3540 
4464 93 
4464 4214 
4464 3534 
4464 4065 
4464 2370 
4464 3220 
4464 3435 
4464 1911 
4464 1934 
4464 128 
4464 3570 
4464 2914 
4464 2688 
4464 2461 
4464 4114 
4464 148 
4464 112 
4464 1060 
4464 1273 
4464 1749 
4464 908 
4464 1734 
4464 994 
4464 2116 
4464 2354 
4464 350 
4464 2730 
1685 3782 
1685 282 
2 1685 
1685 474 
1685 3175 
1265 1685 
1685 1626 
2849 1685 
1685 869 
1685 3359 
3540 1685 
1685 93 
1685 4214 
1685 3534 
4065 1685 
2370 1685 
3220 1685 
1685 3435 
1685 1911 
1685 1934 
128 1685 
3570 1685 
2914 1685 
2688 1685 
1685 2461 
4114 1685 
148 1685 
112 1685 
1060 1685 
1685 1273 
1685 1749 
1685 908 
1685 1734 
994 1685 
2116 1685 
2354 1685 
1685 350 
1685 2730 
3782 282 
2 3782 
3782 474 
3782 3175 
1265 3782 
3782 1626 
2849 3782 
869 3782 
3782 3359 
3540 3782 
3782 93 
3782 4214 
3782 3534 
4065 3782 
2370 3782 
3220 3782 
3782 3435 
3782 1911 
3782 1934 
128 3782 
3570 3782 
2914 3782 
2688 3782 
3782 2461 
4114 3782 
148 3782 
112 3782 
1060 3782 
3782 1273 
1749 3782 
3782 908 
3782 1734 
994 3782 
2116 3782 
2354 3782 
3782 350 
3782 2730 
2 282 
282 474 
3175 282 
1265 282 
282 1626 
2849 282 
869 282 
282 3359 
3540 282 
282 93 
4214 282 
282 3534 
4065 282 
2370 282 
3220 282 
282 3435 
1911 282 
282 1934 
128 282 
3570 282 
2914 282 
2688 282 
282 2461 
4114 282 
148 282 
112 282 
1060 282 
1273 282 
1749 282 
282 908 
1734 282 
994 282 
2116 282 
2354 282 
282 350 
282 2730 
2 474 
2 3175 
1265 2 
2 1626 
2849 2 
2 869 
2 3359 
2 3540 
2 93 
2 4214 
2 3534 
4065 2 
2 2370 
2 3220 
2 3435 
2 1911 
2 1934 
128 2 
2 3570 
2 2914 
2688 2 
2 2461 
2 4114 
2 148 
112 2 
2 1060 
2 1273 
2 1749 
2 908 
2 1734 
2 994 
2 2116 
2 2354 
2 350 
2 2730 
3175 474 
1265 474 
474 1626 
2849 474 
869 474 
474 3359 
3540 474 
474 93 
4214 474 
474 3534 
4065 474 
2370 474 
3220 474 
474 3435 
1911 474 
474 1934 
128 474 
3570 474 
2914 474 
2688 474 
474 2461 
4114 474 
148 474 
112 474 
1060 474 
1273 474 
1749 474 
474 908 
1734 474 
994 474 
2116 474 
2354 474 
474 350 
474 2730 
1265 3175 
3175 1626 
2849 3175 
869 3175 
3175 3359 
3540 3175 
3175 93 
4214 3175 
3175 3534 
4065 3175 
2370 3175 
3220 3175 
3175 3435 
3175 1911 
3175 1934 
128 3175 
3570 3175 
2914 3175 
2688 3175 
3175 2461 
4114 3175 
148 3175 
112 3175 
1060 3175 
3175 1273 
1749 3175 
3175 908 
1734 3175 
994 3175 
2116 3175 
2354 3175 
3175 350 
3175 2730 
1265 1626 
1265 2849 
1265 869 
1265 3359 
1265 3540 
1265 93 
1265 4214 
1265 3534 
1265 4065 
1265 2370 
1265 3220 
1265 3435 
1265 1911 
1265 1934 
128 1265 
1265 3570 
1265 2914 
2688 1265 
1265 2461 
1265 4114 
1265 148 
112 1265 
1265 1060 
1265 1273 
1265 1749 
1265 908 
1265 1734 
1265 994 
1265 2116 
1265 2354 
1265 350 
1265 2730 
2849 1626 
869 1626 
1626 3359 
3540 1626 
1626 93 
4214 1626 
1626 3534 
4065 1626 
2370 1626 
3220 1626 
1626 3435 
1911 1626 
1626 1934 
128 1626 
3570 1626 
2914 1626 
2688 1626 
1626 2461 
4114 1626 
148 1626 
112 1626 
1060 1626 
1273 1626 
1749 1626 
1626 908 
1734 1626 
994 1626 
2116 1626 
2354 1626 
1626 350 
1626 2730 
2849 869 
2849 3359 
2849 3540 
2849 93 
2849 4214 
2849 3534 
2849 4065 
2849 2370 
2849 3220 
2849 3435 
2849 1911 
2849 1934 
128 2849 
2849 3570 
2849 2914 
2688 2849 
2849 2461 
2849 4114 
2849 148 
112 2849 
2849 1060 
2849 1273 
2849 1749 
2849 908 
2849 1734 
2849 994 
2849 2116 
2849 2354 
2849 350 
2849 2730 
869 3359 
3540 869 
869 93 
869 4214 
869 3534 
4065 869 
2370 869 
3220 869 
869 3435 
869 1911 
869 1934 
128 869 
3570 869 
2914 869 
2688 869 
869 2461 
4114 869 
148 869 
112 869 
1060 869 
869 1273 
869 1749 
869 908 
869 1734 
994 869 
2116 869 
2354 869 
869 350 
869 2730 
3540 3359 
93 3359 
4214 3359 
3534 3359 
4065 3359 
2370 3359 
3220 3359 
3435 3359 
1911 3359 
1934 3359 
128 3359 
3570 3359 
2914 3359 
2688 3359 
2461 3359 
4114 3359 
148 3359 
112 3359 
1060 3359 
1273 3359 
1749 3359 
908 3359 
1734 3359 
994 3359 
2116 3359 
2354 3359 
350 3359 
2730 3359 
3540 93 
3540 4214 
3540 3534 
4065 3540 
2370 3540 
3540 3220 
3540 3435 
3540 1911 
3540 1934 
128 3540 
3570 3540 
2914 3540 
2688 3540 
3540 2461 
4114 3540 
3540 148 
112 3540 
3540 1060 
3540 1273 
3540 1749 
3540 908 
3540 1734 
994 3540 
3540 2116 
2354 3540 
3540 350 
3540 2730 
4214 93 
93 3534 
4065 93 
2370 93 
3220 93 
3435 93 
1911 93 
93 1934 
128 93 
3570 93 
2914 93 
2688 93 
93 2461 
4114 93 
148 93 
112 93 
1060 93 
1273 93 
1749 93 
908 93 
1734 93 
994 93 
2116 93 
2354 93 
93 350 
2730 93 
4214 3534 
4065 4214 
2370 4214 
3220 4214 
4214 3435 
4214 1911 
4214 1934 
128 4214 
3570 4214 
2914 4214 
2688 4214 
4214 2461 
4114 4214 
148 4214 
112 4214 
1060 4214 
4214 1273 
1749 4214 
4214 908 
4214 1734 
994 4214 
2116 4214 
2354 4214 
4214 350 
4214 2730 
4065 3534 
2370 3534 
3220 3534 
3435 3534 
1911 3534 
3534 1934 
128 3534 
3570 3534 
2914 3534 
2688 3534 
2461 3534 
4114 3534 
148 3534 
112 3534 
1060 3534 
1273 3534 
1749 3534 
908 3534 
1734 3534 
994 3534 
2116 3534 
2354 3534 
3534 350 
2730 3534 
4065 2370 
4065 3220 
4065 3435 
4065 1911 
4065 1934 
128 4065 
4065 3570 
4065 2914 
2688 4065 
4065 2461 
4065 4114 
4065 148 
112 4065 
4065 1060 
4065 1273 
4065 1749 
4065 908 
4065 1734 
4065 994 
4065 2116 
4065 2354 
4065 350 
4065 2730 
2370 3220 
2370 3435 
2370 1911 
2370 1934 
128 2370 
2370 3570 
2370 2914 
2688 2370 
2370 2461 
2370 4114 
2370 148 
112 2370 
2370 1060 
2370 1273 
2370 1749 
2370 908 
2370 1734 
2370 994 
2370 2116 
2370 2354 
2370 350 
2370 2730 
3220 3435 
3220 1911 
3220 1934 
128 3220 
3570 3220 
2914 3220 
2688 3220 
3220 2461 
4114 3220 
3220 148 
112 3220 
3220 1060 
3220 1273 
3220 1749 
3220 908 
3220 1734 
994 3220 
3220 2116 
2354 3220 
3220 350 
3220 2730 
1911 3435 
3435 1934 
128 3435 
3570 3435 
2914 3435 
2688 3435 
3435 2461 
4114 3435 
148 3435 
112 3435 
1060 3435 
1273 3435 
1749 3435 
3435 908 
1734 3435 
994 3435 
2116 3435 
2354 3435 
3435 350 
2730 3435 
1911 1934 
128 1911 
3570 1911 
2914 1911 
2688 1911 
1911 2461 
4114 1911 
148 1911 
112 1911 
1060 1911 
1911 1273 
1749 1911 
1911 908 
1734 1911 
994 1911 
2116 1911 
2354 1911 
1911 350 
1911 2730 
128 1934 
3570 1934 
2914 1934 
2688 1934 
2461 1934 
4114 1934 
148 1934 
112 1934 
1060 1934 
1273 1934 
1749 1934 
908 1934 
1734 1934 
994 1934 
2116 1934 
2354 1934 
1934 350 
2730 1934 
128 3570 
128 2914 
128 2688 
128 2461 
128 4114 
128 148 
128 112 
128 1060 
128 1273 
128 1749 
128 908 
128 1734 
128 994 
128 2116 
128 2354 
128 350 
128 2730 
3570 2914 
2688 3570 
3570 2461 
3570 4114 
3570 148 
112 3570 
3570 1060 
3570 1273 
3570 1749 
3570 908 
3570 1734 
3570 994 
3570 2116 
3570 2354 
3570 350 
3570 2730 
2688 2914 
2914 2461 
2914 4114 
2914 148 
112 2914 
2914 1060 
2914 1273 
2914 1749 
2914 908 
2914 1734 
2914 994 
2914 2116 
2914 2354 
2914 350 
2914 2730 
2688 2461 
2688 4114 
2688 148 
2688 112 
2688 1060 
2688 1273 
2688 1749 
2688 908 
2688 1734 
2688 994 
2688 2116 
2688 2354 
2688 350 
2688 2730 
4114 2461 
148 2461 
112 2461 
1060 2461 
1273 2461 
1749 2461 
908 2461 
1734 2461 
994 2461 
2116 2461 
2354 2461 
2461 350 
2730 2461 
4114 148 
112 4114 
4114 1060 
4114 1273 
4114 1749 
4114 908 
4114 1734 
4114 994 
4114 2116 
4114 2354 
4114 350 
4114 2730 
112 148 
148 1060 
148 1273 
148 1749 
148 908 
148 1734 
994 148 
148 2116 
2354 148 
148 350 
148 2730 
112 1060 
112 1273 
112 1749 
112 908 
112 1734 
112 994 
112 2116 
112 2354 
112 350 
112 2730 
1060 1273 
1060 1749 
1060 908 
1060 1734 
994 1060 
1060 2116 
2354 1060 
1060 350 
1060 2730 
1749 1273 
1273 908 
1734 1273 
994 1273 
2116 1273 
2354 1273 
1273 350 
1273 2730 
1749 908 
1749 1734 
994 1749 
2116 1749 
2354 1749 
1749 350 
1749 2730 
1734 908 
994 908 
2116 908 
2354 908 
908 350 
2730 908 
994 1734 
2116 1734 
2354 1734 
1734 350 
1734 2730 
994 2116 
994 2354 
994 350 
994 2730 
2354 2116 
2116 350 
2116 2730 
2354 350 
2354 2730 
2730 350 
4400 692 3864 
692 3864 2730 
692 150 3864 
692 3864 216 
692 3864 3001 
4114 692 3864 
2688 692 3864 
692 3864 158 
692 1911 3864 
692 3864 1934 
692 3864 348 
692 2117 3864 
2370 692 3864 
49 692 3864 
128 692 3864 
692 3864 1371 
692 3864 1273 
1265 692 3864 
2354 692 3864 
692 3864 1677 
4400 3864 2730 
4400 150 3864 
4400 3864 216 
4400 3864 3001 
4400 4114 3864 
4400 2688 3864 
4400 3864 158 
4400 1911 3864 
4400 3864 1934 
4400 3864 348 
4400 2117 3864 
4400 2370 3864 
4400 49 3864 
4400 128 3864 
4400 3864 1371 
4400 3864 1273 
4400 1265 3864 
4400 2354 3864 
4400 3864 1677 
150 3864 2730 
3864 216 2730 
3864 3001 2730 
4114 3864 2730 
2688 3864 2730 
3864 2730 158 
1911 3864 2730 
3864 2730 1934 
3864 2730 348 
2117 3864 2730 
2370 3864 2730 
49 3864 2730 
128 3864 2730 
3864 2730 1371 
3864 1273 2730 
1265 3864 2730 
2354 3864 2730 
3864 2730 1677 
150 3864 216 
150 3864 3001 
4114 150 3864 
2688 150 3864 
150 3864 158 
150 1911 3864 
150 3864 1934 
150 3864 348 
2117 150 3864 
2370 150 3864 
49 150 3864 
128 150 3864 
150 3864 1371 
150 3864 1273 
1265 150 3864 
2354 150 3864 
150 3864 1677 
3864 216 3001 
4114 3864 216 
2688 3864 216 
3864 216 158 
1911 3864 216 
3864 216 1934 
3864 216 348 
2117 3864 216 
2370 3864 216 
49 3864 216 
128 3864 216 
3864 216 1371 
3864 216 1273 
1265 3864 216 
2354 3864 216 
3864 216 1677 
4114 3864 3001 
2688 3864 3001 
3864 3001 158 
1911 3864 3001 
3864 3001 1934 
3864 3001 348 
2117 3864 3001 
2370 3864 3001 
49 3864 3001 
128 3864 3001 
3864 3001 1371 
3864 3001 1273 
1265 3864 3001 
2354 3864 3001 
3864 3001 1677 
2688 4114 3864 
4114 3864 158 
4114 1911 3864 
4114 3864 1934 
4114 3864 348 
4114 2117 3864 
4114 2370 3864 
49 4114 3864 
128 4114 3864 
4114 3864 1371 
4114 3864 1273 
1265 4114 3864 
4114 2354 3864 
4114 3864 1677 
2688 3864 158 
2688 1911 3864 
2688 3864 1934 
2688 3864 348 
2688 2117 3864 
2688 2370 3864 
2688 49 3864 
2688 128 3864 
2688 3864 1371 
2688 3864 1273 
2688 1265 3864 
2688 2354 3864 
2688 3864 1677 
1911 3864 158 
3864 158 1934 
3864 348 158 
2117 3864 158 
2370 3864 158 
49 3864 158 
128 3864 158 
3864 1371 158 
3864 1273 158 
1265 3864 158 
2354 3864 158 
3864 1677 158 
1911 3864 1934 
1911 3864 348 
2117 1911 3864 
2370 1911 3864 
49 1911 3864 
128 1911 3864 
1911 3864 1371 
1911 3864 1273 
1265 1911 3864 
2354 1911 3864 
1911 3864 1677 
3864 348 1934 
2117 3864 1934 
2370 3864 1934 
49 3864 1934 
128 3864 1934 
3864 1371 1934 
3864 1273 1934 
1265 3864 1934 
2354 3864 1934 
3864 1677 1934 
2117 3864 348 
2370 3864 348 
49 3864 348 
128 3864 348 
3864 1371 348 
3864 1273 348 
1265 3864 348 
2354 3864 348 
3864 348 1677 
2370 2117 3864 
49 2117 3864 
128 2117 3864 
2117 3864 1371 
2117 3864 1273 
1265 2117 3864 
2354 2117 3864 
2117 3864 1677 
49 2370 3864 
128 2370 3864 
2370 3864 1371 
2370 3864 1273 
1265 2370 3864 
2370 2354 3864 
2370 3864 1677 
128 49 3864 
49 3864 1371 
49 3864 1273 
49 1265 3864 
49 2354 3864 
49 3864 1677 
128 3864 1371 
128 3864 1273 
128 1265 3864 
128 2354 3864 
128 3864 1677 
3864 1273 1371 
1265 3864 1371 
2354 3864 1371 
3864 1371 1677 
1265 3864 1273 
2354 3864 1273 
3864 1273 1677 
1265 2354 3864 
1265 3864 1677 
2354 3864 1677 
4400 692 2730 
4400 692 150 
4400 692 216 
4400 692 3001 
4400 4114 692 
4400 2688 692 
4400 692 158 
4400 692 1911 
4400 692 1934 
4400 692 348 
4400 692 2117 
4400 2370 692 
4400 49 692 
4400 128 692 
4400 692 1371 
4400 692 1273 
4400 1265 692 
4400 2354 692 
4400 692 1677 
692 150 2730 
692 216 2730 
692 3001 2730 
4114 692 2730 
2688 692 2730 
692 2730 158 
692 1911 2730 
692 2730 1934 
692 2730 348 
692 2117 2730 
2370 692 2730 
49 692 2730 
128 692 2730 
692 2730 1371 
692 1273 2730 
1265 692 2730 
2354 692 2730 
692 2730 1677 
692 150 216 
692 150 3001 
4114 692 150 
2688 692 150 
692 150 158 
692 150 1911 
692 150 1934 
692 150 348 
692 2117 150 
2370 692 150 
49 692 150 
128 692 150 
692 150 1371 
692 150 1273 
1265 692 150 
2354 692 150 
692 150 1677 
692 216 3001 
4114 692 216 
2688 692 216 
692 216 158 
692 1911 216 
692 216 1934 
692 216 348 
692 2117 216 
2370 692 216 
49 692 216 
128 692 216 
692 216 1371 
692 216 1273 
1265 692 216 
2354 692 216 
692 216 1677 
4114 692 3001 
2688 692 3001 
692 3001 158 
692 1911 3001 
692 3001 1934 
692 3001 348 
692 2117 3001 
2370 692 3001 
49 692 3001 
128 692 3001 
692 3001 1371 
692 3001 1273 
1265 692 3001 
2354 692 3001 
692 3001 1677 
2688 4114 692 
4114 692 158 
4114 692 1911 
4114 692 1934 
4114 692 348 
4114 692 2117 
4114 2370 692 
49 4114 692 
128 4114 692 
4114 692 1371 
4114 692 1273 
1265 4114 692 
4114 2354 692 
4114 692 1677 
2688 692 158 
2688 692 1911 
2688 692 1934 
2688 692 348 
2688 692 2117 
2688 2370 692 
2688 49 692 
2688 128 692 
2688 692 1371 
2688 692 1273 
2688 1265 692 
2688 2354 692 
2688 692 1677 
692 1911 158 
692 158 1934 
692 348 158 
692 2117 158 
2370 692 158 
49 692 158 
128 692 158 
692 1371 158 
692 1273 158 
1265 692 158 
2354 692 158 
692 1677 158 
692 1911 1934 
692 1911 348 
692 2117 1911 
2370 692 1911 
49 692 1911 
128 692 1911 
692 1911 1371 
692 1911 1273 
1265 692 1911 
2354 692 1911 
692 1911 1677 
692 348 1934 
692 2117 1934 
2370 692 1934 
49 692 1934 
128 692 1934 
692 1371 1934 
692 1273 1934 
1265 692 1934 
2354 692 1934 
692 1677 1934 
692 2117 348 
2370 692 348 
49 692 348 
128 692 348 
692 1371 348 
692 1273 348 
1265 692 348 
2354 692 348 
692 348 1677 
2370 692 2117 
49 692 2117 
128 692 2117 
692 2117 1371 
692 2117 1273 
1265 692 2117 
2354 692 2117 
692 2117 1677 
49 2370 692 
128 2370 692 
2370 692 1371 
2370 692 1273 
1265 2370 692 
2370 2354 692 
2370 692 1677 
128 49 692 
49 692 1371 
49 692 1273 
49 1265 692 
49 2354 692 
49 692 1677 
128 692 1371 
128 692 1273 
128 1265 692 
128 2354 692 
128 692 1677 
692 1273 1371 
1265 692 1371 
2354 692 1371 
692 1371 1677 
1265 692 1273 
2354 692 1273 
692 1273 1677 
1265 2354 692 
1265 692 1677 
2354 692 1677 
4400 150 2730 
4400 216 2730 
4400 3001 2730 
4400 4114 2730 
4400 2688 2730 
4400 2730 158 
4400 1911 2730 
4400 2730 1934 
4400 2730 348 
4400 2117 2730 
4400 2370 2730 
4400 49 2730 
4400 128 2730 
4400 2730 1371 
4400 1273 2730 
4400 1265 2730 
4400 2354 2730 
4400 2730 1677 
4400 150 216 
4400 150 3001 
4400 4114 150 
4400 2688 150 
4400 150 158 
4400 150 1911 
4400 150 1934 
4400 150 348 
4400 2117 150 
4400 2370 150 
4400 49 150 
4400 128 150 
4400 150 1371 
4400 150 1273 
4400 1265 150 
4400 2354 150 
4400 150 1677 
4400 216 3001 
4400 4114 216 
4400 2688 216 
4400 216 158 
4400 1911 216 
4400 216 1934 
4400 216 348 
4400 2117 216 
4400 2370 216 
4400 49 216 
4400 128 216 
4400 216 1371 
4400 216 1273 
4400 1265 216 
4400 2354 216 
4400 216 1677 
4400 4114 3001 
4400 2688 3001 
4400 3001 158 
4400 1911 3001 
4400 3001 1934 
4400 3001 348 
4400 2117 3001 
4400 2370 3001 
4400 49 3001 
4400 128 3001 
4400 3001 1371 
4400 3001 1273 
4400 1265 3001 
4400 2354 3001 
4400 3001 1677 
4400 2688 4114 
4400 4114 158 
4400 4114 1911 
4400 4114 1934 
4400 4114 348 
4400 4114 2117 
4400 4114 2370 
4400 49 4114 
4400 128 4114 
4400 4114 1371 
4400 4114 1273 
4400 1265 4114 
4400 4114 2354 
4400 4114 1677 
4400 2688 158 
4400 2688 1911 
4400 2688 1934 
4400 2688 348 
4400 2688 2117 
4400 2688 2370 
4400 2688 49 
4400 2688 128 
4400 2688 1371 
4400 2688 1273 
4400 2688 1265 
4400 2688 2354 
4400 2688 1677 
4400 1911 158 
4400 158 1934 
4400 348 158 
4400 2117 158 
4400 2370 158 
4400 49 158 
4400 128 158 
4400 1371 158 
4400 1273 158 
4400 1265 158 
4400 2354 158 
4400 1677 158 
4400 1911 1934 
4400 1911 348 
4400 2117 1911 
4400 2370 1911 
4400 49 1911 
4400 128 1911 
4400 1911 1371 
4400 1911 1273 
4400 1265 1911 
4400 2354 1911 
4400 1911 1677 
4400 348 1934 
4400 2117 1934 
4400 2370 1934 
4400 49 1934 
4400 128 1934 
4400 1371 1934 
4400 1273 1934 
4400 1265 1934 
4400 2354 1934 
4400 1677 1934 
4400 2117 348 
4400 2370 348 
4400 49 348 
4400 128 348 
4400 1371 348 
4400 1273 348 
4400 1265 348 
4400 2354 348 
4400 348 1677 
4400 2370 2117 
4400 49 2117 
4400 128 2117 
4400 2117 1371 
4400 2117 1273 
4400 1265 2117 
4400 2354 2117 
4400 2117 1677 
4400 49 2370 
4400 128 2370 
4400 2370 1371 
4400 2370 1273 
4400 1265 2370 
4400 2370 2354 
4400 2370 1677 
4400 128 49 
4400 49 1371 
4400 49 1273 
4400 49 1265 
4400 49 2354 
4400 49 1677 
4400 128 1371 
4400 128 1273 
4400 128 1265 
4400 128 2354 
4400 128 1677 
4400 1273 1371 
4400 1265 1371 
4400 2354 1371 
4400 1371 1677 
4400 1265 1273 
4400 2354 1273 
4400 1273 1677 
4400 1265 2354 
4400 1265 1677 
4400 2354 1677 
150 216 2730 
150 3001 2730 
4114 150 2730 
2688 150 2730 
150 2730 158 
150 1911 2730 
150 2730 1934 
150 2730 348 
2117 150 2730 
2370 150 2730 
49 150 2730 
128 150 2730 
150 2730 1371 
150 1273 2730 
1265 150 2730 
2354 150 2730 
150 2730 1677 
216 3001 2730 
4114 216 2730 
2688 216 2730 
216 2730 158 
1911 216 2730 
216 2730 1934 
216 2730 348 
2117 216 2730 
2370 216 2730 
49 216 2730 
128 216 2730 
216 2730 1371 
216 1273 2730 
1265 216 2730 
2354 216 2730 
216 2730 1677 
4114 3001 2730 
2688 3001 2730 
3001 2730 158 
1911 3001 2730 
3001 2730 1934 
3001 2730 348 
2117 3001 2730 
2370 3001 2730 
49 3001 2730 
128 3001 2730 
3001 2730 1371 
3001 1273 2730 
1265 3001 2730 
2354 3001 2730 
3001 2730 1677 
2688 4114 2730 
4114 2730 158 
4114 1911 2730 
4114 2730 1934 
4114 2730 348 
4114 2117 2730 
4114 2370 2730 
49 4114 2730 
128 4114 2730 
4114 2730 1371 
4114 1273 2730 
1265 4114 2730 
4114 2354 2730 
4114 2730 1677 
2688 2730 158 
2688 1911 2730 
2688 2730 1934 
2688 2730 348 
2688 2117 2730 
2688 2370 2730 
2688 49 2730 
2688 128 2730 
2688 2730 1371 
2688 1273 2730 
2688 1265 2730 
2688 2354 2730 
2688 2730 1677 
1911 2730 158 
2730 158 1934 
2730 348 158 
2117 2730 158 
2370 2730 158 
49 2730 158 
128 2730 158 
2730 1371 158 
1273 2730 158 
1265 2730 158 
2354 2730 158 
2730 1677 158 
1911 2730 1934 
1911 2730 348 
2117 1911 2730 
2370 1911 2730 
49 1911 2730 
128 1911 2730 
1911 2730 1371 
1911 1273 2730 
1265 1911 2730 
2354 1911 2730 
1911 2730 1677 
2730 348 1934 
2117 2730 1934 
2370 2730 1934 
49 2730 1934 
128 2730 1934 
2730 1371 1934 
1273 2730 1934 
1265 2730 1934 
2354 2730 1934 
2730 1677 1934 
2117 2730 348 
2370 2730 348 
49 2730 348 
128 2730 348 
2730 1371 348 
1273 2730 348 
1265 2730 348 
2354 2730 348 
2730 348 1677 
2370 2117 2730 
49 2117 2730 
128 2117 2730 
2117 2730 1371 
2117 1273 2730 
1265 2117 2730 
2354 2117 2730 
2117 2730 1677 
49 2370 2730 
128 2370 2730 
2370 2730 1371 
2370 1273 2730 
1265 2370 2730 
2370 2354 2730 
2370 2730 1677 
128 49 2730 
49 2730 1371 
49 1273 2730 
49 1265 2730 
49 2354 2730 
49 2730 1677 
128 2730 1371 
128 1273 2730 
128 1265 2730 
128 2354 2730 
128 2730 1677 
1273 2730 1371 
1265 2730 1371 
2354 2730 1371 
2730 1371 1677 
1265 1273 2730 
2354 1273 2730 
1273 2730 1677 
1265 2354 2730 
1265 2730 1677 
2354 2730 1677 
150 216 3001 
4114 150 216 
2688 150 216 
150 216 158 
150 1911 216 
150 216 1934 
150 216 348 
2117 150 216 
2370 150 216 
49 150 216 
128 150 216 
150 216 1371 
150 216 1273 
1265 150 216 
2354 150 216 
150 216 1677 
4114 150 3001 
2688 150 3001 
150 3001 158 
150 1911 3001 
150 3001 1934 
150 3001 348 
2117 150 3001 
2370 150 3001 
49 150 3001 
128 150 3001 
150 3001 1371 
150 3001 1273 
1265 150 3001 
2354 150 3001 
150 3001 1677 
2688 4114 150 
4114 150 158 
4114 150 1911 
4114 150 1934 
4114 150 348 
4114 2117 150 
4114 2370 150 
49 4114 150 
128 4114 150 
4114 150 1371 
4114 150 1273 
1265 4114 150 
4114 2354 150 
4114 150 1677 
2688 150 158 
2688 150 1911 
2688 150 1934 
2688 150 348 
2688 2117 150 
2688 2370 150 
2688 49 150 
2688 128 150 
2688 150 1371 
2688 150 1273 
2688 1265 150 
2688 2354 150 
2688 150 1677 
150 1911 158 
150 158 1934 
150 348 158 
2117 150 158 
2370 150 158 
49 150 158 
128 150 158 
150 1371 158 
150 1273 158 
1265 150 158 
2354 150 158 
150 1677 158 
150 1911 1934 
150 1911 348 
2117 150 1911 
2370 150 1911 
49 150 1911 
128 150 1911 
150 1911 1371 
150 1911 1273 
1265 150 1911 
2354 150 1911 
150 1911 1677 
150 348 1934 
2117 150 1934 
2370 150 1934 
49 150 1934 
128 150 1934 
150 1371 1934 
150 1273 1934 
1265 150 1934 
2354 150 1934 
150 1677 1934 
2117 150 348 
2370 150 348 
49 150 348 
128 150 348 
150 1371 348 
150 1273 348 
1265 150 348 
2354 150 348 
150 348 1677 
2370 2117 150 
49 2117 150 
128 2117 150 
2117 150 1371 
2117 150 1273 
1265 2117 150 
2354 2117 150 
2117 150 1677 
49 2370 150 
128 2370 150 
2370 150 1371 
2370 150 1273 
1265 2370 150 
2370 2354 150 
2370 150 1677 
128 49 150 
49 150 1371 
49 150 1273 
49 1265 150 
49 2354 150 
49 150 1677 
128 150 1371 
128 150 1273 
128 1265 150 
128 2354 150 
128 150 1677 
150 1273 1371 
1265 150 1371 
2354 150 1371 
150 1371 1677 
1265 150 1273 
2354 150 1273 
150 1273 1677 
1265 2354 150 
1265 150 1677 
2354 150 1677 
4114 216 3001 
2688 216 3001 
216 3001 158 
1911 216 3001 
216 3001 1934 
216 3001 348 
2117 216 3001 
2370 216 3001 
49 216 3001 
128 216 3001 
216 3001 1371 
216 3001 1273 
1265 216 3001 
2354 216 3001 
216 3001 1677 
2688 4114 216 
4114 216 158 
4114 1911 216 
4114 216 1934 
4114 216 348 
4114 2117 216 
4114 2370 216 
49 4114 216 
128 4114 216 
4114 216 1371 
4114 216 1273 
1265 4114 216 
4114 2354 216 
4114 216 1677 
2688 216 158 
2688 1911 216 
2688 216 1934 
2688 216 348 
2688 2117 216 
2688 2370 216 
2688 49 216 
2688 128 216 
2688 216 1371 
2688 216 1273 
2688 1265 216 
2688 2354 216 
2688 216 1677 
1911 216 158 
216 158 1934 
216 348 158 
2117 216 158 
2370 216 158 
49 216 158 
128 216 158 
216 1371 158 
216 1273 158 
1265 216 158 
2354 216 158 
216 1677 158 
1911 216 1934 
1911 216 348 
2117 1911 216 
2370 1911 216 
49 1911 216 
128 1911 216 
1911 216 1371 
1911 216 1273 
1265 1911 216 
2354 1911 216 
1911 216 1677 
216 348 1934 
2117 216 1934 
2370 216 1934 
49 216 1934 
128 216 1934 
216 1371 1934 
216 1273 1934 
1265 216 1934 
2354 216 1934 
216 1677 1934 
2117 216 348 
2370 216 348 
49 216 348 
128 216 348 
216 1371 348 
216 1273 348 
1265 216 348 
2354 216 348 
216 348 1677 
2370 2117 216 
49 2117 216 
128 2117 216 
2117 216 1371 
2117 216 1273 
1265 2117 216 
2354 2117 216 
2117 216 1677 
49 2370 216 
128 2370 216 
2370 216 1371 
2370 216 1273 
1265 2370 216 
2370 2354 216 
2370 216 1677 
128 49 216 
49 216 1371 
49 216 1273 
49 1265 216 
49 2354 216 
49 216 1677 
128 216 1371 
128 216 1273 
128 1265 216 
128 2354 216 
128 216 1677 
216 1273 1371 
1265 216 1371 
2354 216 1371 
216 1371 1677 
1265 216 1273 
2354 216 1273 
216 1273 1677 
1265 2354 216 
1265 216 1677 
2354 216 1677 
2688 4114 3001 
4114 3001 158 
4114 1911 3001 
4114 3001 1934 
4114 3001 348 
4114 2117 3001 
4114 2370 3001 
49 4114 3001 
128 4114 3001 
4114 3001 1371 
4114 3001 1273 
1265 4114 3001 
4114 2354 3001 
4114 3001 1677 
2688 3001 158 
2688 1911 3001 
2688 3001 1934 
2688 3001 348 
2688 2117 3001 
2688 2370 3001 
2688 49 3001 
2688 128 3001 
2688 3001 1371 
2688 3001 1273 
2688 1265 3001 
2688 2354 3001 
2688 3001 1677 
1911 3001 158 
3001 158 1934 
3001 348 158 
2117 3001 158 
2370 3001 158 
49 3001 158 
128 3001 158 
3001 1371 158 
3001 1273 158 
1265 3001 158 
2354 3001 158 
3001 1677 158 
1911 3001 1934 
1911 3001 348 
2117 1911 3001 
2370 1911 3001 
49 1911 3001 
128 1911 3001 
1911 3001 1371 
1911 3001 1273 
1265 1911 3001 
2354 1911 3001 
1911 3001 1677 
3001 348 1934 
2117 3001 1934 
2370 3001 1934 
49 3001 1934 
128 3001 1934 
3001 1371 1934 
3001 1273 1934 
1265 3001 1934 
2354 3001 1934 
3001 1677 1934 
2117 3001 348 
2370 3001 348 
49 3001 348 
128 3001 348 
3001 1371 348 
3001 1273 348 
1265 3001 348 
2354 3001 348 
3001 348 1677 
2370 2117 3001 
49 2117 3001 
128 2117 3001 
2117 3001 1371 
2117 3001 1273 
1265 2117 3001 
2354 2117 3001 
2117 3001 1677 
49 2370 3001 
128 2370 3001 
2370 3001 1371 
2370 3001 1273 
1265 2370 3001 
2370 2354 3001 
2370 3001 1677 
128 49 3001 
49 3001 1371 
49 3001 1273 
49 1265 3001 
49 2354 3001 
49 3001 1677 
128 3001 1371 
128 3001 1273 
128 1265 3001 
128 2354 3001 
128 3001 1677 
3001 1273 1371 
1265 3001 1371 
2354 3001 1371 
3001 1371 1677 
1265 3001 1273 
2354 3001 1273 
3001 1273 1677 
1265 2354 3001 
1265 3001 1677 
2354 3001 1677 
2688 4114 158 
2688 4114 1911 
2688 4114 1934 
2688 4114 348 
2688 4114 2117 
2688 4114 2370 
2688 49 4114 
2688 128 4114 
2688 4114 1371 
2688 4114 1273 
2688 1265 4114 
2688 4114 2354 
2688 4114 1677 
4114 1911 158 
4114 158 1934 
4114 348 158 
4114 2117 158 
4114 2370 158 
49 4114 158 
128 4114 158 
4114 1371 158 
4114 1273 158 
1265 4114 158 
4114 2354 158 
4114 1677 158 
4114 1911 1934 
4114 1911 348 
4114 2117 1911 
4114 2370 1911 
49 4114 1911 
128 4114 1911 
4114 1911 1371 
4114 1911 1273 
1265 4114 1911 
4114 2354 1911 
4114 1911 1677 
4114 348 1934 
4114 2117 1934 
4114 2370 1934 
49 4114 1934 
128 4114 1934 
4114 1371 1934 
4114 1273 1934 
1265 4114 1934 
4114 2354 1934 
4114 1677 1934 
4114 2117 348 
4114 2370 348 
49 4114 348 
128 4114 348 
4114 1371 348 
4114 1273 348 
1265 4114 348 
4114 2354 348 
4114 348 1677 
4114 2370 2117 
49 4114 2117 
128 4114 2117 
4114 2117 1371 
4114 2117 1273 
1265 4114 2117 
4114 2354 2117 
4114 2117 1677 
49 4114 2370 
128 4114 2370 
4114 2370 1371 
4114 2370 1273 
1265 4114 2370 
4114 2370 2354 
4114 2370 1677 
128 49 4114 
49 4114 1371 
49 4114 1273 
49 1265 4114 
49 4114 2354 
49 4114 1677 
128 4114 1371 
128 4114 1273 
128 1265 4114 
128 4114 2354 
128 4114 1677 
4114 1273 1371 
1265 4114 1371 
4114 2354 1371 
4114 1371 1677 
1265 4114 1273 
4114 2354 1273 
4114 1273 1677 
1265 4114 2354 
1265 4114 1677 
4114 2354 1677 
2688 1911 158 
2688 158 1934 
2688 348 158 
2688 2117 158 
2688 2370 158 
2688 49 158 
2688 128 158 
2688 1371 158 
2688 1273 158 
2688 1265 158 
2688 2354 158 
2688 1677 158 
2688 1911 1934 
2688 1911 348 
2688 2117 1911 
2688 2370 1911 
2688 49 1911 
2688 128 1911 
2688 1911 1371 
2688 1911 1273 
2688 1265 1911 
2688 2354 1911 
2688 1911 1677 
2688 348 1934 
2688 2117 1934 
2688 2370 1934 
2688 49 1934 
2688 128 1934 
2688 1371 1934 
2688 1273 1934 
2688 1265 1934 
2688 2354 1934 
2688 1677 1934 
2688 2117 348 
2688 2370 348 
2688 49 348 
2688 128 348 
2688 1371 348 
2688 1273 348 
2688 1265 348 
2688 2354 348 
2688 348 1677 
2688 2370 2117 
2688 49 2117 
2688 128 2117 
2688 2117 1371 
2688 2117 1273 
2688 1265 2117 
2688 2354 2117 
2688 2117 1677 
2688 49 2370 
2688 128 2370 
2688 2370 1371 
2688 2370 1273 
2688 1265 2370 
2688 2370 2354 
2688 2370 1677 
2688 128 49 
2688 49 1371 
2688 49 1273 
2688 49 1265 
2688 49 2354 
2688 49 1677 
2688 128 1371 
2688 128 1273 
2688 128 1265 
2688 128 2354 
2688 128 1677 
2688 1273 1371 
2688 1265 1371 
2688 2354 1371 
2688 1371 1677 
2688 1265 1273 
2688 2354 1273 
2688 1273 1677 
2688 1265 2354 
2688 1265 1677 
2688 2354 1677 
1911 158 1934 
1911 348 158 
2117 1911 158 
2370 1911 158 
49 1911 158 
128 1911 158 
1911 1371 158 
1911 1273 158 
1265 1911 158 
2354 1911 158 
1911 1677 158 
348 158 1934 
2117 158 1934 
2370 158 1934 
49 158 1934 
128 158 1934 
1371 158 1934 
1273 158 1934 
1265 158 1934 
2354 158 1934 
1677 158 1934 
2117 348 158 
2370 348 158 
49 348 158 
128 348 158 
1371 348 158 
1273 348 158 
1265 348 158 
2354 348 158 
348 1677 158 
2370 2117 158 
49 2117 158 
128 2117 158 
2117 1371 158 
2117 1273 158 
1265 2117 158 
2354 2117 158 
2117 1677 158 
49 2370 158 
128 2370 158 
2370 1371 158 
2370 1273 158 
1265 2370 158 
2370 2354 158 
2370 1677 158 
128 49 158 
49 1371 158 
49 1273 158 
49 1265 158 
49 2354 158 
49 1677 158 
128 1371 158 
128 1273 158 
128 1265 158 
128 2354 158 
128 1677 158 
1273 1371 158 
1265 1371 158 
2354 1371 158 
1371 1677 158 
1265 1273 158 
2354 1273 158 
1273 1677 158 
1265 2354 158 
1265 1677 158 
2354 1677 158 
1911 348 1934 
2117 1911 1934 
2370 1911 1934 
49 1911 1934 
128 1911 1934 
1911 1371 1934 
1911 1273 1934 
1265 1911 1934 
2354 1911 1934 
1911 1677 1934 
2117 1911 348 
2370 1911 348 
49 1911 348 
128 1911 348 
1911 1371 348 
1911 1273 348 
1265 1911 348 
2354 1911 348 
1911 348 1677 
2370 2117 1911 
49 2117 1911 
128 2117 1911 
2117 1911 1371 
2117 1911 1273 
1265 2117 1911 
2354 2117 1911 
2117 1911 1677 
49 2370 1911 
128 2370 1911 
2370 1911 1371 
2370 1911 1273 
1265 2370 1911 
2370 2354 1911 
2370 1911 1677 
128 49 1911 
49 1911 1371 
49 1911 1273 
49 1265 1911 
49 2354 1911 
49 1911 1677 
128 1911 1371 
128 1911 1273 
128 1265 1911 
128 2354 1911 
128 1911 1677 
1911 1273 1371 
1265 1911 1371 
2354 1911 1371 
1911 1371 1677 
1265 1911 1273 
2354 1911 1273 
1911 1273 1677 
1265 2354 1911 
1265 1911 1677 
2354 1911 1677 
2117 348 1934 
2370 348 1934 
49 348 1934 
128 348 1934 
1371 348 1934 
1273 348 1934 
1265 348 1934 
2354 348 1934 
348 1677 1934 
2370 2117 1934 
49 2117 1934 
128 2117 1934 
2117 1371 1934 
2117 1273 1934 
1265 2117 1934 
2354 2117 1934 
2117 1677 1934 
49 2370 1934 
128 2370 1934 
2370 1371 1934 
2370 1273 1934 
1265 2370 1934 
2370 2354 1934 
2370 1677 1934 
128 49 1934 
49 1371 1934 
49 1273 1934 
49 1265 1934 
49 2354 1934 
49 1677 1934 
128 1371 1934 
128 1273 1934 
128 1265 1934 
128 2354 1934 
128 1677 1934 
1273 1371 1934 
1265 1371 1934 
2354 1371 1934 
1371 1677 1934 
1265 1273 1934 
2354 1273 1934 
1273 1677 1934 
1265 2354 1934 
1265 1677 1934 
2354 1677 1934 
2370 2117 348 
49 2117 348 
128 2117 348 
2117 1371 348 
2117 1273 348 
1265 2117 348 
2354 2117 348 
2117 348 1677 
49 2370 348 
128 2370 348 
2370 1371 348 
2370 1273 348 
1265 2370 348 
2370 2354 348 
2370 348 1677 
128 49 348 
49 1371 348 
49 1273 348 
49 1265 348 
49 2354 348 
49 348 1677 
128 1371 348 
128 1273 348 
128 1265 348 
128 2354 348 
128 348 1677 
1273 1371 348 
1265 1371 348 
2354 1371 348 
1371 348 1677 
1265 1273 348 
2354 1273 348 
1273 348 1677 
1265 2354 348 
1265 348 1677 
2354 348 1677 
49 2370 2117 
128 2370 2117 
2370 2117 1371 
2370 2117 1273 
1265 2370 2117 
2370 2354 2117 
2370 2117 1677 
128 49 2117 
49 2117 1371 
49 2117 1273 
49 1265 2117 
49 2354 2117 
49 2117 1677 
128 2117 1371 
128 2117 1273 
128 1265 2117 
128 2354 2117 
128 2117 1677 
2117 1273 1371 
1265 2117 1371 
2354 2117 1371 
2117 1371 1677 
1265 2117 1273 
2354 2117 1273 
2117 1273 1677 
1265 2354 2117 
1265 2117 1677 
2354 2117 1677 
128 49 2370 
49 2370 1371 
49 2370 1273 
49 1265 2370 
49 2370 2354 
49 2370 1677 
128 2370 1371 
128 2370 1273 
128 1265 2370 
128 2370 2354 
128 2370 1677 
2370 1273 1371 
1265 2370 1371 
2370 2354 1371 
2370 1371 1677 
1265 2370 1273 
2370 2354 1273 
2370 1273 1677 
1265 2370 2354 
1265 2370 1677 
2370 2354 1677 
128 49 1371 
128 49 1273 
128 49 1265 
128 49 2354 
128 49 1677 
49 1273 1371 
49 1265 1371 
49 2354 1371 
49 1371 1677 
49 1265 1273 
49 2354 1273 
49 1273 1677 
49 1265 2354 
49 1265 1677 
49 2354 1677 
128 1273 1371 
128 1265 1371 
128 2354 1371 
128 1371 1677 
128 1265 1273 
128 2354 1273 
128 1273 1677 
128 1265 2354 
128 1265 1677 
128 2354 1677 
1265 1273 1371 
2354 1273 1371 
1273 1371 1677 
1265 2354 1371 
1265 1371 1677 
2354 1371 1677 
1265 2354 1273 
1265 1273 1677 
2354 1273 1677 
1265 2354 1677 
150 1371 158 1934 
1273 1371 158 1934 
1371 348 158 1934 
1371 1677 158 1934 
2730 1371 158 1934 
2354 1371 158 1934 
1911 1371 158 1934 
4114 1371 158 1934 
216 1371 158 1934 
2688 1371 158 1934 
150 1273 158 1934 
150 348 158 1934 
150 1677 158 1934 
150 2730 158 1934 
2354 150 158 1934 
150 1911 158 1934 
4114 150 158 1934 
150 216 158 1934 
2688 150 158 1934 
1273 348 158 1934 
1273 1677 158 1934 
1273 2730 158 1934 
2354 1273 158 1934 
1911 1273 158 1934 
4114 1273 158 1934 
216 1273 158 1934 
2688 1273 158 1934 
348 1677 158 1934 
2730 348 158 1934 
2354 348 158 1934 
1911 348 158 1934 
4114 348 158 1934 
216 348 158 1934 
2688 348 158 1934 
2730 1677 158 1934 
2354 1677 158 1934 
1911 1677 158 1934 
4114 1677 158 1934 
216 1677 158 1934 
2688 1677 158 1934 
2354 2730 158 1934 
1911 2730 158 1934 
4114 2730 158 1934 
216 2730 158 1934 
2688 2730 158 1934 
2354 1911 158 1934 
2354 4114 158 1934 
2354 216 158 1934 
2688 2354 158 1934 
4114 1911 158 1934 
1911 216 158 1934 
2688 1911 158 1934 
4114 216 158 1934 
2688 4114 158 1934 
2688 216 158 1934 
150 1273 1371 158 
150 1371 348 158 
150 1371 1677 158 
150 2730 1371 158 
2354 150 1371 158 
150 1911 1371 158 
4114 150 1371 158 
150 216 1371 158 
2688 150 1371 158 
1273 1371 348 158 
1273 1371 1677 158 
1273 2730 1371 158 
2354 1273 1371 158 
1911 1273 1371 158 
4114 1273 1371 158 
216 1273 1371 158 
2688 1273 1371 158 
1371 348 1677 158 
2730 1371 348 158 
2354 1371 348 158 
1911 1371 348 158 
4114 1371 348 158 
216 1371 348 158 
2688 1371 348 158 
2730 1371 1677 158 
2354 1371 1677 158 
1911 1371 1677 158 
4114 1371 1677 158 
216 1371 1677 158 
2688 1371 1677 158 
2354 2730 1371 158 
1911 2730 1371 158 
4114 2730 1371 158 
216 2730 1371 158 
2688 2730 1371 158 
2354 1911 1371 158 
2354 4114 1371 158 
2354 216 1371 158 
2688 2354 1371 158 
4114 1911 1371 158 
1911 216 1371 158 
2688 1911 1371 158 
4114 216 1371 158 
2688 4114 1371 158 
2688 216 1371 158 
150 1273 348 158 
150 1273 1677 158 
150 1273 2730 158 
2354 150 1273 158 
150 1911 1273 158 
4114 150 1273 158 
150 216 1273 158 
2688 150 1273 158 
150 348 1677 158 
150 2730 348 158 
2354 150 348 158 
150 1911 348 158 
4114 150 348 158 
150 216 348 158 
2688 150 348 158 
150 2730 1677 158 
2354 150 1677 158 
150 1911 1677 158 
4114 150 1677 158 
150 216 1677 158 
2688 150 1677 158 
2354 150 2730 158 
150 1911 2730 158 
4114 150 2730 158 
150 216 2730 158 
2688 150 2730 158 
2354 150 1911 158 
2354 4114 150 158 
2354 150 216 158 
2688 2354 150 158 
4114 150 1911 158 
150 1911 216 158 
2688 150 1911 158 
4114 150 216 158 
2688 4114 150 158 
2688 150 216 158 
1273 348 1677 158 
1273 2730 348 158 
2354 1273 348 158 
1911 1273 348 158 
4114 1273 348 158 
216 1273 348 158 
2688 1273 348 158 
1273 2730 1677 158 
2354 1273 1677 158 
1911 1273 1677 158 
4114 1273 1677 158 
216 1273 1677 158 
2688 1273 1677 158 
2354 1273 2730 158 
1911 1273 2730 158 
4114 1273 2730 158 
216 1273 2730 158 
2688 1273 2730 158 
2354 1911 1273 158 
2354 4114 1273 158 
2354 216 1273 158 
2688 2354 1273 158 
4114 1911 1273 158 
1911 216 1273 158 
2688 1911 1273 158 
4114 216 1273 158 
2688 4114 1273 158 
2688 216 1273 158 
2730 348 1677 158 
2354 348 1677 158 
1911 348 1677 158 
4114 348 1677 158 
216 348 1677 158 
2688 348 1677 158 
2354 2730 348 158 
1911 2730 348 158 
4114 2730 348 158 
216 2730 348 158 
2688 2730 348 158 
2354 1911 348 158 
2354 4114 348 158 
2354 216 348 158 
2688 2354 348 158 
4114 1911 348 158 
1911 216 348 158 
2688 1911 348 158 
4114 216 348 158 
2688 4114 348 158 
2688 216 348 158 
2354 2730 1677 158 
1911 2730 1677 158 
4114 2730 1677 158 
216 2730 1677 158 
2688 2730 1677 158 
2354 1911 1677 158 
2354 4114 1677 158 
2354 216 1677 158 
2688 2354 1677 158 
4114 1911 1677 158 
1911 216 1677 158 
2688 1911 1677 158 
4114 216 1677 158 
2688 4114 1677 158 
2688 216 1677 158 
2354 1911 2730 158 
2354 4114 2730 158 
2354 216 2730 158 
2688 2354 2730 158 
4114 1911 2730 158 
1911 216 2730 158 
2688 1911 2730 158 
4114 216 2730 158 
2688 4114 2730 158 
2688 216 2730 158 
2354 4114 1911 158 
2354 1911 216 158 
2688 2354 1911 158 
2354 4114 216 158 
2688 2354 4114 158 
2688 2354 216 158 
4114 1911 216 158 
2688 4114 1911 158 
2688 1911 216 158 
2688 4114 216 158 
150 1273 1371 1934 
150 1371 348 1934 
150 1371 1677 1934 
150 2730 1371 1934 
2354 150 1371 1934 
150 1911 1371 1934 
4114 150 1371 1934 
150 216 1371 1934 
2688 150 1371 1934 
1273 1371 348 1934 
1273 1371 1677 1934 
1273 2730 1371 1934 
2354 1273 1371 1934 
1911 1273 1371 1934 
4114 1273 1371 1934 
216 1273 1371 1934 
2688 1273 1371 1934 
1371 348 1677 1934 
2730 1371 348 1934 
2354 1371 348 1934 
1911 1371 348 1934 
4114 1371 348 1934 
216 1371 348 1934 
2688 1371 348 1934 
2730 1371 1677 1934 
2354 1371 1677 1934 
1911 1371 1677 1934 
4114 1371 1677 1934 
216 1371 1677 1934 
2688 1371 1677 1934 
2354 2730 1371 1934 
1911 2730 1371 1934 
4114 2730 1371 1934 
216 2730 1371 1934 
2688 2730 1371 1934 
2354 1911 1371 1934 
2354 4114 1371 1934 
2354 216 1371 1934 
2688 2354 1371 1934 
4114 1911 1371 1934 
1911 216 1371 1934 
2688 1911 1371 1934 
4114 216 1371 1934 
2688 4114 1371 1934 
2688 216 1371 1934 
150 1273 348 1934 
150 1273 1677 1934 
150 1273 2730 1934 
2354 150 1273 1934 
150 1911 1273 1934 
4114 150 1273 1934 
150 216 1273 1934 
2688 150 1273 1934 
150 348 1677 1934 
150 2730 348 1934 
2354 150 348 1934 
150 1911 348 1934 
4114 150 348 1934 
150 216 348 1934 
2688 150 348 1934 
150 2730 1677 1934 
2354 150 1677 1934 
150 1911 1677 1934 
4114 150 1677 1934 
150 216 1677 1934 
2688 150 1677 1934 
2354 150 2730 1934 
150 1911 2730 1934 
4114 150 2730 1934 
150 216 2730 1934 
2688 150 2730 1934 
2354 150 1911 1934 
2354 4114 150 1934 
2354 150 216 1934 
2688 2354 150 1934 
4114 150 1911 1934 
150 1911 216 1934 
2688 150 1911 1934 
4114 150 216 1934 
2688 4114 150 1934 
2688 150 216 1934 
1273 348 1677 1934 
1273 2730 348 1934 
2354 1273 348 1934 
1911 1273 348 1934 
4114 1273 348 1934 
216 1273 348 1934 
2688 1273 348 1934 
1273 2730 1677 1934 
2354 1273 1677 1934 
1911 1273 1677 1934 
4114 1273 1677 1934 
216 1273 1677 1934 
2688 1273 1677 1934 
2354 1273 2730 1934 
1911 1273 2730 1934 
4114 1273 2730 1934 
216 1273 2730 1934 
2688 1273 2730 1934 
2354 1911 1273 1934 
2354 4114 1273 1934 
2354 216 1273 1934 
2688 2354 1273 1934 
4114 1911 1273 1934 
1911 216 1273 1934 
2688 1911 1273 1934 
4114 216 1273 1934 
2688 4114 1273 1934 
2688 216 1273 1934 
2730 348 1677 1934 
2354 348 1677 1934 
1911 348 1677 1934 
4114 348 1677 1934 
216 348 1677 1934 
2688 348 1677 1934 
2354 2730 348 1934 
1911 2730 348 1934 
4114 2730 348 1934 
216 2730 348 1934 
2688 2730 348 1934 
2354 1911 348 1934 
2354 4114 348 1934 
2354 216 348 1934 
2688 2354 348 1934 
4114 1911 348 1934 
1911 216 348 1934 
2688 1911 348 1934 
4114 216 348 1934 
2688 4114 348 1934 
2688 216 348 1934 
2354 2730 1677 1934 
1911 2730 1677 1934 
4114 2730 1677 1934 
216 2730 1677 1934 
2688 2730 1677 1934 
2354 1911 1677 1934 
2354 4114 1677 1934 
2354 216 1677 1934 
2688 2354 1677 1934 
4114 1911 1677 1934 
1911 216 1677 1934 
2688 1911 1677 1934 
4114 216 1677 1934 
2688 4114 1677 1934 
2688 216 1677 1934 
2354 1911 2730 1934 
2354 4114 2730 1934 
2354 216 2730 1934 
2688 2354 2730 1934 
4114 1911 2730 1934 
1911 216 2730 1934 
2688 1911 2730 1934 
4114 216 2730 1934 
2688 4114 2730 1934 
2688 216 2730 1934 
2354 4114 1911 1934 
2354 1911 216 1934 
2688 2354 1911 1934 
2354 4114 216 1934 
2688 2354 4114 1934 
2688 2354 216 1934 
4114 1911 216 1934 
2688 4114 1911 1934 
2688 1911 216 1934 
2688 4114 216 1934 
150 1273 1371 348 
150 1273 1371 1677 
150 1273 2730 1371 
2354 150 1273 1371 
150 1911 1273 1371 
4114 150 1273 1371 
150 216 1273 1371 
2688 150 1273 1371 
150 1371 348 1677 
150 2730 1371 348 
2354 150 1371 348 
150 1911 1371 348 
4114 150 1371 348 
150 216 1371 348 
2688 150 1371 348 
150 2730 1371 1677 
2354 150 1371 1677 
150 1911 1371 1677 
4114 150 1371 1677 
150 216 1371 1677 
2688 150 1371 1677 
2354 150 2730 1371 
150 1911 2730 1371 
4114 150 2730 1371 
150 216 2730 1371 
2688 150 2730 1371 
2354 150 1911 1371 
2354 4114 150 1371 
2354 150 216 1371 
2688 2354 150 1371 
4114 150 1911 1371 
150 1911 216 1371 
2688 150 1911 1371 
4114 150 216 1371 
2688 4114 150 1371 
2688 150 216 1371 
1273 1371 348 1677 
1273 2730 1371 348 
2354 1273 1371 348 
1911 1273 1371 348 
4114 1273 1371 348 
216 1273 1371 348 
2688 1273 1371 348 
1273 2730 1371 1677 
2354 1273 1371 1677 
1911 1273 1371 1677 
4114 1273 1371 1677 
216 1273 1371 1677 
2688 1273 1371 1677 
2354 1273 2730 1371 
1911 1273 2730 1371 
4114 1273 2730 1371 
216 1273 2730 1371 
2688 1273 2730 1371 
2354 1911 1273 1371 
2354 4114 1273 1371 
2354 216 1273 1371 
2688 2354 1273 1371 
4114 1911 1273 1371 
1911 216 1273 1371 
2688 1911 1273 1371 
4114 216 1273 1371 
2688 4114 1273 1371 
2688 216 1273 1371 
2730 1371 348 1677 
2354 1371 348 1677 
1911 1371 348 1677 
4114 1371 348 1677 
216 1371 348 1677 
2688 1371 348 1677 
2354 2730 1371 348 
1911 2730 1371 348 
4114 2730 1371 348 
216 2730 1371 348 
2688 2730 1371 348 
2354 1911 1371 348 
2354 4114 1371 348 
2354 216 1371 348 
2688 2354 1371 348 
4114 1911 1371 348 
1911 216 1371 348 
2688 1911 1371 348 
4114 216 1371 348 
2688 4114 1371 348 
2688 216 1371 348 
2354 2730 1371 1677 
1911 2730 1371 1677 
4114 2730 1371 1677 
216 2730 1371 1677 
2688 2730 1371 1677 
2354 1911 1371 1677 
2354 4114 1371 1677 
2354 216 1371 1677 
2688 2354 1371 1677 
4114 1911 1371 1677 
1911 216 1371 1677 
2688 1911 1371 1677 
4114 216 1371 1677 
2688 4114 1371 1677 
2688 216 1371 1677 
2354 1911 2730 1371 
2354 4114 2730 1371 
2354 216 2730 1371 
2688 2354 2730 1371 
4114 1911 2730 1371 
1911 216 2730 1371 
2688 1911 2730 1371 
4114 216 2730 1371 
2688 4114 2730 1371 
2688 216 2730 1371 
2354 4114 1911 1371 
2354 1911 216 1371 
2688 2354 1911 1371 
2354 4114 216 1371 
2688 2354 4114 1371 
2688 2354 216 1371 
4114 1911 216 1371 
2688 4114 1911 1371 
2688 1911 216 1371 
2688 4114 216 1371 
150 1273 348 1677 
150 1273 2730 348 
2354 150 1273 348 
150 1911 1273 348 
4114 150 1273 348 
150 216 1273 348 
2688 150 1273 348 
150 1273 2730 1677 
2354 150 1273 1677 
150 1911 1273 1677 
4114 150 1273 1677 
150 216 1273 1677 
2688 150 1273 1677 
2354 150 1273 2730 
150 1911 1273 2730 
4114 150 1273 2730 
150 216 1273 2730 
2688 150 1273 2730 
2354 150 1911 1273 
2354 4114 150 1273 
2354 150 216 1273 
2688 2354 150 1273 
4114 150 1911 1273 
150 1911 216 1273 
2688 150 1911 1273 
4114 150 216 1273 
2688 4114 150 1273 
2688 150 216 1273 
150 2730 348 1677 
2354 150 348 1677 
150 1911 348 1677 
4114 150 348 1677 
150 216 348 1677 
2688 150 348 1677 
2354 150 2730 348 
150 1911 2730 348 
4114 150 2730 348 
150 216 2730 348 
2688 150 2730 348 
2354 150 1911 348 
2354 4114 150 348 
2354 150 216 348 
2688 2354 150 348 
4114 150 1911 348 
150 1911 216 348 
2688 150 1911 348 
4114 150 216 348 
2688 4114 150 348 
2688 150 216 348 
2354 150 2730 1677 
150 1911 2730 1677 
4114 150 2730 1677 
150 216 2730 1677 
2688 150 2730 1677 
2354 150 1911 1677 
2354 4114 150 1677 
2354 150 216 1677 
2688 2354 150 1677 
4114 150 1911 1677 
150 1911 216 1677 
2688 150 1911 1677 
4114 150 216 1677 
2688 4114 150 1677 
2688 150 216 1677 
2354 150 1911 2730 
2354 4114 150 2730 
2354 150 216 2730 
2688 2354 150 2730 
4114 150 1911 2730 
150 1911 216 2730 
2688 150 1911 2730 
4114 150 216 2730 
2688 4114 150 2730 
2688 150 216 2730 
2354 4114 150 1911 
2354 150 1911 216 
2688 2354 150 1911 
2354 4114 150 216 
2688 2354 4114 150 
2688 2354 150 216 
4114 150 1911 216 
2688 4114 150 1911 
2688 150 1911 216 
2688 4114 150 216 
1273 2730 348 1677 
2354 1273 348 1677 
1911 1273 348 1677 
4114 1273 348 1677 
216 1273 348 1677 
2688 1273 348 1677 
2354 1273 2730 348 
1911 1273 2730 348 
4114 1273 2730 348 
216 1273 2730 348 
2688 1273 2730 348 
2354 1911 1273 348 
2354 4114 1273 348 
2354 216 1273 348 
2688 2354 1273 348 
4114 1911 1273 348 
1911 216 1273 348 
2688 1911 1273 348 
4114 216 1273 348 
2688 4114 1273 348 
2688 216 1273 348 
2354 1273 2730 1677 
1911 1273 2730 1677 
4114 1273 2730 1677 
216 1273 2730 1677 
2688 1273 2730 1677 
2354 1911 1273 1677 
2354 4114 1273 1677 
2354 216 1273 1677 
2688 2354 1273 1677 
4114 1911 1273 1677 
1911 216 1273 1677 
2688 1911 1273 1677 
4114 216 1273 1677 
2688 4114 1273 1677 
2688 216 1273 1677 
2354 1911 1273 2730 
2354 4114 1273 2730 
2354 216 1273 2730 
2688 2354 1273 2730 
4114 1911 1273 2730 
1911 216 1273 2730 
2688 1911 1273 2730 
4114 216 1273 2730 
2688 4114 1273 2730 
2688 216 1273 2730 
2354 4114 1911 1273 
2354 1911 216 1273 
2688 2354 1911 1273 
2354 4114 216 1273 
2688 2354 4114 1273 
2688 2354 216 1273 
4114 1911 216 1273 
2688 4114 1911 1273 
2688 1911 216 1273 
2688 4114 216 1273 
2354 2730 348 1677 
1911 2730 348 1677 
4114 2730 348 1677 
216 2730 348 1677 
2688 2730 348 1677 
2354 1911 348 1677 
2354 4114 348 1677 
2354 216 348 1677 
2688 2354 348 1677 
4114 1911 348 1677 
1911 216 348 1677 
2688 1911 348 1677 
4114 216 348 1677 
2688 4114 348 1677 
2688 216 348 1677 
2354 1911 2730 348 
2354 4114 2730 348 
2354 216 2730 348 
2688 2354 2730 348 
4114 1911 2730 348 
1911 216 2730 348 
2688 1911 2730 348 
4114 216 2730 348 
2688 4114 2730 348 
2688 216 2730 348 
2354 4114 1911 348 
2354 1911 216 348 
2688 2354 1911 348 
2354 4114 216 348 
2688 2354 4114 348 
2688 2354 216 348 
4114 1911 216 348 
2688 4114 1911 348 
2688 1911 216 348 
2688 4114 216 348 
2354 1911 2730 1677 
2354 4114 2730 1677 
2354 216 2730 1677 
2688 2354 2730 1677 
4114 1911 2730 1677 
1911 216 2730 1677 
2688 1911 2730 1677 
4114 216 2730 1677 
2688 4114 2730 1677 
2688 216 2730 1677 
2354 4114 1911 1677 
2354 1911 216 1677 
2688 2354 1911 1677 
2354 4114 216 1677 
2688 2354 4114 1677 
2688 2354 216 1677 
4114 1911 216 1677 
2688 4114 1911 1677 
2688 1911 216 1677 
2688 4114 216 1677 
2354 4114 1911 2730 
2354 1911 216 2730 
2688 2354 1911 2730 
2354 4114 216 2730 
2688 2354 4114 2730 
2688 2354 216 2730 
4114 1911 216 2730 
2688 4114 1911 2730 
2688 1911 216 2730 
2688 4114 216 2730 
2354 4114 1911 216 
2688 2354 4114 1911 
2688 2354 1911 216 
2688 2354 4114 216 
2688 4114 1911 216 
